{'starts': [10020, 5918, 6376, 13221, 9329, 10652, 14977, 4606, 9839, 10200, 17884, 5396], 'targets': [8461, 11009, 12730, 12891, 19491], 'dests': [10235, 11942, 7064, 4445, 3665, 11957, 15001, 14127, 16553, 5859, 6043, 20172], 'clusters': array([2, 0, 1, 1, 1]), 'grids': array([[1., 1., 1., ..., 1., 1., 1.],
       [1., 1., 1., ..., 1., 1., 1.],
       [1., 1., 1., ..., 1., 1., 1.],
       ...,
       [1., 1., 1., ..., 1., 1., 1.],
       [1., 1., 1., ..., 1., 1., 1.],
       [1., 1., 1., ..., 1., 1., 1.]]), 'ac_dict': {8461: {0, 1}, 11009: {1, 2}, 12730: {2, 3}, 12891: {3, 4}, 19491: {4, 5}, 10235: {0}, 11942: {1}, 7064: {2}, 4445: {3}, 3665: {4}, 11957: {5}, 15001: {6}, 14127: {7}, 16553: {8}, 5859: {9}, 6043: {10}, 20172: {11}}, 'eps': 0.0, 'spMat': array([[  0.,  81., 106.,  59.,  51.,  20.,  96., 105.,  20.,  21., 123.,
        120., 136.,  23.,  61.,  63., 146., 155.,  34.,  62., 105.,  80.,
         19.,  72., 153., 150., 140., 117., 117.],
       [ 81.,   0.,  31.,  58.,  32.,  65.,  89.,  24.,  63.,  98., 116.,
         39.,  65., 100.,  54.,  56., 139.,  84.,  67.,  19.,  26.,  29.,
         82.,  67., 110., 123.,  59.,  38., 112.],
       [106.,  31.,   0.,  83.,  57.,  90., 114.,  23.,  88., 123., 133.,
         14.,  34., 125.,  79.,  81., 130.,  53.,  92.,  44.,  25.,  60.,
        107.,  92.,  79.,  92.,  34.,  11., 137.],
       [ 59.,  58.,  83.,   0.,  28.,  39.,  37.,  82.,  41.,  76.,  64.,
         97., 113.,  70.,   8.,   8.,  87., 122.,  25.,  39.,  82.,  61.,
         40.,  13.,  94.,  91., 117.,  94.,  58.],
       [ 51.,  32.,  57.,  28.,   0.,  35.,  57.,  56.,  33.,  68.,  86.,
         71.,  87.,  70.,  22.,  24., 109., 106.,  37.,  17.,  58.,  41.,
         52.,  37., 116., 113.,  91.,  68.,  82.],
       [ 20.,  65.,  90.,  39.,  35.,   0.,  76.,  89.,   8.,  37., 103.,
        104., 120.,  35.,  41.,  43., 126., 139.,  14.,  46.,  89.,  64.,
         17.,  52., 133., 130., 124., 101.,  97.],
       [ 96.,  89., 114.,  37.,  57.,  76.,   0., 113.,  78., 113.,  73.,
        128., 144., 107.,  35.,  33.,  96., 131.,  62.,  74., 115.,  98.,
         77.,  24., 103., 100., 148., 125.,  69.],
       [105.,  24.,  23.,  82.,  56.,  89., 113.,   0.,  87., 122., 140.,
         25.,  57., 124.,  78.,  80., 153.,  76.,  91.,  43.,   2.,  37.,
        106.,  91., 102., 115.,  51.,  30., 136.],
       [ 20.,  63.,  88.,  41.,  33.,   8.,  78.,  87.,   0.,  41., 105.,
        102., 118.,  43.,  43.,  45., 128., 137.,  16.,  44.,  87.,  62.,
         25.,  54., 135., 132., 122.,  99.,  99.],
       [ 21.,  98., 123.,  76.,  68.,  37., 113., 122.,  41.,   0., 140.,
        137., 153.,   6.,  78.,  80., 163., 172.,  51.,  79., 122.,  97.,
         36.,  89., 170., 167., 157., 134., 134.],
       [123., 116., 133.,  64.,  86., 103.,  73., 140., 105., 140.,   0.,
        131.,  99., 134.,  66.,  66.,  23.,  82.,  89., 101., 142., 125.,
        104.,  51.,  54.,  43., 111., 126.,  34.],
       [120.,  39.,  14.,  97.,  71., 104., 128.,  25., 102., 137., 131.,
          0.,  32., 139.,  93.,  95., 128.,  51., 106.,  58.,  27.,  62.,
        121., 106.,  77.,  90.,  26.,   5., 151.],
       [136.,  65.,  34., 113.,  87., 120., 144.,  57., 118., 153.,  99.,
         32.,   0., 155., 109., 111.,  96.,  19., 122.,  74.,  59.,  94.,
        137., 122.,  45.,  58.,  26.,  27., 133.],
       [ 23., 100., 125.,  70.,  70.,  35., 107., 124.,  43.,   6., 134.,
        139., 155.,   0.,  72.,  74., 157., 174.,  45.,  81., 124.,  99.,
         30.,  83., 164., 161., 159., 136., 128.],
       [ 61.,  54.,  79.,   8.,  22.,  41.,  35.,  78.,  43.,  78.,  66.,
         93., 109.,  72.,   0.,   2.,  89., 124.,  27.,  39.,  80.,  63.,
         42.,  17.,  96.,  93., 113.,  90.,  62.],
       [ 63.,  56.,  81.,   8.,  24.,  43.,  33.,  80.,  45.,  80.,  66.,
         95., 111.,  74.,   2.,   0.,  89., 124.,  29.,  41.,  82.,  65.,
         44.,  17.,  96.,  93., 115.,  92.,  62.],
       [146., 139., 130.,  87., 109., 126.,  96., 153., 128., 163.,  23.,
        128.,  96., 157.,  89.,  89.,   0.,  79., 112., 124., 155., 148.,
        127.,  74.,  51.,  40., 108., 123.,  37.],
       [155.,  84.,  53., 122., 106., 139., 131.,  76., 137., 172.,  82.,
         51.,  19., 174., 124., 124.,  79.,   0., 141.,  93.,  78., 113.,
        156., 109.,  28.,  39.,  29.,  46., 116.],
       [ 34.,  67.,  92.,  25.,  37.,  14.,  62.,  91.,  16.,  51.,  89.,
        106., 122.,  45.,  27.,  29., 112., 141.,   0.,  48.,  91.,  66.,
         15.,  38., 119., 116., 126., 103.,  83.],
       [ 62.,  19.,  44.,  39.,  17.,  46.,  74.,  43.,  44.,  79., 101.,
         58.,  74.,  81.,  39.,  41., 124.,  93.,  48.,   0.,  43.,  24.,
         63.,  50., 119., 128.,  78.,  55.,  95.],
       [105.,  26.,  25.,  82.,  58.,  89., 115.,   2.,  87., 122., 142.,
         27.,  59., 124.,  80.,  82., 155.,  78.,  91.,  43.,   0.,  35.,
        106.,  91., 104., 117.,  53.,  32., 136.],
       [ 80.,  29.,  60.,  61.,  41.,  64.,  98.,  37.,  62.,  97., 125.,
         62.,  94.,  99.,  63.,  65., 148., 113.,  66.,  24.,  35.,   0.,
         81.,  74., 139., 152.,  88.,  67., 119.],
       [ 19.,  82., 107.,  40.,  52.,  17.,  77., 106.,  25.,  36., 104.,
        121., 137.,  30.,  42.,  44., 127., 156.,  15.,  63., 106.,  81.,
          0.,  53., 134., 131., 141., 118.,  98.],
       [ 72.,  67.,  92.,  13.,  37.,  52.,  24.,  91.,  54.,  89.,  51.,
        106., 122.,  83.,  17.,  17.,  74., 109.,  38.,  50.,  91.,  74.,
         53.,   0.,  81.,  78., 126., 103.,  45.],
       [153., 110.,  79.,  94., 116., 133., 103., 102., 135., 170.,  54.,
         77.,  45., 164.,  96.,  96.,  51.,  28., 119., 119., 104., 139.,
        134.,  81.,   0.,  19.,  57.,  72.,  88.],
       [150., 123.,  92.,  91., 113., 130., 100., 115., 132., 167.,  43.,
         90.,  58., 161.,  93.,  93.,  40.,  39., 116., 128., 117., 152.,
        131.,  78.,  19.,   0.,  68.,  85.,  77.],
       [140.,  59.,  34., 117.,  91., 124., 148.,  51., 122., 157., 111.,
         26.,  26., 159., 113., 115., 108.,  29., 126.,  78.,  53.,  88.,
        141., 126.,  57.,  68.,   0.,  23., 145.],
       [117.,  38.,  11.,  94.,  68., 101., 125.,  30.,  99., 134., 126.,
          5.,  27., 136.,  90.,  92., 123.,  46., 103.,  55.,  32.,  67.,
        118., 103.,  72.,  85.,  23.,   0., 148.],
       [117., 112., 137.,  58.,  82.,  97.,  69., 136.,  99., 134.,  34.,
        151., 133., 128.,  62.,  62.,  37., 116.,  83.,  95., 136., 119.,
         98.,  45.,  88.,  77., 145., 148.,   0.]]), 'is_heuristic': True, 'total_time': 6.478057384490967, 'ntsp': 1.6424059379496612, 'cost': 1184.0, 'agent_paths': {0: [(138, 61), (137, 61), (136, 61), (135, 61), (134, 61), (133, 61), (132, 61), (131, 61), (130, 61), (129, 61), (128, 61), (127, 61), (126, 61), (125, 61), (124, 61), (123, 61), (122, 61), (121, 61), (120, 61), (119, 61), (118, 61), (117, 61), (116, 61), (115, 61), (115, 62), (114, 62), (113, 62), (112, 62), (112, 63), (111, 63), (110, 63), (109, 63), (108, 63), (107, 63), (106, 63), (105, 63), (104, 63), (103, 63), (102, 63), (101, 63), (100, 63), (99, 63), (98, 63), (97, 63), (97, 62), (97, 61), (97, 60), (97, 59), (97, 58), (97, 57), (97, 56), (97, 55), (97, 54), (97, 53), (97, 52), (97, 51), (97, 50), (97, 49), (97, 48), (97, 47), (97, 46), (96, 46), (96, 45), (96, 44), (96, 43), (96, 42), (96, 41), (95, 41), (94, 41), (93, 41), (92, 41), (91, 41), (90, 41), (89, 41), (88, 41), (87, 41), (86, 41), (85, 41), (84, 41), (83, 41), (82, 41), (81, 41), (80, 41), (79, 41), (78, 41), (77, 41), (76, 41), (75, 41), (74, 41), (73, 41), (72, 41), (71, 41), (70, 41), (69, 41), (68, 41), (67, 41), (66, 41), (65, 41), (64, 41), (63, 41), (62, 41), (61, 41), (60, 41), (59, 41), (58, 41), (57, 41), (56, 41), (55, 41), (54, 41), (53, 41), (52, 41), (51, 41), (50, 41), (49, 41), (48, 41), (47, 41), (46, 41), (45, 41), (44, 41), (43, 41), (42, 41), (41, 41), (40, 41), (39, 41), (38, 41), (37, 41), (37, 42), (37, 43), (37, 44), (37, 45), (37, 46), (37, 47), (37, 48), (37, 49), (37, 50), (37, 51), (37, 52), (36, 52), (35, 52), (34, 52), (33, 52), (32, 52), (31, 52), (30, 52), (29, 52), (29, 53), (29, 54), (29, 55), (29, 56), (29, 57), (29, 58), (29, 59), (29, 60), (29, 61), (29, 62), (29, 63), (29, 63)], 1: [(86, 36), (87, 36), (88, 36), (89, 36), (90, 36), (91, 36), (92, 36), (93, 36), (94, 36), (95, 36), (96, 36), (97, 36), (98, 36), (99, 36), (100, 36), (101, 36), (101, 37), (101, 38), (101, 39), (101, 40), (101, 41), (101, 42), (101, 43), (101, 44), (101, 45), (101, 46), (101, 47), (101, 48), (101, 49), (102, 49), (102, 50), (102, 51), (102, 52), (102, 53), (102, 54), (102, 55), (102, 56), (102, 57), (102, 58), (102, 59), (103, 59), (104, 59), (105, 59), (106, 59), (107, 59), (107, 60), (108, 60), (108, 61), (108, 62), (109, 62), (109, 63), (110, 63), (111, 63), (112, 63), (113, 63), (114, 63), (115, 63), (116, 63), (117, 63), (118, 63), (119, 63), (120, 63), (121, 63), (122, 63), (123, 63), (124, 63), (125, 63), (126, 63), (127, 63), (128, 63), (129, 63), (130, 63), (131, 63), (132, 63), (133, 63), (134, 63), (135, 63), (136, 63), (137, 63), (138, 63), (139, 63), (140, 63), (141, 63), (142, 63), (143, 63), (144, 63), (145, 63), (146, 63), (147, 63), (148, 63), (149, 63), (150, 63), (151, 63), (152, 63), (153, 63), (154, 63), (155, 63), (155, 64), (155, 65), (155, 66), (155, 67), (154, 67), (153, 67), (152, 67), (151, 67), (150, 67), (149, 67), (148, 67), (147, 67), (146, 67), (145, 67), (144, 67), (143, 67), (142, 67), (141, 67), (140, 67), (139, 67), (138, 67), (137, 67), (136, 67), (135, 67), (134, 67), (133, 67), (132, 67), (131, 67), (130, 67), (129, 67), (128, 67), (127, 67), (126, 67), (125, 67), (124, 67), (123, 67), (122, 67), (121, 67), (120, 67), (119, 67), (118, 67), (117, 67), (116, 67), (116, 68), (116, 69), (116, 70), (116, 71), (116, 72), (116, 73), (116, 73)], 2: [(58, 39), (59, 39), (60, 39), (61, 39), (62, 39), (63, 39), (64, 39), (65, 39), (66, 39), (67, 39), (68, 39), (69, 39), (70, 39), (71, 39), (72, 39), (73, 39), (74, 39), (75, 39), (76, 39), (77, 39), (78, 39), (79, 39), (80, 39), (81, 39), (82, 39), (83, 39), (84, 39), (85, 39), (86, 39), (87, 39), (88, 39), (89, 39), (90, 39), (91, 39), (92, 39), (93, 39), (94, 39), (95, 39), (96, 39), (97, 39), (98, 39), (98, 40), (98, 41), (98, 42), (98, 43), (98, 43)], 3: [(99, 81), (98, 81), (97, 81), (96, 81), (95, 81), (94, 81), (94, 80), (94, 79), (94, 78), (94, 77), (94, 76), (94, 75), (94, 74), (94, 73), (94, 72), (94, 71), (94, 70), (94, 69), (94, 68), (94, 67), (94, 66), (94, 65), (94, 64), (94, 63), (94, 62), (94, 61), (94, 60), (94, 59), (94, 58), (94, 57), (94, 56), (94, 55), (94, 54), (94, 53), (94, 52), (94, 51), (94, 50), (94, 49), (94, 48), (94, 47), (94, 46), (94, 45), (95, 45), (96, 45), (96, 44), (96, 43), (96, 42), (96, 41), (95, 41), (94, 41), (94, 40), (93, 40), (92, 40), (91, 40), (90, 40), (89, 40), (88, 40), (87, 40), (86, 40), (85, 40), (84, 40), (83, 40), (82, 40), (81, 40), (80, 40), (79, 40), (78, 40), (77, 40), (76, 40), (75, 40), (74, 40), (73, 40), (72, 40), (71, 40), (71, 39), (71, 38), (71, 37), (71, 36), (71, 35), (70, 35), (70, 34), (70, 33), (70, 32), (70, 31), (70, 30), (70, 29), (70, 28), (70, 27), (71, 27), (71, 27)], 4: [(95, 57), (95, 56), (95, 55), (95, 54), (95, 53), (95, 52), (95, 51), (95, 50), (95, 49), (95, 48), (95, 47), (95, 46), (95, 45), (96, 45), (96, 44), (96, 43), (96, 42), (96, 41), (96, 40), (96, 39), (96, 38), (96, 37), (96, 36), (96, 35), (97, 35), (97, 34), (97, 33), (97, 32), (97, 31), (97, 30), (97, 29), (97, 28), (97, 27), (97, 26), (97, 25), (97, 24), (97, 23), (97, 22), (98, 22), (99, 22), (100, 22), (101, 22), (101, 22)], 5: [(122, 65), (123, 65), (124, 65), (125, 65), (126, 65), (127, 65), (128, 65), (129, 65), (130, 65), (131, 65), (131, 66), (131, 67), (131, 68), (131, 69), (131, 70), (131, 71), (131, 72), (131, 73), (131, 73)], 6: [(73, 92), (74, 92), (75, 92), (76, 92), (77, 92), (78, 92), (79, 92), (80, 92), (81, 92), (82, 92), (83, 92), (84, 92), (85, 92), (86, 92), (87, 92), (88, 92), (89, 92), (90, 92), (91, 92), (92, 92), (93, 92), (94, 92), (95, 92), (96, 92), (97, 92), (97, 92)], 7: [(70, 28), (69, 28), (68, 28), (67, 28), (66, 28), (65, 28), (64, 28), (63, 28), (62, 28), (61, 28), (60, 28), (59, 28), (58, 28), (57, 28), (56, 28), (55, 28), (54, 28), (53, 28), (52, 28), (51, 28), (50, 28), (49, 28), (49, 29), (49, 30), (49, 31), (49, 32), (49, 33), (49, 34), (49, 35), (48, 35), (47, 35), (46, 35), (45, 35), (44, 35), (43, 35), (42, 35), (41, 35), (40, 35), (39, 35), (38, 35), (37, 35), (36, 35), (35, 35), (34, 35), (33, 35), (33, 36), (33, 37), (33, 38), (33, 39), (33, 40), (33, 41), (33, 42), (33, 43), (33, 44), (33, 45), (33, 46), (33, 47), (33, 48), (33, 49), (33, 50), (33, 51), (33, 52), (33, 53), (33, 54), (33, 55), (33, 56), (32, 56), (31, 56), (30, 56), (30, 57), (30, 58), (30, 59), (30, 60), (31, 60), (31, 61), (31, 62), (31, 63), (31, 64), (31, 65), (31, 66), (31, 67), (31, 68), (31, 69), (31, 70), (31, 71), (31, 72), (31, 73), (31, 74), (31, 75), (31, 76), (31, 77), (31, 78), (31, 79), (30, 79), (30, 80), (30, 81), (30, 82), (30, 83), (31, 83), (32, 83), (33, 83), (33, 84), (33, 85), (33, 86), (33, 87), (33, 87)], 8: [(119, 60), (118, 60), (117, 60), (116, 60), (115, 60), (115, 61), (115, 62), (114, 62), (113, 62), (112, 62), (112, 63), (111, 63), (110, 63), (109, 63), (108, 63), (107, 63), (106, 63), (105, 63), (104, 63), (103, 63), (102, 63), (101, 63), (100, 63), (99, 63), (98, 63), (97, 63), (96, 63), (96, 64), (96, 65), (96, 66), (96, 67), (96, 68), (96, 69), (96, 70), (96, 71), (96, 72), (96, 73), (96, 74), (96, 75), (96, 76), (96, 77), (96, 78), (96, 79), (96, 80), (96, 81), (96, 82), (96, 83), (96, 84), (96, 85), (96, 86), (96, 87), (96, 88), (96, 89), (96, 90), (96, 91), (96, 92), (96, 93), (96, 94), (96, 95), (96, 96), (96, 97), (96, 98), (95, 98), (94, 98), (93, 98), (92, 98), (91, 98), (90, 98), (89, 98), (88, 98), (87, 98), (86, 98), (85, 98), (84, 98), (83, 98), (82, 98), (81, 98), (80, 98), (79, 98), (78, 98), (77, 98), (76, 98), (75, 98), (74, 98), (73, 98), (72, 98), (71, 98), (70, 98), (69, 98), (68, 98), (67, 98), (66, 98), (65, 98), (64, 98), (63, 98), (62, 98), (61, 98), (60, 98), (59, 98), (58, 98), (57, 98), (56, 98), (55, 98), (54, 98), (53, 98), (52, 98), (51, 98), (50, 98), (49, 98), (48, 98), (47, 98), (46, 98), (45, 98), (44, 98), (43, 98), (42, 98), (41, 98), (40, 98), (39, 98), (38, 98), (37, 98), (36, 98), (35, 98), (34, 98), (33, 98), (32, 98), (31, 98), (30, 98), (29, 98), (29, 99), (29, 100), (29, 101), (29, 102), (29, 102)], 9: [(156, 62), (155, 62), (154, 62), (153, 62), (152, 62), (151, 62), (150, 62), (149, 62), (148, 62), (147, 62), (146, 62), (145, 62), (145, 63), (144, 63), (143, 63), (142, 63), (141, 63), (140, 63), (139, 63), (138, 63), (137, 63), (136, 63), (135, 63), (134, 63), (133, 63), (132, 63), (131, 63), (130, 63), (129, 63), (128, 63), (127, 63), (126, 63), (125, 63), (124, 63), (123, 63), (122, 63), (121, 63), (120, 63), (119, 63), (118, 63), (117, 63), (116, 63), (115, 63), (114, 63), (113, 63), (112, 63), (111, 63), (110, 63), (109, 63), (108, 63), (107, 63), (106, 63), (105, 63), (104, 63), (103, 63), (102, 63), (101, 63), (100, 63), (99, 63), (98, 63), (97, 63), (97, 62), (97, 61), (97, 60), (97, 59), (97, 58), (97, 57), (97, 56), (97, 55), (96, 55), (96, 54), (96, 53), (96, 52), (96, 51), (96, 50), (96, 49), (96, 48), (96, 47), (96, 46), (96, 45), (96, 44), (96, 43), (96, 42), (96, 41), (95, 41), (94, 41), (93, 41), (92, 41), (91, 41), (90, 41), (89, 41), (88, 41), (87, 41), (86, 41), (85, 41), (84, 41), (83, 41), (82, 41), (81, 41), (80, 41), (79, 41), (78, 41), (77, 41), (76, 41), (75, 41), (74, 41), (73, 41), (72, 41), (71, 41), (70, 41), (69, 41), (68, 41), (67, 41), (66, 41), (65, 41), (64, 41), (63, 41), (62, 41), (61, 41), (60, 41), (59, 41), (58, 41), (57, 41), (56, 41), (55, 41), (54, 41), (53, 41), (52, 41), (51, 41), (50, 41), (49, 41), (48, 41), (47, 41), (46, 41), (45, 41), (44, 41), (43, 41), (42, 41), (41, 41), (40, 41), (39, 41), (38, 41), (37, 41), (36, 41), (35, 41), (34, 41), (33, 41), (32, 41), (31, 41), (30, 41), (29, 41), (28, 41), (27, 41), (27, 40), (27, 39), (27, 38), (27, 37), (27, 36), (27, 36)], 10: [(64, 110), (63, 110), (62, 110), (61, 110), (60, 110), (59, 110), (58, 110), (57, 110), (56, 110), (55, 110), (54, 110), (53, 110), (52, 110), (51, 110), (50, 110), (49, 110), (49, 109), (49, 108), (49, 107), (49, 106), (49, 105), (49, 104), (49, 103), (49, 102), (49, 101), (49, 100), (49, 99), (49, 98), (48, 98), (47, 98), (47, 97), (47, 96), (47, 95), (47, 94), (47, 93), (47, 92), (47, 91), (47, 90), (47, 89), (47, 88), (47, 87), (47, 86), (47, 85), (47, 84), (46, 84), (46, 83), (45, 83), (44, 83), (43, 83), (42, 83), (41, 83), (40, 83), (39, 83), (38, 83), (37, 83), (36, 83), (35, 83), (34, 83), (33, 83), (32, 83), (31, 83), (30, 83), (30, 82), (30, 81), (30, 80), (30, 79), (30, 78), (30, 77), (30, 76), (30, 75), (30, 74), (30, 73), (30, 72), (30, 71), (30, 70), (30, 69), (30, 68), (30, 67), (30, 66), (30, 65), (30, 64), (30, 63), (30, 62), (30, 61), (30, 60), (30, 59), (30, 58), (30, 57), (30, 56), (30, 55), (30, 54), (30, 53), (30, 52), (30, 51), (30, 50), (30, 49), (30, 48), (30, 47), (30, 46), (30, 45), (30, 44), (30, 43), (30, 42), (30, 41), (30, 40), (30, 39), (30, 38), (30, 37), (31, 37), (32, 37), (33, 37), (34, 37), (35, 37), (36, 37), (37, 37), (38, 37), (39, 37), (40, 37), (41, 37), (42, 37), (43, 37), (44, 37), (45, 37), (46, 37), (47, 37), (48, 37), (49, 37), (49, 37)], 11: [(50, 33), (51, 33), (52, 33), (53, 33), (54, 33), (55, 33), (55, 34), (55, 35), (56, 35), (57, 35), (58, 35), (59, 35), (60, 35), (61, 35), (62, 35), (63, 35), (64, 35), (65, 35), (66, 35), (67, 35), (68, 35), (69, 35), (70, 35), (71, 35), (72, 35), (73, 35), (74, 35), (75, 35), (76, 35), (77, 35), (78, 35), (79, 35), (80, 35), (81, 35), (82, 35), (83, 35), (84, 35), (84, 36), (84, 37), (84, 38), (84, 39), (84, 40), (84, 41), (85, 41), (86, 41), (87, 41), (88, 41), (89, 41), (90, 41), (91, 41), (92, 41), (93, 41), (94, 41), (95, 41), (96, 41), (96, 42), (96, 43), (96, 44), (96, 45), (96, 46), (96, 47), (96, 48), (96, 49), (96, 50), (96, 51), (96, 52), (96, 53), (96, 54), (96, 55), (96, 56), (96, 57), (96, 58), (96, 59), (96, 60), (96, 61), (96, 62), (96, 63), (96, 64), (96, 65), (96, 66), (96, 67), (96, 68), (96, 69), (96, 70), (96, 71), (96, 72), (96, 73), (96, 74), (96, 75), (96, 76), (96, 77), (96, 78), (96, 79), (96, 80), (96, 81), (96, 82), (96, 83), (96, 84), (96, 85), (96, 86), (96, 87), (96, 88), (96, 89), (96, 90), (96, 91), (96, 92), (96, 93), (96, 94), (96, 95), (96, 96), (96, 97), (96, 98), (96, 99), (96, 100), (96, 101), (96, 102), (96, 103), (96, 104), (96, 105), (97, 105), (97, 106), (97, 107), (96, 107), (95, 107), (94, 107), (93, 107), (92, 107), (91, 107), (90, 107), (89, 107), (88, 107), (87, 107), (86, 107), (85, 107), (84, 107), (84, 108), (84, 109), (84, 110), (84, 111), (84, 112), (84, 113), (84, 114), (84, 115), (84, 116), (84, 117), (84, 118), (84, 119), (84, 120), (84, 121), (84, 122), (84, 123), (84, 124), (84, 124)]}, 'target_assignment': {8461: {0}, 10235: {0}, 12730: {3}, 4445: {3}, 7064: {2}, 20172: {11}, 3665: {4}, 15001: {6}, 5859: {9}, 6043: {10}, 14127: {7}, 16553: {8}, 11009: {1}, 11942: {1}, 11957: {5}}, 'cluster_target_selection': {2: 8461, 1: 12730, 0: 11009}, 'num_nodes': 6, 'max_step': 157, 'Astar_time': 5.0217204093933105}