{'starts': [11120, 12080, 7063, 20166, 11335, 17385], 'targets': [14155, 3490, 5396, 10345, 13830], 'dests': [10493, 4075, 14068, 6534, 8003, 18682], 'clusters': array([2, 1, 0, 0, 1]), 'grids': array([[1., 1., 1., ..., 1., 1., 1.],
       [1., 1., 1., ..., 1., 1., 1.],
       [1., 1., 1., ..., 1., 1., 1.],
       ...,
       [1., 1., 1., ..., 1., 1., 1.],
       [1., 1., 1., ..., 1., 1., 1.],
       [1., 1., 1., ..., 1., 1., 1.]]), 'ac_dict': {14155: {0, 1}, 3490: {1, 2}, 5396: {2, 3}, 10345: {3, 4}, 13830: {4, 5}, 10493: {0}, 4075: {1}, 14068: {2}, 6534: {3}, 8003: {4}, 18682: {5}}, 'eps': 0.0, 'spMat': array([[  0.,  18.,  32.,  82.,  54.,  92.,  62.,  63.,  89.,  40.,  61.,
         25., 122.,  50.,  78.,  58.,  99.],
       [ 18.,   0.,  36.,  74.,  70.,  82.,  44.,  67.,  91.,  58.,  43.,
         43., 124.,  56.,  80.,  52.,  89.],
       [ 32.,  36.,   0., 100.,  86., 110.,  80.,  31.,  57.,  62.,  79.,
         49.,  90.,  82.,  46.,  38., 117.],
       [ 82.,  74., 100.,   0., 134.,  44.,  92., 131., 157., 122.,  95.,
        107., 190., 116., 146., 126.,  35.],
       [ 54.,  70.,  86., 134.,   0., 144., 114., 117., 143.,  24., 113.,
         37., 176.,  48., 132., 112., 151.],
       [ 92.,  82., 110.,  44., 144.,   0., 100., 141., 115., 132., 103.,
        117., 146., 126., 112., 134.,   9.],
       [ 62.,  44.,  80.,  92., 114., 100.,   0., 111., 135., 102.,   3.,
         87., 168.,  96., 124.,  56., 107.],
       [ 63.,  67.,  31., 131., 117., 141., 111.,   0.,  50.,  93., 110.,
         80.,  71., 113.,  53.,  69., 148.],
       [ 89.,  91.,  57., 157., 143., 115., 135.,  50.,   0., 119., 134.,
        106.,  33., 139.,  11.,  93., 124.],
       [ 40.,  58.,  62., 122.,  24., 132., 102.,  93., 119.,   0., 101.,
         15., 152.,  36., 108.,  88., 139.],
       [ 61.,  43.,  79.,  95., 113., 103.,   3., 110., 134., 101.,   0.,
         86., 167.,  95., 123.,  53., 110.],
       [ 25.,  43.,  49., 107.,  37., 117.,  87.,  80., 106.,  15.,  86.,
          0., 139.,  33.,  95.,  75., 124.],
       [122., 124.,  90., 190., 176., 146., 168.,  71.,  33., 152., 167.,
        139.,   0., 172.,  44., 126., 155.],
       [ 50.,  56.,  82., 116.,  48., 126.,  96., 113., 139.,  36.,  95.,
         33., 172.,   0., 128., 108., 133.],
       [ 78.,  80.,  46., 146., 132., 112., 124.,  53.,  11., 108., 123.,
         95.,  44., 128.,   0.,  82., 121.],
       [ 58.,  52.,  38., 126., 112., 134.,  56.,  69.,  93.,  88.,  53.,
         75., 126., 108.,  82.,   0., 141.],
       [ 99.,  89., 117.,  35., 151.,   9., 107., 148., 124., 139., 110.,
        124., 155., 133., 121., 141.,   0.]]), 'is_heuristic': True, 'total_time': 0.3457620143890381, 'ntsp': 0.029389078001258895, 'cost': 600.0, 'agent_paths': {0: [(104, 68), (104, 67), (104, 66), (104, 65), (104, 64), (105, 64), (106, 64), (107, 64), (108, 64), (109, 64), (110, 64), (111, 64), (112, 64), (113, 64), (114, 64), (115, 64), (116, 64), (117, 64), (118, 64), (119, 64), (120, 64), (121, 64), (122, 64), (123, 64), (124, 64), (125, 64), (125, 64)], 1: [(92, 74), (91, 74), (90, 74), (89, 74), (88, 74), (87, 74), (86, 74), (85, 74), (84, 74), (83, 74), (82, 74), (81, 74), (80, 74), (79, 74), (78, 74), (77, 74), (76, 74), (76, 75), (76, 76), (76, 77), (76, 78), (76, 79), (76, 80), (76, 81), (76, 82), (75, 82), (75, 83), (74, 83), (73, 83), (72, 83), (71, 83), (70, 83), (69, 83), (68, 83), (67, 83), (66, 83), (65, 83), (64, 83), (63, 83), (62, 83), (61, 83), (61, 84), (61, 85), (61, 86), (61, 87), (61, 86), (61, 85), (61, 84), (61, 83), (62, 83), (63, 83), (64, 83), (65, 83), (66, 83), (67, 83), (68, 83), (69, 83), (70, 83), (71, 83), (72, 83), (73, 83), (74, 83), (75, 83), (75, 82), (76, 82), (76, 81), (76, 80), (76, 79), (76, 78), (76, 77), (76, 76), (76, 75), (76, 74), (76, 73), (76, 72), (76, 71), (76, 70), (76, 69), (76, 68), (76, 67), (76, 66), (76, 65), (76, 64), (76, 63), (76, 62), (76, 61), (76, 60), (76, 59), (76, 58), (76, 57), (76, 56), (76, 55), (76, 54), (76, 53), (76, 52), (76, 51), (76, 50), (76, 49), (76, 48), (76, 47), (76, 46), (76, 45), (77, 45), (78, 45), (79, 45), (80, 45), (81, 45), (82, 45), (83, 45), (84, 45), (85, 45), (86, 45), (87, 45), (88, 45), (89, 45), (90, 45), (91, 45), (92, 45), (93, 45), (94, 45), (95, 45), (96, 45), (96, 44), (96, 43), (96, 42), (96, 41), (96, 40), (96, 39), (96, 38), (96, 37), (96, 36), (96, 35), (97, 35), (97, 34), (97, 33), (96, 33), (96, 32), (95, 32), (94, 32), (93, 32), (92, 32), (91, 32), (90, 32), (89, 32), (88, 32), (88, 31), (88, 30), (88, 29), (88, 28), (88, 27), (88, 26), (88, 25), (88, 24), (88, 23), (88, 22), (88, 21), (87, 21), (86, 21), (85, 21), (84, 21), (83, 21), (82, 21), (81, 21), (80, 21), (79, 21), (78, 21), (77, 21), (76, 21), (75, 21), (74, 21), (73, 21), (72, 21), (71, 21), (70, 21), (69, 21), (68, 21), (67, 21), (66, 21), (65, 21), (64, 21), (63, 21), (62, 21), (61, 21), (60, 21), (59, 21), (58, 21), (57, 21), (56, 21), (55, 21), (54, 21), (53, 21), (52, 21), (51, 21), (50, 21), (49, 21), (48, 21), (47, 21), (46, 21), (45, 21), (44, 21), (43, 21), (42, 21), (41, 21), (41, 22), (41, 23), (41, 24), (41, 25), (41, 26), (40, 26), (40, 27), (39, 27), (38, 27), (37, 27), (36, 27), (35, 27), (34, 27), (33, 27), (32, 27), (31, 27), (30, 27), (29, 27), (28, 27), (27, 27), (27, 26), (26, 26), (25, 26), (25, 25), (25, 25)], 2: [(97, 43), (98, 43), (99, 43), (100, 43), (101, 43), (101, 44), (101, 45), (101, 46), (101, 47), (101, 48), (101, 49), (102, 49), (102, 50), (102, 51), (102, 52), (102, 53), (102, 54), (102, 55), (102, 56), (102, 57), (102, 58), (102, 59), (103, 59), (104, 59), (105, 59), (106, 59), (107, 59), (107, 60), (108, 60), (108, 61), (108, 62), (109, 62), (109, 63), (110, 63), (111, 63), (112, 63), (113, 63), (114, 63), (115, 63), (116, 63), (117, 63), (118, 63), (119, 63), (119, 64), (120, 64), (121, 64), (122, 64), (123, 64), (124, 64), (124, 65), (125, 65), (126, 65), (127, 65), (128, 65), (129, 65), (130, 65), (131, 65), (131, 66), (131, 67), (131, 68), (131, 69), (131, 70), (131, 71), (131, 72), (131, 73), (131, 74), (131, 75), (131, 76), (131, 77), (131, 78), (131, 79), (131, 80), (131, 81), (131, 82), (132, 82), (133, 82), (134, 82), (135, 82), (136, 82), (136, 83), (136, 84), (136, 85), (136, 86), (136, 86)], 3: [(78, 124), (78, 123), (78, 122), (78, 121), (78, 120), (78, 119), (78, 118), (78, 117), (78, 116), (78, 115), (78, 114), (78, 113), (78, 112), (78, 111), (78, 110), (78, 109), (78, 108), (78, 107), (79, 107), (80, 107), (81, 107), (82, 107), (83, 107), (84, 107), (85, 107), (86, 107), (87, 107), (88, 107), (89, 107), (90, 107), (91, 107), (92, 107), (93, 107), (94, 107), (95, 107), (96, 107), (97, 107), (97, 106), (97, 105), (96, 105), (96, 104), (96, 103), (96, 102), (96, 101), (96, 100), (96, 99), (96, 98), (96, 97), (96, 96), (96, 95), (96, 94), (96, 93), (96, 92), (96, 91), (96, 90), (96, 89), (96, 88), (96, 87), (96, 86), (96, 85), (96, 84), (96, 83), (96, 82), (96, 81), (96, 80), (96, 79), (96, 78), (96, 77), (96, 76), (96, 75), (96, 74), (96, 73), (96, 72), (96, 71), (96, 70), (96, 69), (96, 68), (96, 67), (96, 66), (96, 65), (96, 64), (96, 63), (96, 62), (96, 61), (96, 60), (96, 59), (96, 58), (96, 57), (96, 56), (96, 55), (96, 54), (96, 53), (96, 52), (96, 51), (96, 50), (96, 49), (96, 48), (96, 47), (96, 46), (96, 45), (96, 44), (96, 43), (96, 42), (96, 41), (95, 41), (94, 41), (93, 41), (92, 41), (91, 41), (90, 41), (89, 41), (88, 41), (87, 41), (86, 41), (85, 41), (84, 41), (83, 41), (82, 41), (81, 41), (80, 41), (79, 41), (78, 41), (77, 41), (76, 41), (75, 41), (74, 41), (73, 41), (72, 41), (71, 41), (70, 41), (69, 41), (68, 41), (67, 41), (66, 41), (65, 41), (64, 41), (63, 41), (62, 41), (61, 41), (60, 41), (59, 41), (58, 41), (57, 41), (56, 41), (55, 41), (54, 41), (54, 40), (54, 40)], 4: [(157, 69), (156, 69), (155, 69), (154, 69), (153, 69), (152, 69), (151, 69), (150, 69), (149, 69), (148, 69), (147, 69), (146, 69), (145, 69), (144, 69), (143, 69), (142, 69), (141, 69), (140, 69), (139, 69), (139, 68), (139, 67), (139, 66), (139, 65), (139, 64), (139, 63), (138, 63), (137, 63), (136, 63), (135, 63), (134, 63), (133, 63), (132, 63), (131, 63), (130, 63), (129, 63), (128, 63), (127, 63), (126, 63), (125, 63), (124, 63), (123, 63), (122, 63), (121, 63), (120, 63), (119, 63), (118, 63), (117, 63), (116, 63), (115, 63), (114, 63), (113, 63), (112, 63), (111, 63), (110, 63), (109, 63), (108, 63), (107, 63), (106, 63), (105, 63), (104, 63), (103, 63), (102, 63), (101, 63), (100, 63), (99, 63), (98, 63), (97, 63), (96, 63), (95, 63), (94, 63), (93, 63), (92, 63), (91, 63), (90, 63), (89, 63), (88, 63), (87, 63), (86, 63), (85, 63), (84, 63), (83, 63), (82, 63), (81, 63), (80, 63), (79, 63), (78, 63), (77, 63), (76, 63), (76, 62), (76, 61), (76, 60), (76, 59), (76, 58), (76, 57), (76, 56), (75, 56), (74, 56), (73, 56), (72, 56), (71, 56), (70, 56), (69, 56), (68, 56), (67, 56), (66, 56), (65, 56), (65, 55), (65, 54), (65, 53), (65, 52), (65, 51), (65, 50), (65, 49), (65, 49)], 5: [(51, 107), (52, 107), (52, 108), (52, 109), (52, 110), (52, 111), (52, 112), (52, 113), (52, 114), (52, 115), (52, 115)]}, 'target_assignment': {10493: {0}, 6534: {3}, 10345: {4}, 8003: {4}, 14155: {1}, 3490: {1}, 4075: {1}, 18682: {5}, 14068: {2}}, 'cluster_target_selection': {0: 10345, 2: 14155, 1: 3490}, 'num_nodes': 6, 'max_step': 226, 'Astar_time': 2.101102590560913}