{'starts': [18010, 14069, 4758], 'targets': [8525, 10597, 16271, 3976, 3287, 12092, 17226, 17884, 14325, 16874], 'dests': [19218, 11453, 6835], 'clusters': array([0, 6, 1, 2, 7, 5, 3, 0, 2, 4]), 'grids': array([[1., 1., 1., ..., 1., 1., 1.],
       [1., 1., 1., ..., 1., 1., 1.],
       [1., 1., 1., ..., 1., 1., 1.],
       ...,
       [1., 1., 1., ..., 1., 1., 1.],
       [1., 1., 1., ..., 1., 1., 1.],
       [1., 1., 1., ..., 1., 1., 1.]]), 'ac_dict': {8525: {0, 1}, 10597: {1, 2}, 19218: {0}, 11453: {1}, 6835: {2}}, 'eps': 0.0, 'spMat': array([[  0., 154., 152., 132., 169.,  54., 165., 152., 113.,  31.,  37.,
        118.,  51.,  81., 126., 110.],
       [154.,   0., 134.,  70., 131., 100., 111., 156.,  45., 123., 117.,
         90., 149.,  91.,  40., 152.],
       [152., 134.,   0.,  64., 127., 132.,  33.,  22.,  89., 131., 145.,
        122., 109., 131.,  94.,  42.],
       [132.,  70.,  64.,   0.,  73.,  78.,  41.,  86.,  25., 101.,  95.,
         68., 127.,  69.,  30.,  82.],
       [169., 131., 127.,  73.,   0., 115., 106., 149.,  90., 138., 132.,
         51., 164., 114.,  95., 145.],
       [ 54., 100., 132.,  78., 115.,   0., 111., 142.,  59.,  23.,  17.,
         64.,  49.,  49.,  72., 100.],
       [165., 111.,  33.,  41., 106., 111.,   0.,  45.,  66., 134., 128.,
        101., 142., 108.,  71.,  75.],
       [152., 156.,  22.,  86., 149., 142.,  45.,   0., 111., 131., 145.,
        144., 109., 153., 116.,  42.],
       [113.,  45.,  89.,  25.,  90.,  59.,  66., 111.,   0.,  82.,  76.,
         49., 108.,  50.,  13., 107.],
       [ 31., 123., 131., 101., 138.,  23., 134., 131.,  82.,   0.,  14.,
         87.,  30.,  60.,  95.,  89.],
       [ 37., 117., 145.,  95., 132.,  17., 128., 145.,  76.,  14.,   0.,
         81.,  44.,  46.,  89., 103.],
       [118.,  90., 122.,  68.,  51.,  64., 101., 144.,  49.,  87.,  81.,
          0., 113.,  63.,  62., 140.],
       [ 51., 149., 109., 127., 164.,  49., 142., 109., 108.,  30.,  44.,
        113.,   0.,  90., 121.,  67.],
       [ 81.,  91., 131.,  69., 114.,  49., 108., 153.,  50.,  60.,  46.,
         63.,  90.,   0.,  63., 149.],
       [126.,  40.,  94.,  30.,  95.,  72.,  71., 116.,  13.,  95.,  89.,
         62., 121.,  63.,   0., 112.],
       [110., 152.,  42.,  82., 145., 100.,  75.,  42., 107.,  89., 103.,
        140.,  67., 149., 112.,   0.]]), 'is_heuristic': True, 'total_time': 0.12712597846984863, 'ntsp': 0.04932053299853578, 'cost': 465.0, 'agent_paths': {0: [(28, 111), (28, 110), (28, 109), (28, 108), (29, 108), (30, 108), (31, 108), (32, 108), (33, 108), (34, 108), (35, 108), (36, 108), (37, 108), (38, 108), (39, 108), (40, 108), (41, 108), (41, 107), (42, 107), (43, 107), (44, 107), (45, 107), (46, 107), (47, 107), (48, 107), (49, 107), (49, 106), (49, 105), (48, 105), (48, 104), (47, 104), (46, 104), (45, 104), (44, 104), (43, 104), (42, 104), (41, 104), (40, 104), (39, 104), (38, 104), (37, 104), (36, 104), (35, 104), (34, 104), (33, 104), (32, 104), (31, 104), (30, 104), (29, 104), (28, 104), (27, 104), (26, 104), (27, 104), (28, 104), (29, 104), (30, 104), (31, 104), (32, 104), (33, 104), (34, 104), (35, 104), (36, 104), (37, 104), (38, 104), (39, 104), (40, 104), (41, 104), (42, 104), (43, 104), (44, 104), (45, 104), (46, 104), (47, 104), (48, 104), (49, 104), (50, 104), (51, 104), (52, 104), (53, 104), (54, 104), (54, 105), (54, 106), (54, 105), (54, 104), (54, 103), (54, 102), (54, 101), (54, 100), (55, 100), (56, 100), (57, 100), (58, 100), (59, 100), (60, 100), (61, 100), (62, 100), (63, 100), (64, 100), (65, 100), (66, 100), (67, 100), (68, 100), (69, 100), (70, 100), (71, 100), (72, 100), (73, 100), (74, 100), (75, 100), (76, 100), (77, 100), (78, 100), (79, 100), (80, 100), (81, 100), (82, 100), (83, 100), (84, 100), (85, 100), (86, 100), (87, 100), (88, 100), (89, 100), (90, 100), (91, 100), (92, 100), (93, 100), (94, 100), (95, 100), (96, 100), (97, 100), (98, 100), (99, 100), (100, 100), (100, 101), (100, 102), (100, 103), (100, 104), (100, 105), (100, 106), (100, 107), (100, 108), (100, 109), (100, 110), (100, 111), (100, 112), (100, 113), (100, 114), (100, 115), (100, 116), (100, 117), (101, 117), (102, 117), (102, 118), (102, 118)], 1: [(137, 86), (136, 86), (135, 86), (134, 86), (133, 86), (132, 86), (131, 86), (130, 86), (129, 86), (128, 86), (127, 86), (126, 86), (125, 86), (124, 86), (124, 85), (124, 84), (124, 83), (124, 82), (124, 81), (123, 81), (122, 81), (121, 81), (120, 81), (120, 80), (119, 80), (118, 80), (117, 80), (116, 80), (116, 79), (115, 79), (115, 78), (114, 78), (114, 77), (114, 76), (113, 76), (112, 76), (111, 76), (110, 76), (109, 76), (108, 76), (107, 76), (106, 76), (105, 76), (104, 76), (104, 75), (104, 74), (103, 74), (102, 74), (101, 74), (100, 74), (99, 74), (98, 74), (97, 74), (96, 74), (95, 74), (94, 74), (93, 74), (92, 74), (91, 74), (90, 74), (89, 74), (88, 74), (87, 74), (86, 74), (85, 74), (84, 74), (83, 74), (82, 74), (81, 74), (80, 74), (79, 74), (78, 74), (77, 74), (76, 74), (76, 75), (76, 76), (76, 77), (76, 78), (76, 79), (76, 80), (76, 81), (76, 82), (75, 82), (75, 83), (74, 83), (73, 83), (72, 83), (71, 83), (70, 83), (69, 83), (69, 84), (69, 85), (69, 86), (69, 87), (69, 88), (68, 88), (67, 88), (67, 87), (67, 86), (67, 85), (67, 84), (67, 83), (66, 83), (65, 83), (64, 83), (63, 83), (62, 83), (61, 83), (60, 83), (59, 83), (58, 83), (57, 83), (56, 83), (55, 83), (54, 83), (54, 82), (54, 81), (54, 80), (54, 79), (54, 78), (54, 77), (54, 76), (54, 75), (54, 74), (54, 73), (54, 72), (54, 71), (54, 70), (54, 69), (54, 68), (54, 67), (54, 66), (54, 65), (55, 65), (56, 65), (57, 65), (58, 65), (59, 65), (60, 65), (61, 65), (62, 65), (63, 65), (64, 65), (65, 65), (66, 65), (67, 65), (67, 64), (66, 64), (65, 64), (64, 64), (63, 64), (62, 64), (61, 64), (60, 64), (59, 64), (58, 64), (57, 64), (56, 64), (55, 64), (54, 64), (54, 63), (54, 62), (54, 61), (54, 60), (54, 59), (54, 58), (54, 57), (54, 56), (54, 55), (54, 54), (54, 53), (54, 52), (55, 52), (56, 52), (57, 52), (58, 52), (59, 52), (60, 52), (61, 52), (62, 52), (63, 52), (64, 52), (65, 52), (66, 52), (67, 52), (68, 52), (69, 52), (70, 52), (71, 52), (72, 52), (73, 52), (74, 52), (75, 52), (76, 52), (77, 52), (78, 52), (79, 52), (80, 52), (81, 52), (82, 52), (83, 52), (84, 52), (85, 52), (86, 52), (87, 52), (88, 52), (89, 52), (90, 52), (91, 52), (92, 52), (93, 52), (94, 52), (95, 52), (96, 52), (97, 52), (98, 52), (99, 52), (100, 52), (101, 52), (102, 52), (102, 53), (102, 54), (102, 55), (102, 56), (102, 57), (102, 58), (102, 59), (103, 59), (104, 59), (105, 59), (106, 59), (107, 59), (107, 60), (108, 60), (108, 61), (108, 62), (109, 62), (109, 63), (110, 63), (111, 63), (112, 63), (113, 63), (113, 64), (113, 65), (113, 66), (113, 67), (113, 68), (113, 69), (113, 70), (113, 70)], 2: [(60, 29), (59, 29), (58, 29), (57, 29), (56, 29), (55, 29), (54, 29), (53, 29), (52, 29), (51, 29), (50, 29), (49, 29), (48, 29), (47, 29), (47, 28), (47, 27), (47, 26), (47, 25), (47, 24), (47, 23), (47, 22), (47, 21), (47, 20), (47, 21), (47, 22), (47, 23), (47, 24), (47, 25), (47, 26), (47, 27), (47, 28), (47, 29), (47, 30), (47, 31), (47, 32), (48, 32), (48, 33), (49, 33), (49, 34), (49, 35), (48, 35), (47, 35), (46, 35), (45, 35), (44, 35), (43, 35), (42, 35), (41, 35), (40, 35), (39, 35), (38, 35), (37, 35), (36, 35), (35, 35), (34, 35), (33, 35), (32, 35), (31, 35), (31, 36), (31, 37), (31, 38), (31, 39), (31, 40), (31, 41), (31, 42), (31, 42)]}, 'target_assignment': {16874: {0}, 17226: {0}, 16271: {0}, 19218: {0}, 12092: {1}, 14325: {1}, 10597: {1}, 8525: {1}, 11453: {1}, 3287: {2}, 6835: {2}}, 'cluster_target_selection': {4: 16874, 3: 17226, 1: 16271, 5: 12092, 2: 14325, 6: 10597, 0: 8525, 7: 3287}, 'num_nodes': 15, 'max_step': 248, 'Astar_time': 2.0984907150268555}