

CBSS-C STATS
starts:[694, 632, 159, 989, 634]
targets:[938, 1013, 419, 641, 279, 1005, 143, 193, 853, 281, 357, 957, 734, 538, 525, 435, 246, 418, 179, 712]
dests:[497, 939, 104, 907, 814]
ac_dict:{938: {0, 1}, 1013: {1, 2}, 419: {2, 3}, 641: {3, 4}, 497: {0}, 939: {1}, 104: {2}, 907: {3}, 814: {4}}
clusters:[5 2 6 4 1 9 7 2 7 0 2 3 1 3 8 8 1 9 0 0]

round: 2
best_g_value: 238.0
open_list_size: 1
num_low_level_expanded: 789
search_success: 1
search_time: 0.9400493381544948
n_tsp_call: 1
n_tsp_time: 0.9013546849600971
n_roots: 1
num_conflicts: 1
target_assignment: {525: 0, 279: 2, 419: 2, 418: 2, 357: 2, 853: 1, 938: 1, 957: 3, 712: 4, 641: 4}
cluster_target_selection: {8: 525, 1: 279, 6: 419, 9: 418, 2: 357, 7: 853, 5: 938, 3: 957, 0: 712, 4: 641}
num_nodes_transformed_graph: 54
agent_paths:({0: [(22, 21), (22, 22), (22, 23), (22, 24), (22, 25), (21, 25), (20, 25), (19, 25), (18, 25), (17, 25), (16, 25), (15, 25), (14, 25), (13, 25), (13, 24), (13, 23), (13, 22), (13, 21), (13, 20), (13, 19), (13, 18), (13, 17), (13, 16), (14, 16), (15, 16), (16, 16), (16, 15), (17, 15), (17, 15)], 1: [(24, 19), (23, 19), (22, 19), (22, 20), (22, 21), (22, 22), (22, 23), (22, 24), (22, 25), (21, 25), (21, 26), (20, 26), (19, 26), (18, 26), (17, 26), (16, 26), (16, 27), (16, 28), (16, 29), (16, 30), (16, 31), (15, 31), (14, 31), (13, 31), (13, 30), (13, 29), (12, 29), (11, 29), (10, 29), (11, 29), (11, 29)], 2: [(31, 4), (31, 3), (31, 2), (30, 2), (29, 2), (28, 2), (27, 2), (26, 2), (25, 2), (24, 2), (23, 2), (23, 3), (23, 4), (23, 5), (23, 6), (23, 7), (23, 8), (22, 8), (21, 8), (20, 8), (19, 8), (18, 8), (17, 8), (16, 8), (15, 8), (14, 8), (13, 8), (13, 9), (13, 10), (12, 10), (11, 10), (10, 10), (9, 10), (8, 10), (7, 10), (6, 10), (5, 10), (4, 10), (3, 10), (3, 11), (2, 11), (2, 12), (2, 13), (3, 13), (2, 13), (2, 12), (2, 11), (3, 11), (4, 11), (5, 11), (5, 10), (6, 10), (7, 10), (8, 10), (9, 10), (10, 10), (11, 10), (12, 10), (13, 10), (13, 9), (13, 8), (13, 7), (14, 7), (15, 7), (16, 7), (17, 7), (18, 7), (19, 7), (20, 7), (21, 7), (22, 7), (22, 6), (22, 5), (22, 4), (22, 3), (22, 2), (21, 2), (20, 2), (19, 2), (18, 2), (17, 2), (16, 2), (15, 2), (14, 2), (13, 2), (12, 2), (11, 2), (10, 2), (9, 2), (8, 2), (8, 3), (8, 3)], 3: [(29, 30), (29, 29), (29, 30), (29, 31), (30, 31), (31, 31), (31, 30), (31, 29), (31, 28), (31, 27), (31, 26), (30, 26), (29, 26), (28, 26), (27, 26), (26, 26), (25, 26), (25, 27), (25, 28), (24, 28), (23, 28), (22, 28), (22, 29), (22, 30), (22, 31), (21, 31), (20, 31), (19, 31), (18, 31), (17, 31), (16, 31), (15, 31), (14, 31), (13, 31), (13, 30), (13, 29), (12, 29), (12, 28), (11, 28), (11, 28)], 4: [(26, 19), (25, 19), (24, 19), (23, 19), (22, 19), (22, 20), (22, 21), (22, 22), (22, 23), (22, 24), (22, 25), (21, 25), (20, 25), (19, 25), (18, 25), (17, 25), (16, 25), (15, 25), (14, 25), (13, 25), (12, 25), (11, 25), (10, 25), (9, 25), (8, 25), (8, 24), (8, 23), (8, 22), (7, 22), (6, 22), (5, 22), (4, 22), (4, 21), (4, 20), (3, 20), (2, 20), (1, 20), (2, 20), (3, 20), (4, 20), (5, 20), (5, 21), (5, 22), (6, 22), (7, 22), (8, 22), (8, 23), (8, 24), (8, 25), (9, 25), (10, 25), (11, 25), (12, 25), (13, 25), (14, 25), (14, 25)]}, 90)