

CBSS-C STATS
starts:[350, 837, 188, 1018, 266]
targets:[749, 162, 536, 229, 253, 85, 271, 813, 497, 519]
dests:[434, 890, 71, 612, 43]
ac_dict:{749: {0, 1}, 162: {1, 2}, 536: {2, 3}, 229: {3, 4}, 434: {0}, 890: {1}, 71: {2}, 612: {3}, 43: {4}}
clusters:[0 1 1 1 0 0 1 1 0 1]

round: 1
best_g_value: 197.0
open_list_size: 0
num_low_level_expanded: 474
search_success: 1
search_time: 0.06542049907147884
n_tsp_call: 1
n_tsp_time: 0.04516250314190984
n_roots: 1
num_conflicts: 0
target_assignment: {813: 3, 85: 2}
cluster_target_selection: {1: 813, 0: 85}
num_nodes_transformed_graph: 29
agent_paths:({0: [(30, 10), (30, 11), (31, 11), (31, 12), (31, 13), (30, 13), (29, 13), (28, 13), (28, 14), (28, 15), (28, 16), (28, 17), (28, 18), (28, 19), (27, 19), (26, 19), (25, 19), (24, 19), (23, 19), (22, 19), (22, 20), (22, 21), (22, 22), (22, 23), (22, 24), (22, 25), (21, 25), (20, 25), (19, 25), (18, 25), (17, 25), (16, 25), (15, 25), (14, 25), (14, 24), (14, 23), (14, 22), (14, 21), (14, 20), (14, 19), (14, 18), (14, 17), (14, 16), (15, 16), (16, 16), (16, 15), (16, 14), (16, 13), (17, 13), (18, 13), (18, 13)], 1: [(5, 26), (5, 27), (4, 27), (4, 28), (4, 29), (4, 30), (4, 31), (3, 31), (2, 31), (2, 30), (2, 29), (2, 28), (2, 27), (2, 26), (2, 25), (2, 24), (2, 23), (2, 22), (2, 21), (2, 20), (3, 20), (4, 20), (5, 20), (5, 21), (5, 22), (6, 22), (7, 22), (8, 22), (8, 23), (8, 24), (8, 25), (9, 25), (10, 25), (11, 25), (12, 25), (13, 25), (14, 25), (15, 25), (16, 25), (17, 25), (17, 26), (17, 27), (17, 28), (17, 29), (17, 30), (17, 31), (18, 31), (19, 31), (20, 31), (21, 31), (22, 31), (22, 30), (22, 29), (22, 28), (23, 28), (24, 28), (25, 28), (25, 27), (26, 27), (26, 27)], 2: [(28, 5), (28, 4), (28, 3), (28, 2), (27, 2), (26, 2), (25, 2), (24, 2), (23, 2), (22, 2), (21, 2), (20, 2), (19, 2), (18, 2), (17, 2), (16, 2), (15, 2), (14, 2), (13, 2), (12, 2), (11, 2), (10, 2), (9, 2), (8, 2), (7, 2), (7, 2)], 3: [(26, 31), (27, 31), (28, 31), (29, 31), (30, 31), (31, 31), (31, 30), (31, 29), (31, 28), (31, 27), (31, 26), (30, 26), (29, 26), (28, 26), (27, 26), (26, 26), (25, 26), (25, 27), (25, 28), (24, 28), (23, 28), (22, 28), (22, 29), (22, 30), (22, 31), (21, 31), (20, 31), (19, 31), (18, 31), (17, 31), (16, 31), (16, 30), (16, 29), (16, 28), (16, 27), (16, 26), (15, 26), (14, 26), (13, 26), (13, 25), (12, 25), (11, 25), (10, 25), (9, 25), (8, 25), (7, 25), (7, 24), (7, 23), (6, 23), (5, 23), (4, 23), (4, 22), (4, 21), (4, 20), (4, 19), (4, 19)], 4: [(10, 8), (10, 7), (10, 6), (10, 5), (10, 4), (9, 4), (8, 4), (8, 3), (8, 2), (8, 1), (9, 1), (10, 1), (11, 1), (11, 1)]}, 58)