

CBSS-C STATS
starts:[174, 830, 228, 718, 338]
targets:[97, 189, 618, 919, 1014, 518, 528, 676, 823, 939, 743, 532, 159, 264, 731, 285, 74, 104, 924, 1023]
dests:[138, 1019, 545, 125, 782]
ac_dict:{97: {0, 1}, 189: {1, 2}, 618: {2, 3}, 919: {3, 4}, 138: {0}, 1019: {1}, 545: {2}, 125: {3}, 782: {4}}
clusters:[2 1 3 5 8 0 5 4 8 5 7 5 6 2 3 1 5 4 3 9]

round: 2
best_g_value: 267.0
open_list_size: 1
num_low_level_expanded: 1098
search_success: 1
search_time: 2.052234997972846
n_tsp_call: 1
n_tsp_time: 1.9994776449166238
n_roots: 1
num_conflicts: 1
target_assignment: {264: 2, 104: 2, 74: 2, 159: 2, 189: 2, 1023: 1, 618: 3, 518: 4, 743: 4, 823: 4}
cluster_target_selection: {2: 264, 4: 104, 5: 74, 6: 159, 1: 189, 9: 1023, 3: 618, 0: 518, 7: 743, 8: 823}
num_nodes_transformed_graph: 98
agent_paths:({0: [(14, 5), (13, 5), (12, 5), (11, 5), (10, 5), (10, 4), (10, 4)], 1: [(30, 25), (31, 25), (31, 26), (31, 27), (31, 28), (31, 29), (31, 30), (31, 31), (30, 31), (29, 31), (28, 31), (27, 31), (27, 31)], 2: [(4, 7), (5, 7), (6, 7), (7, 7), (8, 7), (8, 8), (8, 7), (9, 7), (10, 7), (10, 6), (10, 5), (9, 5), (8, 5), (8, 4), (8, 3), (8, 2), (9, 2), (10, 2), (11, 2), (12, 2), (13, 2), (14, 2), (15, 2), (16, 2), (17, 2), (18, 2), (19, 2), (20, 2), (21, 2), (22, 2), (23, 2), (24, 2), (25, 2), (26, 2), (27, 2), (28, 2), (29, 2), (30, 2), (31, 2), (31, 3), (31, 4), (31, 3), (31, 2), (30, 2), (29, 2), (29, 3), (29, 4), (29, 5), (28, 5), (28, 4), (28, 3), (28, 2), (27, 2), (26, 2), (25, 2), (24, 2), (23, 2), (22, 2), (22, 3), (22, 4), (22, 5), (22, 6), (22, 7), (21, 7), (21, 8), (20, 8), (19, 8), (18, 8), (17, 8), (16, 8), (15, 8), (14, 8), (13, 8), (13, 9), (13, 10), (12, 10), (11, 10), (10, 10), (9, 10), (8, 10), (7, 10), (6, 10), (5, 10), (4, 10), (3, 10), (2, 10), (1, 10), (1, 11), (1, 12), (1, 13), (1, 14), (1, 15), (1, 16), (1, 17), (1, 17)], 3: [(14, 22), (13, 22), (13, 23), (13, 24), (13, 25), (12, 25), (11, 25), (10, 25), (9, 25), (8, 25), (8, 24), (8, 23), (8, 22), (7, 22), (6, 22), (5, 22), (5, 21), (5, 20), (5, 19), (5, 18), (5, 17), (6, 17), (7, 17), (8, 17), (9, 17), (10, 17), (10, 18), (10, 19), (10, 18), (10, 17), (10, 16), (10, 15), (10, 14), (10, 13), (9, 13), (8, 13), (7, 13), (6, 13), (5, 13), (4, 13), (3, 13), (2, 13), (2, 12), (2, 11), (2, 10), (3, 10), (4, 10), (5, 10), (6, 10), (7, 10), (8, 10), (9, 10), (10, 10), (11, 10), (12, 10), (13, 10), (13, 9), (13, 8), (13, 7), (14, 7), (15, 7), (16, 7), (17, 7), (18, 7), (19, 7), (20, 7), (21, 7), (22, 7), (22, 6), (22, 5), (22, 4), (22, 3), (23, 3), (23, 2), (24, 2), (25, 2), (26, 2), (27, 2), (28, 2), (29, 2), (29, 3), (29, 3)], 4: [(18, 10), (19, 10), (19, 9), (19, 8), (18, 8), (17, 8), (16, 8), (15, 8), (14, 8), (13, 8), (13, 9), (13, 10), (12, 10), (11, 10), (10, 10), (9, 10), (8, 10), (7, 10), (6, 10), (6, 11), (5, 11), (4, 11), (3, 11), (2, 11), (2, 12), (2, 13), (3, 13), (4, 13), (5, 13), (6, 13), (6, 14), (7, 14), (8, 14), (9, 14), (10, 14), (10, 15), (10, 16), (9, 16), (8, 16), (7, 16), (6, 16), (6, 17), (5, 17), (5, 18), (5, 19), (5, 20), (5, 21), (5, 22), (6, 22), (7, 22), (7, 23), (8, 23), (8, 24), (8, 25), (9, 25), (10, 25), (11, 25), (12, 25), (13, 25), (14, 25), (15, 25), (16, 25), (17, 25), (18, 25), (19, 25), (20, 25), (21, 25), (22, 25), (23, 25), (22, 25), (21, 25), (20, 25), (19, 25), (18, 25), (17, 25), (16, 25), (15, 25), (14, 25), (14, 24), (14, 24)]}, 93)