

CBSS-C STATS
starts:[565, 555, 973, 176, 125]
targets:[909, 253, 342, 520, 372, 569, 913, 729, 189, 694, 814, 589, 898, 799, 159, 850, 422, 948, 217, 357]
dests:[548, 455, 952, 247, 355]
ac_dict:{909: {0, 1}, 253: {1, 2}, 342: {2, 3}, 520: {3, 4}, 548: {0}, 455: {1}, 952: {2}, 247: {3}, 355: {4}}
clusters:[5 6 1 8 6 8 1 0 4 5 8 9 7 0 3 5 6 7 9 2]

round: 1
best_g_value: 185.0
open_list_size: 0
num_low_level_expanded: 469
search_success: 1
search_time: 0.26949209393933415
n_tsp_call: 1
n_tsp_time: 0.2422630568034947
n_roots: 1
num_conflicts: 0
target_assignment: {589: 0, 814: 0, 422: 1, 913: 2, 850: 2, 948: 2, 799: 2, 189: 4, 159: 4, 357: 4}
cluster_target_selection: {9: 589, 8: 814, 6: 422, 1: 913, 5: 850, 7: 948, 0: 799, 4: 189, 3: 159, 2: 357}
num_nodes_transformed_graph: 53
agent_paths:({0: [(21, 17), (20, 17), (19, 17), (19, 16), (19, 15), (19, 14), (18, 14), (17, 14), (16, 14), (16, 15), (16, 16), (15, 16), (14, 16), (13, 16), (13, 17), (13, 18), (14, 18), (14, 19), (14, 20), (14, 21), (14, 22), (14, 23), (14, 24), (14, 25), (13, 25), (12, 25), (11, 25), (10, 25), (9, 25), (8, 25), (7, 25), (7, 24), (7, 23), (6, 23), (5, 23), (4, 23), (4, 22), (4, 21), (4, 20), (4, 19), (4, 18), (4, 17), (4, 17)], 1: [(11, 17), (10, 17), (10, 16), (10, 15), (10, 14), (9, 14), (8, 14), (7, 14), (6, 14), (6, 13), (7, 13), (7, 14), (7, 14)], 2: [(13, 30), (14, 30), (14, 31), (15, 31), (16, 31), (16, 30), (16, 29), (16, 28), (17, 28), (17, 27), (17, 26), (18, 26), (17, 26), (17, 27), (17, 28), (17, 29), (17, 30), (17, 31), (18, 31), (19, 31), (20, 31), (21, 31), (22, 31), (22, 30), (22, 29), (21, 29), (20, 29), (20, 28), (21, 28), (22, 28), (23, 28), (24, 28), (25, 28), (25, 27), (25, 26), (25, 25), (26, 25), (27, 25), (28, 25), (29, 25), (30, 25), (31, 25), (31, 24), (31, 25), (30, 25), (29, 25), (28, 25), (27, 25), (26, 25), (25, 25), (25, 26), (25, 27), (25, 28), (24, 28), (24, 29), (24, 29)], 3: [(16, 5), (15, 5), (14, 5), (13, 5), (12, 5), (11, 5), (10, 5), (9, 5), (8, 5), (8, 4), (8, 3), (8, 2), (9, 2), (10, 2), (11, 2), (12, 2), (13, 2), (14, 2), (15, 2), (16, 2), (17, 2), (18, 2), (19, 2), (20, 2), (21, 2), (22, 2), (23, 2), (23, 3), (23, 4), (23, 5), (23, 6), (23, 7), (23, 7)], 4: [(29, 3), (29, 4), (29, 5), (29, 4), (29, 3), (29, 2), (30, 2), (31, 2), (31, 3), (31, 4), (31, 3), (31, 2), (30, 2), (29, 2), (28, 2), (27, 2), (26, 2), (25, 2), (24, 2), (23, 2), (22, 2), (22, 3), (22, 4), (22, 5), (22, 6), (22, 7), (21, 7), (20, 7), (19, 7), (18, 7), (17, 7), (16, 7), (15, 7), (14, 7), (13, 7), (13, 8), (13, 9), (13, 10), (12, 10), (11, 10), (10, 10), (9, 10), (8, 10), (7, 10), (6, 10), (5, 10), (5, 11), (4, 11), (3, 11), (3, 11)]}, 54)