

CBSS-C STATS
starts:[580, 587, 464, 65, 239]
targets:[573, 357, 157, 358, 747, 61, 668, 705, 850, 518]
dests:[901, 131, 959, 129, 471]
ac_dict:{573: {0, 1}, 357: {1, 2}, 157: {2, 3}, 358: {3, 4}, 901: {0}, 131: {1}, 959: {2}, 129: {3}, 471: {4}}
clusters:[0 0 0 1 0 1 1 1 1 1]

round: 4
best_g_value: 228.0
open_list_size: 3
num_low_level_expanded: 3408
search_success: 1
search_time: 0.42342050606384873
n_tsp_call: 7
n_tsp_time: 0.2989551327191293
n_roots: 1
num_conflicts: 3
target_assignment: {357: 1, 358: 4}
cluster_target_selection: {0: 357, 1: 358}
num_nodes_transformed_graph: 29
agent_paths:({0: [(4, 18), (4, 19), (4, 20), (3, 20), (2, 20), (2, 21), (2, 22), (2, 23), (2, 24), (2, 25), (2, 26), (2, 27), (2, 28), (2, 29), (2, 30), (2, 31), (3, 31), (4, 31), (4, 30), (4, 29), (4, 28), (5, 28), (5, 28)], 1: [(11, 18), (10, 18), (10, 17), (10, 16), (10, 15), (10, 14), (9, 14), (8, 14), (7, 14), (6, 14), (5, 14), (5, 13), (4, 13), (3, 13), (2, 13), (2, 12), (1, 12), (1, 11), (2, 11), (3, 11), (4, 11), (5, 11), (5, 10), (6, 10), (7, 10), (8, 10), (9, 10), (10, 10), (11, 10), (12, 10), (13, 10), (13, 9), (13, 8), (13, 7), (14, 7), (15, 7), (16, 7), (17, 7), (18, 7), (19, 7), (20, 7), (21, 7), (22, 7), (22, 6), (22, 5), (22, 4), (22, 3), (22, 2), (21, 2), (20, 2), (19, 2), (18, 2), (17, 2), (16, 2), (15, 2), (14, 2), (13, 2), (12, 2), (11, 2), (10, 2), (9, 2), (8, 2), (8, 3), (8, 4), (9, 4), (10, 4), (10, 5), (10, 6), (10, 7), (9, 7), (8, 7), (7, 7), (6, 7), (5, 7), (4, 7), (3, 7), (2, 7), (2, 6), (2, 5), (2, 4), (3, 4), (3, 4)], 2: [(16, 14), (16, 15), (16, 16), (16, 17), (15, 17), (14, 17), (14, 18), (14, 19), (14, 20), (14, 21), (14, 22), (14, 23), (14, 24), (14, 25), (15, 25), (16, 25), (17, 25), (17, 26), (17, 27), (17, 28), (17, 29), (17, 30), (17, 31), (18, 31), (19, 31), (20, 31), (21, 31), (22, 31), (22, 30), (22, 29), (23, 29), (24, 29), (25, 29), (26, 29), (26, 28), (26, 27), (26, 26), (27, 26), (28, 26), (29, 26), (30, 26), (31, 26), (31, 27), (31, 28), (31, 29), (31, 29)], 3: [(1, 2), (1, 3), (1, 4), (1, 4)], 4: [(15, 7), (14, 7), (13, 7), (13, 8), (13, 9), (13, 10), (12, 10), (11, 10), (10, 10), (9, 10), (8, 10), (7, 10), (6, 10), (6, 11), (5, 11), (4, 11), (3, 11), (2, 11), (2, 12), (2, 13), (3, 13), (4, 13), (5, 13), (6, 13), (7, 13), (8, 13), (9, 13), (10, 13), (10, 14), (10, 15), (10, 16), (9, 16), (8, 16), (7, 16), (6, 16), (5, 16), (5, 17), (5, 18), (5, 19), (5, 20), (5, 21), (5, 22), (6, 22), (7, 22), (8, 22), (8, 23), (8, 24), (8, 25), (9, 25), (10, 25), (11, 25), (12, 25), (13, 25), (13, 24), (13, 23), (13, 22), (13, 21), (13, 20), (13, 19), (13, 18), (13, 17), (13, 16), (14, 16), (15, 16), (16, 16), (16, 15), (16, 14), (17, 14), (18, 14), (19, 14), (20, 14), (20, 15), (20, 16), (21, 16), (22, 16), (23, 16), (24, 16), (25, 16), (25, 15), (25, 14), (24, 14), (23, 14), (23, 14)]}, 81)