

CBSS-C STATS
starts:[509, 948, 378, 677, 467]
targets:[823, 1002, 563, 1015, 624, 410, 449, 471, 203, 1022, 162, 46, 125, 567, 169, 496, 94, 907, 818, 546]
dests:[314, 817, 499, 1014, 566]
ac_dict:{823: {0, 1}, 1002: {1, 2}, 563: {2, 3}, 1015: {3, 4}, 314: {0}, 817: {1}, 499: {2}, 1014: {3}, 566: {4}}
clusters:[0 1 9 2 7 5 2 9 3 1 6 9 2 7 3 4 0 7 8 8]

round: 5
best_g_value: 312.0
open_list_size: 4
num_low_level_expanded: 3006
search_success: 1
search_time: 3.6066373898647726
n_tsp_call: 15
n_tsp_time: 3.403375133406371
n_roots: 1
num_conflicts: 4
target_assignment: {823: 0, 818: 0, 496: 0, 410: 0, 1002: 1, 162: 3, 169: 3, 1015: 3, 567: 2, 563: 2}
cluster_target_selection: {0: 823, 8: 818, 4: 496, 5: 410, 1: 1002, 6: 162, 3: 169, 2: 1015, 7: 567, 9: 563}
num_nodes_transformed_graph: 53
agent_paths:({0: [(29, 15), (28, 15), (28, 16), (28, 17), (28, 18), (28, 19), (27, 19), (26, 19), (25, 19), (24, 19), (23, 19), (23, 20), (23, 21), (23, 22), (23, 23), (23, 24), (23, 25), (22, 25), (21, 25), (20, 25), (19, 25), (18, 25), (17, 25), (16, 25), (15, 25), (14, 25), (14, 24), (14, 23), (14, 22), (14, 21), (14, 20), (14, 19), (14, 18), (14, 17), (14, 16), (15, 16), (16, 16), (16, 15), (16, 14), (17, 14), (18, 14), (19, 14), (20, 14), (20, 15), (20, 16), (21, 16), (22, 16), (23, 16), (24, 16), (25, 16), (25, 15), (25, 14), (25, 13), (25, 12), (26, 12), (26, 11), (26, 10), (26, 9), (26, 9)], 1: [(20, 29), (21, 29), (22, 29), (22, 30), (22, 31), (21, 31), (20, 31), (19, 31), (18, 31), (17, 31), (16, 31), (15, 31), (14, 31), (13, 31), (13, 30), (13, 29), (12, 29), (11, 29), (10, 29), (10, 30), (10, 31), (10, 30), (10, 29), (11, 29), (12, 29), (13, 29), (14, 29), (14, 30), (14, 31), (15, 31), (16, 31), (16, 30), (16, 29), (16, 28), (16, 27), (16, 26), (16, 25), (17, 25), (17, 25)], 2: [(26, 11), (25, 11), (25, 12), (25, 13), (25, 14), (25, 15), (25, 16), (24, 16), (23, 16), (23, 17), (23, 16), (22, 16), (21, 16), (20, 16), (19, 16), (19, 17), (19, 16), (19, 15), (19, 15)], 3: [(5, 21), (5, 20), (5, 19), (5, 18), (5, 17), (5, 16), (6, 16), (7, 16), (8, 16), (9, 16), (10, 16), (10, 15), (10, 14), (9, 14), (8, 14), (7, 14), (6, 14), (5, 14), (4, 14), (3, 14), (2, 14), (2, 13), (2, 12), (2, 11), (2, 10), (3, 10), (4, 10), (5, 10), (6, 10), (7, 10), (8, 10), (9, 10), (10, 10), (11, 10), (12, 10), (13, 10), (13, 9), (13, 8), (13, 7), (14, 7), (15, 7), (16, 7), (17, 7), (18, 7), (19, 7), (20, 7), (21, 7), (22, 7), (22, 6), (22, 5), (22, 4), (22, 3), (22, 2), (21, 2), (20, 2), (19, 2), (18, 2), (17, 2), (16, 2), (15, 2), (14, 2), (13, 2), (12, 2), (11, 2), (10, 2), (9, 2), (8, 2), (8, 3), (8, 4), (8, 5), (9, 5), (10, 5), (10, 6), (10, 7), (9, 7), (8, 7), (7, 7), (6, 7), (5, 7), (4, 7), (3, 7), (2, 7), (2, 6), (2, 5), (2, 6), (2, 7), (3, 7), (4, 7), (5, 7), (6, 7), (7, 7), (8, 7), (9, 7), (10, 7), (10, 6), (10, 5), (9, 5), (8, 5), (8, 4), (8, 3), (8, 2), (9, 2), (10, 2), (11, 2), (12, 2), (13, 2), (14, 2), (15, 2), (16, 2), (17, 2), (18, 2), (19, 2), (20, 2), (21, 2), (22, 2), (22, 3), (22, 4), (22, 5), (22, 6), (22, 7), (22, 8), (21, 8), (20, 8), (19, 8), (18, 8), (17, 8), (16, 8), (15, 8), (14, 8), (14, 9), (14, 10), (14, 11), (13, 11), (12, 11), (11, 11), (10, 11), (9, 11), (8, 11), (7, 11), (6, 11), (5, 11), (4, 11), (3, 11), (2, 11), (2, 12), (2, 13), (3, 13), (4, 13), (5, 13), (6, 13), (7, 13), (8, 13), (9, 13), (10, 13), (10, 14), (10, 15), (10, 16), (10, 17), (9, 17), (8, 17), (7, 17), (6, 17), (5, 17), (5, 18), (5, 19), (5, 20), (5, 21), (5, 22), (6, 22), (7, 22), (8, 22), (8, 23), (8, 24), (8, 25), (9, 25), (10, 25), (11, 25), (12, 25), (13, 25), (14, 25), (15, 25), (16, 25), (16, 26), (17, 26), (17, 27), (17, 28), (17, 29), (17, 30), (17, 31), (18, 31), (19, 31), (20, 31), (21, 31), (22, 31), (23, 31), (22, 31), (22, 31)], 4: [(19, 14), (20, 14), (20, 15), (20, 16), (21, 16), (22, 16), (22, 17), (22, 17)]}, 195)