

CBSS-C STATS
starts:[827, 456, 430, 1009, 142]
targets:[939, 809, 442, 1018, 1005, 477, 438, 261, 746, 758]
dests:[587, 750, 566, 528, 37]
ac_dict:{939: {0, 1}, 809: {1, 2}, 442: {2, 3}, 1018: {3, 4}, 587: {0}, 750: {1}, 566: {2}, 528: {3}, 37: {4}}
clusters:[0 0 1 0 1 0 1 1 0 0]

round: 1
best_g_value: 176.0
open_list_size: 0
num_low_level_expanded: 702
search_success: 1
search_time: 0.11726861260831356
n_tsp_call: 1
n_tsp_time: 0.09254654124379158
n_roots: 1
num_conflicts: 0
target_assignment: {261: 4, 809: 1}
cluster_target_selection: {1: 261, 0: 809}
num_nodes_transformed_graph: 48
agent_paths:({0: [(27, 25), (26, 25), (25, 25), (25, 26), (25, 27), (25, 28), (24, 28), (23, 28), (22, 28), (22, 29), (22, 30), (22, 31), (21, 31), (20, 31), (19, 31), (18, 31), (17, 31), (16, 31), (16, 30), (16, 29), (16, 28), (16, 27), (16, 26), (15, 26), (14, 26), (13, 26), (12, 26), (11, 26), (11, 25), (10, 25), (9, 25), (8, 25), (8, 24), (8, 23), (8, 22), (7, 22), (6, 22), (5, 22), (5, 21), (5, 20), (5, 19), (5, 18), (5, 17), (6, 17), (7, 17), (8, 17), (9, 17), (10, 17), (11, 17), (11, 18), (11, 18)], 1: [(8, 14), (9, 14), (10, 14), (10, 15), (10, 16), (9, 16), (9, 17), (8, 17), (7, 17), (6, 17), (5, 17), (5, 18), (5, 19), (5, 20), (5, 21), (5, 22), (6, 22), (7, 22), (8, 22), (8, 23), (8, 24), (8, 25), (9, 25), (10, 25), (11, 25), (12, 25), (13, 25), (13, 24), (13, 23), (14, 23), (14, 23)], 2: [(14, 13), (14, 14), (13, 14), (12, 14), (11, 14), (11, 15), (11, 16), (11, 17), (10, 17), (9, 17), (8, 17), (7, 17), (6, 17), (5, 17), (5, 18), (5, 19), (5, 20), (5, 21), (5, 22), (6, 22), (7, 22), (8, 22), (8, 23), (8, 24), (8, 25), (9, 25), (10, 25), (11, 25), (12, 25), (13, 25), (13, 24), (13, 23), (13, 22), (13, 21), (13, 20), (13, 19), (13, 18), (13, 17), (14, 17), (15, 17), (16, 17), (17, 17), (17, 16), (17, 15), (17, 14), (18, 14), (19, 14), (20, 14), (20, 15), (20, 16), (21, 16), (22, 16), (22, 17), (22, 17)], 3: [(17, 31), (16, 31), (16, 30), (16, 29), (16, 28), (16, 27), (16, 26), (16, 25), (15, 25), (14, 25), (14, 24), (14, 23), (14, 22), (14, 21), (14, 20), (14, 19), (14, 18), (14, 17), (14, 16), (15, 16), (16, 16), (16, 16)], 4: [(14, 4), (13, 4), (12, 4), (11, 4), (10, 4), (10, 5), (10, 6), (10, 7), (9, 7), (8, 7), (7, 7), (6, 7), (5, 7), (5, 8), (5, 7), (4, 7), (3, 7), (2, 7), (2, 6), (2, 5), (2, 4), (3, 4), (4, 4), (4, 3), (4, 2), (4, 1), (5, 1), (5, 1)]}, 52)