

CBSS-C STATS
starts:[326, 821, 749, 138, 823]
targets:[913, 643, 407, 532, 229, 177, 1017, 695, 738, 87, 269, 828, 359, 203, 711, 464, 932, 244, 157, 994]
dests:[461, 647, 622, 334, 1013]
ac_dict:{913: {0, 1}, 643: {1, 2}, 407: {2, 3}, 532: {3, 4}, 461: {0}, 647: {1}, 622: {2}, 334: {3}, 1013: {4}}
clusters:[9 0 8 3 4 1 8 1 3 2 3 6 7 2 5 5 2 6 2 7]

round: 1
best_g_value: 197.0
open_list_size: 0
num_low_level_expanded: 574
search_success: 1
search_time: 1.582266486249864
n_tsp_call: 1
n_tsp_time: 1.5444321539252996
n_roots: 1
num_conflicts: 0
target_assignment: {359: 0, 203: 3, 229: 3, 244: 3, 269: 3, 913: 1, 711: 1, 643: 1, 695: 4, 407: 2}
cluster_target_selection: {7: 359, 2: 203, 4: 229, 6: 244, 3: 269, 9: 913, 5: 711, 0: 643, 1: 695, 8: 407}
num_nodes_transformed_graph: 98
agent_paths:({0: [(6, 10), (7, 10), (7, 11), (6, 11), (5, 11), (4, 11), (3, 11), (2, 11), (2, 12), (2, 13), (3, 13), (4, 13), (5, 13), (6, 13), (7, 13), (8, 13), (9, 13), (10, 13), (11, 13), (12, 13), (13, 13), (13, 14), (13, 14)], 1: [(21, 25), (20, 25), (19, 25), (18, 25), (17, 25), (17, 26), (17, 27), (17, 28), (16, 28), (16, 27), (16, 26), (15, 26), (14, 26), (13, 26), (12, 26), (11, 26), (10, 26), (9, 26), (8, 26), (7, 26), (7, 25), (7, 24), (7, 23), (7, 22), (6, 22), (5, 22), (4, 22), (4, 21), (4, 20), (3, 20), (4, 20), (5, 20), (5, 19), (5, 18), (5, 17), (6, 17), (7, 17), (8, 17), (9, 17), (10, 17), (10, 18), (10, 19), (9, 19), (8, 19), (7, 19), (7, 20), (7, 20)], 2: [(13, 23), (13, 22), (13, 21), (13, 20), (13, 19), (13, 18), (13, 17), (13, 16), (14, 16), (15, 16), (16, 16), (16, 15), (16, 14), (17, 14), (18, 14), (19, 14), (20, 14), (20, 15), (20, 16), (21, 16), (22, 16), (23, 16), (24, 16), (25, 16), (25, 15), (25, 14), (24, 14), (23, 14), (23, 13), (23, 12), (23, 13), (23, 14), (24, 14), (25, 14), (25, 15), (25, 16), (24, 16), (23, 16), (22, 16), (21, 16), (20, 16), (19, 16), (19, 15), (19, 14), (18, 14), (17, 14), (16, 14), (16, 15), (16, 16), (15, 16), (14, 16), (14, 17), (14, 18), (14, 19), (14, 19)], 3: [(10, 4), (11, 4), (11, 5), (11, 6), (10, 6), (10, 7), (9, 7), (8, 7), (7, 7), (6, 7), (5, 7), (6, 7), (7, 7), (8, 7), (9, 7), (10, 7), (10, 6), (10, 5), (9, 5), (8, 5), (8, 4), (8, 3), (8, 2), (9, 2), (10, 2), (11, 2), (12, 2), (13, 2), (14, 2), (15, 2), (16, 2), (17, 2), (18, 2), (19, 2), (20, 2), (21, 2), (22, 2), (22, 3), (22, 4), (22, 5), (22, 6), (22, 7), (21, 7), (20, 7), (19, 7), (18, 7), (17, 7), (16, 7), (15, 7), (14, 7), (13, 7), (13, 8), (14, 8), (14, 9), (14, 10), (14, 10)], 4: [(23, 25), (23, 24), (23, 23), (23, 22), (23, 21), (22, 21), (22, 22), (22, 23), (22, 24), (22, 25), (21, 25), (21, 26), (20, 26), (19, 26), (18, 26), (17, 26), (17, 27), (17, 28), (17, 29), (17, 30), (17, 31), (18, 31), (19, 31), (20, 31), (21, 31), (21, 31)]}, 54)