

CBSS-C STATS
starts:[167, 468, 906, 543, 983]
targets:[741, 267, 944, 734, 973, 194, 49, 560, 735, 941, 727, 904, 173, 814, 83, 428, 461, 62, 694, 339]
dests:[425, 710, 854, 148, 609]
ac_dict:{741: {0, 1}, 267: {1, 2}, 944: {2, 3}, 734: {3, 4}, 425: {0}, 710: {1}, 854: {2}, 148: {3}, 609: {4}}
clusters:[0 8 3 5 1 6 0 6 4 1 4 2 9 2 2 4 8 1 5 7]

round: 3
best_g_value: 286.0
open_list_size: 2
num_low_level_expanded: 2529
search_success: 1
search_time: 2.1449060919694602
n_tsp_call: 1
n_tsp_time: 2.0640538590960205
n_roots: 1
num_conflicts: 2
target_assignment: {49: 0, 83: 0, 560: 1, 735: 3, 734: 3, 461: 3, 339: 3, 173: 3, 941: 2, 944: 2}
cluster_target_selection: {0: 49, 2: 83, 6: 560, 4: 735, 5: 734, 8: 461, 7: 339, 9: 173, 1: 941, 3: 944}
num_nodes_transformed_graph: 98
agent_paths:({0: [(7, 5), (7, 4), (7, 3), (7, 2), (7, 1), (8, 1), (9, 1), (10, 1), (11, 1), (12, 1), (13, 1), (14, 1), (15, 1), (16, 1), (17, 1), (18, 1), (19, 1), (19, 2), (20, 2), (21, 2), (22, 2), (22, 3), (22, 4), (22, 5), (22, 6), (22, 7), (21, 7), (20, 7), (19, 7), (18, 7), (17, 7), (16, 7), (15, 7), (14, 7), (13, 7), (13, 8), (13, 9), (13, 10), (12, 10), (11, 10), (10, 10), (9, 10), (9, 11), (8, 11), (7, 11), (6, 11), (5, 11), (4, 11), (3, 11), (2, 11), (2, 12), (2, 13), (3, 13), (4, 13), (5, 13), (6, 13), (7, 13), (8, 13), (9, 13), (9, 13)], 1: [(20, 14), (19, 14), (18, 14), (17, 14), (16, 14), (16, 15), (16, 16), (16, 17), (15, 17), (14, 17), (13, 17), (13, 18), (13, 19), (13, 20), (13, 21), (13, 22), (13, 23), (13, 24), (13, 25), (12, 25), (11, 25), (10, 25), (9, 25), (8, 25), (7, 25), (7, 24), (7, 23), (6, 23), (6, 22), (6, 22)], 2: [(10, 28), (11, 28), (12, 28), (13, 28), (13, 29), (14, 29), (14, 30), (14, 31), (15, 31), (16, 31), (16, 30), (16, 29), (16, 28), (16, 27), (16, 26), (17, 26), (18, 26), (19, 26), (20, 26), (21, 26), (22, 26), (22, 26)], 3: [(31, 16), (31, 17), (31, 18), (31, 19), (31, 20), (31, 21), (31, 22), (30, 22), (31, 22), (31, 23), (31, 24), (31, 25), (30, 25), (29, 25), (28, 25), (27, 25), (26, 25), (25, 25), (25, 26), (25, 27), (25, 28), (24, 28), (23, 28), (22, 28), (22, 29), (22, 30), (22, 31), (21, 31), (20, 31), (19, 31), (18, 31), (17, 31), (16, 31), (16, 30), (16, 29), (16, 28), (16, 27), (16, 26), (15, 26), (14, 26), (13, 26), (13, 25), (12, 25), (11, 25), (10, 25), (9, 25), (8, 25), (8, 24), (8, 23), (7, 23), (6, 23), (5, 23), (5, 22), (5, 21), (5, 20), (5, 19), (5, 18), (5, 17), (5, 16), (6, 16), (7, 16), (8, 16), (9, 16), (10, 16), (10, 15), (10, 14), (11, 14), (12, 14), (13, 14), (12, 14), (11, 14), (10, 14), (9, 14), (8, 14), (8, 13), (7, 13), (6, 13), (5, 13), (4, 13), (3, 13), (2, 13), (2, 12), (2, 11), (2, 10), (3, 10), (4, 10), (5, 10), (6, 10), (7, 10), (8, 10), (9, 10), (10, 10), (11, 10), (12, 10), (13, 10), (14, 10), (14, 9), (14, 8), (15, 8), (16, 8), (17, 8), (18, 8), (19, 8), (19, 9), (19, 10), (19, 9), (19, 8), (19, 7), (20, 7), (21, 7), (22, 7), (22, 6), (22, 5), (22, 4), (22, 3), (22, 2), (21, 2), (20, 2), (19, 2), (18, 2), (17, 2), (16, 2), (15, 2), (14, 2), (13, 2), (12, 2), (11, 2), (10, 2), (9, 2), (8, 2), (8, 3), (8, 4), (9, 4), (10, 4), (11, 4), (12, 4), (13, 4), (13, 5), (13, 4), (14, 4), (15, 4), (16, 4), (17, 4), (18, 4), (19, 4), (20, 4), (20, 4)], 4: [(23, 30), (22, 30), (22, 31), (21, 31), (20, 31), (19, 31), (18, 31), (17, 31), (16, 31), (16, 30), (16, 29), (16, 28), (16, 27), (16, 26), (15, 26), (14, 26), (13, 26), (12, 26), (11, 26), (10, 26), (9, 26), (8, 26), (7, 26), (7, 25), (7, 24), (7, 23), (6, 23), (5, 23), (4, 23), (4, 22), (4, 21), (4, 20), (3, 20), (2, 20), (1, 20), (1, 19), (1, 19)]}, 145)