

CBSS-C STATS
starts:[821, 618, 283, 988, 791]
targets:[330, 170, 269, 664, 179, 357, 257, 590, 569, 939]
dests:[889, 781, 567, 849, 669]
ac_dict:{330: {0, 1}, 170: {1, 2}, 269: {2, 3}, 664: {3, 4}, 889: {0}, 781: {1}, 567: {2}, 849: {3}, 669: {4}}
clusters:[1 0 1 1 1 1 1 0 1 0]

round: 2
best_g_value: 116.0
open_list_size: 1
num_low_level_expanded: 494
search_success: 1
search_time: 0.07669359119608998
n_tsp_call: 1
n_tsp_time: 0.05995240667834878
n_roots: 1
num_conflicts: 1
target_assignment: {590: 1, 664: 4}
cluster_target_selection: {0: 590, 1: 664}
num_nodes_transformed_graph: 29
agent_paths:({0: [(21, 25), (21, 26), (20, 26), (19, 26), (18, 26), (17, 26), (17, 27), (17, 28), (17, 29), (17, 30), (17, 31), (18, 31), (19, 31), (20, 31), (21, 31), (22, 31), (22, 30), (22, 29), (23, 29), (24, 29), (24, 28), (25, 28), (25, 27), (25, 27)], 1: [(10, 19), (10, 18), (10, 17), (9, 17), (8, 17), (7, 17), (6, 17), (5, 17), (5, 18), (5, 19), (5, 20), (5, 21), (5, 22), (6, 22), (7, 22), (8, 22), (8, 23), (8, 24), (8, 25), (9, 25), (10, 25), (11, 25), (12, 25), (13, 25), (13, 24), (13, 23), (13, 22), (13, 21), (13, 20), (13, 19), (13, 18), (14, 18), (13, 18), (13, 19), (13, 20), (13, 21), (13, 22), (13, 23), (13, 24), (13, 24)], 2: [(27, 8), (26, 8), (25, 8), (25, 9), (25, 10), (25, 11), (25, 12), (25, 13), (25, 14), (25, 15), (25, 16), (24, 16), (23, 16), (23, 17), (23, 17)], 3: [(28, 30), (29, 30), (29, 31), (30, 31), (31, 31), (31, 30), (31, 29), (31, 28), (31, 27), (31, 26), (30, 26), (29, 26), (28, 26), (27, 26), (26, 26), (25, 26), (25, 27), (25, 28), (24, 28), (23, 28), (22, 28), (22, 29), (22, 30), (22, 31), (21, 31), (20, 31), (19, 31), (18, 31), (17, 31), (17, 30), (17, 29), (17, 28), (17, 27), (17, 26), (17, 26)], 4: [(23, 24), (23, 23), (23, 22), (23, 21), (23, 20), (24, 20), (25, 20), (26, 20), (27, 20), (28, 20), (29, 20), (29, 20)]}, 38)