

CBSS-C STATS
starts:[1007, 802, 726, 433, 52]
targets:[516, 814, 86, 890, 731, 452, 1006, 278, 618, 705]
dests:[235, 532, 723, 366, 435]
ac_dict:{516: {0, 1}, 814: {1, 2}, 86: {2, 3}, 890: {3, 4}, 235: {0}, 532: {1}, 723: {2}, 366: {3}, 435: {4}}
clusters:[1 0 1 1 1 1 1 1 1 0]

round: 19
best_g_value: 296.0
open_list_size: 18
num_low_level_expanded: 13038
search_success: 1
search_time: 0.587880820967257
n_tsp_call: 5
n_tsp_time: 0.1844445914030075
n_roots: 1
num_conflicts: 18
target_assignment: {278: 0, 814: 1}
cluster_target_selection: {1: 278, 0: 814}
num_nodes_transformed_graph: 28
agent_paths:({0: [(15, 31), (16, 31), (16, 30), (16, 29), (16, 28), (16, 27), (16, 26), (16, 25), (15, 25), (14, 25), (13, 25), (12, 25), (11, 25), (10, 25), (9, 25), (8, 25), (8, 24), (8, 23), (8, 22), (7, 22), (6, 22), (5, 22), (5, 21), (5, 20), (5, 19), (5, 18), (5, 17), (5, 16), (6, 16), (7, 16), (8, 16), (9, 16), (10, 16), (10, 15), (10, 14), (10, 13), (9, 13), (8, 13), (7, 13), (6, 13), (5, 13), (4, 13), (3, 13), (2, 13), (2, 12), (2, 11), (2, 10), (3, 10), (4, 10), (5, 10), (6, 10), (7, 10), (8, 10), (9, 10), (10, 10), (11, 10), (12, 10), (13, 10), (13, 9), (13, 8), (14, 8), (15, 8), (16, 8), (17, 8), (18, 8), (19, 8), (20, 8), (21, 8), (22, 8), (22, 7), (22, 6), (22, 5), (22, 4), (22, 3), (22, 2), (21, 2), (20, 2), (19, 2), (18, 2), (17, 2), (16, 2), (15, 2), (14, 2), (13, 2), (12, 2), (11, 2), (10, 2), (9, 2), (8, 2), (8, 3), (8, 4), (9, 4), (10, 4), (11, 4), (11, 5), (11, 6), (11, 7), (11, 7)], 1: [(2, 25), (2, 24), (2, 23), (2, 22), (2, 21), (2, 20), (3, 20), (4, 20), (5, 20), (5, 21), (5, 22), (6, 22), (7, 22), (7, 23), (7, 24), (7, 25), (8, 25), (9, 25), (10, 25), (11, 25), (12, 25), (13, 25), (14, 25), (14, 24), (14, 23), (14, 22), (14, 21), (14, 20), (14, 19), (14, 18), (14, 17), (14, 16), (15, 16), (16, 16), (17, 16), (17, 15), (17, 14), (18, 14), (19, 14), (20, 14), (20, 15), (20, 16), (20, 16)], 2: [(22, 22), (22, 23), (22, 24), (22, 25), (21, 25), (20, 25), (19, 25), (19, 24), (19, 23), (19, 22), (19, 22)], 3: [(17, 13), (16, 13), (16, 14), (16, 15), (16, 16), (15, 16), (14, 16), (13, 16), (13, 17), (13, 18), (13, 19), (13, 20), (13, 21), (13, 22), (13, 23), (13, 24), (13, 25), (12, 25), (12, 26), (11, 26), (11, 25), (10, 25), (9, 25), (8, 25), (8, 24), (8, 23), (8, 22), (7, 22), (6, 22), (5, 22), (5, 21), (5, 20), (5, 19), (5, 18), (5, 17), (5, 16), (6, 16), (7, 16), (8, 16), (9, 16), (10, 16), (10, 15), (10, 14), (10, 13), (9, 13), (8, 13), (7, 13), (6, 13), (5, 13), (4, 13), (3, 13), (2, 13), (2, 12), (2, 11), (3, 11), (4, 11), (5, 11), (6, 11), (7, 11), (8, 11), (9, 11), (10, 11), (11, 11), (12, 11), (13, 11), (14, 11), (14, 11)], 4: [(20, 1), (20, 2), (21, 2), (22, 2), (22, 3), (22, 4), (22, 5), (22, 6), (22, 7), (21, 7), (20, 7), (19, 7), (19, 8), (18, 8), (17, 8), (16, 8), (15, 8), (14, 8), (14, 9), (14, 10), (14, 11), (13, 11), (12, 11), (11, 11), (10, 11), (9, 11), (8, 11), (7, 11), (6, 11), (5, 11), (4, 11), (3, 11), (2, 11), (2, 12), (2, 13), (3, 13), (4, 13), (5, 13), (5, 14), (6, 14), (7, 14), (8, 14), (9, 14), (10, 14), (10, 15), (10, 16), (9, 16), (8, 16), (7, 16), (6, 16), (5, 16), (5, 17), (5, 18), (5, 19), (5, 20), (5, 21), (5, 22), (6, 22), (7, 22), (8, 22), (8, 23), (8, 24), (8, 25), (9, 25), (10, 25), (11, 25), (12, 25), (13, 25), (13, 24), (13, 23), (13, 22), (13, 21), (13, 20), (13, 19), (13, 18), (13, 17), (13, 16), (14, 16), (15, 16), (16, 16), (16, 15), (16, 14), (16, 13), (17, 13), (18, 13), (19, 13), (19, 13)]}, 96)