

CBSS-C STATS
starts:[724, 247, 138, 572, 767]
targets:[328, 245, 741, 763, 909, 330, 587, 919, 36, 253, 925, 628, 456, 476, 756, 371, 258, 764, 157, 906]
dests:[1003, 368, 334, 370, 735]
ac_dict:{328: {0, 1}, 245: {1, 2}, 741: {2, 3}, 763: {3, 4}, 1003: {0}, 368: {1}, 334: {2}, 370: {3}, 735: {4}}
clusters:[6 4 7 9 7 5 8 6 3 1 0 3 3 6 4 4 6 3 8 2]

round: 2
best_g_value: 272.0
open_list_size: 1
num_low_level_expanded: 1879
search_success: 1
search_time: 2.4303587111644447
n_tsp_call: 1
n_tsp_time: 2.366197275929153
n_roots: 1
num_conflicts: 1
target_assignment: {906: 0, 476: 3, 253: 3, 741: 3, 587: 3, 330: 3, 925: 4, 763: 4, 764: 4, 245: 1}
cluster_target_selection: {2: 906, 6: 476, 1: 253, 7: 741, 8: 587, 5: 330, 0: 925, 9: 763, 3: 764, 4: 245}
num_nodes_transformed_graph: 98
agent_paths:({0: [(20, 22), (19, 22), (19, 23), (19, 24), (19, 25), (18, 25), (17, 25), (16, 25), (16, 26), (16, 27), (16, 28), (16, 29), (16, 30), (16, 31), (15, 31), (14, 31), (13, 31), (13, 30), (13, 29), (12, 29), (11, 29), (10, 29), (10, 28), (11, 28), (11, 29), (11, 30), (11, 31), (11, 31)], 1: [(23, 7), (22, 7), (21, 7), (20, 7), (19, 7), (19, 8), (19, 9), (19, 10), (18, 10), (17, 10), (16, 10), (16, 11), (16, 11)], 2: [(10, 4), (9, 4), (8, 4), (8, 3), (8, 2), (9, 2), (10, 2), (11, 2), (12, 2), (13, 2), (14, 2), (15, 2), (16, 2), (17, 2), (18, 2), (19, 2), (20, 2), (21, 2), (22, 2), (22, 3), (22, 4), (22, 5), (22, 6), (22, 7), (21, 7), (20, 7), (19, 7), (18, 7), (17, 7), (16, 7), (15, 7), (14, 7), (14, 8), (14, 9), (14, 10), (14, 10)], 3: [(28, 17), (28, 16), (28, 15), (28, 14), (28, 15), (28, 16), (28, 17), (28, 18), (28, 19), (27, 19), (26, 19), (25, 19), (24, 19), (23, 19), (22, 19), (22, 20), (22, 21), (22, 22), (22, 23), (22, 24), (22, 25), (21, 25), (20, 25), (19, 25), (18, 25), (17, 25), (16, 25), (15, 25), (14, 25), (14, 24), (14, 23), (14, 22), (14, 21), (14, 20), (14, 19), (14, 18), (14, 17), (14, 16), (15, 16), (16, 16), (16, 15), (16, 14), (17, 14), (18, 14), (19, 14), (20, 14), (20, 15), (20, 16), (21, 16), (22, 16), (23, 16), (24, 16), (25, 16), (25, 15), (25, 14), (25, 13), (25, 12), (25, 11), (25, 10), (25, 9), (25, 8), (25, 7), (26, 7), (27, 7), (28, 7), (29, 7), (28, 7), (27, 7), (26, 7), (25, 7), (25, 8), (25, 9), (25, 10), (25, 11), (25, 12), (25, 13), (25, 14), (25, 15), (25, 16), (24, 16), (23, 16), (22, 16), (21, 16), (20, 16), (19, 16), (19, 15), (19, 14), (18, 14), (17, 14), (16, 14), (16, 15), (16, 16), (15, 16), (14, 16), (13, 16), (13, 17), (13, 18), (13, 19), (13, 20), (13, 21), (13, 22), (13, 23), (13, 24), (13, 25), (12, 25), (11, 25), (10, 25), (9, 25), (8, 25), (7, 25), (7, 24), (7, 23), (6, 23), (5, 23), (5, 22), (5, 21), (5, 20), (5, 19), (5, 18), (5, 17), (6, 17), (7, 17), (8, 17), (9, 17), (10, 17), (11, 17), (11, 18), (10, 18), (10, 17), (10, 16), (10, 15), (10, 14), (10, 13), (9, 13), (8, 13), (7, 13), (6, 13), (5, 13), (4, 13), (3, 13), (2, 13), (2, 12), (2, 11), (2, 10), (3, 10), (4, 10), (5, 10), (6, 10), (7, 10), (8, 10), (9, 10), (10, 10), (11, 10), (12, 10), (13, 10), (13, 9), (14, 9), (14, 8), (15, 8), (16, 8), (17, 8), (18, 8), (19, 8), (19, 9), (19, 10), (18, 10), (18, 11), (18, 11)], 4: [(31, 23), (31, 24), (31, 25), (31, 26), (31, 27), (31, 28), (31, 29), (31, 30), (31, 31), (30, 31), (29, 31), (29, 30), (29, 29), (29, 28), (29, 29), (29, 30), (29, 31), (30, 31), (31, 31), (31, 30), (31, 29), (31, 28), (31, 27), (31, 26), (31, 25), (31, 24), (31, 23), (30, 23), (29, 23), (28, 23), (27, 23), (28, 23), (28, 22), (29, 22), (30, 22), (31, 22), (31, 22)]}, 166)