

CBSS-C STATS
starts:[818, 738, 756, 278, 660]
targets:[49, 821, 995, 642, 930, 957, 764, 905, 731, 828]
dests:[845, 465, 251, 676, 284]
ac_dict:{49: {0, 1}, 821: {1, 2}, 995: {2, 3}, 642: {3, 4}, 845: {0}, 465: {1}, 251: {2}, 676: {3}, 284: {4}}
clusters:[0 0 0 0 1 0 1 1 1 0]

round: 1
best_g_value: 164.0
open_list_size: 0
num_low_level_expanded: 563
search_success: 1
search_time: 0.15607446106150746
n_tsp_call: 1
n_tsp_time: 0.134524155408144
n_roots: 1
num_conflicts: 0
target_assignment: {930: 1, 821: 2}
cluster_target_selection: {1: 930, 0: 821}
num_nodes_transformed_graph: 48
agent_paths:({0: [(18, 25), (17, 25), (16, 25), (15, 25), (14, 25), (13, 25), (13, 26), (13, 26)], 1: [(2, 23), (2, 24), (2, 25), (2, 26), (2, 27), (2, 28), (2, 29), (2, 28), (2, 27), (2, 26), (2, 25), (2, 24), (2, 23), (2, 22), (2, 21), (2, 20), (3, 20), (4, 20), (5, 20), (5, 21), (5, 22), (6, 22), (7, 22), (8, 22), (8, 23), (8, 24), (8, 25), (9, 25), (10, 25), (11, 25), (12, 25), (13, 25), (13, 24), (13, 23), (13, 22), (13, 21), (13, 20), (13, 19), (13, 18), (13, 17), (13, 16), (14, 16), (15, 16), (16, 16), (16, 15), (16, 14), (17, 14), (17, 14)], 2: [(20, 23), (20, 24), (20, 25), (21, 25), (20, 25), (19, 25), (18, 25), (17, 25), (16, 25), (15, 25), (14, 25), (14, 24), (14, 23), (14, 22), (14, 21), (14, 20), (14, 19), (14, 18), (14, 17), (14, 16), (15, 16), (16, 16), (16, 15), (16, 14), (17, 14), (18, 14), (19, 14), (20, 14), (20, 15), (20, 16), (21, 16), (22, 16), (23, 16), (24, 16), (25, 16), (25, 15), (25, 14), (25, 13), (25, 12), (25, 11), (25, 10), (25, 9), (25, 8), (25, 7), (26, 7), (27, 7), (27, 7)], 3: [(22, 8), (21, 8), (20, 8), (19, 8), (18, 8), (17, 8), (16, 8), (15, 8), (14, 8), (13, 8), (13, 9), (13, 10), (12, 10), (11, 10), (10, 10), (9, 10), (8, 10), (7, 10), (6, 10), (5, 10), (4, 10), (4, 11), (3, 11), (2, 11), (2, 12), (2, 13), (3, 13), (4, 13), (4, 14), (5, 14), (6, 14), (7, 14), (8, 14), (9, 14), (10, 14), (10, 15), (10, 16), (9, 16), (8, 16), (7, 16), (6, 16), (5, 16), (4, 16), (4, 17), (4, 18), (4, 19), (4, 20), (4, 21), (4, 21)], 4: [(20, 20), (20, 19), (20, 18), (20, 17), (20, 16), (21, 16), (22, 16), (23, 16), (24, 16), (25, 16), (25, 15), (25, 14), (25, 13), (25, 12), (25, 11), (25, 10), (25, 9), (25, 8), (26, 8), (27, 8), (28, 8), (28, 8)]}, 47)