

CBSS-C STATS
starts:[1000, 509, 371, 532, 847]
targets:[135, 127, 33, 935, 674, 742, 964, 905, 921, 1020]
dests:[769, 741, 406, 994, 811]
ac_dict:{135: {0, 1}, 127: {1, 2}, 33: {2, 3}, 935: {3, 4}, 769: {0}, 741: {1}, 406: {2}, 994: {3}, 811: {4}}
clusters:[1 1 0 0 0 0 0 1 1 1]

round: 9
best_g_value: 230.0
open_list_size: 8
num_low_level_expanded: 4730
search_success: 1
search_time: 0.885770627297461
n_tsp_call: 4
n_tsp_time: 0.5033897925168276
n_roots: 1
num_conflicts: 8
target_assignment: {905: 0, 742: 0}
cluster_target_selection: {1: 905, 0: 742}
num_nodes_transformed_graph: 48
agent_paths:({0: [(8, 31), (9, 31), (10, 31), (10, 30), (10, 29), (9, 29), (9, 28), (10, 28), (11, 28), (12, 28), (13, 28), (14, 28), (14, 29), (14, 30), (14, 31), (15, 31), (16, 31), (16, 30), (16, 29), (16, 28), (16, 27), (16, 26), (15, 26), (14, 26), (13, 26), (12, 26), (11, 26), (10, 26), (9, 26), (8, 26), (7, 26), (7, 25), (7, 24), (7, 23), (6, 23), (5, 23), (4, 23), (4, 22), (4, 21), (4, 20), (3, 20), (2, 20), (1, 20), (1, 21), (1, 22), (1, 23), (1, 24), (1, 24)], 1: [(29, 15), (28, 15), (28, 16), (28, 17), (28, 18), (28, 19), (27, 19), (26, 19), (25, 19), (24, 19), (23, 19), (22, 19), (22, 20), (22, 21), (22, 22), (22, 23), (22, 24), (22, 25), (21, 25), (20, 25), (19, 25), (18, 25), (17, 25), (16, 25), (15, 25), (14, 25), (13, 25), (12, 25), (12, 26), (11, 26), (10, 26), (9, 26), (8, 26), (7, 26), (7, 25), (7, 24), (7, 23), (6, 23), (5, 23), (5, 23)], 2: [(19, 11), (19, 10), (19, 9), (19, 8), (18, 8), (17, 8), (16, 8), (15, 8), (14, 8), (14, 9), (14, 10), (14, 11), (13, 11), (12, 11), (11, 11), (10, 11), (9, 11), (8, 11), (7, 11), (6, 11), (5, 11), (4, 11), (3, 11), (2, 11), (2, 12), (2, 13), (3, 13), (4, 13), (5, 13), (6, 13), (7, 13), (8, 13), (9, 13), (10, 13), (10, 14), (10, 15), (10, 16), (9, 16), (8, 16), (7, 16), (6, 16), (5, 16), (5, 17), (5, 18), (5, 19), (5, 20), (5, 21), (5, 22), (6, 22), (7, 22), (8, 22), (8, 23), (8, 24), (8, 25), (9, 25), (10, 25), (10, 26), (11, 26), (12, 26), (12, 25), (13, 25), (13, 24), (13, 23), (13, 22), (13, 21), (13, 20), (13, 19), (13, 18), (13, 17), (13, 16), (14, 16), (15, 16), (16, 16), (16, 15), (16, 14), (17, 14), (18, 14), (19, 14), (20, 14), (20, 15), (20, 16), (21, 16), (22, 16), (23, 16), (24, 16), (25, 16), (25, 15), (25, 14), (24, 14), (23, 14), (22, 14), (22, 13), (22, 12), (22, 12)], 3: [(20, 16), (19, 16), (19, 15), (19, 14), (18, 14), (17, 14), (16, 14), (16, 15), (16, 16), (15, 16), (14, 16), (13, 16), (13, 17), (13, 18), (13, 19), (13, 20), (13, 21), (13, 22), (13, 23), (13, 24), (13, 25), (12, 25), (12, 26), (11, 26), (10, 26), (9, 26), (8, 26), (7, 26), (7, 25), (7, 24), (7, 23), (6, 23), (5, 23), (4, 23), (4, 22), (4, 21), (4, 20), (3, 20), (2, 20), (2, 21), (2, 22), (2, 23), (2, 24), (2, 25), (2, 26), (2, 27), (2, 28), (2, 29), (2, 30), (2, 31), (2, 31)], 4: [(15, 26), (14, 26), (13, 26), (12, 26), (11, 26), (11, 25), (11, 25)]}, 92)