

CBSS-C STATS
starts:[446, 103, 336, 658, 100]
targets:[60, 194, 1012, 482, 1018, 912, 724, 733, 840, 417]
dests:[287, 365, 552, 997, 333]
ac_dict:{60: {0, 1}, 194: {1, 2}, 1012: {2, 3}, 482: {3, 4}, 287: {0}, 365: {1}, 552: {2}, 997: {3}, 333: {4}}
clusters:[1 0 0 1 1 0 0 1 1 1]

round: 66
best_g_value: 326.0
open_list_size: 65
num_low_level_expanded: 61332
search_success: 1
search_time: 2.3379228180274367
n_tsp_call: 4
n_tsp_time: 0.5006383773870766
n_roots: 1
num_conflicts: 65
target_assignment: {912: 0, 840: 0}
cluster_target_selection: {0: 912, 1: 840}
num_nodes_transformed_graph: 48
agent_paths:({0: [(30, 13), (29, 13), (28, 13), (28, 14), (28, 15), (28, 16), (28, 17), (28, 18), (28, 19), (27, 19), (26, 19), (25, 19), (24, 19), (23, 19), (22, 19), (22, 20), (22, 21), (22, 22), (22, 23), (22, 24), (22, 25), (21, 25), (20, 25), (19, 25), (18, 25), (17, 25), (16, 25), (16, 26), (16, 27), (16, 28), (16, 27), (16, 26), (15, 26), (14, 26), (13, 26), (12, 26), (11, 26), (10, 26), (9, 26), (8, 26), (8, 25), (8, 24), (8, 23), (8, 22), (7, 22), (6, 22), (5, 22), (5, 21), (5, 20), (5, 19), (5, 18), (5, 17), (5, 16), (6, 16), (7, 16), (8, 16), (9, 16), (10, 16), (10, 15), (10, 14), (10, 13), (9, 13), (8, 13), (7, 13), (6, 13), (5, 13), (4, 13), (3, 13), (2, 13), (2, 12), (2, 11), (2, 10), (3, 10), (4, 10), (5, 10), (6, 10), (7, 10), (8, 10), (9, 10), (10, 10), (11, 10), (12, 10), (13, 10), (13, 9), (13, 8), (14, 8), (15, 8), (16, 8), (17, 8), (18, 8), (19, 8), (20, 8), (21, 8), (22, 8), (23, 8), (23, 7), (23, 6), (23, 5), (23, 4), (23, 3), (23, 2), (24, 2), (25, 2), (26, 2), (27, 2), (28, 2), (29, 2), (30, 2), (31, 2), (31, 3), (31, 4), (31, 5), (31, 6), (31, 7), (31, 8), (31, 8)], 1: [(7, 3), (8, 3), (8, 2), (9, 2), (10, 2), (11, 2), (12, 2), (13, 2), (14, 2), (15, 2), (16, 2), (17, 2), (18, 2), (19, 2), (20, 2), (21, 2), (22, 2), (22, 3), (22, 4), (22, 5), (22, 6), (22, 7), (21, 7), (20, 7), (19, 7), (18, 7), (17, 7), (16, 7), (15, 7), (14, 7), (13, 7), (13, 8), (13, 9), (13, 10), (13, 11), (13, 11)], 2: [(16, 10), (17, 10), (18, 10), (19, 10), (19, 9), (19, 8), (18, 8), (17, 8), (16, 8), (15, 8), (14, 8), (13, 8), (13, 9), (13, 10), (12, 10), (11, 10), (10, 10), (9, 10), (8, 10), (8, 11), (7, 11), (6, 11), (5, 11), (4, 11), (3, 11), (2, 11), (2, 12), (2, 13), (3, 13), (4, 13), (5, 13), (6, 13), (7, 13), (8, 13), (8, 14), (9, 14), (10, 14), (10, 15), (10, 16), (9, 16), (8, 16), (8, 17), (8, 17)], 3: [(18, 20), (18, 19), (19, 19), (19, 18), (19, 17), (19, 16), (19, 15), (19, 14), (18, 14), (17, 14), (16, 14), (16, 15), (16, 16), (15, 16), (14, 16), (13, 16), (13, 17), (13, 18), (13, 19), (13, 20), (13, 21), (13, 22), (13, 23), (13, 24), (13, 25), (12, 25), (11, 25), (10, 25), (9, 25), (8, 25), (7, 25), (7, 24), (7, 23), (6, 23), (5, 23), (4, 23), (4, 22), (4, 21), (4, 20), (3, 20), (2, 20), (2, 21), (2, 22), (2, 23), (2, 24), (2, 25), (2, 26), (2, 27), (2, 28), (2, 29), (2, 30), (2, 31), (3, 31), (4, 31), (5, 31), (5, 31)], 4: [(4, 3), (4, 4), (4, 5), (3, 5), (2, 5), (2, 6), (2, 7), (3, 7), (4, 7), (5, 7), (6, 7), (7, 7), (8, 7), (9, 7), (10, 7), (10, 6), (10, 5), (9, 5), (8, 5), (8, 4), (8, 3), (8, 2), (9, 2), (10, 2), (11, 2), (12, 2), (13, 2), (14, 2), (15, 2), (16, 2), (17, 2), (18, 2), (19, 2), (20, 2), (21, 2), (22, 2), (22, 3), (22, 4), (22, 5), (22, 6), (22, 7), (21, 7), (20, 7), (19, 7), (18, 7), (17, 7), (16, 7), (15, 7), (14, 7), (14, 8), (14, 9), (14, 10), (14, 10), (14, 10), (14, 10), (14, 10), (14, 10), (14, 10), (14, 10), (14, 10), (14, 10), (14, 10), (14, 10), (14, 10), (14, 10), (14, 10), (14, 10), (14, 10), (14, 10), (14, 10), (14, 10), (14, 10), (14, 10), (14, 10), (14, 10), (14, 10), (14, 10), (14, 10), (14, 10), (14, 10), (14, 10), (14, 10), (14, 10), (13, 10), (13, 10)]}, 114)