

CBSS-C STATS
starts:[563, 724, 58, 255, 232]
targets:[925, 1017, 51, 645, 154, 516, 45, 436, 628, 277, 203, 324, 139, 56, 44, 910, 150, 922, 658, 321]
dests:[343, 449, 807, 233, 664]
ac_dict:{925: {0, 1}, 1017: {1, 2}, 51: {2, 3}, 645: {3, 4}, 343: {0}, 449: {1}, 807: {2}, 233: {3}, 664: {4}}
clusters:[6 8 1 6 8 5 9 1 4 4 0 8 2 9 7 3 0 3 0 2]

round: 1
best_g_value: 288.0
open_list_size: 0
num_low_level_expanded: 870
search_success: 1
search_time: 0.5367238172329962
n_tsp_call: 1
n_tsp_time: 0.49292261991649866
n_roots: 1
num_conflicts: 0
target_assignment: {645: 4, 910: 4, 51: 3, 45: 3, 44: 3, 150: 2, 277: 2, 324: 2, 321: 2, 516: 2}
cluster_target_selection: {6: 645, 3: 910, 1: 51, 9: 45, 7: 44, 0: 150, 4: 277, 8: 324, 2: 321, 5: 516}
num_nodes_transformed_graph: 54
agent_paths:({0: [(19, 17), (19, 16), (20, 16), (21, 16), (22, 16), (23, 16), (24, 16), (25, 16), (25, 15), (25, 14), (24, 14), (23, 14), (23, 13), (23, 12), (23, 11), (23, 10), (23, 10)], 1: [(20, 22), (19, 22), (19, 23), (19, 24), (19, 25), (18, 25), (17, 25), (16, 25), (15, 25), (14, 25), (13, 25), (12, 25), (11, 25), (10, 25), (9, 25), (8, 25), (7, 25), (7, 24), (7, 23), (6, 23), (5, 23), (5, 22), (5, 21), (5, 20), (5, 19), (5, 18), (5, 17), (5, 16), (6, 16), (7, 16), (8, 16), (9, 16), (10, 16), (10, 15), (10, 14), (9, 14), (8, 14), (7, 14), (6, 14), (5, 14), (4, 14), (3, 14), (2, 14), (1, 14), (1, 14)], 2: [(26, 1), (25, 1), (24, 1), (23, 1), (22, 1), (22, 2), (22, 3), (22, 4), (22, 5), (22, 6), (22, 7), (21, 7), (21, 8), (20, 8), (19, 8), (18, 8), (17, 8), (16, 8), (15, 8), (14, 8), (13, 8), (13, 9), (13, 10), (12, 10), (11, 10), (10, 10), (9, 10), (8, 10), (7, 10), (6, 10), (5, 10), (4, 10), (3, 10), (2, 10), (1, 10), (2, 10), (2, 11), (2, 12), (2, 13), (3, 13), (4, 13), (4, 14), (5, 14), (6, 14), (7, 14), (8, 14), (9, 14), (10, 14), (10, 15), (10, 16), (9, 16), (8, 16), (7, 16), (6, 16), (5, 16), (4, 16), (5, 16), (5, 17), (5, 18), (5, 19), (5, 20), (5, 21), (5, 22), (6, 22), (7, 22), (7, 23), (7, 24), (7, 25), (7, 25)], 3: [(31, 7), (31, 6), (31, 5), (31, 4), (31, 3), (31, 2), (30, 2), (29, 2), (28, 2), (27, 2), (26, 2), (25, 2), (24, 2), (23, 2), (22, 2), (21, 2), (20, 2), (19, 2), (19, 1), (18, 1), (17, 1), (16, 1), (15, 1), (14, 1), (13, 1), (12, 1), (11, 1), (10, 1), (9, 1), (9, 2), (8, 2), (8, 3), (8, 4), (9, 4), (9, 5), (10, 5), (10, 6), (10, 7), (9, 7), (9, 7)], 4: [(8, 7), (9, 7), (10, 7), (10, 6), (10, 5), (9, 5), (8, 5), (8, 4), (8, 3), (8, 2), (9, 2), (10, 2), (11, 2), (12, 2), (13, 2), (14, 2), (15, 2), (16, 2), (17, 2), (18, 2), (19, 2), (20, 2), (21, 2), (22, 2), (22, 3), (22, 4), (22, 5), (22, 6), (22, 7), (21, 7), (20, 7), (19, 7), (18, 7), (17, 7), (16, 7), (15, 7), (14, 7), (13, 7), (13, 8), (13, 9), (13, 10), (12, 10), (11, 10), (10, 10), (9, 10), (8, 10), (7, 10), (6, 10), (5, 10), (5, 11), (4, 11), (3, 11), (2, 11), (2, 12), (2, 13), (3, 13), (4, 13), (5, 13), (5, 14), (6, 14), (7, 14), (8, 14), (9, 14), (10, 14), (10, 15), (10, 16), (9, 16), (8, 16), (7, 16), (6, 16), (5, 16), (5, 17), (5, 18), (5, 19), (5, 20), (5, 21), (5, 22), (6, 22), (7, 22), (8, 22), (8, 23), (8, 24), (8, 25), (9, 25), (10, 25), (11, 25), (12, 25), (13, 25), (14, 25), (14, 26), (15, 26), (16, 26), (16, 27), (16, 28), (16, 29), (16, 30), (16, 31), (15, 31), (14, 31), (14, 30), (14, 29), (14, 28), (14, 29), (14, 30), (14, 31), (15, 31), (16, 31), (16, 30), (16, 29), (16, 28), (16, 27), (16, 26), (16, 25), (17, 25), (18, 25), (19, 25), (20, 25), (21, 25), (22, 25), (22, 24), (22, 23), (22, 22), (22, 21), (22, 20), (23, 20), (24, 20), (24, 20)]}, 125)