

CBSS-C STATS
starts:[330, 188, 36, 421, 635]
targets:[537, 497, 223, 921, 1022, 854, 157, 406, 811, 425, 227, 898, 787, 790, 540, 880, 758, 345, 714, 182]
dests:[523, 251, 159, 350, 855]
ac_dict:{537: {0, 1}, 497: {1, 2}, 223: {2, 3}, 921: {3, 4}, 523: {0}, 251: {1}, 159: {2}, 350: {3}, 855: {4}}
clusters:[3 8 2 0 5 4 5 1 0 5 5 5 5 2 7 9 5 4 6 2]

round: 1
best_g_value: 271.0
open_list_size: 0
num_low_level_expanded: 754
search_success: 1
search_time: 0.4753687670454383
n_tsp_call: 1
n_tsp_time: 0.4389034560881555
n_roots: 1
num_conflicts: 0
target_assignment: {182: 1, 714: 1, 811: 1, 497: 1, 537: 1, 406: 1, 880: 3, 854: 3, 758: 3, 540: 3}
cluster_target_selection: {2: 182, 6: 714, 0: 811, 8: 497, 3: 537, 1: 406, 9: 880, 4: 854, 5: 758, 7: 540}
num_nodes_transformed_graph: 54
agent_paths:({0: [(10, 10), (10, 11), (9, 11), (8, 11), (7, 11), (6, 11), (5, 11), (4, 11), (3, 11), (2, 11), (2, 12), (2, 13), (3, 13), (4, 13), (5, 13), (6, 13), (7, 13), (8, 13), (9, 13), (10, 13), (11, 13), (11, 14), (11, 15), (11, 16), (11, 16)], 1: [(28, 5), (28, 4), (28, 3), (28, 2), (27, 2), (26, 2), (25, 2), (24, 2), (23, 2), (22, 2), (22, 3), (22, 4), (22, 5), (22, 6), (22, 7), (21, 7), (20, 7), (19, 7), (18, 7), (17, 7), (16, 7), (15, 7), (14, 7), (13, 7), (13, 8), (13, 9), (13, 10), (12, 10), (11, 10), (10, 10), (10, 11), (9, 11), (8, 11), (7, 11), (6, 11), (5, 11), (4, 11), (3, 11), (2, 11), (2, 12), (2, 13), (3, 13), (4, 13), (5, 13), (6, 13), (7, 13), (8, 13), (9, 13), (10, 13), (10, 14), (10, 15), (10, 16), (10, 17), (9, 17), (8, 17), (7, 17), (6, 17), (5, 17), (5, 18), (5, 19), (5, 20), (5, 21), (5, 22), (6, 22), (7, 22), (8, 22), (9, 22), (10, 22), (10, 23), (9, 23), (8, 23), (8, 24), (8, 25), (9, 25), (10, 25), (11, 25), (12, 25), (13, 25), (13, 24), (13, 23), (13, 22), (13, 21), (13, 20), (13, 19), (13, 18), (13, 17), (13, 16), (14, 16), (15, 16), (16, 16), (16, 15), (17, 15), (17, 14), (18, 14), (19, 14), (20, 14), (20, 15), (20, 16), (21, 16), (22, 16), (23, 16), (24, 16), (25, 16), (25, 15), (25, 14), (24, 14), (23, 14), (22, 14), (22, 13), (22, 12), (23, 12), (23, 13), (24, 13), (25, 13), (25, 12), (25, 11), (25, 10), (25, 9), (25, 8), (25, 7), (26, 7), (27, 7), (27, 7)], 2: [(4, 1), (4, 2), (4, 3), (4, 4), (3, 4), (2, 4), (2, 5), (2, 6), (2, 7), (3, 7), (4, 7), (5, 7), (6, 7), (7, 7), (8, 7), (9, 7), (10, 7), (10, 6), (10, 5), (10, 4), (9, 4), (8, 4), (8, 3), (8, 2), (9, 2), (10, 2), (11, 2), (12, 2), (13, 2), (14, 2), (15, 2), (16, 2), (17, 2), (18, 2), (19, 2), (20, 2), (21, 2), (22, 2), (23, 2), (24, 2), (25, 2), (26, 2), (27, 2), (28, 2), (29, 2), (30, 2), (31, 2), (31, 3), (31, 4), (31, 4)], 3: [(5, 13), (6, 13), (7, 13), (8, 13), (9, 13), (10, 13), (10, 14), (10, 15), (10, 16), (10, 17), (9, 17), (8, 17), (7, 17), (6, 17), (5, 17), (5, 18), (5, 19), (5, 20), (5, 21), (5, 22), (6, 22), (7, 22), (8, 22), (8, 23), (8, 24), (8, 25), (9, 25), (10, 25), (11, 25), (12, 25), (13, 25), (14, 25), (15, 25), (16, 25), (16, 26), (16, 27), (16, 26), (17, 26), (18, 26), (19, 26), (20, 26), (21, 26), (22, 26), (22, 25), (22, 24), (22, 23), (22, 22), (22, 21), (22, 20), (22, 19), (23, 19), (24, 19), (25, 19), (26, 19), (27, 19), (28, 19), (28, 18), (28, 17), (28, 16), (28, 15), (28, 14), (28, 13), (29, 13), (30, 13), (31, 13), (31, 12), (31, 11), (30, 11), (30, 10), (30, 10)], 4: [(27, 19), (26, 19), (25, 19), (24, 19), (23, 19), (23, 20), (23, 21), (23, 22), (23, 23), (23, 24), (23, 25), (23, 26), (23, 26)]}, 121)