

CBSS-C STATS
starts:[933, 552, 57, 497, 460]
targets:[761, 266, 186, 743, 648, 651, 842, 631, 910, 528, 996, 454, 467, 826, 1000, 897, 83, 233, 217, 903]
dests:[605, 802, 148, 321, 60]
ac_dict:{761: {0, 1}, 266: {1, 2}, 186: {2, 3}, 743: {3, 4}, 605: {0}, 802: {1}, 148: {2}, 321: {3}, 60: {4}}
clusters:[7 9 4 2 3 8 1 4 0 1 1 1 5 7 1 2 4 1 9 6]

round: 4
best_g_value: 295.0
open_list_size: 3
num_low_level_expanded: 2018
search_success: 1
search_time: 15.902803661301732
n_tsp_call: 15
n_tsp_time: 15.590678080916405
n_roots: 1
num_conflicts: 3
target_assignment: {910: 0, 903: 0, 826: 0, 467: 3, 743: 3, 648: 3, 651: 3, 454: 4, 83: 2, 266: 2}
cluster_target_selection: {0: 910, 6: 903, 7: 826, 5: 467, 2: 743, 3: 648, 8: 651, 1: 454, 4: 83, 9: 266}
num_nodes_transformed_graph: 98
agent_paths:({0: [(5, 29), (4, 29), (4, 30), (4, 31), (3, 31), (2, 31), (2, 30), (2, 29), (2, 28), (1, 28), (1, 27), (1, 26), (1, 25), (1, 24), (2, 24), (2, 23), (2, 22), (2, 21), (2, 20), (3, 20), (4, 20), (5, 20), (5, 21), (5, 22), (6, 22), (7, 22), (8, 22), (8, 23), (8, 24), (8, 25), (9, 25), (10, 25), (11, 25), (12, 25), (13, 25), (14, 25), (14, 26), (15, 26), (16, 26), (16, 27), (16, 28), (16, 29), (16, 30), (16, 31), (15, 31), (14, 31), (14, 30), (14, 29), (14, 28), (13, 28), (12, 28), (11, 28), (10, 28), (9, 28), (8, 28), (7, 28), (8, 28), (9, 28), (10, 28), (11, 28), (12, 28), (13, 28), (14, 28), (14, 29), (14, 30), (14, 31), (15, 31), (16, 31), (17, 31), (18, 31), (19, 31), (20, 31), (21, 31), (22, 31), (22, 30), (22, 29), (22, 28), (23, 28), (24, 28), (25, 28), (25, 27), (25, 26), (25, 25), (26, 25), (25, 25), (25, 26), (25, 27), (25, 28), (24, 28), (23, 28), (22, 28), (22, 29), (22, 30), (22, 31), (21, 31), (20, 31), (19, 31), (18, 31), (17, 31), (17, 30), (17, 29), (17, 28), (17, 27), (17, 26), (17, 25), (18, 25), (19, 25), (20, 25), (21, 25), (22, 25), (22, 24), (22, 23), (22, 22), (22, 21), (22, 20), (22, 19), (23, 19), (24, 19), (25, 19), (26, 19), (27, 19), (28, 19), (28, 18), (29, 18), (29, 18)], 1: [(8, 17), (7, 17), (6, 17), (5, 17), (4, 17), (4, 18), (4, 19), (3, 19), (2, 19), (2, 20), (2, 21), (2, 22), (2, 23), (2, 24), (2, 25), (2, 25)], 2: [(25, 1), (24, 1), (23, 1), (22, 1), (21, 1), (20, 1), (19, 1), (19, 2), (18, 2), (17, 2), (16, 2), (15, 2), (14, 2), (13, 2), (12, 2), (11, 2), (10, 2), (9, 2), (8, 2), (8, 3), (8, 4), (9, 4), (10, 4), (10, 5), (10, 6), (10, 7), (10, 8), (10, 7), (10, 6), (10, 5), (10, 4), (11, 4), (12, 4), (13, 4), (14, 4), (15, 4), (16, 4), (17, 4), (18, 4), (19, 4), (20, 4), (20, 4)], 3: [(17, 15), (17, 14), (18, 14), (19, 14), (18, 14), (17, 14), (16, 14), (16, 15), (16, 16), (15, 16), (14, 16), (13, 16), (13, 17), (13, 18), (13, 19), (13, 20), (13, 21), (13, 22), (13, 23), (13, 24), (13, 25), (12, 25), (11, 25), (10, 25), (9, 25), (8, 25), (7, 25), (7, 24), (7, 23), (7, 22), (6, 22), (5, 22), (5, 21), (5, 20), (5, 19), (5, 18), (5, 17), (6, 17), (7, 17), (8, 17), (9, 17), (10, 17), (10, 18), (10, 19), (9, 19), (8, 19), (8, 20), (9, 20), (10, 20), (11, 20), (10, 20), (10, 19), (10, 18), (10, 17), (10, 16), (10, 15), (10, 14), (9, 14), (8, 14), (7, 14), (6, 14), (5, 14), (4, 14), (3, 14), (2, 14), (1, 14), (1, 13), (1, 12), (1, 11), (1, 10), (1, 10)], 4: [(12, 14), (11, 14), (10, 14), (9, 14), (8, 14), (7, 14), (6, 14), (6, 13), (5, 13), (4, 13), (3, 13), (2, 13), (2, 12), (2, 11), (2, 10), (3, 10), (4, 10), (5, 10), (6, 10), (7, 10), (8, 10), (9, 10), (10, 10), (11, 10), (12, 10), (13, 10), (13, 9), (13, 8), (13, 7), (14, 7), (15, 7), (16, 7), (17, 7), (18, 7), (19, 7), (20, 7), (21, 7), (22, 7), (22, 6), (22, 5), (22, 4), (22, 3), (22, 2), (22, 1), (23, 1), (24, 1), (25, 1), (26, 1), (27, 1), (28, 1), (28, 1)]}, 123)