

CBSS-C STATS
starts:[568, 143, 628, 834, 890]
targets:[586, 880, 468, 904, 364, 420, 857, 1015, 172, 734, 766, 239, 272, 263, 345, 708, 434, 744, 828, 307]
dests:[624, 881, 490, 833, 909]
ac_dict:{586: {0, 1}, 880: {1, 2}, 468: {2, 3}, 904: {3, 4}, 624: {0}, 881: {1}, 490: {2}, 833: {3}, 909: {4}}
clusters:[6 5 8 1 5 5 9 8 2 3 5 4 2 0 6 6 1 7 7 3]

round: 4
best_g_value: 196.0
open_list_size: 3
num_low_level_expanded: 2814
search_success: 1
search_time: 13.91525046294555
n_tsp_call: 15
n_tsp_time: 13.622187889181077
n_roots: 1
num_conflicts: 3
target_assignment: {857: 4, 263: 1, 307: 1, 272: 1, 239: 1, 420: 1, 586: 1, 744: 1, 468: 2, 434: 2}
cluster_target_selection: {9: 857, 0: 263, 3: 307, 2: 272, 4: 239, 5: 420, 6: 586, 7: 744, 8: 468, 1: 434}
num_nodes_transformed_graph: 98
agent_paths:({0: [(24, 17), (23, 17), (22, 17), (21, 17), (20, 17), (19, 17), (19, 18), (19, 19), (18, 19), (17, 19), (16, 19), (16, 19)], 1: [(15, 4), (14, 4), (13, 4), (12, 4), (11, 4), (10, 4), (10, 5), (10, 6), (10, 7), (9, 7), (8, 7), (7, 7), (7, 8), (8, 8), (9, 8), (10, 8), (10, 7), (10, 6), (10, 5), (9, 5), (8, 5), (8, 4), (8, 3), (8, 2), (9, 2), (10, 2), (11, 2), (12, 2), (13, 2), (14, 2), (15, 2), (16, 2), (17, 2), (18, 2), (19, 2), (20, 2), (21, 2), (22, 2), (22, 3), (22, 4), (22, 5), (22, 6), (22, 7), (21, 7), (20, 7), (19, 7), (19, 8), (19, 9), (19, 8), (18, 8), (17, 8), (16, 8), (15, 8), (15, 7), (14, 7), (13, 7), (13, 8), (13, 9), (13, 10), (12, 10), (11, 10), (10, 10), (9, 10), (8, 10), (7, 10), (6, 10), (5, 10), (4, 10), (4, 11), (3, 11), (2, 11), (2, 12), (2, 13), (3, 13), (4, 13), (5, 13), (6, 13), (7, 13), (8, 13), (9, 13), (10, 13), (10, 14), (11, 14), (11, 15), (11, 16), (10, 16), (10, 17), (10, 18), (10, 17), (9, 17), (8, 17), (7, 17), (6, 17), (5, 17), (5, 18), (5, 19), (5, 20), (5, 21), (5, 22), (6, 22), (7, 22), (8, 22), (8, 23), (8, 24), (8, 25), (9, 25), (10, 25), (11, 25), (12, 25), (13, 25), (14, 25), (15, 25), (16, 25), (17, 25), (17, 26), (17, 27), (17, 27)], 2: [(20, 19), (20, 18), (20, 17), (20, 16), (20, 15), (20, 14), (19, 14), (18, 14), (18, 13), (17, 13), (16, 13), (16, 14), (16, 15), (16, 16), (15, 16), (14, 16), (13, 16), (13, 17), (13, 18), (13, 19), (13, 20), (13, 21), (13, 22), (13, 23), (13, 24), (13, 25), (12, 25), (11, 25), (10, 25), (9, 25), (8, 25), (8, 24), (8, 23), (8, 22), (7, 22), (6, 22), (5, 22), (5, 21), (5, 20), (5, 19), (5, 18), (5, 17), (5, 16), (6, 16), (7, 16), (8, 16), (9, 16), (10, 16), (10, 15), (10, 15)], 3: [(2, 26), (1, 26), (1, 26)], 4: [(26, 27), (25, 27), (25, 26), (25, 27), (25, 28), (24, 28), (23, 28), (22, 28), (22, 29), (22, 30), (22, 31), (21, 31), (20, 31), (19, 31), (18, 31), (17, 31), (16, 31), (15, 31), (14, 31), (13, 31), (13, 30), (13, 29), (13, 28), (13, 28)]}, 115)