

CBSS-C STATS
starts:[595, 621, 626, 429, 193]
targets:[1000, 356, 830, 333, 417, 140, 807, 759, 941, 241, 86, 37, 148, 912, 366, 939, 825, 499, 656, 226]
dests:[642, 520, 814, 141, 129]
ac_dict:{1000: {0, 1}, 356: {1, 2}, 830: {2, 3}, 333: {3, 4}, 642: {0}, 520: {1}, 814: {2}, 141: {3}, 129: {4}}
clusters:[1 7 0 4 0 1 6 7 8 6 3 6 0 2 8 5 5 9 4 5]

round: 4
best_g_value: 188.0
open_list_size: 3
num_low_level_expanded: 1588
search_success: 1
search_time: 3.3087398246861994
n_tsp_call: 15
n_tsp_time: 3.156900940462947
n_roots: 1
num_conflicts: 3
target_assignment: {912: 0, 759: 0, 499: 2, 226: 4, 807: 1, 417: 3, 366: 3, 333: 3, 86: 3, 140: 3}
cluster_target_selection: {2: 912, 7: 759, 9: 499, 5: 226, 6: 807, 0: 417, 8: 366, 4: 333, 3: 86, 1: 140}
num_nodes_transformed_graph: 52
agent_paths:({0: [(19, 18), (19, 17), (19, 16), (19, 15), (19, 14), (18, 14), (17, 14), (16, 14), (16, 15), (16, 16), (16, 17), (15, 17), (14, 17), (14, 18), (14, 19), (14, 20), (14, 21), (14, 22), (14, 23), (14, 24), (14, 25), (15, 25), (16, 25), (16, 26), (16, 27), (16, 28), (16, 27), (16, 26), (16, 25), (17, 25), (18, 25), (19, 25), (20, 25), (21, 25), (22, 25), (22, 24), (22, 23), (23, 23), (22, 23), (22, 24), (22, 25), (21, 25), (20, 25), (19, 25), (18, 25), (17, 25), (16, 25), (15, 25), (15, 26), (14, 26), (13, 26), (12, 26), (11, 26), (10, 26), (9, 26), (8, 26), (7, 26), (7, 25), (7, 24), (7, 23), (6, 23), (5, 23), (4, 23), (4, 22), (4, 21), (4, 20), (3, 20), (2, 20), (2, 20)], 1: [(13, 19), (13, 20), (13, 21), (13, 22), (13, 23), (13, 24), (13, 25), (12, 25), (11, 25), (10, 25), (9, 25), (8, 25), (7, 25), (7, 24), (7, 23), (7, 22), (6, 22), (5, 22), (5, 21), (5, 20), (5, 19), (5, 18), (5, 17), (5, 16), (6, 16), (7, 16), (8, 16), (8, 16)], 2: [(18, 19), (19, 19), (19, 18), (19, 17), (19, 16), (19, 15), (19, 14), (18, 14), (17, 14), (16, 14), (16, 15), (16, 16), (15, 16), (14, 16), (14, 17), (14, 18), (14, 19), (14, 20), (14, 21), (14, 22), (14, 23), (14, 24), (14, 25), (14, 25)], 3: [(13, 13), (12, 13), (11, 13), (10, 13), (9, 13), (8, 13), (7, 13), (6, 13), (5, 13), (4, 13), (3, 13), (2, 13), (1, 13), (1, 12), (1, 11), (2, 11), (3, 11), (4, 11), (5, 11), (6, 11), (7, 11), (8, 11), (9, 11), (10, 11), (11, 11), (12, 11), (13, 11), (14, 11), (13, 11), (13, 10), (13, 9), (13, 8), (13, 7), (14, 7), (15, 7), (16, 7), (17, 7), (18, 7), (19, 7), (20, 7), (21, 7), (22, 7), (22, 6), (22, 5), (22, 4), (22, 3), (22, 2), (21, 2), (20, 2), (19, 2), (18, 2), (17, 2), (16, 2), (15, 2), (14, 2), (13, 2), (12, 2), (11, 2), (10, 2), (9, 2), (8, 2), (8, 3), (8, 4), (9, 4), (10, 4), (11, 4), (12, 4), (13, 4), (13, 4)], 4: [(1, 6), (2, 6), (2, 7), (1, 7), (1, 6), (1, 5), (1, 4), (1, 4)]}, 67)