

CBSS-C STATS
starts:[478, 329, 56, 349, 225]
targets:[135, 628, 570, 253, 264, 667, 39, 580, 505, 942]
dests:[460, 354, 261, 572, 273]
ac_dict:{135: {0, 1}, 628: {1, 2}, 570: {2, 3}, 253: {3, 4}, 460: {0}, 354: {1}, 261: {2}, 572: {3}, 273: {4}}
clusters:[0 3 1 3 2 4 3 0 0 1]

round: 1
best_g_value: 169.0
open_list_size: 0
num_low_level_expanded: 411
search_success: 1
search_time: 0.22308867564424872
n_tsp_call: 1
n_tsp_time: 0.20195229491218925
n_roots: 1
num_conflicts: 0
target_assignment: {667: 0, 942: 0, 580: 0, 39: 2, 264: 2}
cluster_target_selection: {4: 667, 1: 942, 0: 580, 3: 39, 2: 264}
num_nodes_transformed_graph: 48
agent_paths:({0: [(30, 14), (29, 14), (28, 14), (28, 15), (28, 16), (28, 17), (28, 18), (28, 19), (27, 19), (27, 20), (26, 20), (25, 20), (24, 20), (23, 20), (22, 20), (22, 21), (22, 22), (22, 23), (22, 24), (22, 25), (21, 25), (20, 25), (19, 25), (18, 25), (17, 25), (16, 25), (16, 26), (16, 27), (16, 28), (16, 29), (16, 30), (16, 31), (15, 31), (14, 31), (14, 30), (14, 29), (14, 30), (14, 31), (15, 31), (16, 31), (16, 30), (16, 29), (16, 28), (16, 27), (16, 26), (15, 26), (14, 26), (13, 26), (12, 26), (11, 26), (10, 26), (9, 26), (8, 26), (7, 26), (7, 25), (7, 24), (7, 23), (6, 23), (5, 23), (4, 23), (4, 22), (4, 21), (4, 20), (4, 19), (4, 18), (4, 17), (4, 16), (5, 16), (6, 16), (7, 16), (8, 16), (9, 16), (10, 16), (10, 15), (10, 14), (11, 14), (12, 14), (12, 14)], 1: [(9, 10), (8, 10), (7, 10), (6, 10), (5, 10), (4, 10), (3, 10), (2, 10), (2, 11), (2, 11)], 2: [(24, 1), (23, 1), (22, 1), (21, 1), (20, 1), (19, 1), (18, 1), (17, 1), (16, 1), (15, 1), (14, 1), (13, 1), (12, 1), (11, 1), (10, 1), (9, 1), (8, 1), (7, 1), (8, 1), (8, 2), (8, 3), (8, 4), (8, 5), (9, 5), (10, 5), (10, 6), (10, 7), (9, 7), (8, 7), (8, 8), (7, 8), (6, 8), (5, 8), (5, 8)], 3: [(29, 10), (29, 11), (30, 11), (31, 11), (31, 12), (31, 13), (30, 13), (29, 13), (28, 13), (28, 14), (28, 15), (28, 16), (28, 17), (28, 17)], 4: [(1, 7), (2, 7), (3, 7), (4, 7), (5, 7), (6, 7), (7, 7), (8, 7), (9, 7), (10, 7), (10, 6), (10, 5), (9, 5), (8, 5), (8, 4), (8, 3), (8, 2), (9, 2), (10, 2), (11, 2), (12, 2), (13, 2), (14, 2), (15, 2), (16, 2), (17, 2), (18, 2), (19, 2), (20, 2), (21, 2), (22, 2), (22, 3), (22, 4), (22, 5), (22, 6), (22, 7), (21, 7), (20, 7), (19, 7), (18, 7), (17, 7), (17, 8), (17, 8)]}, 76)