

CBSS-C STATS
starts:[505, 173, 937, 277, 468]
targets:[191, 738, 997, 644, 643, 758, 624, 846, 37, 534]
dests:[721, 251, 982, 53, 807]
ac_dict:{191: {0, 1}, 738: {1, 2}, 997: {2, 3}, 644: {3, 4}, 721: {0}, 251: {1}, 982: {2}, 53: {3}, 807: {4}}
clusters:[0 0 0 1 1 0 0 0 0 1]

round: 1
best_g_value: 188.0
open_list_size: 0
num_low_level_expanded: 575
search_success: 1
search_time: 0.15640230989083648
n_tsp_call: 1
n_tsp_time: 0.13193777715787292
n_roots: 1
num_conflicts: 0
target_assignment: {846: 4, 534: 1}
cluster_target_selection: {0: 846, 1: 534}
num_nodes_transformed_graph: 48
agent_paths:({0: [(25, 15), (25, 16), (24, 16), (23, 16), (22, 16), (21, 16), (20, 16), (19, 16), (19, 17), (19, 18), (19, 19), (18, 19), (17, 19), (17, 20), (17, 21), (17, 22), (17, 22)], 1: [(13, 5), (12, 5), (11, 5), (10, 5), (9, 5), (8, 5), (8, 4), (8, 3), (8, 2), (9, 2), (10, 2), (11, 2), (12, 2), (13, 2), (14, 2), (15, 2), (16, 2), (17, 2), (18, 2), (19, 2), (20, 2), (21, 2), (22, 2), (22, 3), (22, 4), (22, 5), (22, 6), (22, 7), (22, 8), (21, 8), (20, 8), (19, 8), (18, 8), (17, 8), (16, 8), (15, 8), (14, 8), (14, 9), (14, 10), (14, 11), (13, 11), (12, 11), (11, 11), (10, 11), (9, 11), (8, 11), (7, 11), (6, 11), (5, 11), (4, 11), (3, 11), (2, 11), (2, 12), (2, 13), (3, 13), (4, 13), (5, 13), (6, 13), (7, 13), (8, 13), (9, 13), (10, 13), (10, 14), (10, 15), (10, 16), (9, 16), (8, 16), (7, 16), (6, 16), (5, 16), (5, 17), (5, 18), (5, 19), (5, 20), (5, 21), (5, 22), (6, 22), (7, 22), (8, 22), (8, 23), (8, 24), (8, 25), (9, 25), (10, 25), (11, 25), (12, 25), (13, 25), (13, 24), (13, 23), (13, 22), (13, 21), (13, 20), (13, 19), (13, 18), (13, 17), (13, 16), (14, 16), (15, 16), (16, 16), (17, 16), (17, 15), (17, 14), (18, 14), (19, 14), (20, 14), (20, 15), (20, 16), (21, 16), (22, 16), (23, 16), (24, 16), (25, 16), (25, 15), (25, 14), (25, 13), (25, 12), (25, 11), (25, 10), (25, 9), (25, 8), (25, 7), (26, 7), (27, 7), (27, 7)], 2: [(9, 29), (10, 29), (11, 29), (12, 29), (13, 29), (14, 29), (14, 30), (14, 31), (15, 31), (16, 31), (17, 31), (18, 31), (19, 31), (20, 31), (21, 31), (22, 31), (22, 30), (22, 30)], 3: [(21, 8), (21, 7), (22, 7), (22, 6), (22, 5), (22, 4), (22, 3), (22, 2), (21, 2), (21, 1), (21, 1)], 4: [(20, 14), (19, 14), (18, 14), (17, 14), (16, 14), (16, 15), (16, 16), (15, 16), (14, 16), (14, 17), (14, 18), (14, 19), (14, 20), (14, 21), (14, 22), (14, 23), (14, 24), (14, 25), (14, 26), (13, 26), (12, 26), (11, 26), (10, 26), (9, 26), (8, 26), (7, 26), (7, 25), (7, 25)]}, 122)