

CBSS-C STATS
starts:[833, 949, 285, 537, 625]
targets:[153, 991, 930, 348, 429, 847, 505, 936, 328, 456]
dests:[89, 611, 468, 533, 749]
ac_dict:{153: {0, 1}, 991: {1, 2}, 930: {2, 3}, 348: {3, 4}, 89: {0}, 611: {1}, 468: {2}, 533: {3}, 749: {4}}
clusters:[1 0 0 1 1 0 1 0 1 1]

round: 4
best_g_value: 145.0
open_list_size: 3
num_low_level_expanded: 700
search_success: 1
search_time: 0.3450288358144462
n_tsp_call: 6
n_tsp_time: 0.23487556772306561
n_roots: 1
num_conflicts: 3
target_assignment: {456: 0, 847: 1}
cluster_target_selection: {1: 456, 0: 847}
num_nodes_transformed_graph: 28
agent_paths:({0: [(1, 26), (1, 25), (1, 24), (1, 23), (1, 22), (1, 21), (1, 20), (1, 19), (2, 19), (3, 19), (4, 19), (4, 18), (4, 17), (4, 16), (5, 16), (6, 16), (7, 16), (8, 16), (9, 16), (10, 16), (10, 15), (10, 14), (9, 14), (8, 14), (8, 13), (7, 13), (6, 13), (5, 13), (4, 13), (3, 13), (2, 13), (2, 12), (2, 11), (2, 10), (3, 10), (4, 10), (5, 10), (6, 10), (7, 10), (8, 10), (9, 10), (10, 10), (11, 10), (12, 10), (13, 10), (13, 9), (13, 8), (13, 7), (14, 7), (15, 7), (16, 7), (17, 7), (18, 7), (19, 7), (20, 7), (21, 7), (22, 7), (22, 6), (22, 5), (22, 4), (22, 3), (22, 2), (23, 2), (24, 2), (25, 2), (25, 2)], 1: [(21, 29), (22, 29), (22, 30), (22, 31), (21, 31), (20, 31), (19, 31), (18, 31), (17, 31), (16, 31), (16, 30), (16, 29), (16, 28), (16, 27), (16, 26), (15, 26), (14, 26), (13, 26), (12, 26), (11, 26), (10, 26), (9, 26), (8, 26), (7, 26), (7, 25), (7, 24), (7, 23), (6, 23), (5, 23), (4, 23), (4, 22), (4, 21), (4, 20), (3, 20), (3, 19), (3, 19)], 2: [(29, 8), (28, 8), (27, 8), (26, 8), (25, 8), (25, 9), (25, 10), (25, 11), (25, 12), (25, 13), (25, 14), (25, 15), (25, 16), (24, 16), (23, 16), (22, 16), (22, 17), (21, 17), (20, 17), (20, 16), (20, 15), (20, 14), (20, 14)], 3: [(25, 16), (24, 16), (23, 16), (22, 16), (21, 16), (21, 16)], 4: [(17, 19), (18, 19), (19, 19), (19, 18), (19, 17), (19, 16), (19, 15), (19, 14), (18, 14), (17, 14), (16, 14), (16, 15), (16, 16), (15, 16), (14, 16), (13, 16), (13, 17), (13, 18), (13, 19), (13, 20), (13, 21), (13, 22), (13, 23), (13, 23)]}, 64)