

CBSS-C STATS
starts:[127, 346, 901, 837, 847]
targets:[1002, 327, 1012, 251, 455, 705, 421, 561, 453, 746]
dests:[733, 633, 339, 520, 482]
ac_dict:{1002: {0, 1}, 327: {1, 2}, 1012: {2, 3}, 251: {3, 4}, 733: {0}, 633: {1}, 339: {2}, 520: {3}, 482: {4}}
clusters:[0 4 1 3 4 1 2 3 1 2]

round: 4
best_g_value: 308.0
open_list_size: 3
num_low_level_expanded: 3138
search_success: 1
search_time: 1.6319308136589825
n_tsp_call: 9
n_tsp_time: 1.4045075909234583
n_roots: 1
num_conflicts: 3
target_assignment: {453: 0, 1002: 0, 561: 1, 421: 2, 327: 2}
cluster_target_selection: {1: 453, 0: 1002, 3: 561, 2: 421, 4: 327}
num_nodes_transformed_graph: 48
agent_paths:({0: [(31, 3), (31, 2), (30, 2), (29, 2), (28, 2), (27, 2), (26, 2), (25, 2), (24, 2), (23, 2), (22, 2), (22, 3), (22, 4), (22, 5), (22, 6), (22, 7), (21, 7), (20, 7), (19, 7), (18, 7), (17, 7), (16, 7), (15, 7), (14, 7), (13, 7), (13, 8), (13, 9), (13, 10), (12, 10), (11, 10), (10, 10), (9, 10), (8, 10), (7, 10), (6, 10), (5, 10), (5, 11), (4, 11), (3, 11), (2, 11), (1, 11), (1, 12), (2, 12), (2, 13), (3, 13), (4, 13), (5, 13), (5, 14), (6, 14), (7, 14), (8, 14), (9, 14), (10, 14), (10, 15), (10, 16), (10, 17), (9, 17), (8, 17), (7, 17), (6, 17), (5, 17), (5, 18), (5, 19), (5, 20), (5, 21), (5, 22), (6, 22), (7, 22), (8, 22), (8, 23), (8, 24), (8, 25), (9, 25), (10, 25), (10, 26), (11, 26), (12, 26), (13, 26), (14, 26), (15, 26), (16, 26), (16, 27), (16, 28), (16, 29), (16, 30), (16, 31), (15, 31), (14, 31), (13, 31), (13, 30), (13, 29), (12, 29), (11, 29), (10, 29), (10, 30), (10, 31), (10, 30), (10, 29), (11, 29), (12, 29), (13, 29), (14, 29), (14, 30), (14, 31), (15, 31), (16, 31), (17, 31), (18, 31), (19, 31), (20, 31), (21, 31), (22, 31), (22, 30), (22, 29), (22, 28), (23, 28), (24, 28), (25, 28), (25, 27), (25, 26), (25, 25), (26, 25), (27, 25), (28, 25), (29, 25), (30, 25), (31, 25), (31, 24), (31, 23), (30, 23), (29, 23), (29, 22), (29, 22)], 1: [(26, 10), (25, 10), (25, 11), (25, 12), (25, 13), (25, 14), (25, 15), (25, 16), (24, 16), (23, 16), (22, 16), (21, 16), (20, 16), (19, 16), (19, 15), (19, 14), (18, 14), (17, 14), (17, 15), (17, 16), (17, 17), (16, 17), (15, 17), (14, 17), (14, 18), (14, 19), (14, 20), (14, 21), (14, 22), (14, 23), (14, 24), (14, 25), (15, 25), (16, 25), (17, 25), (18, 25), (19, 25), (20, 25), (21, 25), (22, 25), (22, 24), (22, 23), (22, 22), (22, 21), (22, 20), (22, 19), (23, 19), (24, 19), (25, 19), (25, 19)], 2: [(5, 28), (4, 28), (4, 29), (4, 30), (4, 31), (3, 31), (2, 31), (2, 30), (2, 29), (2, 28), (2, 27), (2, 26), (2, 25), (2, 24), (2, 23), (2, 22), (2, 21), (2, 20), (2, 19), (3, 19), (4, 19), (4, 18), (4, 17), (4, 16), (5, 16), (6, 16), (7, 16), (8, 16), (9, 16), (10, 16), (10, 15), (10, 14), (9, 14), (8, 14), (7, 14), (6, 14), (5, 14), (5, 13), (4, 13), (3, 13), (2, 13), (2, 12), (2, 11), (2, 10), (3, 10), (4, 10), (5, 10), (6, 10), (7, 10), (8, 10), (9, 10), (10, 10), (11, 10), (12, 10), (13, 10), (14, 10), (14, 9), (14, 8), (15, 8), (16, 8), (17, 8), (18, 8), (19, 8), (19, 9), (19, 10), (19, 10)], 3: [(5, 26), (4, 26), (4, 27), (4, 28), (4, 29), (4, 30), (4, 31), (3, 31), (2, 31), (2, 30), (2, 29), (2, 28), (2, 27), (2, 26), (2, 25), (2, 24), (2, 23), (2, 22), (2, 21), (2, 20), (2, 19), (3, 19), (4, 19), (4, 18), (4, 17), (4, 16), (5, 16), (6, 16), (7, 16), (8, 16), (8, 16)], 4: [(15, 26), (14, 26), (13, 26), (12, 26), (11, 26), (10, 26), (9, 26), (8, 26), (7, 26), (7, 25), (7, 24), (7, 23), (6, 23), (5, 23), (5, 22), (5, 21), (5, 20), (5, 19), (5, 18), (5, 17), (5, 16), (6, 16), (7, 16), (8, 16), (9, 16), (10, 16), (10, 15), (10, 14), (9, 14), (8, 14), (7, 14), (6, 14), (5, 14), (4, 14), (3, 14), (2, 14), (2, 15), (2, 15)]}, 131)