

CBSS-C STATS
starts:[147, 378, 807, 642, 79]
targets:[845, 65, 823, 631, 550, 372, 880, 250, 976, 260, 573, 686, 417, 505, 863, 137, 924, 827, 267, 157]
dests:[257, 262, 948, 430, 454]
ac_dict:{845: {0, 1}, 65: {1, 2}, 823: {2, 3}, 631: {3, 4}, 257: {0}, 262: {1}, 948: {2}, 430: {3}, 454: {4}}
clusters:[3 7 5 9 8 5 5 0 6 4 1 1 7 4 9 5 1 7 7 2]

round: 1
best_g_value: 282.0
open_list_size: 0
num_low_level_expanded: 1062
search_success: 1
search_time: 0.49277029372751713
n_tsp_call: 1
n_tsp_time: 0.4482695581391454
n_roots: 1
num_conflicts: 0
target_assignment: {267: 0, 260: 0, 550: 3, 976: 2, 863: 2, 250: 1, 686: 1, 845: 1, 157: 1, 137: 1}
cluster_target_selection: {7: 267, 4: 260, 8: 550, 6: 976, 9: 863, 0: 250, 1: 686, 3: 845, 2: 157, 5: 137}
num_nodes_transformed_graph: 54
agent_paths:({0: [(19, 4), (18, 4), (17, 4), (16, 4), (15, 4), (14, 4), (13, 4), (12, 4), (11, 4), (11, 5), (11, 6), (11, 7), (11, 8), (10, 8), (9, 8), (8, 8), (7, 8), (6, 8), (5, 8), (4, 8), (3, 8), (2, 8), (1, 8), (1, 8)], 1: [(26, 11), (26, 10), (26, 9), (26, 8), (26, 7), (25, 7), (25, 8), (25, 9), (25, 10), (25, 11), (25, 12), (25, 13), (25, 14), (25, 15), (25, 16), (24, 16), (23, 16), (22, 16), (21, 16), (20, 16), (19, 16), (19, 15), (19, 14), (18, 14), (17, 14), (16, 14), (16, 15), (16, 16), (15, 16), (14, 16), (14, 17), (14, 18), (14, 19), (14, 20), (14, 21), (13, 21), (13, 22), (13, 23), (13, 24), (13, 25), (13, 26), (13, 25), (12, 25), (11, 25), (10, 25), (9, 25), (8, 25), (8, 24), (8, 23), (8, 22), (7, 22), (6, 22), (5, 22), (5, 21), (5, 20), (5, 19), (5, 18), (5, 17), (5, 16), (6, 16), (7, 16), (8, 16), (9, 16), (10, 16), (10, 15), (10, 14), (10, 13), (9, 13), (8, 13), (7, 13), (6, 13), (5, 13), (4, 13), (3, 13), (2, 13), (2, 12), (2, 11), (2, 10), (3, 10), (4, 10), (5, 10), (6, 10), (7, 10), (8, 10), (9, 10), (10, 10), (11, 10), (12, 10), (13, 10), (13, 9), (13, 8), (13, 7), (14, 7), (15, 7), (16, 7), (17, 7), (18, 7), (19, 7), (20, 7), (21, 7), (22, 7), (22, 6), (22, 5), (22, 4), (23, 4), (23, 3), (23, 2), (24, 2), (25, 2), (26, 2), (27, 2), (28, 2), (29, 2), (29, 3), (29, 4), (28, 4), (28, 3), (28, 2), (27, 2), (26, 2), (25, 2), (24, 2), (23, 2), (22, 2), (21, 2), (20, 2), (19, 2), (18, 2), (17, 2), (16, 2), (15, 2), (14, 2), (13, 2), (12, 2), (11, 2), (10, 2), (9, 2), (8, 2), (8, 3), (8, 4), (9, 4), (9, 5), (10, 5), (10, 6), (10, 7), (9, 7), (8, 7), (7, 7), (6, 7), (6, 8), (6, 8)], 2: [(7, 25), (8, 25), (9, 25), (10, 25), (11, 25), (12, 25), (13, 25), (14, 25), (15, 25), (16, 25), (16, 26), (16, 27), (16, 28), (16, 29), (16, 30), (17, 30), (17, 31), (18, 31), (19, 31), (20, 31), (21, 31), (22, 31), (22, 30), (22, 29), (22, 28), (23, 28), (24, 28), (25, 28), (25, 27), (25, 26), (26, 26), (27, 26), (28, 26), (29, 26), (30, 26), (31, 26), (30, 26), (29, 26), (28, 26), (27, 26), (26, 26), (25, 26), (25, 27), (25, 28), (24, 28), (23, 28), (22, 28), (21, 28), (20, 28), (20, 29), (20, 29)], 3: [(2, 20), (2, 19), (3, 19), (4, 19), (4, 18), (4, 17), (5, 17), (6, 17), (6, 16), (7, 16), (8, 16), (9, 16), (10, 16), (10, 15), (10, 14), (10, 13), (11, 13), (12, 13), (13, 13), (14, 13), (14, 13)], 4: [(15, 2), (16, 2), (17, 2), (18, 2), (19, 2), (20, 2), (21, 2), (22, 2), (22, 3), (22, 4), (22, 5), (22, 6), (22, 7), (21, 7), (20, 7), (19, 7), (18, 7), (17, 7), (16, 7), (15, 7), (14, 7), (13, 7), (13, 8), (13, 9), (13, 10), (12, 10), (11, 10), (10, 10), (9, 10), (8, 10), (7, 10), (6, 10), (6, 11), (5, 11), (4, 11), (3, 11), (2, 11), (2, 12), (2, 13), (3, 13), (4, 13), (5, 13), (6, 13), (6, 14), (6, 14)]}, 149)