

CBSS-C STATS
starts:[853, 761, 755, 231, 694]
targets:[913, 828, 178, 148, 125, 81, 145, 283, 179, 841]
dests:[278, 557, 763, 85, 1011]
ac_dict:{913: {0, 1}, 828: {1, 2}, 178: {2, 3}, 148: {3, 4}, 278: {0}, 557: {1}, 763: {2}, 85: {3}, 1011: {4}}
clusters:[1 0 0 1 1 0 0 1 1 0]

round: 34
best_g_value: 199.0
open_list_size: 33
num_low_level_expanded: 7826
search_success: 1
search_time: 0.6293669203296304
n_tsp_call: 4
n_tsp_time: 0.19366793474182487
n_roots: 1
num_conflicts: 33
target_assignment: {841: 0, 913: 1}
cluster_target_selection: {0: 841, 1: 913}
num_nodes_transformed_graph: 29
agent_paths:({0: [(21, 26), (20, 26), (19, 26), (18, 26), (17, 26), (16, 26), (15, 26), (14, 26), (13, 26), (12, 26), (11, 26), (10, 26), (9, 26), (9, 25), (8, 25), (8, 24), (8, 23), (8, 22), (7, 22), (6, 22), (5, 22), (5, 21), (5, 20), (5, 19), (5, 18), (5, 17), (5, 16), (6, 16), (7, 16), (8, 16), (9, 16), (10, 16), (10, 15), (10, 14), (10, 13), (9, 13), (8, 13), (7, 13), (6, 13), (5, 13), (4, 13), (3, 13), (2, 13), (2, 12), (2, 11), (2, 10), (3, 10), (4, 10), (5, 10), (6, 10), (7, 10), (8, 10), (9, 10), (10, 10), (11, 10), (12, 10), (13, 10), (13, 9), (13, 8), (14, 8), (15, 8), (16, 8), (17, 8), (18, 8), (19, 8), (20, 8), (21, 8), (22, 8), (22, 8)], 1: [(25, 23), (26, 23), (27, 23), (28, 23), (29, 23), (30, 23), (31, 23), (31, 24), (31, 25), (30, 25), (29, 25), (28, 25), (27, 25), (26, 25), (25, 25), (25, 26), (25, 27), (25, 28), (24, 28), (24, 29), (23, 29), (23, 30), (23, 31), (22, 31), (21, 31), (20, 31), (19, 31), (18, 31), (17, 31), (17, 30), (17, 29), (17, 28), (16, 28), (16, 27), (16, 26), (15, 26), (14, 26), (13, 26), (13, 25), (13, 24), (13, 23), (13, 22), (13, 21), (13, 20), (13, 19), (13, 18), (13, 17), (13, 17)], 2: [(19, 23), (19, 24), (19, 25), (18, 25), (17, 25), (17, 26), (17, 27), (17, 28), (17, 29), (17, 30), (17, 31), (18, 31), (19, 31), (20, 31), (21, 31), (22, 31), (22, 30), (22, 29), (22, 28), (23, 28), (24, 28), (25, 28), (25, 27), (25, 26), (25, 25), (26, 25), (27, 25), (28, 25), (29, 25), (30, 25), (31, 25), (31, 24), (31, 23), (30, 23), (29, 23), (28, 23), (27, 23), (27, 23)], 3: [(7, 7), (8, 7), (9, 7), (10, 7), (10, 6), (10, 5), (10, 4), (9, 4), (8, 4), (8, 3), (8, 2), (9, 2), (10, 2), (11, 2), (12, 2), (13, 2), (14, 2), (15, 2), (16, 2), (17, 2), (18, 2), (19, 2), (20, 2), (21, 2), (21, 2)], 4: [(22, 21), (22, 22), (22, 23), (22, 24), (22, 25), (21, 25), (20, 25), (19, 25), (19, 26), (18, 26), (17, 26), (17, 27), (17, 28), (17, 29), (17, 30), (17, 31), (18, 31), (19, 31), (20, 31), (21, 31), (22, 31), (22, 30), (22, 30), (22, 30), (22, 31), (21, 31), (20, 31), (19, 31), (19, 31)]}, 67)