

CBSS-C STATS
starts:[826, 351, 1000, 47, 752]
targets:[140, 282, 257, 58, 932, 595, 630, 76, 277, 255, 91, 203, 73, 272, 733, 435, 531, 898, 880, 175]
dests:[889, 714, 382, 336, 869]
ac_dict:{140: {0, 1}, 282: {1, 2}, 257: {2, 3}, 58: {3, 4}, 889: {0}, 714: {1}, 382: {2}, 336: {3}, 869: {4}}
clusters:[6 3 1 7 1 5 1 9 8 4 8 6 2 1 7 2 7 4 9 0]

round: 4
best_g_value: 282.0
open_list_size: 3
num_low_level_expanded: 1925
search_success: 1
search_time: 6.00533307204023
n_tsp_call: 14
n_tsp_time: 5.745598036795855
n_roots: 1
num_conflicts: 3
target_assignment: {630: 2, 203: 3, 175: 3, 73: 3, 76: 3, 277: 3, 595: 4, 898: 4, 531: 1, 282: 1}
cluster_target_selection: {1: 630, 6: 203, 0: 175, 2: 73, 9: 76, 8: 277, 5: 595, 4: 898, 7: 531, 3: 282}
num_nodes_transformed_graph: 54
agent_paths:({0: [(26, 25), (25, 25), (25, 26), (25, 27), (25, 27)], 1: [(31, 10), (31, 11), (31, 12), (31, 13), (30, 13), (29, 13), (28, 13), (28, 14), (28, 15), (28, 16), (28, 17), (28, 18), (28, 19), (27, 19), (26, 19), (25, 19), (24, 19), (23, 19), (23, 20), (23, 21), (23, 22), (23, 23), (23, 24), (23, 25), (23, 25), (22, 25), (21, 25), (20, 25), (19, 25), (18, 25), (17, 25), (16, 25), (15, 25), (14, 25), (14, 24), (14, 23), (14, 22), (14, 21), (14, 20), (14, 19), (14, 18), (14, 17), (14, 16), (15, 16), (16, 16), (17, 16), (17, 15), (17, 14), (18, 14), (19, 14), (19, 15), (19, 16), (20, 16), (21, 16), (22, 16), (23, 16), (24, 16), (25, 16), (25, 15), (25, 14), (25, 13), (25, 12), (25, 11), (25, 10), (25, 9), (25, 8), (26, 8), (25, 8), (25, 9), (25, 10), (25, 11), (25, 12), (25, 13), (25, 14), (25, 15), (25, 16), (24, 16), (23, 16), (22, 16), (21, 16), (20, 16), (19, 16), (19, 15), (19, 14), (18, 14), (17, 14), (16, 14), (16, 15), (16, 16), (15, 16), (14, 16), (13, 16), (13, 17), (13, 18), (13, 19), (13, 20), (13, 21), (13, 22), (13, 23), (13, 24), (13, 25), (12, 25), (11, 25), (10, 25), (9, 25), (8, 25), (8, 24), (8, 23), (8, 22), (9, 22), (10, 22), (10, 22)], 2: [(8, 31), (9, 31), (10, 31), (10, 30), (10, 29), (11, 29), (12, 29), (13, 29), (14, 29), (14, 30), (14, 31), (15, 31), (16, 31), (16, 30), (16, 29), (16, 28), (16, 27), (16, 26), (16, 25), (17, 25), (18, 25), (19, 25), (20, 25), (21, 25), (22, 25), (22, 24), (22, 23), (22, 22), (22, 21), (22, 20), (22, 19), (23, 19), (24, 19), (25, 19), (26, 19), (27, 19), (28, 19), (28, 18), (28, 17), (28, 16), (28, 15), (28, 14), (28, 13), (29, 13), (30, 13), (31, 13), (31, 12), (31, 11), (30, 11), (30, 11)], 3: [(15, 1), (14, 1), (13, 1), (12, 1), (11, 1), (11, 2), (10, 2), (9, 2), (8, 2), (8, 3), (8, 4), (9, 4), (10, 4), (11, 4), (11, 5), (11, 6), (11, 5), (12, 5), (13, 5), (14, 5), (15, 5), (14, 5), (13, 5), (12, 5), (11, 5), (10, 5), (9, 5), (9, 4), (8, 4), (8, 3), (8, 2), (9, 2), (10, 2), (11, 2), (12, 2), (13, 2), (14, 2), (15, 2), (16, 2), (17, 2), (18, 2), (19, 2), (20, 2), (21, 2), (22, 2), (22, 3), (22, 4), (22, 5), (22, 6), (22, 7), (21, 7), (21, 8), (20, 8), (19, 8), (19, 9), (19, 10), (18, 10), (17, 10), (16, 10), (16, 10)], 4: [(16, 23), (16, 22), (16, 21), (16, 20), (16, 19), (17, 19), (18, 19), (19, 19), (19, 18), (19, 17), (19, 16), (19, 15), (19, 14), (18, 14), (17, 14), (16, 14), (16, 15), (16, 16), (15, 16), (14, 16), (13, 16), (13, 17), (13, 18), (13, 19), (13, 20), (13, 21), (13, 22), (13, 23), (13, 24), (13, 25), (12, 25), (11, 25), (10, 25), (9, 25), (8, 25), (7, 25), (7, 24), (7, 23), (6, 23), (5, 23), (4, 23), (4, 22), (4, 21), (4, 20), (3, 20), (2, 20), (2, 21), (2, 22), (2, 23), (2, 24), (2, 25), (2, 26), (2, 27), (2, 28), (2, 29), (2, 30), (2, 31), (3, 31), (4, 31), (4, 30), (4, 29), (4, 28), (4, 27), (5, 27), (5, 27)]}, 110)