

CBSS-C STATS
starts:[424, 83, 518, 359, 651]
targets:[940, 239, 554, 831, 69, 665, 677, 619, 708, 705]
dests:[461, 423, 555, 275, 575]
ac_dict:{940: {0, 1}, 239: {1, 2}, 554: {2, 3}, 831: {3, 4}, 461: {0}, 423: {1}, 555: {2}, 275: {3}, 575: {4}}
clusters:[0 0 0 1 1 0 1 0 1 1]

round: 1
best_g_value: 129.0
open_list_size: 0
num_low_level_expanded: 542
search_success: 1
search_time: 0.18052587006241083
n_tsp_call: 1
n_tsp_time: 0.1615708959288895
n_roots: 1
num_conflicts: 0
target_assignment: {619: 4, 677: 4}
cluster_target_selection: {0: 619, 1: 677}
num_nodes_transformed_graph: 48
agent_paths:({0: [(8, 13), (9, 13), (10, 13), (11, 13), (12, 13), (13, 13), (13, 14), (13, 14)], 1: [(19, 2), (20, 2), (21, 2), (22, 2), (22, 3), (22, 4), (22, 5), (22, 6), (22, 7), (21, 7), (20, 7), (19, 7), (18, 7), (17, 7), (16, 7), (15, 7), (14, 7), (13, 7), (13, 8), (13, 9), (13, 10), (12, 10), (11, 10), (10, 10), (9, 10), (8, 10), (7, 10), (7, 11), (6, 11), (5, 11), (4, 11), (3, 11), (2, 11), (2, 12), (2, 13), (3, 13), (4, 13), (5, 13), (6, 13), (7, 13), (7, 13)], 2: [(6, 16), (7, 16), (8, 16), (9, 16), (10, 16), (11, 16), (11, 17), (11, 17)], 3: [(7, 11), (7, 10), (8, 10), (9, 10), (10, 10), (11, 10), (12, 10), (13, 10), (13, 9), (13, 8), (14, 8), (15, 8), (16, 8), (17, 8), (18, 8), (19, 8), (19, 8)], 4: [(11, 20), (11, 19), (10, 19), (10, 18), (10, 17), (9, 17), (8, 17), (7, 17), (6, 17), (5, 17), (5, 18), (5, 19), (5, 20), (5, 21), (5, 22), (6, 22), (7, 22), (8, 22), (8, 23), (8, 24), (8, 25), (9, 25), (10, 25), (11, 25), (12, 25), (13, 25), (14, 25), (15, 25), (16, 25), (17, 25), (17, 26), (17, 27), (17, 28), (17, 29), (17, 30), (17, 31), (18, 31), (19, 31), (20, 31), (21, 31), (22, 31), (22, 30), (22, 29), (22, 28), (23, 28), (24, 28), (25, 28), (25, 27), (25, 26), (25, 25), (26, 25), (27, 25), (28, 25), (29, 25), (30, 25), (31, 25), (31, 24), (31, 23), (31, 22), (31, 21), (31, 20), (31, 19), (31, 18), (31, 17), (31, 17)]}, 63)