

CBSS-C STATS
starts:[33, 476, 937, 329, 843]
targets:[223, 508, 339, 262, 720, 676, 632, 645, 137, 828]
dests:[553, 474, 918, 354, 564]
ac_dict:{223: {0, 1}, 508: {1, 2}, 339: {2, 3}, 262: {3, 4}, 553: {0}, 474: {1}, 918: {2}, 354: {3}, 564: {4}}
clusters:[1 0 3 4 2 4 0 0 0 2]

round: 4
best_g_value: 272.0
open_list_size: 3
num_low_level_expanded: 3141
search_success: 1
search_time: 1.3309963983483613
n_tsp_call: 7
n_tsp_time: 0.9543015756644309
n_roots: 1
num_conflicts: 3
target_assignment: {223: 0, 676: 0, 645: 0, 720: 4, 339: 3}
cluster_target_selection: {1: 223, 4: 676, 0: 645, 2: 720, 3: 339}
num_nodes_transformed_graph: 48
agent_paths:({0: [(1, 1), (2, 1), (2, 2), (2, 3), (2, 4), (2, 5), (2, 6), (2, 7), (3, 7), (4, 7), (5, 7), (6, 7), (7, 7), (8, 7), (9, 7), (10, 7), (10, 6), (10, 5), (9, 5), (8, 5), (8, 4), (8, 3), (8, 2), (9, 2), (10, 2), (11, 2), (12, 2), (13, 2), (14, 2), (15, 2), (16, 2), (17, 2), (18, 2), (19, 2), (20, 2), (21, 2), (22, 2), (23, 2), (24, 2), (25, 2), (26, 2), (27, 2), (28, 2), (29, 2), (30, 2), (31, 2), (31, 3), (31, 4), (31, 5), (31, 6), (31, 5), (31, 4), (31, 3), (31, 2), (30, 2), (29, 2), (28, 2), (27, 2), (26, 2), (25, 2), (24, 2), (23, 2), (22, 2), (22, 3), (22, 4), (22, 5), (22, 6), (22, 7), (21, 7), (20, 7), (19, 7), (18, 7), (17, 7), (16, 7), (15, 7), (14, 7), (13, 7), (13, 8), (13, 9), (13, 10), (12, 10), (11, 10), (10, 10), (9, 10), (8, 10), (7, 10), (6, 10), (5, 10), (4, 10), (3, 10), (2, 10), (1, 10), (1, 11), (1, 12), (2, 12), (2, 13), (3, 13), (4, 13), (4, 14), (5, 14), (6, 14), (7, 14), (8, 14), (9, 14), (10, 14), (10, 15), (10, 16), (9, 16), (8, 16), (7, 16), (6, 16), (5, 16), (4, 16), (4, 17), (4, 18), (4, 19), (4, 20), (4, 21), (4, 20), (5, 20), (5, 19), (5, 18), (5, 17), (6, 17), (7, 17), (8, 17), (9, 17), (9, 17)], 1: [(28, 14), (28, 15), (28, 16), (28, 17), (28, 18), (28, 19), (27, 19), (26, 19), (25, 19), (24, 19), (23, 19), (22, 19), (22, 20), (22, 21), (22, 22), (22, 23), (22, 24), (22, 25), (21, 25), (20, 25), (19, 25), (18, 25), (17, 25), (16, 25), (15, 25), (14, 25), (14, 24), (14, 23), (14, 22), (14, 21), (14, 20), (14, 19), (14, 18), (14, 17), (14, 16), (15, 16), (16, 16), (16, 15), (16, 14), (17, 14), (18, 14), (19, 14), (20, 14), (20, 15), (20, 16), (21, 16), (22, 16), (23, 16), (24, 16), (25, 16), (25, 15), (25, 14), (26, 14), (26, 14)], 2: [(9, 29), (10, 29), (11, 29), (12, 29), (13, 29), (14, 29), (14, 30), (14, 31), (15, 31), (16, 31), (17, 31), (18, 31), (19, 31), (20, 31), (21, 31), (22, 31), (22, 30), (22, 29), (22, 28), (22, 28)], 3: [(9, 10), (10, 10), (11, 10), (12, 10), (13, 10), (14, 10), (14, 9), (14, 8), (15, 8), (16, 8), (17, 8), (18, 8), (19, 8), (19, 9), (19, 10), (19, 9), (19, 8), (18, 8), (17, 8), (16, 8), (15, 8), (14, 8), (13, 8), (13, 9), (13, 10), (12, 10), (11, 10), (10, 10), (9, 10), (8, 10), (7, 10), (6, 10), (5, 10), (4, 10), (3, 10), (2, 10), (2, 11), (2, 11)], 4: [(11, 26), (11, 25), (12, 25), (13, 25), (13, 24), (13, 23), (13, 22), (14, 22), (14, 21), (14, 20), (14, 19), (14, 18), (14, 17), (15, 17), (16, 17), (16, 16), (16, 15), (16, 14), (17, 14), (18, 14), (19, 14), (19, 15), (19, 16), (19, 17), (19, 18), (19, 19), (18, 19), (17, 19), (16, 19), (16, 20), (16, 21), (16, 22), (16, 21), (16, 20), (16, 19), (17, 19), (18, 19), (19, 19), (19, 18), (19, 17), (20, 17), (20, 17)]}, 126)