

CBSS-C STATS
starts:[843, 244, 647, 362, 481]
targets:[744, 665, 274, 57, 185, 55, 451, 767, 555, 360, 420, 717, 308, 63, 1019, 909, 474, 619, 611, 749]
dests:[552, 666, 457, 202, 848]
ac_dict:{744: {0, 1}, 665: {1, 2}, 274: {2, 3}, 57: {3, 4}, 552: {0}, 666: {1}, 457: {2}, 202: {3}, 848: {4}}
clusters:[4 2 2 1 7 9 5 3 4 7 7 2 7 7 6 8 3 0 9 0]

round: 6
best_g_value: 278.0
open_list_size: 5
num_low_level_expanded: 3103
search_success: 1
search_time: 0.6123183891177177
n_tsp_call: 1
n_tsp_time: 0.535877512767911
n_roots: 1
num_conflicts: 5
target_assignment: {57: 3, 55: 3, 360: 1, 744: 1, 665: 1, 619: 2, 451: 4, 767: 4, 1019: 4, 909: 4}
cluster_target_selection: {1: 57, 9: 55, 7: 360, 4: 744, 2: 665, 0: 619, 5: 451, 3: 767, 6: 1019, 8: 909}
num_nodes_transformed_graph: 51
agent_paths:({0: [(11, 26), (10, 26), (9, 26), (8, 26), (8, 25), (8, 24), (8, 23), (8, 22), (7, 22), (6, 22), (5, 22), (5, 21), (5, 20), (5, 19), (5, 18), (5, 17), (6, 17), (7, 17), (8, 17), (8, 17)], 1: [(20, 7), (19, 7), (18, 7), (17, 7), (16, 7), (15, 7), (14, 7), (13, 7), (13, 8), (13, 9), (13, 10), (12, 10), (11, 10), (10, 10), (9, 10), (8, 10), (8, 11), (7, 11), (6, 11), (5, 11), (4, 11), (3, 11), (2, 11), (2, 12), (2, 13), (3, 13), (4, 13), (5, 13), (6, 13), (7, 13), (8, 13), (9, 13), (10, 13), (10, 14), (10, 15), (10, 16), (9, 16), (8, 16), (7, 16), (7, 17), (6, 17), (5, 17), (5, 18), (5, 19), (5, 20), (5, 21), (5, 22), (6, 22), (7, 22), (8, 22), (8, 23), (8, 24), (8, 25), (9, 25), (10, 25), (11, 25), (12, 25), (13, 25), (14, 25), (15, 25), (16, 25), (17, 25), (18, 25), (19, 25), (20, 25), (21, 25), (22, 25), (22, 24), (22, 23), (22, 22), (22, 21), (22, 20), (23, 20), (24, 20), (25, 20), (26, 20), (26, 20)], 2: [(7, 20), (7, 19), (8, 19), (9, 19), (10, 19), (11, 19), (11, 18), (11, 17), (11, 16), (11, 15), (11, 14), (10, 14), (9, 14), (9, 14)], 3: [(10, 11), (10, 10), (11, 10), (12, 10), (13, 10), (13, 9), (13, 8), (14, 8), (14, 7), (15, 7), (16, 7), (17, 7), (18, 7), (19, 7), (20, 7), (21, 7), (22, 7), (22, 6), (22, 5), (22, 4), (22, 3), (22, 2), (22, 1), (23, 1), (24, 1), (25, 1), (24, 1), (23, 1), (22, 1), (21, 1), (20, 1), (19, 1), (18, 1), (17, 1), (16, 1), (15, 1), (14, 1), (13, 1), (12, 1), (11, 1), (10, 1), (10, 2), (9, 2), (8, 2), (8, 3), (8, 4), (9, 4), (10, 4), (10, 5), (10, 6), (10, 6)], 4: [(1, 15), (1, 14), (2, 14), (3, 14), (4, 14), (5, 14), (6, 14), (7, 14), (8, 14), (9, 14), (10, 14), (10, 15), (10, 16), (9, 16), (8, 16), (7, 16), (6, 16), (6, 17), (5, 17), (5, 18), (5, 19), (5, 20), (5, 21), (5, 22), (6, 22), (7, 22), (8, 22), (8, 23), (8, 24), (8, 25), (9, 25), (10, 25), (11, 25), (12, 25), (13, 25), (14, 25), (15, 25), (16, 25), (17, 25), (17, 26), (17, 27), (17, 28), (17, 29), (17, 30), (17, 31), (18, 31), (19, 31), (20, 31), (21, 31), (22, 31), (22, 30), (22, 29), (22, 28), (23, 28), (24, 28), (25, 28), (25, 27), (25, 26), (25, 25), (26, 25), (27, 25), (28, 25), (29, 25), (30, 25), (31, 25), (31, 24), (31, 23), (31, 24), (31, 25), (31, 26), (31, 27), (31, 28), (31, 29), (31, 30), (31, 31), (30, 31), (29, 31), (28, 31), (27, 31), (28, 31), (29, 31), (30, 31), (31, 31), (31, 30), (31, 29), (31, 28), (31, 27), (31, 26), (30, 26), (29, 26), (28, 26), (27, 26), (26, 26), (25, 26), (25, 27), (25, 28), (24, 28), (23, 28), (22, 28), (22, 29), (22, 30), (22, 31), (21, 31), (20, 31), (19, 31), (18, 31), (17, 31), (16, 31), (15, 31), (14, 31), (13, 31), (13, 30), (13, 29), (13, 28), (14, 28), (14, 29), (14, 30), (14, 31), (15, 31), (16, 31), (16, 30), (16, 29), (16, 28), (16, 27), (16, 26), (16, 26)]}, 124)