

CBSS-C STATS
starts:[478, 253, 897, 162, 913]
targets:[1017, 750, 841, 467, 142, 952, 331, 609, 516, 33]
dests:[942, 900, 490, 506, 433]
ac_dict:{1017: {0, 1}, 750: {1, 2}, 841: {2, 3}, 467: {3, 4}, 942: {0}, 900: {1}, 490: {2}, 506: {3}, 433: {4}}
clusters:[1 1 0 2 1 3 0 4 0 4]

round: 4
best_g_value: 290.0
open_list_size: 3
num_low_level_expanded: 3701
search_success: 1
search_time: 0.5292040295898914
n_tsp_call: 9
n_tsp_time: 0.34063774114474654
n_roots: 1
num_conflicts: 3
target_assignment: {952: 0, 331: 3, 467: 3, 750: 1, 609: 2}
cluster_target_selection: {3: 952, 0: 331, 2: 467, 1: 750, 4: 609}
num_nodes_transformed_graph: 28
agent_paths:({0: [(30, 14), (29, 14), (28, 14), (28, 15), (28, 16), (28, 17), (28, 18), (28, 19), (27, 19), (26, 19), (25, 19), (24, 19), (24, 20), (23, 20), (23, 21), (23, 22), (23, 23), (23, 24), (23, 25), (23, 26), (22, 26), (21, 26), (20, 26), (19, 26), (18, 26), (17, 26), (17, 27), (17, 28), (17, 29), (17, 30), (17, 31), (18, 31), (19, 31), (20, 31), (21, 31), (22, 31), (22, 30), (22, 29), (23, 29), (24, 29), (23, 29), (22, 29), (22, 30), (22, 31), (21, 31), (20, 31), (19, 31), (18, 31), (17, 31), (16, 31), (15, 31), (14, 31), (14, 30), (14, 29), (14, 29)], 1: [(29, 7), (28, 7), (27, 7), (26, 7), (25, 7), (25, 8), (25, 9), (25, 10), (25, 11), (25, 12), (25, 13), (25, 14), (25, 15), (25, 16), (24, 16), (23, 16), (22, 16), (21, 16), (20, 16), (19, 16), (19, 15), (19, 14), (18, 14), (17, 14), (16, 14), (16, 15), (16, 16), (15, 16), (14, 16), (14, 17), (14, 18), (14, 19), (14, 20), (14, 21), (14, 22), (14, 23), (13, 23), (13, 24), (13, 25), (12, 25), (11, 25), (10, 25), (9, 25), (8, 25), (7, 25), (7, 24), (7, 23), (6, 23), (5, 23), (4, 23), (4, 22), (4, 21), (4, 20), (3, 20), (2, 20), (2, 21), (2, 22), (2, 23), (2, 24), (2, 25), (2, 26), (2, 27), (2, 28), (2, 29), (2, 30), (2, 31), (3, 31), (4, 31), (4, 30), (4, 29), (4, 28), (4, 28)], 2: [(1, 28), (1, 27), (1, 26), (1, 25), (1, 24), (1, 23), (1, 22), (1, 21), (1, 20), (1, 19), (2, 19), (3, 19), (4, 19), (4, 18), (4, 17), (4, 16), (5, 16), (6, 16), (7, 16), (8, 16), (9, 16), (10, 16), (10, 15), (10, 15)], 3: [(2, 5), (2, 6), (2, 7), (3, 7), (4, 7), (5, 7), (6, 7), (7, 7), (8, 7), (9, 7), (10, 7), (10, 6), (10, 5), (9, 5), (8, 5), (8, 4), (8, 3), (8, 2), (9, 2), (10, 2), (11, 2), (12, 2), (13, 2), (14, 2), (15, 2), (16, 2), (17, 2), (18, 2), (19, 2), (20, 2), (21, 2), (22, 2), (22, 3), (22, 4), (22, 5), (22, 6), (22, 7), (21, 7), (20, 7), (19, 7), (18, 7), (17, 7), (16, 7), (15, 7), (14, 7), (13, 7), (13, 8), (13, 9), (13, 10), (12, 10), (11, 10), (11, 11), (10, 11), (9, 11), (8, 11), (7, 11), (6, 11), (5, 11), (4, 11), (3, 11), (2, 11), (2, 12), (2, 13), (3, 13), (4, 13), (5, 13), (6, 13), (7, 13), (8, 13), (9, 13), (10, 13), (11, 13), (11, 14), (11, 15), (11, 16), (10, 16), (9, 16), (8, 16), (7, 16), (6, 16), (5, 16), (5, 17), (5, 18), (5, 19), (5, 20), (5, 21), (5, 22), (6, 22), (7, 22), (8, 22), (8, 23), (8, 24), (8, 25), (9, 25), (10, 25), (11, 25), (12, 25), (13, 25), (13, 24), (13, 23), (13, 22), (13, 21), (13, 20), (13, 19), (13, 18), (13, 17), (13, 16), (14, 16), (15, 16), (16, 16), (16, 15), (16, 14), (17, 14), (18, 14), (19, 14), (20, 14), (20, 15), (20, 16), (21, 16), (22, 16), (23, 16), (24, 16), (25, 16), (25, 15), (26, 15), (26, 15)], 4: [(17, 28), (17, 27), (17, 26), (17, 25), (16, 25), (15, 25), (14, 25), (14, 24), (14, 23), (14, 22), (14, 21), (14, 20), (14, 19), (14, 18), (14, 17), (14, 16), (15, 16), (16, 16), (16, 15), (16, 14), (16, 13), (17, 13), (17, 13)]}, 124)