

CBSS-C STATS
starts:[327, 165, 769, 79, 1001]
targets:[863, 836, 47, 622, 169, 228, 805, 651, 239, 374, 458, 520, 950, 643, 706, 234, 518, 823, 664, 321]
dests:[360, 833, 801, 215, 348]
ac_dict:{863: {0, 1}, 836: {1, 2}, 47: {2, 3}, 622: {3, 4}, 360: {0}, 833: {1}, 801: {2}, 215: {3}, 348: {4}}
clusters:[7 7 9 9 6 5 0 3 4 9 2 7 2 3 8 3 1 1 7 3]

round: 2
best_g_value: 190.0
open_list_size: 1
num_low_level_expanded: 1210
search_success: 1
search_time: 0.4673269730992615
n_tsp_call: 1
n_tsp_time: 0.43549806205555797
n_roots: 1
num_conflicts: 1
target_assignment: {47: 3, 228: 1, 234: 1, 169: 1, 239: 1, 458: 1, 520: 1, 518: 1, 706: 1, 805: 1}
cluster_target_selection: {9: 47, 5: 228, 3: 234, 6: 169, 4: 239, 2: 458, 7: 520, 1: 518, 8: 706, 0: 805}
num_nodes_transformed_graph: 54
agent_paths:({0: [(7, 10), (8, 10), (8, 11), (8, 11)], 1: [(5, 5), (4, 5), (3, 5), (2, 5), (2, 6), (2, 7), (3, 7), (4, 7), (5, 7), (6, 7), (7, 7), (8, 7), (9, 7), (10, 7), (10, 6), (10, 5), (9, 5), (8, 5), (8, 4), (8, 3), (8, 2), (9, 2), (10, 2), (11, 2), (12, 2), (13, 2), (14, 2), (15, 2), (16, 2), (17, 2), (18, 2), (19, 2), (20, 2), (21, 2), (22, 2), (22, 3), (22, 4), (22, 5), (22, 6), (22, 7), (21, 7), (20, 7), (19, 7), (18, 7), (17, 7), (16, 7), (15, 7), (14, 7), (13, 7), (13, 8), (13, 9), (13, 10), (12, 10), (11, 10), (10, 10), (9, 10), (8, 10), (7, 10), (7, 11), (6, 11), (5, 11), (4, 11), (3, 11), (2, 11), (2, 12), (2, 13), (3, 13), (4, 13), (5, 13), (6, 13), (7, 13), (8, 13), (9, 13), (10, 13), (10, 14), (10, 15), (10, 16), (9, 16), (8, 16), (7, 16), (6, 16), (5, 16), (4, 16), (4, 17), (4, 18), (4, 19), (3, 19), (2, 19), (2, 20), (2, 21), (2, 22), (2, 23), (2, 24), (2, 25), (2, 26), (2, 27), (2, 28), (2, 29), (2, 30), (2, 31), (3, 31), (4, 31), (4, 30), (4, 29), (4, 28), (4, 27), (4, 26), (4, 25), (5, 25), (4, 25), (4, 26), (4, 27), (4, 28), (4, 29), (4, 30), (4, 31), (3, 31), (2, 31), (1, 31), (1, 30), (1, 29), (1, 28), (1, 27), (1, 26), (1, 26)], 2: [(1, 24), (1, 25), (1, 25)], 3: [(15, 2), (15, 1), (16, 1), (17, 1), (18, 1), (19, 1), (20, 1), (21, 1), (22, 1), (23, 1), (23, 2), (23, 3), (23, 4), (23, 5), (23, 6), (23, 6)], 4: [(9, 31), (10, 31), (10, 30), (10, 29), (11, 29), (12, 29), (13, 29), (14, 29), (14, 30), (14, 31), (15, 31), (16, 31), (16, 30), (16, 29), (16, 28), (16, 27), (16, 26), (16, 25), (17, 25), (18, 25), (19, 25), (20, 25), (21, 25), (22, 25), (22, 24), (22, 23), (22, 22), (22, 21), (22, 20), (22, 19), (23, 19), (24, 19), (25, 19), (26, 19), (27, 19), (28, 19), (28, 18), (28, 17), (28, 16), (28, 15), (28, 14), (28, 13), (29, 13), (30, 13), (31, 13), (31, 12), (31, 11), (30, 11), (29, 11), (28, 11), (28, 10), (28, 10)]}, 123)