{'starts': [15429, 17907, 12243, 6837, 14179], 'targets': [18998, 7322, 11093, 10790, 9034, 14457, 7524, 12895, 9979, 4416], 'dests': [11450, 17867, 10793, 19159, 20653], 'clusters': array([0, 0, 1, 1, 0, 1, 1, 0, 1, 1]), 'grids': array([[1., 1., 1., ..., 1., 1., 1.],
       [1., 1., 1., ..., 1., 1., 1.],
       [1., 1., 1., ..., 1., 1., 1.],
       ...,
       [1., 1., 1., ..., 1., 1., 1.],
       [1., 1., 1., ..., 1., 1., 1.],
       [1., 1., 1., ..., 1., 1., 1.]]), 'ac_dict': {18998: {0, 1}, 7322: {1, 2}, 11093: {2, 3}, 10790: {3, 4}, 11450: {0}, 17867: {1}, 10793: {2}, 19159: {3}, 20653: {4}}, 'eps': 0.0, 'spMat': array([[  0.,  63.,  90.,  67.,  86.,  39.,  63., 113.,  96., 135.,  16.,
        140.,  82., 100., 107., 104.,  29.,  99.,  41.,  72.],
       [ 63.,   0.,  85., 130.,  81.,  50., 126., 108.,  91., 130.,  69.,
        135.,  77.,  95., 170.,  99.,  40.,  94.,  52.,  25.],
       [ 90.,  85.,   0., 105.,  20.,  99., 109.,  23.,  14.,  53.,  96.,
         50.,   8.,  18., 107.,  22.,  89.,  17., 101.,  94.],
       [ 67., 130., 105.,   0., 125., 106.,   4., 114.,  93., 128.,  61.,
        109., 105.,  87.,  40., 109.,  96.,  96., 108., 139.],
       [ 86.,  81.,  20., 125.,   0.,  95., 129.,  27.,  34.,  73.,  92.,
         54.,  20.,  38., 127.,  42.,  85.,  37.,  97.,  90.],
       [ 39.,  50.,  99., 106.,  95.,   0., 102., 122., 105., 144.,  45.,
        149.,  91., 109., 146., 113.,  10., 108.,   2.,  45.],
       [ 63., 126., 109.,   4., 129., 102.,   0., 118.,  97., 132.,  57.,
        113., 109.,  91.,  44., 113.,  92., 100., 104., 135.],
       [113., 108.,  23., 114.,  27., 122., 118.,   0.,  23.,  62., 119.,
         27.,  31.,  27., 116.,  35., 112.,  26., 124., 117.],
       [ 96.,  91.,  14.,  93.,  34., 105.,  97.,  23.,   0.,  39., 102.,
         46.,  14.,   6.,  95.,  16.,  95.,   3., 107., 100.],
       [135., 130.,  53., 128.,  73., 144., 132.,  62.,  39.,   0., 141.,
         81.,  53.,  41., 130.,  31., 134.,  36., 146., 139.],
       [ 16.,  69.,  96.,  61.,  92.,  45.,  57., 119., 102., 141.,   0.,
        146.,  88., 106., 101., 110.,  35., 105.,  47.,  78.],
       [140., 135.,  50., 109.,  54., 149., 113.,  27.,  46.,  81., 146.,
          0.,  58.,  40., 111.,  62., 139.,  49., 151., 144.],
       [ 82.,  77.,   8., 105.,  20.,  91., 109.,  31.,  14.,  53.,  88.,
         58.,   0.,  18., 107.,  22.,  81.,  17.,  93.,  86.],
       [100.,  95.,  18.,  87.,  38., 109.,  91.,  27.,   6.,  41., 106.,
         40.,  18.,   0.,  89.,  22.,  99.,   9., 111., 104.],
       [107., 170., 107.,  40., 127., 146.,  44., 116.,  95., 130., 101.,
        111., 107.,  89.,   0., 111., 136.,  98., 148., 179.],
       [104.,  99.,  22., 109.,  42., 113., 113.,  35.,  16.,  31., 110.,
         62.,  22.,  22., 111.,   0., 103.,  13., 115., 108.],
       [ 29.,  40.,  89.,  96.,  85.,  10.,  92., 112.,  95., 134.,  35.,
        139.,  81.,  99., 136., 103.,   0.,  98.,  12.,  49.],
       [ 99.,  94.,  17.,  96.,  37., 108., 100.,  26.,   3.,  36., 105.,
         49.,  17.,   9.,  98.,  13.,  98.,   0., 110., 103.],
       [ 41.,  52., 101., 108.,  97.,   2., 104., 124., 107., 146.,  47.,
        151.,  93., 111., 148., 115.,  12., 110.,   0.,  45.],
       [ 72.,  25.,  94., 139.,  90.,  45., 135., 117., 100., 139.,  78.,
        144.,  86., 104., 179., 108.,  49., 103.,  45.,   0.]]), 'is_heuristic': True, 'total_time': 0.10328459739685059, 'ntsp': 0.04346168501069769, 'cost': 359.0, 'agent_paths': {0: [(39, 95), (40, 95), (41, 95), (42, 95), (43, 95), (44, 95), (45, 95), (46, 95), (46, 96), (46, 97), (46, 98), (46, 99), (47, 99), (48, 99), (49, 99), (50, 99), (51, 99), (52, 99), (53, 99), (54, 99), (55, 99), (56, 99), (57, 99), (58, 99), (59, 99), (60, 99), (61, 99), (62, 99), (63, 99), (64, 99), (65, 99), (66, 99), (67, 99), (68, 99), (69, 99), (70, 99), (71, 99), (72, 99), (73, 99), (74, 99), (75, 99), (76, 99), (77, 99), (78, 99), (79, 99), (80, 99), (81, 99), (82, 99), (83, 99), (84, 99), (85, 99), (86, 99), (87, 99), (88, 99), (89, 99), (90, 99), (91, 99), (92, 99), (93, 99), (94, 99), (95, 99), (96, 99), (97, 99), (97, 98), (97, 97), (97, 96), (97, 95), (97, 94), (97, 93), (97, 92), (97, 91), (97, 90), (97, 89), (97, 88), (97, 87), (97, 86), (97, 85), (97, 84), (97, 83), (97, 82), (97, 81), (97, 80), (97, 79), (97, 78), (97, 77), (97, 76), (97, 75), (97, 74), (97, 73), (97, 72), (97, 71), (97, 70), (98, 70), (99, 70), (100, 70), (101, 70), (102, 70), (103, 70), (104, 70), (105, 70), (106, 70), (107, 70), (108, 70), (109, 70), (110, 70), (110, 70)], 1: [(87, 110), (86, 110), (85, 110), (84, 110), (83, 110), (82, 110), (81, 110), (80, 110), (79, 110), (78, 110), (77, 110), (76, 110), (75, 110), (74, 110), (73, 110), (72, 110), (71, 110), (70, 110), (69, 110), (68, 110), (67, 110), (66, 110), (65, 110), (64, 110), (63, 110), (62, 110), (61, 110), (60, 110), (59, 110), (58, 110), (57, 110), (56, 110), (55, 110), (54, 110), (53, 110), (52, 110), (51, 110), (50, 110), (49, 110), (48, 110), (47, 110), (47, 110)], 2: [(93, 75), (93, 74), (93, 73), (93, 72), (93, 71), (93, 70), (93, 69), (93, 68), (93, 67), (93, 66), (94, 66), (95, 66), (96, 66), (97, 66), (98, 66), (99, 66), (100, 66), (101, 66), (101, 66)], 3: [(33, 42), (33, 43), (33, 44), (33, 45), (33, 46), (33, 47), (33, 48), (33, 49), (33, 50), (33, 51), (33, 52), (33, 53), (33, 54), (33, 55), (32, 55), (31, 55), (30, 55), (29, 55), (29, 56), (29, 57), (29, 58), (29, 59), (29, 60), (29, 61), (29, 62), (29, 63), (29, 64), (29, 65), (29, 66), (29, 67), (29, 68), (29, 69), (29, 70), (29, 71), (29, 72), (29, 73), (29, 74), (29, 75), (29, 76), (29, 77), (29, 78), (29, 79), (29, 80), (29, 81), (29, 82), (29, 83), (29, 84), (30, 84), (31, 84), (32, 84), (33, 84), (34, 84), (34, 85), (34, 86), (34, 87), (35, 87), (36, 87), (37, 87), (38, 87), (39, 87), (39, 88), (39, 89), (40, 89), (41, 89), (42, 89), (43, 89), (43, 90), (44, 90), (45, 90), (45, 91), (45, 92), (45, 93), (45, 94), (45, 95), (45, 96), (45, 97), (45, 98), (45, 99), (45, 100), (45, 101), (45, 102), (45, 103), (46, 103), (47, 103), (48, 103), (48, 104), (49, 104), (50, 104), (50, 105), (50, 106), (50, 107), (50, 108), (49, 108), (48, 108), (47, 108), (46, 108), (45, 108), (44, 108), (43, 108), (43, 109), (43, 110), (43, 111), (43, 112), (43, 113), (43, 114), (43, 115), (43, 116), (43, 117), (43, 118), (43, 118)], 4: [(85, 87), (86, 87), (87, 87), (88, 87), (89, 87), (90, 87), (91, 87), (92, 87), (93, 87), (94, 87), (95, 87), (96, 87), (97, 87), (97, 88), (97, 89), (97, 90), (97, 91), (97, 92), (97, 93), (97, 94), (97, 95), (97, 96), (97, 97), (97, 98), (97, 99), (96, 99), (95, 99), (94, 99), (93, 99), (92, 99), (91, 99), (90, 99), (89, 99), (88, 99), (87, 99), (86, 99), (85, 99), (84, 99), (83, 99), (82, 99), (81, 99), (80, 99), (79, 99), (79, 100), (79, 101), (79, 102), (79, 103), (78, 103), (77, 103), (76, 103), (75, 103), (74, 103), (73, 103), (72, 103), (71, 103), (70, 103), (69, 103), (69, 104), (69, 105), (69, 106), (69, 107), (69, 108), (70, 108), (71, 108), (72, 108), (73, 108), (74, 108), (75, 108), (76, 108), (77, 108), (78, 108), (79, 108), (79, 109), (79, 110), (79, 111), (79, 112), (79, 113), (79, 114), (79, 115), (79, 116), (79, 117), (79, 118), (79, 119), (79, 120), (79, 121), (79, 122), (79, 123), (79, 124), (79, 125), (79, 126), (79, 127), (79, 127)]}, 'target_assignment': {12895: {0}, 11450: {0}, 20653: {4}, 17867: {1}, 10793: {2}, 14457: {3}, 19159: {3}}, 'cluster_target_selection': {0: 12895, 1: 14457}, 'num_nodes': 23, 'max_step': 108, 'Astar_time': 2.4221463203430176, 'num_conflicts': 0}