{'starts': [21623, 19327, 18549, 15459, 2505], 'targets': [4437, 4106, 10760, 12712, 15420, 12924, 10431, 14173, 13148, 16743], 'dests': [8185, 14649, 4142, 8519, 12090], 'clusters': array([4, 1, 1, 2, 0, 2, 0, 3, 1, 2]), 'grids': array([[1., 1., 1., ..., 1., 1., 1.],
       [1., 1., 1., ..., 1., 1., 1.],
       [1., 1., 1., ..., 1., 1., 1.],
       ...,
       [1., 1., 1., ..., 1., 1., 1.],
       [1., 1., 1., ..., 1., 1., 1.],
       [1., 1., 1., ..., 1., 1., 1.]]), 'ac_dict': {4437: {0, 1}, 4106: {1, 2}, 10760: {2, 3}, 12712: {3, 4}, 8185: {0}, 14649: {1}, 4142: {2}, 8519: {3}, 12090: {4}}, 'eps': 0.0, 'spMat': array([[  0.,  42.,  23., 118., 188., 176., 183., 162., 112.,  85., 127.,
        159., 100., 103.,  50., 131., 113., 195., 119., 100.],
       [ 42.,   0.,  37., 116., 172., 148., 143., 160., 110.,  45., 125.,
        157.,  98.,  63.,  24., 129., 111., 179., 117.,  98.],
       [ 23.,  37.,   0., 103., 173., 161., 168., 147.,  97.,  70., 112.,
        144.,  85.,  88.,  35., 116.,  98., 180., 104.,  85.],
       [118., 116., 103.,   0., 142., 130., 139.,  60.,  26., 119.,  81.,
         57.,  18., 137.,  92.,  61.,   5., 149.,  69.,  54.],
       [188., 172., 173., 142.,   0.,  24.,  29., 146., 118., 127., 127.,
        143., 124., 115., 162.,  85., 137.,  27.,  73.,  98.],
       [176., 148., 161., 130.,  24.,   0.,   9., 134., 106., 103., 115.,
        131., 112.,  91., 138.,  73., 125.,  31.,  61.,  86.],
       [183., 143., 168., 139.,  29.,   9.,   0., 143., 115.,  98., 124.,
        140., 121.,  86., 133.,  82., 134.,  36.,  70.,  95.],
       [162., 160., 147.,  60., 146., 134., 143.,   0.,  64., 163., 119.,
          7.,  62., 181., 136.,  65.,  55., 153.,  73.,  92.],
       [112., 110.,  97.,  26., 118., 106., 115.,  64.,   0., 113.,  57.,
         61.,  12., 131.,  86.,  37.,  21., 125.,  45.,  30.],
       [ 85.,  45.,  70., 119., 127., 103.,  98., 163., 113.,   0., 128.,
        160., 101.,  18.,  35., 132., 114., 134., 120., 101.],
       [127., 125., 112.,  81., 127., 115., 124., 119.,  57., 128.,   0.,
        116.,  63., 146., 101.,  70.,  76., 134.,  58.,  29.],
       [159., 157., 144.,  57., 143., 131., 140.,   7.,  61., 160., 116.,
          0.,  59., 178., 133.,  62.,  52., 150.,  70.,  89.],
       [100.,  98.,  85.,  18., 124., 112., 121.,  62.,  12., 101.,  63.,
         59.,   0., 119.,  74.,  43.,  13., 131.,  51.,  36.],
       [103.,  63.,  88., 137., 115.,  91.,  86., 181., 131.,  18., 146.,
        178., 119.,   0.,  53., 138., 132., 122., 126., 119.],
       [ 50.,  24.,  35.,  92., 162., 138., 133., 136.,  86.,  35., 101.,
        133.,  74.,  53.,   0., 105.,  87., 169.,  93.,  74.],
       [131., 129., 116.,  61.,  85.,  73.,  82.,  65.,  37., 132.,  70.,
         62.,  43., 138., 105.,   0.,  56.,  92.,  12.,  41.],
       [113., 111.,  98.,   5., 137., 125., 134.,  55.,  21., 114.,  76.,
         52.,  13., 132.,  87.,  56.,   0., 144.,  64.,  49.],
       [195., 179., 180., 149.,  27.,  31.,  36., 153., 125., 134., 134.,
        150., 131., 122., 169.,  92., 144.,   0.,  80., 105.],
       [119., 117., 104.,  69.,  73.,  61.,  70.,  73.,  45., 120.,  58.,
         70.,  51., 126.,  93.,  12.,  64.,  80.,   0.,  29.],
       [100.,  98.,  85.,  54.,  98.,  86.,  95.,  92.,  30., 101.,  29.,
         89.,  36., 119.,  74.,  41.,  49., 105.,  29.,   0.]]), 'is_heuristic': True, 'total_time': 4.445676803588867, 'ntsp': 1.3074721620650962, 'cost': 727.0, 'agent_paths': {0: [(77, 133), (76, 133), (75, 133), (74, 133), (73, 133), (72, 133), (71, 133), (70, 133), (70, 132), (70, 131), (70, 130), (70, 129), (69, 129), (68, 129), (67, 129), (66, 129), (66, 128), (66, 127), (66, 126), (66, 125), (66, 124), (66, 123), (66, 122), (66, 121), (66, 120), (66, 119), (65, 119), (64, 119), (63, 119), (62, 119), (61, 119), (60, 119), (59, 119), (58, 119), (57, 119), (56, 119), (55, 119), (54, 119), (53, 119), (52, 119), (51, 119), (50, 119), (50, 118), (50, 117), (50, 116), (50, 115), (50, 114), (50, 113), (50, 112), (50, 111), (50, 110), (50, 109), (50, 108), (50, 107), (50, 106), (50, 105), (50, 104), (49, 104), (48, 104), (48, 103), (47, 103), (46, 103), (45, 103), (44, 103), (43, 103), (42, 103), (41, 103), (40, 103), (39, 103), (38, 103), (37, 103), (36, 103), (35, 103), (34, 103), (33, 103), (32, 103), (31, 103), (30, 103), (30, 102), (30, 101), (30, 100), (30, 99), (30, 98), (30, 97), (30, 96), (30, 95), (29, 95), (28, 95), (27, 95), (26, 95), (26, 94), (26, 93), (26, 92), (26, 91), (26, 90), (26, 89), (26, 88), (26, 87), (26, 86), (26, 85), (26, 84), (26, 83), (26, 82), (26, 81), (26, 80), (26, 79), (26, 78), (26, 77), (26, 76), (26, 75), (26, 74), (26, 73), (26, 72), (26, 71), (26, 70), (26, 69), (26, 68), (26, 67), (26, 66), (26, 65), (26, 64), (26, 63), (26, 62), (26, 61), (26, 60), (26, 59), (26, 58), (26, 57), (26, 56), (26, 55), (26, 54), (26, 53), (26, 52), (26, 51), (26, 50), (26, 49), (26, 48), (26, 47), (26, 46), (26, 45), (26, 44), (26, 43), (26, 42), (26, 41), (26, 40), (26, 39), (26, 38), (26, 37), (26, 36), (27, 36), (28, 36), (29, 36), (30, 36), (31, 36), (32, 36), (33, 36), (34, 36), (35, 36), (36, 36), (37, 36), (38, 36), (39, 36), (40, 36), (41, 36), (42, 36), (43, 36), (44, 36), (45, 36), (46, 36), (47, 36), (48, 36), (49, 36), (50, 36), (50, 35), (50, 34), (50, 33), (50, 32), (50, 31), (50, 30), (50, 29), (50, 28), (50, 27), (51, 27), (52, 27), (53, 27), (54, 27), (55, 27), (56, 27), (57, 27), (58, 27), (59, 27), (60, 27), (61, 27), (62, 27), (63, 27), (64, 27), (65, 27), (66, 27), (67, 27), (68, 27), (69, 27), (69, 28), (69, 29), (69, 30), (69, 31), (69, 32), (69, 33), (69, 34), (69, 35), (69, 36), (70, 36), (71, 36), (72, 36), (73, 36), (74, 36), (75, 36), (76, 36), (77, 36), (78, 36), (79, 36), (80, 36), (81, 36), (82, 36), (83, 36), (84, 36), (85, 36), (85, 37), (85, 38), (85, 39), (85, 40), (86, 40), (87, 40), (88, 40), (89, 40), (90, 40), (91, 40), (92, 40), (93, 40), (94, 40), (95, 40), (96, 40), (97, 40), (97, 41), (97, 42), (97, 43), (97, 44), (97, 45), (97, 46), (97, 47), (97, 48), (97, 49), (97, 50), (97, 51), (97, 52), (96, 52), (96, 53), (95, 53), (94, 53), (93, 53), (92, 53), (91, 53), (90, 53), (89, 53), (88, 53), (87, 53), (86, 53), (85, 53), (85, 52), (85, 51), (85, 50), (85, 50)], 1: [(49, 119), (49, 118), (49, 117), (49, 116), (49, 115), (49, 114), (49, 113), (49, 112), (49, 111), (49, 110), (49, 109), (49, 108), (50, 108), (50, 107), (50, 106), (50, 105), (50, 104), (50, 103), (51, 103), (52, 103), (53, 103), (54, 103), (55, 103), (56, 103), (57, 103), (57, 102), (57, 101), (57, 100), (57, 99), (58, 99), (59, 99), (60, 99), (61, 99), (62, 99), (63, 99), (64, 99), (65, 99), (66, 99), (67, 99), (68, 99), (69, 99), (70, 99), (71, 99), (72, 99), (73, 99), (74, 99), (75, 99), (76, 99), (77, 99), (78, 99), (79, 99), (80, 99), (81, 99), (82, 99), (83, 99), (84, 99), (85, 99), (86, 99), (87, 99), (88, 99), (89, 99), (90, 99), (91, 99), (92, 99), (93, 99), (94, 99), (95, 99), (96, 99), (97, 99), (97, 98), (97, 97), (97, 96), (97, 95), (97, 94), (97, 93), (97, 92), (97, 91), (97, 90), (97, 89), (97, 88), (97, 87), (96, 87), (95, 87), (94, 87), (93, 87), (92, 87), (91, 87), (90, 87), (89, 87), (88, 87), (87, 87), (86, 87), (85, 87), (84, 87), (83, 87), (82, 87), (81, 87), (80, 87), (79, 87), (78, 87), (77, 87), (76, 87), (75, 87), (74, 87), (73, 87), (72, 87), (71, 87), (70, 87), (69, 87), (69, 88), (69, 89), (69, 90), (69, 90)], 2: [(81, 114), (81, 113), (81, 112), (81, 111), (81, 110), (81, 109), (81, 108), (80, 108), (79, 108), (78, 108), (77, 108), (76, 108), (75, 108), (74, 108), (73, 108), (72, 108), (71, 108), (70, 108), (69, 108), (69, 107), (69, 106), (69, 105), (69, 104), (69, 103), (69, 102), (69, 101), (69, 100), (69, 99), (70, 99), (71, 99), (72, 99), (73, 99), (74, 99), (75, 99), (76, 99), (77, 99), (78, 99), (79, 99), (80, 99), (81, 99), (82, 99), (83, 99), (84, 99), (85, 99), (86, 99), (87, 99), (88, 99), (89, 99), (90, 99), (91, 99), (92, 99), (93, 99), (94, 99), (95, 99), (96, 99), (97, 99), (97, 98), (97, 97), (97, 96), (97, 95), (97, 94), (97, 93), (97, 92), (97, 91), (97, 90), (97, 89), (97, 88), (97, 87), (97, 86), (97, 85), (97, 84), (97, 83), (97, 82), (97, 81), (97, 80), (97, 79), (97, 78), (97, 77), (97, 76), (97, 75), (97, 74), (97, 73), (97, 72), (97, 71), (97, 70), (97, 69), (97, 68), (97, 67), (97, 66), (97, 65), (97, 64), (97, 63), (97, 62), (97, 61), (97, 60), (97, 59), (97, 58), (97, 57), (97, 56), (97, 55), (97, 54), (97, 53), (97, 52), (97, 51), (97, 50), (97, 49), (97, 48), (97, 47), (97, 46), (97, 45), (97, 44), (97, 43), (97, 42), (97, 41), (97, 40), (96, 40), (95, 40), (94, 40), (93, 40), (92, 40), (92, 39), (92, 38), (92, 37), (92, 36), (91, 36), (90, 36), (89, 36), (88, 36), (87, 36), (86, 36), (85, 36), (84, 36), (83, 36), (82, 36), (81, 36), (80, 36), (79, 36), (78, 36), (77, 36), (76, 36), (75, 36), (74, 36), (73, 36), (72, 36), (71, 36), (70, 36), (69, 36), (69, 35), (69, 34), (69, 33), (69, 32), (69, 31), (69, 30), (69, 29), (69, 28), (69, 27), (69, 26), (69, 25), (70, 25), (71, 25), (72, 25), (73, 25), (74, 25), (75, 25), (76, 25), (77, 25), (78, 25), (79, 25), (80, 25), (81, 25), (82, 25), (83, 25), (84, 25), (85, 25), (86, 25), (87, 25), (88, 25), (89, 25), (90, 25), (91, 25), (92, 25), (92, 25)], 3: [(69, 95), (69, 94), (69, 93), (69, 92), (69, 91), (69, 90), (69, 89), (69, 88), (69, 87), (70, 87), (71, 87), (72, 87), (73, 87), (74, 87), (75, 87), (76, 87), (77, 87), (78, 87), (79, 87), (79, 86), (79, 85), (79, 84), (80, 84), (81, 84), (82, 84), (82, 83), (82, 82), (82, 81), (82, 80), (82, 79), (82, 78), (82, 77), (82, 76), (82, 75), (82, 74), (82, 73), (82, 72), (82, 71), (82, 70), (82, 69), (82, 68), (82, 67), (82, 66), (82, 65), (82, 64), (82, 63), (82, 62), (82, 61), (82, 60), (82, 59), (82, 58), (82, 57), (82, 56), (82, 55), (82, 54), (82, 53), (82, 52), (83, 52), (84, 52), (85, 52), (86, 52), (87, 52), (88, 52), (89, 52), (90, 52), (91, 52), (92, 52), (93, 52), (94, 52), (95, 52), (95, 52)], 4: [(75, 15), (75, 16), (75, 17), (75, 18), (75, 19), (75, 20), (75, 21), (75, 22), (75, 23), (75, 24), (75, 25), (75, 26), (75, 27), (75, 28), (75, 29), (75, 30), (75, 31), (74, 31), (73, 31), (72, 31), (71, 31), (70, 31), (69, 31), (69, 32), (69, 33), (69, 34), (69, 35), (69, 36), (70, 36), (71, 36), (72, 36), (73, 36), (74, 36), (75, 36), (76, 36), (77, 36), (78, 36), (79, 36), (80, 36), (81, 36), (82, 36), (83, 36), (84, 36), (85, 36), (86, 36), (87, 36), (88, 36), (89, 36), (90, 36), (91, 36), (92, 36), (93, 36), (94, 36), (95, 36), (96, 36), (97, 36), (98, 36), (99, 36), (100, 36), (100, 37), (100, 38), (100, 39), (100, 40), (100, 41), (100, 42), (100, 43), (100, 44), (100, 45), (100, 46), (100, 47), (100, 48), (100, 49), (101, 49), (101, 50), (101, 51), (101, 52), (101, 53), (101, 54), (101, 55), (101, 56), (101, 57), (101, 58), (101, 59), (101, 60), (102, 60), (102, 61), (102, 62), (102, 63), (102, 64), (102, 65), (102, 66), (102, 67), (102, 68), (102, 69), (102, 70), (102, 71), (102, 72), (102, 73), (102, 74), (102, 74)]}, 'target_assignment': {15420: {0}, 13148: {0}, 4437: {0}, 8185: {0}, 14173: {3}, 8519: {3}, 4142: {2}, 12090: {4}, 16743: {1}, 14649: {1}}, 'cluster_target_selection': {0: 15420, 1: 13148, 4: 4437, 3: 14173, 2: 16743}, 'num_nodes': 21, 'max_step': 269, 'Astar_time': 3.6827566623687744, 'num_conflicts': 12}