

CBSS-C STATS
starts:[748, 753, 437]
targets:[585, 578, 422, 105, 734, 708, 181, 333, 871, 370, 726, 92, 557, 1006, 965]
dests:[434, 195, 1022]
ac_dict:{585: {0, 1}, 578: {1, 2}, 434: {0}, 195: {1}, 1022: {2}}
clusters:[ 8  4  1  7  3  9 10 13  6  2  5 14 12  0 11]

round: 1
best_g_value: 244.0
open_list_size: 0
num_low_level_expanded: 531
search_success: 1
search_time: 0.12299066300329287
n_tsp_call: 1
n_tsp_time: 0.09728387699578889
n_roots: 1
num_conflicts: 0
target_assignment: {726: 0, 557: 0, 370: 0, 181: 0, 105: 0, 333: 0, 1006: 1, 965: 1, 871: 1, 708: 1, 578: 1, 585: 1, 422: 1, 92: 2, 734: 2}
cluster_target_selection: {5: 726, 12: 557, 2: 370, 10: 181, 7: 105, 13: 333, 0: 1006, 11: 965, 6: 871, 9: 708, 4: 578, 8: 585, 1: 422, 14: 92, 3: 734}
num_nodes_transformed_graph: 26
agent_paths:({0: [(12, 23), (13, 23), (13, 22), (14, 22), (15, 22), (16, 22), (17, 22), (18, 22), (19, 22), (19, 21), (20, 21), (21, 21), (22, 21), (22, 22), (22, 21), (22, 20), (22, 19), (21, 19), (21, 18), (21, 17), (20, 17), (19, 17), (18, 17), (17, 17), (17, 18), (16, 18), (15, 18), (14, 18), (13, 18), (13, 17), (14, 17), (15, 17), (15, 18), (16, 18), (17, 18), (17, 17), (18, 17), (18, 16), (18, 15), (18, 14), (18, 13), (18, 12), (18, 11), (18, 10), (18, 9), (18, 8), (18, 7), (19, 7), (20, 7), (21, 7), (21, 6), (21, 5), (21, 6), (21, 7), (20, 7), (19, 7), (18, 7), (17, 7), (17, 6), (17, 5), (16, 5), (15, 5), (14, 5), (13, 5), (12, 5), (11, 5), (11, 4), (11, 3), (10, 3), (9, 3), (10, 3), (11, 3), (11, 4), (11, 5), (12, 5), (13, 5), (13, 6), (13, 7), (14, 7), (14, 8), (14, 9), (13, 9), (13, 10), (14, 10), (15, 10), (15, 9), (16, 9), (17, 9), (18, 9), (18, 10), (18, 11), (18, 12), (18, 13), (18, 13)], 1: [(17, 23), (17, 24), (17, 25), (17, 26), (17, 27), (18, 27), (18, 28), (18, 29), (17, 29), (17, 30), (17, 31), (16, 31), (15, 31), (14, 31), (15, 31), (16, 31), (17, 31), (17, 30), (17, 29), (18, 29), (18, 28), (18, 27), (17, 27), (16, 27), (15, 27), (14, 27), (13, 27), (12, 27), (11, 27), (10, 27), (10, 28), (10, 29), (9, 29), (9, 30), (8, 30), (7, 30), (6, 30), (5, 30), (4, 30), (3, 30), (3, 29), (3, 28), (3, 27), (3, 26), (4, 26), (5, 26), (6, 26), (7, 26), (7, 27), (6, 27), (5, 27), (5, 26), (4, 26), (3, 26), (3, 25), (2, 25), (1, 25), (1, 24), (1, 23), (1, 22), (2, 22), (3, 22), (4, 22), (3, 22), (2, 22), (2, 21), (2, 20), (2, 19), (2, 18), (3, 18), (3, 19), (4, 19), (5, 19), (5, 18), (6, 18), (7, 18), (8, 18), (9, 18), (8, 18), (7, 18), (6, 18), (6, 17), (6, 16), (6, 15), (6, 14), (6, 13), (5, 13), (5, 12), (5, 11), (5, 10), (5, 9), (6, 9), (6, 8), (6, 7), (5, 7), (5, 6), (5, 5), (4, 5), (3, 5), (3, 6), (3, 6)], 2: [(21, 13), (22, 13), (22, 12), (22, 11), (22, 10), (22, 9), (23, 9), (24, 9), (25, 9), (25, 8), (25, 7), (25, 6), (25, 5), (26, 5), (27, 5), (27, 4), (27, 3), (27, 2), (28, 2), (29, 2), (30, 2), (30, 3), (30, 4), (30, 5), (30, 6), (30, 7), (31, 7), (31, 8), (31, 9), (31, 10), (31, 11), (31, 12), (31, 13), (31, 14), (31, 15), (31, 16), (31, 17), (31, 18), (31, 19), (31, 20), (31, 21), (30, 21), (30, 22), (30, 23), (30, 24), (30, 25), (30, 26), (30, 27), (31, 27), (31, 28), (31, 29), (30, 29), (30, 30), (30, 31), (30, 31)]}, 99)