

CBSS-C STATS
starts:[455, 41, 869, 447, 969]
targets:[377, 45, 462, 625, 767, 739, 601, 211, 3, 464, 297, 111, 847, 479, 481, 929, 103, 741, 865, 234]
dests:[606, 477, 361, 209, 882]
ac_dict:{377: {0, 1}, 45: {1, 2}, 462: {2, 3}, 625: {3, 4}, 606: {0}, 477: {1}, 361: {2}, 209: {3}, 882: {4}}
clusters:[ 7 11  2 13 16 17 10 18  0 15 12  6  1  8  9 14  4  5  3 19]

round: 2
best_g_value: 229.0
open_list_size: 11
num_low_level_expanded: 4077
search_success: 1
search_time: 13.189874988995143
n_tsp_call: 95
n_tsp_time: 11.756238599002245
n_roots: 6
num_conflicts: 6
target_assignment: {464: 0, 601: 0, 847: 4, 479: 3, 767: 3, 625: 3, 462: 3, 103: 1, 3: 1, 234: 1, 45: 1, 111: 1, 211: 1, 377: 1, 929: 2, 865: 2, 739: 2, 741: 2, 481: 2, 297: 2}
cluster_target_selection: {15: 464, 10: 601, 1: 847, 8: 479, 16: 767, 13: 625, 2: 462, 4: 103, 0: 3, 19: 234, 11: 45, 6: 111, 18: 211, 7: 377, 14: 929, 3: 865, 17: 739, 5: 741, 9: 481, 12: 297}
num_nodes_transformed_graph: 52
agent_paths:({0: [(7, 14), (7, 13), (8, 13), (9, 13), (10, 13), (11, 13), (11, 14), (12, 14), (13, 14), (14, 14), (15, 14), (16, 14), (17, 14), (18, 14), (18, 15), (18, 16), (18, 17), (19, 17), (20, 17), (21, 17), (22, 17), (23, 17), (23, 17), (23, 17), (23, 18), (24, 18), (25, 18), (26, 18), (27, 18), (28, 18), (29, 18), (30, 18), (30, 18)], 1: [(9, 1), (8, 1), (7, 1), (7, 2), (7, 3), (6, 3), (6, 4), (6, 5), (5, 5), (4, 5), (3, 5), (3, 4), (3, 3), (3, 2), (3, 1), (3, 0), (3, 1), (3, 2), (3, 3), (3, 4), (3, 5), (4, 5), (5, 5), (6, 5), (7, 5), (7, 6), (8, 6), (9, 6), (10, 6), (10, 7), (10, 6), (10, 5), (11, 5), (11, 4), (11, 3), (12, 3), (13, 3), (13, 2), (13, 1), (14, 1), (15, 1), (15, 2), (15, 3), (14, 3), (14, 4), (14, 5), (15, 5), (16, 5), (17, 5), (18, 5), (19, 5), (19, 6), (19, 7), (20, 7), (21, 7), (22, 7), (23, 7), (23, 8), (23, 9), (24, 9), (25, 9), (25, 10), (25, 11), (26, 11), (27, 11), (27, 12), (27, 13), (27, 14), (28, 14), (29, 14), (29, 14)], 2: [(5, 27), (5, 26), (4, 26), (3, 26), (3, 27), (3, 28), (3, 29), (2, 29), (1, 29), (2, 29), (3, 29), (3, 28), (3, 27), (2, 27), (1, 27), (1, 26), (1, 25), (1, 24), (1, 23), (2, 23), (3, 23), (3, 22), (4, 22), (5, 22), (5, 23), (5, 22), (4, 22), (3, 22), (2, 22), (2, 21), (2, 20), (2, 19), (2, 18), (2, 17), (2, 16), (2, 15), (1, 15), (2, 15), (2, 16), (2, 17), (3, 17), (3, 18), (3, 19), (4, 19), (5, 19), (5, 18), (5, 17), (6, 17), (6, 16), (6, 15), (6, 14), (6, 13), (7, 13), (8, 13), (9, 13), (9, 12), (9, 11), (9, 10), (9, 9), (9, 10), (9, 11), (9, 11)], 3: [(31, 13), (31, 14), (31, 15), (31, 16), (31, 17), (31, 18), (31, 19), (31, 20), (31, 21), (31, 22), (31, 23), (30, 23), (29, 23), (28, 23), (27, 23), (27, 22), (27, 21), (27, 20), (27, 19), (26, 19), (25, 19), (25, 18), (24, 18), (23, 18), (22, 18), (21, 18), (21, 17), (20, 17), (19, 17), (18, 17), (17, 17), (17, 18), (17, 19), (17, 18), (17, 17), (18, 17), (18, 16), (18, 15), (17, 15), (17, 14), (16, 14), (15, 14), (14, 14), (15, 14), (16, 14), (17, 14), (17, 13), (18, 13), (18, 12), (18, 11), (18, 10), (18, 9), (18, 8), (18, 7), (17, 7), (17, 6), (17, 6)], 4: [(9, 30), (9, 29), (10, 29), (10, 28), (10, 27), (11, 27), (12, 27), (13, 27), (13, 26), (14, 26), (15, 26), (15, 27), (16, 27), (17, 27), (18, 27), (18, 27)]}, 69)