

CBSS-C STATS
starts:[469, 415, 941, 546, 634, 246, 465]
targets:[55, 967, 91, 366, 46, 361, 166, 714, 767, 603]
dests:[9, 335, 173, 551, 242, 673, 945]
ac_dict:{55: {0, 1}, 967: {1, 2}, 91: {2, 3}, 366: {3, 4}, 46: {4, 5}, 361: {5, 6}, 9: {0}, 335: {1}, 173: {2}, 551: {3}, 242: {4}, 673: {5}, 945: {6}}
clusters:[1 7 2 9 3 5 6 0 4 8]

round: 5
best_g_value: 301.0
open_list_size: 5
num_low_level_expanded: 2648
search_success: 1
search_time: 1.4772680479945848
n_tsp_call: 12
n_tsp_time: 0.9625650659872917
n_roots: 2
num_conflicts: 4
target_assignment: {967: 2, 767: 2, 91: 2, 603: 4, 366: 4, 55: 1, 46: 5, 166: 5, 361: 5, 714: 5}
cluster_target_selection: {7: 967, 4: 767, 2: 91, 8: 603, 9: 366, 1: 55, 3: 46, 6: 166, 5: 361, 0: 714}
num_nodes_transformed_graph: 34
agent_paths:({0: [(21, 14), (21, 13), (20, 13), (19, 13), (18, 13), (18, 12), (18, 11), (17, 11), (17, 10), (17, 9), (16, 9), (15, 9), (14, 9), (14, 8), (14, 7), (14, 6), (14, 5), (14, 4), (14, 3), (13, 3), (12, 3), (11, 3), (10, 3), (9, 3), (9, 2), (9, 1), (9, 0), (9, 0)], 1: [(31, 12), (31, 11), (31, 10), (31, 9), (31, 8), (31, 7), (30, 7), (29, 7), (29, 6), (28, 6), (27, 6), (27, 5), (27, 4), (27, 3), (26, 3), (25, 3), (24, 3), (23, 3), (23, 2), (23, 1), (22, 1), (21, 1), (20, 1), (19, 1), (18, 1), (17, 1), (17, 2), (16, 2), (15, 2), (15, 3), (14, 3), (14, 4), (14, 5), (14, 6), (14, 7), (14, 8), (14, 9), (15, 9), (15, 10), (15, 10)], 2: [(13, 29), (13, 30), (14, 30), (15, 30), (15, 31), (16, 31), (17, 31), (17, 30), (17, 29), (18, 29), (18, 28), (18, 27), (17, 27), (16, 27), (15, 27), (14, 27), (13, 27), (12, 27), (11, 27), (10, 27), (10, 28), (10, 29), (9, 29), (9, 30), (8, 30), (7, 30), (8, 30), (9, 30), (9, 29), (10, 29), (10, 28), (10, 27), (11, 27), (12, 27), (13, 27), (14, 27), (15, 27), (16, 27), (17, 27), (17, 26), (18, 26), (19, 26), (20, 26), (21, 26), (21, 25), (22, 25), (23, 25), (24, 25), (25, 25), (26, 25), (27, 25), (27, 24), (27, 23), (28, 23), (29, 23), (30, 23), (31, 23), (31, 22), (31, 21), (31, 20), (31, 19), (31, 18), (31, 17), (31, 16), (31, 15), (31, 14), (31, 13), (31, 12), (31, 11), (31, 10), (31, 9), (31, 8), (31, 7), (30, 7), (29, 7), (29, 6), (28, 6), (27, 6), (27, 5), (27, 4), (27, 3), (27, 2), (26, 2), (25, 2), (25, 3), (24, 3), (23, 3), (22, 3), (21, 3), (21, 2), (21, 1), (20, 1), (19, 1), (18, 1), (17, 1), (17, 2), (16, 2), (15, 2), (14, 2), (14, 3), (14, 4), (14, 5), (13, 5), (13, 5)], 3: [(2, 17), (3, 17), (3, 18), (3, 19), (4, 19), (5, 19), (5, 18), (5, 17), (6, 17), (7, 17), (7, 17)], 4: [(26, 19), (26, 18), (27, 18), (26, 18), (25, 18), (24, 18), (23, 18), (22, 18), (22, 17), (21, 17), (20, 17), (19, 17), (18, 17), (18, 16), (18, 15), (18, 14), (18, 13), (18, 12), (18, 11), (17, 11), (17, 10), (17, 9), (16, 9), (15, 9), (14, 9), (14, 10), (14, 11), (14, 10), (14, 9), (15, 9), (16, 9), (17, 9), (18, 9), (18, 8), (18, 7), (18, 7)], 5: [(22, 7), (21, 7), (20, 7), (19, 7), (18, 7), (17, 7), (17, 6), (17, 5), (16, 5), (15, 5), (14, 5), (14, 4), (14, 3), (14, 2), (14, 1), (13, 1), (13, 2), (13, 3), (12, 3), (11, 3), (11, 4), (11, 5), (10, 5), (9, 5), (9, 6), (8, 6), (7, 6), (6, 6), (6, 5), (6, 6), (6, 7), (6, 8), (6, 9), (7, 9), (8, 9), (9, 9), (9, 10), (9, 11), (9, 12), (9, 13), (10, 13), (10, 14), (10, 15), (11, 15), (11, 16), (11, 17), (10, 17), (10, 18), (10, 19), (9, 19), (9, 20), (9, 21), (10, 21), (10, 22), (9, 22), (9, 21), (8, 21), (7, 21), (6, 21), (5, 21), (5, 22), (4, 22), (3, 22), (2, 22), (1, 22), (1, 21), (1, 21)], 6: [(17, 14), (17, 15), (18, 15), (18, 16), (18, 17), (19, 17), (20, 17), (21, 17), (21, 18), (21, 19), (22, 19), (22, 20), (22, 21), (21, 21), (20, 21), (19, 21), (18, 21), (17, 21), (17, 22), (17, 23), (17, 24), (17, 25), (17, 26), (17, 27), (18, 27), (18, 28), (18, 29), (17, 29), (17, 29)]}, 102)