

CBSS-C STATS
starts:[438, 598, 193, 923, 217]
targets:[372, 475, 177, 889, 510, 893, 890, 979, 21, 1020]
dests:[324, 254, 425, 455, 811]
ac_dict:{372: {0, 1}, 475: {1, 2}, 177: {2, 3}, 889: {3, 4}, 324: {0}, 254: {1}, 425: {2}, 455: {3}, 811: {4}}
clusters:[0 1 0 1 1 1 1 0 0 1]

round: 6
best_g_value: 138.0
open_list_size: 5
num_low_level_expanded: 2408
search_success: 1
search_time: 0.4113661414012313
n_tsp_call: 6
n_tsp_time: 0.2498188465833664
n_roots: 1
num_conflicts: 5
target_assignment: {890: 3, 372: 1}
cluster_target_selection: {1: 890, 0: 372}
num_nodes_transformed_graph: 29
agent_paths:({0: [(22, 13), (21, 13), (20, 13), (19, 13), (18, 13), (17, 13), (17, 14), (16, 14), (15, 14), (14, 14), (13, 14), (12, 14), (11, 14), (10, 14), (9, 14), (9, 13), (8, 13), (7, 13), (6, 13), (5, 13), (5, 12), (5, 11), (5, 10), (4, 10), (4, 10)], 1: [(22, 18), (22, 17), (22, 16), (22, 15), (22, 14), (22, 13), (22, 12), (22, 11), (21, 11), (20, 11), (21, 11), (21, 10), (21, 9), (22, 9), (23, 9), (24, 9), (25, 9), (25, 8), (25, 7), (26, 7), (27, 7), (27, 6), (28, 6), (29, 6), (30, 6), (30, 7), (30, 7)], 2: [(1, 6), (2, 6), (3, 6), (3, 5), (4, 5), (5, 5), (6, 5), (6, 6), (6, 7), (6, 8), (6, 9), (7, 9), (8, 9), (9, 9), (9, 10), (9, 11), (9, 12), (9, 13), (9, 13)], 3: [(27, 28), (27, 27), (26, 27), (25, 27), (25, 26), (25, 25), (24, 25), (23, 25), (23, 24), (23, 23), (22, 23), (21, 23), (21, 22), (21, 21), (20, 21), (19, 21), (18, 21), (17, 21), (17, 22), (16, 22), (15, 22), (14, 22), (13, 22), (13, 23), (12, 23), (11, 23), (10, 23), (9, 23), (9, 22), (9, 21), (9, 20), (9, 19), (9, 18), (8, 18), (7, 18), (7, 17), (6, 17), (6, 16), (6, 15), (6, 14), (7, 14), (7, 14)], 4: [(25, 6), (25, 7), (25, 8), (25, 9), (24, 9), (23, 9), (22, 9), (22, 10), (22, 11), (22, 12), (22, 13), (22, 14), (22, 15), (22, 16), (22, 17), (22, 18), (22, 19), (22, 20), (22, 21), (21, 21), (20, 21), (19, 21), (18, 21), (17, 21), (17, 22), (16, 22), (15, 22), (14, 22), (13, 22), (13, 23), (12, 23), (11, 23), (11, 24), (11, 25), (11, 25)]}, 40)