

CBSS-C STATS
starts:[874, 934]
targets:[883, 75, 211, 311, 175, 366, 692, 850, 447, 595]
dests:[491, 441]
ac_dict:{883: {0, 1}, 491: {0}, 441: {1}}
clusters:[9 8 2 3 7 5 1 4 6 0]

round: 1
best_g_value: 122.0
open_list_size: 0
num_low_level_expanded: 280
search_success: 1
search_time: 0.010553770000115037
n_tsp_call: 1
n_tsp_time: 0.003934382999432273
n_roots: 1
num_conflicts: 0
target_assignment: {883: 1, 850: 1, 692: 1, 595: 1, 366: 1, 75: 1, 175: 1, 211: 1, 311: 1, 447: 1}
cluster_target_selection: {9: 883, 4: 850, 1: 692, 0: 595, 5: 366, 8: 75, 7: 175, 2: 211, 3: 311, 6: 447}
num_nodes_transformed_graph: 14
agent_paths:({0: [(10, 27), (10, 26), (10, 25), (11, 25), (11, 24), (11, 23), (11, 22), (11, 21), (10, 21), (9, 21), (9, 20), (9, 19), (9, 18), (9, 17), (10, 17), (11, 17), (11, 16), (11, 15), (11, 15)], 1: [(6, 29), (7, 29), (7, 30), (8, 30), (9, 30), (9, 29), (10, 29), (10, 28), (10, 27), (11, 27), (12, 27), (13, 27), (14, 27), (15, 27), (16, 27), (17, 27), (18, 27), (19, 27), (18, 27), (18, 26), (18, 25), (17, 25), (17, 24), (17, 23), (17, 22), (17, 21), (18, 21), (19, 21), (20, 21), (21, 21), (22, 21), (22, 20), (22, 19), (21, 19), (21, 18), (21, 17), (20, 17), (19, 17), (19, 18), (18, 18), (18, 17), (18, 16), (18, 15), (18, 14), (18, 13), (18, 12), (18, 11), (17, 11), (17, 10), (17, 9), (16, 9), (15, 9), (14, 9), (14, 10), (14, 11), (14, 10), (14, 9), (14, 8), (14, 7), (13, 7), (13, 6), (13, 5), (12, 5), (11, 5), (11, 4), (11, 3), (11, 2), (11, 3), (12, 3), (13, 3), (14, 3), (14, 4), (14, 5), (15, 5), (16, 5), (17, 5), (18, 5), (19, 5), (19, 6), (19, 7), (20, 7), (21, 7), (22, 7), (23, 7), (23, 8), (23, 9), (24, 9), (25, 9), (26, 9), (27, 9), (27, 10), (28, 10), (29, 10), (30, 10), (31, 10), (31, 11), (31, 12), (31, 13), (30, 13), (29, 13), (29, 14), (28, 14), (27, 14), (26, 14), (25, 14), (25, 13), (25, 13)]}, 105)