

CBSS-C STATS
starts:[991, 281]
targets:[378, 766, 811, 689, 127, 958, 423, 254, 798, 495]
dests:[612, 239]
ac_dict:{378: {0, 1}, 612: {0}, 239: {1}}
clusters:[0 5 6 3 4 9 8 7 2 1]

round: 1
best_g_value: 123.0
open_list_size: 0
num_low_level_expanded: 315
search_success: 1
search_time: 0.056460113992216066
n_tsp_call: 1
n_tsp_time: 0.04322345399123151
n_roots: 1
num_conflicts: 0
target_assignment: {958: 0, 798: 0, 766: 0, 689: 0, 811: 0, 495: 0, 423: 0, 127: 1, 254: 1, 378: 1}
cluster_target_selection: {9: 958, 2: 798, 5: 766, 3: 689, 6: 811, 1: 495, 8: 423, 4: 127, 7: 254, 0: 378}
num_nodes_transformed_graph: 24
agent_paths:({0: [(31, 30), (30, 30), (30, 29), (31, 29), (31, 28), (31, 27), (30, 27), (30, 26), (30, 25), (30, 24), (30, 23), (29, 23), (28, 23), (27, 23), (27, 24), (27, 25), (26, 25), (25, 25), (24, 25), (23, 25), (23, 24), (23, 23), (22, 23), (21, 23), (21, 22), (21, 21), (20, 21), (19, 21), (18, 21), (17, 21), (17, 22), (16, 22), (15, 22), (14, 22), (13, 22), (13, 23), (12, 23), (11, 23), (11, 24), (11, 25), (11, 24), (11, 23), (11, 22), (11, 21), (10, 21), (9, 21), (9, 20), (9, 19), (9, 18), (9, 17), (10, 17), (11, 17), (11, 16), (11, 15), (11, 14), (12, 14), (13, 14), (14, 14), (15, 14), (15, 15), (14, 15), (13, 15), (13, 14), (12, 14), (11, 14), (10, 14), (9, 14), (9, 13), (8, 13), (7, 13), (6, 13), (6, 14), (6, 15), (6, 16), (6, 17), (5, 17), (5, 18), (5, 19), (4, 19), (4, 19)], 1: [(25, 8), (25, 7), (25, 6), (26, 6), (27, 6), (28, 6), (29, 6), (29, 5), (30, 5), (30, 4), (30, 3), (31, 3), (30, 3), (30, 4), (30, 5), (30, 6), (30, 7), (31, 7), (31, 8), (31, 9), (30, 9), (29, 9), (29, 10), (28, 10), (27, 10), (26, 10), (26, 11), (25, 11), (25, 10), (25, 9), (24, 9), (23, 9), (23, 8), (23, 7), (22, 7), (21, 7), (20, 7), (19, 7), (18, 7), (17, 7), (17, 6), (17, 5), (16, 5), (15, 5), (15, 6), (15, 7), (15, 7)]}, 78)