

CBSS-C STATS
starts:[810, 929, 270, 1010, 337]
targets:[601, 189, 33, 90, 446, 711, 543, 698, 324, 853, 873, 930, 854, 498, 234, 859, 999, 106, 566, 288]
dests:[123, 866, 858, 818, 954]
ac_dict:{601: {0, 1}, 189: {1, 2}, 33: {2, 3}, 90: {3, 4}, 123: {0}, 866: {1}, 858: {2}, 818: {3}, 954: {4}}
clusters:[ 0  7 11  8 10 19  4  2 13 14 15  9  3  1 17  6 12  5 18 16]

round: 34
best_g_value: 276.0
open_list_size: 63
num_low_level_expanded: 44208
search_success: 1
search_time: 85.76555829199788
n_tsp_call: 89
n_tsp_time: 76.77388718401198
n_roots: 16
num_conflicts: 48
target_assignment: {873: 0, 711: 0, 498: 0, 566: 0, 601: 0, 930: 1, 999: 1, 324: 2, 288: 2, 33: 2, 234: 2, 106: 2, 189: 2, 446: 2, 543: 2, 698: 2, 90: 4, 859: 4, 853: 3, 854: 3}
cluster_target_selection: {15: 873, 19: 711, 1: 498, 18: 566, 0: 601, 9: 930, 12: 999, 13: 324, 16: 288, 11: 33, 17: 234, 5: 106, 7: 189, 10: 446, 4: 543, 2: 698, 8: 90, 6: 859, 14: 853, 3: 854}
num_nodes_transformed_graph: 98
agent_paths:({0: [(10, 25), (9, 25), (9, 26), (9, 27), (9, 26), (9, 25), (10, 25), (11, 25), (11, 24), (11, 23), (10, 23), (9, 23), (9, 22), (9, 21), (8, 21), (7, 21), (7, 22), (7, 21), (8, 21), (9, 21), (9, 20), (9, 19), (9, 18), (9, 17), (10, 17), (11, 17), (11, 16), (11, 15), (11, 14), (12, 14), (13, 14), (14, 14), (15, 14), (16, 14), (17, 14), (18, 14), (18, 15), (18, 16), (18, 17), (19, 17), (20, 17), (21, 17), (22, 17), (23, 17), (23, 18), (24, 18), (25, 18), (25, 17), (26, 17), (27, 17), (27, 16), (27, 15), (27, 14), (27, 13), (27, 12), (27, 11), (27, 10), (27, 9), (26, 9), (25, 9), (25, 8), (25, 7), (25, 6), (25, 5), (26, 5), (27, 5), (27, 4), (27, 3), (27, 3)], 1: [(1, 29), (2, 29), (3, 29), (3, 30), (4, 30), (5, 30), (6, 30), (7, 30), (7, 31), (6, 31), (5, 31), (5, 30), (4, 30), (3, 30), (3, 29), (3, 28), (3, 27), (2, 27), (2, 27)], 2: [(14, 8), (14, 9), (13, 9), (13, 10), (13, 11), (12, 11), (11, 11), (10, 11), (9, 11), (9, 10), (9, 9), (8, 9), (7, 9), (6, 9), (5, 9), (5, 10), (4, 10), (3, 10), (2, 10), (1, 10), (1, 9), (0, 9), (1, 9), (2, 9), (3, 9), (3, 10), (4, 10), (5, 10), (5, 9), (6, 9), (6, 8), (6, 7), (5, 7), (5, 6), (5, 5), (4, 5), (3, 5), (3, 4), (3, 3), (2, 3), (1, 3), (1, 2), (1, 1), (2, 1), (3, 1), (3, 2), (3, 3), (3, 4), (3, 5), (4, 5), (5, 5), (6, 5), (7, 5), (7, 6), (8, 6), (9, 6), (10, 6), (10, 7), (10, 6), (10, 5), (11, 5), (11, 4), (11, 3), (10, 3), (11, 3), (12, 3), (13, 3), (14, 3), (15, 3), (15, 2), (16, 2), (17, 2), (18, 2), (19, 2), (19, 1), (20, 1), (21, 1), (22, 1), (23, 1), (23, 2), (23, 3), (24, 3), (25, 3), (26, 3), (26, 2), (27, 2), (28, 2), (29, 2), (29, 3), (30, 3), (30, 4), (30, 5), (29, 5), (30, 5), (30, 6), (30, 7), (31, 7), (31, 8), (31, 9), (31, 10), (31, 11), (31, 12), (31, 13), (30, 13), (31, 13), (31, 14), (31, 15), (31, 16), (31, 17), (30, 17), (29, 17), (29, 18), (28, 18), (27, 18), (27, 19), (27, 20), (27, 21), (26, 21), (26, 22), (26, 23), (27, 23), (27, 24), (27, 25), (26, 25), (26, 26), (26, 26)], 3: [(18, 31), (18, 30), (18, 29), (18, 28), (18, 27), (18, 26), (19, 26), (20, 26), (21, 26), (22, 26), (21, 26), (20, 26), (19, 26), (18, 26), (18, 25), (18, 25)], 4: [(17, 10), (18, 10), (19, 10), (19, 11), (20, 11), (21, 11), (21, 10), (21, 9), (22, 9), (23, 9), (24, 9), (25, 9), (25, 8), (25, 7), (25, 6), (25, 5), (26, 5), (27, 5), (27, 4), (27, 3), (26, 3), (26, 2), (27, 2), (27, 3), (27, 4), (27, 5), (27, 6), (27, 7), (26, 7), (25, 7), (25, 8), (25, 9), (26, 9), (27, 9), (27, 10), (27, 11), (27, 12), (27, 13), (27, 14), (27, 15), (27, 16), (27, 17), (27, 18), (27, 19), (27, 20), (27, 21), (27, 22), (27, 23), (27, 24), (27, 25), (27, 26), (27, 27), (27, 28), (27, 29), (26, 29), (26, 29)]}, 124)