

CBSS-C STATS
starts:[467, 885, 950, 49, 167]
targets:[985, 589, 839, 47, 673, 703, 119, 855, 625, 811]
dests:[355, 699, 667, 235, 889]
ac_dict:{985: {0, 1}, 589: {1, 2}, 839: {2, 3}, 47: {3, 4}, 355: {0}, 699: {1}, 667: {2}, 235: {3}, 889: {4}}
clusters:[0 0 1 1 0 0 0 1 1 0]

round: 12
best_g_value: 109.0
open_list_size: 11
num_low_level_expanded: 865
search_success: 1
search_time: 0.7690201979130507
n_tsp_call: 7
n_tsp_time: 0.6531903767026961
n_roots: 1
num_conflicts: 11
target_assignment: {811: 4, 855: 2}
cluster_target_selection: {0: 811, 1: 855}
num_nodes_transformed_graph: 48
agent_paths:({0: [(19, 14), (18, 14), (17, 14), (16, 14), (15, 14), (14, 14), (13, 14), (12, 14), (11, 14), (10, 14), (9, 14), (9, 13), (8, 13), (7, 13), (6, 13), (5, 13), (5, 12), (5, 11), (5, 10), (4, 10), (3, 10), (3, 11), (3, 11)], 1: [(21, 27), (21, 26), (21, 25), (22, 25), (22, 25), (22, 25), (23, 25), (24, 25), (25, 25), (26, 25), (27, 25), (27, 24), (27, 23), (27, 22), (27, 21), (27, 21)], 2: [(22, 29), (23, 29), (23, 28), (23, 27), (23, 26), (23, 25), (24, 25), (25, 25), (26, 25), (27, 25), (27, 24), (27, 23), (27, 22), (27, 21), (27, 20), (27, 20)], 3: [(17, 1), (17, 2), (16, 2), (15, 2), (14, 2), (13, 2), (13, 3), (12, 3), (11, 3), (11, 4), (11, 5), (11, 6), (11, 7), (11, 7)], 4: [(7, 5), (7, 6), (7, 7), (6, 7), (6, 8), (6, 9), (6, 10), (6, 11), (5, 11), (5, 12), (5, 13), (6, 13), (6, 14), (6, 15), (6, 16), (6, 17), (7, 17), (7, 18), (8, 18), (9, 18), (9, 19), (9, 20), (9, 21), (10, 21), (11, 21), (11, 22), (11, 23), (11, 24), (11, 25), (11, 26), (11, 27), (12, 27), (13, 27), (14, 27), (15, 27), (16, 27), (17, 27), (18, 27), (19, 27), (19, 26), (20, 26), (21, 26), (22, 26), (23, 26), (23, 25), (24, 25), (25, 25), (25, 26), (25, 27), (25, 27)]}, 48)