

CBSS-C STATS
starts:[949, 490, 677]
targets:[841, 1002, 357, 747, 433, 329, 353, 92, 575, 894, 181, 874, 349, 549, 194]
dests:[105, 518, 297]
ac_dict:{841: {0, 1}, 1002: {1, 2}, 105: {0}, 518: {1}, 297: {2}}
clusters:[ 2 14 13 10 11  3  6  4  0  7  9  8  1  5 12]

round: 70
best_g_value: 231.0
open_list_size: 179
num_low_level_expanded: 156481
search_success: 1
search_time: 16.717080646994873
n_tsp_call: 282
n_tsp_time: 9.86289562107413
n_roots: 64
num_conflicts: 132
target_assignment: {841: 0, 894: 0, 575: 0, 349: 0, 92: 0, 181: 0, 433: 0, 194: 0, 747: 2, 1002: 2, 874: 2, 329: 2, 353: 1, 357: 1, 549: 1}
cluster_target_selection: {2: 841, 7: 894, 0: 575, 1: 349, 4: 92, 9: 181, 11: 433, 12: 194, 10: 747, 14: 1002, 8: 874, 3: 329, 6: 353, 13: 357, 5: 549}
num_nodes_transformed_graph: 27
agent_paths:({0: [(21, 29), (21, 30), (21, 31), (20, 31), (19, 31), (18, 31), (18, 30), (18, 29), (18, 28), (18, 27), (17, 27), (16, 27), (15, 27), (14, 27), (13, 27), (12, 27), (11, 27), (10, 27), (9, 27), (9, 26), (10, 26), (11, 26), (11, 27), (12, 27), (13, 27), (14, 27), (15, 27), (16, 27), (17, 27), (18, 27), (19, 27), (19, 26), (20, 26), (21, 26), (22, 26), (23, 26), (23, 25), (24, 25), (25, 25), (26, 25), (27, 25), (27, 24), (27, 23), (28, 23), (29, 23), (30, 23), (30, 24), (30, 25), (30, 26), (30, 27), (30, 26), (30, 25), (30, 24), (30, 23), (30, 22), (30, 21), (31, 21), (31, 20), (31, 19), (31, 18), (31, 17), (31, 16), (31, 15), (31, 14), (31, 13), (31, 12), (31, 11), (30, 11), (29, 11), (29, 10), (29, 9), (30, 9), (31, 9), (31, 8), (31, 7), (30, 7), (30, 6), (30, 5), (30, 4), (30, 3), (29, 3), (29, 2), (28, 2), (27, 2), (27, 3), (27, 4), (27, 5), (26, 5), (25, 5), (25, 6), (25, 7), (25, 8), (25, 9), (24, 9), (23, 9), (23, 8), (23, 7), (22, 7), (21, 7), (21, 6), (21, 5), (21, 6), (21, 7), (20, 7), (19, 7), (18, 7), (18, 8), (18, 9), (18, 10), (18, 11), (18, 12), (18, 13), (17, 13), (17, 14), (16, 14), (15, 14), (14, 14), (13, 14), (12, 14), (11, 14), (10, 14), (9, 14), (9, 13), (8, 13), (7, 13), (6, 13), (5, 13), (5, 12), (5, 11), (5, 10), (5, 9), (6, 9), (6, 8), (6, 7), (5, 7), (5, 6), (5, 5), (4, 5), (3, 5), (2, 5), (2, 6), (2, 5), (3, 5), (4, 5), (5, 5), (6, 5), (6, 4), (6, 3), (7, 3), (7, 2), (7, 1), (8, 1), (9, 1), (9, 2), (9, 3), (9, 3)], 1: [(10, 15), (9, 15), (9, 14), (9, 13), (8, 13), (7, 13), (6, 13), (5, 13), (5, 12), (5, 11), (5, 10), (4, 10), (3, 10), (2, 10), (1, 10), (1, 11), (2, 11), (3, 11), (3, 10), (4, 10), (5, 10), (5, 11), (5, 12), (5, 13), (5, 14), (5, 15), (6, 15), (6, 16), (6, 17), (5, 17), (6, 17), (6, 16), (6, 16)], 2: [(5, 21), (6, 21), (7, 21), (8, 21), (9, 21), (10, 21), (11, 21), (11, 22), (11, 23), (11, 24), (11, 25), (10, 25), (10, 26), (10, 27), (10, 28), (10, 29), (10, 30), (10, 31), (10, 30), (10, 29), (10, 28), (10, 27), (10, 26), (10, 25), (11, 25), (11, 24), (11, 23), (10, 23), (9, 23), (9, 22), (9, 21), (9, 20), (9, 19), (9, 18), (9, 17), (10, 17), (11, 17), (11, 16), (11, 15), (10, 15), (9, 15), (9, 14), (9, 13), (9, 12), (9, 11), (9, 10), (9, 9), (9, 9)]}, 154)