

CBSS-C STATS
starts:[749, 599, 421, 186, 729]
targets:[697, 881, 476, 559, 811, 113, 311, 59, 693, 511]
dests:[317, 229, 677, 955, 347]
ac_dict:{697: {0, 1}, 881: {1, 2}, 476: {2, 3}, 559: {3, 4}, 317: {0}, 229: {1}, 677: {2}, 955: {3}, 347: {4}}
clusters:[4 2 3 0 2 2 4 2 4 1]

round: 6
best_g_value: 162.0
open_list_size: 5
num_low_level_expanded: 1384
search_success: 1
search_time: 0.5089819617569447
n_tsp_call: 7
n_tsp_time: 0.3150192447938025
n_roots: 1
num_conflicts: 5
target_assignment: {811: 0, 693: 0, 511: 0, 476: 3, 559: 3}
cluster_target_selection: {2: 811, 4: 693, 1: 511, 3: 476, 0: 559}
num_nodes_transformed_graph: 29
agent_paths:({0: [(13, 23), (12, 23), (11, 23), (11, 24), (11, 25), (11, 24), (11, 23), (12, 23), (13, 23), (13, 22), (14, 22), (15, 22), (16, 22), (17, 22), (17, 21), (18, 21), (19, 21), (20, 21), (21, 21), (22, 21), (22, 20), (22, 19), (23, 19), (23, 18), (24, 18), (25, 18), (26, 18), (27, 18), (28, 18), (29, 18), (29, 17), (30, 17), (31, 17), (31, 16), (31, 15), (31, 14), (31, 13), (31, 12), (31, 11), (30, 11), (29, 11), (29, 10), (29, 9), (29, 9)], 1: [(23, 18), (22, 18), (21, 18), (21, 17), (20, 17), (19, 17), (18, 17), (18, 16), (18, 15), (17, 15), (17, 14), (16, 14), (15, 14), (14, 14), (13, 14), (12, 14), (11, 14), (10, 14), (9, 14), (9, 13), (9, 12), (9, 11), (9, 10), (9, 9), (8, 9), (7, 9), (6, 9), (6, 8), (6, 7), (5, 7), (5, 7)], 2: [(5, 13), (5, 14), (5, 15), (6, 15), (6, 16), (6, 17), (6, 18), (7, 18), (8, 18), (9, 18), (9, 19), (9, 20), (9, 21), (8, 21), (7, 21), (6, 21), (5, 21), (5, 21)], 3: [(26, 5), (26, 6), (26, 7), (25, 7), (25, 8), (25, 9), (26, 9), (27, 9), (27, 10), (27, 11), (27, 12), (27, 13), (27, 14), (28, 14), (27, 14), (27, 15), (27, 16), (27, 17), (26, 17), (25, 17), (25, 18), (24, 18), (23, 18), (22, 18), (21, 18), (21, 17), (20, 17), (19, 17), (18, 17), (17, 17), (17, 18), (16, 18), (15, 18), (15, 17), (15, 18), (16, 18), (17, 18), (18, 18), (19, 18), (19, 17), (20, 17), (21, 17), (22, 17), (23, 17), (23, 18), (24, 18), (25, 18), (26, 18), (27, 18), (27, 19), (27, 20), (27, 21), (27, 22), (27, 23), (27, 24), (27, 25), (27, 26), (27, 27), (27, 28), (27, 29), (27, 29)], 4: [(25, 22), (25, 21), (26, 21), (27, 21), (27, 20), (27, 19), (27, 18), (27, 17), (27, 16), (27, 15), (27, 14), (26, 14), (26, 13), (27, 13), (27, 12), (27, 11), (27, 10), (27, 10)]}, 59)