

CBSS-C STATS
starts:[450, 181]
targets:[675, 347, 422, 106, 801, 175, 706, 297, 39, 635]
dests:[389, 317]
ac_dict:{675: {0, 1}, 389: {0}, 317: {1}}
clusters:[9 0 3 5 6 4 2 1 8 7]

round: 1
best_g_value: 117.0
open_list_size: 0
num_low_level_expanded: 215
search_success: 1
search_time: 0.04057044199726079
n_tsp_call: 1
n_tsp_time: 0.03180088599037845
n_roots: 1
num_conflicts: 0
target_assignment: {706: 0, 801: 0, 675: 0, 422: 0, 297: 0, 39: 1, 106: 1, 175: 1, 347: 1, 635: 1}
cluster_target_selection: {2: 706, 6: 801, 9: 675, 3: 422, 1: 297, 8: 39, 5: 106, 4: 175, 0: 347, 7: 635}
num_nodes_transformed_graph: 14
agent_paths:({0: [(2, 14), (2, 15), (2, 16), (2, 17), (2, 18), (2, 19), (2, 20), (2, 21), (2, 22), (1, 22), (1, 23), (1, 24), (1, 25), (1, 24), (1, 23), (1, 22), (1, 21), (2, 21), (3, 21), (2, 21), (2, 20), (2, 19), (3, 19), (4, 19), (5, 19), (5, 18), (5, 17), (6, 17), (6, 16), (6, 15), (6, 14), (6, 13), (7, 13), (8, 13), (9, 13), (9, 12), (9, 11), (9, 10), (9, 9), (8, 9), (7, 9), (6, 9), (5, 9), (5, 10), (5, 11), (5, 12), (5, 12)], 1: [(21, 5), (21, 6), (21, 7), (20, 7), (19, 7), (18, 7), (17, 7), (17, 6), (17, 5), (16, 5), (15, 5), (14, 5), (13, 5), (12, 5), (11, 5), (11, 4), (11, 3), (10, 3), (9, 3), (9, 2), (9, 1), (8, 1), (7, 1), (8, 1), (9, 1), (10, 1), (10, 2), (10, 3), (11, 3), (12, 3), (13, 3), (14, 3), (14, 4), (14, 5), (15, 5), (16, 5), (17, 5), (18, 5), (19, 5), (19, 6), (19, 7), (20, 7), (21, 7), (22, 7), (23, 7), (23, 8), (23, 9), (24, 9), (25, 9), (26, 9), (27, 9), (27, 10), (27, 11), (27, 12), (27, 13), (27, 14), (27, 15), (27, 16), (27, 17), (27, 18), (27, 19), (27, 18), (27, 17), (27, 16), (27, 15), (27, 14), (27, 13), (27, 12), (27, 11), (27, 10), (28, 10), (29, 10), (29, 9), (29, 9)]}, 72)