

CBSS-C STATS
starts:[441, 830, 949, 63, 957]
targets:[313, 810, 587, 831, 969, 223, 761, 821, 1016, 1017]
dests:[730, 120, 290, 294, 769]
ac_dict:{313: {0, 1}, 810: {1, 2}, 587: {2, 3}, 831: {3, 4}, 730: {0}, 120: {1}, 290: {2}, 294: {3}, 769: {4}}
clusters:[0 2 4 1 3 3 0 1 4 2]

round: 4
best_g_value: 173.0
open_list_size: 3
num_low_level_expanded: 995
search_success: 1
search_time: 0.49117149878293276
n_tsp_call: 10
n_tsp_time: 0.41613924130797386
n_roots: 1
num_conflicts: 3
target_assignment: {313: 1, 1017: 4, 1016: 4, 821: 4, 969: 4}
cluster_target_selection: {0: 313, 2: 1017, 4: 1016, 1: 821, 3: 969}
num_nodes_transformed_graph: 28
agent_paths:({0: [(25, 13), (26, 13), (26, 14), (26, 15), (27, 15), (27, 16), (27, 17), (26, 17), (26, 18), (26, 19), (27, 19), (27, 20), (27, 21), (26, 21), (26, 22), (26, 22)], 1: [(30, 25), (30, 24), (30, 23), (29, 23), (28, 23), (27, 23), (27, 22), (27, 21), (27, 20), (27, 19), (27, 18), (27, 17), (27, 16), (27, 15), (27, 14), (27, 13), (27, 12), (27, 11), (26, 11), (25, 11), (25, 10), (25, 9), (25, 8), (25, 7), (25, 6), (25, 5), (26, 5), (27, 5), (27, 4), (27, 3), (26, 3), (25, 3), (24, 3), (24, 3)], 2: [(21, 29), (22, 29), (23, 29), (23, 28), (23, 27), (23, 26), (23, 25), (23, 24), (23, 23), (22, 23), (22, 22), (22, 21), (22, 20), (22, 19), (21, 19), (21, 18), (21, 17), (20, 17), (19, 17), (18, 17), (18, 16), (18, 15), (17, 15), (17, 14), (16, 14), (15, 14), (14, 14), (13, 14), (12, 14), (11, 14), (10, 14), (9, 14), (9, 13), (8, 13), (7, 13), (6, 13), (5, 13), (5, 12), (5, 11), (5, 10), (4, 10), (3, 10), (2, 10), (2, 9), (2, 9)], 3: [(31, 1), (30, 1), (29, 1), (29, 2), (28, 2), (27, 2), (26, 2), (25, 2), (25, 3), (24, 3), (23, 3), (22, 3), (21, 3), (21, 2), (21, 1), (20, 1), (19, 1), (18, 1), (17, 1), (17, 2), (16, 2), (15, 2), (14, 2), (13, 2), (13, 3), (12, 3), (11, 3), (11, 4), (11, 5), (10, 5), (9, 5), (9, 6), (8, 6), (7, 6), (6, 6), (6, 7), (6, 8), (6, 9), (6, 9)], 4: [(29, 29), (29, 30), (29, 31), (28, 31), (27, 31), (26, 31), (25, 31), (24, 31), (23, 31), (23, 30), (23, 29), (23, 28), (23, 27), (22, 27), (21, 27), (21, 26), (21, 25), (21, 26), (20, 26), (19, 26), (18, 26), (17, 26), (17, 27), (16, 27), (15, 27), (14, 27), (13, 27), (12, 27), (11, 27), (10, 27), (10, 28), (10, 29), (9, 29), (9, 30), (8, 30), (7, 30), (6, 30), (5, 30), (4, 30), (3, 30), (3, 29), (3, 28), (3, 27), (2, 27), (1, 27), (1, 26), (1, 25), (1, 24), (1, 24)]}, 47)