

CBSS-C STATS
starts:[450, 181]
targets:[675, 347, 422, 106, 801, 175, 706, 297, 39, 635]
dests:[389, 317]
ac_dict:{675: {0, 1}, 389: {0}, 317: {1}}
clusters:[9 0 3 5 6 4 2 1 8 7]

round: 1
best_g_value: 107.0
open_list_size: 0
num_low_level_expanded: 215
search_success: 1
search_time: 0.14848093599721324
n_tsp_call: 1
n_tsp_time: 0.13933608900697436
n_roots: 1
num_conflicts: 0
target_assignment: {706: 0, 801: 0, 675: 0, 422: 0, 175: 1, 106: 1, 39: 1, 297: 1, 635: 1, 347: 1}
cluster_target_selection: {2: 706, 6: 801, 9: 675, 3: 422, 4: 175, 5: 106, 8: 39, 1: 297, 7: 635, 0: 347}
num_nodes_transformed_graph: 24
agent_paths:({0: [(2, 14), (2, 15), (2, 16), (2, 17), (2, 18), (2, 19), (2, 20), (2, 21), (2, 22), (1, 22), (1, 23), (1, 24), (1, 25), (1, 24), (1, 23), (1, 22), (1, 21), (2, 21), (3, 21), (2, 21), (2, 20), (2, 19), (3, 19), (4, 19), (5, 19), (5, 18), (5, 17), (6, 17), (6, 16), (6, 15), (6, 14), (6, 13), (5, 13), (5, 12), (5, 12)], 1: [(21, 5), (21, 6), (21, 7), (20, 7), (19, 7), (18, 7), (17, 7), (17, 6), (17, 5), (16, 5), (15, 5), (14, 5), (13, 5), (12, 5), (11, 5), (11, 4), (11, 3), (10, 3), (9, 3), (9, 2), (9, 1), (8, 1), (7, 1), (7, 2), (7, 3), (6, 3), (6, 4), (6, 5), (6, 6), (6, 7), (6, 8), (6, 9), (7, 9), (8, 9), (9, 9), (9, 10), (9, 11), (9, 12), (9, 13), (10, 13), (11, 13), (11, 14), (12, 14), (13, 14), (14, 14), (15, 14), (16, 14), (17, 14), (18, 14), (18, 15), (18, 16), (18, 17), (19, 17), (20, 17), (21, 17), (22, 17), (23, 17), (23, 18), (24, 18), (25, 18), (26, 18), (27, 18), (27, 19), (27, 18), (27, 17), (27, 16), (27, 15), (27, 14), (27, 13), (27, 12), (27, 11), (27, 10), (28, 10), (29, 10), (29, 9), (29, 9)]}, 74)