

CBSS-C STATS
starts:[801, 142, 949, 711, 450]
targets:[173, 459, 165, 37, 49, 63, 304, 117, 769, 364, 402, 678, 462, 869, 1018, 354, 293, 890, 370, 107]
dests:[562, 13, 198, 200, 58]
ac_dict:{173: {0, 1}, 459: {1, 2}, 165: {2, 3}, 37: {3, 4}, 562: {0}, 13: {1}, 198: {2}, 200: {3}, 58: {4}}
clusters:[ 6 16  9 17 12  5  7  4  8 10  1  2  0 14  3 11 18 13 19 15]

round: 1
best_g_value: 226.0
open_list_size: 0
num_low_level_expanded: 507
search_success: 1
search_time: 2.631547270997544
n_tsp_call: 1
n_tsp_time: 2.5949244410003303
n_roots: 1
num_conflicts: 0
target_assignment: {869: 0, 769: 0, 364: 0, 304: 0, 370: 0, 402: 0, 173: 1, 1018: 2, 890: 2, 462: 2, 459: 2, 37: 4, 107: 4, 49: 4, 117: 4, 63: 4, 678: 3, 354: 3, 293: 3, 165: 3}
cluster_target_selection: {14: 869, 8: 769, 10: 364, 7: 304, 19: 370, 1: 402, 6: 173, 3: 1018, 13: 890, 0: 462, 16: 459, 17: 37, 15: 107, 12: 49, 4: 117, 5: 63, 2: 678, 11: 354, 18: 293, 9: 165}
num_nodes_transformed_graph: 98
agent_paths:({0: [(1, 25), (2, 25), (3, 25), (3, 26), (4, 26), (5, 26), (5, 27), (5, 26), (4, 26), (3, 26), (2, 26), (1, 26), (1, 25), (1, 24), (1, 23), (1, 22), (1, 21), (2, 21), (2, 20), (2, 19), (3, 19), (4, 19), (5, 19), (5, 18), (5, 17), (6, 17), (6, 16), (6, 15), (6, 14), (6, 13), (7, 13), (8, 13), (9, 13), (9, 12), (9, 11), (10, 11), (11, 11), (12, 11), (13, 11), (13, 10), (13, 9), (14, 9), (15, 9), (16, 9), (17, 9), (18, 9), (18, 10), (18, 11), (18, 12), (18, 13), (18, 14), (18, 15), (18, 16), (18, 17), (18, 17)], 1: [(14, 4), (14, 5), (13, 5), (14, 5), (14, 4), (14, 3), (13, 3), (13, 2), (13, 1), (13, 0), (13, 0)], 2: [(21, 29), (22, 29), (23, 29), (23, 30), (23, 31), (24, 31), (25, 31), (26, 31), (26, 30), (26, 29), (27, 29), (27, 28), (27, 27), (26, 27), (25, 27), (25, 26), (25, 25), (24, 25), (23, 25), (23, 24), (23, 23), (22, 23), (22, 22), (22, 21), (22, 20), (22, 19), (21, 19), (21, 18), (21, 17), (20, 17), (19, 17), (18, 17), (18, 16), (18, 15), (17, 15), (17, 14), (16, 14), (15, 14), (14, 14), (13, 14), (12, 14), (11, 14), (10, 14), (9, 14), (9, 13), (9, 12), (9, 11), (9, 10), (9, 9), (8, 9), (7, 9), (6, 9), (6, 8), (6, 7), (6, 6), (6, 6)], 3: [(7, 22), (6, 22), (6, 21), (7, 21), (8, 21), (9, 21), (9, 20), (9, 19), (9, 18), (8, 18), (7, 18), (6, 18), (6, 17), (6, 16), (6, 15), (5, 15), (5, 14), (5, 13), (5, 12), (5, 11), (5, 10), (4, 10), (3, 10), (2, 10), (2, 11), (2, 10), (3, 10), (4, 10), (5, 10), (5, 9), (6, 9), (6, 8), (6, 7), (5, 7), (5, 6), (5, 5), (6, 5), (7, 5), (7, 6), (8, 6), (8, 6)], 4: [(2, 14), (2, 15), (2, 16), (2, 17), (3, 17), (3, 18), (3, 19), (4, 19), (5, 19), (5, 18), (5, 17), (6, 17), (6, 16), (6, 15), (5, 15), (5, 14), (5, 13), (5, 12), (5, 11), (5, 10), (5, 9), (6, 9), (6, 8), (6, 7), (6, 6), (6, 5), (6, 4), (6, 3), (5, 3), (5, 2), (5, 1), (6, 1), (7, 1), (8, 1), (9, 1), (10, 1), (11, 1), (11, 2), (11, 3), (12, 3), (13, 3), (13, 2), (14, 2), (15, 2), (16, 2), (17, 2), (17, 1), (18, 1), (19, 1), (20, 1), (21, 1), (21, 2), (21, 3), (22, 3), (23, 3), (24, 3), (25, 3), (25, 2), (26, 2), (27, 2), (28, 2), (29, 2), (29, 1), (30, 1), (31, 1), (30, 1), (29, 1), (29, 2), (28, 2), (27, 2), (26, 2), (26, 1), (26, 1)]}, 71)