

CBSS-C STATS
starts:[682, 981, 237, 83, 569]
targets:[717, 534, 677, 231, 108, 1006, 307, 590, 301, 1014, 502, 987, 49, 435, 946, 358, 209, 178, 736, 134]
dests:[961, 610, 970, 990, 183]
ac_dict:{717: {0, 1}, 534: {1, 2}, 677: {2, 3}, 231: {3, 4}, 961: {0}, 610: {1}, 970: {2}, 990: {3}, 183: {4}}
clusters:[ 5 10  7 11  4  2 15  0  9  1 19 17 12 18 13  3 14 16  6  8]

round: 1
best_g_value: 245.0
open_list_size: 0
num_low_level_expanded: 544
search_success: 1
search_time: 4.401015044000815
n_tsp_call: 1
n_tsp_time: 4.36124416498933
n_roots: 1
num_conflicts: 0
target_assignment: {736: 0, 301: 2, 209: 2, 178: 2, 307: 2, 435: 2, 590: 2, 534: 2, 1006: 1, 946: 1, 717: 1, 49: 3, 108: 3, 134: 3, 231: 3, 358: 3, 677: 3, 1014: 3, 987: 3, 502: 4}
cluster_target_selection: {6: 736, 9: 301, 14: 209, 16: 178, 15: 307, 18: 435, 0: 590, 10: 534, 2: 1006, 13: 946, 5: 717, 12: 49, 4: 108, 8: 134, 11: 231, 3: 358, 7: 677, 1: 1014, 17: 987, 19: 502}
num_nodes_transformed_graph: 98
agent_paths:({0: [(10, 21), (9, 21), (8, 21), (7, 21), (6, 21), (5, 21), (5, 22), (4, 22), (3, 22), (2, 22), (1, 22), (1, 23), (0, 23), (1, 23), (1, 24), (1, 25), (1, 26), (1, 27), (2, 27), (3, 27), (3, 28), (3, 29), (2, 29), (1, 29), (1, 30), (1, 30)], 1: [(21, 30), (21, 31), (20, 31), (19, 31), (18, 31), (17, 31), (16, 31), (15, 31), (14, 31), (15, 31), (16, 31), (17, 31), (17, 30), (17, 29), (18, 29), (18, 28), (18, 27), (17, 27), (16, 27), (15, 27), (15, 26), (15, 25), (15, 24), (15, 23), (14, 23), (13, 23), (13, 22), (13, 23), (12, 23), (11, 23), (10, 23), (9, 23), (9, 22), (9, 21), (8, 21), (7, 21), (6, 21), (5, 21), (5, 22), (4, 22), (3, 22), (2, 22), (2, 21), (2, 20), (2, 19), (2, 19)], 2: [(13, 7), (14, 7), (14, 8), (14, 9), (13, 9), (14, 9), (14, 8), (14, 7), (14, 6), (15, 6), (15, 5), (16, 5), (17, 5), (17, 6), (17, 5), (18, 5), (18, 6), (18, 7), (18, 8), (18, 9), (19, 9), (19, 10), (19, 11), (18, 11), (18, 12), (18, 13), (19, 13), (18, 13), (18, 14), (18, 15), (18, 16), (18, 17), (17, 17), (17, 18), (16, 18), (15, 18), (14, 18), (15, 18), (16, 18), (17, 18), (17, 17), (18, 17), (19, 17), (20, 17), (21, 17), (22, 17), (22, 16), (22, 17), (22, 18), (22, 19), (22, 20), (22, 21), (21, 21), (20, 21), (19, 21), (18, 21), (17, 21), (17, 22), (16, 22), (15, 22), (14, 22), (13, 22), (13, 23), (12, 23), (11, 23), (11, 24), (11, 25), (10, 25), (10, 26), (10, 27), (10, 28), (10, 29), (10, 30), (10, 30)], 3: [(19, 2), (18, 2), (17, 2), (17, 1), (17, 2), (16, 2), (15, 2), (14, 2), (13, 2), (13, 3), (12, 3), (11, 3), (11, 4), (11, 5), (10, 5), (9, 5), (9, 6), (8, 6), (7, 6), (6, 6), (6, 5), (6, 4), (6, 5), (7, 5), (7, 6), (7, 7), (6, 7), (6, 8), (6, 9), (6, 10), (6, 11), (5, 11), (5, 12), (5, 13), (5, 14), (5, 15), (6, 15), (6, 16), (6, 17), (6, 18), (7, 18), (8, 18), (9, 18), (9, 19), (9, 20), (9, 21), (8, 21), (7, 21), (6, 21), (5, 21), (6, 21), (7, 21), (8, 21), (9, 21), (10, 21), (11, 21), (11, 22), (11, 23), (12, 23), (13, 23), (14, 23), (15, 23), (15, 24), (15, 25), (15, 26), (15, 27), (16, 27), (17, 27), (18, 27), (18, 28), (18, 29), (19, 29), (19, 30), (19, 31), (20, 31), (21, 31), (22, 31), (23, 31), (24, 31), (25, 31), (25, 30), (26, 30), (27, 30), (27, 31), (28, 31), (29, 31), (29, 30), (30, 30), (30, 30)], 4: [(25, 17), (25, 18), (24, 18), (23, 18), (22, 18), (22, 17), (22, 16), (22, 15), (22, 14), (22, 13), (22, 12), (22, 11), (22, 10), (22, 9), (23, 9), (23, 8), (23, 7), (23, 6), (23, 5), (23, 5)]}, 87)