

CBSS-C STATS
starts:[551, 424, 166, 751, 598]
targets:[951, 875, 207, 602, 186, 1021, 178, 354, 845, 600]
dests:[545, 953, 928, 225, 606]
ac_dict:{951: {0, 1}, 875: {1, 2}, 207: {2, 3}, 602: {3, 4}, 545: {0}, 953: {1}, 928: {2}, 225: {3}, 606: {4}}
clusters:[0 0 0 1 0 0 1 0 0 0]

round: 1
best_g_value: 127.0
open_list_size: 0
num_low_level_expanded: 500
search_success: 1
search_time: 0.19657695712521672
n_tsp_call: 1
n_tsp_time: 0.17514367122203112
n_roots: 1
num_conflicts: 0
target_assignment: {600: 4, 602: 4}
cluster_target_selection: {0: 600, 1: 602}
num_nodes_transformed_graph: 48
agent_paths:({0: [(7, 17), (6, 17), (5, 17), (5, 18), (5, 19), (4, 19), (3, 19), (2, 19), (1, 19), (1, 18), (1, 17), (1, 17)], 1: [(8, 13), (9, 13), (10, 13), (11, 13), (11, 14), (12, 14), (13, 14), (14, 14), (15, 14), (16, 14), (17, 14), (18, 14), (18, 15), (18, 16), (18, 17), (19, 17), (20, 17), (21, 17), (22, 17), (22, 18), (22, 19), (22, 20), (22, 21), (23, 21), (23, 22), (23, 23), (23, 24), (23, 25), (24, 25), (25, 25), (25, 26), (25, 27), (26, 27), (27, 27), (27, 28), (27, 29), (26, 29), (25, 29), (25, 29)], 2: [(6, 5), (6, 6), (6, 7), (6, 8), (6, 9), (5, 9), (5, 10), (5, 11), (5, 12), (5, 13), (5, 14), (5, 15), (6, 15), (6, 16), (6, 17), (5, 17), (5, 18), (5, 19), (4, 19), (3, 19), (2, 19), (2, 20), (2, 21), (1, 21), (1, 22), (1, 23), (1, 24), (1, 25), (1, 26), (1, 27), (2, 27), (3, 27), (3, 28), (3, 29), (2, 29), (1, 29), (0, 29), (0, 29)], 3: [(15, 23), (14, 23), (13, 23), (12, 23), (11, 23), (10, 23), (9, 23), (9, 22), (9, 21), (9, 20), (9, 19), (9, 18), (8, 18), (7, 18), (6, 18), (6, 17), (6, 16), (6, 15), (5, 15), (5, 14), (5, 13), (5, 12), (5, 11), (5, 10), (5, 9), (6, 9), (6, 8), (6, 7), (5, 7), (5, 6), (5, 5), (4, 5), (3, 5), (2, 5), (1, 5), (1, 6), (1, 7), (1, 7)], 4: [(22, 18), (23, 18), (24, 18), (25, 18), (26, 18), (27, 18), (28, 18), (29, 18), (30, 18), (30, 18)]}, 37)