

CBSS-C STATS
starts:[226, 671, 350, 607, 883]
targets:[950, 343, 431, 446, 649, 994, 5, 92, 501, 977, 766, 447, 958, 858, 454, 467, 389, 502, 158, 78]
dests:[486, 482, 957, 801, 40]
ac_dict:{950: {0, 1}, 343: {1, 2}, 431: {2, 3}, 446: {3, 4}, 486: {0}, 482: {1}, 957: {2}, 801: {3}, 40: {4}}
clusters:[ 9  7 13  0  4 12 16 18  6 14  5  2 15 17 11  3 10  8 19  1]

round: 165
best_g_value: 258.0
open_list_size: 287
num_low_level_expanded: 112729
search_success: 1
search_time: 366.4994253490004
n_tsp_call: 766
n_tsp_time: 332.99693344690604
n_roots: 63
num_conflicts: 225
target_assignment: {389: 0, 454: 0, 343: 2, 766: 2, 958: 2, 502: 4, 501: 4, 78: 4, 5: 4, 858: 1, 950: 1, 977: 1, 994: 1, 446: 3, 447: 3, 158: 3, 92: 3, 467: 3, 431: 3, 649: 3}
cluster_target_selection: {10: 389, 11: 454, 7: 343, 5: 766, 15: 958, 8: 502, 6: 501, 1: 78, 16: 5, 17: 858, 9: 950, 14: 977, 12: 994, 0: 446, 2: 447, 19: 158, 18: 92, 3: 467, 13: 431, 4: 649}
num_nodes_transformed_graph: 98
agent_paths:({0: [(2, 7), (3, 7), (3, 6), (3, 5), (4, 5), (5, 5), (5, 6), (5, 7), (6, 7), (6, 8), (6, 9), (5, 9), (5, 10), (5, 11), (5, 12), (5, 13), (6, 13), (6, 14), (6, 15), (6, 15)], 1: [(31, 20), (31, 21), (30, 21), (29, 21), (29, 22), (29, 23), (28, 23), (27, 23), (27, 24), (27, 25), (26, 25), (26, 26), (25, 26), (25, 25), (24, 25), (23, 25), (23, 26), (23, 27), (23, 28), (23, 29), (22, 29), (21, 29), (21, 30), (21, 31), (20, 31), (19, 31), (18, 31), (17, 31), (17, 30), (17, 29), (18, 29), (18, 28), (18, 27), (17, 27), (16, 27), (15, 27), (14, 27), (13, 27), (12, 27), (11, 27), (10, 27), (10, 28), (10, 29), (9, 29), (9, 30), (8, 30), (7, 30), (6, 30), (5, 30), (4, 30), (3, 30), (2, 30), (2, 31), (2, 30), (2, 29), (3, 29), (3, 28), (3, 27), (2, 27), (2, 26), (2, 25), (1, 25), (1, 24), (1, 23), (1, 22), (1, 21), (2, 21), (2, 20), (2, 19), (2, 18), (2, 17), (2, 16), (2, 15), (2, 15)], 2: [(30, 10), (29, 10), (28, 10), (27, 10), (26, 10), (25, 10), (25, 9), (24, 9), (23, 9), (23, 10), (23, 9), (24, 9), (25, 9), (26, 9), (27, 9), (27, 10), (27, 11), (27, 12), (27, 13), (27, 14), (27, 15), (27, 16), (27, 17), (27, 18), (27, 19), (27, 20), (27, 21), (27, 22), (27, 23), (28, 23), (29, 23), (30, 23), (30, 24), (30, 25), (30, 26), (30, 27), (31, 27), (31, 28), (31, 29), (30, 29), (29, 29), (29, 29)], 3: [(31, 18), (31, 17), (31, 16), (31, 15), (30, 15), (30, 14), (30, 13), (31, 13), (31, 12), (31, 11), (31, 10), (31, 9), (31, 8), (31, 7), (30, 7), (30, 6), (30, 5), (30, 4), (30, 3), (29, 3), (29, 2), (28, 2), (27, 2), (27, 3), (27, 4), (27, 5), (26, 5), (25, 5), (25, 6), (25, 7), (25, 8), (25, 9), (24, 9), (23, 9), (22, 9), (22, 10), (22, 11), (22, 12), (22, 13), (21, 13), (20, 13), (19, 13), (19, 14), (18, 14), (17, 14), (16, 14), (15, 14), (15, 13), (14, 13), (13, 13), (13, 14), (12, 14), (11, 14), (11, 15), (11, 16), (11, 17), (10, 17), (9, 17), (9, 18), (9, 19), (9, 20), (9, 21), (8, 21), (7, 21), (6, 21), (5, 21), (5, 22), (4, 22), (3, 22), (2, 22), (1, 22), (1, 23), (1, 24), (1, 25), (1, 25)], 4: [(19, 27), (19, 26), (20, 26), (21, 26), (21, 25), (22, 25), (23, 25), (23, 24), (23, 23), (22, 23), (22, 22), (22, 21), (22, 20), (22, 19), (22, 18), (22, 17), (22, 16), (22, 15), (21, 15), (21, 14), (21, 13), (20, 13), (19, 13), (18, 13), (18, 12), (18, 11), (17, 11), (17, 10), (17, 9), (16, 9), (15, 9), (14, 9), (14, 8), (14, 7), (14, 6), (14, 5), (14, 4), (14, 3), (14, 2), (13, 2), (13, 3), (12, 3), (11, 3), (10, 3), (9, 3), (9, 2), (9, 1), (8, 1), (7, 1), (6, 1), (5, 1), (5, 0), (5, 1), (6, 1), (7, 1), (8, 1), (8, 1)]}, 73)