

CBSS-C STATS
starts:[906, 213, 80, 577, 642, 131, 877, 351, 477, 200]
targets:[1015, 721, 1007, 692, 743, 37, 850, 119, 166, 719, 244, 281, 358, 70, 430]
dests:[501, 889, 530, 82, 887, 41, 411, 1018, 1023, 114]
ac_dict:{1015: {0, 1}, 721: {1, 2}, 1007: {2, 3}, 692: {3, 4}, 743: {4, 5}, 37: {5, 6}, 850: {6, 7}, 119: {8, 7}, 166: {8, 9}, 501: {0}, 889: {1}, 530: {2}, 82: {3}, 887: {4}, 41: {5}, 411: {6}, 1018: {7}, 1023: {8}, 114: {9}}
clusters:[0 8 0 9 1 7 6 6 9 5 3 6 8 4 2]

round: 9
best_g_value: 274.0
open_list_size: 8
num_low_level_expanded: 2187
search_success: 1
search_time: 13.172839240171015
n_tsp_call: 20
n_tsp_time: 12.517148201353848
n_roots: 1
num_conflicts: 8
target_assignment: {430: 0, 743: 4, 719: 4, 692: 4, 850: 6, 244: 1, 1015: 1, 358: 3, 70: 5, 37: 5}
cluster_target_selection: {2: 430, 1: 743, 5: 719, 9: 692, 6: 850, 3: 244, 0: 1015, 8: 358, 4: 70, 7: 37}
num_nodes_transformed_graph: 98
agent_paths:({0: [(10, 28), (10, 27), (10, 26), (10, 25), (11, 25), (11, 24), (11, 23), (11, 22), (11, 21), (10, 21), (9, 21), (9, 20), (9, 19), (9, 18), (9, 17), (10, 17), (11, 17), (11, 16), (11, 15), (11, 14), (12, 14), (13, 14), (13, 13), (14, 13), (15, 13), (15, 14), (16, 14), (17, 14), (18, 14), (19, 14), (19, 13), (20, 13), (21, 13), (21, 14), (21, 15), (21, 15)], 1: [(21, 6), (21, 7), (20, 7), (21, 7), (22, 7), (23, 7), (23, 8), (23, 9), (23, 10), (23, 11), (22, 11), (22, 12), (22, 13), (22, 14), (22, 15), (22, 16), (22, 17), (22, 18), (22, 19), (22, 20), (22, 21), (23, 21), (23, 22), (23, 23), (23, 24), (23, 25), (23, 26), (23, 27), (23, 28), (23, 29), (23, 30), (23, 31), (24, 31), (25, 31), (25, 30), (25, 29), (26, 29), (27, 29), (27, 28), (27, 27), (26, 27), (25, 27), (25, 27)], 2: [(16, 2), (15, 2), (15, 3), (14, 3), (14, 4), (14, 5), (15, 5), (16, 5), (17, 5), (18, 5), (18, 6), (18, 7), (18, 8), (18, 9), (18, 10), (18, 11), (18, 12), (18, 13), (18, 14), (18, 15), (18, 16), (18, 16)], 3: [(1, 18), (2, 18), (3, 18), (3, 19), (4, 19), (5, 19), (5, 18), (5, 17), (6, 17), (6, 16), (6, 15), (6, 14), (6, 13), (5, 13), (5, 12), (5, 11), (6, 11), (6, 10), (6, 9), (6, 8), (6, 7), (6, 6), (7, 6), (8, 6), (9, 6), (9, 5), (10, 5), (11, 5), (11, 4), (11, 3), (12, 3), (13, 3), (13, 2), (14, 2), (15, 2), (16, 2), (17, 2), (18, 2), (18, 2)], 4: [(2, 20), (2, 21), (3, 21), (3, 22), (4, 22), (5, 22), (6, 22), (7, 22), (7, 23), (7, 22), (7, 21), (8, 21), (9, 21), (10, 21), (11, 21), (11, 22), (11, 23), (12, 23), (13, 23), (13, 22), (14, 22), (15, 22), (16, 22), (17, 22), (17, 21), (18, 21), (19, 21), (20, 21), (21, 21), (22, 21), (23, 21), (23, 22), (23, 23), (23, 24), (23, 25), (23, 26), (23, 27), (23, 27)], 5: [(3, 4), (3, 5), (4, 5), (5, 5), (6, 5), (6, 4), (6, 3), (6, 2), (5, 2), (5, 1), (6, 1), (7, 1), (8, 1), (9, 1), (9, 1)], 6: [(13, 27), (14, 27), (15, 27), (16, 27), (17, 27), (17, 26), (18, 26), (19, 26), (20, 26), (21, 26), (21, 25), (22, 25), (23, 25), (24, 25), (25, 25), (26, 25), (27, 25), (27, 24), (27, 23), (27, 22), (27, 21), (27, 20), (27, 19), (27, 18), (27, 17), (27, 16), (27, 15), (27, 14), (27, 13), (27, 12), (27, 12)], 7: [(31, 10), (31, 11), (31, 12), (31, 13), (31, 14), (31, 15), (31, 16), (31, 17), (31, 18), (31, 19), (31, 20), (31, 21), (30, 21), (29, 21), (29, 22), (29, 23), (28, 23), (28, 23), (28, 23), (27, 23), (27, 24), (27, 25), (27, 26), (27, 27), (27, 28), (27, 29), (26, 29), (26, 30), (26, 31), (26, 31)], 8: [(29, 14), (30, 14), (31, 14), (31, 15), (31, 16), (31, 17), (31, 18), (31, 19), (31, 20), (31, 21), (31, 22), (31, 23), (30, 23), (30, 24), (30, 25), (31, 25), (31, 26), (31, 27), (31, 28), (31, 29), (31, 30), (31, 31), (31, 31)], 9: [(8, 6), (9, 6), (9, 5), (10, 5), (11, 5), (11, 4), (11, 3), (12, 3), (13, 3), (14, 3), (15, 3), (15, 2), (16, 2), (17, 2), (18, 2), (18, 3), (18, 3)]}, 41)