

CBSS-C STATS
starts:[307, 288, 607, 186, 381]
targets:[638, 311, 235, 549, 194, 935, 482, 274, 802, 890, 882, 753, 65, 40, 58, 875, 86, 721, 863, 989]
dests:[945, 555, 836, 59, 173]
ac_dict:{638: {0, 1}, 311: {1, 2}, 235: {2, 3}, 549: {3, 4}, 945: {0}, 555: {1}, 836: {2}, 59: {3}, 173: {4}}
clusters:[0 3 7 5 8 4 8 1 4 6 2 9 6 5 9 3 9 5 3 6]

round: 6
best_g_value: 191.0
open_list_size: 5
num_low_level_expanded: 2768
search_success: 1
search_time: 3.9593879599124193
n_tsp_call: 13
n_tsp_time: 3.61929975124076
n_roots: 1
num_conflicts: 5
target_assignment: {638: 0, 890: 0, 721: 0, 753: 0, 882: 0, 311: 2, 235: 2, 482: 2, 802: 2, 274: 4}
cluster_target_selection: {0: 638, 6: 890, 5: 721, 9: 753, 2: 882, 3: 311, 7: 235, 8: 482, 4: 802, 1: 274}
num_nodes_transformed_graph: 52
agent_paths:({0: [(19, 9), (19, 10), (19, 11), (20, 11), (21, 11), (22, 11), (22, 12), (22, 13), (22, 14), (22, 15), (22, 16), (22, 17), (23, 17), (23, 18), (24, 18), (25, 18), (26, 18), (27, 18), (28, 18), (29, 18), (30, 18), (30, 19), (29, 19), (29, 18), (28, 18), (27, 18), (27, 19), (27, 20), (27, 21), (27, 22), (27, 23), (27, 24), (27, 25), (26, 25), (26, 26), (26, 27), (25, 27), (25, 26), (25, 25), (24, 25), (23, 25), (23, 24), (23, 23), (22, 23), (21, 23), (21, 22), (21, 21), (20, 21), (19, 21), (18, 21), (17, 21), (17, 22), (17, 23), (17, 24), (17, 25), (18, 25), (18, 26), (18, 27), (18, 28), (18, 29), (17, 29), (17, 29)], 1: [(0, 9), (1, 9), (2, 9), (3, 9), (3, 10), (4, 10), (5, 10), (5, 11), (5, 12), (5, 13), (6, 13), (7, 13), (8, 13), (9, 13), (10, 13), (11, 13), (11, 14), (11, 15), (11, 16), (11, 17), (11, 17)], 2: [(31, 18), (30, 18), (29, 18), (28, 18), (27, 18), (27, 17), (27, 16), (27, 15), (27, 14), (27, 13), (27, 12), (27, 11), (26, 11), (25, 11), (25, 10), (25, 9), (24, 9), (23, 9), (23, 8), (23, 7), (22, 7), (21, 7), (20, 7), (19, 7), (18, 7), (17, 7), (17, 6), (17, 5), (16, 5), (15, 5), (14, 5), (14, 4), (14, 3), (13, 3), (12, 3), (11, 3), (11, 4), (11, 5), (11, 6), (11, 7), (10, 7), (9, 7), (9, 6), (8, 6), (7, 6), (6, 6), (6, 7), (6, 8), (6, 9), (5, 9), (5, 10), (5, 11), (5, 12), (5, 13), (5, 14), (5, 15), (6, 15), (6, 16), (6, 17), (5, 17), (5, 18), (5, 19), (4, 19), (3, 19), (2, 19), (2, 18), (2, 17), (2, 16), (2, 15), (2, 16), (2, 17), (2, 18), (2, 19), (2, 20), (2, 21), (2, 22), (2, 23), (1, 23), (1, 24), (1, 25), (2, 25), (3, 25), (3, 26), (4, 26), (4, 26)], 3: [(26, 5), (27, 5), (27, 4), (27, 3), (27, 2), (27, 1), (27, 1)], 4: [(29, 11), (29, 10), (28, 10), (27, 10), (26, 10), (25, 10), (25, 9), (24, 9), (23, 9), (23, 8), (23, 7), (22, 7), (21, 7), (20, 7), (19, 7), (18, 7), (18, 8), (18, 7), (17, 7), (17, 6), (17, 5), (16, 5), (15, 5), (14, 5), (13, 5), (13, 5)]}, 83)