

CBSS-C STATS
starts:[622, 593, 359, 813, 741]
targets:[223, 348, 175, 680, 191, 466, 95, 885, 302, 931, 841, 220, 455, 289, 824, 991, 351, 610, 46, 587]
dests:[566, 928, 462, 717, 751]
ac_dict:{223: {0, 1}, 348: {1, 2}, 175: {2, 3}, 680: {3, 4}, 566: {0}, 928: {1}, 462: {2}, 717: {3}, 751: {4}}
clusters:[ 4  8 18 12  7 14 10 11  1 19  5  2 17 15 16  3  9 13  0  6]

round: 1
best_g_value: 227.0
open_list_size: 0
num_low_level_expanded: 469
search_success: 1
search_time: 4.66542117400968
n_tsp_call: 1
n_tsp_time: 4.6305428790074075
n_roots: 1
num_conflicts: 0
target_assignment: {289: 2, 455: 2, 302: 2, 46: 2, 175: 2, 610: 4, 587: 4, 680: 4, 466: 1, 220: 1, 95: 1, 191: 1, 223: 1, 351: 1, 348: 1, 991: 1, 824: 1, 885: 1, 841: 1, 931: 1}
cluster_target_selection: {15: 289, 17: 455, 1: 302, 0: 46, 18: 175, 13: 610, 6: 587, 12: 680, 14: 466, 2: 220, 10: 95, 7: 191, 4: 223, 9: 351, 8: 348, 3: 991, 16: 824, 11: 885, 5: 841, 19: 931}
num_nodes_transformed_graph: 98
agent_paths:({0: [(14, 19), (14, 18), (15, 18), (16, 18), (17, 18), (17, 17), (18, 17), (19, 17), (20, 17), (21, 17), (22, 17), (22, 17)], 1: [(17, 18), (17, 17), (18, 17), (18, 16), (18, 15), (18, 14), (18, 13), (18, 12), (18, 11), (19, 11), (20, 11), (21, 11), (21, 10), (21, 9), (22, 9), (23, 9), (24, 9), (25, 9), (25, 8), (25, 7), (25, 6), (26, 6), (27, 6), (28, 6), (29, 6), (29, 5), (30, 5), (30, 4), (30, 3), (30, 2), (31, 2), (31, 3), (30, 3), (30, 4), (30, 5), (31, 5), (31, 6), (31, 7), (31, 8), (31, 9), (31, 10), (30, 10), (29, 10), (28, 10), (29, 10), (30, 10), (31, 10), (31, 11), (31, 12), (31, 13), (31, 14), (31, 15), (31, 16), (31, 17), (31, 18), (31, 19), (31, 20), (31, 21), (31, 22), (31, 23), (30, 23), (30, 24), (30, 25), (31, 25), (31, 26), (31, 27), (31, 28), (31, 29), (31, 30), (30, 30), (29, 30), (29, 31), (28, 31), (27, 31), (27, 30), (27, 29), (27, 28), (27, 27), (26, 27), (25, 27), (25, 26), (25, 25), (24, 25), (23, 25), (22, 25), (21, 25), (21, 26), (21, 27), (21, 26), (20, 26), (19, 26), (18, 26), (17, 26), (17, 27), (16, 27), (15, 27), (14, 27), (13, 27), (12, 27), (11, 27), (10, 27), (9, 27), (9, 26), (9, 27), (10, 27), (10, 28), (10, 29), (9, 29), (9, 30), (8, 30), (7, 30), (6, 30), (5, 30), (4, 30), (3, 30), (3, 29), (2, 29), (1, 29), (0, 29), (0, 29)], 2: [(7, 11), (6, 11), (5, 11), (5, 10), (4, 10), (3, 10), (2, 10), (1, 10), (1, 9), (2, 9), (3, 9), (3, 10), (4, 10), (5, 10), (5, 11), (5, 12), (5, 13), (6, 13), (7, 13), (7, 14), (7, 13), (8, 13), (9, 13), (9, 12), (9, 11), (10, 11), (11, 11), (12, 11), (13, 11), (13, 10), (13, 9), (14, 9), (14, 8), (14, 7), (14, 6), (14, 5), (14, 4), (14, 3), (14, 2), (14, 1), (14, 2), (14, 3), (14, 4), (14, 5), (15, 5), (16, 5), (17, 5), (17, 6), (17, 7), (18, 7), (18, 8), (18, 9), (18, 10), (18, 11), (18, 12), (18, 13), (17, 13), (17, 14), (16, 14), (15, 14), (14, 14), (14, 14)], 3: [(13, 25), (14, 25), (15, 25), (15, 24), (15, 23), (14, 23), (13, 23), (13, 22), (13, 22)], 4: [(5, 23), (5, 22), (4, 22), (3, 22), (2, 22), (2, 21), (2, 20), (2, 19), (3, 19), (4, 19), (5, 19), (5, 18), (6, 18), (7, 18), (8, 18), (9, 18), (10, 18), (11, 18), (10, 18), (9, 18), (9, 19), (9, 20), (9, 21), (8, 21), (9, 21), (10, 21), (11, 21), (11, 22), (11, 23), (12, 23), (13, 23), (14, 23), (15, 23), (15, 23)]}, 118)