

CBSS-C STATS
starts:[914, 433, 461, 747, 243]
targets:[749, 305, 418, 949, 765, 969, 702, 215, 281, 1006]
dests:[321, 108, 731, 691, 497]
ac_dict:{749: {0, 1}, 305: {1, 2}, 418: {2, 3}, 949: {3, 4}, 321: {0}, 108: {1}, 731: {2}, 691: {3}, 497: {4}}
clusters:[1 1 0 0 0 0 0 1 0 1]

round: 1
best_g_value: 100.0
open_list_size: 0
num_low_level_expanded: 205
search_success: 1
search_time: 0.06716117495670915
n_tsp_call: 1
n_tsp_time: 0.0537117631174624
n_roots: 1
num_conflicts: 0
target_assignment: {305: 1, 765: 2}
cluster_target_selection: {1: 305, 0: 765}
num_nodes_transformed_graph: 29
agent_paths:({0: [(18, 28), (18, 27), (17, 27), (16, 27), (15, 27), (14, 27), (13, 27), (12, 27), (11, 27), (11, 26), (11, 25), (11, 24), (11, 23), (10, 23), (9, 23), (9, 22), (9, 21), (9, 20), (9, 19), (9, 18), (8, 18), (7, 18), (6, 18), (6, 17), (6, 16), (6, 15), (5, 15), (5, 14), (5, 13), (5, 12), (5, 11), (5, 10), (4, 10), (3, 10), (2, 10), (1, 10), (1, 10)], 1: [(17, 13), (18, 13), (18, 12), (18, 11), (17, 11), (17, 10), (17, 9), (16, 9), (15, 9), (14, 9), (14, 8), (14, 7), (14, 6), (14, 5), (14, 4), (14, 3), (13, 3), (12, 3), (12, 3)], 2: [(13, 14), (14, 14), (15, 14), (16, 14), (17, 14), (18, 14), (18, 15), (18, 16), (18, 17), (19, 17), (20, 17), (21, 17), (22, 17), (23, 17), (23, 18), (24, 18), (25, 18), (26, 18), (27, 18), (27, 19), (27, 20), (27, 21), (27, 22), (27, 23), (28, 23), (29, 23), (28, 23), (27, 23), (27, 22), (27, 22)], 3: [(11, 23), (12, 23), (13, 23), (13, 22), (14, 22), (15, 22), (16, 22), (17, 22), (17, 21), (18, 21), (19, 21), (19, 21)], 4: [(19, 7), (18, 7), (18, 8), (18, 9), (18, 10), (18, 11), (18, 12), (18, 13), (17, 13), (17, 14), (17, 15), (17, 15)]}, 35)