

CBSS-C STATS
starts:[86, 279, 287]
targets:[765, 194, 281, 313, 707, 171, 117, 754, 85, 55, 503, 969, 634, 142, 111]
dests:[389, 241, 103]
ac_dict:{765: {0, 1}, 194: {1, 2}, 389: {0}, 241: {1}, 103: {2}}
clusters:[ 2  1  8 11  3 12 13  7  9  5 10  0 14  6  4]

round: 5
best_g_value: 171.0
open_list_size: 6
num_low_level_expanded: 2884
search_success: 1
search_time: 4.209654509002576
n_tsp_call: 35
n_tsp_time: 3.9706884999759495
n_roots: 2
num_conflicts: 5
target_assignment: {85: 0, 117: 0, 281: 0, 313: 0, 503: 0, 634: 0, 765: 0, 754: 0, 969: 0, 707: 0, 55: 2, 111: 2, 142: 2, 171: 2, 194: 2}
cluster_target_selection: {9: 85, 13: 117, 8: 281, 11: 313, 10: 503, 14: 634, 2: 765, 7: 754, 0: 969, 3: 707, 5: 55, 4: 111, 6: 142, 12: 171, 1: 194}
num_nodes_transformed_graph: 49
agent_paths:({0: [(22, 2), (21, 2), (21, 3), (22, 3), (23, 3), (24, 3), (25, 3), (26, 3), (27, 3), (27, 4), (27, 5), (26, 5), (25, 5), (25, 6), (25, 7), (25, 8), (25, 9), (24, 9), (23, 9), (23, 10), (23, 11), (22, 11), (22, 12), (22, 13), (23, 13), (23, 14), (23, 15), (22, 15), (22, 16), (22, 17), (23, 17), (23, 18), (24, 18), (25, 18), (26, 18), (26, 19), (27, 19), (27, 20), (27, 21), (27, 22), (27, 23), (28, 23), (29, 23), (28, 23), (27, 23), (27, 24), (27, 25), (26, 25), (25, 25), (24, 25), (23, 25), (22, 25), (21, 25), (21, 26), (20, 26), (19, 26), (18, 26), (18, 25), (17, 25), (17, 24), (17, 23), (18, 23), (17, 23), (17, 24), (17, 25), (17, 26), (17, 27), (16, 27), (15, 27), (14, 27), (13, 27), (12, 27), (11, 27), (10, 27), (10, 28), (10, 29), (9, 29), (9, 30), (8, 30), (7, 30), (6, 30), (5, 30), (4, 30), (3, 30), (3, 29), (3, 28), (3, 27), (3, 26), (3, 25), (2, 25), (1, 25), (1, 24), (1, 23), (1, 22), (2, 22), (3, 22), (3, 21), (2, 21), (2, 20), (2, 19), (3, 19), (4, 19), (5, 19), (5, 18), (5, 17), (6, 17), (6, 16), (6, 15), (5, 15), (5, 14), (5, 13), (5, 12), (5, 12)], 1: [(23, 8), (23, 7), (22, 7), (21, 7), (20, 7), (19, 7), (18, 7), (17, 7), (17, 7)], 2: [(31, 8), (31, 7), (30, 7), (30, 6), (30, 5), (30, 4), (30, 3), (29, 3), (29, 2), (28, 2), (27, 2), (26, 2), (25, 2), (25, 3), (24, 3), (23, 3), (23, 2), (23, 1), (22, 1), (21, 1), (20, 1), (19, 1), (18, 1), (17, 1), (17, 2), (16, 2), (15, 2), (15, 3), (14, 3), (14, 4), (14, 5), (13, 5), (12, 5), (11, 5), (10, 5), (9, 5), (9, 6), (8, 6), (7, 6), (6, 6), (5, 6), (5, 5), (4, 5), (3, 5), (2, 5), (2, 6), (2, 5), (3, 5), (4, 5), (5, 5), (6, 5), (6, 4), (6, 3), (7, 3), (7, 3)]}, 111)