

CBSS-C STATS
starts:[105, 876]
targets:[874, 342, 299, 481, 914, 87, 38, 348, 182, 345]
dests:[674, 479]
ac_dict:{874: {0, 1}, 674: {0}, 479: {1}}
clusters:[1 0 5 2 9 8 4 7 3 6]

round: 1
best_g_value: 135.0
open_list_size: 0
num_low_level_expanded: 346
search_success: 1
search_time: 0.020638050002162345
n_tsp_call: 1
n_tsp_time: 0.007536175995483063
n_roots: 1
num_conflicts: 0
target_assignment: {38: 0, 299: 0, 481: 0, 874: 1, 914: 1, 342: 1, 182: 1, 87: 1, 345: 1, 348: 1}
cluster_target_selection: {4: 38, 5: 299, 2: 481, 1: 874, 9: 914, 0: 342, 3: 182, 8: 87, 6: 345, 7: 348}
num_nodes_transformed_graph: 24
agent_paths:({0: [(9, 3), (9, 2), (9, 1), (8, 1), (7, 1), (6, 1), (6, 2), (6, 3), (6, 4), (6, 5), (6, 6), (6, 7), (6, 8), (6, 9), (7, 9), (8, 9), (9, 9), (10, 9), (11, 9), (10, 9), (9, 9), (9, 10), (9, 11), (9, 12), (9, 13), (8, 13), (7, 13), (6, 13), (6, 14), (6, 15), (6, 16), (6, 17), (5, 17), (5, 18), (5, 19), (4, 19), (3, 19), (2, 19), (2, 18), (2, 17), (2, 16), (2, 15), (1, 15), (2, 15), (2, 16), (2, 17), (2, 18), (2, 19), (2, 20), (2, 21), (2, 21)], 1: [(12, 27), (11, 27), (10, 27), (11, 27), (12, 27), (13, 27), (14, 27), (15, 27), (16, 27), (17, 27), (18, 27), (18, 28), (18, 27), (18, 26), (19, 26), (20, 26), (21, 26), (21, 25), (22, 25), (23, 25), (23, 24), (23, 23), (22, 23), (22, 22), (22, 21), (22, 20), (22, 19), (22, 18), (22, 17), (22, 16), (22, 15), (22, 14), (22, 13), (22, 12), (22, 11), (22, 10), (22, 9), (23, 9), (23, 8), (23, 7), (22, 7), (22, 6), (22, 5), (23, 5), (23, 6), (23, 7), (23, 8), (23, 9), (24, 9), (25, 9), (25, 8), (25, 7), (25, 6), (25, 5), (26, 5), (27, 5), (27, 4), (27, 3), (26, 3), (25, 3), (24, 3), (23, 3), (23, 2), (23, 3), (24, 3), (25, 3), (26, 3), (27, 3), (27, 4), (27, 5), (26, 5), (25, 5), (25, 6), (25, 7), (25, 8), (25, 9), (25, 10), (26, 10), (27, 10), (28, 10), (29, 10), (30, 10), (31, 10), (31, 11), (31, 12), (31, 13), (31, 14), (31, 14)]}, 86)