

CBSS-C STATS
starts:[347, 599]
targets:[736, 561, 682, 543, 683, 158, 975, 122, 923, 823]
dests:[134, 350]
ac_dict:{736: {0, 1}, 134: {0}, 350: {1}}
clusters:[9 7 2 4 1 0 6 3 8 5]

round: 1
best_g_value: 156.0
open_list_size: 0
num_low_level_expanded: 424
search_success: 1
search_time: 0.07809207000536844
n_tsp_call: 1
n_tsp_time: 0.06358789499790873
n_roots: 1
num_conflicts: 0
target_assignment: {543: 0, 923: 0, 823: 0, 975: 0, 683: 0, 682: 0, 736: 0, 561: 1, 122: 1, 158: 1}
cluster_target_selection: {4: 543, 8: 923, 5: 823, 6: 975, 1: 683, 2: 682, 9: 736, 7: 561, 3: 122, 0: 158}
num_nodes_transformed_graph: 24
agent_paths:({0: [(27, 10), (28, 10), (29, 10), (30, 10), (31, 10), (31, 11), (31, 12), (31, 13), (31, 14), (31, 15), (31, 16), (31, 17), (30, 17), (29, 17), (29, 18), (28, 18), (27, 18), (27, 19), (27, 20), (27, 21), (27, 22), (27, 23), (27, 24), (27, 25), (27, 26), (27, 27), (27, 28), (27, 27), (26, 27), (25, 27), (25, 26), (25, 25), (24, 25), (23, 25), (22, 25), (21, 25), (21, 26), (20, 26), (19, 26), (18, 26), (18, 27), (18, 28), (18, 29), (17, 29), (17, 30), (17, 31), (16, 31), (15, 31), (15, 30), (15, 31), (16, 31), (17, 31), (17, 30), (17, 29), (18, 29), (18, 28), (18, 27), (17, 27), (16, 27), (15, 27), (14, 27), (13, 27), (12, 27), (11, 27), (11, 26), (11, 25), (11, 24), (11, 23), (11, 22), (11, 21), (10, 21), (9, 21), (8, 21), (7, 21), (6, 21), (5, 21), (5, 22), (4, 22), (3, 22), (2, 22), (1, 22), (1, 23), (0, 23), (1, 23), (1, 22), (1, 21), (2, 21), (2, 20), (2, 19), (3, 19), (4, 19), (5, 19), (5, 18), (5, 17), (6, 17), (6, 16), (6, 15), (6, 14), (6, 13), (5, 13), (5, 12), (5, 11), (5, 10), (5, 9), (6, 9), (6, 8), (6, 7), (6, 6), (6, 5), (6, 4), (6, 4)], 1: [(23, 18), (22, 18), (21, 18), (21, 17), (20, 17), (19, 17), (18, 17), (17, 17), (18, 17), (18, 16), (18, 15), (18, 14), (18, 13), (18, 12), (18, 11), (19, 11), (20, 11), (21, 11), (21, 10), (21, 9), (22, 9), (23, 9), (24, 9), (25, 9), (25, 8), (25, 7), (25, 6), (25, 5), (26, 5), (27, 5), (27, 4), (27, 3), (26, 3), (27, 3), (27, 2), (28, 2), (29, 2), (30, 2), (30, 3), (30, 4), (30, 5), (30, 6), (30, 7), (31, 7), (31, 8), (31, 9), (30, 9), (30, 10), (30, 10)]}, 109)