

CBSS-C STATS
starts:[237, 686, 720]
targets:[201, 214, 803, 354, 565, 106, 25, 200, 625, 831, 806, 210, 573, 555, 313]
dests:[427, 434, 886]
ac_dict:{201: {0, 1}, 214: {1, 2}, 427: {0}, 434: {1}, 886: {2}}
clusters:[ 2  1  9  8  5  4  7 14 12 13  3 11  6  0 10]

round: 1
best_g_value: 225.0
open_list_size: 0
num_low_level_expanded: 556
search_success: 1
search_time: 0.23440376100188587
n_tsp_call: 1
n_tsp_time: 0.20604855100100394
n_roots: 1
num_conflicts: 0
target_assignment: {25: 0, 106: 0, 201: 0, 200: 0, 354: 0, 803: 0, 806: 0, 555: 0, 625: 1, 565: 1, 573: 1, 831: 1, 313: 1, 214: 1, 210: 1}
cluster_target_selection: {7: 25, 4: 106, 2: 201, 14: 200, 8: 354, 9: 803, 3: 806, 0: 555, 12: 625, 5: 565, 6: 573, 13: 831, 10: 313, 1: 214, 11: 210}
num_nodes_transformed_graph: 27
agent_paths:({0: [(13, 7), (13, 6), (13, 5), (14, 5), (14, 4), (14, 3), (14, 2), (15, 2), (16, 2), (17, 2), (17, 1), (18, 1), (19, 1), (20, 1), (21, 1), (22, 1), (23, 1), (23, 2), (23, 3), (24, 3), (25, 3), (25, 2), (25, 1), (25, 0), (25, 1), (25, 2), (25, 3), (24, 3), (23, 3), (22, 3), (21, 3), (21, 2), (21, 1), (20, 1), (19, 1), (18, 1), (17, 1), (17, 2), (16, 2), (15, 2), (14, 2), (13, 2), (13, 3), (12, 3), (11, 3), (10, 3), (11, 3), (11, 4), (11, 5), (10, 5), (9, 5), (9, 6), (8, 6), (7, 6), (6, 6), (6, 7), (6, 8), (6, 9), (5, 9), (5, 10), (4, 10), (3, 10), (2, 10), (2, 11), (3, 11), (3, 10), (4, 10), (5, 10), (5, 11), (5, 12), (5, 13), (5, 14), (5, 15), (6, 15), (6, 16), (6, 17), (5, 17), (5, 18), (5, 19), (4, 19), (3, 19), (2, 19), (2, 20), (2, 21), (2, 22), (2, 23), (1, 23), (1, 24), (1, 25), (2, 25), (3, 25), (3, 26), (4, 26), (5, 26), (5, 25), (6, 25), (5, 25), (5, 26), (4, 26), (3, 26), (3, 25), (2, 25), (1, 25), (1, 24), (1, 23), (1, 22), (1, 21), (2, 21), (2, 20), (2, 19), (3, 19), (4, 19), (5, 19), (5, 18), (6, 18), (7, 18), (8, 18), (9, 18), (9, 17), (10, 17), (11, 17), (11, 16), (11, 15), (11, 14), (11, 13), (11, 13)], 1: [(14, 21), (15, 21), (15, 22), (16, 22), (17, 22), (17, 21), (18, 21), (19, 21), (20, 21), (21, 21), (22, 21), (22, 20), (22, 19), (21, 19), (21, 18), (21, 17), (20, 17), (19, 17), (18, 17), (17, 17), (17, 18), (17, 19), (17, 18), (17, 17), (18, 17), (19, 17), (20, 17), (21, 17), (22, 17), (23, 17), (23, 18), (24, 18), (25, 18), (26, 18), (27, 18), (28, 18), (29, 18), (29, 17), (30, 17), (31, 17), (31, 18), (31, 19), (31, 20), (31, 21), (31, 22), (31, 23), (30, 23), (30, 24), (30, 25), (31, 25), (30, 25), (30, 24), (30, 23), (29, 23), (28, 23), (27, 23), (27, 22), (27, 21), (27, 20), (27, 19), (27, 18), (27, 17), (27, 16), (27, 15), (27, 14), (27, 13), (27, 12), (27, 11), (26, 11), (25, 11), (25, 10), (25, 9), (24, 9), (23, 9), (23, 8), (23, 7), (22, 7), (22, 6), (21, 6), (21, 7), (20, 7), (19, 7), (18, 7), (18, 6), (18, 7), (18, 8), (18, 9), (18, 10), (18, 11), (18, 12), (18, 13), (18, 13)], 2: [(16, 22), (17, 22), (17, 23), (17, 24), (17, 25), (18, 25), (19, 25), (19, 26), (20, 26), (21, 26), (22, 26), (22, 27), (22, 27)]}, 124)