

CBSS-C STATS
starts:[683, 348, 698, 350, 854]
targets:[765, 859, 965, 846, 319, 91, 969, 866, 164, 565, 303, 567, 304, 199, 461, 462, 953, 38, 442, 215]
dests:[824, 639, 989, 618, 1014]
ac_dict:{765: {0, 1}, 859: {1, 2}, 965: {2, 3}, 846: {3, 4}, 824: {0}, 639: {1}, 989: {2}, 618: {3}, 1014: {4}}
clusters:[12  7  0 15  8  1 10 17 18  2  4  3 11 16 13 14 19  6  5  9]

round: 3
best_g_value: 230.0
open_list_size: 6
num_low_level_expanded: 3166
search_success: 1
search_time: 23.820768788005807
n_tsp_call: 64
n_tsp_time: 23.39402933495876
n_roots: 3
num_conflicts: 4
target_assignment: {215: 3, 304: 3, 303: 3, 199: 3, 38: 3, 164: 3, 461: 3, 462: 3, 565: 3, 567: 3, 846: 3, 969: 3, 965: 3, 866: 3, 859: 2, 953: 2, 319: 1, 91: 1, 442: 1, 765: 1}
cluster_target_selection: {9: 215, 11: 304, 4: 303, 16: 199, 6: 38, 18: 164, 13: 461, 14: 462, 2: 565, 3: 567, 15: 846, 10: 969, 0: 965, 17: 866, 7: 859, 19: 953, 8: 319, 1: 91, 5: 442, 12: 765}
num_nodes_transformed_graph: 54
agent_paths:({0: [(11, 21), (11, 22), (11, 23), (12, 23), (13, 23), (14, 23), (15, 23), (15, 22), (16, 22), (17, 22), (17, 23), (17, 24), (17, 25), (18, 25), (19, 25), (19, 26), (20, 26), (21, 26), (21, 25), (22, 25), (23, 25), (24, 25), (24, 25)], 1: [(28, 10), (29, 10), (29, 9), (30, 9), (31, 9), (31, 8), (31, 7), (30, 7), (29, 7), (29, 6), (28, 6), (27, 6), (27, 5), (27, 4), (27, 3), (27, 2), (27, 3), (27, 4), (27, 5), (26, 5), (26, 6), (26, 7), (25, 7), (25, 8), (25, 9), (26, 9), (26, 10), (26, 11), (27, 11), (27, 12), (27, 13), (26, 13), (27, 13), (27, 14), (27, 15), (27, 16), (27, 17), (27, 18), (27, 19), (27, 20), (27, 21), (27, 22), (27, 23), (28, 23), (29, 23), (29, 22), (29, 21), (30, 21), (31, 21), (31, 20), (31, 19), (31, 19)], 2: [(26, 21), (27, 21), (27, 22), (27, 23), (27, 24), (27, 25), (27, 26), (27, 27), (27, 28), (27, 29), (26, 29), (25, 29), (26, 29), (27, 29), (27, 30), (27, 31), (28, 31), (29, 31), (29, 30), (29, 30)], 3: [(30, 10), (30, 10), (29, 10), (28, 10), (27, 10), (26, 10), (25, 10), (25, 9), (24, 9), (23, 9), (23, 8), (23, 7), (23, 6), (22, 6), (21, 6), (21, 7), (20, 7), (19, 7), (18, 7), (18, 8), (18, 9), (17, 9), (16, 9), (15, 9), (14, 9), (14, 8), (14, 7), (13, 7), (13, 6), (13, 5), (12, 5), (11, 5), (10, 5), (9, 5), (9, 6), (8, 6), (7, 6), (6, 6), (6, 5), (6, 4), (6, 3), (6, 2), (6, 1), (6, 2), (6, 3), (6, 4), (6, 5), (5, 5), (4, 5), (5, 5), (6, 5), (6, 6), (6, 7), (6, 8), (6, 9), (7, 9), (8, 9), (9, 9), (9, 10), (9, 11), (9, 12), (9, 13), (10, 13), (11, 13), (11, 14), (12, 14), (13, 14), (14, 14), (15, 14), (16, 14), (17, 14), (18, 14), (18, 15), (18, 16), (18, 17), (19, 17), (20, 17), (21, 17), (22, 17), (23, 17), (22, 17), (22, 18), (22, 19), (22, 20), (22, 21), (21, 21), (20, 21), (19, 21), (18, 21), (17, 21), (17, 22), (16, 22), (15, 22), (15, 23), (15, 24), (15, 25), (14, 25), (14, 26), (13, 26), (13, 27), (12, 27), (11, 27), (10, 27), (10, 28), (10, 29), (9, 29), (9, 30), (8, 30), (7, 30), (6, 30), (5, 30), (4, 30), (3, 30), (3, 29), (3, 28), (3, 27), (2, 27), (2, 26), (2, 25), (1, 25), (1, 24), (1, 23), (1, 22), (2, 22), (3, 22), (4, 22), (5, 22), (5, 21), (6, 21), (7, 21), (8, 21), (9, 21), (9, 20), (9, 19), (10, 19), (10, 19)], 4: [(22, 26), (22, 27), (23, 27), (23, 28), (23, 29), (22, 29), (22, 30), (22, 31), (22, 31)]}, 134)