

CBSS-C STATS
starts:[65, 729]
targets:[717, 518, 490, 939, 227, 219, 698, 1017, 838, 621]
dests:[1020, 347]
ac_dict:{717: {0, 1}, 1020: {0}, 347: {1}}
clusters:[1 2 7 5 9 8 0 4 3 6]

round: 1
best_g_value: 164.0
open_list_size: 0
num_low_level_expanded: 422
search_success: 1
search_time: 0.015473391991690733
n_tsp_call: 1
n_tsp_time: 0.0035138759994879365
n_roots: 1
num_conflicts: 0
target_assignment: {227: 0, 490: 0, 518: 0, 838: 0, 939: 0, 717: 0, 1017: 0, 698: 1, 621: 1, 219: 1}
cluster_target_selection: {9: 227, 7: 490, 2: 518, 3: 838, 5: 939, 1: 717, 4: 1017, 0: 698, 6: 621, 8: 219}
num_nodes_transformed_graph: 14
agent_paths:({0: [(1, 2), (2, 2), (3, 2), (3, 3), (3, 4), (3, 5), (3, 6), (3, 7), (3, 6), (3, 5), (4, 5), (5, 5), (6, 5), (6, 6), (6, 7), (6, 8), (6, 9), (7, 9), (8, 9), (9, 9), (9, 10), (9, 11), (9, 12), (9, 13), (10, 13), (10, 14), (10, 15), (9, 15), (9, 14), (9, 13), (8, 13), (7, 13), (6, 13), (6, 14), (6, 15), (6, 16), (6, 17), (6, 18), (6, 19), (5, 19), (4, 19), (3, 19), (2, 19), (2, 20), (2, 21), (2, 22), (2, 23), (1, 23), (1, 24), (1, 25), (2, 25), (3, 25), (3, 26), (4, 26), (5, 26), (6, 26), (5, 26), (4, 26), (3, 26), (3, 27), (3, 28), (3, 29), (3, 30), (4, 30), (5, 30), (6, 30), (7, 30), (8, 30), (9, 30), (9, 29), (10, 29), (11, 29), (10, 29), (10, 28), (10, 27), (10, 26), (10, 25), (11, 25), (11, 24), (11, 23), (12, 23), (13, 23), (13, 22), (14, 22), (15, 22), (16, 22), (17, 22), (17, 23), (17, 24), (17, 25), (18, 25), (19, 25), (19, 26), (20, 26), (21, 26), (22, 26), (23, 26), (23, 27), (23, 28), (23, 29), (23, 30), (23, 31), (24, 31), (25, 31), (26, 31), (27, 31), (28, 31), (28, 31)], 1: [(25, 22), (25, 21), (26, 21), (27, 21), (27, 20), (27, 19), (26, 19), (25, 19), (25, 18), (24, 18), (23, 18), (22, 18), (21, 18), (21, 17), (20, 17), (19, 17), (18, 17), (17, 17), (17, 18), (16, 18), (15, 18), (14, 18), (13, 18), (13, 19), (13, 18), (14, 18), (15, 18), (16, 18), (17, 18), (17, 17), (18, 17), (18, 16), (18, 15), (18, 14), (18, 13), (18, 12), (18, 11), (19, 11), (20, 11), (21, 11), (21, 10), (21, 9), (22, 9), (23, 9), (24, 9), (25, 9), (25, 8), (25, 7), (25, 6), (26, 6), (27, 6), (27, 7), (26, 7), (25, 7), (25, 8), (25, 9), (26, 9), (27, 9), (27, 10), (27, 10)]}, 106)