

CBSS-C STATS
starts:[21, 244, 597, 691, 1007]
targets:[217, 427, 296, 422, 490, 473, 349, 681, 57, 876, 463, 570, 993, 933, 590, 783, 989, 685, 74, 762]
dests:[246, 592, 821, 518, 869]
ac_dict:{217: {0, 1}, 427: {1, 2}, 296: {2, 3}, 422: {3, 4}, 246: {0}, 592: {1}, 821: {2}, 518: {3}, 869: {4}}
clusters:[5 7 9 2 5 3 2 8 5 3 1 9 4 6 1 5 9 4 8 0]

round: 1
best_g_value: 140.0
open_list_size: 0
num_low_level_expanded: 289
search_success: 1
search_time: 0.19874580018222332
n_tsp_call: 1
n_tsp_time: 0.1792613510042429
n_roots: 1
num_conflicts: 0
target_assignment: {217: 0, 427: 1, 463: 1, 570: 2, 762: 2, 685: 3, 681: 3, 422: 3, 876: 4, 933: 4}
cluster_target_selection: {5: 217, 7: 427, 1: 463, 9: 570, 0: 762, 4: 685, 8: 681, 2: 422, 3: 876, 6: 933}
num_nodes_transformed_graph: 51
agent_paths:({0: [(21, 0), (21, 1), (22, 1), (23, 1), (23, 2), (23, 3), (24, 3), (25, 3), (26, 3), (27, 3), (27, 4), (27, 5), (26, 5), (25, 5), (25, 6), (25, 7), (25, 8), (25, 9), (24, 9), (23, 9), (23, 8), (23, 7), (22, 7), (22, 7)], 1: [(20, 7), (19, 7), (18, 7), (18, 8), (18, 9), (18, 10), (18, 11), (18, 12), (18, 13), (17, 13), (17, 14), (16, 14), (15, 14), (14, 14), (13, 14), (12, 14), (11, 14), (11, 13), (11, 14), (12, 14), (13, 14), (14, 14), (15, 14), (16, 14), (17, 14), (17, 15), (18, 15), (18, 16), (18, 17), (17, 17), (17, 18), (16, 18), (16, 18)], 2: [(21, 18), (22, 18), (23, 18), (24, 18), (25, 18), (25, 17), (26, 17), (26, 18), (26, 19), (27, 19), (27, 20), (27, 21), (26, 21), (26, 22), (26, 23), (27, 23), (27, 24), (27, 25), (26, 25), (25, 25), (24, 25), (23, 25), (22, 25), (21, 25), (21, 25)], 3: [(19, 21), (18, 21), (17, 21), (17, 22), (16, 22), (15, 22), (14, 22), (13, 22), (13, 21), (13, 22), (13, 23), (12, 23), (11, 23), (10, 23), (9, 23), (9, 22), (9, 21), (9, 20), (9, 19), (9, 18), (8, 18), (7, 18), (6, 18), (6, 17), (6, 16), (6, 15), (6, 14), (6, 13), (6, 14), (6, 15), (6, 16), (6, 16)], 4: [(15, 31), (16, 31), (17, 31), (17, 30), (17, 29), (18, 29), (18, 28), (18, 27), (17, 27), (16, 27), (15, 27), (14, 27), (13, 27), (12, 27), (11, 27), (10, 27), (10, 28), (10, 29), (9, 29), (9, 30), (8, 30), (7, 30), (6, 30), (5, 30), (5, 29), (5, 30), (4, 30), (3, 30), (3, 29), (3, 28), (3, 27), (3, 26), (4, 26), (5, 26), (5, 27), (5, 27)]}, 34)