

CBSS-C STATS
starts:[93, 1022]
targets:[707, 310, 466, 837, 347, 581, 246, 230, 758, 69]
dests:[114, 461]
ac_dict:{707: {0, 1}, 114: {0}, 461: {1}}
clusters:[5 2 8 4 0 7 1 9 3 6]

round: 1
best_g_value: 156.0
open_list_size: 0
num_low_level_expanded: 374
search_success: 1
search_time: 0.0394054720090935
n_tsp_call: 1
n_tsp_time: 0.027583875998971052
n_roots: 1
num_conflicts: 0
target_assignment: {758: 1, 707: 1, 837: 1, 581: 1, 230: 1, 69: 1, 246: 1, 347: 1, 310: 1, 466: 1}
cluster_target_selection: {3: 758, 5: 707, 4: 837, 7: 581, 9: 230, 6: 69, 1: 246, 0: 347, 2: 310, 8: 466}
num_nodes_transformed_graph: 14
agent_paths:({0: [(29, 2), (28, 2), (27, 2), (26, 2), (25, 2), (25, 3), (24, 3), (23, 3), (22, 3), (21, 3), (21, 2), (21, 1), (20, 1), (19, 1), (18, 1), (18, 2), (18, 3), (18, 3)], 1: [(30, 31), (29, 31), (28, 31), (27, 31), (26, 31), (25, 31), (24, 31), (23, 31), (23, 30), (23, 29), (23, 28), (23, 27), (23, 26), (23, 25), (23, 24), (23, 23), (22, 23), (21, 23), (21, 22), (21, 21), (20, 21), (19, 21), (18, 21), (17, 21), (17, 22), (16, 22), (15, 22), (14, 22), (13, 22), (13, 23), (12, 23), (11, 23), (10, 23), (9, 23), (9, 22), (9, 21), (8, 21), (7, 21), (6, 21), (5, 21), (5, 22), (4, 22), (3, 22), (3, 23), (2, 23), (1, 23), (1, 24), (1, 25), (2, 25), (3, 25), (3, 26), (4, 26), (5, 26), (4, 26), (3, 26), (3, 25), (2, 25), (1, 25), (1, 24), (1, 23), (1, 22), (1, 21), (2, 21), (2, 20), (2, 19), (3, 19), (4, 19), (5, 19), (5, 18), (5, 17), (6, 17), (6, 16), (6, 15), (6, 14), (6, 13), (5, 13), (5, 12), (5, 11), (5, 10), (5, 9), (6, 9), (6, 8), (6, 7), (6, 6), (6, 5), (6, 4), (6, 3), (5, 3), (5, 2), (6, 2), (6, 3), (6, 4), (6, 5), (7, 5), (7, 6), (8, 6), (9, 6), (10, 6), (11, 6), (11, 5), (12, 5), (13, 5), (14, 5), (15, 5), (16, 5), (17, 5), (18, 5), (19, 5), (19, 6), (19, 7), (20, 7), (21, 7), (22, 7), (23, 7), (23, 8), (23, 9), (24, 9), (25, 9), (26, 9), (27, 9), (27, 10), (26, 10), (25, 10), (25, 9), (24, 9), (23, 9), (22, 9), (21, 9), (21, 10), (21, 11), (20, 11), (19, 11), (18, 11), (18, 12), (18, 13), (18, 14), (17, 14), (16, 14), (15, 14), (14, 14), (13, 14), (13, 14)]}, 140)