

CBSS-C STATS
starts:[923, 302, 314]
targets:[1015, 102, 402, 411, 613, 839, 953, 382, 475, 785, 333, 114, 289, 217, 85]
dests:[189, 1006, 626]
ac_dict:{1015: {0, 1}, 102: {1, 2}, 189: {0}, 1006: {1}, 626: {2}}
clusters:[14  6 12  0  4  3  5  2 11 13  9  7  1  8 10]

round: 1
best_g_value: 199.0
open_list_size: 0
num_low_level_expanded: 477
search_success: 1
search_time: 0.09161650598980486
n_tsp_call: 1
n_tsp_time: 0.06860534400038887
n_roots: 1
num_conflicts: 0
target_assignment: {1015: 0, 953: 0, 475: 0, 411: 0, 382: 0, 333: 1, 85: 1, 114: 1, 102: 1, 289: 1, 613: 1, 839: 1, 785: 1, 217: 2, 402: 2}
cluster_target_selection: {14: 1015, 5: 953, 11: 475, 0: 411, 2: 382, 9: 333, 10: 85, 7: 114, 6: 102, 1: 289, 4: 613, 3: 839, 13: 785, 8: 217, 12: 402}
num_nodes_transformed_graph: 27
agent_paths:({0: [(27, 28), (27, 29), (26, 29), (25, 29), (25, 30), (25, 31), (24, 31), (23, 31), (24, 31), (25, 31), (25, 30), (25, 29), (26, 29), (27, 29), (27, 28), (27, 27), (27, 26), (27, 25), (27, 24), (27, 23), (27, 22), (27, 21), (27, 20), (27, 19), (27, 18), (27, 17), (27, 16), (27, 15), (27, 14), (27, 13), (27, 12), (27, 11), (27, 10), (28, 10), (29, 10), (30, 10), (30, 11), (30, 10), (30, 9), (31, 9), (31, 8), (31, 7), (30, 7), (29, 7), (29, 6), (29, 5), (29, 5)], 1: [(14, 9), (13, 9), (13, 10), (13, 9), (14, 9), (14, 8), (14, 7), (14, 6), (14, 5), (14, 4), (14, 3), (14, 2), (15, 2), (16, 2), (17, 2), (18, 2), (19, 2), (19, 1), (20, 1), (21, 1), (21, 2), (21, 1), (20, 1), (19, 1), (18, 1), (18, 2), (18, 3), (17, 3), (17, 2), (16, 2), (15, 2), (14, 2), (13, 2), (13, 3), (12, 3), (11, 3), (10, 3), (9, 3), (9, 2), (9, 1), (8, 1), (7, 1), (6, 1), (6, 2), (6, 3), (6, 4), (6, 5), (6, 6), (6, 7), (6, 8), (6, 9), (5, 9), (5, 10), (4, 10), (3, 10), (2, 10), (1, 10), (1, 9), (2, 9), (3, 9), (3, 10), (4, 10), (5, 10), (5, 11), (5, 12), (5, 13), (5, 14), (5, 15), (6, 15), (6, 16), (6, 17), (5, 17), (5, 18), (5, 19), (4, 19), (3, 19), (2, 19), (2, 20), (2, 21), (2, 22), (2, 23), (1, 23), (1, 24), (1, 25), (2, 25), (3, 25), (3, 26), (4, 26), (5, 26), (6, 26), (7, 26), (6, 26), (5, 26), (4, 26), (3, 26), (3, 27), (3, 28), (3, 29), (3, 30), (4, 30), (5, 30), (6, 30), (7, 30), (8, 30), (9, 30), (9, 29), (10, 29), (10, 28), (10, 27), (11, 27), (12, 27), (13, 27), (14, 27), (15, 27), (16, 27), (17, 27), (17, 26), (17, 25), (17, 24), (17, 25), (17, 26), (17, 27), (18, 27), (18, 28), (18, 29), (17, 29), (17, 30), (17, 31), (16, 31), (15, 31), (14, 31), (14, 31)], 2: [(26, 9), (25, 9), (25, 8), (25, 7), (25, 6), (25, 7), (25, 8), (25, 9), (24, 9), (23, 9), (22, 9), (21, 9), (21, 10), (21, 11), (20, 11), (19, 11), (18, 11), (18, 12), (18, 13), (18, 14), (18, 15), (18, 16), (18, 17), (18, 18), (18, 19), (18, 19)]}, 130)