

CBSS-C STATS
starts:[607, 246]
targets:[633, 725, 830, 89, 592, 353, 879, 37, 687, 1022]
dests:[626, 993]
ac_dict:{633: {0, 1}, 626: {0}, 993: {1}}
clusters:[3 7 4 2 0 1 8 9 6 5]

round: 1
best_g_value: 169.0
open_list_size: 0
num_low_level_expanded: 392
search_success: 1
search_time: 0.022087680001277477
n_tsp_call: 1
n_tsp_time: 0.0076242729992372915
n_roots: 1
num_conflicts: 0
target_assignment: {830: 0, 1022: 0, 879: 0, 687: 0, 725: 0, 633: 0, 592: 0, 89: 1, 37: 1, 353: 1}
cluster_target_selection: {4: 830, 5: 1022, 8: 879, 6: 687, 7: 725, 3: 633, 0: 592, 2: 89, 9: 37, 1: 353}
num_nodes_transformed_graph: 24
agent_paths:({0: [(31, 18), (31, 19), (31, 20), (31, 21), (30, 21), (30, 22), (30, 23), (30, 24), (30, 25), (30, 26), (30, 27), (31, 27), (31, 28), (31, 29), (30, 29), (30, 30), (30, 31), (29, 31), (28, 31), (27, 31), (26, 31), (25, 31), (24, 31), (23, 31), (22, 31), (21, 31), (20, 31), (19, 31), (18, 31), (18, 30), (18, 29), (18, 28), (18, 27), (17, 27), (16, 27), (15, 27), (15, 26), (15, 25), (15, 24), (15, 23), (15, 22), (15, 21), (15, 22), (16, 22), (17, 22), (18, 22), (19, 22), (19, 21), (20, 21), (21, 21), (21, 22), (21, 21), (22, 21), (22, 20), (22, 19), (23, 19), (23, 18), (24, 18), (25, 18), (25, 19), (25, 18), (24, 18), (23, 18), (22, 18), (21, 18), (21, 17), (20, 17), (19, 17), (18, 17), (17, 17), (17, 18), (16, 18), (17, 18), (18, 18), (18, 19), (18, 19)], 1: [(22, 7), (23, 7), (23, 8), (23, 9), (24, 9), (25, 9), (25, 8), (25, 7), (25, 6), (25, 5), (26, 5), (27, 5), (27, 4), (27, 3), (26, 3), (25, 3), (25, 2), (25, 3), (24, 3), (23, 3), (22, 3), (21, 3), (21, 2), (21, 1), (20, 1), (19, 1), (18, 1), (17, 1), (17, 2), (16, 2), (15, 2), (14, 2), (13, 2), (13, 3), (12, 3), (11, 3), (10, 3), (9, 3), (9, 2), (9, 1), (8, 1), (7, 1), (6, 1), (5, 1), (5, 2), (5, 3), (6, 3), (6, 4), (6, 5), (6, 6), (6, 7), (6, 8), (6, 9), (5, 9), (5, 10), (4, 10), (3, 10), (2, 10), (1, 10), (1, 11), (1, 10), (2, 10), (3, 10), (4, 10), (5, 10), (5, 11), (5, 12), (5, 13), (5, 14), (5, 15), (6, 15), (6, 16), (6, 17), (5, 17), (5, 18), (5, 19), (4, 19), (3, 19), (2, 19), (2, 20), (2, 21), (1, 21), (1, 22), (1, 23), (1, 24), (1, 25), (1, 26), (1, 27), (2, 27), (3, 27), (3, 28), (3, 29), (2, 29), (1, 29), (1, 30), (1, 31), (1, 31)]}, 95)