

CBSS-C STATS
starts:[433, 121, 708, 58, 682]
targets:[751, 691, 699, 279, 383, 867, 103, 675, 891, 987, 297, 1018, 192, 181, 725, 945, 877, 1012, 165, 1020]
dests:[841, 163, 495, 604, 1014]
ac_dict:{751: {0, 1}, 691: {1, 2}, 699: {2, 3}, 279: {3, 4}, 841: {0}, 163: {1}, 495: {2}, 604: {3}, 1014: {4}}
clusters:[8 3 4 4 2 5 2 8 0 1 7 4 1 6 9 8 8 9 8 9]

round: 1
best_g_value: 190.0
open_list_size: 0
num_low_level_expanded: 528
search_success: 1
search_time: 0.8274760846979916
n_tsp_call: 1
n_tsp_time: 0.800012590829283
n_roots: 1
num_conflicts: 0
target_assignment: {383: 3, 867: 2, 877: 2, 691: 2, 725: 4, 891: 4, 987: 4, 1018: 4, 181: 1, 297: 1}
cluster_target_selection: {2: 383, 5: 867, 8: 877, 3: 691, 9: 725, 0: 891, 1: 987, 4: 1018, 6: 181, 7: 297}
num_nodes_transformed_graph: 52
agent_paths:({0: [(17, 13), (17, 14), (16, 14), (15, 14), (14, 14), (13, 14), (12, 14), (11, 14), (11, 15), (11, 16), (11, 17), (10, 17), (9, 17), (9, 18), (9, 19), (9, 20), (9, 21), (9, 22), (9, 23), (10, 23), (11, 23), (11, 24), (11, 25), (10, 25), (9, 25), (9, 26), (9, 26)], 1: [(25, 3), (26, 3), (27, 3), (27, 4), (27, 5), (26, 5), (25, 5), (25, 6), (25, 7), (25, 8), (25, 9), (24, 9), (23, 9), (23, 8), (23, 7), (22, 7), (21, 7), (21, 6), (21, 5), (21, 6), (21, 7), (20, 7), (19, 7), (18, 7), (18, 8), (18, 9), (17, 9), (16, 9), (15, 9), (14, 9), (13, 9), (13, 10), (13, 11), (12, 11), (11, 11), (10, 11), (9, 11), (9, 10), (9, 9), (8, 9), (7, 9), (6, 9), (6, 8), (6, 7), (5, 7), (5, 6), (5, 5), (4, 5), (3, 5), (3, 5)], 2: [(4, 22), (3, 22), (3, 23), (2, 23), (1, 23), (1, 24), (1, 25), (2, 25), (3, 25), (3, 26), (3, 27), (3, 28), (3, 29), (3, 30), (4, 30), (5, 30), (6, 30), (7, 30), (8, 30), (9, 30), (9, 29), (10, 29), (10, 28), (10, 27), (11, 27), (12, 27), (13, 27), (13, 26), (13, 25), (14, 25), (15, 25), (15, 24), (15, 23), (15, 22), (16, 22), (17, 22), (17, 21), (18, 21), (19, 21), (20, 21), (21, 21), (22, 21), (22, 20), (22, 19), (21, 19), (21, 18), (21, 17), (20, 17), (19, 17), (18, 17), (18, 16), (18, 15), (17, 15), (17, 14), (16, 14), (15, 14), (15, 15), (15, 15)], 3: [(26, 1), (27, 1), (27, 2), (28, 2), (29, 2), (30, 2), (30, 3), (30, 4), (30, 5), (31, 5), (31, 6), (31, 7), (31, 8), (31, 9), (31, 10), (31, 11), (31, 12), (31, 13), (31, 14), (31, 15), (31, 16), (31, 17), (30, 17), (29, 17), (29, 18), (28, 18), (28, 18)], 4: [(10, 21), (11, 21), (11, 22), (11, 23), (12, 23), (13, 23), (13, 22), (14, 22), (15, 22), (16, 22), (17, 22), (18, 22), (19, 22), (19, 21), (20, 21), (21, 21), (21, 22), (22, 22), (23, 22), (23, 23), (23, 24), (23, 25), (24, 25), (25, 25), (26, 25), (27, 25), (27, 26), (27, 27), (27, 28), (27, 29), (27, 30), (26, 30), (26, 31), (25, 31), (24, 31), (23, 31), (22, 31), (22, 31)]}, 56)