

CBSS-C STATS
starts:[455, 222, 629, 855, 372]
targets:[974, 1013, 567, 433, 564, 262, 939, 171, 877, 251]
dests:[327, 1020, 685, 234, 45]
ac_dict:{974: {0, 1}, 1013: {1, 2}, 567: {2, 3}, 433: {3, 4}, 327: {0}, 1020: {1}, 685: {2}, 234: {3}, 45: {4}}
clusters:[1 0 0 1 0 1 0 0 1 0]

round: 1
best_g_value: 108.0
open_list_size: 0
num_low_level_expanded: 303
search_success: 1
search_time: 0.20674378192052245
n_tsp_call: 1
n_tsp_time: 0.19478218397125602
n_roots: 1
num_conflicts: 0
target_assignment: {433: 3, 171: 3}
cluster_target_selection: {1: 433, 0: 171}
num_nodes_transformed_graph: 48
agent_paths:({0: [(7, 14), (7, 13), (6, 13), (5, 13), (5, 12), (5, 11), (5, 10), (6, 10), (7, 10), (7, 10)], 1: [(30, 6), (30, 7), (31, 7), (31, 8), (31, 9), (31, 10), (31, 11), (31, 12), (31, 13), (31, 14), (31, 15), (31, 16), (31, 17), (31, 18), (31, 19), (31, 20), (31, 21), (30, 21), (30, 22), (30, 23), (30, 24), (30, 25), (30, 26), (30, 27), (31, 27), (31, 28), (31, 29), (30, 29), (29, 29), (29, 30), (29, 31), (28, 31), (28, 31)], 2: [(21, 19), (22, 19), (22, 20), (22, 21), (21, 21), (20, 21), (19, 21), (18, 21), (17, 21), (17, 22), (16, 22), (15, 22), (14, 22), (13, 22), (13, 21), (13, 21)], 3: [(23, 26), (23, 25), (23, 24), (23, 23), (22, 23), (22, 22), (22, 21), (22, 20), (22, 19), (21, 19), (21, 18), (21, 17), (20, 17), (19, 17), (18, 17), (18, 16), (18, 15), (17, 15), (17, 14), (17, 13), (18, 13), (18, 12), (18, 11), (17, 11), (17, 10), (17, 9), (16, 9), (15, 9), (14, 9), (14, 8), (14, 7), (13, 7), (13, 6), (13, 5), (12, 5), (11, 5), (10, 5), (10, 6), (10, 7), (10, 7)], 4: [(20, 11), (19, 11), (18, 11), (17, 11), (17, 10), (17, 9), (16, 9), (15, 9), (14, 9), (14, 8), (14, 7), (14, 6), (14, 5), (14, 4), (14, 3), (13, 3), (13, 2), (13, 1), (13, 1)]}, 38)