

CBSS-C STATS
starts:[505, 314, 103, 473, 192]
targets:[114, 622, 1017, 627, 418, 58, 221, 231, 889, 691, 730, 1002, 971, 187, 54, 181, 686, 597, 978, 297]
dests:[941, 486, 755, 964, 9]
ac_dict:{114: {0, 1}, 622: {1, 2}, 1017: {2, 3}, 627: {3, 4}, 941: {0}, 486: {1}, 755: {2}, 964: {3}, 9: {4}}
clusters:[ 2  5 13 16 17  8 18  0  1 12 19 15 11  7 10 14  6  3  9  4]

round: 1
best_g_value: 292.0
open_list_size: 0
num_low_level_expanded: 851
search_success: 1
search_time: 0.7499931719939923
n_tsp_call: 1
n_tsp_time: 0.7090460550098214
n_roots: 1
num_conflicts: 0
target_assignment: {730: 0, 978: 0, 231: 2, 297: 2, 622: 2, 691: 2, 181: 1, 221: 1, 187: 1, 58: 1, 54: 1, 114: 1, 418: 1, 597: 3, 627: 3, 889: 3, 1017: 3, 686: 3, 1002: 3, 971: 3}
cluster_target_selection: {19: 730, 9: 978, 0: 231, 4: 297, 5: 622, 12: 691, 14: 181, 18: 221, 7: 187, 8: 58, 10: 54, 2: 114, 17: 418, 3: 597, 16: 627, 1: 889, 13: 1017, 6: 686, 15: 1002, 11: 971}
num_nodes_transformed_graph: 52
agent_paths:({0: [(25, 15), (26, 15), (27, 15), (27, 16), (27, 17), (27, 18), (27, 19), (27, 20), (27, 21), (26, 21), (26, 22), (26, 23), (27, 23), (27, 24), (27, 25), (26, 25), (25, 25), (24, 25), (23, 25), (22, 25), (21, 25), (21, 26), (20, 26), (19, 26), (18, 26), (18, 27), (18, 28), (18, 29), (18, 30), (17, 30), (17, 31), (16, 31), (15, 31), (14, 31), (13, 31), (13, 30), (13, 29), (13, 29)], 1: [(26, 9), (25, 9), (24, 9), (23, 9), (23, 8), (23, 7), (22, 7), (21, 7), (21, 6), (21, 5), (22, 5), (23, 5), (23, 6), (23, 7), (23, 8), (23, 9), (24, 9), (25, 9), (25, 8), (25, 7), (25, 6), (26, 6), (27, 6), (28, 6), (29, 6), (28, 6), (27, 6), (27, 5), (27, 4), (27, 3), (26, 3), (26, 2), (26, 1), (25, 1), (25, 2), (25, 3), (24, 3), (23, 3), (22, 3), (22, 2), (22, 1), (21, 1), (20, 1), (19, 1), (18, 1), (18, 2), (18, 3), (17, 3), (17, 2), (16, 2), (15, 2), (14, 2), (14, 3), (14, 4), (14, 5), (14, 6), (14, 7), (14, 8), (14, 9), (13, 9), (13, 10), (13, 11), (12, 11), (11, 11), (10, 11), (9, 11), (9, 12), (9, 13), (8, 13), (7, 13), (6, 13), (6, 14), (6, 15), (6, 16), (6, 17), (5, 17), (5, 18), (5, 19), (4, 19), (3, 19), (2, 19), (2, 18), (2, 17), (2, 16), (2, 15), (2, 14), (2, 13), (2, 14), (2, 15), (2, 16), (2, 17), (3, 17), (3, 18), (3, 19), (4, 19), (5, 19), (5, 18), (5, 17), (6, 17), (6, 16), (6, 15), (6, 15)], 2: [(7, 3), (6, 3), (6, 4), (6, 5), (7, 5), (7, 6), (7, 7), (6, 7), (6, 8), (6, 9), (7, 9), (8, 9), (9, 9), (9, 10), (9, 11), (9, 12), (9, 13), (10, 13), (11, 13), (11, 14), (12, 14), (13, 14), (14, 14), (15, 14), (16, 14), (17, 14), (17, 15), (18, 15), (18, 16), (18, 17), (17, 17), (17, 18), (16, 18), (15, 18), (14, 18), (14, 19), (15, 19), (15, 18), (16, 18), (17, 18), (18, 18), (19, 18), (19, 17), (20, 17), (21, 17), (21, 18), (21, 19), (22, 19), (22, 20), (22, 21), (21, 21), (20, 21), (19, 21), (19, 22), (19, 23), (19, 23)], 3: [(25, 14), (25, 15), (26, 15), (27, 15), (27, 16), (27, 17), (26, 17), (25, 17), (25, 18), (24, 18), (23, 18), (22, 18), (21, 18), (21, 17), (20, 17), (19, 17), (19, 18), (19, 19), (19, 18), (19, 17), (20, 17), (21, 17), (22, 17), (22, 18), (22, 19), (22, 20), (22, 21), (23, 21), (23, 22), (23, 23), (23, 24), (23, 25), (24, 25), (25, 25), (25, 26), (25, 27), (26, 27), (27, 27), (27, 28), (27, 29), (26, 29), (25, 29), (25, 30), (25, 31), (24, 31), (23, 31), (22, 31), (21, 31), (20, 31), (19, 31), (18, 31), (18, 30), (18, 29), (18, 28), (18, 27), (17, 27), (16, 27), (15, 27), (15, 26), (15, 25), (15, 24), (15, 23), (14, 23), (14, 22), (14, 21), (13, 21), (13, 22), (13, 23), (12, 23), (11, 23), (11, 24), (11, 25), (10, 25), (10, 26), (10, 27), (10, 28), (10, 29), (10, 30), (10, 31), (10, 30), (11, 30), (10, 30), (9, 30), (8, 30), (7, 30), (6, 30), (5, 30), (4, 30), (4, 30)], 4: [(0, 6), (1, 6), (1, 5), (2, 5), (3, 5), (4, 5), (5, 5), (6, 5), (6, 4), (6, 3), (6, 2), (6, 1), (7, 1), (8, 1), (9, 1), (9, 0), (9, 0)]}, 100)