

CBSS-C STATS
starts:[242, 757, 109, 841, 361, 351, 545, 933, 738, 711]
targets:[638, 561, 365, 611, 1015, 577, 423, 877, 445, 824]
dests:[348, 454, 817, 743, 1008, 1016, 67, 205, 331, 310]
ac_dict:{638: {0, 1}, 561: {1, 2}, 365: {2, 3}, 611: {3, 4}, 1015: {4, 5}, 577: {5, 6}, 423: {6, 7}, 877: {8, 7}, 445: {8, 9}, 348: {0}, 454: {1}, 817: {2}, 743: {3}, 1008: {4}, 1016: {5}, 67: {6}, 205: {7}, 331: {8}, 310: {9}}
clusters:[4 0 1 2 4 2 3 1 0 2]

round: 6
best_g_value: 286.0
open_list_size: 3
num_low_level_expanded: 2060
search_success: 1
search_time: 3.282438764348626
n_tsp_call: 13
n_tsp_time: 2.6360431206412613
n_roots: 1
num_conflicts: 5
target_assignment: {561: 2, 877: 7, 1015: 5, 577: 6, 423: 6}
cluster_target_selection: {0: 561, 1: 877, 4: 1015, 2: 577, 3: 423}
num_nodes_transformed_graph: 48
agent_paths:({0: [(18, 7), (19, 7), (20, 7), (21, 7), (22, 7), (23, 7), (23, 8), (23, 9), (24, 9), (25, 9), (26, 9), (27, 9), (27, 10), (28, 10), (28, 10)], 1: [(21, 23), (21, 22), (21, 21), (20, 21), (19, 21), (18, 21), (17, 21), (17, 22), (16, 22), (15, 22), (14, 22), (13, 22), (13, 23), (12, 23), (11, 23), (10, 23), (9, 23), (9, 22), (9, 21), (9, 20), (9, 19), (9, 18), (8, 18), (7, 18), (6, 18), (6, 17), (6, 16), (6, 15), (6, 14), (6, 14)], 2: [(13, 3), (14, 3), (14, 4), (14, 5), (14, 6), (14, 7), (14, 8), (14, 9), (15, 9), (16, 9), (17, 9), (17, 10), (17, 11), (18, 11), (18, 12), (18, 13), (18, 14), (18, 15), (18, 16), (18, 17), (17, 17), (18, 17), (19, 17), (20, 17), (21, 17), (21, 18), (21, 19), (22, 19), (22, 20), (22, 21), (21, 21), (20, 21), (19, 21), (18, 21), (17, 21), (17, 22), (17, 23), (17, 24), (17, 25), (17, 25)], 3: [(9, 26), (9, 25), (10, 25), (11, 25), (11, 24), (11, 23), (10, 23), (9, 23), (9, 22), (9, 21), (8, 21), (7, 21), (7, 22), (7, 23), (7, 23)], 4: [(9, 11), (9, 12), (9, 13), (10, 13), (11, 13), (11, 14), (11, 15), (11, 16), (11, 17), (11, 18), (11, 19), (10, 19), (9, 19), (9, 20), (9, 21), (10, 21), (11, 21), (11, 22), (11, 23), (12, 23), (13, 23), (14, 23), (15, 23), (15, 24), (15, 25), (15, 26), (15, 27), (16, 27), (17, 27), (18, 27), (18, 28), (18, 29), (17, 29), (17, 30), (17, 31), (16, 31), (16, 31)], 5: [(31, 10), (30, 10), (29, 10), (28, 10), (27, 10), (27, 11), (27, 12), (27, 13), (27, 14), (27, 15), (27, 16), (27, 17), (27, 18), (27, 19), (27, 20), (27, 21), (27, 22), (27, 23), (27, 24), (27, 25), (26, 25), (25, 25), (24, 25), (23, 25), (23, 26), (23, 27), (23, 28), (23, 29), (23, 30), (23, 31), (24, 31), (24, 31)], 6: [(1, 17), (1, 18), (2, 18), (3, 18), (3, 19), (4, 19), (5, 19), (5, 18), (5, 17), (6, 17), (6, 16), (6, 15), (6, 14), (6, 13), (7, 13), (6, 13), (5, 13), (5, 12), (5, 11), (5, 10), (5, 9), (6, 9), (6, 8), (6, 7), (5, 7), (5, 6), (5, 5), (4, 5), (3, 5), (3, 4), (3, 3), (3, 2), (3, 2)], 7: [(5, 29), (6, 29), (7, 29), (7, 30), (8, 30), (9, 30), (9, 29), (10, 29), (10, 28), (10, 27), (11, 27), (12, 27), (13, 27), (12, 27), (11, 27), (11, 26), (11, 25), (11, 24), (11, 24), (11, 23), (11, 22), (11, 21), (10, 21), (9, 21), (9, 20), (9, 19), (9, 18), (9, 17), (10, 17), (11, 17), (11, 16), (11, 15), (11, 14), (11, 13), (10, 13), (9, 13), (9, 12), (9, 11), (10, 11), (11, 11), (12, 11), (13, 11), (13, 10), (13, 9), (14, 9), (14, 8), (14, 7), (13, 7), (13, 6), (13, 6)], 8: [(2, 23), (2, 22), (2, 21), (2, 20), (2, 19), (3, 19), (4, 19), (5, 19), (5, 18), (5, 17), (6, 17), (6, 16), (6, 15), (6, 14), (7, 14), (7, 13), (8, 13), (9, 13), (9, 12), (9, 11), (9, 10), (10, 10), (11, 10), (11, 10)], 9: [(7, 22), (7, 21), (8, 21), (9, 21), (9, 20), (9, 19), (9, 18), (9, 17), (10, 17), (11, 17), (11, 16), (11, 15), (11, 14), (12, 14), (13, 14), (14, 14), (15, 14), (16, 14), (17, 14), (17, 13), (18, 13), (18, 12), (18, 11), (19, 11), (20, 11), (21, 11), (21, 10), (21, 9), (22, 9), (22, 9)]}, 48)