

CBSS-C STATS
starts:[337, 321, 959]
targets:[382, 462, 373, 743, 247, 698, 307, 127, 914, 55, 503, 389, 79, 811, 997]
dests:[890, 475, 748]
ac_dict:{382: {0, 1}, 462: {1, 2}, 890: {0}, 475: {1}, 748: {2}}
clusters:[ 5 11  4 12  9  0  6 14 10  8  7 13  2  3  1]

round: 1
best_g_value: 189.0
open_list_size: 0
num_low_level_expanded: 406
search_success: 1
search_time: 0.06705920198874082
n_tsp_call: 1
n_tsp_time: 0.04584320499270689
n_roots: 1
num_conflicts: 0
target_assignment: {307: 0, 373: 0, 503: 0, 698: 0, 914: 2, 997: 2, 811: 2, 743: 2, 389: 1, 462: 1, 247: 1, 79: 1, 55: 1, 127: 1, 382: 1}
cluster_target_selection: {6: 307, 4: 373, 7: 503, 0: 698, 10: 914, 1: 997, 3: 811, 12: 743, 13: 389, 11: 462, 9: 247, 2: 79, 8: 55, 14: 127, 5: 382}
num_nodes_transformed_graph: 27
agent_paths:({0: [(17, 10), (17, 9), (18, 9), (19, 9), (19, 10), (19, 11), (20, 11), (21, 11), (22, 11), (22, 12), (22, 13), (23, 13), (23, 14), (23, 15), (22, 15), (22, 16), (22, 17), (23, 17), (23, 18), (24, 18), (25, 18), (26, 18), (26, 19), (27, 19), (27, 20), (27, 21), (26, 21), (26, 22), (26, 23), (27, 23), (27, 24), (27, 25), (26, 25), (26, 26), (26, 27), (26, 27)], 1: [(1, 10), (2, 10), (3, 10), (4, 10), (5, 10), (5, 11), (5, 12), (5, 13), (6, 13), (7, 13), (8, 13), (9, 13), (10, 13), (11, 13), (11, 14), (12, 14), (13, 14), (14, 14), (15, 14), (16, 14), (17, 14), (17, 13), (18, 13), (18, 12), (18, 11), (18, 10), (18, 9), (18, 8), (18, 7), (19, 7), (20, 7), (21, 7), (22, 7), (23, 7), (22, 7), (21, 7), (20, 7), (19, 7), (18, 7), (17, 7), (17, 6), (17, 5), (16, 5), (15, 5), (14, 5), (14, 4), (14, 3), (14, 2), (15, 2), (16, 2), (17, 2), (17, 1), (18, 1), (19, 1), (20, 1), (21, 1), (22, 1), (23, 1), (23, 2), (23, 3), (24, 3), (25, 3), (26, 3), (27, 3), (27, 2), (28, 2), (29, 2), (30, 2), (31, 2), (31, 3), (30, 3), (30, 4), (30, 5), (30, 6), (30, 7), (31, 7), (31, 8), (31, 9), (30, 9), (30, 10), (30, 11), (29, 11), (29, 10), (28, 10), (27, 10), (27, 11), (27, 12), (27, 13), (27, 14), (27, 14)], 2: [(31, 29), (30, 29), (29, 29), (29, 30), (29, 31), (28, 31), (27, 31), (26, 31), (25, 31), (24, 31), (23, 31), (22, 31), (21, 31), (20, 31), (19, 31), (18, 31), (18, 30), (18, 29), (18, 28), (18, 27), (17, 27), (16, 27), (15, 27), (14, 27), (13, 27), (12, 27), (11, 27), (10, 27), (10, 28), (10, 29), (9, 29), (9, 30), (8, 30), (7, 30), (6, 30), (5, 30), (5, 31), (5, 30), (6, 30), (7, 30), (8, 30), (9, 30), (9, 29), (10, 29), (10, 28), (10, 27), (10, 26), (10, 25), (11, 25), (11, 24), (11, 23), (10, 23), (9, 23), (9, 22), (9, 21), (8, 21), (7, 21), (7, 22), (7, 23), (7, 22), (7, 21), (8, 21), (9, 21), (10, 21), (11, 21), (11, 22), (11, 23), (12, 23), (12, 23)]}, 88)