

CBSS-C STATS
starts:[822, 783, 197]
targets:[720, 372, 890, 881, 312, 155, 726, 736, 54, 438, 195, 470, 561, 480, 471]
dests:[974, 162, 667]
ac_dict:{720: {0, 1}, 372: {1, 2}, 974: {0}, 162: {1}, 667: {2}}
clusters:[ 5  4  0  9  8  7  2 11 12 13  1  3  6 10 14]

round: 1
best_g_value: 187.0
open_list_size: 0
num_low_level_expanded: 504
search_success: 1
search_time: 0.10236422398884315
n_tsp_call: 1
n_tsp_time: 0.08197360299527645
n_roots: 1
num_conflicts: 0
target_assignment: {881: 0, 54: 2, 155: 2, 312: 2, 372: 2, 438: 2, 470: 2, 471: 2, 726: 2, 890: 2, 720: 1, 561: 1, 480: 1, 736: 1, 195: 1}
cluster_target_selection: {9: 881, 12: 54, 7: 155, 8: 312, 4: 372, 13: 438, 3: 470, 14: 471, 2: 726, 0: 890, 5: 720, 6: 561, 10: 480, 11: 736, 1: 195}
num_nodes_transformed_graph: 27
agent_paths:({0: [(22, 25), (21, 25), (21, 26), (20, 26), (19, 26), (18, 26), (17, 26), (17, 27), (18, 27), (18, 28), (18, 29), (17, 29), (17, 30), (17, 31), (16, 31), (15, 31), (14, 31), (14, 30), (14, 30)], 1: [(15, 24), (15, 23), (15, 22), (16, 22), (17, 22), (17, 21), (18, 21), (19, 21), (20, 21), (21, 21), (22, 21), (22, 20), (22, 19), (21, 19), (21, 18), (21, 17), (20, 17), (19, 17), (18, 17), (17, 17), (18, 17), (18, 16), (18, 15), (17, 15), (17, 14), (16, 14), (15, 14), (14, 14), (13, 14), (12, 14), (11, 14), (11, 15), (11, 16), (11, 17), (10, 17), (9, 17), (9, 18), (8, 18), (7, 18), (6, 18), (5, 18), (5, 19), (4, 19), (3, 19), (2, 19), (2, 18), (2, 17), (2, 16), (2, 15), (1, 15), (0, 15), (1, 15), (2, 15), (2, 16), (2, 17), (2, 18), (2, 19), (2, 20), (2, 21), (1, 21), (1, 22), (1, 23), (0, 23), (1, 23), (1, 22), (1, 21), (2, 21), (2, 20), (2, 19), (3, 19), (4, 19), (5, 19), (5, 18), (5, 17), (6, 17), (6, 16), (6, 15), (5, 15), (5, 14), (5, 13), (5, 12), (5, 11), (5, 10), (5, 9), (6, 9), (6, 8), (6, 7), (5, 7), (5, 6), (5, 5), (4, 5), (3, 5), (3, 6), (2, 6), (2, 5), (2, 5)], 2: [(5, 6), (6, 6), (7, 6), (8, 6), (9, 6), (9, 5), (10, 5), (11, 5), (11, 4), (11, 3), (12, 3), (13, 3), (13, 2), (14, 2), (15, 2), (16, 2), (17, 2), (17, 1), (18, 1), (19, 1), (20, 1), (21, 1), (22, 1), (23, 1), (23, 2), (23, 3), (24, 3), (25, 3), (26, 3), (27, 3), (27, 4), (27, 5), (26, 5), (25, 5), (25, 6), (25, 7), (25, 8), (25, 9), (24, 9), (23, 9), (22, 9), (21, 9), (21, 10), (21, 11), (20, 11), (21, 11), (22, 11), (22, 12), (22, 13), (22, 14), (23, 14), (22, 14), (22, 15), (22, 16), (22, 17), (22, 18), (22, 19), (22, 20), (22, 21), (22, 22), (23, 22), (23, 23), (23, 24), (23, 25), (24, 25), (25, 25), (26, 25), (26, 26), (26, 27), (26, 26), (26, 25), (27, 25), (27, 24), (27, 23), (27, 22), (27, 21), (27, 20), (27, 20)]}, 94)