

CBSS-C STATS
starts:[863, 937, 981, 296, 348]
targets:[314, 59, 753, 63, 951, 333, 459, 451, 51, 1007]
dests:[342, 306, 629, 585, 270]
ac_dict:{314: {0, 1}, 59: {1, 2}, 753: {2, 3}, 63: {3, 4}, 342: {0}, 306: {1}, 629: {2}, 585: {3}, 270: {4}}
clusters:[0 1 1 0 0 1 1 0 0 0]

round: 2
best_g_value: 107.0
open_list_size: 1
num_low_level_expanded: 433
search_success: 1
search_time: 0.07882029004395008
n_tsp_call: 1
n_tsp_time: 0.05874649388715625
n_roots: 1
num_conflicts: 1
target_assignment: {459: 3, 951: 2}
cluster_target_selection: {1: 459, 0: 951}
num_nodes_transformed_graph: 29
agent_paths:({0: [(31, 26), (30, 26), (30, 25), (30, 24), (30, 23), (29, 23), (28, 23), (27, 23), (27, 22), (27, 21), (27, 20), (27, 19), (26, 19), (25, 19), (25, 18), (24, 18), (23, 18), (22, 18), (22, 17), (22, 16), (22, 15), (22, 14), (22, 13), (22, 12), (22, 11), (22, 10), (22, 10)], 1: [(9, 29), (10, 29), (10, 28), (10, 27), (10, 26), (10, 25), (11, 25), (11, 24), (11, 23), (11, 22), (11, 21), (10, 21), (9, 21), (9, 20), (9, 19), (10, 19), (10, 18), (10, 17), (11, 17), (11, 16), (11, 15), (11, 14), (12, 14), (13, 14), (14, 14), (15, 14), (16, 14), (17, 14), (17, 13), (18, 13), (18, 12), (18, 11), (18, 10), (18, 9), (18, 9)], 2: [(21, 30), (21, 29), (22, 29), (23, 29), (23, 28), (23, 27), (23, 26), (23, 25), (23, 24), (23, 23), (22, 23), (22, 22), (22, 21), (22, 20), (22, 19), (21, 19), (21, 19)], 3: [(8, 9), (9, 9), (9, 10), (9, 11), (9, 12), (9, 13), (10, 13), (11, 13), (11, 14), (11, 15), (11, 16), (11, 17), (10, 17), (9, 17), (9, 18), (9, 18)], 4: [(28, 10), (27, 10), (26, 10), (25, 10), (25, 9), (24, 9), (23, 9), (23, 8), (23, 7), (22, 7), (21, 7), (20, 7), (19, 7), (18, 7), (18, 8), (18, 9), (17, 9), (16, 9), (15, 9), (14, 9), (14, 8), (14, 8)]}, 33)