

CBSS-C STATS
starts:[510, 402, 429]
targets:[443, 1021, 1007, 550, 639, 761, 81, 503, 312, 89, 509, 561, 206, 877, 895]
dests:[582, 118, 882]
ac_dict:{443: {0, 1}, 1021: {1, 2}, 582: {0}, 118: {1}, 882: {2}}
clusters:[13  7 11  2 12  3  5  9 10 14  6  1  8  0  4]

round: 1
best_g_value: 163.0
open_list_size: 0
num_low_level_expanded: 348
search_success: 1
search_time: 0.06543431901081931
n_tsp_call: 1
n_tsp_time: 0.049250187003053725
n_roots: 1
num_conflicts: 0
target_assignment: {509: 0, 443: 0, 312: 0, 503: 0, 550: 0, 206: 1, 81: 1, 89: 1, 561: 2, 639: 2, 761: 2, 895: 2, 1021: 2, 1007: 2, 877: 2}
cluster_target_selection: {6: 509, 13: 443, 10: 312, 9: 503, 2: 550, 8: 206, 5: 81, 14: 89, 1: 561, 12: 639, 3: 761, 4: 895, 7: 1021, 11: 1007, 0: 877}
num_nodes_transformed_graph: 27
agent_paths:({0: [(30, 15), (29, 15), (29, 14), (28, 14), (27, 14), (27, 13), (27, 12), (27, 11), (26, 11), (25, 11), (25, 10), (25, 9), (24, 9), (23, 9), (23, 10), (23, 11), (22, 11), (22, 12), (22, 13), (23, 13), (23, 14), (23, 15), (22, 15), (21, 15), (21, 14), (21, 13), (20, 13), (19, 13), (18, 13), (17, 13), (17, 14), (16, 14), (15, 14), (14, 14), (13, 14), (12, 14), (11, 14), (11, 15), (11, 16), (11, 17), (10, 17), (9, 17), (9, 18), (8, 18), (7, 18), (6, 18), (6, 17), (6, 18), (6, 18)], 1: [(18, 12), (18, 11), (17, 11), (17, 10), (17, 9), (16, 9), (15, 9), (14, 9), (14, 8), (14, 7), (14, 6), (14, 5), (14, 4), (14, 3), (14, 2), (15, 2), (16, 2), (17, 2), (18, 2), (19, 2), (19, 1), (20, 1), (21, 1), (22, 1), (23, 1), (23, 2), (23, 3), (24, 3), (25, 3), (25, 2), (25, 3), (24, 3), (23, 3), (22, 3), (22, 3)], 2: [(13, 13), (14, 13), (15, 13), (15, 14), (16, 14), (17, 14), (17, 15), (18, 15), (18, 16), (18, 17), (17, 17), (18, 17), (19, 17), (20, 17), (21, 17), (22, 17), (23, 17), (23, 18), (24, 18), (25, 18), (26, 18), (27, 18), (28, 18), (29, 18), (30, 18), (31, 18), (31, 19), (31, 20), (31, 21), (30, 21), (29, 21), (29, 22), (29, 23), (28, 23), (27, 23), (26, 23), (25, 23), (26, 23), (27, 23), (28, 23), (29, 23), (30, 23), (30, 24), (30, 25), (31, 25), (31, 26), (31, 27), (31, 28), (31, 29), (30, 29), (29, 29), (29, 30), (29, 31), (28, 31), (27, 31), (26, 31), (25, 31), (24, 31), (23, 31), (22, 31), (21, 31), (20, 31), (19, 31), (18, 31), (17, 31), (16, 31), (15, 31), (16, 31), (17, 31), (17, 30), (17, 29), (18, 29), (18, 28), (18, 27), (17, 27), (16, 27), (15, 27), (14, 27), (13, 27), (14, 27), (15, 27), (16, 27), (17, 27), (18, 27), (18, 27)]}, 83)