

CBSS-C STATS
starts:[429, 13]
targets:[832, 599, 747, 555, 230, 1018, 171, 539, 821, 958]
dests:[671, 382]
ac_dict:{832: {0, 1}, 671: {0}, 382: {1}}
clusters:[5 4 7 9 2 3 0 8 6 1]

round: 1
best_g_value: 157.0
open_list_size: 0
num_low_level_expanded: 375
search_success: 1
search_time: 0.033347710996167734
n_tsp_call: 1
n_tsp_time: 0.020916127003147267
n_roots: 1
num_conflicts: 0
target_assignment: {555: 0, 832: 0, 747: 0, 821: 0, 1018: 0, 958: 0, 599: 0, 539: 0, 230: 1, 171: 1}
cluster_target_selection: {9: 555, 5: 832, 7: 747, 6: 821, 3: 1018, 1: 958, 4: 599, 8: 539, 2: 230, 0: 171}
num_nodes_transformed_graph: 14
agent_paths:({0: [(13, 13), (13, 14), (12, 14), (11, 14), (11, 15), (11, 16), (11, 17), (10, 17), (9, 17), (9, 18), (8, 18), (7, 18), (6, 18), (5, 18), (5, 19), (4, 19), (3, 19), (2, 19), (2, 20), (2, 21), (1, 21), (1, 22), (1, 23), (1, 24), (1, 25), (1, 26), (0, 26), (1, 26), (1, 25), (1, 24), (1, 23), (2, 23), (3, 23), (3, 22), (4, 22), (5, 22), (6, 22), (7, 22), (7, 21), (8, 21), (9, 21), (10, 21), (11, 21), (11, 22), (11, 23), (12, 23), (13, 23), (14, 23), (15, 23), (15, 22), (16, 22), (17, 22), (17, 23), (17, 24), (17, 25), (18, 25), (19, 25), (19, 26), (20, 26), (21, 26), (21, 25), (22, 25), (23, 25), (23, 26), (23, 27), (23, 28), (23, 29), (23, 30), (23, 31), (24, 31), (25, 31), (26, 31), (27, 31), (28, 31), (29, 31), (29, 30), (29, 29), (30, 29), (31, 29), (31, 28), (31, 27), (30, 27), (30, 26), (30, 25), (30, 24), (30, 23), (29, 23), (28, 23), (27, 23), (27, 22), (27, 21), (27, 20), (27, 19), (26, 19), (25, 19), (25, 18), (24, 18), (23, 18), (24, 18), (25, 18), (25, 17), (26, 17), (27, 17), (27, 16), (27, 17), (27, 18), (28, 18), (29, 18), (30, 18), (31, 18), (31, 19), (31, 20), (31, 20)], 1: [(13, 0), (13, 1), (13, 2), (13, 3), (12, 3), (11, 3), (11, 4), (11, 5), (10, 5), (9, 5), (9, 6), (8, 6), (7, 6), (6, 6), (6, 7), (6, 6), (7, 6), (8, 6), (9, 6), (9, 5), (10, 5), (11, 5), (12, 5), (13, 5), (14, 5), (15, 5), (16, 5), (17, 5), (18, 5), (19, 5), (19, 6), (19, 7), (20, 7), (21, 7), (22, 7), (23, 7), (23, 8), (23, 9), (24, 9), (25, 9), (26, 9), (27, 9), (27, 10), (28, 10), (29, 10), (30, 10), (30, 11), (30, 11)]}, 111)