

CBSS-C STATS
starts:[1014, 826, 842, 987, 107, 418, 566]
targets:[498, 49, 478, 574, 249, 983, 374, 719, 295, 982]
dests:[617, 762, 605, 615, 577, 853, 611]
ac_dict:{498: {0, 1}, 49: {1, 2}, 478: {2, 3}, 574: {3, 4}, 249: {4, 5}, 983: {5, 6}, 617: {0}, 762: {1}, 605: {2}, 615: {3}, 577: {4}, 853: {5}, 611: {6}}
clusters:[3 1 2 9 6 0 4 8 5 7]

round: 37
best_g_value: 304.0
open_list_size: 62
num_low_level_expanded: 29117
search_success: 1
search_time: 29.288266042000032
n_tsp_call: 101
n_tsp_time: 24.997431227006018
n_roots: 14
num_conflicts: 49
target_assignment: {982: 0, 498: 0, 49: 2, 478: 2, 574: 3, 374: 5, 249: 5, 983: 5, 295: 4, 719: 6}
cluster_target_selection: {7: 982, 3: 498, 1: 49, 2: 478, 9: 574, 4: 374, 6: 249, 0: 983, 5: 295, 8: 719}
num_nodes_transformed_graph: 54
agent_paths:({0: [(22, 31), (22, 30), (22, 29), (23, 29), (23, 28), (23, 27), (23, 26), (23, 25), (23, 24), (23, 23), (22, 23), (22, 22), (22, 21), (22, 20), (22, 19), (21, 19), (21, 18), (21, 17), (20, 17), (19, 17), (18, 17), (18, 16), (18, 15), (17, 15), (17, 15), (17, 15), (17, 15), (17, 14), (16, 14), (15, 14), (14, 14), (13, 14), (12, 14), (11, 14), (11, 15), (11, 16), (11, 17), (10, 17), (9, 17), (9, 18), (9, 19), (9, 19)], 1: [(26, 25), (27, 25), (27, 24), (27, 23), (26, 23), (26, 23)], 2: [(10, 26), (10, 25), (11, 25), (11, 24), (11, 23), (11, 22), (11, 21), (10, 21), (9, 21), (9, 20), (9, 19), (9, 18), (9, 17), (10, 17), (11, 17), (11, 16), (11, 15), (11, 14), (11, 13), (10, 13), (9, 13), (9, 12), (9, 11), (10, 11), (11, 11), (12, 11), (13, 11), (13, 10), (13, 9), (14, 9), (14, 8), (14, 7), (14, 6), (14, 5), (14, 4), (14, 3), (14, 2), (15, 2), (16, 2), (17, 2), (17, 1), (18, 1), (19, 1), (20, 1), (21, 1), (22, 1), (23, 1), (23, 2), (23, 3), (24, 3), (25, 3), (26, 3), (27, 3), (27, 4), (27, 5), (27, 6), (28, 6), (29, 6), (30, 6), (30, 7), (31, 7), (31, 8), (31, 9), (31, 10), (31, 11), (31, 12), (31, 13), (30, 13), (30, 14), (30, 15), (31, 15), (31, 16), (31, 17), (30, 17), (29, 17), (29, 18), (29, 18)], 3: [(27, 30), (27, 29), (27, 28), (27, 27), (27, 26), (27, 25), (27, 24), (27, 23), (27, 22), (27, 21), (27, 20), (27, 19), (27, 18), (28, 18), (29, 18), (29, 17), (30, 17), (29, 17), (29, 18), (28, 18), (27, 18), (26, 18), (25, 18), (24, 18), (23, 18), (22, 18), (21, 18), (21, 17), (20, 17), (19, 17), (18, 17), (18, 16), (18, 15), (17, 15), (17, 14), (16, 14), (15, 14), (14, 14), (13, 14), (12, 14), (11, 14), (11, 15), (11, 16), (11, 17), (10, 17), (9, 17), (9, 18), (8, 18), (7, 18), (7, 19), (7, 19)], 4: [(11, 3), (11, 4), (11, 5), (10, 5), (9, 5), (9, 6), (8, 6), (7, 6), (7, 7), (6, 7), (6, 8), (6, 9), (7, 9), (6, 9), (5, 9), (5, 10), (5, 11), (5, 12), (5, 13), (5, 14), (5, 15), (6, 15), (6, 16), (6, 17), (5, 17), (5, 18), (5, 19), (4, 19), (3, 19), (2, 19), (1, 19), (1, 18), (1, 18)], 5: [(2, 13), (2, 14), (2, 15), (2, 16), (2, 17), (3, 17), (3, 18), (3, 19), (4, 19), (5, 19), (5, 18), (6, 18), (7, 18), (8, 18), (9, 18), (9, 17), (10, 17), (11, 17), (11, 16), (11, 15), (11, 14), (12, 14), (13, 14), (14, 14), (15, 14), (16, 14), (17, 14), (17, 13), (18, 13), (18, 12), (18, 11), (19, 11), (20, 11), (21, 11), (22, 11), (22, 10), (22, 9), (23, 9), (24, 9), (25, 9), (25, 8), (25, 7), (25, 8), (25, 9), (24, 9), (23, 9), (23, 10), (23, 11), (22, 11), (22, 12), (22, 13), (22, 14), (22, 15), (22, 16), (22, 17), (22, 18), (22, 19), (22, 20), (22, 21), (23, 21), (23, 22), (23, 23), (23, 24), (23, 25), (23, 26), (23, 27), (23, 28), (23, 29), (23, 30), (23, 29), (23, 28), (23, 27), (22, 27), (21, 27), (21, 26), (21, 26)], 6: [(22, 17), (22, 18), (22, 19), (22, 20), (22, 21), (21, 21), (20, 21), (19, 21), (18, 21), (17, 21), (17, 22), (16, 22), (15, 22), (14, 22), (13, 22), (13, 23), (12, 23), (11, 23), (10, 23), (9, 23), (9, 22), (9, 21), (9, 20), (9, 19), (9, 18), (8, 18), (7, 18), (6, 18), (5, 18), (5, 19), (4, 19), (3, 19), (3, 19)]}, 75)