

CBSS-C STATS
starts:[867, 178, 442, 220, 310]
targets:[950, 575, 37, 315, 462, 949, 667, 961, 297, 832, 85, 430, 906, 70, 741, 833, 254, 810, 108, 187]
dests:[878, 1005, 487, 346, 642]
ac_dict:{950: {0, 1}, 575: {1, 2}, 37: {2, 3}, 315: {3, 4}, 878: {0}, 1005: {1}, 487: {2}, 346: {3}, 642: {4}}
clusters:[ 0  9  6 12  5  1  2 15 13 18 10 14 11  8  4  7 19 16  3 17]

round: 1
best_g_value: 204.0
open_list_size: 0
num_low_level_expanded: 426
search_success: 1
search_time: 1.0822392989939544
n_tsp_call: 1
n_tsp_time: 1.0473499009967782
n_roots: 1
num_conflicts: 0
target_assignment: {833: 0, 832: 0, 961: 0, 906: 0, 810: 0, 950: 1, 949: 1, 315: 3, 430: 4, 462: 4, 741: 4, 667: 2, 575: 2, 254: 2, 187: 2, 85: 2, 108: 2, 37: 2, 70: 2, 297: 2}
cluster_target_selection: {7: 833, 18: 832, 15: 961, 11: 906, 16: 810, 0: 950, 1: 949, 12: 315, 14: 430, 5: 462, 4: 741, 2: 667, 9: 575, 19: 254, 17: 187, 10: 85, 3: 108, 6: 37, 8: 70, 13: 297}
num_nodes_transformed_graph: 98
agent_paths:({0: [(3, 27), (2, 27), (1, 27), (1, 26), (0, 26), (1, 26), (1, 27), (2, 27), (3, 27), (3, 28), (3, 29), (2, 29), (1, 29), (1, 30), (2, 30), (3, 30), (4, 30), (5, 30), (6, 30), (7, 30), (8, 30), (9, 30), (9, 29), (10, 29), (10, 28), (10, 27), (10, 26), (10, 25), (11, 25), (11, 26), (11, 27), (12, 27), (13, 27), (14, 27), (14, 27)], 1: [(18, 5), (18, 6), (18, 7), (18, 8), (18, 9), (19, 9), (19, 10), (19, 11), (20, 11), (21, 11), (22, 11), (22, 12), (22, 13), (22, 14), (22, 15), (22, 16), (22, 17), (22, 18), (22, 19), (22, 20), (22, 21), (22, 22), (22, 23), (23, 23), (23, 24), (23, 25), (23, 26), (23, 27), (23, 28), (23, 29), (22, 29), (21, 29), (21, 30), (21, 31), (20, 31), (19, 31), (18, 31), (17, 31), (16, 31), (15, 31), (14, 31), (13, 31), (13, 31)], 2: [(26, 13), (27, 13), (27, 14), (27, 15), (27, 16), (27, 17), (27, 18), (27, 19), (27, 20), (27, 19), (27, 18), (28, 18), (29, 18), (29, 17), (30, 17), (31, 17), (31, 16), (31, 15), (31, 14), (31, 13), (31, 12), (31, 11), (31, 10), (31, 9), (31, 8), (31, 7), (30, 7), (29, 7), (29, 6), (28, 6), (27, 6), (27, 5), (27, 4), (27, 3), (26, 3), (25, 3), (24, 3), (23, 3), (22, 3), (21, 3), (21, 2), (21, 1), (20, 1), (19, 1), (18, 1), (17, 1), (17, 2), (16, 2), (15, 2), (14, 2), (13, 2), (13, 3), (12, 3), (11, 3), (10, 3), (9, 3), (9, 2), (9, 1), (8, 1), (7, 1), (6, 1), (5, 1), (6, 1), (6, 2), (6, 3), (6, 4), (6, 5), (6, 6), (6, 7), (6, 8), (6, 9), (7, 9), (8, 9), (9, 9), (9, 10), (9, 11), (9, 12), (9, 13), (8, 13), (7, 13), (7, 14), (7, 15), (7, 15)], 3: [(28, 6), (27, 6), (27, 7), (26, 7), (25, 7), (25, 8), (25, 9), (26, 9), (27, 9), (26, 9), (26, 10), (26, 10)], 4: [(22, 9), (21, 9), (21, 10), (21, 11), (20, 11), (19, 11), (18, 11), (18, 12), (18, 13), (17, 13), (17, 14), (16, 14), (15, 14), (14, 14), (14, 13), (14, 14), (13, 14), (12, 14), (11, 14), (11, 15), (11, 16), (11, 17), (10, 17), (9, 17), (9, 18), (9, 19), (9, 20), (9, 21), (8, 21), (7, 21), (6, 21), (5, 21), (5, 22), (5, 23), (5, 22), (4, 22), (3, 22), (2, 22), (2, 21), (2, 20), (2, 20)]}, 81)