

CBSS-C STATS
starts:[5, 114, 203, 183, 978]
targets:[989, 39, 92, 122, 274, 110, 501, 865, 783, 98]
dests:[993, 573, 1010, 699, 612]
ac_dict:{989: {0, 1}, 39: {1, 2}, 92: {2, 3}, 122: {3, 4}, 993: {0}, 573: {1}, 1010: {2}, 699: {3}, 612: {4}}
clusters:[0 1 1 0 0 1 0 1 0 1]

round: 1
best_g_value: 167.0
open_list_size: 0
num_low_level_expanded: 476
search_success: 1
search_time: 0.0695405681617558
n_tsp_call: 1
n_tsp_time: 0.04958021594211459
n_roots: 1
num_conflicts: 0
target_assignment: {865: 0, 501: 2}
cluster_target_selection: {1: 865, 0: 501}
num_nodes_transformed_graph: 28
agent_paths:({0: [(5, 0), (5, 1), (5, 2), (5, 3), (6, 3), (6, 4), (6, 5), (6, 6), (6, 7), (6, 8), (6, 9), (5, 9), (5, 10), (5, 11), (5, 12), (5, 13), (5, 14), (5, 15), (6, 15), (6, 16), (6, 17), (5, 17), (5, 18), (5, 19), (4, 19), (3, 19), (2, 19), (2, 20), (2, 21), (1, 21), (1, 22), (1, 23), (1, 24), (1, 25), (1, 26), (1, 27), (2, 27), (3, 27), (3, 28), (3, 29), (2, 29), (1, 29), (1, 30), (1, 31), (1, 31)], 1: [(18, 3), (19, 3), (19, 2), (19, 1), (20, 1), (21, 1), (22, 1), (23, 1), (23, 2), (23, 3), (24, 3), (25, 3), (26, 3), (27, 3), (27, 4), (27, 5), (27, 6), (28, 6), (29, 6), (29, 7), (30, 7), (31, 7), (31, 8), (31, 9), (31, 10), (31, 11), (31, 12), (31, 13), (31, 14), (31, 15), (31, 16), (31, 17), (30, 17), (29, 17), (29, 17)], 2: [(11, 6), (11, 5), (12, 5), (13, 5), (14, 5), (15, 5), (16, 5), (17, 5), (18, 5), (18, 6), (18, 7), (18, 8), (18, 9), (18, 10), (18, 11), (18, 12), (18, 13), (19, 13), (20, 13), (21, 13), (21, 14), (21, 15), (22, 15), (22, 16), (22, 17), (22, 18), (22, 19), (22, 20), (22, 21), (21, 21), (20, 21), (19, 21), (18, 21), (18, 22), (18, 23), (17, 23), (17, 24), (17, 25), (18, 25), (18, 26), (18, 27), (18, 28), (18, 29), (18, 30), (18, 31), (18, 31)], 3: [(23, 5), (23, 6), (23, 7), (23, 8), (23, 9), (24, 9), (25, 9), (26, 9), (27, 9), (27, 10), (27, 11), (27, 12), (27, 13), (27, 14), (27, 15), (27, 16), (27, 17), (27, 18), (27, 19), (27, 20), (27, 21), (27, 21)], 4: [(18, 30), (18, 29), (18, 28), (18, 27), (17, 27), (16, 27), (15, 27), (14, 27), (13, 27), (12, 27), (11, 27), (11, 26), (11, 25), (11, 24), (11, 23), (10, 23), (9, 23), (9, 22), (9, 21), (9, 20), (9, 19), (9, 18), (8, 18), (7, 18), (6, 18), (5, 18), (5, 19), (4, 19), (4, 19)]}, 44)