

CBSS-C STATS
starts:[523, 738, 199, 726, 494, 832, 465]
targets:[21, 567, 291, 811, 1007, 459, 546, 691, 462, 243]
dests:[61, 631, 227, 434, 178, 545, 52]
ac_dict:{21: {0, 1}, 567: {1, 2}, 291: {2, 3}, 811: {3, 4}, 1007: {4, 5}, 459: {5, 6}, 61: {0}, 631: {1}, 227: {2}, 434: {3}, 178: {4}, 545: {5}, 52: {6}}
clusters:[9 7 1 8 6 0 3 2 5 4]

round: 28
best_g_value: 257.0
open_list_size: 39
num_low_level_expanded: 11937
search_success: 1
search_time: 5.805751529012923
n_tsp_call: 58
n_tsp_time: 4.618506141006947
n_roots: 7
num_conflicts: 33
target_assignment: {21: 0, 691: 1, 567: 1, 1007: 5, 546: 5, 291: 2, 243: 4, 811: 3, 462: 6, 459: 6}
cluster_target_selection: {9: 21, 2: 691, 7: 567, 6: 1007, 3: 546, 1: 291, 4: 243, 8: 811, 5: 462, 0: 459}
num_nodes_transformed_graph: 34
agent_paths:({0: [(11, 16), (11, 15), (11, 14), (11, 13), (10, 13), (9, 13), (9, 12), (9, 11), (10, 11), (11, 11), (12, 11), (13, 11), (13, 10), (13, 9), (14, 9), (14, 8), (14, 7), (14, 6), (14, 5), (14, 4), (14, 3), (14, 2), (15, 2), (16, 2), (17, 2), (17, 1), (18, 1), (19, 1), (20, 1), (21, 1), (21, 0), (21, 1), (22, 1), (23, 1), (23, 2), (23, 3), (24, 3), (25, 3), (25, 2), (26, 2), (27, 2), (28, 2), (29, 2), (29, 1), (29, 1)], 1: [(2, 23), (2, 22), (3, 22), (4, 22), (5, 22), (5, 21), (6, 21), (7, 21), (8, 21), (9, 21), (10, 21), (11, 21), (11, 22), (11, 22), (11, 22), (11, 23), (12, 23), (13, 23), (13, 22), (14, 22), (15, 22), (16, 22), (17, 22), (17, 21), (18, 21), (19, 21), (20, 21), (21, 21), (22, 21), (22, 20), (22, 19), (22, 18), (22, 17), (23, 17), (23, 18), (23, 19), (23, 19)], 2: [(7, 6), (6, 6), (6, 7), (6, 8), (6, 9), (5, 9), (5, 10), (4, 10), (3, 10), (3, 9), (3, 10), (4, 10), (5, 10), (5, 9), (6, 9), (6, 8), (6, 7), (5, 7), (5, 6), (5, 5), (4, 5), (3, 5), (3, 6), (3, 7), (3, 7)], 3: [(22, 22), (21, 22), (21, 21), (20, 21), (19, 21), (18, 21), (17, 21), (17, 22), (16, 22), (15, 22), (14, 22), (13, 22), (13, 23), (12, 23), (11, 23), (11, 24), (11, 25), (11, 24), (11, 23), (11, 22), (11, 21), (10, 21), (9, 21), (9, 20), (9, 19), (9, 18), (9, 17), (10, 17), (11, 17), (11, 16), (11, 15), (11, 14), (12, 14), (13, 14), (14, 14), (15, 14), (16, 14), (17, 14), (17, 13), (18, 13), (18, 13)], 4: [(14, 15), (15, 15), (15, 15), (15, 14), (16, 14), (17, 14), (17, 13), (18, 13), (18, 12), (18, 11), (18, 10), (18, 9), (18, 8), (18, 7), (19, 7), (18, 7), (18, 6), (18, 5), (18, 5)], 5: [(0, 26), (1, 26), (2, 26), (3, 26), (3, 27), (3, 28), (3, 29), (3, 30), (4, 30), (5, 30), (6, 30), (7, 30), (8, 30), (9, 30), (10, 30), (10, 29), (10, 28), (10, 27), (11, 27), (12, 27), (13, 27), (14, 27), (15, 27), (16, 27), (17, 27), (18, 27), (18, 28), (18, 29), (17, 29), (17, 30), (17, 31), (16, 31), (15, 31), (16, 31), (17, 31), (17, 30), (17, 29), (18, 29), (18, 28), (18, 27), (17, 27), (16, 27), (15, 27), (14, 27), (13, 27), (12, 27), (11, 27), (11, 26), (11, 25), (11, 24), (11, 23), (10, 23), (9, 23), (9, 22), (9, 21), (9, 20), (9, 19), (9, 18), (8, 18), (7, 18), (6, 18), (5, 18), (5, 19), (4, 19), (3, 19), (2, 19), (2, 18), (2, 17), (1, 17), (1, 17)], 6: [(17, 14), (16, 14), (15, 14), (14, 14), (13, 14), (12, 14), (11, 14), (11, 13), (10, 13), (9, 13), (9, 12), (9, 11), (10, 11), (11, 11), (12, 11), (13, 11), (13, 10), (13, 9), (14, 9), (14, 8), (14, 7), (14, 6), (14, 5), (14, 4), (14, 3), (14, 2), (15, 2), (16, 2), (17, 2), (17, 1), (18, 1), (19, 1), (20, 1), (20, 1)]}, 68)