

CBSS-C STATS
starts:[164, 482]
targets:[957, 242, 237, 633, 802, 682, 971, 1021, 587, 365]
dests:[158, 575]
ac_dict:{957: {0, 1}, 158: {0}, 575: {1}}
clusters:[7 5 3 8 0 9 1 6 4 2]

round: 1
best_g_value: 148.0
open_list_size: 0
num_low_level_expanded: 298
search_success: 1
search_time: 0.01721167100185994
n_tsp_call: 1
n_tsp_time: 0.006542962000821717
n_roots: 1
num_conflicts: 0
target_assignment: {237: 0, 365: 0, 242: 0, 802: 1, 971: 1, 682: 1, 587: 1, 633: 1, 1021: 1, 957: 1}
cluster_target_selection: {3: 237, 2: 365, 5: 242, 0: 802, 1: 971, 9: 682, 4: 587, 8: 633, 6: 1021, 7: 957}
num_nodes_transformed_graph: 14
agent_paths:({0: [(4, 5), (5, 5), (6, 5), (7, 5), (7, 6), (8, 6), (9, 6), (10, 6), (11, 6), (11, 5), (12, 5), (13, 5), (13, 6), (13, 7), (14, 7), (14, 8), (14, 9), (13, 9), (13, 10), (13, 11), (13, 10), (13, 9), (14, 9), (15, 9), (16, 9), (17, 9), (18, 9), (18, 8), (18, 7), (19, 7), (20, 7), (21, 7), (22, 7), (23, 7), (23, 8), (23, 9), (24, 9), (25, 9), (25, 8), (25, 7), (25, 6), (26, 6), (27, 6), (28, 6), (29, 6), (29, 5), (30, 5), (30, 4), (30, 4)], 1: [(2, 15), (2, 16), (2, 17), (2, 18), (2, 19), (2, 20), (2, 21), (2, 22), (2, 23), (1, 23), (1, 24), (1, 25), (2, 25), (3, 25), (3, 26), (3, 27), (3, 28), (3, 29), (3, 30), (4, 30), (5, 30), (6, 30), (7, 30), (8, 30), (9, 30), (10, 30), (11, 30), (10, 30), (10, 29), (10, 28), (10, 27), (10, 26), (10, 25), (11, 25), (11, 24), (11, 23), (10, 23), (10, 22), (10, 21), (9, 21), (9, 20), (9, 19), (9, 18), (10, 18), (11, 18), (11, 17), (11, 16), (11, 15), (11, 14), (12, 14), (13, 14), (14, 14), (15, 14), (16, 14), (17, 14), (18, 14), (18, 15), (18, 16), (18, 17), (19, 17), (20, 17), (21, 17), (22, 17), (23, 17), (23, 18), (24, 18), (25, 18), (25, 19), (26, 19), (27, 19), (27, 20), (27, 21), (27, 22), (27, 23), (27, 24), (27, 25), (27, 26), (27, 27), (27, 28), (27, 29), (27, 30), (27, 31), (28, 31), (29, 31), (29, 30), (29, 29), (30, 29), (31, 29), (31, 28), (31, 27), (31, 26), (31, 25), (30, 25), (30, 24), (30, 23), (30, 22), (30, 21), (31, 21), (31, 20), (31, 19), (31, 18), (31, 17), (31, 17)]}, 101)