

CBSS-C STATS
starts:[935, 206]
targets:[298, 553, 1020, 91, 875, 862, 550, 65, 762, 505]
dests:[435, 471]
ac_dict:{298: {0, 1}, 435: {0}, 471: {1}}
clusters:[6 2 1 3 0 4 7 8 5 9]

round: 1
best_g_value: 177.0
open_list_size: 0
num_low_level_expanded: 440
search_success: 1
search_time: 0.030361786994035356
n_tsp_call: 1
n_tsp_time: 0.014317078996100463
n_roots: 1
num_conflicts: 0
target_assignment: {875: 0, 550: 0, 553: 0, 298: 1, 65: 1, 91: 1, 505: 1, 862: 1, 1020: 1, 762: 1}
cluster_target_selection: {0: 875, 7: 550, 2: 553, 6: 298, 8: 65, 3: 91, 9: 505, 4: 862, 1: 1020, 5: 762}
num_nodes_transformed_graph: 14
agent_paths:({0: [(7, 29), (7, 30), (8, 30), (9, 30), (9, 29), (10, 29), (10, 28), (10, 27), (11, 27), (11, 26), (11, 25), (11, 24), (11, 23), (10, 23), (9, 23), (9, 22), (9, 21), (9, 20), (9, 19), (9, 18), (8, 18), (7, 18), (6, 18), (6, 17), (7, 17), (7, 18), (8, 18), (9, 18), (9, 17), (10, 17), (11, 17), (11, 16), (11, 15), (11, 14), (12, 14), (13, 14), (14, 14), (15, 14), (16, 14), (17, 14), (17, 13), (18, 13), (19, 13), (19, 13)], 1: [(14, 6), (14, 7), (14, 8), (14, 9), (13, 9), (13, 10), (13, 11), (12, 11), (11, 11), (10, 11), (10, 10), (10, 9), (9, 9), (8, 9), (7, 9), (6, 9), (6, 8), (6, 7), (5, 7), (5, 6), (5, 5), (4, 5), (3, 5), (3, 4), (3, 3), (2, 3), (1, 3), (1, 2), (2, 2), (3, 2), (3, 3), (3, 4), (3, 5), (4, 5), (5, 5), (6, 5), (7, 5), (7, 6), (8, 6), (9, 6), (9, 5), (10, 5), (11, 5), (11, 4), (11, 3), (12, 3), (13, 3), (13, 2), (14, 2), (15, 2), (16, 2), (17, 2), (18, 2), (19, 2), (19, 1), (20, 1), (21, 1), (22, 1), (23, 1), (23, 2), (23, 3), (24, 3), (25, 3), (25, 2), (26, 2), (27, 2), (27, 3), (27, 4), (27, 5), (26, 5), (25, 5), (25, 6), (25, 7), (25, 8), (25, 9), (25, 10), (25, 11), (26, 11), (27, 11), (27, 12), (27, 13), (26, 13), (25, 13), (25, 14), (25, 15), (26, 15), (27, 15), (27, 16), (27, 17), (27, 18), (27, 19), (27, 20), (27, 21), (27, 22), (27, 23), (28, 23), (29, 23), (30, 23), (30, 24), (30, 25), (30, 26), (30, 27), (31, 27), (31, 28), (31, 29), (30, 29), (29, 29), (29, 30), (29, 31), (28, 31), (27, 31), (27, 30), (27, 29), (27, 28), (27, 27), (27, 26), (27, 25), (27, 24), (27, 23), (26, 23), (26, 22), (26, 21), (27, 21), (27, 20), (27, 19), (26, 19), (25, 19), (25, 18), (24, 18), (23, 18), (23, 17), (22, 17), (22, 16), (22, 15), (22, 14), (23, 14), (23, 14)]}, 135)