

CBSS-C STATS
starts:[449, 54, 311, 698, 175, 719, 691, 353, 879, 296]
targets:[49, 814, 479, 206, 603, 186, 546, 491, 134, 593]
dests:[969, 539, 442, 675, 667, 218, 348, 469, 713, 927]
ac_dict:{49: {0, 1}, 814: {1, 2}, 479: {2, 3}, 206: {3, 4}, 603: {4, 5}, 186: {5, 6}, 546: {6, 7}, 491: {8, 7}, 134: {8, 9}, 969: {0}, 539: {1}, 442: {2}, 675: {3}, 667: {4}, 218: {5}, 348: {6}, 469: {7}, 713: {8}, 927: {9}}
clusters:[2 1 3 3 0 2 0 4 3 2]

round: 37
best_g_value: 300.0
open_list_size: 36
num_low_level_expanded: 9831
search_success: 1
search_time: 3.3240128653123975
n_tsp_call: 9
n_tsp_time: 1.6367281288839877
n_roots: 1
num_conflicts: 36
target_assignment: {186: 5, 206: 4, 603: 4, 491: 7, 814: 1}
cluster_target_selection: {2: 186, 3: 206, 0: 603, 4: 491, 1: 814}
num_nodes_transformed_graph: 48
agent_paths:({0: [(1, 14), (2, 14), (2, 15), (2, 16), (2, 17), (2, 18), (2, 19), (2, 20), (2, 21), (2, 22), (2, 23), (1, 23), (1, 24), (1, 25), (2, 25), (3, 25), (3, 26), (3, 27), (3, 28), (3, 29), (3, 30), (4, 30), (5, 30), (6, 30), (7, 30), (8, 30), (9, 30), (9, 30)], 1: [(22, 1), (22, 2), (22, 3), (23, 3), (24, 3), (25, 3), (26, 3), (27, 3), (27, 4), (27, 5), (26, 5), (25, 5), (25, 6), (25, 7), (25, 8), (25, 9), (24, 9), (23, 9), (23, 10), (23, 11), (22, 11), (22, 12), (22, 13), (22, 14), (22, 15), (22, 16), (22, 17), (22, 18), (22, 19), (22, 20), (22, 21), (21, 21), (20, 21), (19, 21), (18, 21), (17, 21), (17, 22), (16, 22), (15, 22), (15, 23), (15, 24), (15, 25), (14, 25), (15, 25), (15, 24), (15, 23), (15, 22), (16, 22), (17, 22), (17, 21), (18, 21), (19, 21), (20, 21), (21, 21), (22, 21), (22, 20), (22, 19), (22, 18), (23, 18), (24, 18), (25, 18), (25, 17), (26, 17), (27, 17), (27, 16), (27, 16)], 2: [(23, 9), (24, 9), (25, 9), (26, 9), (26, 10), (26, 11), (27, 11), (27, 12), (27, 13), (26, 13), (26, 13)], 3: [(26, 21), (27, 21), (27, 22), (27, 23), (27, 24), (27, 25), (26, 25), (25, 25), (24, 25), (23, 25), (23, 24), (23, 23), (22, 23), (21, 23), (21, 22), (21, 21), (20, 21), (19, 21), (18, 21), (17, 21), (17, 22), (16, 22), (15, 22), (14, 22), (13, 22), (13, 23), (12, 23), (11, 23), (10, 23), (10, 22), (10, 21), (9, 21), (8, 21), (7, 21), (6, 21), (5, 21), (5, 22), (4, 22), (3, 22), (3, 21), (3, 21)], 4: [(15, 5), (14, 5), (14, 6), (14, 7), (14, 8), (14, 9), (15, 9), (16, 9), (17, 9), (18, 9), (18, 10), (18, 11), (18, 12), (18, 13), (19, 13), (20, 13), (21, 13), (22, 13), (22, 14), (22, 15), (22, 16), (22, 17), (23, 17), (23, 18), (24, 18), (25, 18), (26, 18), (27, 18), (27, 19), (27, 20), (27, 20)], 5: [(15, 22), (16, 22), (17, 22), (17, 21), (18, 21), (19, 21), (20, 21), (21, 21), (22, 21), (22, 20), (22, 19), (22, 18), (22, 17), (22, 16), (22, 15), (22, 14), (22, 13), (22, 12), (22, 11), (22, 10), (22, 9), (23, 9), (24, 9), (25, 9), (25, 8), (25, 7), (25, 6), (25, 5), (26, 5), (26, 6), (26, 6)], 6: [(19, 21), (20, 21), (21, 21), (22, 21), (22, 20), (22, 19), (22, 18), (23, 18), (24, 18), (25, 18), (25, 17), (26, 17), (27, 17), (27, 16), (27, 15), (27, 14), (27, 13), (27, 12), (27, 11), (27, 10), (28, 10), (28, 10)], 7: [(1, 11), (2, 11), (3, 11), (3, 10), (4, 10), (5, 10), (5, 11), (5, 12), (5, 13), (6, 13), (7, 13), (8, 13), (9, 13), (10, 13), (11, 13), (11, 14), (11, 15), (11, 14), (12, 14), (13, 14), (14, 14), (15, 14), (16, 14), (17, 14), (18, 14), (19, 14), (19, 13), (20, 13), (21, 13), (21, 14), (21, 14)], 8: [(15, 27), (14, 27), (13, 27), (12, 27), (11, 27), (11, 26), (11, 25), (11, 24), (11, 23), (10, 23), (9, 23), (9, 22), (9, 22)], 9: [(8, 9), (9, 9), (9, 10), (9, 11), (9, 12), (9, 13), (10, 13), (11, 13), (11, 14), (12, 14), (13, 14), (14, 14), (15, 14), (16, 14), (17, 14), (18, 14), (18, 15), (18, 16), (18, 17), (19, 17), (20, 17), (21, 17), (22, 17), (23, 17), (23, 18), (24, 18), (25, 18), (26, 18), (27, 18), (28, 18), (29, 18), (30, 18), (31, 18), (31, 19), (31, 20), (31, 21), (31, 22), (31, 23), (30, 23), (30, 24), (30, 25), (31, 25), (31, 26), (31, 27), (31, 28), (31, 28)]}, 64)