

CBSS-C STATS
starts:[355, 759]
targets:[567, 875, 1007, 742, 811, 306, 92, 470, 705, 125]
dests:[185, 845]
ac_dict:{567: {0, 1}, 185: {0}, 845: {1}}
clusters:[7 8 9 3 6 0 1 4 5 2]

round: 1
best_g_value: 135.0
open_list_size: 0
num_low_level_expanded: 326
search_success: 1
search_time: 0.2768440489890054
n_tsp_call: 1
n_tsp_time: 0.2647413099912228
n_roots: 1
num_conflicts: 0
target_assignment: {705: 0, 742: 0, 811: 0, 875: 0, 567: 0, 470: 0, 306: 0, 92: 0, 125: 0, 1007: 1}
cluster_target_selection: {5: 705, 3: 742, 6: 811, 8: 875, 7: 567, 4: 470, 0: 306, 1: 92, 2: 125, 9: 1007}
num_nodes_transformed_graph: 24
agent_paths:({0: [(3, 11), (3, 10), (4, 10), (5, 10), (5, 11), (5, 12), (5, 13), (5, 14), (5, 15), (6, 15), (6, 16), (6, 17), (5, 17), (5, 18), (5, 19), (4, 19), (3, 19), (2, 19), (2, 20), (2, 21), (1, 21), (1, 22), (2, 22), (3, 22), (4, 22), (5, 22), (6, 22), (6, 23), (7, 23), (7, 22), (7, 21), (8, 21), (9, 21), (10, 21), (11, 21), (11, 22), (11, 23), (11, 24), (11, 25), (11, 26), (11, 27), (11, 26), (11, 25), (11, 24), (11, 23), (12, 23), (13, 23), (13, 22), (14, 22), (15, 22), (16, 22), (17, 22), (17, 21), (18, 21), (19, 21), (20, 21), (21, 21), (22, 21), (22, 20), (22, 19), (22, 18), (22, 17), (23, 17), (22, 17), (22, 16), (22, 15), (22, 14), (21, 14), (21, 13), (20, 13), (19, 13), (18, 13), (18, 12), (18, 11), (18, 10), (18, 9), (18, 8), (18, 7), (19, 7), (20, 7), (21, 7), (22, 7), (23, 7), (23, 8), (23, 9), (24, 9), (25, 9), (25, 8), (25, 7), (25, 6), (25, 5), (26, 5), (27, 5), (27, 4), (27, 3), (27, 2), (28, 2), (29, 2), (29, 3), (29, 2), (28, 2), (27, 2), (27, 3), (27, 4), (27, 5), (26, 5), (25, 5), (25, 5)], 1: [(23, 23), (23, 24), (23, 25), (22, 25), (21, 25), (21, 26), (20, 26), (19, 26), (18, 26), (18, 27), (18, 28), (18, 29), (17, 29), (17, 30), (17, 31), (16, 31), (15, 31), (16, 31), (17, 31), (17, 30), (17, 29), (18, 29), (18, 28), (18, 27), (17, 27), (16, 27), (15, 27), (14, 27), (13, 27), (13, 26), (13, 26)]}, 106)