

CBSS-C STATS
starts:[585, 806]
targets:[998, 49, 355, 262, 105, 17, 321, 869, 575, 378]
dests:[558, 317]
ac_dict:{998: {0, 1}, 558: {0}, 317: {1}}
clusters:[6 1 5 7 3 0 8 2 4 9]

round: 1
best_g_value: 147.0
open_list_size: 0
num_low_level_expanded: 443
search_success: 1
search_time: 0.19861298501200508
n_tsp_call: 1
n_tsp_time: 0.18260051000106614
n_roots: 1
num_conflicts: 0
target_assignment: {355: 0, 321: 0, 262: 0, 105: 0, 49: 0, 17: 0, 869: 1, 998: 1, 575: 1, 378: 1}
cluster_target_selection: {5: 355, 8: 321, 7: 262, 3: 105, 1: 49, 0: 17, 2: 869, 6: 998, 4: 575, 9: 378}
num_nodes_transformed_graph: 24
agent_paths:({0: [(9, 18), (8, 18), (7, 18), (6, 18), (6, 17), (6, 16), (6, 15), (5, 15), (5, 14), (5, 13), (5, 12), (5, 11), (5, 10), (4, 10), (3, 10), (3, 11), (2, 11), (1, 11), (1, 10), (2, 10), (3, 10), (4, 10), (5, 10), (5, 9), (6, 9), (6, 8), (6, 7), (6, 6), (6, 5), (6, 4), (6, 3), (7, 3), (7, 2), (7, 1), (8, 1), (9, 1), (9, 2), (9, 3), (10, 3), (11, 3), (12, 3), (13, 3), (13, 2), (14, 2), (15, 2), (16, 2), (17, 2), (17, 1), (17, 0), (17, 1), (17, 2), (16, 2), (15, 2), (14, 2), (14, 3), (14, 4), (14, 5), (14, 6), (14, 7), (14, 8), (14, 9), (15, 9), (16, 9), (17, 9), (17, 10), (17, 11), (18, 11), (18, 12), (18, 13), (18, 14), (18, 15), (18, 16), (18, 17), (17, 17), (17, 18), (16, 18), (15, 18), (14, 18), (14, 17), (14, 17)], 1: [(6, 25), (5, 25), (5, 26), (5, 27), (5, 26), (4, 26), (3, 26), (3, 27), (3, 28), (3, 29), (3, 30), (4, 30), (5, 30), (6, 30), (6, 31), (6, 30), (7, 30), (8, 30), (9, 30), (9, 29), (10, 29), (10, 28), (10, 27), (10, 26), (10, 25), (11, 25), (11, 24), (11, 23), (12, 23), (13, 23), (13, 22), (14, 22), (15, 22), (16, 22), (17, 22), (17, 21), (18, 21), (19, 21), (20, 21), (21, 21), (22, 21), (22, 20), (22, 19), (22, 18), (23, 18), (24, 18), (25, 18), (26, 18), (27, 18), (28, 18), (29, 18), (29, 17), (30, 17), (31, 17), (31, 16), (31, 15), (30, 15), (29, 15), (29, 14), (28, 14), (27, 14), (27, 13), (27, 12), (27, 11), (26, 11), (26, 10), (27, 10), (28, 10), (29, 10), (29, 9), (29, 9)]}, 78)