

CBSS-C STATS
starts:[869, 761, 690, 720, 274, 717, 123, 630, 877, 822]
targets:[951, 418, 547, 1015, 255, 9, 510, 857, 715, 313]
dests:[1023, 71, 973, 550, 75, 745, 186, 795, 567, 974]
ac_dict:{951: {0, 1}, 418: {1, 2}, 547: {2, 3}, 1015: {3, 4}, 255: {4, 5}, 9: {5, 6}, 510: {6, 7}, 857: {8, 7}, 715: {8, 9}, 1023: {0}, 71: {1}, 973: {2}, 550: {3}, 75: {4}, 745: {5}, 186: {6}, 795: {7}, 567: {8}, 974: {9}}
clusters:[3 0 3 0 1 0 2 4 3 4]

round: 3
best_g_value: 274.0
open_list_size: 2
num_low_level_expanded: 1629
search_success: 1
search_time: 0.17212225496768951
n_tsp_call: 1
n_tsp_time: 0.12039747601374984
n_roots: 1
num_conflicts: 2
target_assignment: {951: 0, 313: 4, 255: 4, 1015: 3, 510: 7}
cluster_target_selection: {3: 951, 4: 313, 1: 255, 0: 1015, 2: 510}
num_nodes_transformed_graph: 34
agent_paths:({0: [(5, 27), (5, 26), (4, 26), (3, 26), (3, 27), (3, 28), (3, 29), (3, 30), (4, 30), (5, 30), (6, 30), (7, 30), (8, 30), (9, 30), (9, 29), (10, 29), (10, 28), (10, 27), (11, 27), (12, 27), (13, 27), (14, 27), (15, 27), (16, 27), (17, 27), (17, 26), (18, 26), (19, 26), (20, 26), (21, 26), (22, 26), (23, 26), (23, 27), (23, 28), (23, 29), (23, 30), (23, 31), (24, 31), (25, 31), (26, 31), (27, 31), (28, 31), (29, 31), (30, 31), (31, 31), (31, 31)], 1: [(25, 23), (25, 22), (25, 21), (26, 21), (27, 21), (27, 20), (27, 19), (26, 19), (25, 19), (25, 18), (24, 18), (23, 18), (22, 18), (21, 18), (21, 17), (20, 17), (19, 17), (18, 17), (18, 16), (18, 15), (18, 14), (18, 13), (18, 12), (18, 11), (17, 11), (17, 10), (17, 9), (16, 9), (15, 9), (14, 9), (14, 8), (14, 7), (13, 7), (13, 6), (13, 5), (12, 5), (11, 5), (11, 4), (11, 3), (10, 3), (9, 3), (9, 2), (9, 1), (8, 1), (7, 1), (7, 2), (7, 2)], 2: [(18, 21), (17, 21), (17, 22), (17, 23), (17, 24), (17, 25), (17, 26), (17, 27), (18, 27), (18, 28), (18, 29), (17, 29), (17, 30), (17, 31), (16, 31), (15, 31), (14, 31), (13, 31), (13, 30), (13, 30)], 3: [(16, 22), (17, 22), (17, 23), (17, 24), (17, 25), (18, 25), (19, 25), (19, 26), (20, 26), (21, 26), (22, 26), (23, 26), (23, 27), (23, 28), (23, 29), (23, 30), (23, 31), (22, 31), (21, 31), (20, 31), (19, 31), (18, 31), (18, 30), (18, 29), (18, 28), (18, 27), (17, 27), (16, 27), (15, 27), (14, 27), (13, 27), (12, 27), (11, 27), (11, 26), (11, 25), (11, 24), (11, 23), (10, 23), (10, 22), (9, 22), (9, 21), (9, 20), (9, 19), (9, 18), (8, 18), (7, 18), (6, 18), (6, 17), (6, 17)], 4: [(18, 8), (18, 7), (19, 7), (20, 7), (21, 7), (22, 7), (23, 7), (23, 8), (23, 9), (24, 9), (25, 9), (25, 8), (25, 7), (26, 7), (27, 7), (27, 6), (28, 6), (29, 6), (30, 6), (31, 6), (31, 7), (30, 7), (29, 7), (29, 6), (28, 6), (27, 6), (27, 5), (27, 4), (27, 3), (26, 3), (25, 3), (24, 3), (23, 3), (22, 3), (21, 3), (21, 2), (21, 1), (20, 1), (19, 1), (18, 1), (17, 1), (17, 2), (16, 2), (15, 2), (14, 2), (13, 2), (13, 3), (12, 3), (11, 3), (11, 2), (11, 2)], 5: [(13, 22), (13, 23), (12, 23), (11, 23), (10, 23), (9, 23), (9, 23)], 6: [(27, 3), (27, 4), (27, 5), (26, 5), (26, 5)], 7: [(22, 19), (22, 18), (23, 18), (24, 18), (25, 18), (26, 18), (27, 18), (28, 18), (29, 18), (29, 17), (30, 17), (31, 17), (31, 16), (31, 15), (30, 15), (29, 15), (29, 14), (28, 14), (27, 14), (27, 15), (27, 16), (27, 17), (27, 18), (27, 19), (27, 20), (27, 21), (27, 22), (27, 23), (27, 24), (27, 24)], 8: [(13, 27), (13, 26), (13, 25), (14, 25), (15, 25), (15, 24), (15, 23), (15, 22), (16, 22), (17, 22), (17, 21), (18, 21), (19, 21), (20, 21), (21, 21), (22, 21), (22, 20), (22, 19), (22, 18), (22, 17), (23, 17), (23, 17)], 9: [(22, 25), (21, 25), (21, 26), (20, 26), (19, 26), (18, 26), (18, 27), (18, 28), (18, 29), (17, 29), (17, 30), (17, 31), (16, 31), (15, 31), (14, 31), (14, 30), (14, 30)]}, 49)