

CBSS-C STATS
starts:[1016, 838, 714, 473, 1022, 209, 450, 77, 746, 719]
targets:[683, 725, 603, 842, 707, 706, 849, 453, 594, 841]
dests:[564, 94, 565, 837, 476, 826, 722, 334, 850, 617]
ac_dict:{683: {0, 1}, 725: {1, 2}, 603: {2, 3}, 842: {3, 4}, 707: {4, 5}, 706: {5, 6}, 849: {6, 7}, 453: {8, 7}, 594: {8, 9}, 564: {0}, 94: {1}, 565: {2}, 837: {3}, 476: {4}, 826: {5}, 722: {6}, 334: {7}, 850: {8}, 617: {9}}
clusters:[0 2 2 2 0 4 4 1 3 1]

round: 26
best_g_value: 288.0
open_list_size: 25
num_low_level_expanded: 7163
search_success: 1
search_time: 1.9168517729267478
n_tsp_call: 13
n_tsp_time: 1.3486183215864003
n_roots: 1
num_conflicts: 25
target_assignment: {706: 6, 594: 9, 603: 3, 841: 3, 683: 1}
cluster_target_selection: {4: 706, 3: 594, 2: 603, 1: 841, 0: 683}
num_nodes_transformed_graph: 32
agent_paths:({0: [(24, 31), (23, 31), (23, 30), (23, 29), (23, 28), (23, 27), (23, 26), (23, 25), (23, 24), (23, 23), (22, 23), (22, 22), (22, 21), (22, 20), (22, 19), (21, 19), (21, 18), (21, 17), (20, 17), (20, 17)], 1: [(6, 26), (5, 26), (4, 26), (3, 26), (3, 25), (2, 25), (1, 25), (1, 24), (1, 23), (1, 22), (2, 22), (3, 22), (4, 22), (5, 22), (5, 21), (6, 21), (7, 21), (8, 21), (9, 21), (10, 21), (11, 21), (11, 22), (11, 23), (12, 23), (13, 23), (13, 22), (14, 22), (15, 22), (16, 22), (17, 22), (17, 21), (18, 21), (19, 21), (20, 21), (21, 21), (22, 21), (22, 20), (22, 19), (22, 18), (22, 17), (22, 16), (22, 15), (22, 14), (22, 13), (22, 12), (22, 11), (22, 10), (22, 9), (23, 9), (24, 9), (25, 9), (25, 8), (25, 7), (25, 6), (25, 5), (26, 5), (27, 5), (27, 4), (27, 3), (27, 2), (28, 2), (29, 2), (30, 2), (30, 2)], 2: [(10, 22), (11, 22), (11, 23), (12, 23), (13, 23), (13, 22), (14, 22), (15, 22), (16, 22), (17, 22), (17, 21), (18, 21), (19, 21), (20, 21), (21, 21), (22, 21), (22, 20), (22, 19), (21, 19), (21, 18), (21, 17), (21, 17)], 3: [(25, 14), (26, 14), (27, 14), (27, 15), (27, 16), (27, 17), (27, 18), (27, 19), (27, 20), (27, 21), (27, 22), (27, 23), (27, 24), (27, 25), (26, 25), (25, 25), (24, 25), (23, 25), (22, 25), (21, 25), (21, 26), (20, 26), (19, 26), (19, 27), (18, 27), (17, 27), (16, 27), (15, 27), (14, 27), (13, 27), (12, 27), (11, 27), (10, 27), (9, 27), (9, 26), (10, 26), (10, 27), (10, 28), (10, 29), (9, 29), (9, 30), (8, 30), (7, 30), (6, 30), (5, 30), (4, 30), (3, 30), (3, 29), (3, 28), (3, 27), (3, 26), (4, 26), (5, 26), (5, 26)], 4: [(30, 31), (30, 30), (30, 29), (31, 29), (31, 28), (31, 27), (30, 27), (30, 26), (30, 25), (30, 24), (30, 23), (29, 23), (28, 23), (27, 23), (27, 22), (27, 21), (27, 20), (27, 19), (27, 18), (27, 17), (27, 16), (27, 15), (27, 14), (28, 14), (28, 14)], 5: [(17, 6), (18, 6), (18, 7), (18, 8), (18, 9), (19, 9), (19, 10), (19, 11), (20, 11), (21, 11), (22, 11), (22, 12), (22, 13), (22, 14), (22, 15), (22, 16), (22, 17), (22, 18), (22, 19), (22, 20), (22, 21), (23, 21), (23, 22), (23, 23), (23, 24), (23, 25), (24, 25), (25, 25), (26, 25), (26, 25)], 6: [(2, 14), (2, 15), (2, 16), (2, 17), (2, 18), (2, 19), (2, 20), (2, 21), (2, 22), (3, 22), (4, 22), (5, 22), (6, 22), (7, 22), (7, 21), (8, 21), (9, 21), (10, 21), (11, 21), (11, 22), (11, 23), (12, 23), (13, 23), (13, 22), (14, 22), (15, 22), (16, 22), (17, 22), (18, 22), (18, 22)], 7: [(13, 2), (14, 2), (14, 3), (14, 4), (14, 5), (14, 6), (14, 7), (14, 8), (14, 9), (14, 10), (14, 10)], 8: [(10, 23), (11, 23), (12, 23), (13, 23), (14, 23), (15, 23), (15, 24), (15, 25), (15, 26), (15, 27), (16, 27), (17, 27), (17, 26), (18, 26), (18, 26)], 9: [(15, 22), (16, 22), (17, 22), (17, 21), (18, 21), (19, 21), (20, 21), (21, 21), (22, 21), (22, 20), (22, 19), (21, 19), (21, 18), (21, 17), (20, 17), (19, 17), (18, 17), (18, 18), (18, 17), (18, 16), (18, 15), (17, 15), (17, 14), (16, 14), (15, 14), (14, 14), (13, 14), (12, 14), (11, 14), (11, 15), (11, 16), (11, 17), (10, 17), (9, 17), (9, 18), (9, 19), (9, 19)]}, 62)