

CBSS-C STATS
starts:[818, 839]
targets:[554, 425, 1015, 342, 946, 592, 182, 464, 838, 633]
dests:[193, 427]
ac_dict:{554: {0, 1}, 193: {0}, 427: {1}}
clusters:[5 7 9 1 8 2 4 0 6 3]

round: 1
best_g_value: 129.0
open_list_size: 0
num_low_level_expanded: 301
search_success: 1
search_time: 0.01400593901053071
n_tsp_call: 1
n_tsp_time: 0.004255121995811351
n_roots: 1
num_conflicts: 0
target_assignment: {946: 0, 1015: 0, 633: 0, 342: 0, 182: 0, 592: 0, 464: 0, 425: 0, 838: 1, 554: 1}
cluster_target_selection: {8: 946, 9: 1015, 3: 633, 1: 342, 4: 182, 2: 592, 0: 464, 7: 425, 6: 838, 5: 554}
num_nodes_transformed_graph: 14
agent_paths:({0: [(18, 25), (18, 26), (18, 27), (18, 28), (18, 29), (19, 29), (19, 30), (19, 31), (20, 31), (21, 31), (22, 31), (23, 31), (23, 30), (23, 29), (23, 28), (23, 27), (23, 26), (23, 25), (23, 24), (23, 23), (23, 22), (23, 21), (22, 21), (22, 20), (22, 19), (23, 19), (23, 18), (24, 18), (25, 18), (25, 19), (25, 18), (24, 18), (23, 18), (22, 18), (22, 17), (22, 16), (22, 15), (22, 14), (22, 13), (22, 12), (22, 11), (22, 10), (22, 9), (23, 9), (23, 8), (23, 7), (22, 7), (22, 6), (22, 5), (21, 5), (21, 6), (21, 7), (20, 7), (19, 7), (18, 7), (18, 8), (18, 9), (18, 10), (18, 11), (18, 12), (18, 13), (18, 14), (18, 15), (18, 16), (18, 17), (17, 17), (17, 18), (16, 18), (17, 18), (17, 17), (18, 17), (18, 16), (18, 15), (17, 15), (17, 14), (16, 14), (15, 14), (14, 14), (13, 14), (12, 14), (11, 14), (10, 14), (9, 14), (9, 13), (9, 12), (9, 11), (9, 10), (9, 9), (8, 9), (7, 9), (6, 9), (6, 8), (6, 7), (5, 7), (5, 6), (5, 5), (4, 5), (3, 5), (2, 5), (1, 5), (1, 6), (1, 6)], 1: [(7, 26), (6, 26), (5, 26), (4, 26), (3, 26), (3, 25), (2, 25), (1, 25), (1, 24), (1, 23), (1, 22), (1, 21), (2, 21), (2, 20), (2, 19), (3, 19), (4, 19), (5, 19), (5, 18), (6, 18), (7, 18), (8, 18), (9, 18), (9, 17), (10, 17), (11, 17), (11, 16), (11, 15), (11, 14), (11, 13), (11, 13)]}, 100)