

CBSS-C STATS
starts:[190, 329]
targets:[491, 761, 1022, 35, 93, 894, 242, 867, 195, 175]
dests:[243, 942]
ac_dict:{491: {0, 1}, 243: {0}, 942: {1}}
clusters:[1 6 8 3 4 5 7 9 0 2]

round: 1
best_g_value: 165.0
open_list_size: 0
num_low_level_expanded: 524
search_success: 1
search_time: 0.09049483799026348
n_tsp_call: 1
n_tsp_time: 0.07239501300500706
n_roots: 1
num_conflicts: 0
target_assignment: {93: 0, 175: 0, 242: 0, 195: 1, 35: 1, 491: 1, 867: 1, 761: 1, 894: 1, 1022: 1}
cluster_target_selection: {4: 93, 2: 175, 7: 242, 0: 195, 3: 35, 1: 491, 9: 867, 6: 761, 5: 894, 8: 1022}
num_nodes_transformed_graph: 24
agent_paths:({0: [(30, 5), (30, 4), (30, 3), (29, 3), (29, 2), (28, 2), (27, 2), (26, 2), (25, 2), (25, 3), (24, 3), (23, 3), (22, 3), (21, 3), (21, 2), (21, 1), (20, 1), (19, 1), (18, 1), (17, 1), (17, 2), (16, 2), (15, 2), (15, 3), (14, 3), (14, 4), (14, 5), (15, 5), (16, 5), (17, 5), (18, 5), (18, 6), (18, 7), (19, 7), (19, 7)], 1: [(9, 10), (9, 9), (8, 9), (7, 9), (6, 9), (6, 8), (6, 7), (5, 7), (5, 6), (5, 5), (4, 5), (3, 5), (3, 6), (3, 5), (3, 4), (3, 3), (3, 2), (3, 1), (3, 2), (3, 3), (3, 4), (3, 5), (4, 5), (5, 5), (6, 5), (6, 6), (6, 7), (6, 8), (6, 9), (7, 9), (8, 9), (9, 9), (9, 10), (9, 11), (9, 12), (9, 13), (10, 13), (11, 13), (11, 14), (11, 15), (11, 16), (11, 17), (10, 17), (9, 17), (9, 18), (9, 19), (9, 20), (9, 21), (8, 21), (7, 21), (6, 21), (5, 21), (5, 22), (4, 22), (3, 22), (3, 23), (2, 23), (1, 23), (1, 24), (1, 25), (2, 25), (3, 25), (3, 26), (3, 27), (3, 28), (3, 29), (3, 30), (4, 30), (5, 30), (6, 30), (7, 30), (8, 30), (9, 30), (9, 29), (10, 29), (10, 28), (10, 27), (11, 27), (12, 27), (13, 27), (14, 27), (15, 27), (16, 27), (17, 27), (17, 26), (18, 26), (19, 26), (20, 26), (21, 26), (21, 25), (22, 25), (23, 25), (24, 25), (25, 25), (26, 25), (27, 25), (27, 24), (27, 23), (26, 23), (25, 23), (26, 23), (27, 23), (28, 23), (29, 23), (30, 23), (30, 24), (30, 25), (30, 26), (30, 27), (31, 27), (31, 28), (31, 29), (30, 29), (30, 30), (30, 31), (29, 31), (28, 31), (27, 31), (26, 31), (25, 31), (24, 31), (23, 31), (22, 31), (21, 31), (20, 31), (19, 31), (18, 31), (17, 31), (16, 31), (15, 31), (14, 31), (14, 30), (14, 29), (14, 29)]}, 132)