

CBSS-C STATS
starts:[190, 483, 436, 426, 477]
targets:[981, 593, 307, 237, 697, 625, 302, 351, 229, 441, 197, 53, 173, 682, 205, 633, 736, 165, 246, 281]
dests:[155, 111, 322, 767, 1023]
ac_dict:{981: {0, 1}, 593: {1, 2}, 307: {2, 3}, 237: {3, 4}, 155: {0}, 111: {1}, 322: {2}, 767: {3}, 1023: {4}}
clusters:[9 3 2 9 4 8 6 0 6 5 3 7 5 6 3 7 2 1 1 7]

round: 1
best_g_value: 157.0
open_list_size: 0
num_low_level_expanded: 315
search_success: 1
search_time: 4.213745294138789
n_tsp_call: 1
n_tsp_time: 4.181419990956783
n_roots: 1
num_conflicts: 0
target_assignment: {237: 3, 302: 3, 307: 3, 625: 3, 633: 3, 697: 3, 197: 1, 165: 1, 173: 1, 351: 4}
cluster_target_selection: {9: 237, 6: 302, 2: 307, 8: 625, 7: 633, 4: 697, 3: 197, 1: 165, 5: 173, 0: 351}
num_nodes_transformed_graph: 98
agent_paths:({0: [(30, 5), (29, 5), (29, 6), (28, 6), (27, 6), (27, 5), (27, 4), (27, 4)], 1: [(3, 15), (2, 15), (2, 16), (2, 17), (3, 17), (3, 18), (3, 19), (4, 19), (5, 19), (5, 18), (5, 17), (6, 17), (6, 16), (6, 15), (5, 15), (5, 14), (5, 13), (5, 12), (5, 11), (5, 10), (5, 9), (6, 9), (6, 8), (6, 7), (5, 7), (5, 6), (5, 5), (6, 5), (7, 5), (7, 6), (8, 6), (9, 6), (9, 5), (10, 5), (11, 5), (12, 5), (13, 5), (14, 5), (14, 4), (14, 3), (15, 3), (15, 3)], 2: [(20, 13), (19, 13), (18, 13), (17, 13), (17, 14), (16, 14), (15, 14), (14, 14), (13, 14), (12, 14), (11, 14), (10, 14), (9, 14), (9, 13), (8, 13), (7, 13), (6, 13), (5, 13), (5, 12), (5, 11), (5, 10), (4, 10), (3, 10), (2, 10), (2, 10)], 3: [(10, 13), (9, 13), (9, 12), (9, 11), (10, 11), (11, 11), (12, 11), (13, 11), (13, 10), (13, 9), (14, 9), (14, 8), (14, 7), (13, 7), (14, 7), (14, 8), (14, 9), (15, 9), (16, 9), (17, 9), (18, 9), (19, 9), (18, 9), (18, 10), (18, 11), (18, 12), (18, 13), (18, 14), (18, 15), (18, 16), (18, 17), (17, 17), (17, 18), (17, 19), (18, 19), (19, 19), (19, 18), (19, 17), (20, 17), (21, 17), (22, 17), (23, 17), (23, 18), (24, 18), (25, 18), (25, 19), (26, 19), (27, 19), (27, 20), (27, 21), (26, 21), (25, 21), (26, 21), (27, 21), (27, 22), (27, 23), (28, 23), (29, 23), (30, 23), (31, 23), (31, 23)], 4: [(29, 14), (29, 13), (30, 13), (31, 13), (31, 12), (31, 11), (31, 10), (31, 11), (31, 12), (31, 13), (31, 14), (31, 15), (31, 16), (31, 17), (31, 18), (31, 19), (31, 20), (31, 21), (31, 22), (31, 23), (30, 23), (30, 24), (30, 25), (31, 25), (31, 26), (31, 27), (31, 28), (31, 29), (31, 30), (31, 31), (31, 31)]}, 59)