

CBSS-C STATS
starts:[222, 767, 1009, 703, 73]
targets:[607, 333, 189, 595, 614, 142, 1018, 612, 931, 891]
dests:[1020, 437, 65, 359, 247]
ac_dict:{607: {0, 1}, 333: {1, 2}, 189: {2, 3}, 595: {3, 4}, 1020: {0}, 437: {1}, 65: {2}, 359: {3}, 247: {4}}
clusters:[2 2 3 4 0 2 1 2 2 3]

round: 1
best_g_value: 163.0
open_list_size: 0
num_low_level_expanded: 514
search_success: 1
search_time: 0.21334165707230568
n_tsp_call: 1
n_tsp_time: 0.19144823914393783
n_roots: 1
num_conflicts: 0
target_assignment: {891: 0, 1018: 0, 142: 4, 614: 2, 595: 3}
cluster_target_selection: {3: 891, 1: 1018, 2: 142, 0: 614, 4: 595}
num_nodes_transformed_graph: 48
agent_paths:({0: [(30, 6), (30, 7), (31, 7), (31, 8), (31, 9), (30, 9), (29, 9), (29, 10), (28, 10), (27, 10), (27, 11), (27, 12), (27, 13), (27, 14), (27, 15), (27, 16), (27, 17), (27, 18), (27, 19), (27, 20), (27, 21), (27, 22), (27, 23), (27, 24), (27, 25), (27, 26), (27, 27), (27, 28), (27, 29), (26, 29), (26, 30), (26, 31), (27, 31), (28, 31), (28, 31)], 1: [(31, 23), (30, 23), (29, 23), (28, 23), (27, 23), (27, 22), (27, 21), (27, 20), (27, 19), (26, 19), (25, 19), (25, 18), (24, 18), (23, 18), (22, 18), (22, 17), (22, 16), (22, 15), (21, 15), (21, 14), (21, 13), (21, 13)], 2: [(17, 31), (17, 30), (17, 29), (18, 29), (18, 28), (18, 27), (17, 27), (16, 27), (15, 27), (14, 27), (13, 27), (12, 27), (11, 27), (11, 26), (11, 25), (11, 24), (11, 23), (10, 23), (9, 23), (9, 22), (9, 21), (9, 20), (9, 19), (9, 18), (8, 18), (7, 18), (6, 18), (6, 19), (6, 18), (6, 17), (6, 16), (6, 15), (5, 15), (5, 14), (5, 13), (5, 12), (5, 11), (5, 10), (5, 9), (6, 9), (6, 8), (6, 7), (5, 7), (5, 6), (5, 5), (4, 5), (3, 5), (3, 4), (3, 3), (2, 3), (1, 3), (1, 2), (1, 2)], 3: [(31, 21), (31, 20), (31, 19), (30, 19), (29, 19), (29, 18), (28, 18), (27, 18), (26, 18), (25, 18), (24, 18), (23, 18), (22, 18), (21, 18), (21, 17), (20, 17), (19, 17), (19, 18), (18, 18), (18, 17), (18, 16), (18, 15), (17, 15), (17, 14), (16, 14), (15, 14), (14, 14), (13, 14), (12, 14), (11, 14), (10, 14), (9, 14), (9, 13), (8, 13), (7, 13), (6, 13), (5, 13), (5, 12), (5, 11), (6, 11), (7, 11), (7, 11)], 4: [(9, 2), (10, 2), (11, 2), (11, 3), (12, 3), (13, 3), (14, 3), (14, 4), (14, 5), (15, 5), (16, 5), (17, 5), (18, 5), (19, 5), (19, 6), (19, 7), (20, 7), (21, 7), (22, 7), (23, 7), (23, 7)]}, 51)