

CBSS-C STATS
starts:[968, 81, 594, 692, 748, 893, 757, 470, 1011, 288]
targets:[427, 849, 577, 929, 509, 963, 250, 747, 287, 755]
dests:[550, 419, 9, 683, 853, 317, 1007, 302, 634, 555]
ac_dict:{427: {0, 1}, 849: {1, 2}, 577: {2, 3}, 929: {3, 4}, 509: {4, 5}, 963: {5, 6}, 250: {6, 7}, 747: {8, 7}, 287: {8, 9}, 550: {0}, 419: {1}, 9: {2}, 683: {3}, 853: {4}, 317: {5}, 1007: {6}, 302: {7}, 634: {8}, 555: {9}}
clusters:[1 4 4 4 3 2 2 2 0 3]

round: 44
best_g_value: 296.0
open_list_size: 43
num_low_level_expanded: 15025
search_success: 1
search_time: 3.854521404951811
n_tsp_call: 12
n_tsp_time: 2.473013026639819
n_roots: 1
num_conflicts: 43
target_assignment: {427: 1, 250: 7, 929: 4, 287: 8, 755: 6}
cluster_target_selection: {1: 427, 2: 250, 4: 929, 0: 287, 3: 755}
num_nodes_transformed_graph: 48
agent_paths:({0: [(8, 30), (9, 30), (9, 29), (10, 29), (10, 28), (10, 27), (10, 26), (10, 25), (11, 25), (11, 24), (11, 23), (10, 23), (9, 23), (9, 22), (9, 21), (9, 20), (9, 19), (9, 18), (8, 18), (7, 18), (6, 18), (6, 17), (6, 17)], 1: [(17, 2), (16, 2), (15, 2), (14, 2), (14, 3), (14, 4), (14, 5), (14, 6), (14, 7), (14, 8), (14, 9), (13, 9), (13, 10), (13, 11), (12, 11), (11, 11), (10, 11), (9, 11), (9, 12), (9, 13), (10, 13), (11, 13), (11, 14), (11, 15), (11, 16), (11, 17), (10, 17), (9, 17), (9, 18), (8, 18), (7, 18), (6, 18), (5, 18), (5, 19), (4, 19), (3, 19), (3, 18), (3, 17), (2, 17), (2, 16), (2, 15), (2, 14), (2, 13), (3, 13), (3, 13)], 2: [(18, 18), (18, 17), (18, 16), (18, 15), (18, 14), (18, 13), (18, 12), (18, 11), (17, 11), (17, 10), (17, 9), (16, 9), (15, 9), (14, 9), (14, 8), (14, 7), (13, 7), (13, 6), (13, 5), (12, 5), (11, 5), (11, 4), (11, 3), (10, 3), (9, 3), (9, 2), (9, 1), (9, 0), (9, 0)], 3: [(20, 21), (19, 21), (18, 21), (17, 21), (17, 22), (16, 22), (15, 22), (14, 22), (13, 22), (13, 23), (12, 23), (11, 23), (11, 22), (11, 21), (11, 21)], 4: [(12, 23), (11, 23), (11, 24), (11, 25), (11, 26), (11, 27), (10, 27), (10, 28), (10, 29), (9, 29), (9, 30), (8, 30), (7, 30), (6, 30), (5, 30), (4, 30), (3, 30), (2, 30), (1, 30), (1, 29), (2, 29), (3, 29), (3, 30), (4, 30), (5, 30), (6, 30), (7, 30), (8, 30), (9, 30), (9, 29), (10, 29), (10, 28), (10, 27), (11, 27), (12, 27), (13, 27), (14, 27), (15, 27), (16, 27), (17, 27), (17, 26), (18, 26), (19, 26), (20, 26), (21, 26), (21, 26)], 5: [(29, 27), (29, 26), (29, 25), (30, 25), (30, 24), (30, 23), (30, 22), (30, 21), (31, 21), (31, 20), (31, 19), (31, 18), (31, 17), (31, 16), (31, 15), (31, 14), (31, 13), (31, 12), (31, 11), (30, 11), (29, 11), (29, 10), (29, 9), (29, 9)], 6: [(21, 23), (21, 22), (21, 21), (20, 21), (19, 21), (19, 22), (19, 23), (18, 23), (17, 23), (17, 24), (17, 25), (17, 26), (17, 27), (18, 27), (18, 28), (18, 29), (17, 29), (17, 30), (17, 31), (16, 31), (15, 31), (15, 31)], 7: [(22, 14), (22, 13), (22, 12), (22, 11), (22, 10), (22, 9), (23, 9), (24, 9), (25, 9), (25, 8), (25, 7), (26, 7), (25, 7), (25, 8), (25, 9), (24, 9), (23, 9), (22, 9), (21, 9), (21, 10), (21, 11), (20, 11), (19, 11), (18, 11), (17, 11), (17, 10), (17, 9), (16, 9), (15, 9), (14, 9), (14, 9)], 8: [(19, 31), (20, 31), (21, 31), (21, 30), (21, 29), (22, 29), (23, 29), (23, 28), (23, 27), (23, 26), (23, 25), (24, 25), (25, 25), (26, 25), (27, 25), (27, 24), (27, 23), (27, 22), (27, 21), (27, 20), (27, 19), (27, 18), (27, 17), (27, 16), (27, 15), (27, 14), (27, 13), (27, 12), (27, 11), (27, 10), (28, 10), (29, 10), (30, 10), (30, 9), (31, 9), (31, 8), (31, 9), (30, 9), (30, 10), (29, 10), (28, 10), (27, 10), (27, 11), (27, 12), (27, 13), (27, 14), (27, 15), (27, 16), (27, 17), (26, 17), (26, 18), (26, 19), (26, 19)], 9: [(0, 9), (1, 9), (2, 9), (3, 9), (3, 10), (4, 10), (5, 10), (5, 11), (5, 12), (5, 13), (6, 13), (7, 13), (8, 13), (9, 13), (10, 13), (11, 13), (11, 14), (11, 15), (11, 16), (11, 17), (11, 18), (11, 18), (11, 18), (11, 18), (11, 18), (11, 18), (11, 17), (11, 17)]}, 51)