

CBSS-C STATS
starts:[555, 550, 975, 551, 421]
targets:[587, 99, 890, 709, 57, 506, 630, 471, 570, 557, 562, 230, 67, 341, 250, 498, 175, 489, 806, 807]
dests:[941, 707, 927, 957, 563]
ac_dict:{587: {0, 1}, 99: {1, 2}, 890: {2, 3}, 709: {3, 4}, 941: {0}, 707: {1}, 927: {2}, 957: {3}, 563: {4}}
clusters:[3 7 9 1 9 4 7 6 2 6 0 0 0 3 0 0 4 8 5 0]

round: 2
best_g_value: 183.0
open_list_size: 1
num_low_level_expanded: 934
search_success: 1
search_time: 14.383157472126186
n_tsp_call: 14
n_tsp_time: 13.911470317747444
n_roots: 1
num_conflicts: 1
target_assignment: {587: 0, 806: 1, 489: 4, 562: 4, 709: 3, 471: 3, 630: 3, 570: 3, 506: 3, 890: 3}
cluster_target_selection: {3: 587, 5: 806, 8: 489, 0: 562, 1: 709, 6: 471, 7: 630, 2: 570, 4: 506, 9: 890}
num_nodes_transformed_graph: 98
agent_paths:({0: [(11, 17), (11, 18), (11, 19), (10, 19), (10, 19), (9, 19), (9, 20), (9, 21), (10, 21), (11, 21), (11, 22), (11, 23), (11, 24), (11, 25), (11, 26), (11, 27), (12, 27), (13, 27), (14, 27), (15, 27), (16, 27), (17, 27), (18, 27), (18, 28), (18, 29), (17, 29), (17, 30), (17, 31), (16, 31), (15, 31), (14, 31), (13, 31), (13, 30), (13, 29), (13, 29)], 1: [(6, 17), (6, 18), (6, 19), (5, 19), (4, 19), (3, 19), (2, 19), (2, 20), (2, 21), (2, 22), (2, 23), (1, 23), (1, 24), (1, 25), (2, 25), (3, 25), (3, 26), (4, 26), (5, 26), (5, 25), (6, 25), (5, 25), (5, 26), (4, 26), (3, 26), (3, 25), (2, 25), (1, 25), (1, 24), (1, 23), (1, 22), (2, 22), (3, 22), (3, 22)], 2: [(15, 30), (15, 31), (16, 31), (17, 31), (18, 31), (19, 31), (20, 31), (21, 31), (22, 31), (23, 31), (24, 31), (25, 31), (26, 31), (27, 31), (28, 31), (29, 31), (29, 30), (29, 29), (30, 29), (31, 29), (31, 28), (31, 28)], 3: [(7, 17), (7, 18), (8, 18), (9, 18), (9, 19), (9, 20), (9, 21), (8, 21), (7, 21), (6, 21), (5, 21), (5, 22), (5, 21), (6, 21), (7, 21), (8, 21), (9, 21), (9, 20), (9, 19), (9, 18), (9, 17), (10, 17), (11, 17), (11, 16), (11, 15), (11, 14), (12, 14), (13, 14), (14, 14), (15, 14), (16, 14), (17, 14), (18, 14), (19, 14), (19, 13), (20, 13), (21, 13), (22, 13), (23, 13), (23, 14), (22, 14), (22, 15), (22, 16), (22, 17), (22, 18), (22, 19), (22, 18), (23, 18), (24, 18), (25, 18), (25, 17), (26, 17), (27, 17), (27, 16), (27, 15), (26, 15), (27, 15), (27, 16), (27, 17), (27, 18), (27, 19), (27, 20), (27, 21), (27, 22), (27, 23), (27, 24), (27, 25), (26, 25), (26, 26), (26, 27), (27, 27), (27, 28), (27, 29), (27, 30), (27, 31), (28, 31), (29, 31), (29, 30), (29, 29), (29, 29)], 4: [(5, 13), (6, 13), (7, 13), (8, 13), (9, 13), (9, 14), (9, 15), (10, 15), (11, 15), (11, 14), (12, 14), (13, 14), (14, 14), (15, 14), (16, 14), (17, 14), (18, 14), (18, 15), (18, 16), (18, 17), (19, 17), (19, 17)]}, 78)