

CBSS-C STATS
starts:[574, 389, 561, 302, 17, 461, 42]
targets:[955, 365, 555, 879, 194, 94, 419, 965, 96, 607]
dests:[855, 58, 493, 163, 29, 687, 109]
ac_dict:{955: {0, 1}, 365: {1, 2}, 555: {2, 3}, 879: {3, 4}, 194: {4, 5}, 94: {5, 6}, 855: {0}, 58: {1}, 493: {2}, 163: {3}, 29: {4}, 687: {5}, 109: {6}}
clusters:[8 7 1 2 9 5 6 3 0 4]

round: 65
best_g_value: 311.0
open_list_size: 68
num_low_level_expanded: 26726
search_success: 1
search_time: 4.902091605006717
n_tsp_call: 27
n_tsp_time: 3.1735889189876616
n_roots: 3
num_conflicts: 66
target_assignment: {607: 0, 955: 0, 365: 1, 94: 6, 194: 5, 555: 3, 879: 3, 965: 3, 419: 3, 96: 3}
cluster_target_selection: {4: 607, 8: 955, 7: 365, 5: 94, 9: 194, 1: 555, 2: 879, 3: 965, 6: 419, 0: 96}
num_nodes_transformed_graph: 34
agent_paths:({0: [(30, 17), (31, 17), (31, 18), (30, 18), (29, 18), (28, 18), (27, 18), (27, 19), (27, 20), (27, 21), (27, 22), (27, 23), (27, 24), (27, 25), (27, 26), (27, 27), (27, 28), (27, 29), (27, 28), (27, 27), (26, 27), (25, 27), (25, 26), (25, 25), (24, 25), (23, 25), (23, 26), (23, 26)], 1: [(5, 12), (5, 11), (6, 11), (7, 11), (7, 10), (7, 9), (8, 9), (9, 9), (10, 9), (11, 9), (11, 10), (11, 11), (12, 11), (13, 11), (13, 10), (13, 9), (14, 9), (14, 8), (14, 7), (14, 6), (14, 5), (14, 4), (14, 3), (14, 2), (15, 2), (16, 2), (17, 2), (17, 1), (18, 1), (19, 1), (20, 1), (21, 1), (22, 1), (23, 1), (23, 2), (23, 2), (23, 3), (24, 3), (25, 3), (25, 2), (25, 1), (26, 1), (26, 1)], 2: [(17, 17), (18, 17), (18, 16), (18, 15), (17, 15), (17, 14), (16, 14), (15, 14), (14, 14), (13, 14), (13, 15), (13, 15)], 3: [(14, 9), (13, 9), (13, 10), (13, 11), (12, 11), (11, 11), (10, 11), (10, 11), (9, 11), (9, 12), (9, 13), (10, 13), (11, 13), (11, 14), (11, 15), (11, 16), (11, 17), (11, 18), (11, 19), (10, 19), (9, 19), (9, 20), (9, 21), (10, 21), (11, 21), (11, 22), (11, 23), (12, 23), (13, 23), (14, 23), (15, 23), (15, 24), (15, 25), (15, 26), (15, 27), (14, 27), (13, 27), (12, 27), (11, 27), (10, 27), (10, 28), (10, 29), (9, 29), (9, 30), (8, 30), (7, 30), (6, 30), (5, 30), (4, 30), (3, 30), (3, 29), (3, 28), (3, 27), (3, 26), (3, 25), (2, 25), (1, 25), (1, 24), (1, 23), (1, 22), (1, 21), (2, 21), (2, 20), (2, 19), (2, 18), (2, 17), (2, 16), (2, 15), (2, 14), (2, 13), (3, 13), (2, 13), (2, 14), (2, 15), (2, 16), (2, 17), (3, 17), (3, 18), (3, 19), (4, 19), (5, 19), (5, 18), (5, 17), (6, 17), (6, 16), (6, 15), (5, 15), (5, 14), (5, 13), (5, 12), (5, 11), (5, 10), (5, 9), (6, 9), (6, 8), (6, 7), (5, 7), (5, 6), (5, 5), (4, 5), (3, 5), (3, 4), (3, 3), (2, 3), (1, 3), (0, 3), (1, 3), (2, 3), (3, 3), (3, 4), (3, 5), (3, 5)], 4: [(17, 0), (17, 1), (18, 1), (19, 1), (20, 1), (21, 1), (22, 1), (23, 1), (23, 2), (23, 3), (24, 3), (25, 3), (25, 2), (26, 2), (27, 2), (28, 2), (29, 2), (29, 1), (29, 0), (29, 0)], 5: [(13, 14), (12, 14), (11, 14), (10, 14), (9, 14), (9, 13), (9, 12), (9, 11), (9, 10), (9, 9), (8, 9), (7, 9), (6, 9), (6, 8), (6, 7), (5, 7), (5, 6), (5, 5), (4, 5), (3, 5), (2, 5), (2, 6), (3, 6), (3, 5), (4, 5), (5, 5), (6, 5), (6, 6), (6, 7), (6, 8), (6, 9), (6, 10), (6, 11), (5, 11), (5, 12), (5, 13), (6, 13), (6, 14), (6, 15), (6, 16), (6, 17), (7, 17), (7, 18), (8, 18), (9, 18), (9, 19), (9, 20), (9, 21), (10, 21), (11, 21), (11, 22), (11, 23), (12, 23), (13, 23), (13, 22), (13, 21), (14, 21), (15, 21), (15, 21)], 6: [(10, 1), (11, 1), (11, 2), (11, 3), (12, 3), (13, 3), (13, 2), (14, 2), (15, 2), (16, 2), (17, 2), (18, 2), (19, 2), (19, 1), (20, 1), (21, 1), (22, 1), (23, 1), (23, 2), (23, 3), (24, 3), (25, 3), (25, 2), (26, 2), (27, 2), (28, 2), (29, 2), (30, 2), (29, 2), (28, 2), (27, 2), (26, 2), (25, 2), (25, 3), (24, 3), (23, 3), (22, 3), (21, 3), (21, 2), (21, 1), (20, 1), (19, 1), (18, 1), (17, 1), (17, 2), (16, 2), (15, 2), (14, 2), (13, 2), (13, 3), (13, 3)]}, 110)