

CBSS-C STATS
starts:[105, 59, 506, 710, 887, 685, 514]
targets:[110, 731, 601, 590, 177, 722, 102, 127, 553, 250]
dests:[569, 878, 326, 115, 441, 107, 718]
ac_dict:{110: {0, 1}, 731: {1, 2}, 601: {2, 3}, 590: {3, 4}, 177: {4, 5}, 722: {5, 6}, 569: {0}, 878: {1}, 326: {2}, 115: {3}, 441: {4}, 107: {5}, 718: {6}}
clusters:[0 8 2 5 4 6 7 3 1 9]

round: 4
best_g_value: 272.0
open_list_size: 3
num_low_level_expanded: 2080
search_success: 1
search_time: 1.4038040900049964
n_tsp_call: 14
n_tsp_time: 1.0129686250293162
n_roots: 1
num_conflicts: 3
target_assignment: {110: 0, 553: 3, 590: 3, 127: 1, 250: 1, 731: 1, 601: 2, 102: 2, 722: 5, 177: 5}
cluster_target_selection: {0: 110, 1: 553, 5: 590, 3: 127, 9: 250, 8: 731, 2: 601, 7: 102, 6: 722, 4: 177}
num_nodes_transformed_graph: 33
agent_paths:({0: [(9, 3), (10, 3), (11, 3), (12, 3), (13, 3), (14, 3), (14, 4), (14, 5), (15, 5), (16, 5), (17, 5), (18, 5), (18, 6), (18, 7), (18, 8), (18, 9), (19, 9), (19, 10), (19, 11), (20, 11), (21, 11), (22, 11), (22, 12), (22, 13), (22, 14), (22, 15), (22, 16), (22, 17), (23, 17), (23, 18), (24, 18), (25, 18), (25, 17), (25, 17)], 1: [(27, 1), (27, 2), (28, 2), (29, 2), (30, 2), (31, 2), (31, 3), (30, 3), (30, 4), (30, 5), (29, 5), (29, 6), (28, 6), (27, 6), (26, 6), (26, 7), (25, 7), (25, 8), (25, 9), (26, 9), (27, 9), (27, 10), (27, 11), (27, 12), (27, 13), (27, 14), (27, 15), (27, 16), (27, 17), (27, 18), (27, 19), (27, 20), (27, 21), (27, 22), (27, 23), (27, 24), (27, 25), (26, 25), (25, 25), (24, 25), (23, 25), (22, 25), (21, 25), (21, 26), (20, 26), (19, 26), (18, 26), (17, 26), (17, 27), (16, 27), (15, 27), (14, 27), (14, 27)], 2: [(26, 15), (27, 15), (27, 16), (27, 17), (26, 17), (25, 17), (25, 18), (24, 18), (23, 18), (22, 18), (21, 18), (21, 17), (20, 17), (19, 17), (18, 17), (18, 16), (18, 15), (18, 14), (18, 13), (18, 12), (18, 11), (17, 11), (17, 10), (17, 9), (16, 9), (15, 9), (14, 9), (14, 8), (14, 7), (13, 7), (13, 6), (13, 5), (12, 5), (11, 5), (10, 5), (9, 5), (9, 6), (8, 6), (7, 6), (6, 6), (6, 5), (6, 4), (6, 3), (6, 4), (6, 5), (6, 6), (6, 7), (6, 8), (6, 9), (6, 10), (6, 10)], 3: [(6, 22), (6, 21), (7, 21), (8, 21), (9, 21), (9, 20), (9, 19), (9, 18), (9, 17), (10, 17), (11, 17), (11, 16), (11, 15), (11, 14), (12, 14), (13, 14), (14, 14), (15, 14), (16, 14), (17, 14), (17, 15), (18, 15), (18, 16), (18, 17), (17, 17), (17, 18), (16, 18), (15, 18), (14, 18), (15, 18), (16, 18), (17, 18), (17, 17), (18, 17), (18, 16), (18, 15), (18, 14), (18, 13), (18, 12), (18, 11), (18, 10), (18, 9), (18, 8), (18, 7), (18, 6), (18, 5), (17, 5), (16, 5), (15, 5), (14, 5), (14, 4), (14, 3), (15, 3), (15, 2), (16, 2), (17, 2), (18, 2), (19, 2), (19, 3), (19, 3)], 4: [(23, 27), (23, 26), (23, 25), (24, 25), (25, 25), (26, 25), (27, 25), (27, 24), (27, 23), (27, 22), (27, 21), (27, 20), (27, 19), (27, 18), (27, 17), (27, 16), (27, 15), (26, 15), (25, 15), (25, 14), (25, 13), (25, 13)], 5: [(13, 21), (14, 21), (15, 21), (15, 22), (16, 22), (17, 22), (18, 22), (18, 21), (19, 21), (20, 21), (21, 21), (22, 21), (22, 20), (22, 19), (22, 18), (22, 17), (22, 16), (22, 15), (21, 15), (21, 14), (21, 13), (20, 13), (19, 13), (18, 13), (18, 12), (18, 11), (18, 10), (18, 9), (18, 8), (18, 7), (17, 7), (17, 6), (17, 5), (16, 5), (15, 5), (14, 5), (13, 5), (12, 5), (11, 5), (11, 4), (11, 3), (11, 3)], 6: [(2, 16), (2, 17), (2, 18), (2, 19), (2, 20), (2, 21), (3, 21), (3, 22), (4, 22), (5, 22), (6, 22), (7, 22), (7, 21), (8, 21), (9, 21), (10, 21), (11, 21), (11, 22), (11, 23), (12, 23), (13, 23), (13, 22), (14, 22), (14, 22)]}, 58)