

CBSS-C STATS
starts:[993, 679, 313, 55, 86]
targets:[891, 725, 287, 186, 246, 550, 437, 312, 439, 223, 675, 306, 90, 849, 611, 198, 858, 311, 457, 571]
dests:[491, 35, 862, 638, 389]
ac_dict:{891: {0, 1}, 725: {1, 2}, 287: {2, 3}, 186: {3, 4}, 491: {0}, 35: {1}, 862: {2}, 638: {3}, 389: {4}}
clusters:[1 9 6 5 1 0 2 6 8 3 4 2 9 8 9 3 0 0 7 0]

round: 3
best_g_value: 161.0
open_list_size: 2
num_low_level_expanded: 625
search_success: 1
search_time: 27.28930248785764
n_tsp_call: 15
n_tsp_time: 27.010758075863123
n_roots: 1
num_conflicts: 2
target_assignment: {675: 0, 611: 0, 198: 4, 312: 2, 246: 2, 437: 2, 439: 2, 457: 1, 186: 3, 571: 3}
cluster_target_selection: {4: 675, 9: 611, 3: 198, 6: 312, 1: 246, 2: 437, 8: 439, 7: 457, 5: 186, 0: 571}
num_nodes_transformed_graph: 98
agent_paths:({0: [(1, 31), (1, 30), (1, 29), (2, 29), (3, 29), (3, 28), (3, 27), (3, 26), (3, 25), (2, 25), (1, 25), (1, 24), (1, 23), (1, 22), (1, 21), (2, 21), (3, 21), (2, 21), (2, 20), (2, 19), (3, 19), (4, 19), (5, 19), (5, 18), (6, 18), (7, 18), (8, 18), (9, 18), (9, 17), (10, 17), (11, 17), (11, 16), (11, 15), (11, 15)], 1: [(7, 21), (8, 21), (9, 21), (9, 20), (9, 19), (9, 18), (9, 17), (10, 17), (11, 17), (11, 16), (11, 15), (10, 15), (9, 15), (9, 14), (9, 13), (9, 12), (9, 11), (9, 10), (9, 9), (8, 9), (7, 9), (6, 9), (6, 8), (6, 7), (5, 7), (5, 6), (5, 5), (4, 5), (3, 5), (3, 4), (3, 3), (3, 2), (3, 1), (3, 1)], 2: [(25, 9), (24, 9), (23, 9), (23, 8), (23, 7), (22, 7), (23, 7), (23, 8), (23, 9), (22, 9), (22, 10), (22, 11), (22, 12), (22, 13), (21, 13), (22, 13), (23, 13), (23, 14), (23, 15), (22, 15), (22, 16), (22, 17), (23, 17), (23, 18), (24, 18), (25, 18), (26, 18), (27, 18), (27, 19), (27, 20), (27, 21), (27, 22), (27, 23), (28, 23), (29, 23), (30, 23), (30, 24), (30, 25), (30, 26), (30, 26)], 3: [(23, 1), (23, 2), (23, 3), (24, 3), (25, 3), (26, 3), (27, 3), (27, 4), (27, 5), (26, 5), (26, 6), (26, 7), (25, 7), (25, 8), (25, 9), (26, 9), (27, 9), (27, 10), (27, 11), (27, 12), (27, 13), (27, 14), (27, 15), (27, 16), (27, 17), (27, 18), (28, 18), (29, 18), (30, 18), (30, 19), (30, 19)], 4: [(22, 2), (21, 2), (21, 1), (20, 1), (19, 1), (18, 1), (17, 1), (17, 2), (16, 2), (15, 2), (14, 2), (13, 2), (13, 3), (12, 3), (11, 3), (11, 4), (11, 5), (10, 5), (9, 5), (9, 6), (8, 6), (7, 6), (6, 6), (6, 6), (6, 7), (6, 8), (6, 9), (5, 9), (5, 10), (5, 11), (5, 12), (5, 12)]}, 38)