

CBSS-C STATS
starts:[597, 947, 594, 968, 801]
targets:[826, 815, 233, 485, 174, 120, 559, 337, 725, 973]
dests:[574, 603, 9, 550, 993]
ac_dict:{826: {0, 1}, 815: {1, 2}, 233: {2, 3}, 485: {3, 4}, 574: {0}, 603: {1}, 9: {2}, 550: {3}, 993: {4}}
clusters:[1 2 3 1 4 1 2 1 4 0]

round: 1
best_g_value: 119.0
open_list_size: 0
num_low_level_expanded: 240
search_success: 1
search_time: 0.10752199310809374
n_tsp_call: 1
n_tsp_time: 0.09281359286978841
n_roots: 1
num_conflicts: 0
target_assignment: {973: 1, 815: 1, 337: 2, 174: 2, 233: 2}
cluster_target_selection: {0: 973, 2: 815, 1: 337, 4: 174, 3: 233}
num_nodes_transformed_graph: 48
agent_paths:({0: [(21, 18), (22, 18), (23, 18), (24, 18), (25, 18), (26, 18), (27, 18), (28, 18), (29, 18), (29, 17), (30, 17), (30, 17)], 1: [(19, 29), (18, 29), (17, 29), (17, 30), (17, 31), (16, 31), (15, 31), (14, 31), (13, 31), (13, 30), (14, 30), (15, 30), (15, 31), (16, 31), (17, 31), (17, 30), (17, 29), (18, 29), (18, 28), (18, 27), (17, 27), (16, 27), (15, 27), (15, 26), (15, 25), (15, 24), (15, 23), (15, 22), (16, 22), (17, 22), (17, 21), (18, 21), (19, 21), (20, 21), (21, 21), (22, 21), (22, 20), (22, 19), (22, 18), (23, 18), (24, 18), (25, 18), (26, 18), (27, 18), (27, 18)], 2: [(18, 18), (18, 17), (18, 16), (18, 15), (18, 14), (18, 13), (18, 12), (18, 11), (17, 11), (17, 10), (17, 9), (16, 9), (15, 9), (14, 9), (14, 8), (14, 7), (14, 6), (14, 5), (13, 5), (12, 5), (11, 5), (10, 5), (9, 5), (9, 6), (9, 7), (9, 6), (9, 5), (10, 5), (11, 5), (11, 4), (11, 3), (10, 3), (9, 3), (9, 2), (9, 1), (9, 0), (9, 0)], 3: [(8, 30), (9, 30), (9, 29), (10, 29), (10, 28), (10, 27), (10, 26), (10, 25), (11, 25), (11, 24), (11, 23), (10, 23), (9, 23), (9, 22), (9, 21), (9, 20), (9, 19), (9, 18), (8, 18), (7, 18), (6, 18), (6, 17), (6, 17)], 4: [(1, 25), (1, 26), (1, 27), (2, 27), (3, 27), (3, 28), (3, 29), (2, 29), (1, 29), (1, 30), (1, 31), (1, 31)]}, 43)