

CBSS-C STATS
starts:[471, 218, 829, 110, 41]
targets:[458, 415, 957, 511, 406, 354, 343, 351, 314, 534, 367, 702, 438, 602, 226, 682, 1016, 450, 54, 545]
dests:[880, 301, 89, 78, 459]
ac_dict:{458: {0, 1}, 415: {1, 2}, 957: {2, 3}, 511: {3, 4}, 880: {0}, 301: {1}, 89: {2}, 78: {3}, 459: {4}}
clusters:[ 3  1 10  9 13 16 17  4 15  8  0 12  2 19  7  5 14 11 18  6]

round: 1
best_g_value: 257.0
open_list_size: 0
num_low_level_expanded: 566
search_success: 1
search_time: 0.31798608299868647
n_tsp_call: 1
n_tsp_time: 0.28672772500431165
n_roots: 1
num_conflicts: 0
target_assignment: {534: 0, 1016: 0, 957: 2, 702: 2, 415: 2, 351: 2, 54: 2, 226: 4, 354: 4, 545: 4, 450: 4, 682: 4, 511: 4, 602: 4, 314: 1, 343: 1, 406: 1, 438: 1, 458: 1, 367: 1}
cluster_target_selection: {8: 534, 14: 1016, 10: 957, 12: 702, 1: 415, 4: 351, 18: 54, 7: 226, 16: 354, 6: 545, 11: 450, 5: 682, 9: 511, 19: 602, 15: 314, 17: 343, 13: 406, 2: 438, 3: 458, 0: 367}
num_nodes_transformed_graph: 53
agent_paths:({0: [(23, 14), (22, 14), (22, 15), (22, 16), (22, 17), (22, 18), (22, 19), (22, 20), (22, 21), (23, 21), (23, 22), (23, 23), (23, 24), (23, 25), (23, 26), (23, 27), (23, 28), (23, 29), (23, 30), (23, 31), (24, 31), (23, 31), (22, 31), (21, 31), (20, 31), (19, 31), (18, 31), (18, 30), (18, 29), (18, 28), (18, 27), (17, 27), (16, 27), (16, 27)], 1: [(26, 6), (26, 7), (25, 7), (25, 8), (25, 9), (26, 9), (25, 9), (24, 9), (23, 9), (23, 10), (22, 10), (22, 11), (22, 12), (22, 13), (21, 13), (20, 13), (19, 13), (18, 13), (17, 13), (17, 14), (16, 14), (15, 14), (14, 14), (13, 14), (12, 14), (11, 14), (10, 14), (10, 13), (9, 13), (9, 12), (9, 11), (10, 11), (11, 11), (12, 11), (13, 11), (14, 11), (15, 11), (14, 11), (13, 11), (13, 10), (13, 9), (13, 9)], 2: [(29, 25), (29, 26), (29, 27), (30, 27), (31, 27), (31, 28), (31, 29), (30, 29), (29, 29), (30, 29), (31, 29), (31, 28), (31, 27), (30, 27), (30, 26), (30, 25), (30, 24), (30, 23), (30, 22), (30, 21), (31, 21), (31, 20), (31, 19), (31, 18), (31, 17), (31, 16), (31, 15), (31, 14), (31, 13), (31, 12), (31, 11), (31, 10), (31, 9), (31, 8), (31, 7), (30, 7), (29, 7), (29, 6), (28, 6), (27, 6), (27, 5), (27, 4), (27, 3), (26, 3), (25, 3), (24, 3), (23, 3), (22, 3), (22, 2), (22, 1), (23, 1), (23, 2), (23, 3), (24, 3), (25, 3), (25, 2), (25, 2)], 3: [(14, 3), (14, 2), (14, 2)], 4: [(9, 1), (8, 1), (7, 1), (6, 1), (6, 2), (6, 3), (6, 4), (6, 5), (5, 5), (4, 5), (3, 5), (2, 5), (2, 6), (2, 7), (2, 6), (2, 5), (3, 5), (4, 5), (5, 5), (5, 6), (5, 7), (6, 7), (6, 8), (6, 9), (5, 9), (5, 10), (4, 10), (3, 10), (2, 10), (2, 11), (2, 10), (3, 10), (4, 10), (5, 10), (5, 11), (5, 12), (5, 13), (5, 14), (5, 15), (6, 15), (6, 16), (6, 17), (5, 17), (5, 18), (5, 19), (4, 19), (3, 19), (2, 19), (1, 19), (1, 18), (1, 17), (2, 17), (2, 16), (2, 15), (2, 14), (2, 15), (2, 16), (2, 17), (3, 17), (3, 18), (3, 19), (4, 19), (5, 19), (6, 19), (7, 19), (7, 18), (8, 18), (9, 18), (9, 19), (9, 20), (9, 21), (10, 21), (11, 21), (11, 22), (11, 23), (12, 23), (13, 23), (13, 22), (14, 22), (15, 22), (16, 22), (17, 22), (17, 21), (18, 21), (19, 21), (20, 21), (21, 21), (22, 21), (22, 20), (22, 19), (22, 18), (23, 18), (24, 18), (25, 18), (26, 18), (27, 18), (28, 18), (29, 18), (29, 17), (30, 17), (31, 17), (31, 16), (31, 15), (31, 16), (31, 17), (30, 17), (29, 17), (29, 18), (28, 18), (27, 18), (26, 18), (25, 18), (24, 18), (23, 18), (22, 18), (21, 18), (21, 17), (20, 17), (19, 17), (18, 17), (18, 16), (18, 15), (17, 15), (17, 14), (16, 14), (15, 14), (14, 14), (13, 14), (12, 14), (11, 14), (11, 14)]}, 129)