

CBSS-C STATS
starts:[499, 906, 217, 364, 721, 37, 194]
targets:[691, 239, 346, 677, 958, 74, 426, 453, 695, 474]
dests:[581, 501, 630, 973, 846, 331, 595]
ac_dict:{691: {0, 1}, 239: {1, 2}, 346: {2, 3}, 677: {3, 4}, 958: {4, 5}, 74: {5, 6}, 581: {0}, 501: {1}, 630: {2}, 973: {3}, 846: {4}, 331: {5}, 595: {6}}
clusters:[0 9 2 7 8 3 5 6 1 4]

round: 35
best_g_value: 257.0
open_list_size: 96
num_low_level_expanded: 48738
search_success: 1
search_time: 63.011023596001905
n_tsp_call: 271
n_tsp_time: 50.74650936573744
n_roots: 32
num_conflicts: 65
target_assignment: {426: 0, 453: 0, 239: 2, 346: 2, 474: 2, 691: 1, 695: 4, 958: 4, 677: 3, 74: 5}
cluster_target_selection: {5: 426, 6: 453, 9: 239, 2: 346, 4: 474, 0: 691, 1: 695, 8: 958, 7: 677, 3: 74}
num_nodes_transformed_graph: 54
agent_paths:({0: [(19, 15), (18, 15), (17, 15), (17, 14), (16, 14), (15, 14), (14, 14), (13, 14), (12, 14), (11, 14), (10, 14), (10, 13), (9, 13), (8, 13), (7, 13), (6, 13), (5, 13), (5, 14), (5, 15), (6, 15), (6, 16), (6, 17), (5, 17), (5, 18), (5, 18)], 1: [(10, 28), (10, 27), (10, 26), (10, 25), (11, 25), (11, 24), (11, 23), (12, 23), (13, 23), (13, 22), (14, 22), (15, 22), (16, 22), (17, 22), (17, 21), (18, 21), (19, 21), (20, 21), (21, 21), (22, 21), (22, 20), (22, 19), (22, 18), (22, 17), (22, 16), (22, 15), (21, 15), (21, 15)], 2: [(25, 6), (25, 7), (25, 8), (25, 9), (24, 9), (23, 9), (23, 8), (23, 7), (22, 7), (21, 7), (20, 7), (19, 7), (18, 7), (17, 7), (17, 6), (17, 5), (16, 5), (15, 5), (15, 6), (15, 7), (15, 6), (15, 5), (16, 5), (17, 5), (18, 5), (19, 5), (19, 6), (19, 7), (20, 7), (21, 7), (22, 7), (23, 7), (23, 8), (23, 9), (24, 9), (25, 9), (26, 9), (26, 10), (26, 11), (27, 11), (27, 12), (27, 13), (26, 13), (26, 14), (26, 15), (27, 15), (27, 16), (27, 17), (26, 17), (25, 17), (25, 18), (24, 18), (23, 18), (22, 18), (22, 19), (22, 19)], 3: [(12, 11), (11, 11), (10, 11), (9, 11), (9, 12), (9, 13), (9, 14), (9, 15), (10, 15), (11, 15), (11, 16), (11, 17), (10, 17), (9, 17), (9, 18), (9, 19), (9, 20), (9, 21), (8, 21), (7, 21), (6, 21), (5, 21), (6, 21), (7, 21), (8, 21), (9, 21), (10, 21), (11, 21), (11, 22), (11, 23), (11, 24), (11, 25), (11, 26), (11, 27), (12, 27), (13, 27), (14, 27), (15, 27), (16, 27), (17, 27), (18, 27), (18, 28), (18, 29), (17, 29), (17, 30), (17, 31), (16, 31), (15, 31), (14, 31), (13, 31), (13, 30), (13, 30)], 4: [(17, 22), (17, 21), (18, 21), (19, 21), (20, 21), (21, 21), (22, 21), (23, 21), (23, 22), (23, 23), (23, 24), (23, 25), (24, 25), (25, 25), (26, 25), (27, 25), (27, 26), (27, 27), (27, 28), (27, 29), (27, 30), (27, 31), (28, 31), (29, 31), (29, 30), (29, 29), (30, 29), (29, 29), (29, 30), (29, 31), (28, 31), (27, 31), (26, 31), (25, 31), (24, 31), (23, 31), (22, 31), (21, 31), (20, 31), (19, 31), (18, 31), (18, 30), (18, 30), (18, 29), (18, 28), (18, 27), (17, 27), (16, 27), (15, 27), (14, 27), (14, 26), (14, 26)], 5: [(5, 1), (6, 1), (7, 1), (8, 1), (9, 1), (10, 1), (10, 2), (11, 2), (11, 3), (11, 4), (11, 5), (12, 5), (13, 5), (13, 6), (13, 7), (14, 7), (14, 8), (14, 9), (13, 9), (13, 10), (13, 11), (12, 11), (11, 11), (11, 10), (11, 10)], 6: [(2, 6), (3, 6), (3, 5), (4, 5), (5, 5), (6, 5), (6, 6), (6, 7), (6, 8), (6, 9), (7, 9), (8, 9), (9, 9), (9, 10), (9, 11), (9, 12), (9, 13), (10, 13), (11, 13), (11, 14), (12, 14), (13, 14), (14, 14), (15, 14), (16, 14), (17, 14), (18, 14), (18, 15), (18, 16), (18, 17), (19, 17), (19, 18), (19, 18)]}, 54)