

CBSS-C STATS
starts:[634, 437]
targets:[957, 81, 331, 329, 682, 51, 739, 886, 545, 498]
dests:[434, 217]
ac_dict:{957: {0, 1}, 434: {0}, 217: {1}}
clusters:[1 3 4 8 5 9 6 0 2 7]

round: 1
best_g_value: 145.0
open_list_size: 0
num_low_level_expanded: 427
search_success: 1
search_time: 0.030065683997236192
n_tsp_call: 1
n_tsp_time: 0.014929582001059316
n_roots: 1
num_conflicts: 0
target_assignment: {957: 0, 886: 0, 682: 0, 739: 0, 545: 0, 329: 0, 331: 0, 498: 0, 81: 1, 51: 1}
cluster_target_selection: {1: 957, 0: 886, 5: 682, 6: 739, 2: 545, 8: 329, 4: 331, 7: 498, 3: 81, 9: 51}
num_nodes_transformed_graph: 14
agent_paths:({0: [(26, 19), (27, 19), (27, 20), (27, 21), (27, 22), (27, 23), (27, 24), (27, 25), (27, 26), (27, 27), (27, 28), (27, 29), (27, 30), (27, 31), (28, 31), (29, 31), (29, 30), (29, 29), (29, 30), (29, 31), (28, 31), (27, 31), (26, 31), (25, 31), (24, 31), (23, 31), (23, 30), (23, 29), (23, 28), (23, 27), (22, 27), (21, 27), (21, 26), (20, 26), (19, 26), (18, 26), (17, 26), (17, 25), (17, 24), (17, 23), (17, 22), (16, 22), (15, 22), (14, 22), (13, 22), (13, 23), (12, 23), (11, 23), (10, 23), (10, 22), (10, 21), (9, 21), (8, 21), (7, 21), (6, 21), (5, 21), (5, 22), (4, 22), (3, 22), (3, 23), (2, 23), (2, 22), (2, 21), (2, 20), (2, 19), (1, 19), (1, 18), (1, 17), (2, 17), (3, 17), (3, 18), (3, 19), (4, 19), (5, 19), (5, 18), (5, 17), (6, 17), (6, 16), (6, 15), (6, 14), (6, 13), (7, 13), (8, 13), (9, 13), (9, 12), (9, 11), (9, 10), (10, 10), (11, 10), (11, 11), (12, 11), (13, 11), (14, 11), (15, 11), (15, 10), (15, 9), (16, 9), (17, 9), (18, 9), (18, 10), (18, 11), (18, 12), (18, 13), (18, 14), (18, 15), (18, 14), (18, 13), (18, 13)], 1: [(21, 13), (20, 13), (19, 13), (18, 13), (18, 12), (18, 11), (18, 10), (18, 9), (18, 8), (18, 7), (17, 7), (17, 6), (17, 5), (16, 5), (15, 5), (14, 5), (14, 4), (14, 3), (14, 2), (15, 2), (16, 2), (17, 2), (17, 1), (18, 1), (19, 1), (20, 1), (21, 1), (22, 1), (23, 1), (23, 2), (23, 3), (24, 3), (25, 3), (26, 3), (27, 3), (27, 4), (27, 5), (26, 5), (25, 5), (25, 6), (25, 6)]}, 106)