

CBSS-C STATS
starts:[603, 341, 142, 191, 406]
targets:[438, 895, 319, 378, 852, 244, 87, 680, 639, 709]
dests:[637, 487, 695, 435, 714]
ac_dict:{438: {0, 1}, 895: {1, 2}, 319: {2, 3}, 378: {3, 4}, 637: {0}, 487: {1}, 695: {2}, 435: {3}, 714: {4}}
clusters:[0 1 1 0 1 1 0 1 1 1]

round: 1
best_g_value: 98.0
open_list_size: 0
num_low_level_expanded: 323
search_success: 1
search_time: 0.1435051979497075
n_tsp_call: 1
n_tsp_time: 0.1279964610002935
n_roots: 1
num_conflicts: 0
target_assignment: {319: 3, 378: 3}
cluster_target_selection: {1: 319, 0: 378}
num_nodes_transformed_graph: 48
agent_paths:({0: [(27, 18), (28, 18), (29, 18), (29, 19), (29, 19)], 1: [(21, 10), (21, 11), (20, 11), (19, 11), (18, 11), (18, 12), (18, 13), (17, 13), (17, 14), (16, 14), (15, 14), (14, 14), (13, 14), (12, 14), (11, 14), (10, 14), (9, 14), (9, 13), (8, 13), (7, 13), (7, 14), (7, 15), (7, 15)], 2: [(14, 4), (14, 5), (15, 5), (16, 5), (17, 5), (18, 5), (18, 6), (18, 7), (18, 8), (18, 9), (19, 9), (19, 10), (19, 11), (20, 11), (21, 11), (22, 11), (22, 12), (22, 13), (22, 14), (22, 15), (22, 16), (22, 17), (22, 18), (22, 19), (22, 20), (22, 21), (23, 21), (23, 21)], 3: [(31, 5), (31, 6), (31, 7), (31, 8), (31, 9), (30, 9), (29, 9), (29, 10), (28, 10), (27, 10), (26, 10), (26, 11), (25, 11), (25, 10), (25, 9), (24, 9), (23, 9), (22, 9), (22, 10), (22, 11), (22, 12), (22, 13), (21, 13), (20, 13), (19, 13), (19, 13)], 4: [(22, 12), (22, 13), (21, 13), (20, 13), (19, 13), (18, 13), (17, 13), (17, 14), (16, 14), (15, 14), (14, 14), (13, 14), (12, 14), (11, 14), (11, 15), (11, 16), (11, 17), (10, 17), (10, 18), (10, 19), (9, 19), (9, 20), (9, 21), (10, 21), (10, 22), (10, 22)]}, 26)