

CBSS-C STATS
starts:[865, 711, 766]
targets:[845, 862, 296, 677, 705, 67, 739, 306, 207, 219, 833, 769, 836, 75, 625]
dests:[699, 77, 802]
ac_dict:{845: {0, 1}, 862: {1, 2}, 699: {0}, 77: {1}, 802: {2}}
clusters:[ 7  0  8  6  4  2 12  3  5 13  9  1 11 10 14]

round: 1
best_g_value: 198.0
open_list_size: 0
num_low_level_expanded: 504
search_success: 1
search_time: 0.15692336100619286
n_tsp_call: 1
n_tsp_time: 0.132534927004599
n_roots: 1
num_conflicts: 0
target_assignment: {833: 0, 836: 0, 845: 0, 862: 2, 219: 2, 306: 2, 625: 2, 677: 2, 739: 2, 705: 2, 769: 2, 296: 1, 67: 1, 207: 1, 75: 1}
cluster_target_selection: {9: 833, 11: 836, 7: 845, 0: 862, 13: 219, 3: 306, 14: 625, 6: 677, 12: 739, 4: 705, 1: 769, 8: 296, 2: 67, 5: 207, 10: 75}
num_nodes_transformed_graph: 49
agent_paths:({0: [(1, 27), (1, 26), (2, 26), (3, 26), (4, 26), (3, 26), (3, 27), (3, 28), (3, 29), (3, 30), (4, 30), (5, 30), (6, 30), (7, 30), (8, 30), (9, 30), (9, 29), (10, 29), (10, 28), (10, 27), (11, 27), (12, 27), (13, 27), (13, 26), (14, 26), (15, 26), (15, 27), (16, 27), (17, 27), (17, 26), (18, 26), (19, 26), (20, 26), (21, 26), (21, 25), (22, 25), (23, 25), (24, 25), (25, 25), (26, 25), (27, 25), (27, 24), (27, 23), (27, 22), (27, 21), (27, 21)], 1: [(7, 22), (7, 21), (8, 21), (9, 21), (9, 20), (9, 19), (9, 18), (9, 17), (10, 17), (11, 17), (11, 16), (11, 15), (10, 15), (9, 15), (9, 14), (9, 13), (9, 12), (9, 11), (9, 10), (9, 9), (8, 9), (7, 9), (6, 9), (6, 8), (6, 7), (5, 7), (5, 6), (5, 5), (4, 5), (3, 5), (3, 4), (3, 3), (3, 2), (3, 3), (3, 4), (3, 5), (4, 5), (5, 5), (6, 5), (7, 5), (7, 6), (8, 6), (9, 6), (10, 6), (11, 6), (11, 5), (12, 5), (13, 5), (14, 5), (15, 5), (15, 6), (14, 6), (13, 6), (13, 5), (12, 5), (11, 5), (11, 4), (11, 3), (11, 2), (11, 3), (12, 3), (13, 3), (13, 2), (13, 2)], 2: [(30, 23), (30, 24), (30, 25), (30, 26), (30, 25), (30, 24), (30, 23), (30, 22), (30, 21), (31, 21), (31, 20), (31, 19), (31, 18), (31, 17), (31, 16), (31, 15), (31, 14), (31, 13), (31, 12), (31, 11), (31, 10), (31, 9), (31, 8), (31, 7), (30, 7), (29, 7), (29, 6), (28, 6), (27, 6), (26, 6), (25, 6), (25, 7), (25, 8), (25, 9), (24, 9), (23, 9), (22, 9), (21, 9), (21, 10), (21, 11), (20, 11), (19, 11), (18, 11), (18, 10), (18, 9), (18, 10), (18, 11), (18, 12), (18, 13), (18, 14), (18, 15), (18, 16), (18, 17), (17, 17), (17, 18), (17, 19), (17, 18), (17, 17), (18, 17), (18, 16), (18, 15), (17, 15), (17, 14), (16, 14), (15, 14), (14, 14), (13, 14), (12, 14), (11, 14), (11, 15), (11, 16), (11, 17), (10, 17), (9, 17), (9, 18), (9, 19), (9, 20), (9, 21), (8, 21), (7, 21), (6, 21), (5, 21), (5, 22), (4, 22), (3, 22), (3, 23), (2, 23), (1, 23), (1, 22), (1, 23), (1, 24), (1, 25), (2, 25), (2, 25)]}, 92)