

CBSS-C STATS
starts:[162, 295, 323, 881, 801]
targets:[1012, 985, 511, 103, 581, 447, 1013, 175, 587, 978, 190, 222, 631, 220, 310, 601, 713, 969, 739, 938]
dests:[942, 685, 887, 834, 108]
ac_dict:{1012: {0, 1}, 985: {1, 2}, 511: {2, 3}, 103: {3, 4}, 942: {0}, 685: {1}, 887: {2}, 834: {3}, 108: {4}}
clusters:[6 1 3 6 6 7 2 7 8 6 4 7 8 6 5 1 9 9 2 0]

round: 2
best_g_value: 210.0
open_list_size: 1
num_low_level_expanded: 1439
search_success: 1
search_time: 24.629382154904306
n_tsp_call: 15
n_tsp_time: 24.35973960114643
n_roots: 1
num_conflicts: 1
target_assignment: {739: 4, 587: 1, 713: 1, 938: 3, 310: 2, 220: 2, 190: 2, 222: 2, 511: 2, 601: 2}
cluster_target_selection: {2: 739, 8: 587, 9: 713, 0: 938, 5: 310, 6: 220, 4: 190, 7: 222, 3: 511, 1: 601}
num_nodes_transformed_graph: 98
agent_paths:({0: [(2, 5), (3, 5), (4, 5), (5, 5), (6, 5), (6, 6), (6, 7), (6, 8), (6, 9), (7, 9), (8, 9), (9, 9), (9, 10), (9, 11), (9, 12), (9, 13), (10, 13), (11, 13), (11, 14), (11, 15), (11, 16), (11, 17), (11, 18), (11, 19), (10, 19), (9, 19), (9, 20), (9, 21), (10, 21), (11, 21), (11, 22), (11, 23), (11, 24), (11, 25), (11, 26), (11, 27), (12, 27), (13, 27), (14, 27), (15, 27), (16, 27), (17, 27), (18, 27), (18, 28), (18, 29), (17, 29), (17, 30), (17, 31), (16, 31), (15, 31), (14, 31), (14, 30), (14, 29), (14, 29)], 1: [(7, 9), (8, 9), (9, 9), (9, 10), (9, 11), (9, 12), (9, 13), (10, 13), (11, 13), (11, 14), (11, 15), (11, 16), (11, 17), (11, 18), (10, 18), (9, 18), (9, 19), (9, 20), (9, 21), (9, 22), (10, 22), (11, 22), (11, 23), (12, 23), (13, 23), (13, 22), (13, 21), (13, 21)], 2: [(3, 10), (4, 10), (5, 10), (5, 9), (6, 9), (7, 9), (8, 9), (9, 9), (10, 9), (11, 9), (11, 10), (11, 11), (12, 11), (13, 11), (13, 10), (13, 9), (14, 9), (15, 9), (16, 9), (17, 9), (18, 9), (19, 9), (19, 10), (19, 11), (20, 11), (21, 11), (21, 10), (21, 9), (22, 9), (23, 9), (24, 9), (25, 9), (25, 8), (25, 7), (25, 6), (26, 6), (27, 6), (28, 6), (29, 6), (29, 5), (30, 5), (30, 6), (31, 6), (31, 7), (31, 8), (31, 9), (31, 10), (31, 11), (31, 12), (31, 13), (31, 14), (31, 15), (31, 16), (31, 17), (30, 17), (29, 17), (29, 18), (28, 18), (27, 18), (26, 18), (25, 18), (24, 18), (23, 18), (23, 19), (22, 19), (22, 20), (22, 21), (23, 21), (23, 22), (23, 23), (23, 24), (23, 25), (23, 26), (23, 27), (23, 27)], 3: [(17, 27), (16, 27), (15, 27), (14, 27), (13, 27), (12, 27), (11, 27), (10, 27), (10, 28), (10, 29), (9, 29), (9, 30), (8, 30), (7, 30), (6, 30), (5, 30), (4, 30), (3, 30), (3, 29), (3, 28), (3, 27), (2, 27), (2, 26), (2, 26)], 4: [(1, 25), (1, 24), (1, 23), (2, 23), (3, 23), (3, 22), (3, 21), (2, 21), (2, 20), (2, 19), (3, 19), (4, 19), (5, 19), (5, 18), (5, 17), (6, 17), (6, 16), (6, 15), (6, 14), (6, 13), (5, 13), (5, 12), (5, 11), (5, 10), (5, 9), (6, 9), (6, 8), (6, 7), (6, 6), (7, 6), (8, 6), (9, 6), (9, 5), (10, 5), (11, 5), (11, 4), (11, 3), (12, 3), (12, 3)]}, 73)