

CBSS-C STATS
starts:[197, 249, 255, 101, 763]
targets:[458, 220, 993, 735, 422, 99, 415, 839, 279, 708]
dests:[873, 476, 814, 813, 102]
ac_dict:{458: {0, 1}, 220: {1, 2}, 993: {2, 3}, 735: {3, 4}, 873: {0}, 476: {1}, 814: {2}, 813: {3}, 102: {4}}
clusters:[2 3 3 3 1 2 0 2 4 0]

round: 1
best_g_value: 165.0
open_list_size: 0
num_low_level_expanded: 516
search_success: 1
search_time: 0.1011817273683846
n_tsp_call: 1
n_tsp_time: 0.07840078417211771
n_roots: 1
num_conflicts: 0
target_assignment: {458: 0, 422: 3, 415: 1, 220: 2, 279: 2}
cluster_target_selection: {2: 458, 1: 422, 0: 415, 3: 220, 4: 279}
num_nodes_transformed_graph: 29
agent_paths:({0: [(5, 6), (6, 6), (6, 7), (6, 8), (6, 9), (7, 9), (8, 9), (9, 9), (9, 10), (9, 11), (9, 12), (9, 13), (10, 13), (10, 14), (10, 15), (11, 15), (11, 16), (11, 17), (10, 17), (9, 17), (9, 18), (9, 19), (9, 20), (9, 21), (9, 22), (9, 23), (10, 23), (11, 23), (11, 24), (11, 25), (10, 25), (9, 25), (9, 26), (9, 27), (9, 27)], 1: [(25, 7), (25, 8), (25, 9), (26, 9), (27, 9), (27, 10), (28, 10), (29, 10), (30, 10), (31, 10), (31, 11), (31, 12), (31, 13), (30, 13), (29, 13), (29, 14), (28, 14), (28, 14)], 2: [(31, 7), (30, 7), (29, 7), (29, 6), (28, 6), (27, 6), (26, 6), (25, 6), (25, 7), (25, 8), (25, 9), (24, 9), (23, 9), (23, 8), (23, 9), (22, 9), (22, 10), (22, 11), (22, 12), (22, 13), (22, 14), (22, 15), (22, 16), (22, 17), (22, 18), (22, 19), (22, 20), (22, 21), (21, 21), (20, 21), (19, 21), (18, 21), (17, 21), (17, 22), (16, 22), (15, 22), (15, 23), (15, 24), (15, 25), (14, 25), (14, 25)], 3: [(5, 3), (6, 3), (6, 4), (6, 5), (6, 6), (6, 7), (6, 8), (6, 9), (6, 10), (6, 11), (5, 11), (5, 12), (5, 13), (6, 13), (6, 14), (6, 15), (6, 16), (6, 17), (7, 17), (7, 18), (8, 18), (9, 18), (9, 19), (9, 20), (9, 21), (10, 21), (11, 21), (11, 22), (11, 23), (12, 23), (13, 23), (14, 23), (15, 23), (15, 24), (15, 25), (14, 25), (13, 25), (13, 25)], 4: [(27, 23), (27, 22), (27, 21), (27, 20), (27, 19), (26, 19), (25, 19), (25, 18), (24, 18), (23, 18), (22, 18), (21, 18), (21, 17), (20, 17), (19, 17), (18, 17), (18, 16), (18, 15), (17, 15), (17, 14), (16, 14), (15, 14), (14, 14), (13, 14), (12, 14), (11, 14), (10, 14), (9, 14), (9, 13), (9, 12), (9, 11), (9, 10), (9, 9), (8, 9), (7, 9), (6, 9), (6, 8), (6, 7), (6, 6), (6, 5), (6, 4), (6, 3), (6, 3)]}, 41)