

CBSS-C STATS
starts:[1013, 451, 586, 305, 881]
targets:[234, 981, 237, 486, 887, 1003, 795, 729, 346, 431, 418, 841, 801, 878, 683, 993, 741, 642, 551, 758]
dests:[723, 578, 989, 553, 965]
ac_dict:{234: {0, 1}, 981: {1, 2}, 237: {2, 3}, 486: {3, 4}, 723: {0}, 578: {1}, 989: {2}, 553: {3}, 965: {4}}
clusters:[10 19 18  0 17 12  9  6  8 13 14  4 11  7 15  1  2 16  3  5]

round: 1
best_g_value: 230.0
open_list_size: 0
num_low_level_expanded: 458
search_success: 1
search_time: 3.329101442999672
n_tsp_call: 1
n_tsp_time: 3.2905049030086957
n_roots: 1
num_conflicts: 0
target_assignment: {887: 0, 795: 0, 729: 0, 346: 0, 234: 0, 642: 0, 801: 0, 741: 0, 683: 0, 878: 4, 841: 4, 1003: 4, 993: 4, 431: 2, 758: 2, 981: 2, 418: 1, 237: 3, 486: 3, 551: 3}
cluster_target_selection: {17: 887, 9: 795, 6: 729, 8: 346, 10: 234, 16: 642, 11: 801, 2: 741, 15: 683, 7: 878, 4: 841, 12: 1003, 1: 993, 13: 431, 5: 758, 19: 981, 14: 418, 18: 237, 0: 486, 3: 551}
num_nodes_transformed_graph: 98
agent_paths:({0: [(21, 31), (21, 30), (21, 29), (22, 29), (23, 29), (23, 28), (23, 27), (23, 26), (23, 25), (24, 25), (25, 25), (26, 25), (27, 25), (27, 24), (27, 23), (26, 23), (25, 23), (25, 22), (25, 21), (26, 21), (27, 21), (27, 20), (27, 19), (27, 18), (27, 17), (27, 16), (27, 15), (27, 14), (27, 13), (27, 12), (27, 11), (26, 11), (26, 10), (25, 10), (25, 9), (24, 9), (23, 9), (23, 8), (23, 7), (22, 7), (21, 7), (20, 7), (19, 7), (18, 7), (17, 7), (17, 6), (17, 5), (16, 5), (15, 5), (14, 5), (13, 5), (12, 5), (11, 5), (10, 5), (10, 6), (10, 7), (9, 7), (9, 6), (8, 6), (7, 6), (6, 6), (6, 7), (6, 8), (6, 9), (5, 9), (5, 10), (5, 11), (5, 12), (5, 13), (5, 14), (5, 15), (6, 15), (6, 16), (6, 17), (5, 17), (5, 18), (5, 19), (4, 19), (3, 19), (2, 19), (2, 20), (2, 21), (1, 21), (1, 22), (1, 23), (1, 24), (1, 25), (1, 24), (1, 23), (2, 23), (3, 23), (3, 22), (4, 22), (5, 22), (5, 23), (5, 22), (5, 21), (6, 21), (7, 21), (8, 21), (9, 21), (10, 21), (11, 21), (11, 22), (11, 23), (12, 23), (13, 23), (13, 22), (14, 22), (15, 22), (16, 22), (17, 22), (18, 22), (19, 22), (19, 22)], 1: [(3, 14), (2, 14), (2, 13), (2, 14), (2, 15), (2, 16), (2, 17), (2, 18), (2, 18)], 2: [(10, 18), (10, 17), (11, 17), (11, 16), (11, 15), (11, 14), (12, 14), (13, 14), (13, 13), (14, 13), (15, 13), (15, 14), (16, 14), (17, 14), (18, 14), (18, 15), (18, 16), (18, 17), (19, 17), (20, 17), (21, 17), (22, 17), (22, 18), (22, 19), (22, 20), (22, 21), (22, 22), (22, 23), (23, 23), (23, 24), (23, 25), (23, 26), (23, 27), (23, 28), (23, 29), (22, 29), (21, 29), (21, 30), (22, 30), (23, 30), (23, 31), (24, 31), (25, 31), (26, 31), (27, 31), (28, 31), (29, 31), (29, 30), (29, 30)], 3: [(17, 9), (16, 9), (15, 9), (14, 9), (14, 8), (14, 7), (13, 7), (14, 7), (14, 8), (14, 9), (13, 9), (13, 10), (13, 11), (12, 11), (11, 11), (10, 11), (9, 11), (9, 12), (9, 13), (8, 13), (7, 13), (6, 13), (6, 14), (6, 15), (6, 16), (6, 17), (7, 17), (7, 18), (8, 18), (9, 18), (9, 17), (9, 17)], 4: [(17, 27), (16, 27), (15, 27), (14, 27), (13, 27), (12, 27), (11, 27), (10, 27), (9, 27), (9, 26), (10, 26), (10, 27), (10, 28), (10, 29), (11, 29), (11, 30), (11, 31), (10, 31), (9, 31), (9, 30), (8, 30), (7, 30), (6, 30), (5, 30), (4, 30), (3, 30), (2, 30), (1, 30), (1, 31), (1, 30), (2, 30), (3, 30), (4, 30), (5, 30), (5, 30)]}, 113)