

CBSS-C STATS
starts:[471, 791, 549, 551, 350, 857, 994]
targets:[779, 1013, 633, 460, 710, 875, 861, 561, 575, 498]
dests:[739, 957, 241, 237, 845, 698, 474]
ac_dict:{779: {0, 1}, 1013: {1, 2}, 633: {2, 3}, 460: {3, 4}, 710: {4, 5}, 875: {5, 6}, 739: {0}, 957: {1}, 241: {2}, 237: {3}, 845: {4}, 698: {5}, 474: {6}}
clusters:[4 0 2 6 8 7 5 1 9 3]

round: 2
best_g_value: 246.0
open_list_size: 1
num_low_level_expanded: 846
search_success: 1
search_time: 0.7478265069948975
n_tsp_call: 1
n_tsp_time: 0.7108075099968119
n_roots: 1
num_conflicts: 1
target_assignment: {779: 0, 875: 6, 861: 6, 575: 6, 1013: 1, 460: 4, 710: 4, 498: 2, 561: 2, 633: 2}
cluster_target_selection: {4: 779, 7: 875, 5: 861, 9: 575, 0: 1013, 6: 460, 8: 710, 3: 498, 1: 561, 2: 633}
num_nodes_transformed_graph: 54
agent_paths:({0: [(23, 14), (22, 14), (22, 15), (22, 16), (22, 17), (22, 18), (22, 19), (22, 20), (22, 21), (21, 21), (20, 21), (19, 21), (18, 21), (17, 21), (17, 22), (16, 22), (15, 22), (14, 22), (13, 22), (13, 23), (12, 23), (11, 23), (11, 24), (11, 23), (10, 23), (9, 23), (9, 22), (9, 21), (8, 21), (7, 21), (6, 21), (5, 21), (5, 22), (4, 22), (3, 22), (3, 23), (3, 23)], 1: [(23, 24), (23, 25), (23, 26), (23, 27), (23, 28), (23, 29), (22, 29), (21, 29), (21, 30), (21, 31), (22, 31), (23, 31), (24, 31), (25, 31), (26, 31), (27, 31), (28, 31), (29, 31), (29, 30), (29, 29), (29, 29)], 2: [(5, 17), (5, 18), (6, 18), (7, 18), (8, 18), (9, 18), (9, 17), (10, 17), (11, 17), (11, 16), (11, 15), (11, 14), (12, 14), (13, 14), (14, 14), (15, 14), (16, 14), (17, 14), (18, 14), (18, 15), (18, 16), (18, 17), (17, 17), (18, 17), (19, 17), (20, 17), (21, 17), (22, 17), (23, 17), (23, 18), (24, 18), (25, 18), (25, 19), (25, 18), (24, 18), (23, 18), (22, 18), (21, 18), (21, 17), (20, 17), (19, 17), (18, 17), (18, 16), (18, 15), (18, 14), (18, 13), (18, 12), (18, 11), (18, 10), (18, 9), (18, 8), (18, 7), (17, 7), (17, 7)], 3: [(7, 17), (6, 17), (6, 16), (6, 15), (6, 14), (6, 13), (7, 13), (8, 13), (9, 13), (9, 12), (9, 11), (10, 11), (11, 11), (12, 11), (13, 11), (13, 10), (13, 9), (14, 9), (14, 8), (14, 7), (13, 7), (13, 7)], 4: [(30, 10), (29, 10), (28, 10), (27, 10), (26, 10), (25, 10), (25, 9), (24, 9), (23, 9), (22, 9), (21, 9), (21, 10), (21, 11), (20, 11), (19, 11), (18, 11), (18, 12), (18, 13), (17, 13), (17, 14), (16, 14), (15, 14), (14, 14), (13, 14), (12, 14), (11, 14), (11, 15), (11, 16), (11, 17), (10, 17), (9, 17), (9, 18), (9, 19), (9, 20), (9, 21), (8, 21), (7, 21), (6, 21), (6, 22), (7, 22), (7, 21), (8, 21), (9, 21), (10, 21), (11, 21), (11, 22), (11, 23), (11, 24), (11, 25), (11, 26), (11, 27), (12, 27), (13, 27), (13, 26), (13, 26)], 5: [(25, 26), (25, 25), (26, 25), (27, 25), (27, 24), (27, 23), (26, 23), (26, 22), (26, 21), (26, 21)], 6: [(2, 31), (2, 30), (3, 30), (4, 30), (5, 30), (6, 30), (7, 30), (8, 30), (9, 30), (9, 29), (10, 29), (10, 28), (10, 27), (11, 27), (12, 27), (13, 27), (14, 27), (15, 27), (16, 27), (17, 27), (17, 26), (18, 26), (19, 26), (20, 26), (21, 26), (22, 26), (23, 26), (23, 25), (24, 25), (25, 25), (26, 25), (27, 25), (27, 24), (27, 23), (28, 23), (29, 23), (30, 23), (30, 24), (30, 25), (29, 25), (29, 26), (29, 25), (30, 25), (30, 24), (30, 23), (30, 22), (30, 21), (31, 21), (31, 20), (31, 19), (31, 18), (31, 17), (31, 16), (31, 15), (30, 15), (29, 15), (29, 14), (28, 14), (27, 14), (26, 14), (26, 14)]}, 59)