

CBSS-C STATS
starts:[1012, 610]
targets:[765, 806, 310, 111, 845, 296, 637, 262, 683, 783]
dests:[83, 1006]
ac_dict:{765: {0, 1}, 83: {0}, 1006: {1}}
clusters:[3 8 1 0 6 4 9 7 2 5]

round: 1
best_g_value: 146.0
open_list_size: 0
num_low_level_expanded: 370
search_success: 1
search_time: 0.017127570987213403
n_tsp_call: 1
n_tsp_time: 0.004355072000180371
n_roots: 1
num_conflicts: 0
target_assignment: {765: 0, 637: 0, 310: 0, 296: 0, 262: 0, 111: 0, 806: 1, 683: 1, 783: 1, 845: 1}
cluster_target_selection: {3: 765, 9: 637, 1: 310, 4: 296, 7: 262, 0: 111, 8: 806, 2: 683, 5: 783, 6: 845}
num_nodes_transformed_graph: 14
agent_paths:({0: [(20, 31), (21, 31), (21, 30), (21, 29), (22, 29), (23, 29), (23, 28), (23, 27), (23, 26), (23, 25), (24, 25), (25, 25), (26, 25), (27, 25), (27, 24), (27, 23), (28, 23), (29, 23), (29, 22), (29, 21), (30, 21), (31, 21), (31, 20), (31, 19), (30, 19), (29, 19), (29, 18), (28, 18), (27, 18), (26, 18), (25, 18), (24, 18), (23, 18), (22, 18), (22, 17), (22, 16), (22, 15), (22, 14), (22, 13), (22, 12), (22, 11), (22, 10), (22, 9), (21, 9), (21, 10), (21, 11), (20, 11), (19, 11), (18, 11), (17, 11), (17, 10), (17, 9), (16, 9), (15, 9), (14, 9), (13, 9), (13, 10), (13, 11), (12, 11), (11, 11), (10, 11), (9, 11), (9, 10), (9, 9), (8, 9), (7, 9), (6, 9), (6, 8), (6, 7), (6, 6), (7, 6), (8, 6), (9, 6), (9, 5), (10, 5), (11, 5), (11, 4), (11, 3), (12, 3), (13, 3), (14, 3), (15, 3), (15, 2), (16, 2), (17, 2), (18, 2), (19, 2), (19, 2)], 1: [(2, 19), (2, 20), (2, 21), (2, 22), (2, 23), (1, 23), (1, 24), (1, 25), (2, 25), (3, 25), (3, 26), (4, 26), (5, 26), (5, 25), (6, 25), (5, 25), (5, 26), (4, 26), (3, 26), (3, 25), (2, 25), (1, 25), (1, 24), (1, 23), (1, 22), (2, 22), (3, 22), (4, 22), (5, 22), (5, 21), (6, 21), (7, 21), (8, 21), (9, 21), (10, 21), (11, 21), (11, 22), (11, 23), (12, 23), (13, 23), (14, 23), (15, 23), (15, 24), (15, 25), (14, 25), (13, 25), (13, 26), (14, 26), (14, 27), (15, 27), (16, 27), (17, 27), (18, 27), (18, 28), (18, 29), (17, 29), (17, 30), (17, 31), (16, 31), (15, 31), (14, 31), (14, 31)]}, 86)