

CBSS-C STATS
starts:[55, 577, 460, 304, 365, 627, 197, 41, 625, 359]
targets:[914, 411, 709, 558, 919, 604, 566, 426, 69, 841]
dests:[370, 166, 621, 814, 113, 219, 615, 155, 235, 617]
ac_dict:{914: {0, 1}, 411: {1, 2}, 709: {2, 3}, 558: {3, 4}, 919: {4, 5}, 604: {5, 6}, 566: {6, 7}, 426: {8, 7}, 69: {8, 9}, 370: {0}, 166: {1}, 621: {2}, 814: {3}, 113: {4}, 219: {5}, 615: {6}, 155: {7}, 235: {8}, 617: {9}}
clusters:[3 1 4 2 2 2 0 0 0 2]

round: 68
best_g_value: 297.0
open_list_size: 67
num_low_level_expanded: 13951
search_success: 1
search_time: 2.7122309929691255
n_tsp_call: 11
n_tsp_time: 1.2664341018535197
n_roots: 1
num_conflicts: 67
target_assignment: {426: 8, 841: 1, 914: 1, 411: 1, 709: 3}
cluster_target_selection: {0: 426, 2: 841, 3: 914, 1: 411, 4: 709}
num_nodes_transformed_graph: 34
agent_paths:({0: [(23, 1), (22, 1), (21, 1), (20, 1), (19, 1), (18, 1), (18, 2), (17, 2), (16, 2), (15, 2), (14, 2), (14, 3), (14, 4), (14, 5), (15, 5), (16, 5), (17, 5), (18, 5), (18, 6), (18, 7), (18, 8), (18, 9), (18, 10), (18, 11), (18, 11)], 1: [(1, 18), (2, 18), (2, 19), (2, 20), (2, 21), (3, 21), (3, 22), (4, 22), (5, 22), (6, 22), (7, 22), (7, 21), (8, 21), (9, 21), (9, 22), (9, 23), (10, 23), (11, 23), (11, 24), (11, 25), (10, 25), (9, 25), (9, 26), (10, 26), (11, 26), (11, 27), (12, 27), (13, 27), (14, 27), (15, 27), (16, 27), (17, 27), (18, 27), (18, 28), (18, 27), (18, 26), (19, 26), (20, 26), (21, 26), (21, 25), (22, 25), (23, 25), (24, 25), (25, 25), (26, 25), (27, 25), (27, 24), (27, 23), (27, 22), (27, 21), (27, 20), (27, 19), (27, 18), (27, 17), (27, 16), (27, 15), (27, 14), (27, 13), (27, 12), (27, 11), (26, 11), (25, 11), (25, 10), (25, 9), (24, 9), (23, 9), (23, 8), (23, 7), (22, 7), (21, 7), (20, 7), (19, 7), (18, 7), (17, 7), (17, 6), (17, 5), (16, 5), (15, 5), (14, 5), (13, 5), (12, 5), (11, 5), (10, 5), (9, 5), (9, 6), (8, 6), (7, 6), (6, 6), (6, 5), (6, 5)], 2: [(12, 14), (13, 14), (14, 14), (15, 14), (16, 14), (17, 14), (18, 14), (18, 15), (18, 16), (18, 17), (17, 17), (17, 18), (16, 18), (15, 18), (14, 18), (13, 18), (13, 19), (13, 19)], 3: [(16, 9), (15, 9), (15, 10), (14, 10), (13, 10), (13, 11), (12, 11), (11, 11), (10, 11), (9, 11), (9, 12), (9, 13), (8, 13), (7, 13), (6, 13), (6, 14), (6, 15), (6, 16), (6, 17), (5, 17), (5, 18), (5, 19), (4, 19), (3, 19), (2, 19), (2, 20), (2, 21), (3, 21), (3, 22), (4, 22), (5, 22), (6, 22), (7, 22), (7, 21), (8, 21), (9, 21), (10, 21), (11, 21), (11, 22), (11, 23), (12, 23), (13, 23), (14, 23), (15, 23), (15, 24), (15, 25), (14, 25), (14, 25)], 4: [(13, 11), (13, 10), (13, 9), (14, 9), (14, 8), (14, 7), (14, 6), (14, 5), (14, 4), (14, 3), (15, 3), (15, 2), (16, 2), (17, 2), (17, 3), (17, 3)], 5: [(19, 19), (19, 18), (19, 17), (20, 17), (21, 17), (22, 17), (22, 16), (22, 15), (22, 14), (22, 13), (22, 12), (22, 11), (22, 10), (22, 9), (23, 9), (24, 9), (25, 9), (25, 8), (25, 7), (25, 6), (26, 6), (27, 6), (27, 6)], 6: [(5, 6), (6, 6), (6, 7), (6, 8), (6, 9), (6, 10), (6, 11), (5, 11), (5, 12), (5, 13), (6, 13), (6, 14), (6, 15), (6, 16), (6, 17), (7, 17), (7, 18), (7, 19), (7, 19)], 7: [(9, 1), (10, 1), (11, 1), (11, 2), (11, 3), (12, 3), (13, 3), (14, 3), (15, 3), (15, 3), (15, 2), (16, 2), (17, 2), (18, 2), (19, 2), (19, 1), (20, 1), (21, 1), (22, 1), (23, 1), (23, 2), (23, 3), (24, 3), (25, 3), (26, 3), (27, 3), (27, 4), (27, 4)], 8: [(17, 19), (17, 18), (17, 17), (18, 17), (18, 16), (18, 15), (17, 15), (17, 14), (16, 14), (15, 14), (14, 14), (13, 14), (12, 14), (11, 14), (10, 14), (10, 13), (9, 13), (9, 12), (9, 11), (9, 10), (9, 9), (8, 9), (7, 9), (6, 9), (6, 8), (6, 7), (7, 7), (7, 6), (8, 6), (9, 6), (10, 6), (11, 6), (11, 7), (11, 7)], 9: [(7, 11), (6, 11), (5, 11), (5, 12), (5, 13), (6, 13), (6, 14), (6, 15), (6, 16), (6, 17), (7, 17), (7, 18), (8, 18), (9, 18), (9, 19), (9, 19)]}, 88)