

CBSS-C STATS
starts:[949, 364, 714, 622, 497]
targets:[480, 241, 983, 363, 939, 662, 378, 698, 367, 347]
dests:[994, 604, 887, 249, 338]
ac_dict:{480: {0, 1}, 241: {1, 2}, 983: {2, 3}, 363: {3, 4}, 994: {0}, 604: {1}, 887: {2}, 249: {3}, 338: {4}}
clusters:[0 0 1 1 0 0 0 0 0 1]

round: 2
best_g_value: 109.0
open_list_size: 1
num_low_level_expanded: 383
search_success: 1
search_time: 0.05212246812880039
n_tsp_call: 1
n_tsp_time: 0.036471601109951735
n_roots: 1
num_conflicts: 1
target_assignment: {367: 1, 347: 1}
cluster_target_selection: {0: 367, 1: 347}
num_nodes_transformed_graph: 28
agent_paths:({0: [(21, 29), (21, 30), (21, 31), (20, 31), (19, 31), (18, 31), (18, 30), (18, 29), (18, 28), (18, 27), (17, 27), (16, 27), (15, 27), (14, 27), (13, 27), (12, 27), (11, 27), (10, 27), (10, 28), (10, 29), (9, 29), (9, 30), (8, 30), (7, 30), (6, 30), (5, 30), (4, 30), (3, 30), (2, 30), (2, 31), (2, 31)], 1: [(12, 11), (13, 11), (14, 11), (15, 11), (15, 10), (15, 9), (16, 9), (17, 9), (18, 9), (19, 9), (19, 10), (19, 11), (20, 11), (21, 11), (21, 10), (22, 10), (23, 10), (23, 9), (24, 9), (25, 9), (26, 9), (27, 9), (27, 10), (27, 11), (27, 12), (27, 13), (27, 14), (27, 15), (27, 16), (27, 17), (27, 18), (28, 18), (28, 18)], 2: [(10, 22), (11, 22), (11, 23), (12, 23), (13, 23), (14, 23), (15, 23), (15, 22), (16, 22), (17, 22), (17, 23), (17, 24), (17, 25), (18, 25), (19, 25), (19, 26), (20, 26), (21, 26), (22, 26), (23, 26), (23, 27), (23, 27)], 3: [(14, 19), (14, 18), (15, 18), (16, 18), (17, 18), (17, 17), (18, 17), (18, 16), (18, 15), (18, 14), (18, 13), (18, 12), (18, 11), (19, 11), (20, 11), (21, 11), (21, 10), (21, 9), (22, 9), (23, 9), (24, 9), (25, 9), (25, 8), (25, 7), (25, 7)], 4: [(17, 15), (17, 14), (17, 13), (18, 13), (18, 12), (18, 11), (18, 10), (18, 10)]}, 31)