

CBSS-C STATS
starts:[767, 859, 559, 449, 279, 599, 693, 255, 334, 841]
targets:[863, 939, 346, 565, 94, 424, 459, 250, 89, 246]
dests:[807, 118, 570, 754, 895, 735, 726, 438, 178, 551]
ac_dict:{863: {0, 1}, 939: {1, 2}, 346: {2, 3}, 565: {3, 4}, 94: {4, 5}, 424: {5, 6}, 459: {6, 7}, 250: {8, 7}, 89: {8, 9}, 807: {0}, 118: {1}, 570: {2}, 754: {3}, 895: {4}, 735: {5}, 726: {6}, 438: {7}, 178: {8}, 551: {9}}
clusters:[4 3 4 3 1 2 1 1 4 0]

round: 2
best_g_value: 259.0
open_list_size: 1
num_low_level_expanded: 1043
search_success: 1
search_time: 0.2515818481333554
n_tsp_call: 1
n_tsp_time: 0.20472176373004913
n_roots: 1
num_conflicts: 1
target_assignment: {863: 0, 424: 5, 246: 4, 565: 4, 250: 7}
cluster_target_selection: {4: 863, 2: 424, 0: 246, 3: 565, 1: 250}
num_nodes_transformed_graph: 48
agent_paths:({0: [(31, 23), (30, 23), (30, 24), (30, 25), (31, 25), (31, 26), (30, 26), (30, 25), (30, 24), (30, 23), (29, 23), (28, 23), (27, 23), (27, 24), (27, 25), (26, 25), (25, 25), (24, 25), (23, 25), (22, 25), (21, 25), (21, 26), (20, 26), (19, 26), (18, 26), (17, 26), (17, 27), (16, 27), (15, 27), (14, 27), (13, 27), (12, 27), (11, 27), (10, 27), (10, 28), (10, 29), (9, 29), (9, 30), (8, 30), (7, 30), (6, 30), (5, 30), (4, 30), (3, 30), (3, 29), (3, 28), (3, 27), (3, 26), (4, 26), (5, 26), (5, 25), (6, 25), (7, 25), (7, 25)], 1: [(27, 26), (27, 25), (27, 24), (27, 23), (27, 22), (27, 21), (27, 20), (27, 19), (27, 18), (27, 17), (27, 16), (27, 15), (27, 14), (27, 13), (27, 12), (27, 11), (26, 11), (25, 11), (25, 10), (25, 9), (25, 8), (25, 7), (25, 6), (25, 5), (26, 5), (27, 5), (27, 4), (27, 3), (26, 3), (25, 3), (24, 3), (23, 3), (22, 3), (22, 3)], 2: [(15, 17), (15, 18), (16, 18), (17, 18), (18, 18), (19, 18), (19, 17), (20, 17), (21, 17), (22, 17), (23, 17), (23, 18), (24, 18), (25, 18), (25, 17), (26, 17), (26, 17)], 3: [(1, 14), (2, 14), (2, 15), (2, 16), (2, 17), (2, 18), (2, 19), (2, 20), (2, 21), (3, 21), (3, 22), (4, 22), (5, 22), (6, 22), (7, 22), (7, 21), (8, 21), (9, 21), (10, 21), (11, 21), (11, 22), (11, 23), (12, 23), (13, 23), (14, 23), (15, 23), (15, 22), (16, 22), (17, 22), (18, 22), (18, 23), (18, 23)], 4: [(23, 8), (23, 7), (22, 7), (23, 7), (23, 8), (23, 9), (22, 9), (22, 10), (22, 11), (22, 12), (22, 13), (22, 14), (22, 15), (22, 16), (22, 17), (21, 17), (22, 17), (23, 17), (23, 18), (24, 18), (25, 18), (26, 18), (27, 18), (27, 19), (27, 20), (27, 21), (27, 22), (27, 23), (28, 23), (29, 23), (30, 23), (30, 24), (30, 25), (31, 25), (31, 26), (31, 27), (31, 27)], 5: [(23, 18), (22, 18), (21, 18), (21, 17), (20, 17), (19, 17), (18, 17), (18, 16), (18, 15), (17, 15), (17, 14), (16, 14), (15, 14), (14, 14), (13, 14), (12, 14), (11, 14), (10, 14), (9, 14), (9, 13), (8, 13), (9, 13), (10, 13), (11, 13), (11, 14), (12, 14), (13, 14), (14, 14), (15, 14), (16, 14), (17, 14), (18, 14), (18, 15), (18, 16), (18, 17), (19, 17), (20, 17), (21, 17), (22, 17), (23, 17), (23, 18), (24, 18), (25, 18), (26, 18), (27, 18), (28, 18), (29, 18), (30, 18), (31, 18), (31, 19), (31, 20), (31, 21), (31, 22), (31, 22)], 6: [(21, 21), (22, 21), (22, 22), (22, 22)], 7: [(31, 7), (30, 7), (29, 7), (29, 6), (28, 6), (27, 6), (26, 6), (26, 7), (25, 7), (25, 8), (25, 9), (24, 9), (23, 9), (22, 9), (22, 10), (22, 11), (22, 12), (22, 13), (22, 13)], 8: [(14, 10), (14, 9), (14, 8), (14, 7), (14, 6), (14, 5), (15, 5), (16, 5), (17, 5), (18, 5), (18, 5)], 9: [(9, 26), (9, 25), (10, 25), (11, 25), (11, 24), (11, 23), (10, 23), (9, 23), (9, 22), (9, 21), (9, 20), (9, 19), (9, 18), (8, 18), (7, 18), (7, 17), (7, 17)]}, 52)