

CBSS-C STATS
starts:[46, 330, 634, 438, 966]
targets:[305, 861, 849, 170, 382, 1023, 857, 891, 85, 223, 433, 685, 738, 863, 58, 999, 927, 164, 469, 142]
dests:[970, 507, 302, 637, 690]
ac_dict:{305: {0, 1}, 861: {1, 2}, 849: {2, 3}, 170: {3, 4}, 970: {0}, 507: {1}, 302: {2}, 637: {3}, 690: {4}}
clusters:[ 5 19 12 14  0 11 10 15 18  9  6  1  7  3  4 17  8 16  2 13]

round: 3
best_g_value: 257.0
open_list_size: 2
num_low_level_expanded: 1209
search_success: 1
search_time: 4.31791383298696
n_tsp_call: 1
n_tsp_time: 4.252451096006553
n_roots: 1
num_conflicts: 2
target_assignment: {164: 0, 738: 0, 999: 0, 305: 1, 685: 4, 861: 2, 863: 2, 927: 2, 1023: 2, 891: 2, 857: 2, 849: 2, 469: 2, 433: 2, 170: 3, 142: 3, 85: 3, 58: 3, 223: 3, 382: 3}
cluster_target_selection: {16: 164, 7: 738, 17: 999, 5: 305, 1: 685, 19: 861, 3: 863, 8: 927, 11: 1023, 15: 891, 10: 857, 12: 849, 2: 469, 6: 433, 14: 170, 13: 142, 18: 85, 4: 58, 9: 223, 0: 382}
num_nodes_transformed_graph: 98
agent_paths:({0: [(14, 1), (13, 1), (13, 2), (13, 3), (12, 3), (11, 3), (11, 4), (11, 5), (10, 5), (9, 5), (9, 6), (8, 6), (7, 6), (6, 6), (5, 6), (5, 5), (4, 5), (5, 5), (5, 6), (5, 7), (6, 7), (6, 8), (6, 9), (5, 9), (5, 10), (5, 11), (5, 12), (5, 13), (5, 14), (5, 15), (6, 15), (6, 16), (6, 17), (5, 17), (5, 18), (5, 19), (4, 19), (3, 19), (2, 19), (2, 20), (2, 21), (2, 22), (2, 23), (1, 23), (1, 24), (1, 25), (2, 25), (3, 25), (3, 26), (3, 27), (3, 28), (3, 29), (3, 30), (4, 30), (5, 30), (6, 30), (7, 30), (7, 31), (7, 30), (8, 30), (9, 30), (10, 30), (10, 30)], 1: [(10, 10), (11, 10), (11, 11), (12, 11), (13, 11), (13, 10), (13, 9), (14, 9), (15, 9), (16, 9), (17, 9), (18, 9), (19, 9), (19, 10), (19, 11), (20, 11), (21, 11), (22, 11), (23, 11), (23, 10), (23, 9), (24, 9), (25, 9), (26, 9), (27, 9), (27, 10), (27, 11), (27, 12), (27, 13), (27, 14), (27, 15), (27, 15)], 2: [(26, 19), (27, 19), (27, 20), (27, 21), (27, 22), (27, 23), (28, 23), (29, 23), (30, 23), (30, 24), (30, 25), (29, 25), (29, 26), (30, 26), (31, 26), (31, 27), (31, 28), (31, 29), (31, 30), (31, 31), (30, 31), (29, 31), (28, 31), (27, 31), (27, 30), (27, 29), (27, 28), (27, 27), (26, 27), (25, 27), (25, 26), (25, 25), (24, 25), (23, 25), (22, 25), (21, 25), (21, 26), (20, 26), (19, 26), (18, 26), (17, 26), (17, 25), (17, 24), (17, 23), (17, 22), (18, 22), (19, 22), (19, 21), (20, 21), (21, 21), (22, 21), (22, 20), (22, 19), (22, 18), (22, 17), (22, 16), (22, 15), (21, 15), (21, 14), (21, 13), (20, 13), (19, 13), (18, 13), (17, 13), (18, 13), (18, 12), (18, 11), (17, 11), (17, 10), (17, 9), (16, 9), (15, 9), (14, 9), (14, 9)], 3: [(22, 13), (21, 13), (20, 13), (19, 13), (18, 13), (18, 12), (18, 11), (18, 10), (18, 9), (18, 8), (18, 7), (17, 7), (17, 6), (17, 5), (16, 5), (15, 5), (14, 5), (13, 5), (12, 5), (11, 5), (10, 5), (11, 5), (12, 5), (13, 5), (14, 5), (14, 4), (14, 3), (14, 2), (15, 2), (16, 2), (17, 2), (18, 2), (19, 2), (19, 1), (20, 1), (21, 1), (21, 2), (22, 2), (23, 2), (23, 3), (24, 3), (25, 3), (25, 2), (25, 1), (26, 1), (27, 1), (27, 2), (28, 2), (29, 2), (30, 2), (30, 3), (30, 4), (30, 5), (31, 5), (31, 6), (31, 7), (31, 8), (31, 9), (30, 9), (30, 10), (30, 11), (31, 11), (31, 12), (31, 13), (31, 14), (31, 15), (31, 16), (31, 17), (30, 17), (29, 17), (29, 18), (29, 19), (29, 19)], 4: [(6, 30), (7, 30), (8, 30), (9, 30), (9, 29), (10, 29), (10, 28), (10, 27), (10, 26), (10, 25), (11, 25), (11, 24), (11, 23), (12, 23), (13, 23), (13, 22), (13, 21), (14, 21), (15, 21), (15, 22), (16, 22), (17, 22), (17, 21), (18, 21), (18, 21)]}, 72)