

CBSS-C STATS
starts:[682, 981, 237, 83, 569]
targets:[717, 534, 677, 231, 108, 1006, 307, 590, 301, 1014, 502, 987, 49, 435, 946, 358, 209, 178, 736, 134]
dests:[961, 610, 970, 990, 183]
ac_dict:{717: {0, 1}, 534: {1, 2}, 677: {2, 3}, 231: {3, 4}, 961: {0}, 610: {1}, 970: {2}, 990: {3}, 183: {4}}
clusters:[ 5 10  7 11  4  2 15  0  9  1 19 17 12 18 13  3 14 16  6  8]

round: 1
best_g_value: 249.0
open_list_size: 0
num_low_level_expanded: 533
search_success: 1
search_time: 0.9283373720099917
n_tsp_call: 1
n_tsp_time: 0.8948273160058307
n_roots: 1
num_conflicts: 0
target_assignment: {736: 0, 502: 4, 209: 2, 178: 2, 307: 2, 534: 2, 677: 2, 49: 3, 108: 3, 231: 3, 134: 3, 358: 3, 301: 3, 435: 3, 590: 3, 987: 3, 1014: 1, 1006: 1, 946: 1, 717: 1}
cluster_target_selection: {6: 736, 19: 502, 14: 209, 16: 178, 15: 307, 10: 534, 7: 677, 12: 49, 4: 108, 11: 231, 8: 134, 3: 358, 9: 301, 18: 435, 0: 590, 17: 987, 1: 1014, 2: 1006, 13: 946, 5: 717}
num_nodes_transformed_graph: 53
agent_paths:({0: [(10, 21), (9, 21), (8, 21), (7, 21), (6, 21), (5, 21), (5, 22), (4, 22), (3, 22), (2, 22), (1, 22), (1, 23), (0, 23), (1, 23), (1, 24), (1, 25), (1, 26), (1, 27), (2, 27), (3, 27), (3, 28), (3, 29), (2, 29), (1, 29), (1, 30), (1, 30)], 1: [(21, 30), (22, 30), (22, 31), (21, 31), (20, 31), (19, 31), (18, 31), (17, 31), (16, 31), (15, 31), (14, 31), (15, 31), (16, 31), (17, 31), (17, 30), (17, 29), (18, 29), (18, 28), (18, 27), (17, 27), (16, 27), (15, 27), (15, 26), (15, 25), (15, 24), (15, 23), (14, 23), (13, 23), (13, 22), (13, 23), (12, 23), (11, 23), (10, 23), (9, 23), (9, 22), (9, 21), (8, 21), (7, 21), (6, 21), (5, 21), (5, 22), (4, 22), (3, 22), (2, 22), (2, 21), (2, 20), (2, 19), (2, 19)], 2: [(13, 7), (13, 6), (14, 6), (15, 6), (15, 5), (16, 5), (17, 5), (17, 6), (17, 5), (18, 5), (18, 6), (18, 7), (18, 8), (18, 9), (19, 9), (19, 10), (19, 11), (20, 11), (21, 11), (22, 11), (22, 12), (22, 13), (22, 14), (22, 15), (22, 16), (22, 17), (22, 18), (22, 19), (22, 20), (22, 21), (21, 21), (20, 21), (19, 21), (18, 21), (17, 21), (17, 22), (16, 22), (15, 22), (14, 22), (13, 22), (13, 23), (12, 23), (11, 23), (10, 23), (9, 23), (9, 22), (9, 21), (8, 21), (7, 21), (6, 21), (5, 21), (6, 21), (7, 21), (8, 21), (9, 21), (10, 21), (10, 22), (10, 23), (11, 23), (11, 24), (11, 25), (10, 25), (10, 26), (10, 27), (10, 28), (10, 29), (10, 30), (10, 30)], 3: [(19, 2), (18, 2), (17, 2), (17, 1), (17, 2), (16, 2), (15, 2), (14, 2), (13, 2), (13, 3), (12, 3), (11, 3), (11, 4), (11, 5), (10, 5), (9, 5), (9, 6), (8, 6), (7, 6), (7, 7), (6, 7), (6, 6), (6, 5), (6, 4), (6, 5), (6, 6), (6, 7), (6, 8), (6, 9), (6, 10), (6, 11), (6, 10), (6, 9), (7, 9), (8, 9), (9, 9), (10, 9), (11, 9), (11, 10), (11, 11), (12, 11), (13, 11), (13, 10), (13, 9), (14, 9), (15, 9), (16, 9), (17, 9), (18, 9), (18, 10), (18, 11), (18, 12), (18, 13), (19, 13), (18, 13), (18, 14), (18, 15), (18, 16), (18, 17), (17, 17), (17, 18), (16, 18), (15, 18), (14, 18), (15, 18), (16, 18), (17, 18), (18, 18), (19, 18), (19, 17), (20, 17), (21, 17), (22, 17), (23, 17), (23, 18), (24, 18), (25, 18), (26, 18), (27, 18), (27, 19), (27, 20), (27, 21), (27, 22), (27, 23), (27, 24), (27, 25), (27, 26), (27, 27), (27, 28), (27, 29), (27, 30), (27, 31), (28, 31), (29, 31), (29, 30), (30, 30), (30, 30)], 4: [(25, 17), (25, 18), (24, 18), (23, 18), (22, 18), (22, 17), (22, 16), (22, 15), (22, 14), (22, 13), (22, 12), (22, 11), (22, 10), (22, 9), (23, 9), (23, 8), (23, 7), (23, 6), (23, 5), (23, 5)]}, 95)