

CBSS-C STATS
starts:[741, 110, 570, 753, 692, 1008, 714]
targets:[937, 253, 41, 211, 823, 1002, 478, 466, 1006, 1007]
dests:[564, 109, 383, 62, 697, 289, 350]
ac_dict:{937: {0, 1}, 253: {1, 2}, 41: {2, 3}, 211: {3, 4}, 823: {4, 5}, 1002: {5, 6}, 564: {0}, 109: {1}, 383: {2}, 62: {3}, 697: {4}, 289: {5}, 350: {6}}
clusters:[9 7 5 2 0 4 1 3 8 6]

round: 40
best_g_value: 259.0
open_list_size: 45
num_low_level_expanded: 22656
search_success: 1
search_time: 4.813609359000111
n_tsp_call: 45
n_tsp_time: 3.39129034706275
n_roots: 4
num_conflicts: 42
target_assignment: {937: 0, 1002: 6, 1007: 5, 1006: 5, 478: 2, 253: 2, 466: 3, 211: 3, 41: 3, 823: 4}
cluster_target_selection: {9: 937, 4: 1002, 6: 1007, 8: 1006, 1: 478, 7: 253, 3: 466, 2: 211, 5: 41, 0: 823}
num_nodes_transformed_graph: 33
agent_paths:({0: [(5, 23), (6, 23), (7, 23), (7, 22), (7, 21), (8, 21), (9, 21), (9, 22), (9, 23), (10, 23), (11, 23), (11, 24), (11, 25), (11, 26), (11, 27), (11, 27), (10, 27), (10, 28), (10, 29), (9, 29), (10, 29), (10, 28), (10, 27), (10, 26), (10, 25), (11, 25), (11, 24), (11, 23), (12, 23), (13, 23), (13, 22), (14, 22), (15, 22), (16, 22), (17, 22), (17, 21), (18, 21), (19, 21), (20, 21), (21, 21), (22, 21), (22, 20), (22, 19), (21, 19), (21, 18), (21, 17), (20, 17), (20, 17)], 1: [(14, 3), (13, 3), (13, 3)], 2: [(26, 17), (27, 17), (27, 16), (27, 15), (27, 14), (28, 14), (29, 14), (30, 14), (30, 13), (31, 13), (31, 12), (31, 11), (31, 10), (31, 9), (31, 8), (31, 7), (30, 7), (29, 7), (30, 7), (31, 7), (31, 8), (31, 9), (31, 10), (31, 11), (31, 11)], 3: [(17, 23), (17, 22), (17, 21), (18, 21), (19, 21), (20, 21), (21, 21), (22, 21), (22, 20), (22, 19), (21, 19), (21, 18), (21, 17), (20, 17), (19, 17), (18, 17), (18, 16), (18, 15), (18, 14), (18, 13), (18, 12), (18, 11), (18, 10), (18, 9), (18, 8), (18, 7), (18, 6), (19, 6), (18, 6), (17, 6), (17, 5), (16, 5), (15, 5), (14, 5), (13, 5), (12, 5), (11, 5), (11, 4), (11, 3), (10, 3), (9, 3), (9, 2), (9, 1), (10, 1), (11, 1), (11, 2), (11, 3), (11, 4), (11, 5), (12, 5), (13, 5), (14, 5), (14, 4), (14, 3), (14, 2), (15, 2), (16, 2), (17, 2), (17, 1), (18, 1), (19, 1), (20, 1), (21, 1), (22, 1), (23, 1), (23, 2), (23, 3), (24, 3), (25, 3), (25, 2), (26, 2), (27, 2), (28, 2), (29, 2), (29, 1), (30, 1), (30, 1)], 4: [(20, 21), (21, 21), (22, 21), (23, 21), (23, 22), (23, 23), (23, 24), (23, 25), (24, 25), (25, 25), (26, 25), (27, 25), (27, 24), (27, 23), (26, 23), (25, 23), (25, 22), (25, 21), (25, 21)], 5: [(16, 31), (15, 31), (14, 31), (15, 31), (16, 31), (17, 31), (17, 30), (17, 29), (18, 29), (18, 28), (18, 27), (17, 27), (16, 27), (15, 27), (14, 27), (13, 27), (12, 27), (11, 27), (11, 26), (11, 25), (11, 24), (11, 23), (10, 23), (9, 23), (9, 22), (9, 21), (9, 20), (9, 19), (9, 18), (8, 18), (7, 18), (6, 18), (6, 17), (6, 16), (6, 15), (5, 15), (5, 14), (5, 13), (5, 12), (5, 11), (5, 10), (4, 10), (3, 10), (2, 10), (1, 10), (1, 9), (1, 9)], 6: [(10, 22), (10, 23), (11, 23), (11, 24), (11, 25), (10, 25), (10, 26), (10, 27), (10, 28), (10, 29), (10, 30), (10, 31), (10, 30), (10, 29), (10, 28), (10, 27), (10, 26), (10, 25), (11, 25), (11, 24), (11, 23), (12, 23), (13, 23), (13, 22), (14, 22), (15, 22), (16, 22), (17, 22), (17, 21), (18, 21), (19, 21), (20, 21), (21, 21), (22, 21), (22, 20), (22, 19), (22, 18), (23, 18), (24, 18), (25, 18), (25, 17), (26, 17), (27, 17), (27, 16), (27, 15), (27, 14), (27, 13), (27, 12), (27, 11), (27, 10), (28, 10), (29, 10), (30, 10), (30, 10)]}, 75)