

CBSS-C STATS
starts:[695, 685, 497]
targets:[449, 59, 125, 982, 251, 443, 841, 1005, 743, 1013, 433, 364, 134, 291, 393]
dests:[557, 493, 327]
ac_dict:{449: {0, 1}, 59: {1, 2}, 557: {0}, 493: {1}, 327: {2}}
clusters:[ 6  0 13  8 14 11  5 10  3 12  4  7  9  2  1]

round: 1
best_g_value: 211.0
open_list_size: 0
num_low_level_expanded: 481
search_success: 1
search_time: 1.7477377689938294
n_tsp_call: 1
n_tsp_time: 1.726163742991048
n_roots: 1
num_conflicts: 0
target_assignment: {393: 2, 364: 2, 134: 2, 291: 2, 449: 1, 743: 1, 841: 1, 1005: 1, 1013: 1, 982: 1, 443: 1, 125: 1, 59: 1, 251: 1, 433: 1}
cluster_target_selection: {1: 393, 7: 364, 9: 134, 2: 291, 6: 449, 3: 743, 5: 841, 10: 1005, 12: 1013, 8: 982, 11: 443, 13: 125, 0: 59, 14: 251, 4: 433}
num_nodes_transformed_graph: 49
agent_paths:({0: [(23, 21), (22, 21), (22, 20), (22, 19), (21, 19), (21, 18), (21, 17), (20, 17), (19, 17), (18, 17), (17, 17), (17, 18), (16, 18), (15, 18), (14, 18), (13, 18), (13, 17), (13, 17)], 1: [(13, 21), (13, 22), (13, 23), (12, 23), (11, 23), (10, 23), (9, 23), (9, 22), (9, 21), (9, 20), (9, 19), (9, 18), (8, 18), (7, 18), (6, 18), (5, 18), (5, 19), (4, 19), (3, 19), (2, 19), (2, 18), (2, 17), (2, 16), (2, 15), (1, 15), (1, 14), (2, 14), (2, 15), (2, 16), (2, 17), (2, 18), (2, 19), (2, 20), (2, 21), (3, 21), (3, 22), (4, 22), (5, 22), (6, 22), (7, 22), (7, 23), (7, 22), (7, 21), (8, 21), (9, 21), (9, 22), (9, 23), (10, 23), (11, 23), (11, 24), (11, 25), (10, 25), (9, 25), (9, 26), (10, 26), (11, 26), (11, 27), (12, 27), (13, 27), (14, 27), (15, 27), (16, 27), (17, 27), (18, 27), (18, 28), (18, 29), (17, 29), (17, 30), (17, 31), (16, 31), (15, 31), (14, 31), (13, 31), (14, 31), (15, 31), (16, 31), (17, 31), (18, 31), (19, 31), (20, 31), (21, 31), (21, 30), (22, 30), (22, 29), (23, 29), (23, 28), (23, 27), (23, 26), (23, 25), (24, 25), (25, 25), (26, 25), (27, 25), (27, 24), (27, 23), (27, 22), (27, 21), (27, 20), (27, 19), (27, 18), (27, 17), (27, 16), (27, 15), (27, 14), (27, 13), (27, 12), (27, 11), (27, 10), (28, 10), (29, 10), (29, 9), (30, 9), (31, 9), (31, 8), (31, 7), (30, 7), (30, 6), (30, 5), (30, 4), (30, 3), (29, 3), (29, 2), (28, 2), (27, 2), (27, 1), (27, 2), (27, 3), (27, 4), (27, 5), (27, 6), (27, 7), (26, 7), (25, 7), (25, 8), (25, 9), (24, 9), (23, 9), (22, 9), (21, 9), (21, 10), (21, 11), (20, 11), (19, 11), (18, 11), (18, 12), (18, 13), (17, 13), (17, 14), (16, 14), (15, 14), (14, 14), (13, 14), (13, 15), (13, 15)], 2: [(17, 15), (17, 14), (16, 14), (15, 14), (14, 14), (13, 14), (12, 14), (11, 14), (10, 14), (9, 14), (9, 13), (9, 12), (9, 11), (10, 11), (11, 11), (12, 11), (11, 11), (10, 11), (9, 11), (9, 10), (9, 9), (8, 9), (7, 9), (6, 9), (6, 8), (6, 7), (6, 6), (6, 5), (6, 4), (6, 5), (6, 6), (6, 7), (6, 8), (6, 9), (5, 9), (5, 10), (4, 10), (3, 10), (3, 9), (3, 10), (4, 10), (5, 10), (6, 10), (7, 10), (7, 10)]}, 152)