

CBSS-C STATS
starts:[170, 354, 369, 718, 895]
targets:[831, 809, 726, 447, 1001, 229, 1009, 419, 563, 270, 939, 518, 25, 462, 118, 244, 199, 473, 467, 626]
dests:[110, 703, 464, 857, 591]
ac_dict:{831: {0, 1}, 809: {1, 2}, 726: {2, 3}, 447: {3, 4}, 110: {0}, 703: {1}, 464: {2}, 857: {3}, 591: {4}}
clusters:[9 0 5 8 1 9 5 3 5 4 2 2 9 2 4 0 6 0 7 5]

round: 1
best_g_value: 179.0
open_list_size: 0
num_low_level_expanded: 439
search_success: 1
search_time: 0.5222987937740982
n_tsp_call: 1
n_tsp_time: 0.49645616998896
n_roots: 1
num_conflicts: 0
target_assignment: {270: 0, 467: 2, 229: 1, 199: 1, 518: 1, 419: 1, 1001: 1, 447: 4, 473: 4, 563: 4}
cluster_target_selection: {4: 270, 7: 467, 9: 229, 6: 199, 2: 518, 3: 419, 1: 1001, 8: 447, 0: 473, 5: 563}
num_nodes_transformed_graph: 54
agent_paths:({0: [(10, 5), (11, 5), (12, 5), (13, 5), (14, 5), (14, 6), (14, 7), (14, 8), (14, 7), (14, 6), (14, 5), (14, 4), (14, 3), (14, 3)], 1: [(2, 11), (2, 10), (3, 10), (4, 10), (5, 10), (5, 9), (6, 9), (6, 8), (6, 7), (5, 7), (5, 6), (6, 6), (7, 6), (6, 6), (6, 7), (6, 8), (6, 9), (6, 10), (6, 11), (5, 11), (5, 12), (5, 13), (6, 13), (6, 14), (6, 15), (6, 16), (6, 17), (5, 17), (5, 18), (5, 19), (4, 19), (3, 19), (3, 18), (3, 17), (2, 17), (2, 16), (2, 15), (2, 14), (2, 13), (3, 13), (3, 14), (3, 15), (2, 15), (2, 16), (2, 17), (2, 18), (2, 19), (2, 20), (2, 21), (2, 22), (2, 23), (1, 23), (1, 24), (1, 25), (2, 25), (3, 25), (3, 26), (3, 27), (3, 28), (3, 29), (3, 30), (4, 30), (5, 30), (6, 30), (7, 30), (8, 30), (9, 30), (9, 31), (9, 30), (9, 29), (10, 29), (10, 28), (10, 27), (11, 27), (12, 27), (13, 27), (14, 27), (15, 27), (16, 27), (17, 27), (17, 26), (18, 26), (19, 26), (20, 26), (21, 26), (21, 25), (22, 25), (23, 25), (24, 25), (25, 25), (26, 25), (27, 25), (27, 24), (27, 23), (28, 23), (29, 23), (29, 22), (29, 21), (30, 21), (31, 21), (31, 21)], 2: [(17, 11), (18, 11), (18, 12), (18, 13), (19, 13), (19, 14), (18, 14), (17, 14), (16, 14), (16, 14)], 3: [(14, 22), (15, 22), (16, 22), (17, 22), (17, 23), (17, 24), (17, 25), (18, 25), (19, 25), (19, 26), (20, 26), (21, 26), (22, 26), (23, 26), (23, 25), (24, 25), (25, 25), (25, 26), (25, 26)], 4: [(31, 27), (31, 26), (31, 25), (30, 25), (30, 24), (30, 23), (30, 22), (30, 21), (31, 21), (31, 20), (31, 19), (31, 18), (31, 17), (31, 16), (31, 15), (31, 14), (31, 13), (30, 13), (29, 13), (29, 14), (28, 14), (27, 14), (26, 14), (25, 14), (25, 15), (26, 15), (27, 15), (27, 16), (27, 17), (26, 17), (25, 17), (25, 18), (24, 18), (23, 18), (22, 18), (21, 18), (21, 17), (20, 17), (19, 17), (18, 17), (17, 17), (17, 18), (16, 18), (15, 18), (15, 18)]}, 99)