

CBSS-C STATS
starts:[1016, 53]
targets:[481, 87, 824, 296, 981, 534, 165, 123, 769, 1002]
dests:[827, 550]
ac_dict:{481: {0, 1}, 827: {0}, 550: {1}}
clusters:[2 3 5 9 4 7 1 8 0 6]

round: 1
best_g_value: 140.0
open_list_size: 0
num_low_level_expanded: 307
search_success: 1
search_time: 0.02943202199821826
n_tsp_call: 1
n_tsp_time: 0.017319885999313556
n_roots: 1
num_conflicts: 0
target_assignment: {981: 0, 824: 0, 87: 1, 123: 1, 534: 1, 1002: 1, 769: 1, 481: 1, 165: 1, 296: 1}
cluster_target_selection: {4: 981, 5: 824, 3: 87, 8: 123, 7: 534, 6: 1002, 0: 769, 2: 481, 1: 165, 9: 296}
num_nodes_transformed_graph: 14
agent_paths:({0: [(24, 31), (23, 31), (22, 31), (21, 31), (21, 30), (21, 29), (22, 29), (23, 29), (23, 28), (23, 27), (23, 26), (23, 25), (24, 25), (25, 25), (26, 25), (27, 25), (27, 25)], 1: [(21, 1), (22, 1), (23, 1), (23, 2), (23, 3), (24, 3), (25, 3), (26, 3), (27, 3), (27, 4), (27, 5), (26, 5), (25, 5), (25, 6), (25, 7), (25, 8), (25, 9), (24, 9), (23, 9), (22, 9), (22, 10), (22, 11), (22, 12), (22, 13), (22, 14), (22, 15), (22, 16), (22, 17), (22, 18), (22, 19), (22, 20), (22, 21), (21, 21), (20, 21), (19, 21), (18, 21), (17, 21), (17, 22), (16, 22), (15, 22), (14, 22), (13, 22), (13, 23), (12, 23), (11, 23), (11, 24), (11, 25), (10, 25), (10, 26), (10, 27), (10, 28), (10, 29), (10, 30), (10, 31), (9, 31), (9, 30), (8, 30), (7, 30), (6, 30), (5, 30), (4, 30), (3, 30), (3, 29), (3, 28), (3, 27), (2, 27), (1, 27), (1, 26), (1, 25), (1, 24), (1, 23), (1, 22), (1, 21), (2, 21), (2, 20), (2, 19), (2, 18), (2, 17), (2, 16), (2, 15), (1, 15), (2, 15), (2, 16), (2, 17), (3, 17), (3, 18), (3, 19), (4, 19), (5, 19), (5, 18), (5, 17), (6, 17), (6, 16), (6, 15), (5, 15), (5, 14), (5, 13), (5, 12), (5, 11), (5, 10), (5, 9), (6, 9), (6, 8), (6, 7), (5, 7), (5, 6), (5, 5), (6, 5), (6, 6), (6, 7), (6, 8), (6, 9), (7, 9), (8, 9), (7, 9), (6, 9), (6, 10), (6, 11), (5, 11), (5, 12), (5, 13), (6, 13), (6, 14), (6, 15), (6, 16), (6, 17), (6, 17)]}, 125)