

CBSS-C STATS
starts:[174, 222, 483, 66, 439]
targets:[879, 209, 85, 299, 243, 314, 122, 702, 687, 1020]
dests:[593, 1019, 466, 230, 968]
ac_dict:{879: {0, 1}, 209: {1, 2}, 85: {2, 3}, 299: {3, 4}, 593: {0}, 1019: {1}, 466: {2}, 230: {3}, 968: {4}}
clusters:[0 0 0 0 0 1 1 0 0 0]

round: 1
best_g_value: 119.0
open_list_size: 0
num_low_level_expanded: 306
search_success: 1
search_time: 0.14879880007356405
n_tsp_call: 1
n_tsp_time: 0.13251009210944176
n_roots: 1
num_conflicts: 0
target_assignment: {314: 1, 1020: 1}
cluster_target_selection: {1: 314, 0: 1020}
num_nodes_transformed_graph: 48
agent_paths:({0: [(14, 5), (14, 6), (14, 7), (14, 8), (14, 9), (15, 9), (16, 9), (17, 9), (17, 10), (17, 11), (18, 11), (18, 12), (18, 13), (18, 14), (18, 15), (18, 16), (18, 17), (17, 17), (17, 18), (17, 18)], 1: [(30, 6), (29, 6), (28, 6), (27, 6), (26, 6), (26, 7), (25, 7), (25, 8), (25, 9), (26, 9), (27, 9), (27, 10), (27, 11), (27, 12), (27, 13), (27, 14), (27, 15), (27, 16), (27, 17), (27, 18), (27, 19), (27, 20), (27, 21), (27, 22), (27, 23), (27, 24), (27, 25), (27, 26), (27, 27), (27, 28), (27, 29), (27, 30), (27, 31), (28, 31), (27, 31), (27, 31)], 2: [(3, 15), (2, 15), (2, 16), (2, 17), (3, 17), (3, 18), (3, 19), (4, 19), (5, 19), (5, 18), (6, 18), (7, 18), (8, 18), (9, 18), (9, 17), (10, 17), (11, 17), (11, 16), (11, 15), (11, 14), (12, 14), (13, 14), (14, 14), (15, 14), (16, 14), (17, 14), (18, 14), (18, 14)], 3: [(2, 2), (3, 2), (3, 3), (3, 4), (3, 5), (4, 5), (5, 5), (6, 5), (6, 6), (6, 7), (6, 7)], 4: [(23, 13), (22, 13), (22, 14), (22, 15), (22, 16), (22, 17), (22, 18), (22, 19), (22, 20), (22, 21), (21, 21), (20, 21), (19, 21), (18, 21), (17, 21), (17, 22), (16, 22), (15, 22), (14, 22), (13, 22), (13, 23), (12, 23), (11, 23), (11, 24), (11, 25), (10, 25), (10, 26), (10, 27), (10, 28), (10, 29), (9, 29), (9, 30), (8, 30), (8, 30)]}, 34)