

CBSS-C STATS
starts:[311, 691, 979, 769, 711]
targets:[810, 839, 218, 254, 94, 382, 25, 155, 333, 199, 210, 566, 178, 999, 54, 849, 473, 478, 958, 604]
dests:[176, 329, 52, 198, 126]
ac_dict:{810: {0, 1}, 839: {1, 2}, 218: {2, 3}, 254: {3, 4}, 176: {0}, 329: {1}, 52: {2}, 198: {3}, 126: {4}}
clusters:[ 6 10  2 17 18 15  4 16 11  9 12  7  1 13  8  5 19  0  3 14]

round: 2
best_g_value: 241.0
open_list_size: 2
num_low_level_expanded: 1436
search_success: 1
search_time: 14.705518215996563
n_tsp_call: 24
n_tsp_time: 14.090724527020939
n_roots: 2
num_conflicts: 1
target_assignment: {210: 0, 178: 0, 849: 1, 810: 1, 999: 1, 839: 1, 333: 1, 958: 2, 604: 2, 218: 2, 155: 2, 25: 2, 54: 2, 199: 3, 566: 4, 473: 4, 478: 4, 382: 4, 254: 4, 94: 4}
cluster_target_selection: {12: 210, 1: 178, 5: 849, 6: 810, 13: 999, 10: 839, 11: 333, 3: 958, 14: 604, 2: 218, 16: 155, 4: 25, 8: 54, 9: 199, 7: 566, 19: 473, 0: 478, 15: 382, 17: 254, 18: 94}
num_nodes_transformed_graph: 98
agent_paths:({0: [(23, 9), (23, 8), (23, 7), (22, 7), (21, 7), (20, 7), (19, 7), (18, 7), (18, 6), (18, 5), (17, 5), (16, 5), (16, 5)], 1: [(19, 21), (18, 21), (17, 21), (17, 22), (17, 23), (17, 24), (17, 25), (17, 26), (17, 27), (16, 27), (15, 27), (14, 27), (13, 27), (12, 27), (11, 27), (10, 27), (10, 26), (10, 25), (10, 26), (10, 27), (10, 28), (10, 29), (9, 29), (9, 30), (8, 30), (7, 30), (7, 31), (7, 30), (6, 30), (5, 30), (4, 30), (3, 30), (3, 29), (3, 28), (3, 27), (3, 26), (4, 26), (5, 26), (6, 26), (7, 26), (6, 26), (5, 26), (4, 26), (3, 26), (3, 25), (2, 25), (1, 25), (1, 24), (1, 23), (1, 22), (1, 21), (2, 21), (2, 20), (2, 19), (3, 19), (4, 19), (5, 19), (5, 18), (5, 17), (6, 17), (6, 16), (6, 15), (6, 14), (6, 13), (7, 13), (8, 13), (9, 13), (9, 12), (9, 11), (10, 11), (11, 11), (12, 11), (13, 11), (13, 10), (13, 11), (12, 11), (11, 11), (10, 11), (9, 11), (9, 10), (9, 10)], 2: [(19, 30), (19, 31), (20, 31), (21, 31), (22, 31), (23, 31), (24, 31), (25, 31), (26, 31), (27, 31), (28, 31), (29, 31), (29, 30), (29, 29), (30, 29), (31, 29), (31, 28), (31, 27), (30, 27), (30, 26), (30, 25), (30, 24), (30, 23), (29, 23), (28, 23), (27, 23), (27, 22), (27, 21), (27, 20), (27, 19), (27, 18), (28, 18), (27, 18), (27, 17), (27, 16), (27, 15), (27, 14), (27, 13), (27, 12), (27, 11), (26, 11), (26, 10), (26, 9), (25, 9), (25, 8), (25, 7), (25, 6), (26, 6), (26, 5), (27, 5), (27, 4), (27, 3), (26, 3), (25, 3), (25, 2), (25, 1), (25, 0), (25, 1), (25, 2), (25, 3), (24, 3), (23, 3), (22, 3), (22, 2), (22, 1), (21, 1), (20, 1), (20, 1)], 3: [(1, 24), (1, 23), (1, 22), (1, 21), (2, 21), (2, 20), (2, 19), (3, 19), (4, 19), (5, 19), (5, 18), (5, 17), (6, 17), (6, 16), (6, 15), (6, 14), (6, 13), (5, 13), (5, 12), (5, 11), (5, 10), (5, 9), (6, 9), (6, 8), (6, 7), (6, 6), (7, 6), (6, 6), (6, 6)], 4: [(7, 22), (7, 21), (8, 21), (9, 21), (10, 21), (11, 21), (11, 22), (11, 23), (12, 23), (13, 23), (13, 22), (14, 22), (15, 22), (16, 22), (17, 22), (17, 21), (18, 21), (19, 21), (20, 21), (21, 21), (22, 21), (22, 20), (22, 19), (22, 18), (22, 17), (23, 17), (23, 18), (24, 18), (25, 18), (25, 17), (26, 17), (27, 17), (27, 16), (27, 15), (26, 15), (25, 15), (25, 14), (26, 14), (27, 14), (28, 14), (29, 14), (30, 14), (30, 13), (31, 13), (31, 12), (31, 11), (30, 11), (30, 10), (30, 9), (31, 9), (31, 8), (31, 7), (30, 7), (30, 6), (30, 5), (30, 4), (30, 3), (30, 2), (30, 3), (30, 3)]}, 79)