

CBSS-C STATS
starts:[422, 290, 113, 227, 965]
targets:[923, 91, 615, 461, 443, 302, 667, 589, 751, 161, 823, 685, 1018, 838, 692, 747, 195, 677, 21, 181]
dests:[763, 725, 583, 683, 239]
ac_dict:{923: {0, 1}, 91: {1, 2}, 615: {2, 3}, 461: {3, 4}, 763: {0}, 725: {1}, 583: {2}, 683: {3}, 239: {4}}
clusters:[6 0 2 3 4 3 6 5 5 9 8 7 0 7 3 9 9 9 2 1]

round: 14
best_g_value: 218.0
open_list_size: 13
num_low_level_expanded: 8831
search_success: 1
search_time: 13.943626562133431
n_tsp_call: 15
n_tsp_time: 13.542356090154499
n_roots: 1
num_conflicts: 13
target_assignment: {823: 4, 1018: 4, 667: 4, 443: 4, 181: 4, 302: 2, 615: 2, 747: 1, 685: 1, 751: 1}
cluster_target_selection: {8: 823, 0: 1018, 6: 667, 4: 443, 1: 181, 3: 302, 2: 615, 9: 747, 7: 685, 5: 751}
num_nodes_transformed_graph: 98
agent_paths:({0: [(6, 13), (7, 13), (8, 13), (9, 13), (10, 13), (11, 13), (11, 14), (12, 14), (13, 14), (14, 14), (15, 14), (16, 14), (17, 14), (18, 14), (18, 15), (18, 16), (18, 17), (19, 17), (20, 17), (21, 17), (22, 17), (23, 17), (23, 18), (24, 18), (25, 18), (26, 18), (27, 18), (27, 19), (27, 20), (27, 21), (27, 22), (27, 23), (26, 23), (26, 23), (26, 23), (26, 23), (26, 23), (26, 23), (26, 23), (26, 23), (26, 23), (26, 23), (27, 23), (27, 23)], 1: [(2, 9), (3, 9), (3, 10), (4, 10), (5, 10), (5, 11), (5, 12), (5, 13), (6, 13), (6, 14), (6, 15), (6, 16), (6, 17), (7, 17), (7, 18), (8, 18), (9, 18), (9, 19), (9, 20), (9, 21), (10, 21), (11, 21), (11, 22), (11, 23), (12, 23), (13, 23), (13, 22), (13, 21), (14, 21), (15, 21), (15, 22), (15, 23), (15, 22), (16, 22), (17, 22), (18, 22), (19, 22), (19, 21), (20, 21), (21, 21), (21, 22), (21, 22)], 2: [(17, 3), (17, 2), (16, 2), (15, 2), (14, 2), (14, 3), (14, 4), (14, 5), (14, 6), (14, 7), (14, 8), (14, 9), (13, 9), (13, 10), (13, 11), (12, 11), (11, 11), (10, 11), (9, 11), (9, 12), (9, 13), (8, 13), (7, 13), (7, 14), (7, 15), (6, 15), (6, 16), (6, 17), (7, 17), (7, 18), (7, 19), (7, 18), (7, 18)], 3: [(3, 7), (3, 6), (3, 5), (4, 5), (5, 5), (6, 5), (6, 6), (6, 7), (6, 8), (6, 9), (6, 10), (6, 11), (5, 11), (5, 12), (5, 13), (6, 13), (6, 14), (6, 15), (6, 16), (6, 17), (7, 17), (7, 18), (8, 18), (9, 18), (9, 19), (9, 20), (9, 21), (10, 21), (11, 21), (11, 21)], 4: [(5, 30), (6, 30), (7, 30), (8, 30), (9, 30), (9, 29), (10, 29), (10, 28), (10, 27), (11, 27), (12, 27), (13, 27), (14, 27), (15, 27), (16, 27), (17, 27), (17, 26), (18, 26), (19, 26), (20, 26), (21, 26), (21, 25), (22, 25), (23, 25), (23, 26), (23, 27), (23, 28), (23, 29), (23, 30), (23, 31), (24, 31), (25, 31), (26, 31), (26, 30), (26, 29), (27, 29), (27, 28), (27, 27), (27, 26), (27, 25), (27, 24), (27, 23), (27, 22), (27, 21), (27, 20), (27, 19), (27, 18), (27, 17), (27, 16), (27, 15), (27, 14), (27, 13), (27, 12), (27, 11), (26, 11), (25, 11), (25, 10), (25, 9), (24, 9), (23, 9), (23, 8), (23, 7), (22, 7), (21, 7), (21, 6), (21, 5), (21, 6), (21, 7), (20, 7), (19, 7), (18, 7), (17, 7), (17, 6), (17, 5), (16, 5), (15, 5), (15, 6), (15, 7), (15, 7)]}, 77)