

CBSS-C STATS
starts:[110, 310, 345, 843, 975]
targets:[634, 914, 958, 355, 985, 162, 250, 464, 966, 627]
dests:[762, 745, 633, 845, 761]
ac_dict:{634: {0, 1}, 914: {1, 2}, 958: {2, 3}, 355: {3, 4}, 762: {0}, 745: {1}, 633: {2}, 845: {3}, 761: {4}}
clusters:[0 0 2 3 4 0 0 0 3 1]

round: 1
best_g_value: 151.0
open_list_size: 0
num_low_level_expanded: 362
search_success: 1
search_time: 0.16952476324513555
n_tsp_call: 1
n_tsp_time: 0.15555040538311005
n_roots: 1
num_conflicts: 0
target_assignment: {627: 0, 966: 3, 464: 1, 958: 2, 985: 4}
cluster_target_selection: {1: 627, 3: 966, 0: 464, 2: 958, 4: 985}
num_nodes_transformed_graph: 48
agent_paths:({0: [(14, 3), (14, 4), (14, 5), (15, 5), (16, 5), (17, 5), (18, 5), (18, 6), (18, 7), (18, 8), (18, 9), (18, 10), (18, 11), (18, 12), (18, 13), (18, 14), (18, 15), (18, 16), (18, 17), (19, 17), (19, 18), (19, 19), (19, 18), (19, 17), (20, 17), (21, 17), (22, 17), (23, 17), (23, 18), (24, 18), (25, 18), (26, 18), (26, 19), (27, 19), (27, 20), (27, 21), (26, 21), (26, 22), (26, 23), (26, 23)], 1: [(22, 9), (21, 9), (21, 10), (21, 11), (20, 11), (19, 11), (18, 11), (18, 12), (18, 13), (17, 13), (17, 14), (16, 14), (15, 14), (14, 14), (13, 14), (12, 14), (11, 14), (11, 15), (11, 16), (11, 17), (10, 17), (9, 17), (9, 18), (9, 19), (9, 20), (9, 21), (9, 22), (9, 23), (9, 23)], 2: [(25, 10), (26, 10), (27, 10), (27, 11), (27, 12), (27, 13), (27, 14), (27, 15), (27, 16), (27, 17), (27, 18), (27, 19), (27, 20), (27, 21), (27, 22), (27, 23), (28, 23), (29, 23), (30, 23), (30, 24), (30, 25), (30, 26), (30, 27), (31, 27), (31, 28), (31, 29), (30, 29), (31, 29), (31, 28), (31, 27), (30, 27), (30, 26), (30, 25), (30, 24), (30, 23), (29, 23), (28, 23), (27, 23), (27, 22), (27, 21), (27, 20), (27, 19), (26, 19), (25, 19), (25, 19)], 3: [(11, 26), (10, 26), (10, 27), (10, 28), (10, 29), (9, 29), (9, 30), (8, 30), (7, 30), (6, 30), (7, 30), (8, 30), (9, 30), (9, 29), (10, 29), (10, 28), (10, 27), (11, 27), (12, 27), (13, 27), (13, 26), (13, 26)], 4: [(15, 30), (15, 31), (16, 31), (17, 31), (18, 31), (19, 31), (20, 31), (21, 31), (22, 31), (23, 31), (24, 31), (25, 31), (25, 30), (25, 29), (26, 29), (27, 29), (27, 28), (27, 27), (27, 26), (27, 25), (27, 24), (27, 23), (26, 23), (25, 23), (25, 23)]}, 43)