

CBSS-C STATS
starts:[464, 937, 338, 875, 423]
targets:[742, 958, 827, 199, 17, 255, 358, 721, 979, 737, 345, 629, 247, 873, 582, 757, 507, 319, 987, 101]
dests:[877, 347, 166, 717, 961]
ac_dict:{742: {0, 1}, 958: {1, 2}, 827: {2, 3}, 199: {3, 4}, 877: {0}, 347: {1}, 166: {2}, 717: {3}, 961: {4}}
clusters:[7 7 3 2 0 6 1 4 0 8 5 3 3 8 4 5 5 9 7 5]

round: 1
best_g_value: 160.0
open_list_size: 0
num_low_level_expanded: 322
search_success: 1
search_time: 1.9673016960732639
n_tsp_call: 1
n_tsp_time: 1.935317066963762
n_roots: 1
num_conflicts: 0
target_assignment: {629: 0, 721: 0, 199: 4, 358: 4, 737: 4, 979: 1, 987: 1, 507: 1, 255: 1, 319: 1}
cluster_target_selection: {3: 629, 4: 721, 2: 199, 1: 358, 8: 737, 0: 979, 7: 987, 5: 507, 6: 255, 9: 319}
num_nodes_transformed_graph: 98
agent_paths:({0: [(16, 14), (17, 14), (18, 14), (18, 15), (18, 16), (18, 17), (19, 17), (20, 17), (21, 17), (21, 18), (21, 19), (22, 19), (22, 20), (22, 21), (21, 21), (20, 21), (19, 21), (18, 21), (17, 21), (17, 22), (16, 22), (15, 22), (15, 23), (15, 24), (15, 25), (14, 25), (13, 25), (13, 26), (13, 27), (13, 27)], 1: [(9, 29), (10, 29), (10, 28), (10, 27), (11, 27), (12, 27), (13, 27), (14, 27), (15, 27), (16, 27), (17, 27), (18, 27), (18, 28), (18, 29), (19, 29), (19, 30), (19, 31), (20, 31), (21, 31), (22, 31), (23, 31), (24, 31), (25, 31), (25, 30), (26, 30), (27, 30), (27, 29), (27, 28), (27, 27), (27, 26), (27, 25), (27, 24), (27, 23), (27, 22), (27, 21), (27, 20), (27, 19), (27, 18), (27, 17), (27, 16), (27, 15), (27, 14), (27, 13), (27, 12), (27, 11), (27, 10), (28, 10), (29, 10), (29, 9), (30, 9), (31, 9), (31, 8), (31, 7), (31, 8), (31, 9), (30, 9), (29, 9), (29, 10), (28, 10), (27, 10), (27, 10)], 2: [(18, 10), (17, 10), (17, 9), (16, 9), (15, 9), (14, 9), (14, 8), (14, 7), (13, 7), (13, 6), (13, 5), (12, 5), (11, 5), (10, 5), (9, 5), (9, 6), (8, 6), (7, 6), (6, 6), (6, 5), (6, 5)], 3: [(11, 27), (11, 26), (11, 25), (11, 24), (11, 23), (12, 23), (13, 23), (13, 22), (13, 22)], 4: [(7, 13), (6, 13), (5, 13), (5, 12), (5, 11), (5, 10), (5, 9), (6, 9), (6, 8), (6, 7), (6, 6), (7, 6), (6, 6), (6, 7), (6, 8), (6, 9), (6, 10), (6, 11), (5, 11), (5, 12), (5, 13), (5, 14), (5, 15), (6, 15), (6, 16), (6, 17), (5, 17), (5, 18), (5, 19), (4, 19), (3, 19), (2, 19), (2, 20), (2, 21), (1, 21), (1, 22), (1, 23), (1, 24), (1, 25), (1, 26), (1, 27), (2, 27), (3, 27), (3, 28), (3, 29), (2, 29), (1, 29), (1, 30), (1, 30)]}, 59)