

CBSS-C STATS
starts:[883, 430, 817, 429, 465]
targets:[207, 894, 970, 348, 25, 555, 947, 347, 215, 759, 680, 445, 683, 622, 693, 949, 836, 298, 105, 852]
dests:[720, 957, 928, 324, 99]
ac_dict:{207: {0, 1}, 894: {1, 2}, 970: {2, 3}, 348: {3, 4}, 720: {0}, 957: {1}, 928: {2}, 324: {3}, 99: {4}}
clusters:[5 1 5 0 7 4 6 9 3 9 7 1 8 1 4 6 7 2 3 8]

round: 2
best_g_value: 159.0
open_list_size: 1
num_low_level_expanded: 386
search_success: 1
search_time: 2.1827447921968997
n_tsp_call: 1
n_tsp_time: 2.1531379618681967
n_roots: 1
num_conflicts: 1
target_assignment: {298: 3, 555: 1, 680: 1, 683: 1, 947: 1, 894: 1, 348: 4, 347: 4, 215: 4, 970: 2}
cluster_target_selection: {2: 298, 4: 555, 7: 680, 8: 683, 6: 947, 1: 894, 0: 348, 9: 347, 3: 215, 5: 970}
num_nodes_transformed_graph: 98
agent_paths:({0: [(19, 27), (18, 27), (18, 26), (17, 26), (17, 25), (17, 24), (17, 23), (17, 22), (16, 22), (16, 22)], 1: [(14, 13), (13, 13), (13, 14), (12, 14), (11, 14), (11, 15), (11, 16), (11, 17), (10, 17), (9, 17), (9, 18), (9, 19), (9, 20), (9, 21), (8, 21), (9, 21), (10, 21), (11, 21), (11, 22), (11, 23), (12, 23), (13, 23), (14, 23), (15, 23), (15, 24), (15, 25), (15, 26), (15, 27), (16, 27), (17, 27), (18, 27), (18, 28), (18, 29), (19, 29), (19, 30), (19, 31), (20, 31), (21, 31), (22, 31), (23, 31), (24, 31), (25, 31), (26, 31), (27, 31), (28, 31), (29, 31), (29, 30), (29, 29), (30, 29), (31, 29), (31, 28), (31, 27), (30, 27), (31, 27), (31, 28), (31, 29), (30, 29), (29, 29), (29, 29)], 2: [(17, 25), (17, 26), (17, 27), (16, 27), (15, 27), (14, 27), (13, 27), (12, 27), (11, 27), (10, 27), (10, 28), (10, 29), (10, 30), (9, 30), (8, 30), (7, 30), (6, 30), (5, 30), (4, 30), (3, 30), (2, 30), (1, 30), (1, 29), (0, 29), (0, 29)], 3: [(13, 13), (13, 14), (12, 14), (11, 14), (10, 14), (10, 13), (9, 13), (9, 12), (9, 11), (9, 10), (9, 9), (10, 9), (9, 9), (8, 9), (7, 9), (6, 9), (5, 9), (5, 10), (4, 10), (4, 10)], 4: [(17, 14), (17, 13), (18, 13), (18, 12), (18, 11), (19, 11), (20, 11), (21, 11), (21, 10), (22, 10), (23, 10), (23, 9), (24, 9), (25, 9), (26, 9), (27, 9), (27, 10), (28, 10), (27, 10), (26, 10), (25, 10), (25, 9), (24, 9), (23, 9), (23, 8), (23, 7), (23, 6), (22, 6), (21, 6), (21, 7), (20, 7), (19, 7), (18, 7), (17, 7), (17, 6), (17, 5), (16, 5), (15, 5), (14, 5), (13, 5), (12, 5), (11, 5), (10, 5), (9, 5), (9, 6), (8, 6), (7, 6), (6, 6), (5, 6), (5, 5), (4, 5), (3, 5), (3, 4), (3, 3), (3, 3)]}, 57)