

CBSS-C STATS
starts:[309, 982, 649, 706, 487]
targets:[958, 506, 859, 381, 849, 201, 406, 928, 5, 601, 438, 170, 551, 570, 95, 358, 498, 125, 495, 181]
dests:[191, 824, 555, 682, 37]
ac_dict:{958: {0, 1}, 506: {1, 2}, 859: {2, 3}, 381: {3, 4}, 191: {0}, 824: {1}, 555: {2}, 682: {3}, 37: {4}}
clusters:[9 5 2 3 8 7 6 8 7 0 4 7 0 4 1 4 3 6 0 3]

round: 2
best_g_value: 147.0
open_list_size: 1
num_low_level_expanded: 573
search_success: 1
search_time: 24.060775973834097
n_tsp_call: 15
n_tsp_time: 23.804651604499668
n_roots: 1
num_conflicts: 1
target_assignment: {125: 0, 95: 0, 849: 2, 859: 2, 506: 2, 601: 2, 498: 2, 958: 1, 358: 4, 5: 4}
cluster_target_selection: {6: 125, 1: 95, 8: 849, 2: 859, 5: 506, 0: 601, 3: 498, 9: 958, 4: 358, 7: 5}
num_nodes_transformed_graph: 98
agent_paths:({0: [(21, 9), (22, 9), (23, 9), (24, 9), (25, 9), (25, 8), (25, 7), (25, 6), (25, 5), (26, 5), (27, 5), (27, 4), (27, 3), (27, 2), (28, 2), (29, 2), (29, 3), (29, 2), (30, 2), (31, 2), (31, 3), (30, 3), (30, 4), (30, 5), (31, 5), (31, 5)], 1: [(22, 30), (23, 30), (23, 31), (24, 31), (25, 31), (26, 31), (27, 31), (28, 31), (29, 31), (29, 30), (29, 29), (30, 29), (29, 29), (29, 30), (29, 31), (28, 31), (27, 31), (27, 30), (27, 29), (27, 28), (27, 27), (26, 27), (25, 27), (25, 26), (25, 26), (25, 26), (25, 25), (24, 25), (24, 25)], 2: [(9, 20), (9, 21), (10, 21), (11, 21), (11, 22), (11, 23), (12, 23), (13, 23), (14, 23), (15, 23), (15, 24), (15, 25), (15, 26), (15, 27), (16, 27), (17, 27), (17, 26), (18, 26), (19, 26), (20, 26), (21, 26), (22, 26), (23, 26), (23, 25), (24, 25), (25, 25), (26, 25), (27, 25), (27, 26), (27, 25), (27, 24), (27, 23), (27, 22), (27, 21), (27, 20), (27, 19), (27, 18), (27, 17), (27, 16), (27, 15), (26, 15), (27, 15), (27, 16), (27, 17), (26, 17), (25, 17), (25, 18), (24, 18), (23, 18), (22, 18), (21, 18), (21, 17), (20, 17), (19, 17), (18, 17), (18, 16), (18, 15), (17, 15), (17, 14), (16, 14), (15, 14), (14, 14), (13, 14), (12, 14), (11, 14), (11, 15), (11, 16), (11, 17), (11, 17)], 3: [(2, 22), (3, 22), (4, 22), (5, 22), (5, 21), (6, 21), (7, 21), (8, 21), (9, 21), (10, 21), (10, 21)], 4: [(7, 15), (6, 15), (6, 14), (6, 13), (5, 13), (5, 12), (5, 11), (6, 11), (6, 10), (6, 9), (6, 8), (6, 7), (6, 6), (6, 5), (6, 4), (6, 3), (5, 3), (5, 2), (5, 1), (5, 0), (5, 1), (5, 1)]}, 67)