

CBSS-C STATS
starts:[935, 206]
targets:[298, 553, 1020, 91, 875, 862, 550, 65, 762, 505]
dests:[435, 471]
ac_dict:{298: {0, 1}, 435: {0}, 471: {1}}
clusters:[6 2 1 3 0 4 7 8 5 9]

round: 1
best_g_value: 165.0
open_list_size: 0
num_low_level_expanded: 347
search_success: 1
search_time: 0.10395691500161774
n_tsp_call: 1
n_tsp_time: 0.08927413199853618
n_roots: 1
num_conflicts: 0
target_assignment: {875: 0, 1020: 0, 862: 0, 762: 0, 505: 0, 91: 0, 65: 1, 298: 1, 550: 1, 553: 1}
cluster_target_selection: {0: 875, 1: 1020, 4: 862, 5: 762, 9: 505, 3: 91, 8: 65, 6: 298, 7: 550, 2: 553}
num_nodes_transformed_graph: 24
agent_paths:({0: [(7, 29), (7, 30), (8, 30), (9, 30), (9, 29), (10, 29), (10, 28), (10, 27), (11, 27), (12, 27), (13, 27), (14, 27), (15, 27), (16, 27), (17, 27), (18, 27), (18, 28), (18, 29), (19, 29), (19, 30), (19, 31), (20, 31), (21, 31), (22, 31), (23, 31), (24, 31), (25, 31), (26, 31), (27, 31), (28, 31), (29, 31), (29, 30), (29, 29), (30, 29), (31, 29), (31, 28), (31, 27), (30, 27), (30, 26), (30, 25), (30, 24), (30, 23), (29, 23), (28, 23), (27, 23), (26, 23), (26, 22), (26, 21), (27, 21), (27, 20), (27, 19), (27, 18), (27, 17), (27, 16), (27, 15), (26, 15), (25, 15), (25, 14), (25, 13), (26, 13), (27, 13), (27, 12), (27, 11), (27, 10), (27, 9), (26, 9), (25, 9), (25, 8), (25, 7), (25, 6), (25, 5), (26, 5), (27, 5), (27, 4), (27, 3), (27, 2), (27, 3), (27, 4), (27, 5), (26, 5), (25, 5), (25, 6), (25, 7), (25, 8), (25, 9), (24, 9), (23, 9), (22, 9), (22, 10), (22, 11), (22, 12), (22, 13), (21, 13), (20, 13), (19, 13), (19, 13)], 1: [(14, 6), (13, 6), (13, 5), (12, 5), (11, 5), (10, 5), (9, 5), (9, 6), (8, 6), (7, 6), (6, 6), (5, 6), (5, 5), (4, 5), (3, 5), (3, 4), (3, 3), (2, 3), (1, 3), (1, 2), (2, 2), (3, 2), (3, 3), (3, 4), (3, 5), (4, 5), (5, 5), (6, 5), (6, 6), (6, 7), (6, 8), (6, 9), (7, 9), (8, 9), (9, 9), (10, 9), (9, 9), (9, 10), (9, 11), (9, 12), (9, 13), (8, 13), (7, 13), (6, 13), (6, 14), (6, 15), (6, 16), (6, 17), (7, 17), (7, 18), (8, 18), (9, 18), (9, 17), (10, 17), (11, 17), (11, 16), (11, 15), (11, 14), (12, 14), (13, 14), (14, 14), (15, 14), (16, 14), (17, 14), (18, 14), (19, 14), (19, 13), (20, 13), (21, 13), (22, 13), (23, 13), (23, 14), (23, 14)]}, 94)