

CBSS-C STATS
starts:[171, 562, 982, 755, 350]
targets:[963, 281, 829, 1009, 839, 113, 826, 304, 697, 626]
dests:[561, 294, 987, 619, 906]
ac_dict:{963: {0, 1}, 281: {1, 2}, 829: {2, 3}, 1009: {3, 4}, 561: {0}, 294: {1}, 987: {2}, 619: {3}, 906: {4}}
clusters:[1 0 1 1 1 1 1 0 0 0]

round: 1
best_g_value: 103.0
open_list_size: 0
num_low_level_expanded: 215
search_success: 1
search_time: 0.10290927300229669
n_tsp_call: 1
n_tsp_time: 0.08873255178332329
n_roots: 1
num_conflicts: 0
target_assignment: {304: 0, 826: 4}
cluster_target_selection: {0: 304, 1: 826}
num_nodes_transformed_graph: 48
agent_paths:({0: [(11, 5), (12, 5), (13, 5), (14, 5), (14, 6), (14, 7), (14, 8), (14, 9), (15, 9), (16, 9), (17, 9), (17, 10), (17, 11), (18, 11), (18, 12), (18, 13), (18, 14), (18, 15), (18, 16), (18, 17), (17, 17), (17, 17)], 1: [(18, 17), (18, 16), (18, 15), (17, 15), (17, 14), (16, 14), (15, 14), (14, 14), (13, 14), (12, 14), (11, 14), (10, 14), (9, 14), (9, 13), (9, 12), (9, 11), (9, 10), (9, 9), (8, 9), (7, 9), (6, 9), (6, 9)], 2: [(22, 30), (23, 30), (23, 31), (24, 31), (25, 31), (25, 30), (26, 30), (27, 30), (27, 30)], 3: [(19, 23), (18, 23), (17, 23), (17, 22), (16, 22), (15, 22), (14, 22), (13, 22), (13, 23), (12, 23), (11, 23), (11, 22), (11, 21), (10, 21), (9, 21), (9, 20), (9, 19), (10, 19), (11, 19), (11, 19)], 4: [(30, 10), (29, 10), (28, 10), (27, 10), (27, 11), (27, 12), (27, 13), (27, 14), (27, 15), (27, 16), (27, 17), (27, 18), (27, 19), (27, 20), (27, 21), (27, 22), (27, 23), (27, 24), (27, 25), (26, 25), (25, 25), (24, 25), (23, 25), (22, 25), (21, 25), (21, 26), (20, 26), (19, 26), (18, 26), (17, 26), (17, 27), (16, 27), (15, 27), (14, 27), (13, 27), (12, 27), (11, 27), (10, 27), (10, 28), (10, 28)]}, 38)