

CBSS-C STATS
starts:[80, 210, 854, 179, 177]
targets:[559, 250, 207, 886, 381, 757, 753, 558, 879, 365, 509, 107, 165, 843, 429, 423, 502, 469, 377, 419]
dests:[852, 287, 1018, 293, 290]
ac_dict:{559: {0, 1}, 250: {1, 2}, 207: {2, 3}, 886: {3, 4}, 852: {0}, 287: {1}, 1018: {2}, 293: {3}, 290: {4}}
clusters:[6 0 2 8 9 9 7 2 3 2 1 4 5 9 8 4 9 2 3 5]

round: 1
best_g_value: 157.0
open_list_size: 0
num_low_level_expanded: 405
search_success: 1
search_time: 0.41107849311083555
n_tsp_call: 1
n_tsp_time: 0.38612899789586663
n_roots: 1
num_conflicts: 0
target_assignment: {558: 0, 559: 0, 757: 0, 753: 0, 165: 4, 250: 1, 377: 1, 509: 1, 429: 3, 423: 3}
cluster_target_selection: {2: 558, 6: 559, 9: 757, 7: 753, 5: 165, 0: 250, 3: 377, 1: 509, 8: 429, 4: 423}
num_nodes_transformed_graph: 54
agent_paths:({0: [(16, 2), (15, 2), (14, 2), (14, 3), (14, 4), (14, 5), (14, 6), (14, 7), (14, 8), (14, 9), (15, 9), (16, 9), (17, 9), (17, 10), (17, 11), (18, 11), (18, 12), (18, 13), (18, 14), (18, 15), (18, 16), (18, 17), (17, 17), (17, 18), (16, 18), (15, 18), (14, 18), (14, 17), (15, 17), (15, 18), (16, 18), (17, 18), (18, 18), (19, 18), (19, 17), (20, 17), (21, 17), (21, 18), (21, 19), (22, 19), (22, 20), (22, 21), (21, 21), (21, 22), (21, 23), (21, 22), (21, 21), (20, 21), (19, 21), (18, 21), (17, 21), (17, 22), (17, 23), (17, 24), (17, 25), (18, 25), (19, 25), (19, 26), (20, 26), (20, 26)], 1: [(18, 6), (19, 6), (19, 7), (20, 7), (21, 7), (22, 7), (23, 7), (23, 8), (23, 9), (24, 9), (25, 9), (25, 8), (25, 7), (26, 7), (25, 7), (25, 8), (25, 9), (25, 10), (25, 11), (26, 11), (27, 11), (27, 12), (27, 13), (27, 14), (28, 14), (29, 14), (29, 15), (29, 14), (29, 13), (30, 13), (31, 13), (31, 12), (31, 11), (31, 10), (31, 9), (31, 8), (31, 8)], 2: [(22, 26), (23, 26), (23, 27), (23, 28), (23, 29), (23, 30), (23, 31), (24, 31), (25, 31), (26, 31), (26, 31)], 3: [(19, 5), (18, 5), (18, 6), (18, 7), (18, 8), (18, 9), (18, 10), (18, 11), (18, 12), (18, 13), (17, 13), (17, 14), (16, 14), (15, 14), (14, 14), (13, 14), (13, 13), (13, 14), (12, 14), (11, 14), (10, 14), (9, 14), (9, 13), (8, 13), (7, 13), (6, 13), (5, 13), (5, 12), (5, 11), (5, 10), (5, 9), (5, 9)], 4: [(17, 5), (16, 5), (15, 5), (14, 5), (13, 5), (12, 5), (11, 5), (10, 5), (9, 5), (9, 6), (8, 6), (7, 6), (6, 6), (5, 6), (5, 5), (5, 6), (5, 7), (6, 7), (6, 8), (6, 9), (5, 9), (5, 10), (4, 10), (3, 10), (2, 10), (2, 9), (2, 9)]}, 58)