

CBSS-C STATS
starts:[551, 377, 169, 937, 245, 825, 359]
targets:[737, 307, 351, 997, 158, 325, 691, 461, 599, 221]
dests:[715, 70, 50, 347, 964, 364, 891]
ac_dict:{737: {0, 1}, 307: {1, 2}, 351: {2, 3}, 997: {3, 4}, 158: {4, 5}, 325: {5, 6}, 715: {0}, 70: {1}, 50: {2}, 347: {3}, 964: {4}, 364: {5}, 891: {6}}
clusters:[1 5 0 2 8 7 9 3 6 4]

round: 3
best_g_value: 261.0
open_list_size: 16
num_low_level_expanded: 8800
search_success: 1
search_time: 13.624491429989575
n_tsp_call: 56
n_tsp_time: 10.48624774896598
n_roots: 8
num_conflicts: 9
target_assignment: {737: 0, 307: 1, 158: 4, 221: 4, 997: 4, 691: 3, 351: 3, 325: 6, 461: 6, 599: 6}
cluster_target_selection: {1: 737, 5: 307, 8: 158, 4: 221, 2: 997, 9: 691, 0: 351, 7: 325, 3: 461, 6: 599}
num_nodes_transformed_graph: 54
agent_paths:({0: [(7, 17), (6, 17), (5, 17), (5, 18), (5, 19), (4, 19), (3, 19), (2, 19), (2, 20), (2, 21), (1, 21), (1, 22), (1, 23), (1, 22), (2, 22), (3, 22), (4, 22), (5, 22), (6, 22), (7, 22), (7, 21), (8, 21), (9, 21), (10, 21), (11, 21), (11, 22), (11, 22)], 1: [(25, 11), (25, 10), (25, 9), (24, 9), (23, 9), (22, 9), (21, 9), (21, 10), (21, 11), (20, 11), (19, 11), (19, 10), (19, 9), (18, 9), (17, 9), (16, 9), (15, 9), (14, 9), (14, 8), (14, 7), (13, 7), (13, 6), (13, 5), (12, 5), (11, 5), (11, 4), (11, 3), (10, 3), (9, 3), (9, 2), (9, 1), (8, 1), (7, 1), (6, 1), (6, 2), (6, 2)], 2: [(9, 5), (10, 5), (11, 5), (11, 4), (11, 3), (12, 3), (13, 3), (13, 2), (14, 2), (15, 2), (16, 2), (17, 2), (17, 1), (18, 1), (18, 1)], 3: [(9, 29), (10, 29), (10, 28), (10, 27), (10, 26), (10, 25), (11, 25), (11, 24), (11, 23), (12, 23), (13, 23), (13, 22), (14, 22), (15, 22), (16, 22), (17, 22), (17, 21), (18, 21), (19, 21), (20, 21), (21, 21), (22, 21), (22, 20), (22, 19), (22, 18), (23, 18), (24, 18), (25, 18), (25, 17), (26, 17), (27, 17), (27, 16), (27, 15), (27, 14), (27, 13), (27, 12), (27, 11), (27, 10), (28, 10), (29, 10), (30, 10), (31, 10), (30, 10), (29, 10), (28, 10), (27, 10), (27, 10)], 4: [(21, 7), (22, 7), (23, 7), (23, 8), (23, 8), (23, 9), (24, 9), (25, 9), (25, 8), (25, 7), (25, 6), (26, 6), (27, 6), (28, 6), (29, 6), (29, 5), (30, 5), (30, 4), (30, 5), (29, 5), (29, 6), (28, 6), (27, 6), (26, 6), (25, 6), (25, 7), (25, 8), (25, 9), (24, 9), (23, 9), (22, 9), (22, 10), (22, 11), (22, 12), (22, 13), (22, 14), (22, 15), (22, 16), (22, 17), (22, 18), (22, 19), (22, 20), (22, 21), (21, 21), (20, 21), (19, 21), (18, 21), (17, 21), (17, 22), (16, 22), (15, 22), (14, 22), (13, 22), (13, 23), (12, 23), (11, 23), (11, 24), (11, 25), (10, 25), (10, 26), (10, 27), (10, 28), (10, 29), (9, 29), (9, 30), (8, 30), (7, 30), (6, 30), (5, 30), (5, 31), (5, 30), (4, 30), (4, 30)], 5: [(25, 25), (24, 25), (23, 25), (23, 24), (23, 23), (22, 23), (22, 22), (22, 21), (22, 20), (22, 19), (21, 19), (21, 18), (21, 17), (20, 17), (19, 17), (18, 17), (18, 16), (18, 15), (18, 14), (18, 13), (18, 12), (18, 11), (17, 11), (17, 10), (17, 9), (16, 9), (15, 9), (14, 9), (13, 9), (13, 10), (13, 11), (12, 11), (12, 11)], 6: [(7, 11), (6, 11), (5, 11), (5, 10), (5, 11), (5, 12), (5, 13), (6, 13), (7, 13), (8, 13), (9, 13), (10, 13), (11, 13), (11, 14), (12, 14), (13, 14), (14, 14), (15, 14), (16, 14), (17, 14), (18, 14), (18, 15), (18, 16), (18, 17), (19, 17), (20, 17), (21, 17), (22, 17), (23, 17), (23, 18), (24, 18), (25, 18), (26, 18), (27, 18), (27, 19), (27, 20), (27, 21), (27, 22), (27, 23), (27, 24), (27, 25), (27, 26), (27, 27), (27, 27)]}, 71)