

CBSS-C STATS
starts:[966, 85, 928, 301, 834, 501, 710]
targets:[914, 757, 139, 497, 110, 469, 878, 951, 217, 1007]
dests:[690, 981, 1014, 713, 94, 163, 362]
ac_dict:{914: {0, 1}, 757: {1, 2}, 139: {2, 3}, 497: {3, 4}, 110: {4, 5}, 469: {5, 6}, 690: {0}, 981: {1}, 1014: {2}, 713: {3}, 94: {4}, 163: {5}, 362: {6}}
clusters:[4 1 6 3 8 7 0 9 2 5]

round: 1
best_g_value: 251.0
open_list_size: 0
num_low_level_expanded: 641
search_success: 1
search_time: 0.2784573359967908
n_tsp_call: 1
n_tsp_time: 0.24670150699967053
n_roots: 1
num_conflicts: 0
target_assignment: {878: 0, 914: 0, 469: 5, 110: 5, 1007: 2, 139: 3, 497: 4, 217: 4, 757: 1, 951: 1}
cluster_target_selection: {0: 878, 4: 914, 7: 469, 8: 110, 5: 1007, 6: 139, 3: 497, 2: 217, 1: 757, 9: 951}
num_nodes_transformed_graph: 54
agent_paths:({0: [(6, 30), (7, 30), (8, 30), (9, 30), (9, 29), (10, 29), (10, 28), (10, 27), (11, 27), (12, 27), (13, 27), (14, 27), (15, 27), (16, 27), (17, 27), (18, 27), (18, 28), (18, 27), (18, 26), (18, 25), (17, 25), (17, 24), (17, 23), (17, 22), (17, 21), (18, 21), (18, 21)], 1: [(21, 2), (21, 3), (22, 3), (23, 3), (24, 3), (25, 3), (26, 3), (27, 3), (27, 4), (27, 5), (26, 5), (25, 5), (25, 6), (25, 7), (25, 8), (25, 9), (24, 9), (23, 9), (22, 9), (22, 10), (22, 11), (22, 12), (22, 13), (22, 14), (22, 15), (22, 16), (22, 17), (22, 18), (22, 19), (22, 20), (22, 21), (21, 21), (21, 22), (21, 23), (22, 23), (23, 23), (23, 24), (23, 25), (23, 26), (23, 27), (23, 28), (23, 29), (22, 29), (21, 29), (21, 30), (21, 30)], 2: [(0, 29), (1, 29), (2, 29), (3, 29), (3, 30), (4, 30), (5, 30), (6, 30), (7, 30), (8, 30), (9, 30), (10, 30), (10, 29), (10, 28), (10, 27), (11, 27), (12, 27), (13, 27), (14, 27), (15, 27), (16, 27), (17, 27), (18, 27), (18, 28), (18, 29), (17, 29), (17, 30), (17, 31), (16, 31), (15, 31), (16, 31), (17, 31), (18, 31), (19, 31), (20, 31), (21, 31), (22, 31), (22, 31)], 3: [(13, 9), (14, 9), (14, 8), (14, 7), (13, 7), (13, 6), (13, 5), (12, 5), (11, 5), (11, 4), (11, 5), (10, 5), (9, 5), (9, 6), (8, 6), (7, 6), (7, 7), (6, 7), (6, 8), (6, 9), (6, 10), (6, 11), (5, 11), (5, 12), (5, 13), (6, 13), (6, 14), (6, 15), (6, 16), (6, 17), (7, 17), (7, 18), (8, 18), (9, 18), (9, 19), (9, 20), (9, 21), (9, 22), (9, 22)], 4: [(2, 26), (2, 25), (1, 25), (1, 24), (1, 23), (1, 22), (1, 21), (2, 21), (2, 20), (2, 19), (3, 19), (4, 19), (5, 19), (5, 18), (6, 18), (7, 18), (8, 18), (9, 18), (9, 17), (10, 17), (11, 17), (11, 16), (11, 15), (11, 14), (12, 14), (13, 14), (14, 14), (15, 14), (16, 14), (17, 14), (17, 15), (17, 14), (17, 13), (18, 13), (18, 12), (18, 11), (19, 11), (20, 11), (21, 11), (21, 10), (21, 9), (22, 9), (23, 9), (24, 9), (25, 9), (25, 8), (25, 7), (25, 6), (25, 5), (26, 5), (27, 5), (27, 4), (27, 3), (27, 2), (28, 2), (29, 2), (30, 2), (30, 2)], 5: [(21, 15), (21, 14), (21, 13), (20, 13), (19, 13), (18, 13), (18, 12), (18, 11), (17, 11), (17, 10), (17, 9), (16, 9), (15, 9), (14, 9), (14, 8), (14, 7), (14, 6), (14, 5), (14, 4), (14, 3), (13, 3), (12, 3), (11, 3), (11, 4), (11, 5), (10, 5), (9, 5), (9, 6), (8, 6), (7, 6), (6, 6), (5, 6), (5, 5), (4, 5), (3, 5), (3, 5)], 6: [(6, 22), (6, 21), (7, 21), (8, 21), (9, 21), (9, 20), (9, 19), (9, 18), (9, 17), (10, 17), (11, 17), (11, 16), (11, 15), (10, 15), (10, 14), (10, 13), (9, 13), (9, 12), (9, 11), (10, 11), (10, 11)]}, 56)