

CBSS-C STATS
starts:[167, 592]
targets:[109, 824, 86, 9, 587, 155, 999, 686, 274, 931]
dests:[1019, 337]
ac_dict:{109: {0, 1}, 1019: {0}, 337: {1}}
clusters:[4 3 5 0 2 7 1 9 8 6]

round: 1
best_g_value: 151.0
open_list_size: 0
num_low_level_expanded: 374
search_success: 1
search_time: 0.02845910598989576
n_tsp_call: 1
n_tsp_time: 0.016591154009802267
n_roots: 1
num_conflicts: 0
target_assignment: {9: 0, 109: 0, 86: 0, 155: 0, 274: 0, 587: 0, 931: 0, 999: 0, 686: 0, 824: 0}
cluster_target_selection: {0: 9, 4: 109, 5: 86, 7: 155, 8: 274, 2: 587, 6: 931, 1: 999, 9: 686, 3: 824}
num_nodes_transformed_graph: 14
agent_paths:({0: [(7, 5), (6, 5), (6, 4), (6, 3), (6, 2), (6, 1), (7, 1), (8, 1), (9, 1), (9, 0), (9, 1), (10, 1), (11, 1), (11, 2), (11, 3), (12, 3), (13, 3), (13, 2), (14, 2), (15, 2), (16, 2), (17, 2), (18, 2), (19, 2), (19, 1), (20, 1), (21, 1), (22, 1), (22, 2), (23, 2), (23, 3), (24, 3), (25, 3), (26, 3), (27, 3), (27, 4), (27, 5), (26, 5), (25, 5), (25, 6), (25, 7), (25, 8), (25, 9), (24, 9), (23, 9), (23, 8), (23, 7), (22, 7), (21, 7), (20, 7), (19, 7), (18, 7), (18, 8), (18, 9), (18, 10), (18, 11), (18, 12), (18, 13), (17, 13), (17, 14), (16, 14), (15, 14), (14, 14), (13, 14), (12, 14), (11, 14), (11, 15), (11, 16), (11, 17), (11, 18), (10, 18), (9, 18), (9, 19), (9, 20), (9, 21), (8, 21), (7, 21), (6, 21), (5, 21), (5, 22), (4, 22), (3, 22), (3, 23), (2, 23), (1, 23), (1, 24), (1, 25), (2, 25), (3, 25), (3, 26), (3, 27), (3, 28), (3, 29), (3, 30), (4, 30), (5, 30), (6, 30), (7, 30), (7, 31), (7, 30), (8, 30), (9, 30), (9, 29), (10, 29), (10, 28), (10, 27), (10, 26), (10, 25), (11, 25), (11, 24), (11, 23), (12, 23), (13, 23), (13, 22), (13, 21), (14, 21), (15, 21), (15, 22), (16, 22), (17, 22), (17, 23), (17, 24), (17, 25), (18, 25), (19, 25), (19, 26), (20, 26), (21, 26), (21, 25), (22, 25), (23, 25), (24, 25), (25, 25), (26, 25), (27, 25), (27, 26), (27, 27), (27, 28), (27, 29), (27, 30), (27, 31), (27, 31)], 1: [(16, 18), (17, 18), (17, 17), (18, 17), (18, 16), (18, 15), (18, 14), (18, 13), (18, 12), (18, 11), (17, 11), (17, 10), (17, 10)]}, 140)