

CBSS-C STATS
starts:[314, 711, 502]
targets:[291, 806, 757, 210, 564, 862, 949, 967, 431, 460, 235, 841, 219, 222, 249]
dests:[867, 1023, 98]
ac_dict:{291: {0, 1}, 806: {1, 2}, 867: {0}, 1023: {1}, 98: {2}}
clusters:[ 7  3  2 11 10  4  1  5  8 13  9  0  6 12 14]

round: 1
best_g_value: 206.0
open_list_size: 0
num_low_level_expanded: 481
search_success: 1
search_time: 0.05768231299589388
n_tsp_call: 1
n_tsp_time: 0.03601079199870583
n_roots: 1
num_conflicts: 0
target_assignment: {249: 0, 219: 0, 222: 0, 431: 0, 460: 0, 291: 0, 806: 1, 967: 1, 841: 1, 949: 1, 757: 1, 862: 1, 564: 2, 210: 2, 235: 2}
cluster_target_selection: {14: 249, 6: 219, 12: 222, 8: 431, 13: 460, 7: 291, 3: 806, 5: 967, 0: 841, 1: 949, 2: 757, 4: 862, 10: 564, 11: 210, 9: 235}
num_nodes_transformed_graph: 27
agent_paths:({0: [(26, 9), (25, 9), (25, 8), (25, 7), (25, 6), (26, 6), (27, 6), (28, 6), (29, 6), (30, 6), (29, 6), (28, 6), (27, 6), (26, 6), (25, 6), (25, 7), (25, 8), (25, 9), (24, 9), (23, 9), (22, 9), (21, 9), (21, 10), (21, 11), (20, 11), (19, 11), (18, 11), (18, 12), (18, 13), (17, 13), (17, 14), (16, 14), (15, 14), (15, 13), (14, 13), (13, 13), (13, 14), (12, 14), (11, 14), (10, 14), (9, 14), (9, 13), (8, 13), (7, 13), (6, 13), (5, 13), (5, 12), (5, 11), (5, 10), (4, 10), (3, 10), (3, 9), (3, 10), (4, 10), (5, 10), (5, 11), (5, 12), (5, 13), (5, 14), (5, 15), (6, 15), (6, 16), (6, 17), (5, 17), (5, 18), (5, 19), (4, 19), (3, 19), (2, 19), (2, 20), (2, 21), (2, 22), (2, 23), (1, 23), (1, 24), (1, 25), (2, 25), (3, 25), (3, 26), (3, 27), (3, 27)], 1: [(7, 22), (6, 22), (5, 22), (4, 22), (3, 22), (3, 23), (2, 23), (1, 23), (1, 24), (1, 25), (2, 25), (3, 25), (3, 26), (4, 26), (5, 26), (5, 25), (6, 25), (6, 26), (5, 26), (4, 26), (3, 26), (3, 27), (3, 28), (3, 29), (3, 30), (4, 30), (5, 30), (6, 30), (7, 30), (8, 30), (9, 30), (9, 29), (10, 29), (10, 28), (10, 27), (9, 27), (9, 26), (10, 26), (11, 26), (11, 27), (12, 27), (13, 27), (14, 27), (15, 27), (16, 27), (17, 27), (18, 27), (18, 28), (18, 29), (19, 29), (19, 30), (19, 31), (20, 31), (21, 31), (21, 30), (21, 29), (22, 29), (23, 29), (23, 28), (23, 27), (23, 26), (23, 25), (23, 24), (23, 23), (22, 23), (21, 23), (22, 23), (23, 23), (23, 24), (23, 25), (24, 25), (25, 25), (26, 25), (27, 25), (27, 24), (27, 23), (28, 23), (29, 23), (30, 23), (30, 24), (30, 25), (30, 26), (31, 26), (31, 27), (31, 28), (31, 29), (31, 30), (31, 31), (31, 31)], 2: [(22, 15), (22, 16), (22, 17), (21, 17), (20, 17), (19, 17), (18, 17), (18, 16), (18, 15), (18, 14), (18, 13), (18, 12), (18, 11), (18, 10), (18, 9), (18, 8), (18, 7), (18, 6), (17, 6), (17, 5), (16, 5), (15, 5), (14, 5), (13, 5), (12, 5), (11, 5), (11, 6), (11, 7), (10, 7), (9, 7), (9, 6), (8, 6), (7, 6), (6, 6), (5, 6), (5, 5), (4, 5), (3, 5), (3, 4), (3, 3), (2, 3), (2, 3)]}, 87)