

CBSS-C STATS
starts:[182, 685, 639, 865, 692, 841, 611, 389, 826, 569]
targets:[251, 21, 631, 377, 165, 113, 937, 857, 114, 755]
dests:[707, 493, 854, 460, 697, 53, 968, 923, 108, 736]
ac_dict:{251: {0, 1}, 21: {1, 2}, 631: {2, 3}, 377: {3, 4}, 165: {4, 5}, 113: {5, 6}, 937: {6, 7}, 857: {8, 7}, 114: {8, 9}, 707: {0}, 493: {1}, 854: {2}, 460: {3}, 697: {4}, 53: {5}, 968: {6}, 923: {7}, 108: {8}, 736: {9}}
clusters:[3 2 4 4 1 0 1 2 3 4]

round: 8
best_g_value: 308.0
open_list_size: 6
num_low_level_expanded: 4017
search_success: 1
search_time: 2.9617516240105033
n_tsp_call: 11
n_tsp_time: 1.9975907555781305
n_roots: 1
num_conflicts: 7
target_assignment: {937: 6, 857: 7, 113: 5, 755: 9, 114: 8}
cluster_target_selection: {1: 937, 2: 857, 0: 113, 4: 755, 3: 114}
num_nodes_transformed_graph: 48
agent_paths:({0: [(22, 5), (21, 5), (21, 6), (21, 7), (20, 7), (19, 7), (18, 7), (18, 8), (18, 9), (17, 9), (16, 9), (15, 9), (14, 9), (13, 9), (13, 10), (13, 11), (12, 11), (11, 11), (10, 11), (9, 11), (9, 12), (9, 13), (8, 13), (7, 13), (6, 13), (6, 14), (6, 15), (6, 16), (6, 17), (5, 17), (5, 18), (5, 19), (4, 19), (3, 19), (2, 19), (2, 20), (2, 21), (3, 21), (3, 22), (3, 22)], 1: [(13, 21), (13, 22), (13, 23), (12, 23), (11, 23), (11, 22), (11, 21), (10, 21), (9, 21), (9, 20), (9, 19), (9, 18), (9, 17), (10, 17), (11, 17), (11, 16), (11, 15), (11, 14), (12, 14), (13, 14), (13, 15), (13, 15)], 2: [(31, 19), (31, 20), (31, 21), (30, 21), (29, 21), (29, 22), (29, 23), (28, 23), (27, 23), (27, 24), (27, 25), (26, 25), (25, 25), (24, 25), (23, 25), (22, 25), (22, 26), (22, 26)], 3: [(1, 27), (1, 26), (1, 25), (1, 24), (1, 23), (1, 22), (1, 21), (2, 21), (2, 20), (2, 19), (3, 19), (4, 19), (5, 19), (5, 18), (6, 18), (7, 18), (8, 18), (9, 18), (9, 17), (10, 17), (11, 17), (11, 16), (11, 15), (11, 14), (12, 14), (12, 14)], 4: [(20, 21), (21, 21), (22, 21), (22, 20), (22, 19), (23, 19), (23, 18), (24, 18), (25, 18), (25, 19), (26, 19), (27, 19), (27, 20), (27, 21), (26, 21), (25, 21), (25, 21)], 5: [(9, 26), (9, 25), (10, 25), (11, 25), (11, 24), (11, 23), (11, 22), (11, 21), (10, 21), (9, 21), (9, 20), (9, 19), (9, 18), (9, 17), (10, 17), (11, 17), (11, 16), (11, 15), (11, 14), (11, 13), (10, 13), (10, 13), (9, 13), (9, 12), (9, 11), (10, 11), (11, 11), (12, 11), (13, 11), (13, 10), (13, 9), (14, 9), (14, 8), (14, 7), (14, 6), (14, 5), (14, 4), (14, 3), (15, 3), (15, 2), (16, 2), (17, 2), (17, 3), (17, 2), (17, 1), (18, 1), (19, 1), (20, 1), (21, 1), (21, 1)], 6: [(3, 19), (2, 19), (2, 20), (2, 21), (2, 22), (2, 23), (1, 23), (1, 24), (1, 25), (2, 25), (3, 25), (3, 26), (3, 27), (3, 28), (3, 29), (3, 30), (4, 30), (5, 30), (6, 30), (7, 30), (8, 30), (9, 30), (9, 29), (9, 30), (8, 30), (8, 30)], 7: [(5, 12), (5, 13), (6, 13), (7, 13), (8, 13), (9, 13), (10, 13), (11, 13), (11, 14), (12, 14), (13, 14), (14, 14), (15, 14), (16, 14), (17, 14), (18, 14), (18, 15), (18, 16), (18, 17), (19, 17), (20, 17), (21, 17), (22, 17), (22, 18), (22, 19), (22, 20), (22, 21), (23, 21), (23, 22), (23, 23), (23, 24), (23, 25), (24, 25), (25, 25), (25, 26), (26, 26), (27, 26), (27, 27), (27, 28), (27, 28)], 8: [(26, 25), (25, 25), (24, 25), (23, 25), (23, 24), (23, 23), (22, 23), (22, 22), (22, 21), (22, 20), (22, 19), (22, 18), (22, 17), (22, 16), (22, 15), (21, 15), (21, 14), (21, 13), (20, 13), (19, 13), (18, 13), (18, 12), (18, 11), (18, 10), (18, 9), (18, 8), (18, 7), (18, 6), (18, 5), (17, 5), (16, 5), (15, 5), (14, 5), (14, 4), (14, 3), (15, 3), (15, 2), (16, 2), (17, 2), (18, 2), (18, 3), (18, 2), (17, 2), (16, 2), (15, 2), (14, 2), (13, 2), (13, 3), (12, 3), (12, 3)], 9: [(25, 17), (25, 18), (24, 18), (23, 18), (22, 18), (22, 19), (22, 20), (22, 21), (21, 21), (20, 21), (19, 21), (19, 22), (19, 23), (18, 23), (17, 23), (17, 22), (16, 22), (15, 22), (14, 22), (13, 22), (13, 23), (12, 23), (11, 23), (10, 23), (9, 23), (9, 22), (9, 21), (8, 21), (7, 21), (6, 21), (5, 21), (5, 22), (4, 22), (3, 22), (2, 22), (1, 22), (1, 23), (0, 23), (0, 23)]}, 48)