

CBSS-C STATS
starts:[807, 220, 1010]
targets:[235, 250, 1005, 183, 194, 247, 853, 338, 779, 63, 843, 289, 1017, 673, 366]
dests:[309, 482, 818]
ac_dict:{235: {0, 1}, 250: {1, 2}, 309: {0}, 482: {1}, 818: {2}}
clusters:[ 5 10  8 13  2  0  4  9  7 12 11  6  1 14  3]

round: 1
best_g_value: 193.0
open_list_size: 0
num_low_level_expanded: 442
search_success: 1
search_time: 0.0791125850082608
n_tsp_call: 1
n_tsp_time: 0.06038411700865254
n_roots: 1
num_conflicts: 0
target_assignment: {843: 0, 779: 0, 366: 0, 338: 0, 1005: 2, 1017: 2, 853: 2, 63: 1, 250: 1, 183: 1, 247: 1, 235: 1, 194: 1, 289: 1, 673: 1}
cluster_target_selection: {11: 843, 7: 779, 3: 366, 9: 338, 8: 1005, 1: 1017, 4: 853, 12: 63, 10: 250, 13: 183, 0: 247, 5: 235, 2: 194, 6: 289, 14: 673}
num_nodes_transformed_graph: 26
agent_paths:({0: [(7, 25), (7, 26), (6, 26), (5, 26), (4, 26), (3, 26), (3, 27), (3, 28), (3, 29), (3, 30), (4, 30), (5, 30), (6, 30), (7, 30), (8, 30), (9, 30), (9, 29), (10, 29), (10, 28), (10, 27), (10, 26), (11, 26), (11, 25), (11, 24), (11, 23), (11, 22), (11, 21), (10, 21), (9, 21), (9, 20), (9, 19), (9, 18), (9, 17), (10, 17), (11, 17), (11, 16), (11, 15), (11, 14), (11, 13), (10, 13), (9, 13), (9, 12), (9, 11), (10, 11), (11, 11), (12, 11), (13, 11), (14, 11), (14, 10), (15, 10), (15, 9), (16, 9), (17, 9), (18, 9), (18, 10), (19, 10), (19, 11), (20, 11), (21, 11), (21, 10), (21, 9), (21, 9)], 1: [(28, 6), (29, 6), (29, 5), (30, 5), (30, 4), (30, 3), (30, 2), (30, 1), (31, 1), (30, 1), (29, 1), (29, 2), (28, 2), (27, 2), (27, 3), (27, 4), (27, 5), (26, 5), (26, 6), (26, 7), (25, 7), (25, 8), (25, 9), (24, 9), (23, 9), (23, 8), (23, 7), (23, 6), (23, 5), (23, 6), (23, 7), (22, 7), (21, 7), (20, 7), (19, 7), (18, 7), (17, 7), (17, 6), (17, 5), (16, 5), (15, 5), (14, 5), (13, 5), (12, 5), (11, 5), (11, 6), (11, 7), (10, 7), (9, 7), (9, 6), (8, 6), (7, 6), (6, 6), (5, 6), (5, 5), (4, 5), (3, 5), (2, 5), (2, 6), (2, 5), (3, 5), (4, 5), (5, 5), (5, 6), (5, 7), (6, 7), (6, 8), (6, 9), (5, 9), (5, 10), (4, 10), (3, 10), (2, 10), (1, 10), (1, 9), (1, 10), (2, 10), (3, 10), (4, 10), (5, 10), (5, 11), (5, 12), (5, 13), (5, 14), (5, 15), (6, 15), (6, 16), (6, 17), (5, 17), (5, 18), (5, 19), (4, 19), (3, 19), (2, 19), (2, 20), (2, 21), (1, 21), (2, 21), (2, 20), (2, 19), (2, 18), (2, 17), (2, 16), (2, 15), (2, 15)], 2: [(18, 31), (17, 31), (16, 31), (15, 31), (14, 31), (13, 31), (14, 31), (15, 31), (16, 31), (17, 31), (18, 31), (19, 31), (20, 31), (21, 31), (22, 31), (23, 31), (24, 31), (25, 31), (24, 31), (23, 31), (23, 30), (23, 29), (23, 28), (23, 27), (22, 27), (21, 27), (21, 26), (20, 26), (19, 26), (18, 26), (18, 25), (18, 25)]}, 103)