

CBSS-C STATS
starts:[242, 802]
targets:[13, 429, 817, 243, 755, 235, 186, 329, 367, 446]
dests:[505, 490]
ac_dict:{13: {0, 1}, 505: {0}, 490: {1}}
clusters:[4 9 8 7 1 5 0 3 6 2]

round: 1
best_g_value: 151.0
open_list_size: 0
num_low_level_expanded: 404
search_success: 1
search_time: 0.027865901996847242
n_tsp_call: 1
n_tsp_time: 0.018804631996317767
n_roots: 1
num_conflicts: 0
target_assignment: {243: 0, 186: 0, 755: 0, 817: 0, 446: 0, 235: 1, 13: 1, 367: 1, 329: 1, 429: 1}
cluster_target_selection: {7: 243, 0: 186, 1: 755, 8: 817, 2: 446, 5: 235, 4: 13, 6: 367, 3: 329, 9: 429}
num_nodes_transformed_graph: 14
agent_paths:({0: [(18, 7), (19, 7), (20, 7), (21, 7), (22, 7), (23, 7), (23, 8), (23, 9), (24, 9), (25, 9), (25, 8), (25, 7), (25, 6), (25, 5), (26, 5), (25, 5), (25, 6), (25, 7), (25, 8), (25, 9), (24, 9), (23, 9), (22, 9), (22, 10), (22, 11), (22, 12), (22, 13), (22, 14), (22, 15), (22, 16), (22, 17), (22, 18), (22, 19), (22, 20), (22, 21), (21, 21), (20, 21), (19, 21), (19, 22), (19, 23), (18, 23), (17, 23), (17, 24), (17, 25), (17, 24), (17, 23), (17, 22), (17, 21), (18, 21), (19, 21), (20, 21), (21, 21), (22, 21), (22, 20), (22, 19), (22, 18), (23, 18), (24, 18), (25, 18), (25, 17), (26, 17), (27, 17), (27, 16), (27, 15), (27, 14), (28, 14), (29, 14), (29, 13), (30, 13), (29, 13), (29, 14), (28, 14), (27, 14), (26, 14), (25, 14), (25, 15), (25, 15)], 1: [(2, 25), (1, 25), (1, 24), (1, 23), (1, 22), (1, 21), (2, 21), (2, 20), (2, 19), (3, 19), (4, 19), (5, 19), (5, 18), (5, 17), (6, 17), (6, 16), (6, 15), (6, 14), (6, 13), (5, 13), (5, 12), (5, 11), (5, 10), (5, 9), (6, 9), (6, 8), (6, 7), (7, 7), (7, 6), (8, 6), (9, 6), (10, 6), (11, 6), (11, 7), (11, 6), (11, 5), (11, 4), (11, 3), (12, 3), (13, 3), (13, 2), (13, 1), (13, 0), (13, 1), (14, 1), (14, 2), (14, 3), (14, 4), (14, 5), (14, 6), (14, 7), (14, 8), (14, 9), (15, 9), (15, 10), (15, 11), (14, 11), (13, 11), (12, 11), (11, 11), (10, 11), (9, 11), (9, 10), (9, 11), (9, 12), (9, 13), (10, 13), (11, 13), (11, 14), (12, 14), (13, 14), (13, 13), (13, 14), (12, 14), (11, 14), (10, 14), (10, 15), (10, 15)]}, 76)