

CBSS-C STATS
starts:[846, 255, 857, 321, 429]
targets:[611, 187, 678, 164, 293, 839, 1018, 594, 842, 958, 621, 163, 690, 450, 1006, 326, 421, 191, 785, 570]
dests:[829, 231, 831, 507, 566]
ac_dict:{611: {0, 1}, 187: {1, 2}, 678: {2, 3}, 164: {3, 4}, 829: {0}, 231: {1}, 831: {2}, 507: {3}, 566: {4}}
clusters:[6 4 9 5 8 4 9 3 0 9 2 2 7 9 8 1 1 0 7 3]

round: 1
best_g_value: 173.0
open_list_size: 0
num_low_level_expanded: 506
search_success: 1
search_time: 0.441978151910007
n_tsp_call: 1
n_tsp_time: 0.41320113465189934
n_roots: 1
num_conflicts: 0
target_assignment: {785: 0, 293: 3, 163: 3, 164: 3, 958: 2, 191: 1, 187: 1, 611: 1, 326: 1, 594: 4}
cluster_target_selection: {7: 785, 8: 293, 2: 163, 5: 164, 9: 958, 0: 191, 4: 187, 6: 611, 1: 326, 3: 594}
num_nodes_transformed_graph: 54
agent_paths:({0: [(14, 26), (15, 26), (15, 27), (16, 27), (17, 27), (17, 26), (17, 25), (17, 24), (17, 25), (18, 25), (19, 25), (19, 26), (20, 26), (21, 26), (21, 25), (22, 25), (23, 25), (24, 25), (25, 25), (26, 25), (27, 25), (27, 24), (27, 23), (28, 23), (29, 23), (30, 23), (30, 24), (30, 25), (29, 25), (29, 25)], 1: [(31, 7), (31, 6), (31, 5), (30, 5), (29, 5), (29, 6), (28, 6), (27, 6), (27, 5), (26, 5), (25, 5), (25, 6), (25, 7), (25, 8), (25, 9), (24, 9), (23, 9), (22, 9), (21, 9), (21, 10), (21, 11), (20, 11), (19, 11), (18, 11), (18, 12), (18, 13), (17, 13), (17, 14), (16, 14), (15, 14), (14, 14), (13, 14), (12, 14), (11, 14), (11, 15), (11, 16), (11, 17), (10, 17), (9, 17), (9, 18), (8, 18), (7, 18), (6, 18), (5, 18), (5, 19), (4, 19), (3, 19), (4, 19), (5, 19), (5, 18), (5, 17), (6, 17), (6, 16), (6, 15), (6, 14), (6, 13), (5, 13), (5, 12), (5, 11), (5, 10), (6, 10), (6, 9), (6, 8), (6, 7), (7, 7), (7, 7)], 2: [(25, 26), (26, 26), (27, 26), (27, 27), (27, 28), (27, 29), (27, 30), (27, 31), (28, 31), (29, 31), (29, 30), (29, 29), (30, 29), (31, 29), (31, 28), (31, 27), (31, 26), (31, 25), (31, 25)], 3: [(1, 10), (2, 10), (3, 10), (4, 10), (5, 10), (5, 9), (6, 9), (6, 8), (6, 7), (5, 7), (5, 6), (5, 5), (4, 5), (3, 5), (4, 5), (5, 5), (6, 5), (7, 5), (7, 6), (8, 6), (9, 6), (10, 6), (11, 6), (11, 5), (12, 5), (13, 5), (14, 5), (15, 5), (16, 5), (17, 5), (18, 5), (19, 5), (19, 6), (19, 7), (20, 7), (21, 7), (22, 7), (23, 7), (23, 8), (23, 9), (24, 9), (25, 9), (26, 9), (27, 9), (27, 10), (27, 11), (27, 12), (27, 13), (27, 14), (27, 15), (27, 15)], 4: [(13, 13), (14, 13), (15, 13), (15, 14), (16, 14), (17, 14), (18, 14), (18, 15), (18, 16), (18, 17), (18, 18), (18, 17), (19, 17), (20, 17), (21, 17), (22, 17), (22, 17)]}, 64)