

CBSS-C STATS
starts:[807, 570, 198, 945, 311]
targets:[365, 939, 323, 274, 849, 80, 731, 487, 359, 69, 579, 161, 687, 61, 163, 881, 543, 861, 1007, 423]
dests:[970, 251, 78, 446, 869]
ac_dict:{365: {0, 1}, 939: {1, 2}, 323: {2, 3}, 274: {3, 4}, 970: {0}, 251: {1}, 78: {2}, 446: {3}, 869: {4}}
clusters:[1 9 4 0 2 2 4 5 6 7 4 6 9 8 1 3 0 0 8 3]

round: 1
best_g_value: 154.0
open_list_size: 0
num_low_level_expanded: 331
search_success: 1
search_time: 0.278907033149153
n_tsp_call: 1
n_tsp_time: 0.2563108801841736
n_roots: 1
num_conflicts: 0
target_assignment: {161: 2, 163: 2, 69: 2, 487: 4, 579: 4, 1007: 3, 881: 3, 849: 3, 687: 3, 543: 3}
cluster_target_selection: {6: 161, 1: 163, 7: 69, 5: 487, 4: 579, 8: 1007, 3: 881, 2: 849, 9: 687, 0: 543}
num_nodes_transformed_graph: 54
agent_paths:({0: [(7, 25), (7, 26), (6, 26), (5, 26), (4, 26), (3, 26), (3, 27), (3, 28), (3, 29), (3, 30), (4, 30), (5, 30), (6, 30), (7, 30), (8, 30), (9, 30), (10, 30), (10, 30)], 1: [(26, 17), (27, 17), (27, 16), (27, 15), (27, 14), (27, 13), (27, 12), (27, 11), (27, 10), (27, 9), (26, 9), (25, 9), (25, 8), (25, 7), (26, 7), (27, 7), (27, 7)], 2: [(6, 6), (5, 6), (5, 5), (4, 5), (3, 5), (2, 5), (1, 5), (2, 5), (3, 5), (4, 5), (5, 5), (6, 5), (6, 4), (6, 3), (5, 3), (5, 2), (6, 2), (7, 2), (7, 1), (8, 1), (9, 1), (10, 1), (11, 1), (11, 2), (11, 3), (12, 3), (13, 3), (13, 2), (14, 2), (14, 2)], 3: [(17, 29), (17, 30), (17, 31), (16, 31), (15, 31), (16, 31), (17, 31), (17, 30), (17, 29), (18, 29), (18, 28), (18, 27), (17, 27), (17, 26), (17, 25), (17, 24), (17, 23), (17, 22), (16, 22), (15, 22), (15, 21), (15, 22), (16, 22), (17, 22), (17, 21), (18, 21), (19, 21), (20, 21), (21, 21), (22, 21), (22, 20), (22, 19), (22, 18), (23, 18), (24, 18), (25, 18), (26, 18), (27, 18), (28, 18), (29, 18), (29, 17), (30, 17), (31, 17), (31, 16), (31, 15), (30, 15), (30, 14), (30, 13), (30, 13)], 4: [(23, 9), (22, 9), (21, 9), (21, 10), (21, 11), (20, 11), (19, 11), (18, 11), (18, 12), (18, 13), (17, 13), (17, 14), (16, 14), (15, 14), (14, 14), (13, 14), (12, 14), (11, 14), (10, 14), (9, 14), (9, 13), (8, 13), (7, 13), (7, 14), (7, 15), (6, 15), (6, 16), (6, 17), (5, 17), (5, 18), (5, 19), (4, 19), (3, 19), (3, 18), (3, 19), (2, 19), (2, 20), (2, 21), (2, 22), (2, 23), (1, 23), (1, 24), (1, 25), (2, 25), (3, 25), (3, 26), (4, 26), (5, 26), (5, 27), (5, 27)]}, 48)