

CBSS-C STATS
starts:[985, 835, 873, 167, 599]
targets:[612, 558, 837, 290, 689, 464, 534, 497, 87, 92, 477, 47, 990, 638, 543, 626, 605, 989, 757, 582]
dests:[713, 118, 857, 81, 350]
ac_dict:{612: {0, 1}, 558: {1, 2}, 837: {2, 3}, 290: {3, 4}, 713: {0}, 118: {1}, 857: {2}, 81: {3}, 350: {4}}
clusters:[6 4 7 0 2 7 8 9 1 0 9 9 4 7 1 4 3 5 8 8]

round: 1
best_g_value: 155.0
open_list_size: 0
num_low_level_expanded: 404
search_success: 1
search_time: 1.5317922309041023
n_tsp_call: 1
n_tsp_time: 1.4990469999611378
n_roots: 1
num_conflicts: 0
target_assignment: {989: 0, 990: 0, 689: 0, 47: 3, 605: 4, 543: 4, 612: 1, 582: 1, 464: 1, 92: 1}
cluster_target_selection: {5: 989, 4: 990, 2: 689, 9: 47, 3: 605, 1: 543, 6: 612, 8: 582, 7: 464, 0: 92}
num_nodes_transformed_graph: 98
agent_paths:({0: [(25, 30), (26, 30), (27, 30), (27, 31), (28, 31), (29, 31), (29, 30), (30, 30), (29, 30), (29, 31), (28, 31), (27, 31), (26, 31), (25, 31), (24, 31), (23, 31), (22, 31), (21, 31), (20, 31), (19, 31), (18, 31), (18, 30), (18, 29), (18, 28), (18, 27), (17, 27), (17, 26), (17, 25), (17, 24), (17, 23), (17, 22), (17, 21), (17, 22), (16, 22), (15, 22), (14, 22), (13, 22), (13, 23), (12, 23), (11, 23), (10, 23), (9, 23), (9, 22), (9, 22)], 1: [(3, 26), (3, 25), (2, 25), (1, 25), (1, 24), (1, 23), (1, 22), (1, 21), (2, 21), (2, 20), (2, 19), (3, 19), (4, 19), (5, 19), (5, 18), (6, 18), (7, 18), (8, 18), (9, 18), (9, 17), (10, 17), (11, 17), (11, 16), (11, 15), (11, 14), (12, 14), (13, 14), (14, 14), (15, 14), (16, 14), (17, 14), (17, 13), (18, 13), (18, 12), (18, 11), (19, 11), (20, 11), (21, 11), (21, 10), (21, 9), (22, 9), (23, 9), (24, 9), (25, 9), (25, 8), (25, 7), (25, 6), (25, 5), (26, 5), (27, 5), (27, 4), (27, 3), (27, 2), (28, 2), (27, 2), (26, 2), (25, 2), (25, 3), (24, 3), (23, 3), (22, 3), (22, 3)], 2: [(9, 27), (10, 27), (11, 27), (12, 27), (13, 27), (14, 27), (15, 27), (16, 27), (17, 27), (17, 26), (18, 26), (19, 26), (20, 26), (21, 26), (22, 26), (23, 26), (23, 25), (24, 25), (25, 25), (25, 26), (25, 26)], 3: [(7, 5), (7, 6), (8, 6), (9, 6), (9, 5), (10, 5), (11, 5), (11, 4), (11, 3), (12, 3), (13, 3), (13, 2), (13, 1), (14, 1), (15, 1), (15, 2), (16, 2), (17, 2), (17, 2)], 4: [(23, 18), (24, 18), (25, 18), (26, 18), (27, 18), (28, 18), (29, 18), (29, 17), (30, 17), (31, 17), (31, 16), (31, 15), (31, 14), (31, 13), (31, 12), (31, 11), (30, 11), (30, 10), (30, 10)]}, 60)