

CBSS-C STATS
starts:[947, 52]
targets:[166, 1003, 692, 801, 361, 595, 569, 606, 850, 731]
dests:[1011, 885]
ac_dict:{166: {0, 1}, 1011: {0}, 885: {1}}
clusters:[9 2 7 8 6 5 4 1 0 3]

round: 1
best_g_value: 135.0
open_list_size: 0
num_low_level_expanded: 280
search_success: 1
search_time: 0.015689571999246255
n_tsp_call: 1
n_tsp_time: 0.007620406002388336
n_roots: 1
num_conflicts: 0
target_assignment: {166: 1, 361: 1, 801: 1, 1003: 1, 850: 1, 692: 1, 595: 1, 569: 1, 606: 1, 731: 1}
cluster_target_selection: {9: 166, 6: 361, 8: 801, 2: 1003, 0: 850, 7: 692, 5: 595, 4: 569, 1: 606, 3: 731}
num_nodes_transformed_graph: 24
agent_paths:({0: [(19, 29), (19, 30), (19, 31), (19, 31)], 1: [(20, 1), (19, 1), (18, 1), (17, 1), (17, 2), (16, 2), (15, 2), (14, 2), (13, 2), (13, 3), (12, 3), (11, 3), (11, 4), (11, 5), (10, 5), (9, 5), (9, 6), (8, 6), (7, 6), (6, 6), (6, 5), (6, 6), (6, 7), (6, 8), (6, 9), (7, 9), (8, 9), (9, 9), (9, 10), (9, 11), (9, 12), (9, 13), (8, 13), (7, 13), (6, 13), (6, 14), (6, 15), (6, 16), (6, 17), (5, 17), (5, 18), (5, 19), (4, 19), (3, 19), (2, 19), (2, 20), (2, 21), (1, 21), (1, 22), (1, 23), (1, 24), (1, 25), (2, 25), (3, 25), (3, 26), (3, 27), (3, 28), (3, 29), (3, 30), (4, 30), (5, 30), (6, 30), (7, 30), (8, 30), (9, 30), (10, 30), (11, 30), (11, 31), (11, 30), (11, 29), (10, 29), (10, 28), (10, 27), (11, 27), (12, 27), (13, 27), (14, 27), (15, 27), (16, 27), (17, 27), (17, 26), (18, 26), (18, 25), (17, 25), (17, 24), (17, 23), (17, 22), (17, 21), (18, 21), (19, 21), (20, 21), (21, 21), (22, 21), (22, 20), (22, 19), (21, 19), (21, 18), (21, 17), (20, 17), (19, 17), (19, 18), (19, 17), (20, 17), (21, 17), (22, 17), (23, 17), (23, 18), (24, 18), (25, 18), (25, 17), (26, 17), (27, 17), (27, 18), (28, 18), (29, 18), (30, 18), (29, 18), (28, 18), (27, 18), (27, 19), (27, 20), (27, 21), (27, 22), (27, 23), (27, 24), (27, 25), (26, 25), (25, 25), (24, 25), (23, 25), (22, 25), (21, 25), (21, 26), (21, 27), (21, 27)]}, 133)