

CBSS-C STATS
starts:[495, 98, 473, 597, 570]
targets:[847, 466, 765, 858, 253, 17, 113, 462, 821, 354]
dests:[426, 65, 601, 873, 627]
ac_dict:{847: {0, 1}, 466: {1, 2}, 765: {2, 3}, 858: {3, 4}, 426: {0}, 65: {1}, 601: {2}, 873: {3}, 627: {4}}
clusters:[1 0 4 3 3 1 3 2 3 0]

round: 7
best_g_value: 122.0
open_list_size: 6
num_low_level_expanded: 874
search_success: 1
search_time: 0.7662562332116067
n_tsp_call: 9
n_tsp_time: 0.6453253435902297
n_roots: 1
num_conflicts: 6
target_assignment: {462: 0, 765: 3, 821: 3, 17: 2, 466: 2}
cluster_target_selection: {2: 462, 4: 765, 3: 821, 1: 17, 0: 466}
num_nodes_transformed_graph: 29
agent_paths:({0: [(15, 15), (14, 15), (14, 14), (13, 14), (12, 14), (11, 14), (10, 14), (10, 13), (10, 13)], 1: [(2, 3), (1, 3), (1, 2), (1, 2)], 2: [(25, 14), (25, 13), (26, 13), (27, 13), (27, 12), (27, 11), (26, 11), (25, 11), (25, 10), (25, 9), (25, 8), (25, 7), (25, 6), (25, 5), (26, 5), (27, 5), (27, 4), (27, 3), (26, 3), (25, 3), (24, 3), (23, 3), (22, 3), (21, 3), (21, 2), (21, 1), (20, 1), (19, 1), (18, 1), (17, 1), (17, 0), (17, 1), (17, 2), (16, 2), (15, 2), (15, 3), (14, 3), (14, 4), (14, 5), (15, 5), (16, 5), (17, 5), (18, 5), (18, 6), (18, 7), (18, 8), (18, 9), (18, 10), (18, 11), (18, 12), (18, 13), (18, 14), (18, 15), (18, 16), (18, 17), (19, 17), (20, 17), (21, 17), (22, 17), (23, 17), (23, 18), (24, 18), (25, 18), (25, 18)], 3: [(21, 18), (22, 18), (23, 18), (24, 18), (25, 18), (26, 18), (27, 18), (27, 19), (27, 20), (27, 21), (27, 22), (27, 23), (28, 23), (29, 23), (28, 23), (27, 23), (27, 24), (27, 25), (26, 25), (25, 25), (24, 25), (23, 25), (22, 25), (21, 25), (21, 26), (20, 26), (19, 26), (18, 26), (17, 26), (17, 27), (16, 27), (15, 27), (14, 27), (13, 27), (12, 27), (11, 27), (10, 27), (9, 27), (9, 27)], 4: [(26, 17), (25, 17), (25, 17), (25, 17), (25, 17), (25, 18), (24, 18), (23, 18), (22, 18), (21, 18), (21, 17), (20, 17), (19, 17), (19, 18), (19, 19), (19, 19)]}, 62)