

CBSS-C STATS
starts:[601, 958, 854]
targets:[190, 47, 947, 686, 698, 599, 493, 490, 638, 185, 244, 422, 295, 720, 42]
dests:[306, 75, 359]
ac_dict:{190: {0, 1}, 47: {1, 2}, 306: {0}, 75: {1}, 359: {2}}
clusters:[ 0 13  7  1  3  2  6  5  4 11  9 10  8 12 14]

round: 1
best_g_value: 158.0
open_list_size: 0
num_low_level_expanded: 345
search_success: 1
search_time: 0.14310652199492324
n_tsp_call: 1
n_tsp_time: 0.12471117598761339
n_roots: 1
num_conflicts: 0
target_assignment: {599: 0, 947: 2, 720: 2, 686: 2, 493: 2, 490: 2, 422: 2, 295: 2, 698: 1, 638: 1, 190: 1, 185: 1, 244: 1, 47: 1, 42: 1}
cluster_target_selection: {2: 599, 7: 947, 12: 720, 1: 686, 6: 493, 5: 490, 10: 422, 8: 295, 3: 698, 4: 638, 0: 190, 11: 185, 9: 244, 13: 47, 14: 42}
num_nodes_transformed_graph: 49
agent_paths:({0: [(25, 18), (24, 18), (23, 18), (22, 18), (21, 18), (21, 17), (20, 17), (19, 17), (18, 17), (18, 16), (18, 15), (18, 14), (18, 13), (18, 12), (18, 11), (18, 10), (18, 9), (18, 9)], 1: [(30, 29), (31, 29), (31, 28), (31, 27), (30, 27), (30, 26), (30, 25), (30, 24), (30, 23), (29, 23), (28, 23), (27, 23), (26, 23), (26, 22), (26, 21), (27, 21), (27, 20), (27, 19), (27, 18), (28, 18), (29, 18), (30, 18), (30, 19), (30, 18), (30, 17), (31, 17), (31, 16), (31, 15), (31, 14), (31, 13), (31, 12), (31, 11), (31, 10), (31, 9), (31, 8), (31, 7), (30, 7), (30, 6), (30, 5), (29, 5), (29, 6), (28, 6), (27, 6), (26, 6), (25, 6), (25, 5), (25, 6), (25, 7), (25, 8), (25, 9), (24, 9), (23, 9), (23, 8), (23, 7), (22, 7), (21, 7), (20, 7), (19, 7), (18, 7), (17, 7), (17, 6), (17, 5), (16, 5), (15, 5), (14, 5), (14, 4), (14, 3), (14, 2), (14, 1), (15, 1), (14, 1), (13, 1), (13, 2), (13, 3), (12, 3), (11, 3), (10, 3), (10, 2), (10, 1), (11, 1), (11, 2), (11, 2)], 2: [(22, 26), (21, 26), (20, 26), (19, 26), (19, 27), (18, 27), (18, 28), (18, 29), (19, 29), (18, 29), (18, 28), (18, 27), (17, 27), (17, 26), (17, 25), (17, 24), (17, 23), (17, 22), (16, 22), (15, 22), (14, 22), (14, 21), (13, 21), (13, 22), (13, 23), (12, 23), (11, 23), (11, 22), (11, 21), (10, 21), (9, 21), (9, 20), (9, 19), (9, 18), (9, 17), (10, 17), (11, 17), (11, 16), (11, 15), (11, 14), (12, 14), (13, 14), (13, 15), (13, 14), (12, 14), (11, 14), (10, 14), (10, 15), (9, 15), (9, 14), (9, 13), (8, 13), (7, 13), (6, 13), (5, 13), (5, 12), (5, 11), (5, 10), (5, 9), (6, 9), (7, 9), (7, 10), (7, 11), (7, 11)]}, 80)