

CBSS-C STATS
starts:[630, 1009, 779, 43, 846]
targets:[593, 65, 424, 86, 418, 975, 1006, 297, 202, 577]
dests:[795, 709, 323, 17, 612]
ac_dict:{593: {0, 1}, 65: {1, 2}, 424: {2, 3}, 86: {3, 4}, 795: {0}, 709: {1}, 323: {2}, 17: {3}, 612: {4}}
clusters:[2 1 3 4 0 4 2 2 4 0]

round: 1
best_g_value: 137.0
open_list_size: 0
num_low_level_expanded: 362
search_success: 1
search_time: 0.18052506912499666
n_tsp_call: 1
n_tsp_time: 0.1624375800602138
n_roots: 1
num_conflicts: 0
target_assignment: {577: 4, 975: 1, 424: 2, 297: 2, 65: 2}
cluster_target_selection: {0: 577, 4: 975, 3: 424, 2: 297, 1: 65}
num_nodes_transformed_graph: 48
agent_paths:({0: [(22, 19), (22, 20), (22, 21), (23, 21), (23, 22), (23, 23), (23, 24), (23, 25), (24, 25), (25, 25), (26, 25), (27, 25), (27, 24), (27, 24)], 1: [(17, 31), (16, 31), (15, 31), (15, 30), (15, 31), (16, 31), (17, 31), (17, 30), (17, 29), (18, 29), (18, 28), (18, 27), (17, 27), (16, 27), (15, 27), (14, 27), (13, 27), (12, 27), (11, 27), (11, 26), (11, 25), (11, 24), (11, 23), (10, 23), (9, 23), (9, 22), (9, 21), (8, 21), (7, 21), (6, 21), (5, 21), (5, 22), (5, 22)], 2: [(11, 24), (11, 23), (10, 23), (9, 23), (9, 22), (9, 21), (9, 20), (9, 19), (9, 18), (8, 18), (7, 18), (7, 17), (6, 17), (6, 16), (6, 15), (6, 14), (6, 13), (7, 13), (8, 13), (9, 13), (9, 12), (9, 11), (9, 10), (9, 9), (8, 9), (7, 9), (6, 9), (6, 8), (6, 7), (5, 7), (5, 6), (5, 5), (4, 5), (3, 5), (3, 4), (3, 3), (2, 3), (1, 3), (1, 2), (2, 2), (3, 2), (3, 3), (3, 4), (3, 5), (4, 5), (5, 5), (5, 6), (5, 7), (6, 7), (6, 8), (6, 9), (5, 9), (5, 10), (4, 10), (3, 10), (3, 10)], 3: [(11, 1), (11, 2), (11, 3), (12, 3), (13, 3), (13, 2), (14, 2), (15, 2), (16, 2), (17, 2), (17, 1), (17, 0), (17, 0)], 4: [(14, 26), (13, 26), (13, 27), (12, 27), (11, 27), (11, 26), (11, 25), (11, 24), (11, 23), (10, 23), (9, 23), (9, 22), (9, 21), (9, 20), (9, 19), (9, 18), (8, 18), (7, 18), (6, 18), (5, 18), (5, 19), (4, 19), (3, 19), (2, 19), (1, 19), (1, 18), (2, 18), (3, 18), (3, 19), (4, 19), (4, 19)]}, 54)