

CBSS-C STATS
starts:[374, 623, 363]
targets:[705, 738, 970, 475, 422, 534, 166, 978, 362, 213, 933, 581, 857, 289, 187]
dests:[853, 331, 634]
ac_dict:{705: {0, 1}, 738: {1, 2}, 853: {0}, 331: {1}, 634: {2}}
clusters:[ 4  3  8 11  1  7 10  5 12 13  2  0 14  6  9]

round: 2
best_g_value: 180.0
open_list_size: 2
num_low_level_expanded: 1121
search_success: 1
search_time: 0.7501491280127084
n_tsp_call: 18
n_tsp_time: 0.664483600994572
n_roots: 2
num_conflicts: 1
target_assignment: {534: 0, 857: 0, 978: 1, 970: 1, 933: 1, 738: 1, 705: 1, 581: 1, 422: 1, 289: 1, 166: 1, 362: 1, 213: 2, 187: 2, 475: 2}
cluster_target_selection: {7: 534, 14: 857, 5: 978, 8: 970, 2: 933, 3: 738, 4: 705, 0: 581, 1: 422, 6: 289, 10: 166, 12: 362, 13: 213, 9: 187, 11: 475}
num_nodes_transformed_graph: 27
agent_paths:({0: [(22, 11), (22, 12), (22, 13), (22, 14), (22, 15), (22, 16), (22, 17), (22, 18), (22, 19), (22, 20), (22, 21), (23, 21), (23, 22), (23, 23), (23, 24), (23, 25), (24, 25), (25, 25), (25, 26), (25, 25), (24, 25), (23, 25), (22, 25), (21, 25), (21, 26), (21, 26)], 1: [(15, 19), (15, 18), (16, 18), (17, 18), (18, 18), (18, 17), (19, 17), (20, 17), (21, 17), (21, 18), (21, 19), (22, 19), (22, 20), (22, 21), (21, 21), (20, 21), (19, 21), (18, 21), (18, 22), (18, 23), (17, 23), (17, 24), (17, 25), (18, 25), (18, 26), (18, 27), (18, 28), (18, 29), (18, 30), (18, 29), (18, 28), (18, 27), (17, 27), (16, 27), (15, 27), (14, 27), (13, 27), (12, 27), (11, 27), (10, 27), (10, 28), (10, 29), (10, 30), (9, 30), (8, 30), (7, 30), (6, 30), (5, 30), (5, 29), (5, 30), (4, 30), (3, 30), (3, 29), (3, 28), (3, 27), (2, 27), (2, 26), (2, 25), (1, 25), (1, 24), (1, 23), (2, 23), (1, 23), (1, 22), (1, 21), (2, 21), (2, 20), (2, 19), (3, 19), (4, 19), (5, 19), (5, 18), (5, 17), (6, 17), (6, 16), (6, 15), (6, 14), (6, 13), (5, 13), (5, 12), (5, 11), (5, 10), (4, 10), (3, 10), (2, 10), (1, 10), (1, 9), (2, 9), (3, 9), (3, 10), (4, 10), (5, 10), (5, 9), (6, 9), (6, 8), (6, 7), (6, 6), (6, 5), (6, 6), (6, 7), (6, 8), (6, 9), (7, 9), (8, 9), (9, 9), (10, 9), (10, 10), (10, 11), (10, 10), (11, 10), (11, 10)], 2: [(11, 11), (12, 11), (13, 11), (13, 10), (13, 9), (14, 9), (15, 9), (16, 9), (17, 9), (18, 9), (18, 8), (18, 7), (19, 7), (20, 7), (21, 7), (21, 6), (22, 6), (23, 6), (23, 7), (23, 8), (23, 9), (24, 9), (25, 9), (25, 8), (25, 7), (25, 6), (25, 5), (26, 5), (27, 5), (27, 6), (27, 7), (26, 7), (25, 7), (25, 8), (25, 9), (26, 9), (27, 9), (27, 10), (27, 11), (27, 12), (27, 13), (27, 14), (27, 15), (27, 16), (27, 17), (26, 17), (26, 18), (26, 19), (26, 19)]}, 109)