

CBSS-C STATS
starts:[681, 161, 363, 518, 727, 592, 763, 369, 199, 476]
targets:[17, 93, 582, 92, 375, 185, 662, 721, 215, 734]
dests:[49, 550, 998, 566, 65, 402, 94, 464, 458, 806]
ac_dict:{17: {0, 1}, 93: {1, 2}, 582: {2, 3}, 92: {3, 4}, 375: {4, 5}, 185: {5, 6}, 662: {6, 7}, 721: {8, 7}, 215: {8, 9}, 49: {0}, 550: {1}, 998: {2}, 566: {3}, 65: {4}, 402: {5}, 94: {6}, 464: {7}, 458: {8}, 806: {9}}
clusters:[4 2 0 1 3 1 3 2 4 2]

round: 63
best_g_value: 273.0
open_list_size: 62
num_low_level_expanded: 11563
search_success: 1
search_time: 3.602459575049579
n_tsp_call: 14
n_tsp_time: 2.4827161449939013
n_roots: 1
num_conflicts: 62
target_assignment: {17: 0, 582: 2, 734: 9, 185: 6, 375: 4}
cluster_target_selection: {4: 17, 0: 582, 2: 734, 1: 185, 3: 375}
num_nodes_transformed_graph: 48
agent_paths:({0: [(9, 21), (9, 20), (9, 19), (9, 18), (9, 17), (10, 17), (11, 17), (11, 16), (11, 15), (11, 14), (10, 14), (9, 14), (9, 13), (9, 12), (9, 11), (10, 11), (11, 11), (12, 11), (13, 11), (13, 10), (13, 9), (14, 9), (14, 8), (14, 7), (14, 6), (14, 5), (14, 4), (14, 3), (14, 2), (15, 2), (16, 2), (17, 2), (17, 1), (17, 0), (17, 1), (17, 1)], 1: [(1, 5), (2, 5), (3, 5), (4, 5), (5, 5), (6, 5), (6, 6), (6, 7), (6, 8), (6, 9), (6, 10), (6, 11), (5, 11), (5, 12), (5, 13), (6, 13), (6, 14), (6, 15), (6, 16), (6, 17), (6, 17)], 2: [(11, 11), (10, 11), (9, 11), (9, 12), (9, 13), (8, 13), (7, 13), (6, 13), (6, 14), (6, 15), (6, 16), (6, 17), (6, 18), (7, 18), (8, 18), (9, 18), (9, 19), (9, 20), (9, 21), (9, 22), (9, 23), (10, 23), (11, 23), (11, 24), (11, 25), (10, 25), (10, 26), (10, 27), (10, 28), (10, 29), (9, 29), (9, 30), (8, 30), (7, 30), (6, 30), (6, 31), (6, 31)], 3: [(6, 16), (6, 17), (7, 17), (7, 18), (8, 18), (9, 18), (9, 19), (9, 20), (9, 21), (10, 21), (11, 21), (11, 22), (11, 23), (12, 23), (13, 23), (13, 22), (14, 22), (15, 22), (16, 22), (17, 22), (17, 21), (18, 21), (19, 21), (20, 21), (21, 21), (22, 21), (22, 20), (22, 19), (22, 18), (22, 17), (22, 17)], 4: [(23, 22), (23, 21), (22, 21), (22, 20), (22, 19), (22, 18), (22, 17), (22, 16), (22, 15), (22, 14), (22, 13), (22, 12), (22, 11), (23, 11), (22, 11), (21, 11), (20, 11), (19, 11), (18, 11), (17, 11), (17, 10), (17, 9), (16, 9), (15, 9), (14, 9), (14, 8), (14, 7), (13, 7), (13, 6), (13, 5), (12, 5), (11, 5), (10, 5), (9, 5), (9, 6), (8, 6), (7, 6), (6, 6), (5, 6), (5, 5), (4, 5), (3, 5), (3, 4), (3, 3), (2, 3), (1, 3), (1, 2), (1, 2)], 5: [(16, 18), (17, 18), (17, 17), (18, 17), (18, 16), (18, 15), (18, 14), (18, 13), (18, 12), (18, 12)], 6: [(27, 23), (27, 22), (27, 21), (27, 20), (27, 19), (27, 18), (27, 17), (27, 16), (27, 15), (27, 14), (27, 13), (27, 12), (27, 11), (26, 11), (25, 11), (25, 10), (25, 9), (25, 8), (25, 7), (25, 6), (25, 5), (26, 5), (27, 5), (27, 4), (27, 3), (27, 2), (28, 2), (29, 2), (30, 2), (30, 2)], 7: [(17, 11), (18, 11), (18, 12), (18, 13), (17, 13), (17, 14), (16, 14), (16, 14)], 8: [(7, 6), (7, 7), (6, 7), (6, 8), (6, 9), (7, 9), (8, 9), (9, 9), (9, 10), (9, 11), (9, 12), (9, 13), (10, 13), (10, 14), (10, 14)], 9: [(28, 14), (29, 14), (30, 14), (30, 15), (31, 15), (31, 16), (31, 17), (31, 18), (31, 19), (31, 20), (31, 21), (30, 21), (30, 22), (29, 22), (29, 23), (28, 23), (27, 23), (27, 24), (27, 25), (26, 25), (25, 25), (24, 25), (23, 25), (22, 25), (21, 25), (21, 26), (20, 26), (19, 26), (18, 26), (17, 26), (17, 27), (16, 27), (15, 27), (14, 27), (13, 27), (12, 27), (11, 27), (10, 27), (10, 28), (10, 29), (9, 29), (9, 30), (8, 30), (7, 30), (6, 30), (5, 30), (4, 30), (3, 30), (3, 29), (3, 28), (3, 27), (3, 26), (4, 26), (5, 26), (5, 25), (6, 25), (6, 25)]}, 55)