

CBSS-C STATS
starts:[717, 21, 671, 829, 511]
targets:[431, 495, 450, 53, 347, 197, 601, 200, 486, 967, 695, 172, 471, 176, 59, 895, 467, 351, 67, 52]
dests:[350, 1023, 331, 714, 875]
ac_dict:{431: {0, 1}, 495: {1, 2}, 450: {2, 3}, 53: {3, 4}, 350: {0}, 1023: {1}, 331: {2}, 714: {3}, 875: {4}}
clusters:[17 14 18 12  5  6  8 15 19 11 13  4  0 10  9  3  1  7  2 16]

round: 3
best_g_value: 295.0
open_list_size: 96
num_low_level_expanded: 46007
search_success: 1
search_time: 461.2627832959988
n_tsp_call: 602
n_tsp_time: 440.91633997306053
n_roots: 48
num_conflicts: 49
target_assignment: {431: 0, 467: 0, 347: 0, 471: 2, 495: 2, 53: 3, 52: 3, 176: 3, 172: 3, 200: 3, 67: 3, 197: 3, 486: 3, 450: 3, 601: 4, 695: 4, 967: 4, 59: 1, 351: 1, 895: 1}
cluster_target_selection: {17: 431, 1: 467, 5: 347, 0: 471, 14: 495, 12: 53, 16: 52, 10: 176, 4: 172, 15: 200, 2: 67, 6: 197, 19: 486, 18: 450, 8: 601, 13: 695, 11: 967, 9: 59, 7: 351, 3: 895}
num_nodes_transformed_graph: 98
agent_paths:({0: [(13, 22), (13, 23), (12, 23), (11, 23), (11, 22), (11, 21), (10, 21), (9, 21), (9, 20), (9, 19), (9, 18), (9, 17), (10, 17), (11, 17), (11, 16), (11, 15), (11, 14), (12, 14), (13, 14), (13, 13), (14, 13), (15, 13), (15, 14), (16, 14), (17, 14), (18, 14), (19, 14), (19, 13), (20, 13), (21, 13), (22, 13), (22, 12), (22, 11), (22, 10), (23, 10), (23, 9), (24, 9), (25, 9), (26, 9), (27, 9), (27, 10), (28, 10), (29, 10), (30, 10), (30, 10)], 1: [(21, 0), (21, 1), (22, 1), (23, 1), (23, 2), (23, 3), (24, 3), (25, 3), (25, 2), (25, 1), (26, 1), (27, 1), (27, 2), (28, 2), (29, 2), (30, 2), (30, 3), (30, 4), (30, 5), (31, 5), (31, 6), (31, 7), (31, 8), (31, 9), (31, 10), (31, 11), (31, 12), (31, 13), (31, 14), (31, 15), (31, 16), (31, 17), (31, 18), (31, 19), (31, 20), (31, 21), (31, 22), (31, 23), (30, 23), (30, 24), (30, 25), (31, 25), (31, 26), (31, 27), (31, 28), (31, 29), (31, 30), (31, 31), (31, 31)], 2: [(31, 20), (31, 19), (30, 19), (29, 19), (29, 18), (28, 18), (27, 18), (26, 18), (25, 18), (24, 18), (23, 18), (23, 17), (22, 17), (22, 16), (22, 15), (22, 14), (23, 14), (22, 14), (21, 14), (21, 13), (20, 13), (19, 13), (18, 13), (17, 13), (17, 13), (17, 14), (16, 14), (15, 14), (15, 15), (14, 15), (13, 15), (13, 14), (12, 14), (11, 14), (11, 13), (10, 13), (9, 13), (9, 12), (9, 11), (9, 10), (10, 10), (11, 10), (11, 10)], 3: [(29, 25), (30, 25), (30, 24), (30, 23), (30, 22), (30, 21), (31, 21), (31, 20), (31, 19), (31, 18), (31, 17), (31, 16), (31, 15), (31, 14), (31, 13), (31, 12), (31, 11), (31, 10), (31, 9), (31, 8), (31, 7), (30, 7), (29, 7), (29, 6), (28, 6), (27, 6), (27, 5), (27, 4), (27, 3), (26, 3), (25, 3), (24, 3), (23, 3), (22, 3), (21, 3), (21, 2), (21, 1), (20, 1), (19, 1), (18, 1), (17, 1), (17, 2), (16, 2), (15, 2), (15, 3), (14, 3), (14, 4), (14, 5), (15, 5), (16, 5), (15, 5), (14, 5), (13, 5), (12, 5), (11, 5), (10, 5), (9, 5), (9, 6), (8, 6), (7, 6), (6, 6), (5, 6), (5, 5), (4, 5), (3, 5), (3, 4), (3, 3), (3, 2), (3, 3), (3, 4), (3, 5), (4, 5), (5, 5), (5, 6), (6, 6), (6, 7), (6, 8), (6, 9), (6, 10), (6, 11), (5, 11), (5, 12), (5, 13), (6, 13), (6, 14), (6, 15), (6, 16), (6, 17), (5, 17), (5, 18), (5, 19), (4, 19), (3, 19), (2, 19), (2, 18), (2, 17), (2, 16), (2, 15), (2, 14), (2, 15), (2, 16), (2, 17), (2, 18), (2, 19), (2, 20), (2, 21), (3, 21), (3, 22), (4, 22), (5, 22), (6, 22), (7, 22), (7, 21), (8, 21), (9, 21), (10, 21), (10, 22), (10, 22)], 4: [(31, 15), (31, 16), (31, 17), (30, 17), (29, 17), (29, 18), (28, 18), (27, 18), (26, 18), (25, 18), (24, 18), (23, 18), (23, 19), (22, 19), (22, 20), (22, 21), (23, 21), (22, 21), (21, 21), (20, 21), (19, 21), (18, 21), (17, 21), (17, 22), (16, 22), (15, 22), (14, 22), (13, 22), (13, 23), (12, 23), (11, 23), (11, 24), (11, 25), (10, 25), (10, 26), (10, 27), (10, 28), (10, 29), (9, 29), (9, 30), (8, 30), (7, 30), (8, 30), (9, 30), (9, 29), (10, 29), (10, 28), (10, 27), (11, 27), (11, 27)]}, 116)