

CBSS-C STATS
starts:[227, 567, 325, 667, 867, 119, 866]
targets:[321, 530, 309, 244, 438, 474, 319, 507, 215, 691]
dests:[982, 411, 1006, 534, 995, 933, 581]
ac_dict:{321: {0, 1}, 530: {1, 2}, 309: {2, 3}, 244: {3, 4}, 438: {4, 5}, 474: {5, 6}, 982: {0}, 411: {1}, 1006: {2}, 534: {3}, 995: {4}, 933: {5}, 581: {6}}
clusters:[9 0 5 4 6 2 3 7 1 8]

round: 690
best_g_value: 252.0
open_list_size: 799
num_low_level_expanded: 326322
search_success: 1
search_time: 85.09611719900568
n_tsp_call: 293
n_tsp_time: 57.51793903717771
n_roots: 56
num_conflicts: 744
target_assignment: {321: 0, 319: 5, 474: 5, 438: 5, 244: 3, 215: 3, 309: 3, 530: 2, 691: 2, 507: 1}
cluster_target_selection: {9: 321, 3: 319, 2: 474, 6: 438, 4: 244, 1: 215, 5: 309, 0: 530, 8: 691, 7: 507}
num_nodes_transformed_graph: 54
agent_paths:({0: [(3, 7), (3, 6), (3, 5), (4, 5), (5, 5), (5, 6), (5, 7), (6, 7), (6, 8), (6, 9), (5, 9), (5, 10), (4, 10), (3, 10), (2, 10), (1, 10), (2, 10), (3, 10), (4, 10), (5, 10), (5, 11), (5, 12), (5, 13), (6, 13), (6, 14), (6, 15), (6, 16), (6, 17), (7, 17), (7, 18), (8, 18), (9, 18), (9, 19), (9, 20), (9, 21), (10, 21), (11, 21), (11, 22), (11, 23), (12, 23), (13, 23), (14, 23), (15, 23), (15, 24), (15, 25), (15, 26), (15, 27), (16, 27), (17, 27), (18, 27), (18, 28), (18, 29), (19, 29), (19, 30), (19, 31), (20, 31), (21, 31), (21, 30), (22, 30), (22, 30)], 1: [(23, 17), (23, 18), (24, 18), (25, 18), (25, 17), (26, 17), (27, 17), (27, 16), (27, 15), (27, 14), (27, 13), (27, 12), (27, 12)], 2: [(5, 10), (5, 11), (5, 12), (5, 13), (6, 13), (7, 13), (8, 13), (9, 13), (10, 13), (11, 13), (11, 14), (12, 14), (13, 14), (14, 14), (15, 14), (16, 14), (17, 14), (18, 14), (18, 15), (18, 16), (18, 17), (19, 17), (20, 17), (21, 17), (21, 18), (21, 19), (22, 19), (22, 20), (22, 21), (21, 21), (20, 21), (19, 21), (18, 21), (17, 21), (17, 22), (17, 23), (17, 24), (17, 25), (17, 26), (17, 27), (18, 27), (18, 28), (18, 29), (17, 29), (17, 30), (17, 31), (16, 31), (15, 31), (14, 31), (14, 31)], 3: [(27, 20), (27, 19), (27, 18), (27, 17), (27, 16), (27, 15), (27, 14), (27, 13), (27, 12), (27, 11), (26, 11), (25, 11), (25, 10), (25, 9), (24, 9), (23, 9), (23, 8), (23, 7), (22, 7), (21, 7), (20, 7), (21, 7), (21, 6), (22, 6), (23, 6), (23, 7), (23, 8), (23, 9), (22, 9), (21, 9), (22, 9), (22, 10), (22, 11), (22, 12), (22, 13), (22, 14), (21, 14), (21, 15), (22, 15), (22, 16), (22, 16)], 4: [(3, 27), (3, 28), (3, 29), (3, 30), (3, 31), (3, 31)], 5: [(23, 3), (24, 3), (25, 3), (26, 3), (27, 3), (27, 4), (27, 5), (27, 6), (28, 6), (29, 6), (30, 6), (31, 6), (31, 7), (31, 8), (31, 9), (31, 10), (31, 11), (31, 12), (31, 13), (30, 13), (29, 13), (29, 14), (28, 14), (27, 14), (26, 14), (27, 14), (27, 15), (27, 16), (27, 17), (26, 17), (25, 17), (25, 18), (24, 18), (23, 18), (22, 18), (22, 17), (22, 16), (22, 15), (22, 14), (22, 13), (21, 13), (20, 13), (19, 13), (18, 13), (17, 13), (17, 14), (16, 14), (15, 14), (14, 14), (13, 14), (12, 14), (11, 14), (11, 15), (11, 16), (11, 17), (10, 17), (9, 17), (9, 18), (9, 19), (9, 20), (9, 21), (9, 22), (9, 23), (10, 23), (11, 23), (11, 24), (11, 25), (10, 25), (10, 26), (10, 27), (10, 28), (10, 29), (9, 29), (9, 30), (8, 30), (7, 30), (6, 30), (5, 30), (5, 29), (5, 29)], 6: [(2, 27), (2, 26), (2, 25), (1, 25), (1, 24), (1, 23), (1, 22), (1, 21), (2, 21), (2, 20), (2, 19), (3, 19), (4, 19), (5, 19), (5, 18), (5, 18)]}, 78)