

CBSS-C STATS
starts:[518, 958, 739, 351, 1006]
targets:[381, 857, 244, 375, 478, 329, 567, 402, 230, 914, 464, 499, 274, 678, 51, 354, 186, 421, 863, 595]
dests:[176, 441, 52, 363, 604]
ac_dict:{381: {0, 1}, 857: {1, 2}, 244: {2, 3}, 375: {3, 4}, 176: {0}, 441: {1}, 52: {2}, 363: {3}, 604: {4}}
clusters:[ 2  6  3  0 16 12  8 10  4  5 14 13  9  7  1 18 19 15 17 11]

round: 1
best_g_value: 215.0
open_list_size: 0
num_low_level_expanded: 530
search_success: 1
search_time: 0.5091793629981112
n_tsp_call: 1
n_tsp_time: 0.4795127079996746
n_roots: 1
num_conflicts: 0
target_assignment: {421: 0, 354: 0, 230: 0, 186: 3, 375: 3, 244: 3, 274: 3, 402: 3, 499: 3, 464: 3, 329: 3, 914: 4, 595: 4, 567: 4, 678: 2, 51: 2, 863: 1, 857: 1, 478: 1, 381: 1}
cluster_target_selection: {15: 421, 18: 354, 4: 230, 19: 186, 0: 375, 3: 244, 9: 274, 10: 402, 13: 499, 14: 464, 12: 329, 5: 914, 11: 595, 8: 567, 7: 678, 1: 51, 17: 863, 6: 857, 16: 478, 2: 381}
num_nodes_transformed_graph: 51
agent_paths:({0: [(6, 16), (6, 15), (5, 15), (5, 14), (5, 13), (5, 12), (5, 11), (5, 10), (4, 10), (3, 10), (2, 10), (2, 11), (2, 10), (3, 10), (4, 10), (5, 10), (5, 9), (6, 9), (6, 8), (6, 7), (6, 6), (7, 6), (8, 6), (9, 6), (9, 5), (10, 5), (11, 5), (12, 5), (13, 5), (14, 5), (15, 5), (16, 5), (16, 5)], 1: [(30, 29), (31, 29), (31, 28), (31, 27), (31, 26), (30, 26), (30, 25), (30, 24), (30, 23), (29, 23), (28, 23), (27, 23), (27, 24), (27, 25), (26, 25), (25, 25), (25, 26), (25, 25), (26, 25), (27, 25), (27, 24), (27, 23), (27, 22), (27, 21), (27, 20), (27, 19), (27, 18), (27, 17), (27, 16), (27, 15), (27, 14), (28, 14), (29, 14), (30, 14), (30, 13), (31, 13), (31, 12), (31, 11), (30, 11), (29, 11), (29, 10), (28, 10), (27, 10), (27, 11), (27, 12), (27, 13), (26, 13), (25, 13), (25, 13)], 2: [(3, 23), (3, 22), (4, 22), (5, 22), (5, 21), (6, 21), (7, 21), (8, 21), (9, 21), (9, 20), (9, 19), (9, 18), (9, 17), (10, 17), (11, 17), (11, 16), (11, 15), (11, 14), (11, 13), (10, 13), (9, 13), (9, 12), (9, 11), (10, 11), (11, 11), (12, 11), (13, 11), (13, 10), (13, 9), (14, 9), (14, 8), (14, 7), (14, 6), (14, 5), (14, 4), (14, 3), (14, 2), (15, 2), (16, 2), (17, 2), (17, 1), (18, 1), (19, 1), (20, 1), (20, 1)], 3: [(31, 10), (31, 9), (31, 8), (31, 7), (30, 7), (29, 7), (29, 6), (28, 6), (27, 6), (26, 6), (26, 5), (25, 5), (25, 6), (25, 7), (25, 8), (25, 9), (24, 9), (23, 9), (23, 10), (23, 11), (23, 10), (23, 9), (23, 8), (23, 7), (22, 7), (21, 7), (20, 7), (19, 7), (18, 7), (18, 8), (18, 9), (18, 10), (18, 11), (18, 12), (18, 13), (19, 13), (19, 14), (19, 15), (18, 15), (17, 15), (17, 14), (16, 14), (15, 14), (14, 14), (13, 14), (12, 14), (11, 14), (10, 14), (9, 14), (9, 13), (9, 12), (9, 11), (9, 10), (10, 10), (11, 10), (11, 11), (11, 11)], 4: [(14, 31), (15, 31), (16, 31), (17, 31), (17, 30), (17, 29), (18, 29), (18, 28), (18, 27), (18, 26), (18, 25), (17, 25), (17, 24), (17, 23), (17, 22), (17, 21), (18, 21), (19, 21), (20, 21), (21, 21), (22, 21), (22, 20), (22, 19), (21, 19), (21, 18), (21, 17), (20, 17), (19, 17), (19, 18), (19, 17), (20, 17), (21, 17), (22, 17), (23, 17), (23, 18), (24, 18), (25, 18), (26, 18), (27, 18), (28, 18), (28, 18)]}, 55)