

CBSS-C STATS
starts:[870, 298, 757, 1005, 824]
targets:[50, 813, 894, 222, 1023, 357, 402, 779, 350, 834, 997, 697, 553, 850, 471, 577, 430, 369, 483, 983]
dests:[1003, 97, 454, 485, 126]
ac_dict:{50: {0, 1}, 813: {1, 2}, 894: {2, 3}, 222: {3, 4}, 1003: {0}, 97: {1}, 454: {2}, 485: {3}, 126: {4}}
clusters:[11 13 18  5 14 17 16  6 19 12 15  4 10  7  3  8  9  0  2  1]

round: 1
best_g_value: 246.0
open_list_size: 0
num_low_level_expanded: 542
search_success: 1
search_time: 2.720696518998011
n_tsp_call: 1
n_tsp_time: 2.680611643998418
n_roots: 1
num_conflicts: 0
target_assignment: {834: 0, 997: 0, 850: 2, 813: 2, 779: 2, 553: 2, 577: 2, 483: 2, 697: 4, 350: 4, 222: 4, 50: 1, 983: 3, 1023: 3, 894: 3, 471: 3, 402: 3, 369: 3, 430: 3, 357: 3}
cluster_target_selection: {12: 834, 15: 997, 7: 850, 13: 813, 6: 779, 10: 553, 8: 577, 2: 483, 4: 697, 19: 350, 5: 222, 11: 50, 1: 983, 14: 1023, 18: 894, 3: 471, 16: 402, 0: 369, 9: 430, 17: 357}
num_nodes_transformed_graph: 98
agent_paths:({0: [(6, 27), (5, 27), (5, 26), (4, 26), (3, 26), (2, 26), (3, 26), (3, 27), (3, 28), (3, 29), (3, 30), (4, 30), (5, 30), (5, 31), (6, 31), (7, 31), (7, 30), (8, 30), (9, 30), (10, 30), (11, 30), (11, 31), (11, 31)], 1: [(10, 9), (11, 9), (11, 10), (11, 11), (12, 11), (13, 11), (13, 10), (13, 9), (14, 9), (14, 8), (14, 7), (14, 6), (14, 5), (14, 4), (14, 3), (14, 2), (15, 2), (16, 2), (17, 2), (17, 1), (18, 1), (17, 1), (17, 2), (16, 2), (15, 2), (14, 2), (13, 2), (13, 3), (12, 3), (11, 3), (11, 4), (11, 5), (10, 5), (9, 5), (9, 6), (8, 6), (7, 6), (6, 6), (5, 6), (5, 5), (4, 5), (3, 5), (3, 4), (3, 3), (2, 3), (1, 3), (1, 3)], 2: [(21, 23), (22, 23), (23, 23), (23, 24), (23, 25), (22, 25), (21, 25), (21, 26), (20, 26), (19, 26), (18, 26), (17, 26), (17, 27), (16, 27), (15, 27), (14, 27), (13, 27), (13, 26), (13, 25), (13, 26), (13, 27), (12, 27), (11, 27), (11, 26), (11, 25), (11, 24), (11, 23), (10, 23), (9, 23), (9, 22), (9, 21), (9, 20), (9, 19), (9, 18), (9, 17), (9, 18), (8, 18), (7, 18), (6, 18), (5, 18), (5, 19), (4, 19), (3, 19), (2, 19), (1, 19), (1, 18), (1, 17), (2, 17), (2, 16), (2, 15), (3, 15), (2, 15), (2, 16), (2, 17), (3, 17), (3, 18), (3, 19), (4, 19), (5, 19), (5, 18), (5, 17), (6, 17), (6, 16), (6, 15), (6, 14), (6, 14)], 3: [(13, 31), (14, 31), (15, 31), (16, 31), (17, 31), (18, 31), (19, 31), (20, 31), (21, 31), (21, 30), (22, 30), (23, 30), (23, 31), (24, 31), (25, 31), (26, 31), (27, 31), (28, 31), (29, 31), (30, 31), (31, 31), (31, 30), (31, 29), (31, 28), (31, 27), (30, 27), (30, 26), (30, 25), (30, 24), (30, 23), (29, 23), (28, 23), (27, 23), (27, 22), (27, 21), (27, 20), (27, 19), (26, 19), (25, 19), (25, 18), (24, 18), (23, 18), (23, 17), (22, 17), (22, 16), (22, 15), (22, 14), (23, 14), (22, 14), (21, 14), (21, 13), (20, 13), (19, 13), (18, 13), (18, 12), (18, 11), (17, 11), (18, 11), (18, 12), (18, 13), (17, 13), (17, 14), (16, 14), (15, 14), (14, 14), (14, 13), (13, 13), (13, 14), (12, 14), (11, 14), (10, 14), (9, 14), (9, 13), (8, 13), (7, 13), (6, 13), (5, 13), (5, 12), (5, 11), (5, 12), (5, 13), (5, 14), (5, 15), (5, 15)], 4: [(24, 25), (25, 25), (26, 25), (27, 25), (27, 24), (27, 23), (26, 23), (25, 23), (25, 22), (25, 21), (26, 21), (27, 21), (27, 20), (27, 19), (27, 18), (27, 17), (27, 16), (27, 15), (27, 14), (27, 13), (27, 12), (27, 11), (27, 10), (28, 10), (29, 10), (30, 10), (30, 9), (31, 9), (31, 8), (31, 7), (30, 7), (30, 6), (30, 5), (30, 4), (30, 3), (30, 3)]}, 82)