

CBSS-C STATS
starts:[317, 194, 846, 978, 175]
targets:[176, 255, 748, 869, 615, 575, 819, 719, 625, 165]
dests:[321, 38, 367, 96, 691]
ac_dict:{176: {0, 1}, 255: {1, 2}, 748: {2, 3}, 869: {3, 4}, 321: {0}, 38: {1}, 367: {2}, 96: {3}, 691: {4}}
clusters:[4 1 4 2 0 1 2 0 4 3]

round: 1
best_g_value: 167.0
open_list_size: 0
num_low_level_expanded: 593
search_success: 1
search_time: 0.09339428506791592
n_tsp_call: 1
n_tsp_time: 0.07207467500120401
n_roots: 1
num_conflicts: 0
target_assignment: {575: 0, 165: 1, 819: 3, 719: 3, 748: 3}
cluster_target_selection: {1: 575, 3: 165, 2: 819, 0: 719, 4: 748}
num_nodes_transformed_graph: 29
agent_paths:({0: [(29, 9), (30, 9), (31, 9), (31, 10), (31, 11), (31, 12), (31, 13), (31, 14), (31, 15), (31, 16), (31, 17), (30, 17), (29, 17), (29, 18), (28, 18), (27, 18), (26, 18), (25, 18), (24, 18), (23, 18), (22, 18), (21, 18), (21, 17), (20, 17), (19, 17), (18, 17), (18, 16), (18, 15), (17, 15), (17, 14), (16, 14), (15, 14), (14, 14), (13, 14), (12, 14), (11, 14), (10, 14), (9, 14), (9, 13), (8, 13), (7, 13), (6, 13), (5, 13), (5, 12), (5, 11), (5, 10), (4, 10), (3, 10), (2, 10), (1, 10), (1, 10)], 1: [(2, 6), (2, 5), (3, 5), (4, 5), (5, 5), (6, 5), (6, 4), (6, 3), (6, 2), (6, 1), (6, 1)], 2: [(14, 26), (14, 25), (15, 25), (15, 24), (15, 23), (14, 23), (13, 23), (12, 23), (11, 23), (11, 22), (11, 21), (10, 21), (9, 21), (9, 20), (9, 19), (9, 18), (9, 17), (10, 17), (11, 17), (11, 16), (11, 15), (11, 14), (11, 13), (10, 13), (9, 13), (9, 12), (9, 11), (10, 11), (11, 11), (12, 11), (13, 11), (14, 11), (15, 11), (15, 11)], 3: [(18, 30), (18, 29), (18, 28), (18, 27), (18, 26), (18, 25), (19, 25), (18, 25), (17, 25), (17, 24), (17, 23), (17, 22), (16, 22), (15, 22), (14, 22), (13, 22), (13, 23), (12, 23), (11, 23), (10, 23), (9, 23), (9, 22), (9, 21), (9, 20), (9, 19), (9, 18), (8, 18), (7, 18), (6, 18), (6, 17), (6, 16), (6, 15), (5, 15), (5, 14), (5, 13), (5, 12), (5, 11), (5, 10), (5, 9), (6, 9), (6, 8), (6, 7), (5, 7), (5, 6), (5, 5), (4, 5), (3, 5), (3, 4), (3, 3), (2, 3), (1, 3), (0, 3), (0, 3)], 4: [(15, 5), (16, 5), (17, 5), (18, 5), (18, 6), (18, 7), (18, 8), (18, 9), (18, 10), (18, 11), (18, 12), (18, 13), (18, 14), (18, 15), (18, 16), (18, 17), (19, 17), (20, 17), (21, 17), (21, 18), (21, 19), (22, 19), (22, 20), (22, 21), (21, 21), (20, 21), (19, 21), (19, 21)]}, 51)