

CBSS-C STATS
starts:[570, 40]
targets:[253, 832, 985, 929, 679, 351, 17, 534, 1005, 880]
dests:[583, 94]
ac_dict:{253: {0, 1}, 583: {0}, 94: {1}}
clusters:[1 0 3 7 4 5 8 9 2 6]

round: 1
best_g_value: 143.0
open_list_size: 0
num_low_level_expanded: 278
search_success: 1
search_time: 0.011866090004332364
n_tsp_call: 1
n_tsp_time: 0.0037871940003242344
n_roots: 1
num_conflicts: 0
target_assignment: {534: 0, 985: 0, 1005: 0, 880: 0, 929: 0, 832: 0, 679: 0, 17: 1, 253: 1, 351: 1}
cluster_target_selection: {9: 534, 3: 985, 2: 1005, 6: 880, 7: 929, 0: 832, 4: 679, 8: 17, 1: 253, 5: 351}
num_nodes_transformed_graph: 14
agent_paths:({0: [(26, 17), (25, 17), (25, 18), (24, 18), (23, 18), (22, 18), (22, 17), (22, 16), (22, 17), (22, 18), (22, 19), (22, 20), (22, 21), (23, 21), (23, 22), (23, 23), (23, 24), (23, 25), (23, 26), (23, 27), (23, 28), (23, 29), (23, 30), (23, 31), (24, 31), (25, 31), (25, 30), (25, 31), (24, 31), (23, 31), (22, 31), (21, 31), (20, 31), (19, 31), (18, 31), (17, 31), (16, 31), (15, 31), (14, 31), (13, 31), (14, 31), (15, 31), (16, 31), (17, 31), (17, 30), (17, 29), (18, 29), (18, 28), (18, 27), (17, 27), (16, 27), (15, 27), (14, 27), (13, 27), (12, 27), (11, 27), (10, 27), (10, 28), (10, 29), (9, 29), (9, 30), (8, 30), (7, 30), (6, 30), (5, 30), (4, 30), (3, 30), (2, 30), (1, 30), (1, 29), (2, 29), (3, 29), (3, 28), (3, 27), (2, 27), (1, 27), (1, 26), (0, 26), (1, 26), (1, 25), (1, 24), (1, 23), (1, 22), (2, 22), (3, 22), (4, 22), (5, 22), (5, 21), (6, 21), (7, 21), (8, 21), (9, 21), (9, 20), (9, 19), (9, 18), (8, 18), (7, 18), (7, 18)], 1: [(8, 1), (9, 1), (10, 1), (11, 1), (11, 2), (11, 3), (12, 3), (13, 3), (13, 2), (14, 2), (15, 2), (16, 2), (17, 2), (17, 1), (17, 0), (17, 1), (18, 1), (19, 1), (20, 1), (21, 1), (22, 1), (23, 1), (23, 2), (23, 3), (24, 3), (25, 3), (26, 3), (27, 3), (27, 4), (27, 5), (27, 6), (28, 6), (29, 6), (29, 7), (30, 7), (31, 7), (31, 8), (31, 9), (31, 10), (31, 9), (31, 8), (31, 7), (30, 7), (30, 6), (30, 5), (30, 4), (30, 3), (30, 2), (30, 2)]}, 96)