

CBSS-C STATS
starts:[175, 973, 612, 436, 747]
targets:[87, 1013, 307, 987, 751, 74, 417, 702, 330, 798, 951, 831, 805, 615, 379, 301, 715, 458, 549, 241]
dests:[806, 727, 431, 309, 595]
ac_dict:{87: {0, 1}, 1013: {1, 2}, 307: {2, 3}, 987: {3, 4}, 806: {0}, 727: {1}, 431: {2}, 309: {3}, 595: {4}}
clusters:[3 4 8 4 0 7 6 2 4 1 2 0 9 9 8 4 1 6 8 5]

round: 1
best_g_value: 152.0
open_list_size: 0
num_low_level_expanded: 432
search_success: 1
search_time: 0.28495430387556553
n_tsp_call: 1
n_tsp_time: 0.2633648836053908
n_roots: 1
num_conflicts: 0
target_assignment: {241: 0, 87: 0, 74: 0, 549: 0, 805: 0, 458: 2, 715: 4, 751: 4, 1013: 1, 951: 1}
cluster_target_selection: {5: 241, 3: 87, 7: 74, 8: 549, 9: 805, 6: 458, 1: 715, 0: 751, 4: 1013, 2: 951}
num_nodes_transformed_graph: 54
agent_paths:({0: [(15, 5), (16, 5), (17, 5), (17, 6), (17, 7), (17, 6), (17, 5), (16, 5), (15, 5), (14, 5), (14, 4), (14, 3), (14, 2), (15, 2), (16, 2), (17, 2), (18, 2), (19, 2), (19, 1), (20, 1), (21, 1), (22, 1), (23, 1), (23, 2), (22, 2), (21, 2), (21, 1), (20, 1), (19, 1), (18, 1), (17, 1), (17, 2), (16, 2), (15, 2), (14, 2), (13, 2), (13, 3), (12, 3), (11, 3), (10, 3), (10, 2), (9, 2), (9, 1), (8, 1), (7, 1), (6, 1), (6, 2), (6, 3), (6, 4), (6, 5), (6, 6), (6, 7), (6, 8), (6, 9), (5, 9), (5, 10), (5, 11), (5, 12), (5, 13), (5, 14), (5, 15), (6, 15), (6, 16), (6, 17), (5, 17), (5, 18), (5, 19), (4, 19), (3, 19), (2, 19), (2, 20), (2, 21), (2, 22), (2, 23), (1, 23), (1, 24), (1, 25), (2, 25), (3, 25), (3, 26), (4, 26), (5, 26), (5, 25), (6, 25), (6, 25)], 1: [(13, 30), (14, 30), (15, 30), (15, 31), (16, 31), (17, 31), (18, 31), (19, 31), (20, 31), (21, 31), (21, 30), (21, 29), (22, 29), (23, 29), (23, 28), (23, 27), (23, 26), (23, 25), (23, 24), (23, 23), (23, 22), (23, 22)], 2: [(4, 19), (5, 19), (5, 18), (5, 17), (6, 17), (6, 16), (6, 15), (6, 14), (7, 14), (7, 13), (8, 13), (9, 13), (10, 13), (10, 14), (11, 14), (12, 14), (13, 14), (13, 13), (14, 13), (15, 13), (15, 13)], 3: [(20, 13), (21, 13), (22, 13), (22, 12), (22, 11), (21, 11), (21, 10), (21, 9), (21, 9)], 4: [(11, 23), (11, 22), (11, 23), (12, 23), (13, 23), (14, 23), (15, 23), (15, 22), (16, 22), (17, 22), (17, 21), (18, 21), (19, 21), (20, 21), (21, 21), (22, 21), (22, 20), (22, 19), (21, 19), (21, 18), (21, 17), (20, 17), (19, 17), (19, 18), (19, 18)]}, 83)