

CBSS-C STATS
starts:[209, 435, 254, 370, 543]
targets:[464, 393, 374, 570, 843, 462, 863, 290, 750, 836]
dests:[185, 638, 101, 312, 852]
ac_dict:{464: {0, 1}, 393: {1, 2}, 374: {2, 3}, 570: {3, 4}, 185: {0}, 638: {1}, 101: {2}, 312: {3}, 852: {4}}
clusters:[3 3 1 2 1 3 0 2 2 4]

round: 7
best_g_value: 175.0
open_list_size: 6
num_low_level_expanded: 957
search_success: 1
search_time: 0.696397430729121
n_tsp_call: 9
n_tsp_time: 0.5828950456343591
n_roots: 1
num_conflicts: 6
target_assignment: {464: 1, 863: 4, 750: 4, 836: 4, 374: 3}
cluster_target_selection: {3: 464, 0: 863, 2: 750, 4: 836, 1: 374}
num_nodes_transformed_graph: 29
agent_paths:({0: [(17, 6), (18, 6), (19, 6), (19, 7), (20, 7), (21, 7), (22, 7), (23, 7), (23, 8), (23, 9), (24, 9), (25, 9), (25, 8), (25, 7), (25, 6), (25, 5), (25, 5)], 1: [(19, 13), (18, 13), (17, 13), (17, 14), (16, 14), (17, 14), (18, 14), (18, 15), (18, 16), (18, 17), (19, 17), (20, 17), (21, 17), (22, 17), (23, 17), (23, 18), (24, 18), (25, 18), (26, 18), (27, 18), (28, 18), (29, 18), (30, 18), (30, 19), (30, 19)], 2: [(30, 7), (29, 7), (29, 6), (28, 6), (27, 6), (27, 5), (27, 4), (27, 3), (26, 3), (25, 3), (24, 3), (23, 3), (22, 3), (21, 3), (21, 2), (21, 1), (20, 1), (19, 1), (18, 1), (17, 1), (17, 2), (16, 2), (15, 2), (14, 2), (13, 2), (13, 3), (12, 3), (11, 3), (10, 3), (9, 3), (9, 2), (9, 1), (8, 1), (7, 1), (6, 1), (5, 1), (5, 2), (5, 3), (5, 3)], 3: [(18, 11), (19, 11), (20, 11), (21, 11), (22, 11), (22, 10), (22, 9), (22, 9), (22, 9), (22, 9), (23, 9), (24, 9), (24, 9)], 4: [(31, 16), (31, 17), (31, 18), (31, 19), (31, 20), (31, 21), (31, 22), (31, 23), (30, 23), (30, 24), (30, 25), (31, 25), (31, 26), (30, 26), (30, 25), (30, 24), (30, 23), (29, 23), (28, 23), (27, 23), (27, 24), (27, 25), (26, 25), (25, 25), (24, 25), (23, 25), (22, 25), (21, 25), (21, 26), (20, 26), (19, 26), (18, 26), (17, 26), (17, 25), (17, 24), (17, 23), (17, 22), (16, 22), (15, 22), (14, 22), (14, 23), (13, 23), (12, 23), (11, 23), (11, 24), (11, 25), (10, 25), (10, 26), (10, 27), (10, 28), (10, 29), (9, 29), (9, 30), (8, 30), (7, 30), (6, 30), (5, 30), (4, 30), (3, 30), (3, 29), (3, 28), (3, 27), (3, 26), (4, 26), (3, 26), (3, 27), (3, 28), (3, 29), (3, 30), (4, 30), (5, 30), (6, 30), (7, 30), (8, 30), (9, 30), (9, 29), (10, 29), (10, 28), (10, 27), (11, 27), (12, 27), (13, 27), (14, 27), (15, 27), (16, 27), (17, 27), (17, 26), (18, 26), (19, 26), (20, 26), (20, 26)]}, 89)