

CBSS-C STATS
starts:[1017, 843, 330, 966, 486, 203, 33]
targets:[950, 251, 545, 978, 574, 41, 218, 349, 764, 717]
dests:[120, 766, 5, 490, 701, 495, 309]
ac_dict:{950: {0, 1}, 251: {1, 2}, 545: {2, 3}, 978: {3, 4}, 574: {4, 5}, 41: {5, 6}, 120: {0}, 766: {1}, 5: {2}, 490: {3}, 701: {4}, 495: {5}, 309: {6}}
clusters:[1 8 6 9 4 5 3 2 7 0]

round: 2
best_g_value: 286.0
open_list_size: 1
num_low_level_expanded: 933
search_success: 1
search_time: 1.7111365409946302
n_tsp_call: 15
n_tsp_time: 1.4244586730055744
n_roots: 1
num_conflicts: 1
target_assignment: {950: 0, 218: 0, 574: 4, 978: 3, 545: 3, 717: 1, 251: 1, 349: 1, 764: 1, 41: 6}
cluster_target_selection: {1: 950, 3: 218, 4: 574, 9: 978, 6: 545, 0: 717, 8: 251, 2: 349, 7: 764, 5: 41}
num_nodes_transformed_graph: 34
agent_paths:({0: [(25, 31), (24, 31), (23, 31), (22, 31), (22, 30), (22, 29), (23, 29), (23, 28), (23, 27), (23, 26), (23, 25), (23, 24), (23, 23), (23, 22), (23, 21), (22, 21), (22, 20), (22, 19), (22, 18), (22, 17), (22, 16), (22, 15), (22, 14), (22, 13), (22, 12), (22, 11), (22, 10), (22, 9), (23, 9), (24, 9), (25, 9), (25, 8), (25, 7), (25, 6), (26, 6), (26, 5), (27, 5), (27, 4), (27, 3), (26, 3), (25, 3), (24, 3), (24, 3)], 1: [(11, 26), (11, 25), (11, 24), (11, 23), (12, 23), (13, 23), (13, 22), (14, 22), (15, 22), (16, 22), (17, 22), (17, 21), (18, 21), (19, 21), (20, 21), (21, 21), (22, 21), (22, 20), (22, 19), (22, 18), (22, 17), (22, 16), (22, 15), (22, 14), (22, 13), (22, 12), (22, 11), (22, 10), (22, 9), (23, 9), (24, 9), (25, 9), (25, 8), (25, 7), (26, 7), (27, 7), (26, 7), (25, 7), (25, 8), (25, 9), (26, 9), (27, 9), (27, 10), (28, 10), (29, 10), (28, 10), (27, 10), (27, 11), (27, 12), (27, 13), (27, 14), (27, 15), (27, 16), (27, 17), (27, 18), (27, 19), (27, 20), (27, 21), (27, 22), (27, 23), (28, 23), (29, 23), (30, 23), (30, 23)], 2: [(10, 10), (9, 10), (9, 9), (8, 9), (7, 9), (6, 9), (6, 8), (6, 7), (6, 6), (6, 6), (6, 5), (6, 4), (6, 3), (5, 3), (5, 2), (5, 1), (5, 0), (5, 0)], 3: [(6, 30), (7, 30), (8, 30), (9, 30), (10, 30), (10, 29), (10, 28), (10, 27), (11, 27), (12, 27), (13, 27), (14, 27), (15, 27), (16, 27), (17, 27), (18, 27), (18, 28), (18, 29), (18, 30), (18, 29), (18, 28), (18, 27), (17, 27), (16, 27), (15, 27), (14, 27), (13, 27), (12, 27), (11, 27), (11, 26), (11, 25), (11, 24), (11, 23), (10, 23), (9, 23), (9, 22), (9, 21), (9, 20), (9, 19), (9, 18), (8, 18), (7, 18), (6, 18), (5, 18), (5, 19), (4, 19), (3, 19), (2, 19), (1, 19), (1, 18), (1, 17), (2, 17), (3, 17), (3, 18), (3, 19), (4, 19), (5, 19), (5, 18), (6, 18), (7, 18), (8, 18), (9, 18), (9, 17), (10, 17), (11, 17), (11, 16), (11, 15), (10, 15), (10, 15)], 4: [(6, 15), (7, 15), (7, 14), (7, 13), (8, 13), (9, 13), (10, 13), (11, 13), (11, 14), (12, 14), (13, 14), (14, 14), (15, 14), (16, 14), (17, 14), (18, 14), (18, 15), (18, 16), (18, 17), (19, 17), (20, 17), (21, 17), (22, 17), (23, 17), (23, 18), (24, 18), (25, 18), (26, 18), (27, 18), (28, 18), (29, 18), (29, 17), (30, 17), (30, 18), (30, 19), (31, 19), (31, 20), (31, 21), (30, 21), (29, 21), (29, 21)], 5: [(11, 6), (11, 5), (12, 5), (13, 5), (14, 5), (14, 6), (14, 7), (14, 8), (14, 9), (15, 9), (16, 9), (17, 9), (17, 10), (17, 11), (18, 11), (18, 12), (18, 13), (17, 13), (17, 14), (16, 14), (15, 14), (15, 15), (15, 15)], 6: [(1, 1), (2, 1), (3, 1), (3, 2), (3, 3), (3, 4), (3, 5), (4, 5), (5, 5), (6, 5), (6, 4), (6, 3), (6, 2), (6, 1), (7, 1), (8, 1), (9, 1), (10, 1), (11, 1), (11, 2), (11, 3), (12, 3), (13, 3), (14, 3), (14, 4), (14, 5), (15, 5), (16, 5), (17, 5), (18, 5), (19, 5), (19, 6), (19, 7), (20, 7), (21, 7), (22, 7), (23, 7), (23, 8), (23, 9), (22, 9), (21, 9), (21, 9)]}, 67)