

CBSS-C STATS
starts:[880, 564, 607, 671, 74]
targets:[217, 849, 86, 294, 483, 443, 213, 963, 875, 805]
dests:[121, 304, 626, 270, 203]
ac_dict:{217: {0, 1}, 849: {1, 2}, 86: {2, 3}, 294: {3, 4}, 121: {0}, 304: {1}, 626: {2}, 270: {3}, 203: {4}}
clusters:[0 1 1 0 1 1 0 0 0 1]

round: 8
best_g_value: 109.0
open_list_size: 7
num_low_level_expanded: 3086
search_success: 1
search_time: 0.7858255160972476
n_tsp_call: 4
n_tsp_time: 0.42965177819132805
n_roots: 1
num_conflicts: 7
target_assignment: {443: 0, 217: 0}
cluster_target_selection: {1: 443, 0: 217}
num_nodes_transformed_graph: 48
agent_paths:({0: [(16, 27), (17, 27), (17, 26), (17, 25), (17, 24), (17, 23), (17, 22), (17, 21), (18, 21), (19, 21), (20, 21), (21, 21), (22, 21), (22, 20), (22, 19), (22, 18), (23, 18), (24, 18), (25, 18), (25, 17), (26, 17), (27, 17), (27, 16), (27, 15), (27, 14), (27, 13), (27, 12), (27, 11), (26, 11), (25, 11), (25, 10), (25, 9), (25, 8), (25, 7), (25, 6), (25, 5), (26, 5), (27, 5), (27, 4), (27, 3), (26, 3), (25, 3), (25, 3)], 1: [(20, 17), (19, 17), (18, 17), (18, 16), (18, 15), (18, 14), (18, 13), (18, 12), (18, 11), (17, 11), (17, 10), (17, 9), (16, 9), (16, 9)], 2: [(31, 18), (30, 18), (29, 18), (28, 18), (27, 18), (26, 18), (25, 18), (24, 18), (23, 18), (22, 18), (21, 18), (21, 17), (20, 17), (19, 17), (18, 17), (18, 18), (18, 19), (18, 19)], 3: [(31, 20), (31, 19), (30, 19), (29, 19), (29, 18), (28, 18), (27, 18), (26, 18), (25, 18), (24, 18), (23, 18), (22, 18), (21, 18), (21, 17), (20, 17), (19, 17), (18, 17), (18, 16), (18, 15), (18, 14), (18, 13), (18, 12), (18, 11), (18, 10), (18, 9), (18, 8), (18, 7), (17, 7), (17, 6), (17, 5), (16, 5), (15, 5), (14, 5), (14, 6), (14, 7), (14, 8), (14, 8)], 4: [(10, 2), (11, 2), (11, 3), (11, 4), (11, 5), (11, 6), (11, 6)]}, 41)