

CBSS-C STATS
starts:[324, 978, 33, 707, 622]
targets:[595, 52, 190, 698, 363, 262, 187, 323, 991, 312, 589, 366, 253, 757, 501, 101, 914, 566, 161, 77]
dests:[110, 217, 443, 183, 192]
ac_dict:{595: {0, 1}, 52: {1, 2}, 190: {2, 3}, 698: {3, 4}, 110: {0}, 217: {1}, 443: {2}, 183: {3}, 192: {4}}
clusters:[15 10  8  3  2 17  4  9 18 13  0  5  6 11 14  1 19 12  7 16]

round: 1
best_g_value: 250.0
open_list_size: 0
num_low_level_expanded: 548
search_success: 1
search_time: 0.32267268699069973
n_tsp_call: 1
n_tsp_time: 0.2906629939971026
n_roots: 1
num_conflicts: 0
target_assignment: {323: 0, 363: 0, 366: 0, 914: 1, 991: 1, 595: 1, 566: 1, 501: 1, 312: 1, 757: 3, 698: 3, 589: 4, 262: 4, 161: 4, 101: 2, 77: 2, 52: 2, 187: 2, 253: 2, 190: 2}
cluster_target_selection: {9: 323, 2: 363, 5: 366, 19: 914, 18: 991, 15: 595, 12: 566, 14: 501, 13: 312, 11: 757, 3: 698, 0: 589, 17: 262, 7: 161, 1: 101, 16: 77, 10: 52, 4: 187, 6: 253, 8: 190}
num_nodes_transformed_graph: 51
agent_paths:({0: [(4, 10), (3, 10), (4, 10), (5, 10), (6, 10), (7, 10), (7, 9), (8, 9), (9, 9), (10, 9), (11, 9), (11, 10), (11, 11), (12, 11), (13, 11), (14, 11), (14, 10), (14, 9), (14, 8), (14, 7), (14, 6), (14, 5), (14, 4), (14, 3), (14, 3)], 1: [(18, 30), (18, 29), (18, 28), (18, 29), (19, 29), (19, 30), (19, 31), (20, 31), (21, 31), (22, 31), (23, 31), (24, 31), (25, 31), (26, 31), (27, 31), (28, 31), (29, 31), (29, 30), (30, 30), (31, 30), (31, 29), (31, 28), (31, 27), (30, 27), (30, 26), (30, 25), (30, 24), (30, 23), (29, 23), (28, 23), (27, 23), (27, 22), (27, 21), (27, 20), (27, 19), (26, 19), (25, 19), (25, 18), (24, 18), (23, 18), (22, 18), (21, 18), (21, 17), (20, 17), (19, 17), (19, 18), (19, 17), (20, 17), (21, 17), (22, 17), (22, 16), (22, 15), (21, 15), (21, 14), (21, 13), (22, 13), (22, 12), (22, 11), (22, 10), (22, 9), (23, 9), (24, 9), (25, 9), (25, 8), (25, 7), (25, 6), (25, 6)], 2: [(1, 1), (2, 1), (3, 1), (3, 2), (3, 3), (3, 4), (3, 5), (4, 5), (5, 5), (6, 5), (6, 4), (6, 3), (5, 3), (5, 2), (6, 2), (7, 2), (7, 1), (8, 1), (9, 1), (10, 1), (11, 1), (11, 2), (11, 3), (12, 3), (13, 3), (13, 2), (14, 2), (15, 2), (16, 2), (17, 2), (17, 1), (18, 1), (19, 1), (20, 1), (21, 1), (22, 1), (23, 1), (23, 2), (23, 3), (24, 3), (25, 3), (26, 3), (27, 3), (27, 4), (27, 5), (27, 6), (28, 6), (29, 6), (29, 7), (29, 6), (29, 5), (30, 5), (30, 6), (30, 7), (31, 7), (31, 8), (31, 9), (30, 9), (29, 9), (29, 10), (28, 10), (27, 10), (27, 11), (27, 12), (27, 13), (27, 13)], 3: [(3, 22), (4, 22), (5, 22), (6, 22), (7, 22), (7, 21), (8, 21), (9, 21), (10, 21), (11, 21), (11, 22), (11, 23), (12, 23), (13, 23), (14, 23), (15, 23), (15, 22), (16, 22), (17, 22), (18, 22), (19, 22), (19, 21), (20, 21), (21, 21), (21, 22), (21, 23), (22, 23), (23, 23), (23, 24), (23, 25), (24, 25), (25, 25), (26, 25), (27, 25), (27, 24), (27, 23), (26, 23), (26, 22), (26, 21), (27, 21), (27, 20), (27, 19), (27, 18), (27, 17), (27, 16), (27, 15), (27, 14), (27, 13), (27, 12), (27, 11), (26, 11), (25, 11), (25, 10), (25, 9), (24, 9), (23, 9), (23, 8), (23, 7), (23, 6), (23, 5), (23, 5)], 4: [(14, 19), (13, 19), (13, 18), (14, 18), (15, 18), (16, 18), (17, 18), (17, 17), (18, 17), (18, 16), (18, 15), (17, 15), (17, 14), (16, 14), (15, 14), (14, 14), (13, 14), (12, 14), (11, 14), (10, 14), (9, 14), (9, 13), (9, 12), (9, 11), (9, 10), (9, 9), (8, 9), (7, 9), (6, 9), (6, 8), (6, 7), (5, 7), (5, 6), (5, 5), (4, 5), (3, 5), (2, 5), (1, 5), (1, 6), (0, 6), (0, 6)]}, 65)