

CBSS-C STATS
starts:[460, 419, 221, 862, 701]
targets:[499, 990, 119, 89, 365, 554, 711, 126, 802, 742, 699, 545, 346, 35, 93, 114, 291, 378, 171, 457]
dests:[482, 106, 326, 393, 1021]
ac_dict:{499: {0, 1}, 990: {1, 2}, 119: {2, 3}, 89: {3, 4}, 482: {0}, 106: {1}, 326: {2}, 393: {3}, 1021: {4}}
clusters:[7 9 5 2 9 0 8 0 3 7 1 5 0 6 7 2 4 9 6 4]

round: 2
best_g_value: 164.0
open_list_size: 1
num_low_level_expanded: 434
search_success: 1
search_time: 1.1797392317093909
n_tsp_call: 1
n_tsp_time: 1.1426983051933348
n_roots: 1
num_conflicts: 1
target_assignment: {554: 0, 711: 0, 742: 0, 802: 0, 365: 1, 699: 3, 457: 3, 119: 2, 114: 2, 171: 2}
cluster_target_selection: {0: 554, 8: 711, 7: 742, 3: 802, 9: 365, 1: 699, 4: 457, 5: 119, 2: 114, 6: 171}
num_nodes_transformed_graph: 98
agent_paths:({0: [(12, 14), (11, 14), (11, 15), (11, 16), (11, 17), (10, 17), (9, 17), (9, 18), (9, 19), (9, 20), (9, 21), (8, 21), (7, 21), (7, 22), (6, 22), (6, 23), (5, 23), (5, 22), (4, 22), (3, 22), (2, 22), (2, 23), (1, 23), (1, 24), (1, 25), (2, 25), (1, 25), (1, 24), (1, 23), (1, 22), (1, 21), (2, 21), (2, 20), (2, 19), (2, 18), (2, 17), (2, 16), (2, 15), (2, 15)], 1: [(3, 13), (2, 13), (2, 14), (2, 15), (2, 16), (2, 17), (3, 17), (3, 18), (3, 19), (4, 19), (5, 19), (5, 18), (5, 17), (6, 17), (6, 16), (6, 15), (6, 14), (6, 13), (7, 13), (8, 13), (9, 13), (9, 12), (9, 11), (10, 11), (11, 11), (12, 11), (13, 11), (13, 10), (13, 9), (14, 9), (14, 8), (14, 7), (13, 7), (13, 6), (13, 5), (12, 5), (11, 5), (11, 4), (11, 3), (10, 3), (10, 3)], 2: [(29, 6), (28, 6), (27, 6), (27, 5), (27, 4), (27, 3), (26, 3), (25, 3), (24, 3), (23, 3), (22, 3), (21, 3), (21, 2), (21, 1), (20, 1), (19, 1), (18, 1), (18, 2), (18, 3), (17, 3), (17, 2), (16, 2), (15, 2), (14, 2), (13, 2), (13, 3), (12, 3), (11, 3), (11, 4), (11, 5), (10, 5), (9, 5), (9, 6), (8, 6), (7, 6), (6, 6), (6, 7), (6, 8), (6, 9), (6, 10), (6, 10)], 3: [(30, 26), (30, 25), (30, 24), (30, 23), (29, 23), (28, 23), (27, 23), (27, 22), (27, 21), (27, 20), (27, 19), (26, 19), (25, 19), (25, 18), (24, 18), (23, 18), (22, 18), (21, 18), (21, 17), (20, 17), (19, 17), (18, 17), (18, 16), (18, 15), (17, 15), (17, 14), (16, 14), (15, 14), (14, 14), (13, 14), (12, 14), (11, 14), (10, 14), (9, 14), (9, 13), (9, 12), (9, 12)], 4: [(29, 21), (29, 22), (29, 23), (28, 23), (27, 23), (27, 24), (27, 25), (27, 26), (27, 27), (27, 28), (27, 29), (27, 30), (27, 31), (28, 31), (29, 31), (29, 31)]}, 39)