

CBSS-C STATS
starts:[642, 811]
targets:[142, 955, 986, 40, 850, 502, 174, 701, 477, 485]
dests:[46, 604]
ac_dict:{142: {0, 1}, 46: {0}, 604: {1}}
clusters:[2 3 0 7 4 9 8 5 6 1]

round: 1
best_g_value: 111.0
open_list_size: 0
num_low_level_expanded: 251
search_success: 1
search_time: 0.04544507800892461
n_tsp_call: 1
n_tsp_time: 0.030969519008067437
n_roots: 1
num_conflicts: 0
target_assignment: {485: 0, 40: 0, 174: 0, 142: 0, 850: 1, 986: 1, 955: 1, 701: 1, 477: 1, 502: 1}
cluster_target_selection: {1: 485, 7: 40, 8: 174, 2: 142, 4: 850, 0: 986, 3: 955, 5: 701, 6: 477, 9: 502}
num_nodes_transformed_graph: 24
agent_paths:({0: [(2, 20), (2, 19), (3, 19), (4, 19), (5, 19), (5, 18), (5, 17), (6, 17), (6, 16), (6, 15), (5, 15), (5, 14), (5, 13), (5, 12), (5, 11), (5, 10), (5, 9), (6, 9), (6, 8), (6, 7), (6, 6), (6, 5), (6, 4), (6, 3), (6, 2), (6, 1), (7, 1), (8, 1), (9, 1), (10, 1), (11, 1), (11, 2), (11, 3), (12, 3), (13, 3), (14, 3), (14, 4), (14, 5), (14, 4), (14, 3), (14, 2), (14, 1), (14, 1)], 1: [(11, 25), (11, 26), (11, 27), (12, 27), (13, 27), (14, 27), (15, 27), (16, 27), (17, 27), (17, 26), (18, 26), (19, 26), (20, 26), (21, 26), (22, 26), (23, 26), (23, 27), (23, 28), (23, 29), (23, 30), (23, 31), (24, 31), (25, 31), (25, 30), (26, 30), (26, 29), (27, 29), (27, 28), (27, 27), (27, 26), (27, 25), (27, 24), (27, 23), (28, 23), (29, 23), (29, 22), (29, 21), (30, 21), (31, 21), (31, 20), (31, 19), (31, 18), (31, 17), (31, 16), (31, 15), (30, 15), (29, 15), (29, 14), (28, 14), (27, 14), (27, 15), (27, 16), (27, 17), (26, 17), (25, 17), (25, 18), (24, 18), (23, 18), (22, 18), (22, 17), (22, 16), (22, 15), (22, 16), (22, 17), (23, 17), (23, 18), (24, 18), (25, 18), (26, 18), (27, 18), (28, 18), (28, 18)]}, 70)