

CBSS-C STATS
starts:[951, 873, 518]
targets:[467, 119, 555, 763, 50, 66, 1001, 965, 514, 127, 854, 21, 358, 759, 701]
dests:[96, 178, 566]
ac_dict:{467: {0, 1}, 119: {1, 2}, 96: {0}, 178: {1}, 566: {2}}
clusters:[ 8 11  3  7  6  5 12 10  4  2  9  1 13  0 14]

round: 9
best_g_value: 196.0
open_list_size: 14
num_low_level_expanded: 4388
search_success: 1
search_time: 9.810336862006807
n_tsp_call: 54
n_tsp_time: 9.275704073967063
n_roots: 4
num_conflicts: 11
target_assignment: {759: 0, 467: 0, 358: 0, 66: 0, 965: 1, 1001: 1, 854: 1, 763: 1, 701: 1, 127: 1, 119: 1, 21: 1, 50: 1, 514: 2, 555: 2}
cluster_target_selection: {0: 759, 8: 467, 13: 358, 5: 66, 10: 965, 12: 1001, 9: 854, 7: 763, 14: 701, 2: 127, 11: 119, 1: 21, 6: 50, 4: 514, 3: 555}
num_nodes_transformed_graph: 49
agent_paths:({0: [(23, 29), (23, 28), (23, 27), (23, 26), (23, 25), (23, 24), (23, 23), (22, 23), (22, 22), (22, 21), (22, 20), (22, 19), (22, 18), (22, 17), (22, 16), (22, 15), (21, 15), (21, 14), (21, 13), (20, 13), (19, 13), (19, 14), (18, 14), (17, 14), (16, 14), (15, 14), (14, 14), (13, 14), (12, 14), (11, 14), (10, 14), (9, 14), (9, 13), (8, 13), (7, 13), (6, 13), (5, 13), (5, 12), (5, 11), (6, 11), (6, 10), (6, 9), (6, 8), (6, 7), (5, 7), (5, 6), (5, 5), (4, 5), (3, 5), (3, 4), (3, 3), (2, 3), (2, 2), (1, 2), (1, 3), (0, 3), (0, 3)], 1: [(9, 27), (10, 27), (10, 28), (10, 29), (9, 29), (9, 30), (8, 30), (7, 30), (6, 30), (5, 30), (6, 30), (7, 30), (8, 30), (9, 30), (9, 31), (9, 30), (9, 29), (10, 29), (10, 28), (10, 27), (11, 27), (12, 27), (13, 27), (14, 27), (15, 27), (16, 27), (17, 27), (17, 26), (18, 26), (19, 26), (20, 26), (21, 26), (22, 26), (22, 25), (23, 25), (24, 25), (25, 25), (26, 25), (27, 25), (27, 24), (27, 23), (28, 23), (29, 23), (29, 22), (29, 21), (30, 21), (31, 21), (31, 20), (31, 19), (31, 18), (31, 17), (31, 16), (31, 15), (31, 14), (31, 13), (31, 12), (31, 11), (31, 10), (31, 9), (31, 8), (31, 7), (31, 6), (31, 5), (30, 5), (30, 4), (30, 3), (31, 3), (30, 3), (29, 3), (29, 2), (28, 2), (27, 2), (26, 2), (25, 2), (25, 3), (24, 3), (23, 3), (22, 3), (21, 3), (21, 2), (21, 1), (21, 0), (21, 1), (20, 1), (19, 1), (18, 1), (18, 2), (17, 2), (16, 2), (15, 2), (15, 3), (14, 3), (14, 4), (14, 5), (15, 5), (16, 5), (17, 5), (18, 5), (18, 5)], 2: [(6, 16), (6, 17), (5, 17), (5, 18), (5, 19), (4, 19), (3, 19), (2, 19), (2, 18), (2, 17), (2, 16), (2, 17), (3, 17), (3, 18), (3, 19), (4, 19), (5, 19), (5, 18), (6, 18), (7, 18), (8, 18), (9, 18), (9, 17), (10, 17), (11, 17), (11, 16), (11, 15), (11, 15), (11, 15), (11, 15), (11, 14), (12, 14), (13, 14), (14, 14), (15, 14), (16, 14), (17, 14), (18, 14), (18, 15), (18, 16), (18, 17), (19, 17), (20, 17), (21, 17), (22, 17), (22, 17)]}, 97)