

CBSS-C STATS
starts:[366, 852, 837, 813, 41, 198, 706, 460, 343, 711]
targets:[854, 709, 597, 217, 363, 65, 762, 35, 172, 890]
dests:[211, 345, 530, 429, 254, 618, 838, 894, 351, 968]
ac_dict:{854: {0, 1}, 709: {1, 2}, 597: {2, 3}, 217: {3, 4}, 363: {4, 5}, 65: {5, 6}, 762: {6, 7}, 35: {8, 7}, 172: {8, 9}, 211: {0}, 345: {1}, 530: {2}, 429: {3}, 254: {4}, 618: {5}, 838: {6}, 894: {7}, 351: {8}, 968: {9}}
clusters:[0 1 3 3 4 3 1 2 1 4]

round: 17
best_g_value: 264.0
open_list_size: 16
num_low_level_expanded: 8357
search_success: 1
search_time: 3.2701377640478313
n_tsp_call: 14
n_tsp_time: 2.6703361100517213
n_roots: 1
num_conflicts: 16
target_assignment: {217: 4, 35: 7, 854: 1, 890: 1, 709: 2}
cluster_target_selection: {3: 217, 2: 35, 0: 854, 4: 890, 1: 709}
num_nodes_transformed_graph: 48
agent_paths:({0: [(14, 11), (14, 10), (14, 9), (15, 9), (16, 9), (17, 9), (18, 9), (18, 8), (18, 7), (18, 6), (19, 6), (19, 6)], 1: [(20, 26), (21, 26), (22, 26), (23, 26), (23, 25), (24, 25), (25, 25), (26, 25), (26, 26), (26, 27), (26, 26), (26, 25), (27, 25), (27, 24), (27, 23), (27, 22), (27, 21), (27, 20), (27, 19), (27, 18), (27, 17), (27, 16), (27, 15), (27, 14), (27, 13), (27, 12), (27, 11), (26, 11), (25, 11), (25, 10), (25, 10)], 2: [(5, 26), (4, 26), (3, 26), (2, 26), (1, 26), (1, 25), (1, 24), (1, 23), (1, 22), (2, 22), (3, 22), (4, 22), (5, 22), (5, 21), (6, 21), (7, 21), (8, 21), (9, 21), (9, 20), (9, 19), (9, 18), (9, 17), (10, 17), (11, 17), (11, 16), (11, 15), (11, 14), (12, 14), (13, 14), (14, 14), (15, 14), (16, 14), (17, 14), (18, 14), (18, 15), (18, 16), (18, 16)], 3: [(13, 25), (14, 25), (15, 25), (15, 24), (15, 23), (14, 23), (13, 23), (12, 23), (11, 23), (11, 22), (11, 21), (10, 21), (9, 21), (9, 20), (9, 19), (9, 18), (10, 18), (11, 18), (11, 17), (11, 16), (11, 15), (11, 14), (12, 14), (13, 14), (13, 13), (13, 13)], 4: [(9, 1), (10, 1), (11, 1), (11, 2), (11, 3), (12, 3), (13, 3), (14, 3), (14, 4), (14, 5), (15, 5), (16, 5), (17, 5), (18, 5), (18, 6), (18, 7), (19, 7), (20, 7), (21, 7), (22, 7), (23, 7), (23, 8), (23, 9), (24, 9), (25, 9), (25, 8), (25, 7), (25, 6), (26, 6), (27, 6), (28, 6), (29, 6), (30, 6), (30, 7), (30, 7)], 5: [(6, 6), (6, 7), (6, 8), (6, 9), (6, 10), (6, 11), (5, 11), (5, 12), (5, 13), (6, 13), (6, 14), (6, 15), (6, 16), (6, 17), (7, 17), (7, 18), (8, 18), (9, 18), (10, 18), (10, 19), (10, 19)], 6: [(2, 22), (2, 23), (1, 23), (1, 24), (1, 25), (2, 25), (3, 25), (3, 26), (4, 26), (5, 26), (6, 26), (6, 26)], 7: [(12, 14), (11, 14), (10, 14), (9, 14), (9, 13), (9, 12), (9, 11), (9, 10), (9, 9), (8, 9), (7, 9), (6, 9), (6, 8), (6, 7), (5, 7), (5, 6), (5, 5), (4, 5), (3, 5), (3, 4), (3, 3), (3, 2), (3, 1), (3, 2), (3, 3), (3, 4), (3, 5), (4, 5), (5, 5), (6, 5), (6, 6), (6, 7), (6, 8), (6, 9), (7, 9), (8, 9), (9, 9), (9, 10), (9, 11), (9, 12), (9, 13), (10, 13), (11, 13), (11, 14), (12, 14), (13, 14), (14, 14), (15, 14), (16, 14), (17, 14), (18, 14), (19, 14), (19, 13), (20, 13), (21, 13), (22, 13), (22, 14), (22, 15), (22, 16), (22, 17), (23, 17), (23, 18), (24, 18), (25, 18), (26, 18), (27, 18), (27, 19), (27, 20), (27, 21), (27, 22), (27, 23), (28, 23), (29, 23), (30, 23), (30, 24), (30, 25), (30, 26), (30, 27), (30, 27)], 8: [(23, 10), (23, 9), (24, 9), (25, 9), (26, 9), (27, 9), (27, 10), (28, 10), (29, 10), (30, 10), (31, 10), (31, 10)], 9: [(7, 22), (7, 21), (8, 21), (9, 21), (9, 22), (9, 23), (10, 23), (11, 23), (11, 24), (11, 25), (10, 25), (10, 26), (10, 27), (10, 28), (10, 29), (9, 29), (9, 30), (8, 30), (8, 30)]}, 77)