

CBSS-C STATS
starts:[89, 51, 215, 953, 82]
targets:[981, 163, 443, 91, 589, 200, 986, 103, 994, 87, 974, 359, 855, 52, 758, 733, 762, 604, 102, 623]
dests:[290, 314, 534, 949, 1002]
ac_dict:{981: {0, 1}, 163: {1, 2}, 443: {2, 3}, 91: {3, 4}, 290: {0}, 314: {1}, 534: {2}, 949: {3}, 1002: {4}}
clusters:[2 2 6 3 9 9 4 5 2 1 8 0 9 1 1 7 7 2 7 5]

round: 4
best_g_value: 177.0
open_list_size: 3
num_low_level_expanded: 1179
search_success: 1
search_time: 12.172213956713676
n_tsp_call: 15
n_tsp_time: 11.876178176607937
n_roots: 1
num_conflicts: 3
target_assignment: {103: 0, 102: 0, 359: 0, 986: 3, 974: 3, 91: 4, 855: 4, 443: 2, 604: 2, 87: 1}
cluster_target_selection: {5: 103, 7: 102, 0: 359, 4: 986, 8: 974, 3: 91, 9: 855, 6: 443, 2: 604, 1: 87}
num_nodes_transformed_graph: 98
agent_paths:({0: [(25, 2), (25, 3), (24, 3), (23, 3), (22, 3), (21, 3), (21, 2), (21, 1), (20, 1), (19, 1), (18, 1), (17, 1), (17, 2), (16, 2), (15, 2), (14, 2), (13, 2), (13, 3), (12, 3), (11, 3), (10, 3), (9, 3), (9, 2), (9, 1), (8, 1), (7, 1), (7, 2), (7, 3), (6, 3), (6, 4), (6, 5), (6, 6), (6, 7), (6, 8), (6, 9), (7, 9), (7, 10), (7, 11), (6, 11), (5, 11), (5, 10), (4, 10), (3, 10), (2, 10), (2, 9), (2, 9)], 1: [(19, 1), (20, 1), (21, 1), (22, 1), (23, 1), (23, 2), (23, 3), (24, 3), (25, 3), (26, 3), (27, 3), (27, 4), (27, 5), (26, 5), (26, 6), (26, 7), (25, 7), (25, 8), (25, 9), (26, 9), (26, 9)], 2: [(23, 6), (23, 7), (23, 8), (23, 9), (24, 9), (25, 9), (26, 9), (27, 9), (27, 10), (27, 11), (27, 12), (27, 13), (27, 14), (27, 15), (27, 16), (27, 17), (27, 18), (28, 18), (27, 18), (26, 18), (25, 18), (24, 18), (23, 18), (22, 18), (22, 17), (22, 16), (22, 16)], 3: [(25, 29), (26, 29), (26, 30), (25, 30), (25, 31), (24, 31), (23, 31), (22, 31), (21, 31), (20, 31), (19, 31), (18, 31), (17, 31), (16, 31), (15, 31), (14, 31), (14, 30), (15, 30), (15, 31), (16, 31), (17, 31), (18, 31), (19, 31), (20, 31), (21, 31), (21, 30), (21, 29), (21, 29)], 4: [(18, 2), (19, 2), (19, 1), (20, 1), (21, 1), (22, 1), (23, 1), (23, 2), (23, 3), (24, 3), (25, 3), (25, 2), (26, 2), (27, 2), (27, 3), (27, 4), (27, 5), (26, 5), (25, 5), (25, 6), (25, 7), (25, 8), (25, 9), (25, 10), (25, 11), (26, 11), (27, 11), (27, 12), (27, 13), (27, 14), (27, 15), (27, 16), (27, 17), (27, 18), (27, 19), (27, 20), (27, 21), (27, 22), (27, 23), (27, 24), (27, 25), (26, 25), (25, 25), (24, 25), (23, 25), (23, 26), (22, 26), (21, 26), (20, 26), (19, 26), (18, 26), (17, 26), (17, 27), (16, 27), (15, 27), (14, 27), (13, 27), (12, 27), (11, 27), (10, 27), (10, 28), (10, 29), (10, 30), (10, 31), (10, 31)]}, 63)