

CBSS-C STATS
starts:[618, 118, 225, 55, 570]
targets:[178, 934, 183, 477, 241, 867, 751, 170, 861, 994]
dests:[487, 746, 639, 554, 119]
ac_dict:{178: {0, 1}, 934: {1, 2}, 183: {2, 3}, 477: {3, 4}, 487: {0}, 746: {1}, 639: {2}, 554: {3}, 119: {4}}
clusters:[0 1 1 0 1 0 1 1 1 1]

round: 1
best_g_value: 157.0
open_list_size: 0
num_low_level_expanded: 480
search_success: 1
search_time: 0.0780623140744865
n_tsp_call: 1
n_tsp_time: 0.054961323738098145
n_roots: 1
num_conflicts: 0
target_assignment: {477: 4, 751: 1}
cluster_target_selection: {0: 477, 1: 751}
num_nodes_transformed_graph: 29
agent_paths:({0: [(10, 19), (9, 19), (9, 18), (8, 18), (7, 18), (7, 17), (6, 17), (6, 16), (6, 15), (7, 15), (7, 15)], 1: [(22, 3), (23, 3), (24, 3), (25, 3), (26, 3), (27, 3), (27, 4), (27, 5), (26, 5), (25, 5), (25, 6), (25, 7), (25, 8), (25, 9), (24, 9), (23, 9), (22, 9), (22, 10), (22, 11), (22, 12), (22, 13), (22, 14), (22, 15), (22, 16), (22, 17), (22, 18), (22, 19), (22, 20), (22, 21), (21, 21), (20, 21), (19, 21), (18, 21), (17, 21), (17, 22), (16, 22), (15, 22), (15, 23), (14, 23), (13, 23), (12, 23), (11, 23), (10, 23), (10, 23)], 2: [(1, 7), (2, 7), (3, 7), (3, 6), (3, 5), (4, 5), (5, 5), (6, 5), (6, 6), (6, 7), (6, 8), (6, 9), (7, 9), (8, 9), (9, 9), (9, 10), (9, 11), (9, 12), (9, 13), (10, 13), (11, 13), (11, 14), (12, 14), (13, 14), (14, 14), (15, 14), (16, 14), (17, 14), (18, 14), (18, 15), (18, 16), (18, 17), (19, 17), (20, 17), (21, 17), (22, 17), (23, 17), (23, 18), (24, 18), (25, 18), (26, 18), (27, 18), (28, 18), (29, 18), (30, 18), (31, 18), (31, 19), (31, 19)], 3: [(23, 1), (22, 1), (21, 1), (20, 1), (19, 1), (18, 1), (17, 1), (17, 2), (16, 2), (15, 2), (14, 2), (14, 3), (14, 4), (14, 5), (14, 6), (14, 7), (14, 8), (14, 9), (13, 9), (13, 10), (13, 11), (12, 11), (11, 11), (10, 11), (9, 11), (9, 12), (9, 13), (10, 13), (10, 14), (10, 15), (11, 15), (11, 16), (11, 17), (10, 17), (10, 17)], 4: [(26, 17), (27, 17), (27, 16), (27, 15), (27, 14), (28, 14), (29, 14), (28, 14), (27, 14), (27, 13), (27, 12), (27, 11), (26, 11), (25, 11), (25, 10), (25, 9), (25, 8), (25, 7), (25, 6), (25, 5), (26, 5), (27, 5), (27, 4), (27, 3), (26, 3), (25, 3), (24, 3), (23, 3), (23, 3)]}, 46)