

CBSS-C STATS
starts:[685, 190, 295, 455, 293, 435, 161, 13, 825, 885]
targets:[335, 843, 200, 426, 111, 982, 460, 749, 563, 671]
dests:[125, 243, 134, 858, 755, 162, 372, 218, 833, 743]
ac_dict:{335: {0, 1}, 843: {1, 2}, 200: {2, 3}, 426: {3, 4}, 111: {4, 5}, 982: {5, 6}, 460: {6, 7}, 749: {8, 7}, 563: {8, 9}, 125: {0}, 243: {1}, 134: {2}, 858: {3}, 755: {4}, 162: {5}, 372: {6}, 218: {7}, 833: {8}, 743: {9}}
clusters:[4 1 4 2 3 4 1 4 2 0]

round: 1
best_g_value: 278.0
open_list_size: 0
num_low_level_expanded: 807
search_success: 1
search_time: 0.23725148802623153
n_tsp_call: 1
n_tsp_time: 0.19784856028854847
n_roots: 1
num_conflicts: 0
target_assignment: {671: 0, 200: 2, 460: 6, 426: 3, 111: 5}
cluster_target_selection: {0: 671, 4: 200, 1: 460, 2: 426, 3: 111}
num_nodes_transformed_graph: 48
agent_paths:({0: [(13, 21), (14, 21), (15, 21), (15, 22), (16, 22), (17, 22), (17, 21), (18, 21), (19, 21), (20, 21), (21, 21), (22, 21), (22, 20), (22, 19), (23, 19), (23, 18), (24, 18), (25, 18), (26, 18), (27, 18), (28, 18), (29, 18), (30, 18), (31, 18), (31, 19), (31, 20), (31, 19), (31, 18), (31, 17), (31, 16), (31, 15), (31, 14), (31, 13), (31, 12), (31, 11), (31, 10), (31, 9), (31, 8), (31, 7), (30, 7), (30, 6), (30, 5), (30, 4), (30, 3), (29, 3), (29, 3)], 1: [(30, 5), (29, 5), (29, 6), (28, 6), (27, 6), (26, 6), (25, 6), (25, 7), (25, 8), (25, 9), (24, 9), (23, 9), (23, 8), (23, 7), (22, 7), (21, 7), (20, 7), (19, 7), (19, 7)], 2: [(7, 9), (6, 9), (6, 8), (6, 7), (6, 6), (7, 6), (8, 6), (7, 6), (6, 6), (6, 5), (6, 4), (6, 4)], 3: [(7, 14), (7, 13), (8, 13), (9, 13), (10, 13), (11, 13), (11, 14), (12, 14), (13, 14), (14, 14), (15, 14), (16, 14), (17, 14), (18, 14), (18, 15), (18, 16), (18, 17), (19, 17), (20, 17), (21, 17), (22, 17), (22, 18), (22, 19), (22, 20), (22, 21), (23, 21), (23, 22), (23, 23), (23, 24), (23, 25), (24, 25), (25, 25), (26, 25), (26, 26), (26, 26)], 4: [(5, 9), (5, 10), (5, 11), (5, 12), (5, 13), (6, 13), (6, 14), (6, 15), (6, 16), (6, 17), (7, 17), (7, 18), (8, 18), (9, 18), (9, 19), (9, 20), (9, 21), (10, 21), (11, 21), (11, 22), (11, 23), (12, 23), (13, 23), (14, 23), (15, 23), (15, 22), (16, 22), (17, 22), (18, 22), (19, 22), (19, 23), (19, 23)], 5: [(19, 13), (18, 13), (18, 12), (18, 11), (18, 10), (18, 9), (18, 8), (18, 7), (17, 7), (17, 6), (17, 5), (16, 5), (15, 5), (14, 5), (14, 4), (14, 3), (15, 3), (14, 3), (13, 3), (12, 3), (11, 3), (11, 4), (11, 5), (10, 5), (9, 5), (9, 6), (8, 6), (7, 6), (6, 6), (5, 6), (5, 5), (4, 5), (3, 5), (2, 5), (2, 5)], 6: [(1, 5), (2, 5), (3, 5), (4, 5), (5, 5), (6, 5), (6, 6), (6, 7), (6, 8), (6, 9), (7, 9), (8, 9), (9, 9), (9, 10), (9, 11), (9, 12), (9, 13), (10, 13), (11, 13), (11, 14), (12, 14), (13, 14), (14, 14), (15, 14), (16, 14), (17, 14), (17, 13), (18, 13), (18, 12), (18, 11), (19, 11), (20, 11), (20, 11)], 7: [(13, 0), (13, 1), (14, 1), (15, 1), (15, 2), (16, 2), (17, 2), (18, 2), (19, 2), (19, 1), (20, 1), (21, 1), (22, 1), (23, 1), (23, 2), (23, 3), (24, 3), (25, 3), (26, 3), (27, 3), (27, 4), (27, 5), (26, 5), (26, 6), (26, 6)], 8: [(25, 25), (24, 25), (23, 25), (22, 25), (21, 25), (21, 26), (20, 26), (19, 26), (18, 26), (17, 26), (17, 27), (16, 27), (15, 27), (14, 27), (13, 27), (12, 27), (11, 27), (10, 27), (10, 28), (10, 29), (9, 29), (9, 30), (8, 30), (7, 30), (6, 30), (5, 30), (4, 30), (3, 30), (3, 29), (3, 28), (3, 27), (2, 27), (1, 27), (1, 26), (1, 26)], 9: [(21, 27), (21, 26), (20, 26), (19, 26), (18, 26), (17, 26), (17, 25), (17, 24), (17, 23), (17, 22), (16, 22), (15, 22), (14, 22), (13, 22), (13, 23), (12, 23), (11, 23), (10, 23), (9, 23), (9, 22), (9, 21), (8, 21), (7, 21), (7, 22), (7, 23), (7, 23)]}, 44)