

CBSS-C STATS
starts:[741, 978, 87]
targets:[262, 101, 80, 483, 750, 182, 939, 838, 77, 455, 161, 381, 817, 642, 963]
dests:[711, 947, 62]
ac_dict:{262: {0, 1}, 101: {1, 2}, 711: {0}, 947: {1}, 62: {2}}
clusters:[10 11  5  6  7  1  4 13 12  3  0  8  9 14  2]

round: 1
best_g_value: 189.0
open_list_size: 0
num_low_level_expanded: 466
search_success: 1
search_time: 1.7105656740022823
n_tsp_call: 1
n_tsp_time: 1.688343589004944
n_roots: 1
num_conflicts: 0
target_assignment: {80: 2, 77: 2, 182: 2, 381: 2, 817: 1, 750: 1, 455: 1, 101: 1, 161: 1, 262: 1, 483: 1, 642: 1, 838: 1, 963: 1, 939: 1}
cluster_target_selection: {5: 80, 12: 77, 1: 182, 8: 381, 9: 817, 7: 750, 3: 455, 11: 101, 0: 161, 10: 262, 6: 483, 14: 642, 13: 838, 2: 963, 4: 939}
num_nodes_transformed_graph: 49
agent_paths:({0: [(5, 23), (5, 22), (6, 22), (7, 22), (7, 22)], 1: [(18, 30), (18, 29), (18, 28), (18, 27), (17, 27), (17, 26), (17, 25), (17, 24), (17, 23), (17, 22), (16, 22), (15, 22), (14, 22), (14, 23), (13, 23), (12, 23), (11, 23), (10, 23), (9, 23), (9, 22), (9, 21), (9, 20), (9, 19), (9, 18), (8, 18), (7, 18), (7, 17), (6, 17), (6, 16), (6, 15), (6, 14), (7, 14), (6, 14), (5, 14), (5, 13), (5, 12), (5, 11), (5, 10), (5, 9), (6, 9), (6, 8), (6, 7), (6, 6), (6, 5), (6, 4), (6, 3), (5, 3), (6, 3), (6, 4), (6, 5), (5, 5), (4, 5), (3, 5), (2, 5), (1, 5), (2, 5), (3, 5), (4, 5), (5, 5), (6, 5), (6, 6), (6, 7), (6, 8), (6, 9), (5, 9), (5, 10), (5, 11), (5, 12), (5, 13), (5, 14), (5, 15), (6, 15), (6, 16), (6, 17), (5, 17), (5, 18), (5, 19), (4, 19), (3, 19), (3, 18), (3, 17), (2, 17), (2, 16), (2, 15), (3, 15), (2, 15), (2, 16), (2, 17), (2, 18), (2, 19), (2, 20), (2, 21), (2, 22), (2, 23), (1, 23), (1, 24), (1, 25), (2, 25), (3, 25), (3, 26), (4, 26), (5, 26), (6, 26), (5, 26), (4, 26), (3, 26), (3, 27), (3, 28), (3, 29), (3, 30), (4, 30), (5, 30), (6, 30), (7, 30), (8, 30), (9, 30), (9, 29), (10, 29), (11, 29), (10, 29), (10, 28), (10, 27), (11, 27), (12, 27), (13, 27), (14, 27), (15, 27), (16, 27), (17, 27), (18, 27), (18, 28), (18, 29), (19, 29), (19, 29)], 2: [(23, 2), (22, 2), (21, 2), (21, 1), (20, 1), (19, 1), (18, 1), (17, 1), (17, 2), (16, 2), (15, 2), (14, 2), (13, 2), (14, 2), (14, 3), (14, 4), (14, 5), (15, 5), (16, 5), (17, 5), (18, 5), (19, 5), (19, 6), (19, 7), (20, 7), (21, 7), (21, 6), (21, 5), (22, 5), (23, 5), (23, 6), (23, 7), (23, 8), (23, 9), (24, 9), (25, 9), (26, 9), (27, 9), (27, 10), (28, 10), (29, 10), (29, 11), (29, 10), (29, 9), (30, 9), (31, 9), (31, 8), (31, 7), (30, 7), (30, 6), (30, 5), (30, 4), (30, 3), (30, 2), (30, 1), (30, 1)]}, 132)