

CBSS-C STATS
starts:[748, 842, 914, 810, 779]
targets:[982, 598, 710, 501, 564, 939, 601, 475, 158, 431]
dests:[863, 605, 321, 1021, 449]
ac_dict:{982: {0, 1}, 598: {1, 2}, 710: {2, 3}, 501: {3, 4}, 863: {0}, 605: {1}, 321: {2}, 1021: {3}, 449: {4}}
clusters:[2 2 1 2 0 2 4 1 2 3]

round: 2
best_g_value: 159.0
open_list_size: 1
num_low_level_expanded: 532
search_success: 1
search_time: 0.1508561810478568
n_tsp_call: 1
n_tsp_time: 0.12852691626176238
n_roots: 1
num_conflicts: 1
target_assignment: {601: 1, 475: 1, 598: 2, 564: 2, 431: 2}
cluster_target_selection: {4: 601, 1: 475, 2: 598, 0: 564, 3: 431}
num_nodes_transformed_graph: 48
agent_paths:({0: [(12, 23), (13, 23), (14, 23), (15, 23), (15, 22), (16, 22), (17, 22), (17, 23), (17, 24), (17, 25), (18, 25), (19, 25), (19, 26), (20, 26), (21, 26), (22, 26), (23, 26), (23, 25), (24, 25), (25, 25), (26, 25), (27, 25), (27, 24), (27, 23), (28, 23), (29, 23), (30, 23), (30, 24), (30, 25), (31, 25), (31, 26), (31, 26)], 1: [(10, 26), (10, 25), (11, 25), (11, 24), (11, 23), (12, 23), (13, 23), (13, 22), (14, 22), (15, 22), (16, 22), (17, 22), (17, 21), (18, 21), (19, 21), (20, 21), (21, 21), (22, 21), (22, 20), (22, 19), (22, 18), (23, 18), (24, 18), (25, 18), (25, 17), (26, 17), (27, 17), (27, 16), (27, 15), (27, 14), (27, 15), (27, 16), (27, 17), (27, 18), (28, 18), (29, 18), (29, 18)], 2: [(18, 28), (18, 27), (18, 26), (19, 26), (20, 26), (21, 26), (21, 25), (22, 25), (23, 25), (23, 24), (23, 23), (22, 23), (22, 22), (22, 21), (22, 20), (22, 19), (22, 18), (21, 18), (21, 17), (20, 17), (19, 17), (18, 17), (18, 16), (18, 15), (17, 15), (17, 14), (16, 14), (15, 14), (15, 13), (14, 13), (13, 13), (13, 14), (12, 14), (11, 14), (10, 14), (9, 14), (9, 13), (8, 13), (7, 13), (6, 13), (5, 13), (5, 12), (5, 11), (5, 10), (4, 10), (3, 10), (2, 10), (1, 10), (1, 10)], 3: [(10, 25), (11, 25), (11, 26), (11, 27), (12, 27), (13, 27), (14, 27), (15, 27), (16, 27), (17, 27), (18, 27), (18, 28), (18, 29), (19, 29), (19, 30), (19, 31), (20, 31), (21, 31), (22, 31), (23, 31), (24, 31), (25, 31), (26, 31), (27, 31), (28, 31), (29, 31), (29, 31)], 4: [(11, 24), (11, 23), (10, 23), (9, 23), (9, 22), (9, 21), (9, 20), (9, 19), (9, 18), (8, 18), (7, 18), (6, 18), (5, 18), (5, 19), (4, 19), (3, 19), (2, 19), (2, 18), (2, 17), (2, 16), (2, 15), (1, 15), (1, 14), (1, 14)]}, 47)