

CBSS-C STATS
starts:[914, 249, 498, 867, 92]
targets:[122, 63, 637, 1013, 445, 9, 171, 179, 621, 47]
dests:[480, 759, 219, 836, 503]
ac_dict:{122: {0, 1}, 63: {1, 2}, 637: {2, 3}, 1013: {3, 4}, 480: {0}, 759: {1}, 219: {2}, 836: {3}, 503: {4}}
clusters:[1 0 0 0 0 0 0 1 1 1]

round: 1
best_g_value: 111.0
open_list_size: 0
num_low_level_expanded: 311
search_success: 1
search_time: 0.16680098604410887
n_tsp_call: 1
n_tsp_time: 0.14734516199678183
n_roots: 1
num_conflicts: 0
target_assignment: {179: 2, 445: 1}
cluster_target_selection: {1: 179, 0: 445}
num_nodes_transformed_graph: 48
agent_paths:({0: [(18, 28), (18, 27), (17, 27), (16, 27), (15, 27), (14, 27), (13, 27), (12, 27), (11, 27), (11, 26), (11, 25), (11, 24), (11, 23), (10, 23), (9, 23), (9, 22), (9, 21), (9, 20), (9, 19), (9, 18), (8, 18), (7, 18), (6, 18), (5, 18), (5, 19), (4, 19), (3, 19), (2, 19), (2, 18), (2, 17), (2, 16), (2, 15), (1, 15), (0, 15), (0, 15)], 1: [(25, 7), (25, 8), (25, 9), (26, 9), (27, 9), (27, 10), (27, 11), (27, 12), (27, 13), (27, 14), (28, 14), (29, 14), (29, 13), (29, 14), (28, 14), (27, 14), (27, 15), (27, 16), (27, 17), (26, 17), (25, 17), (25, 18), (24, 18), (23, 18), (23, 19), (22, 19), (22, 20), (22, 21), (23, 21), (23, 22), (23, 23), (23, 23)], 2: [(18, 15), (18, 14), (18, 13), (18, 12), (18, 11), (18, 10), (18, 9), (18, 8), (18, 7), (18, 6), (18, 5), (19, 5), (19, 6), (19, 7), (20, 7), (21, 7), (22, 7), (23, 7), (23, 8), (23, 9), (24, 9), (25, 9), (25, 8), (25, 7), (25, 6), (26, 6), (27, 6), (27, 6)], 3: [(3, 27), (3, 26), (4, 26), (4, 26)], 4: [(28, 2), (27, 2), (27, 3), (27, 4), (27, 5), (26, 5), (25, 5), (25, 6), (25, 7), (25, 8), (25, 9), (24, 9), (23, 9), (23, 10), (23, 11), (22, 11), (22, 12), (22, 13), (23, 13), (23, 14), (23, 15), (23, 15)]}, 33)