

CBSS-C STATS
starts:[86, 357, 843, 1010, 815]
targets:[722, 749, 91, 546, 818, 779, 200, 619, 373, 126]
dests:[231, 837, 47, 714, 119]
ac_dict:{722: {0, 1}, 749: {1, 2}, 91: {2, 3}, 546: {3, 4}, 231: {0}, 837: {1}, 47: {2}, 714: {3}, 119: {4}}
clusters:[2 4 2 1 4 1 4 2 3 0]

round: 1
best_g_value: 149.0
open_list_size: 0
num_low_level_expanded: 391
search_success: 1
search_time: 0.07201954023912549
n_tsp_call: 1
n_tsp_time: 0.05338777881115675
n_roots: 1
num_conflicts: 0
target_assignment: {200: 0, 373: 4, 126: 4, 779: 2, 619: 2}
cluster_target_selection: {4: 200, 3: 373, 0: 126, 1: 779, 2: 619}
num_nodes_transformed_graph: 29
agent_paths:({0: [(22, 2), (21, 2), (21, 1), (20, 1), (19, 1), (18, 1), (17, 1), (17, 2), (16, 2), (15, 2), (14, 2), (13, 2), (13, 3), (12, 3), (11, 3), (11, 4), (11, 5), (10, 5), (9, 5), (9, 6), (8, 6), (7, 6), (7, 7), (7, 7)], 1: [(5, 11), (5, 12), (5, 13), (5, 14), (5, 15), (6, 15), (6, 16), (6, 17), (5, 17), (5, 18), (5, 19), (4, 19), (3, 19), (2, 19), (2, 20), (2, 21), (2, 22), (2, 23), (1, 23), (1, 24), (1, 25), (2, 25), (3, 25), (3, 26), (4, 26), (5, 26), (5, 26)], 2: [(11, 26), (11, 25), (11, 24), (11, 23), (11, 22), (11, 21), (10, 21), (9, 21), (9, 20), (9, 19), (10, 19), (11, 19), (11, 18), (11, 17), (11, 16), (11, 15), (11, 14), (11, 13), (10, 13), (9, 13), (9, 12), (9, 11), (10, 11), (11, 11), (12, 11), (13, 11), (13, 10), (13, 9), (14, 9), (14, 8), (14, 7), (14, 6), (14, 5), (14, 4), (14, 3), (14, 2), (14, 1), (15, 1), (15, 1)], 3: [(18, 31), (18, 30), (18, 29), (18, 28), (18, 27), (17, 27), (16, 27), (15, 27), (14, 27), (13, 27), (12, 27), (11, 27), (11, 26), (11, 25), (11, 24), (11, 23), (10, 23), (10, 22), (10, 22)], 4: [(15, 25), (15, 24), (15, 23), (15, 22), (16, 22), (17, 22), (17, 21), (18, 21), (19, 21), (20, 21), (21, 21), (22, 21), (22, 20), (22, 19), (22, 18), (22, 17), (22, 16), (22, 15), (22, 14), (22, 13), (22, 12), (22, 11), (21, 11), (21, 10), (21, 9), (22, 9), (23, 9), (24, 9), (25, 9), (25, 8), (25, 7), (25, 6), (26, 6), (27, 6), (28, 6), (29, 6), (29, 5), (30, 5), (30, 4), (30, 3), (29, 3), (29, 2), (28, 2), (27, 2), (26, 2), (25, 2), (25, 3), (24, 3), (23, 3), (23, 3)]}, 48)