

CBSS-C STATS
starts:[629, 821, 895]
targets:[999, 675, 979, 106, 254, 489, 69, 802, 981, 218, 894, 247, 57, 197, 830]
dests:[226, 225, 235]
ac_dict:{999: {0, 1}, 675: {1, 2}, 226: {0}, 225: {1}, 235: {2}}
clusters:[ 4 13  9  5  6  8 12  1 10  7  2 14  0 11  3]

round: 1
best_g_value: 197.0
open_list_size: 0
num_low_level_expanded: 441
search_success: 1
search_time: 0.06153526199341286
n_tsp_call: 1
n_tsp_time: 0.03940339700784534
n_roots: 1
num_conflicts: 0
target_assignment: {489: 0, 69: 0, 981: 1, 979: 1, 999: 1, 802: 1, 675: 1, 197: 1, 894: 2, 830: 2, 254: 2, 57: 2, 218: 2, 247: 2, 106: 2}
cluster_target_selection: {8: 489, 12: 69, 10: 981, 9: 979, 4: 999, 1: 802, 13: 675, 11: 197, 2: 894, 3: 830, 6: 254, 0: 57, 7: 218, 14: 247, 5: 106}
num_nodes_transformed_graph: 27
agent_paths:({0: [(21, 19), (21, 18), (21, 17), (20, 17), (19, 17), (18, 17), (18, 16), (18, 15), (17, 15), (17, 14), (16, 14), (15, 14), (14, 14), (13, 14), (12, 14), (11, 14), (10, 14), (9, 14), (9, 15), (9, 14), (9, 13), (9, 12), (9, 11), (9, 10), (9, 9), (8, 9), (7, 9), (6, 9), (6, 8), (6, 7), (6, 6), (6, 5), (6, 4), (6, 3), (5, 3), (5, 2), (5, 3), (6, 3), (6, 4), (6, 5), (5, 5), (4, 5), (3, 5), (2, 5), (2, 6), (2, 7), (2, 7)], 1: [(21, 25), (21, 26), (21, 27), (22, 27), (23, 27), (23, 28), (23, 29), (22, 29), (21, 29), (21, 30), (21, 31), (20, 31), (19, 31), (19, 30), (18, 30), (18, 29), (18, 28), (18, 27), (17, 27), (16, 27), (15, 27), (14, 27), (13, 27), (12, 27), (11, 27), (10, 27), (10, 28), (10, 29), (9, 29), (9, 30), (8, 30), (7, 30), (7, 31), (6, 31), (5, 31), (5, 30), (4, 30), (3, 30), (3, 29), (3, 28), (3, 27), (2, 27), (2, 26), (2, 25), (1, 25), (1, 24), (1, 23), (1, 22), (1, 21), (2, 21), (3, 21), (2, 21), (2, 20), (2, 19), (3, 19), (4, 19), (5, 19), (5, 18), (5, 17), (6, 17), (6, 16), (6, 15), (5, 15), (5, 14), (5, 13), (5, 12), (5, 11), (5, 10), (5, 9), (6, 9), (6, 8), (6, 7), (5, 7), (5, 6), (5, 5), (4, 5), (3, 5), (2, 5), (1, 5), (1, 6), (1, 7), (1, 7)], 2: [(31, 27), (30, 27), (30, 26), (30, 25), (30, 24), (30, 23), (30, 22), (30, 21), (31, 21), (31, 20), (31, 19), (31, 18), (31, 17), (31, 16), (31, 15), (31, 14), (31, 13), (31, 12), (31, 11), (31, 10), (31, 9), (31, 8), (31, 7), (30, 7), (29, 7), (29, 6), (28, 6), (27, 6), (27, 5), (27, 4), (27, 3), (26, 3), (25, 3), (25, 2), (25, 1), (26, 1), (26, 2), (26, 3), (27, 3), (27, 4), (27, 5), (26, 5), (26, 6), (25, 6), (25, 7), (25, 8), (25, 9), (24, 9), (23, 9), (23, 8), (23, 7), (22, 7), (21, 7), (20, 7), (19, 7), (18, 7), (17, 7), (17, 6), (17, 5), (16, 5), (15, 5), (14, 5), (13, 5), (12, 5), (11, 5), (11, 4), (11, 3), (10, 3), (11, 3), (11, 4), (11, 5), (11, 6), (11, 7), (11, 7)]}, 80)