

CBSS-C STATS
starts:[499, 330, 711, 459, 102]
targets:[186, 179, 570, 791, 372, 692, 899, 49, 389, 182, 226, 867, 158, 381, 759, 163, 451, 618, 375, 303]
dests:[177, 717, 200, 938, 993]
ac_dict:{186: {0, 1}, 179: {1, 2}, 570: {2, 3}, 791: {3, 4}, 177: {0}, 717: {1}, 200: {2}, 938: {3}, 993: {4}}
clusters:[ 6 18  2 10  4  0  5 14 13  7 19 15  1 17 11 16  8 12  9  3]

round: 1
best_g_value: 253.0
open_list_size: 0
num_low_level_expanded: 602
search_success: 1
search_time: 0.7423143519990845
n_tsp_call: 1
n_tsp_time: 0.714124135003658
n_roots: 1
num_conflicts: 0
target_assignment: {372: 0, 375: 0, 381: 0, 158: 0, 186: 0, 49: 0, 618: 2, 570: 3, 759: 3, 791: 3, 303: 1, 179: 1, 182: 1, 692: 1, 163: 4, 226: 4, 389: 4, 451: 4, 867: 4, 899: 4}
cluster_target_selection: {4: 372, 9: 375, 17: 381, 1: 158, 6: 186, 14: 49, 12: 618, 2: 570, 11: 759, 10: 791, 3: 303, 18: 179, 7: 182, 0: 692, 16: 163, 19: 226, 13: 389, 8: 451, 15: 867, 5: 899}
num_nodes_transformed_graph: 53
agent_paths:({0: [(19, 15), (19, 14), (19, 13), (18, 13), (18, 12), (18, 11), (19, 11), (20, 11), (21, 11), (22, 11), (23, 11), (23, 10), (23, 9), (24, 9), (25, 9), (26, 9), (27, 9), (27, 10), (28, 10), (29, 10), (29, 11), (29, 10), (29, 9), (30, 9), (31, 9), (31, 8), (31, 7), (30, 7), (30, 6), (30, 5), (30, 4), (30, 5), (29, 5), (29, 6), (28, 6), (27, 6), (26, 6), (26, 5), (27, 5), (27, 4), (27, 3), (26, 3), (25, 3), (24, 3), (23, 3), (22, 3), (21, 3), (21, 2), (21, 1), (20, 1), (19, 1), (18, 1), (17, 1), (17, 2), (16, 2), (15, 2), (15, 3), (14, 3), (14, 4), (14, 5), (15, 5), (16, 5), (17, 5), (17, 5)], 1: [(10, 10), (11, 10), (11, 11), (12, 11), (13, 11), (13, 10), (13, 9), (14, 9), (15, 9), (16, 9), (17, 9), (18, 9), (18, 8), (18, 7), (18, 6), (18, 5), (19, 5), (19, 6), (19, 7), (20, 7), (21, 7), (21, 6), (21, 5), (22, 5), (22, 6), (22, 7), (23, 7), (23, 8), (23, 9), (22, 9), (22, 10), (22, 11), (22, 12), (22, 13), (22, 14), (22, 15), (22, 16), (22, 17), (22, 18), (22, 19), (22, 20), (22, 21), (21, 21), (20, 21), (19, 21), (18, 21), (17, 21), (17, 22), (16, 22), (15, 22), (14, 22), (13, 22), (13, 22)], 2: [(7, 22), (7, 21), (8, 21), (9, 21), (9, 20), (9, 19), (10, 19), (10, 18), (10, 17), (11, 17), (11, 16), (11, 15), (10, 15), (9, 15), (9, 14), (9, 13), (9, 12), (9, 11), (9, 10), (9, 9), (8, 9), (7, 9), (6, 9), (6, 8), (6, 7), (6, 6), (7, 6), (8, 6), (8, 6)], 3: [(11, 14), (12, 14), (13, 14), (14, 14), (15, 14), (16, 14), (17, 14), (18, 14), (18, 15), (18, 16), (18, 17), (19, 17), (20, 17), (21, 17), (22, 17), (23, 17), (23, 18), (24, 18), (25, 18), (25, 17), (26, 17), (25, 17), (25, 18), (24, 18), (23, 18), (23, 19), (22, 19), (22, 20), (22, 21), (23, 21), (23, 22), (23, 23), (23, 24), (23, 25), (22, 25), (21, 25), (21, 26), (20, 26), (19, 26), (18, 26), (17, 26), (17, 27), (16, 27), (15, 27), (14, 27), (13, 27), (12, 27), (11, 27), (10, 27), (10, 28), (10, 29), (10, 29)], 4: [(6, 3), (6, 4), (6, 5), (5, 5), (4, 5), (3, 5), (2, 5), (2, 6), (2, 7), (3, 7), (3, 6), (3, 5), (4, 5), (5, 5), (5, 6), (5, 7), (6, 7), (6, 8), (6, 9), (5, 9), (5, 10), (5, 11), (5, 12), (5, 13), (5, 14), (6, 14), (6, 15), (6, 16), (6, 17), (5, 17), (5, 18), (5, 19), (4, 19), (3, 19), (3, 18), (3, 17), (2, 17), (2, 16), (2, 15), (2, 14), (3, 14), (3, 15), (2, 15), (2, 16), (2, 17), (2, 18), (2, 19), (2, 20), (2, 21), (2, 22), (2, 23), (1, 23), (1, 24), (1, 25), (2, 25), (3, 25), (3, 26), (3, 27), (3, 28), (3, 29), (2, 29), (1, 29), (1, 30), (1, 31), (1, 31)]}, 63)