

CBSS-C STATS
starts:[217, 649, 458]
targets:[551, 746, 318, 871, 437, 93, 1012, 438, 466, 21, 389, 863, 637, 330, 967]
dests:[487, 895, 476]
ac_dict:{551: {0, 1}, 746: {1, 2}, 487: {0}, 895: {1}, 476: {2}}
clusters:[ 1 14 13  9 10 11  2  3  7  0 12  4  8  6  5]

round: 1
best_g_value: 196.0
open_list_size: 0
num_low_level_expanded: 512
search_success: 1
search_time: 0.07253094199404586
n_tsp_call: 1
n_tsp_time: 0.05238946300232783
n_roots: 1
num_conflicts: 0
target_assignment: {438: 0, 437: 0, 466: 0, 389: 0, 551: 0, 330: 2, 21: 2, 93: 2, 318: 2, 746: 1, 871: 1, 967: 1, 1012: 1, 637: 1, 863: 1}
cluster_target_selection: {3: 438, 10: 437, 7: 466, 12: 389, 1: 551, 6: 330, 0: 21, 11: 93, 13: 318, 14: 746, 9: 871, 5: 967, 2: 1012, 8: 637, 4: 863}
num_nodes_transformed_graph: 24
agent_paths:({0: [(25, 6), (25, 7), (25, 8), (25, 9), (24, 9), (23, 9), (22, 9), (22, 10), (22, 11), (22, 12), (22, 13), (21, 13), (20, 13), (19, 13), (18, 13), (18, 14), (17, 14), (16, 14), (15, 14), (14, 14), (13, 14), (12, 14), (11, 14), (10, 14), (9, 14), (9, 13), (8, 13), (7, 13), (6, 13), (5, 13), (5, 12), (5, 13), (6, 13), (6, 14), (6, 15), (6, 16), (6, 17), (7, 17), (6, 17), (6, 16), (6, 15), (7, 15), (7, 15)], 1: [(9, 20), (9, 21), (10, 21), (10, 22), (10, 23), (9, 23), (9, 22), (9, 21), (8, 21), (7, 21), (7, 22), (6, 22), (5, 22), (4, 22), (3, 22), (3, 23), (2, 23), (1, 23), (1, 24), (1, 25), (2, 25), (3, 25), (3, 26), (4, 26), (5, 26), (6, 26), (7, 26), (7, 27), (6, 27), (5, 27), (5, 26), (4, 26), (3, 26), (3, 27), (3, 28), (3, 29), (3, 30), (4, 30), (5, 30), (6, 30), (7, 30), (8, 30), (9, 30), (10, 30), (10, 29), (10, 28), (10, 27), (11, 27), (12, 27), (13, 27), (14, 27), (15, 27), (16, 27), (17, 27), (18, 27), (18, 28), (18, 29), (19, 29), (19, 30), (19, 31), (20, 31), (21, 31), (21, 30), (21, 29), (22, 29), (23, 29), (23, 28), (23, 27), (23, 26), (23, 25), (24, 25), (25, 25), (26, 25), (27, 25), (27, 24), (27, 23), (27, 22), (27, 21), (27, 20), (27, 19), (27, 18), (28, 18), (29, 18), (29, 19), (30, 19), (31, 19), (31, 20), (31, 21), (31, 22), (31, 23), (30, 23), (30, 24), (30, 25), (31, 25), (31, 26), (31, 27), (31, 27)], 2: [(10, 14), (10, 13), (9, 13), (9, 12), (9, 11), (9, 10), (10, 10), (11, 10), (11, 11), (12, 11), (13, 11), (13, 10), (13, 9), (14, 9), (14, 8), (14, 7), (14, 6), (14, 5), (14, 4), (14, 3), (14, 2), (15, 2), (16, 2), (17, 2), (17, 1), (18, 1), (19, 1), (20, 1), (21, 1), (21, 0), (21, 1), (22, 1), (23, 1), (23, 2), (23, 3), (24, 3), (25, 3), (25, 2), (26, 2), (27, 2), (28, 2), (29, 2), (30, 2), (30, 3), (30, 4), (30, 5), (30, 6), (30, 7), (31, 7), (31, 8), (31, 9), (30, 9), (29, 9), (29, 10), (28, 10), (27, 10), (27, 11), (27, 12), (27, 13), (27, 14), (28, 14), (28, 14)]}, 95)