

CBSS-C STATS
starts:[523, 40]
targets:[613, 581, 127, 929, 125, 446, 637, 183, 983, 306]
dests:[677, 822]
ac_dict:{613: {0, 1}, 677: {0}, 822: {1}}
clusters:[9 2 7 8 4 6 5 1 0 3]

round: 1
best_g_value: 137.0
open_list_size: 0
num_low_level_expanded: 315
search_success: 1
search_time: 0.02847418600867968
n_tsp_call: 1
n_tsp_time: 0.01560800799052231
n_roots: 1
num_conflicts: 0
target_assignment: {581: 0, 613: 0, 929: 0, 306: 1, 183: 1, 127: 1, 125: 1, 446: 1, 637: 1, 983: 1}
cluster_target_selection: {2: 581, 9: 613, 8: 929, 3: 306, 1: 183, 7: 127, 4: 125, 6: 446, 5: 637, 0: 983}
num_nodes_transformed_graph: 14
agent_paths:({0: [(11, 16), (11, 17), (10, 17), (9, 17), (9, 18), (8, 18), (7, 18), (6, 18), (5, 18), (5, 19), (4, 19), (3, 19), (2, 19), (2, 20), (2, 21), (1, 21), (1, 22), (1, 23), (1, 24), (1, 25), (1, 26), (1, 27), (2, 27), (3, 27), (3, 28), (3, 29), (2, 29), (1, 29), (2, 29), (3, 29), (3, 28), (3, 27), (3, 26), (3, 25), (2, 25), (1, 25), (1, 24), (1, 23), (1, 22), (2, 22), (3, 22), (4, 22), (5, 22), (5, 21), (5, 21)], 1: [(8, 1), (9, 1), (10, 1), (11, 1), (11, 2), (11, 3), (12, 3), (13, 3), (14, 3), (14, 4), (14, 5), (15, 5), (16, 5), (17, 5), (18, 5), (18, 6), (18, 7), (18, 8), (18, 9), (18, 8), (18, 7), (19, 7), (20, 7), (21, 7), (21, 6), (21, 5), (22, 5), (23, 5), (23, 6), (23, 7), (23, 8), (23, 9), (24, 9), (25, 9), (25, 8), (25, 7), (25, 6), (26, 6), (27, 6), (28, 6), (29, 6), (29, 5), (30, 5), (30, 4), (30, 3), (31, 3), (30, 3), (29, 3), (30, 3), (30, 4), (30, 5), (30, 6), (30, 7), (31, 7), (31, 8), (31, 9), (31, 10), (31, 11), (31, 12), (31, 13), (30, 13), (30, 14), (30, 15), (31, 15), (31, 16), (31, 17), (30, 17), (29, 17), (29, 18), (29, 19), (29, 18), (28, 18), (27, 18), (27, 19), (27, 20), (27, 21), (27, 22), (27, 23), (27, 24), (27, 25), (26, 25), (25, 25), (24, 25), (23, 25), (23, 26), (23, 27), (23, 28), (23, 29), (23, 30), (23, 29), (23, 28), (23, 27), (22, 27), (22, 26), (22, 25), (22, 25)]}, 94)