

CBSS-C STATS
starts:[795, 682, 142, 453, 52]
targets:[718, 971, 833, 363, 722, 638, 134, 423, 875, 21]
dests:[609, 961, 79, 466, 694]
ac_dict:{718: {0, 1}, 971: {1, 2}, 833: {2, 3}, 363: {3, 4}, 609: {0}, 961: {1}, 79: {2}, 466: {3}, 694: {4}}
clusters:[1 0 1 0 1 1 1 1 1 1]

round: 1
best_g_value: 111.0
open_list_size: 0
num_low_level_expanded: 239
search_success: 1
search_time: 0.06931662280112505
n_tsp_call: 1
n_tsp_time: 0.05618539499118924
n_roots: 1
num_conflicts: 0
target_assignment: {722: 0, 971: 1}
cluster_target_selection: {1: 722, 0: 971}
num_nodes_transformed_graph: 29
agent_paths:({0: [(27, 24), (27, 25), (26, 25), (25, 25), (24, 25), (23, 25), (23, 24), (23, 23), (22, 23), (21, 23), (21, 22), (21, 21), (20, 21), (19, 21), (18, 21), (18, 22), (17, 22), (16, 22), (15, 22), (14, 22), (13, 22), (13, 23), (12, 23), (11, 23), (10, 23), (9, 23), (9, 22), (9, 21), (8, 21), (7, 21), (6, 21), (5, 21), (5, 22), (4, 22), (3, 22), (2, 22), (2, 21), (2, 20), (2, 19), (1, 19), (1, 19)], 1: [(10, 21), (11, 21), (11, 22), (11, 23), (11, 24), (11, 25), (11, 26), (11, 27), (10, 27), (10, 28), (10, 29), (11, 29), (11, 30), (10, 30), (9, 30), (8, 30), (7, 30), (6, 30), (5, 30), (4, 30), (3, 30), (2, 30), (1, 30), (1, 30)], 2: [(14, 4), (14, 3), (14, 2), (15, 2), (15, 2)], 3: [(5, 14), (6, 14), (7, 14), (7, 13), (8, 13), (9, 13), (10, 13), (11, 13), (11, 14), (12, 14), (13, 14), (14, 14), (15, 14), (16, 14), (17, 14), (18, 14), (18, 14)], 4: [(20, 1), (21, 1), (22, 1), (22, 2), (22, 3), (23, 3), (24, 3), (25, 3), (26, 3), (27, 3), (27, 4), (27, 5), (26, 5), (25, 5), (25, 6), (25, 7), (25, 8), (25, 9), (24, 9), (23, 9), (22, 9), (22, 10), (22, 11), (22, 12), (22, 13), (22, 14), (22, 15), (22, 16), (22, 17), (22, 18), (22, 19), (22, 20), (22, 21), (22, 21)]}, 39)