

CBSS-C STATS
starts:[215, 346, 298, 603, 182]
targets:[195, 46, 507, 731, 817, 427, 863, 720, 312, 807, 850, 85, 93, 849, 834, 583, 341, 505, 425, 222]
dests:[333, 502, 289, 949, 547]
ac_dict:{195: {0, 1}, 46: {1, 2}, 507: {2, 3}, 731: {3, 4}, 333: {0}, 502: {1}, 289: {2}, 949: {3}, 547: {4}}
clusters:[0 7 2 6 4 0 5 1 0 5 8 9 3 5 4 1 6 6 7 5]

round: 6
best_g_value: 147.0
open_list_size: 5
num_low_level_expanded: 831
search_success: 1
search_time: 5.229324325919151
n_tsp_call: 15
n_tsp_time: 5.083769531920552
n_roots: 1
num_conflicts: 5
target_assignment: {85: 1, 93: 1, 312: 1, 507: 3, 731: 3, 850: 3, 849: 3, 817: 3, 425: 4, 583: 4}
cluster_target_selection: {9: 85, 3: 93, 0: 312, 2: 507, 6: 731, 8: 850, 5: 849, 4: 817, 7: 425, 1: 583}
num_nodes_transformed_graph: 54
agent_paths:({0: [(23, 6), (22, 6), (22, 7), (22, 7), (21, 7), (20, 7), (19, 7), (18, 7), (18, 8), (18, 9), (17, 9), (16, 9), (15, 9), (14, 9), (13, 9), (13, 10), (13, 10)], 1: [(26, 10), (25, 10), (25, 9), (25, 8), (25, 7), (25, 6), (25, 5), (26, 5), (27, 5), (27, 4), (27, 3), (26, 3), (25, 3), (24, 3), (23, 3), (22, 3), (21, 3), (21, 2), (22, 2), (23, 2), (23, 3), (24, 3), (25, 3), (25, 2), (26, 2), (27, 2), (28, 2), (29, 2), (28, 2), (27, 2), (27, 3), (27, 4), (27, 5), (26, 5), (25, 5), (25, 6), (25, 7), (25, 8), (25, 9), (24, 9), (23, 9), (22, 9), (22, 10), (22, 11), (22, 12), (22, 13), (22, 14), (22, 15), (22, 15)], 2: [(10, 9), (9, 9), (8, 9), (7, 9), (6, 9), (5, 9), (5, 10), (4, 10), (3, 10), (2, 10), (1, 10), (1, 9), (1, 9)], 3: [(27, 18), (27, 17), (27, 16), (27, 15), (27, 16), (27, 17), (27, 18), (27, 19), (27, 20), (27, 21), (27, 22), (27, 23), (27, 24), (27, 25), (26, 25), (25, 25), (24, 25), (23, 25), (22, 25), (21, 25), (21, 26), (20, 26), (19, 26), (18, 26), (17, 26), (17, 25), (18, 25), (19, 25), (19, 26), (20, 26), (21, 26), (21, 27), (22, 27), (23, 27), (23, 28), (23, 29), (22, 29), (21, 29), (21, 29)], 4: [(22, 5), (21, 5), (21, 6), (21, 7), (20, 7), (19, 7), (18, 7), (18, 8), (18, 9), (17, 9), (16, 9), (15, 9), (14, 9), (13, 9), (13, 10), (13, 11), (12, 11), (11, 11), (10, 11), (9, 11), (9, 12), (9, 13), (8, 13), (7, 13), (7, 14), (7, 15), (6, 15), (6, 16), (6, 17), (7, 17), (7, 18), (6, 18), (5, 18), (5, 19), (4, 19), (3, 19), (3, 18), (3, 17), (3, 17)]}, 47)