

CBSS-C STATS
starts:[312, 759, 65, 279, 617]
targets:[997, 826, 102, 1020, 545, 906, 769, 291, 458, 1001]
dests:[493, 845, 1006, 638, 675]
ac_dict:{997: {0, 1}, 826: {1, 2}, 102: {2, 3}, 1020: {3, 4}, 493: {0}, 845: {1}, 1006: {2}, 638: {3}, 675: {4}}
clusters:[4 3 2 4 1 3 0 0 2 4]

round: 3
best_g_value: 143.0
open_list_size: 2
num_low_level_expanded: 505
search_success: 1
search_time: 0.6811221269890666
n_tsp_call: 8
n_tsp_time: 0.5503340810537338
n_roots: 1
num_conflicts: 2
target_assignment: {291: 2, 458: 2, 1001: 2, 906: 2, 545: 4}
cluster_target_selection: {0: 291, 2: 458, 4: 1001, 3: 906, 1: 545}
num_nodes_transformed_graph: 29
agent_paths:({0: [(24, 9), (23, 9), (22, 9), (21, 9), (21, 10), (21, 11), (20, 11), (19, 11), (18, 11), (18, 12), (18, 13), (17, 13), (17, 14), (16, 14), (15, 14), (14, 14), (13, 14), (13, 15), (13, 15)], 1: [(23, 23), (23, 24), (23, 25), (22, 25), (21, 25), (21, 26), (20, 26), (19, 26), (18, 26), (17, 26), (17, 27), (16, 27), (15, 27), (14, 27), (13, 27), (13, 26), (13, 26)], 2: [(1, 2), (2, 2), (3, 2), (3, 3), (3, 4), (3, 5), (4, 5), (5, 5), (5, 6), (5, 7), (6, 7), (6, 8), (6, 9), (5, 9), (5, 10), (4, 10), (3, 10), (3, 9), (3, 10), (4, 10), (5, 10), (5, 11), (5, 12), (5, 13), (6, 13), (7, 13), (8, 13), (9, 13), (10, 13), (10, 14), (10, 15), (11, 15), (11, 16), (11, 17), (10, 17), (9, 17), (9, 18), (9, 19), (9, 20), (9, 21), (9, 22), (9, 23), (10, 23), (11, 23), (11, 24), (11, 25), (10, 25), (10, 26), (10, 27), (10, 28), (10, 29), (9, 29), (9, 30), (9, 31), (9, 30), (9, 29), (10, 29), (10, 28), (10, 27), (11, 27), (12, 27), (13, 27), (14, 27), (15, 27), (16, 27), (17, 27), (18, 27), (18, 28), (18, 29), (17, 29), (17, 30), (17, 31), (16, 31), (15, 31), (14, 31), (14, 31)], 3: [(23, 8), (23, 8), (23, 9), (24, 9), (25, 9), (26, 9), (27, 9), (27, 10), (27, 11), (27, 12), (27, 13), (27, 14), (27, 15), (27, 16), (27, 17), (27, 18), (28, 18), (29, 18), (30, 18), (30, 19), (30, 19)], 4: [(9, 19), (9, 18), (8, 18), (7, 18), (6, 18), (5, 18), (5, 19), (4, 19), (3, 19), (2, 19), (1, 19), (1, 18), (1, 17), (2, 17), (2, 18), (2, 19), (2, 20), (2, 21), (3, 21), (3, 21)]}, 74)