

CBSS-C STATS
starts:[424, 293, 511, 249, 859]
targets:[694, 354, 367, 193, 779, 577, 957, 801, 928, 614, 123, 721, 297, 501, 462, 94, 304, 981, 863, 166]
dests:[317, 825, 1008, 83, 544]
ac_dict:{694: {0, 1}, 354: {1, 2}, 367: {2, 3}, 193: {3, 4}, 317: {0}, 825: {1}, 1008: {2}, 83: {3}, 544: {4}}
clusters:[8 5 7 3 5 4 1 2 3 0 8 9 5 0 6 7 3 0 0 6]

round: 1
best_g_value: 175.0
open_list_size: 0
num_low_level_expanded: 401
search_success: 1
search_time: 0.2552964771166444
n_tsp_call: 1
n_tsp_time: 0.23067920189350843
n_roots: 1
num_conflicts: 0
target_assignment: {304: 0, 721: 4, 801: 4, 577: 4, 863: 2, 957: 2, 297: 1, 462: 1, 694: 1, 94: 3}
cluster_target_selection: {3: 304, 9: 721, 2: 801, 4: 577, 0: 863, 1: 957, 5: 297, 6: 462, 8: 694, 7: 94}
num_nodes_transformed_graph: 53
agent_paths:({0: [(8, 13), (9, 13), (9, 12), (9, 11), (10, 11), (11, 11), (12, 11), (13, 11), (13, 10), (13, 9), (14, 9), (15, 9), (16, 9), (17, 9), (18, 9), (19, 9), (19, 10), (19, 11), (20, 11), (21, 11), (21, 10), (21, 9), (22, 9), (23, 9), (24, 9), (25, 9), (26, 9), (27, 9), (27, 10), (28, 10), (29, 10), (29, 9), (29, 9)], 1: [(5, 9), (6, 9), (7, 9), (8, 9), (9, 9), (9, 10), (9, 11), (9, 12), (9, 13), (10, 13), (11, 13), (11, 14), (12, 14), (13, 14), (14, 14), (15, 14), (16, 14), (17, 14), (18, 14), (18, 15), (18, 16), (18, 17), (19, 17), (20, 17), (21, 17), (22, 17), (22, 18), (22, 19), (22, 20), (22, 21), (23, 21), (23, 22), (23, 23), (23, 24), (23, 25), (24, 25), (25, 25), (25, 25)], 2: [(31, 15), (31, 16), (31, 17), (31, 18), (31, 19), (31, 20), (31, 21), (31, 22), (31, 23), (30, 23), (30, 24), (30, 25), (31, 25), (31, 26), (31, 27), (31, 28), (31, 29), (30, 29), (29, 29), (29, 30), (29, 31), (28, 31), (27, 31), (26, 31), (25, 31), (24, 31), (23, 31), (22, 31), (21, 31), (20, 31), (19, 31), (18, 31), (17, 31), (16, 31), (16, 31)], 3: [(25, 7), (25, 6), (25, 5), (26, 5), (27, 5), (27, 4), (27, 3), (27, 2), (28, 2), (29, 2), (30, 2), (29, 2), (28, 2), (27, 2), (26, 2), (25, 2), (25, 3), (24, 3), (23, 3), (22, 3), (21, 3), (21, 2), (21, 1), (20, 1), (19, 1), (19, 2), (19, 2)], 4: [(27, 26), (26, 26), (25, 26), (25, 25), (24, 25), (23, 25), (23, 24), (23, 23), (22, 23), (21, 23), (21, 22), (21, 21), (20, 21), (19, 21), (18, 21), (17, 21), (17, 22), (16, 22), (15, 22), (14, 22), (13, 22), (13, 23), (12, 23), (11, 23), (10, 23), (9, 23), (9, 22), (9, 21), (8, 21), (7, 21), (6, 21), (5, 21), (5, 22), (4, 22), (3, 22), (2, 22), (1, 22), (1, 23), (1, 24), (1, 25), (1, 24), (1, 23), (1, 22), (1, 21), (2, 21), (2, 20), (2, 19), (1, 19), (1, 18), (1, 17), (0, 17), (0, 17)]}, 50)