

CBSS-C STATS
starts:[479, 567, 1001, 321, 233]
targets:[142, 55, 383, 361, 1012, 57, 938, 198, 298, 662, 438, 612, 609, 34, 357, 433, 453, 70, 714, 562]
dests:[374, 3, 13, 959, 211]
ac_dict:{142: {0, 1}, 55: {1, 2}, 383: {2, 3}, 361: {3, 4}, 374: {0}, 3: {1}, 13: {2}, 959: {3}, 211: {4}}
clusters:[15 17 12 11 10  2 14 13  0  3  4  6  5  7  9 19  8 16  1 18]

round: 1
best_g_value: 240.0
open_list_size: 0
num_low_level_expanded: 577
search_success: 1
search_time: 2.8210889359907014
n_tsp_call: 1
n_tsp_time: 2.777726247004466
n_roots: 1
num_conflicts: 0
target_assignment: {438: 0, 562: 1, 433: 1, 142: 1, 70: 1, 198: 1, 34: 1, 938: 2, 662: 2, 383: 2, 57: 2, 55: 2, 357: 3, 298: 3, 361: 3, 453: 3, 612: 3, 609: 3, 714: 3, 1012: 3}
cluster_target_selection: {4: 438, 18: 562, 19: 433, 15: 142, 16: 70, 13: 198, 7: 34, 14: 938, 3: 662, 12: 383, 2: 57, 17: 55, 9: 357, 0: 298, 11: 361, 8: 453, 6: 612, 5: 609, 1: 714, 10: 1012}
num_nodes_transformed_graph: 98
agent_paths:({0: [(31, 14), (30, 14), (29, 14), (28, 14), (27, 14), (27, 13), (27, 12), (27, 11), (26, 11), (25, 11), (25, 10), (25, 9), (24, 9), (23, 9), (22, 9), (22, 10), (22, 11), (22, 12), (22, 13), (22, 12), (22, 11), (22, 11)], 1: [(23, 17), (22, 17), (21, 17), (20, 17), (19, 17), (18, 17), (18, 16), (18, 15), (17, 15), (17, 14), (17, 13), (18, 13), (18, 12), (18, 11), (17, 11), (17, 10), (17, 9), (16, 9), (15, 9), (14, 9), (14, 8), (14, 7), (14, 6), (14, 5), (14, 4), (14, 3), (13, 3), (12, 3), (11, 3), (10, 3), (9, 3), (9, 2), (9, 1), (8, 1), (7, 1), (6, 1), (6, 2), (6, 3), (6, 4), (6, 5), (6, 6), (5, 6), (5, 5), (4, 5), (3, 5), (3, 4), (3, 3), (2, 3), (2, 2), (2, 1), (3, 1), (3, 0), (3, 0)], 2: [(9, 31), (9, 30), (9, 29), (10, 29), (10, 28), (10, 27), (10, 26), (10, 25), (11, 25), (11, 24), (11, 23), (12, 23), (13, 23), (13, 22), (14, 22), (15, 22), (16, 22), (17, 22), (17, 21), (18, 21), (19, 21), (20, 21), (21, 21), (22, 21), (22, 20), (22, 19), (22, 18), (23, 18), (24, 18), (25, 18), (25, 17), (26, 17), (27, 17), (27, 16), (27, 15), (27, 14), (28, 14), (29, 14), (29, 13), (30, 13), (31, 13), (31, 12), (31, 11), (31, 10), (31, 9), (31, 8), (31, 7), (30, 7), (29, 7), (29, 6), (28, 6), (27, 6), (27, 5), (27, 4), (27, 3), (26, 3), (25, 3), (25, 2), (25, 1), (25, 2), (25, 3), (24, 3), (23, 3), (23, 2), (23, 1), (22, 1), (21, 1), (20, 1), (19, 1), (18, 1), (17, 1), (17, 2), (16, 2), (15, 2), (14, 2), (13, 2), (13, 1), (13, 0), (13, 0)], 3: [(1, 10), (2, 10), (3, 10), (4, 10), (5, 10), (5, 11), (5, 10), (5, 9), (6, 9), (7, 9), (8, 9), (9, 9), (10, 9), (9, 9), (9, 10), (9, 11), (9, 12), (9, 13), (8, 13), (7, 13), (6, 13), (5, 13), (5, 14), (5, 15), (6, 15), (6, 16), (6, 17), (5, 17), (5, 18), (5, 19), (4, 19), (3, 19), (2, 19), (1, 19), (2, 19), (2, 20), (2, 21), (3, 21), (3, 22), (4, 22), (5, 22), (6, 22), (7, 22), (7, 21), (8, 21), (9, 21), (10, 21), (10, 22), (11, 22), (11, 23), (12, 23), (13, 23), (14, 23), (15, 23), (15, 24), (15, 25), (15, 26), (15, 27), (16, 27), (17, 27), (18, 27), (18, 28), (18, 29), (19, 29), (19, 30), (19, 31), (20, 31), (21, 31), (22, 31), (23, 31), (24, 31), (25, 31), (26, 31), (27, 31), (28, 31), (29, 31), (29, 30), (29, 29), (30, 29), (31, 29), (31, 29)], 4: [(9, 7), (9, 6), (10, 6), (11, 6), (11, 5), (12, 5), (13, 5), (14, 5), (15, 5), (16, 5), (17, 5), (18, 5), (19, 5), (19, 6), (19, 6)]}, 79)