

CBSS-C STATS
starts:[382, 998, 571, 1001, 566]
targets:[802, 178, 161, 834, 458, 114, 102, 698, 719, 173]
dests:[630, 491, 557, 745, 678]
ac_dict:{802: {0, 1}, 178: {1, 2}, 161: {2, 3}, 834: {3, 4}, 630: {0}, 491: {1}, 557: {2}, 745: {3}, 678: {4}}
clusters:[1 1 0 0 0 0 1 0 0 1]

round: 2
best_g_value: 103.0
open_list_size: 1
num_low_level_expanded: 384
search_success: 1
search_time: 0.06183358887210488
n_tsp_call: 1
n_tsp_time: 0.04486426059156656
n_roots: 1
num_conflicts: 1
target_assignment: {802: 1, 719: 4}
cluster_target_selection: {1: 802, 0: 719}
num_nodes_transformed_graph: 29
agent_paths:({0: [(30, 11), (29, 11), (29, 10), (28, 10), (27, 10), (27, 11), (27, 12), (27, 13), (27, 14), (27, 15), (27, 16), (27, 17), (26, 17), (25, 17), (25, 18), (24, 18), (23, 18), (22, 18), (22, 19), (22, 19)], 1: [(6, 31), (5, 31), (5, 30), (4, 30), (3, 30), (3, 29), (3, 28), (3, 27), (2, 27), (2, 26), (2, 25), (1, 25), (1, 24), (1, 23), (1, 22), (1, 21), (2, 21), (2, 20), (2, 19), (3, 19), (4, 19), (5, 19), (5, 18), (6, 18), (7, 18), (8, 18), (9, 18), (9, 17), (10, 17), (11, 17), (11, 16), (11, 15), (11, 15)], 2: [(27, 17), (26, 17), (25, 17), (25, 18), (24, 18), (23, 18), (22, 18), (21, 18), (21, 17), (20, 17), (19, 17), (18, 17), (17, 17), (17, 18), (16, 18), (15, 18), (14, 18), (13, 18), (13, 17), (13, 17)], 3: [(9, 31), (9, 30), (9, 29), (10, 29), (10, 28), (10, 27), (10, 26), (10, 25), (11, 25), (11, 24), (11, 23), (10, 23), (9, 23), (9, 23)], 4: [(22, 17), (22, 18), (22, 19), (22, 20), (22, 21), (21, 21), (20, 21), (19, 21), (18, 21), (17, 21), (17, 22), (16, 22), (15, 22), (14, 22), (13, 22), (13, 23), (12, 23), (11, 23), (10, 23), (10, 22), (9, 22), (9, 21), (8, 21), (7, 21), (6, 21), (6, 21)]}, 31)