

CBSS-C STATS
starts:[506, 251, 544]
targets:[495, 165, 434, 478, 361, 454, 210, 477, 751, 411, 633, 914, 955, 839, 501]
dests:[730, 481, 1023]
ac_dict:{495: {0, 1}, 165: {1, 2}, 730: {0}, 481: {1}, 1023: {2}}
clusters:[ 0 11  8 14  2 13  4  3  5 12 10  6  7  1  9]

round: 1
best_g_value: 180.0
open_list_size: 0
num_low_level_expanded: 408
search_success: 1
search_time: 0.07596960400405806
n_tsp_call: 1
n_tsp_time: 0.05572752498846967
n_roots: 1
num_conflicts: 0
target_assignment: {477: 0, 478: 0, 411: 0, 633: 0, 839: 2, 751: 2, 914: 2, 955: 2, 210: 1, 434: 1, 501: 1, 495: 1, 361: 1, 165: 1, 454: 1}
cluster_target_selection: {3: 477, 14: 478, 12: 411, 10: 633, 1: 839, 5: 751, 6: 914, 7: 955, 4: 210, 8: 434, 9: 501, 0: 495, 2: 361, 11: 165, 13: 454}
num_nodes_transformed_graph: 24
agent_paths:({0: [(26, 15), (26, 14), (27, 14), (28, 14), (29, 14), (30, 14), (29, 14), (28, 14), (27, 14), (27, 13), (27, 12), (27, 13), (27, 14), (27, 15), (27, 16), (27, 17), (26, 17), (25, 17), (25, 18), (25, 19), (26, 19), (27, 19), (27, 20), (27, 21), (26, 21), (26, 22), (26, 22)], 1: [(27, 7), (26, 7), (25, 7), (25, 8), (25, 9), (24, 9), (23, 9), (23, 8), (23, 7), (22, 7), (21, 7), (20, 7), (19, 7), (18, 7), (18, 6), (18, 7), (18, 8), (18, 9), (18, 10), (18, 11), (18, 12), (18, 13), (19, 13), (20, 13), (21, 13), (21, 14), (21, 15), (21, 14), (21, 13), (20, 13), (19, 13), (18, 13), (17, 13), (17, 14), (16, 14), (15, 14), (15, 15), (14, 15), (13, 15), (13, 14), (12, 14), (11, 14), (10, 14), (9, 14), (9, 13), (9, 12), (9, 11), (9, 10), (9, 9), (8, 9), (7, 9), (6, 9), (6, 8), (6, 7), (5, 7), (5, 6), (5, 5), (6, 5), (6, 6), (6, 7), (6, 8), (6, 9), (6, 10), (6, 11), (5, 11), (5, 12), (5, 13), (6, 13), (6, 14), (6, 15), (6, 16), (6, 17), (5, 17), (5, 18), (5, 19), (4, 19), (3, 19), (2, 19), (2, 18), (2, 17), (2, 16), (2, 15), (1, 15), (1, 15)], 2: [(0, 17), (1, 17), (2, 17), (2, 18), (2, 19), (2, 20), (2, 21), (2, 22), (2, 23), (1, 23), (1, 24), (1, 25), (2, 25), (3, 25), (3, 26), (4, 26), (5, 26), (6, 26), (7, 26), (6, 26), (5, 26), (4, 26), (3, 26), (3, 25), (2, 25), (1, 25), (1, 24), (1, 23), (2, 23), (3, 23), (3, 22), (4, 22), (5, 22), (6, 22), (7, 22), (7, 21), (8, 21), (9, 21), (10, 21), (11, 21), (11, 22), (11, 23), (12, 23), (13, 23), (14, 23), (15, 23), (15, 24), (15, 25), (15, 26), (15, 27), (16, 27), (17, 27), (18, 27), (18, 28), (18, 29), (19, 29), (19, 30), (19, 31), (20, 31), (21, 31), (22, 31), (23, 31), (24, 31), (25, 31), (25, 30), (25, 29), (26, 29), (27, 29), (27, 30), (27, 31), (28, 31), (29, 31), (30, 31), (31, 31), (31, 31)]}, 82)