

CBSS-C STATS
starts:[479, 567, 1001, 321, 233]
targets:[142, 55, 383, 361, 1012, 57, 938, 198, 298, 662, 438, 612, 609, 34, 357, 433, 453, 70, 714, 562]
dests:[374, 3, 13, 959, 211]
ac_dict:{142: {0, 1}, 55: {1, 2}, 383: {2, 3}, 361: {3, 4}, 374: {0}, 3: {1}, 13: {2}, 959: {3}, 211: {4}}
clusters:[15 17 12 11 10  2 14 13  0  3  4  6  5  7  9 19  8 16  1 18]

round: 2
best_g_value: 250.0
open_list_size: 1
num_low_level_expanded: 1372
search_success: 1
search_time: 0.6263166930002626
n_tsp_call: 1
n_tsp_time: 0.5915674739953829
n_roots: 1
num_conflicts: 1
target_assignment: {938: 2, 714: 2, 609: 2, 612: 2, 453: 2, 433: 2, 383: 2, 57: 2, 55: 2, 438: 1, 142: 1, 198: 1, 70: 1, 34: 1, 357: 3, 298: 3, 361: 3, 562: 3, 662: 3, 1012: 3}
cluster_target_selection: {14: 938, 1: 714, 5: 609, 6: 612, 8: 453, 19: 433, 12: 383, 2: 57, 17: 55, 4: 438, 15: 142, 13: 198, 16: 70, 7: 34, 9: 357, 0: 298, 11: 361, 18: 562, 3: 662, 10: 1012}
num_nodes_transformed_graph: 53
agent_paths:({0: [(31, 14), (30, 14), (29, 14), (28, 14), (27, 14), (27, 13), (27, 12), (27, 11), (26, 11), (25, 11), (25, 10), (25, 9), (24, 9), (23, 9), (22, 9), (22, 10), (22, 11), (22, 11)], 1: [(23, 17), (22, 17), (22, 16), (22, 15), (22, 14), (22, 13), (21, 13), (20, 13), (19, 13), (18, 13), (18, 12), (18, 11), (17, 11), (17, 10), (17, 9), (16, 9), (15, 9), (14, 9), (14, 8), (14, 7), (14, 6), (14, 5), (14, 4), (14, 5), (13, 5), (12, 5), (11, 5), (10, 5), (9, 5), (9, 6), (8, 6), (7, 6), (6, 6), (6, 5), (6, 4), (6, 3), (6, 2), (6, 3), (6, 4), (6, 5), (5, 5), (4, 5), (3, 5), (3, 4), (3, 3), (2, 3), (2, 2), (2, 1), (3, 1), (3, 0), (3, 0)], 2: [(9, 31), (9, 30), (9, 29), (10, 29), (10, 28), (10, 27), (10, 26), (10, 25), (11, 25), (11, 24), (11, 23), (10, 23), (10, 22), (9, 22), (9, 21), (8, 21), (7, 21), (6, 21), (5, 21), (5, 22), (4, 22), (3, 22), (2, 22), (2, 21), (2, 20), (2, 19), (1, 19), (2, 19), (3, 19), (4, 19), (5, 19), (5, 18), (5, 17), (6, 17), (6, 16), (6, 15), (5, 15), (5, 14), (5, 13), (6, 13), (7, 13), (8, 13), (9, 13), (10, 13), (11, 13), (11, 14), (12, 14), (13, 14), (14, 14), (15, 14), (16, 14), (17, 14), (17, 13), (18, 13), (18, 12), (18, 11), (19, 11), (20, 11), (21, 11), (21, 10), (22, 10), (23, 10), (23, 9), (24, 9), (25, 9), (26, 9), (27, 9), (27, 10), (28, 10), (29, 10), (30, 10), (31, 10), (31, 11), (31, 10), (31, 9), (31, 8), (31, 7), (30, 7), (29, 7), (29, 6), (28, 6), (27, 6), (27, 5), (27, 4), (27, 3), (26, 3), (25, 3), (25, 2), (25, 1), (25, 2), (25, 3), (24, 3), (23, 3), (23, 2), (23, 1), (22, 1), (21, 1), (20, 1), (19, 1), (18, 1), (17, 1), (17, 2), (16, 2), (15, 2), (14, 2), (13, 2), (13, 1), (13, 0), (13, 0)], 3: [(1, 10), (2, 10), (3, 10), (4, 10), (5, 10), (5, 11), (5, 10), (5, 9), (6, 9), (7, 9), (8, 9), (9, 9), (10, 9), (9, 9), (9, 10), (9, 11), (9, 12), (9, 13), (10, 13), (11, 13), (11, 14), (12, 14), (13, 14), (14, 14), (15, 14), (16, 14), (17, 14), (18, 14), (18, 15), (18, 16), (18, 17), (19, 17), (20, 17), (21, 17), (22, 17), (22, 18), (22, 19), (22, 20), (22, 21), (22, 22), (22, 23), (23, 23), (23, 24), (23, 25), (23, 26), (23, 27), (23, 28), (23, 29), (22, 29), (21, 29), (21, 30), (21, 31), (20, 31), (21, 31), (22, 31), (23, 31), (24, 31), (25, 31), (26, 31), (27, 31), (28, 31), (29, 31), (29, 30), (29, 29), (30, 29), (31, 29), (31, 29)], 4: [(9, 7), (9, 6), (10, 6), (11, 6), (11, 5), (12, 5), (13, 5), (14, 5), (15, 5), (16, 5), (17, 5), (18, 5), (19, 5), (19, 6), (19, 6)]}, 107)