

CBSS-C STATS
starts:[883, 430, 817, 429, 465]
targets:[207, 894, 970, 348, 25, 555, 947, 347, 215, 759, 680, 445, 683, 622, 693, 949, 836, 298, 105, 852]
dests:[720, 957, 928, 324, 99]
ac_dict:{207: {0, 1}, 894: {1, 2}, 970: {2, 3}, 348: {3, 4}, 720: {0}, 957: {1}, 928: {2}, 324: {3}, 99: {4}}
clusters:[5 1 5 0 7 4 6 9 3 9 7 1 8 1 4 6 7 2 3 8]

round: 1
best_g_value: 161.0
open_list_size: 0
num_low_level_expanded: 344
search_success: 1
search_time: 0.46570352790877223
n_tsp_call: 1
n_tsp_time: 0.4430173351429403
n_roots: 1
num_conflicts: 0
target_assignment: {947: 0, 852: 0, 347: 4, 348: 4, 215: 4, 555: 3, 298: 3, 970: 2, 836: 2, 894: 1}
cluster_target_selection: {6: 947, 8: 852, 9: 347, 0: 348, 3: 215, 4: 555, 2: 298, 5: 970, 7: 836, 1: 894}
num_nodes_transformed_graph: 53
agent_paths:({0: [(19, 27), (18, 27), (18, 28), (18, 29), (19, 29), (18, 29), (18, 28), (18, 27), (18, 26), (19, 26), (20, 26), (19, 26), (18, 26), (17, 26), (17, 25), (17, 24), (17, 23), (17, 22), (16, 22), (16, 22)], 1: [(14, 13), (15, 13), (15, 14), (16, 14), (17, 14), (18, 14), (18, 15), (18, 16), (18, 17), (19, 17), (20, 17), (21, 17), (22, 17), (23, 17), (23, 18), (24, 18), (25, 18), (26, 18), (27, 18), (27, 19), (27, 20), (27, 21), (27, 22), (27, 23), (28, 23), (29, 23), (30, 23), (30, 24), (30, 25), (30, 26), (30, 27), (31, 27), (31, 28), (31, 29), (30, 29), (29, 29), (29, 29)], 2: [(17, 25), (17, 26), (17, 27), (16, 27), (15, 27), (14, 27), (13, 27), (12, 27), (11, 27), (10, 27), (10, 28), (10, 29), (10, 30), (9, 30), (8, 30), (7, 30), (6, 30), (5, 30), (4, 30), (3, 30), (3, 29), (3, 28), (3, 27), (3, 26), (4, 26), (3, 26), (3, 27), (3, 28), (3, 29), (2, 29), (1, 29), (0, 29), (0, 29)], 3: [(13, 13), (13, 14), (12, 14), (11, 14), (11, 15), (11, 16), (11, 17), (11, 16), (11, 15), (10, 15), (10, 14), (10, 13), (9, 13), (9, 12), (9, 11), (9, 10), (9, 9), (10, 9), (9, 9), (8, 9), (7, 9), (6, 9), (5, 9), (5, 10), (4, 10), (4, 10)], 4: [(17, 14), (17, 13), (18, 13), (18, 12), (18, 11), (19, 11), (20, 11), (21, 11), (21, 10), (22, 10), (23, 10), (23, 9), (24, 9), (25, 9), (26, 9), (27, 9), (27, 10), (28, 10), (27, 10), (26, 10), (25, 10), (25, 9), (24, 9), (23, 9), (23, 8), (23, 7), (23, 6), (22, 6), (21, 6), (21, 7), (20, 7), (19, 7), (18, 7), (17, 7), (17, 6), (17, 5), (16, 5), (15, 5), (14, 5), (13, 5), (12, 5), (11, 5), (10, 5), (9, 5), (9, 6), (8, 6), (7, 6), (6, 6), (5, 6), (5, 5), (4, 5), (3, 5), (3, 4), (3, 3), (3, 3)]}, 53)