

CBSS-C STATS
starts:[424, 506, 509, 61, 463]
targets:[423, 544, 310, 238, 354, 803, 964, 593, 242, 633]
dests:[981, 279, 834, 934, 411]
ac_dict:{423: {0, 1}, 544: {1, 2}, 310: {2, 3}, 238: {3, 4}, 981: {0}, 279: {1}, 834: {2}, 934: {3}, 411: {4}}
clusters:[0 1 1 1 1 0 1 0 0 1]

round: 3
best_g_value: 169.0
open_list_size: 2
num_low_level_expanded: 1486
search_success: 1
search_time: 0.3839730401523411
n_tsp_call: 4
n_tsp_time: 0.19342824490740895
n_roots: 1
num_conflicts: 2
target_assignment: {423: 0, 310: 3}
cluster_target_selection: {0: 423, 1: 310}
num_nodes_transformed_graph: 28
agent_paths:({0: [(8, 13), (7, 13), (7, 14), (7, 15), (6, 15), (6, 16), (6, 17), (7, 17), (7, 18), (8, 18), (9, 18), (9, 19), (9, 20), (9, 21), (10, 21), (11, 21), (11, 22), (11, 23), (12, 23), (13, 23), (14, 23), (15, 23), (15, 24), (15, 25), (15, 26), (15, 27), (16, 27), (17, 27), (18, 27), (18, 28), (18, 29), (19, 29), (19, 30), (19, 31), (20, 31), (21, 31), (21, 30), (21, 30)], 1: [(26, 15), (26, 14), (26, 13), (27, 13), (27, 12), (27, 11), (26, 11), (25, 11), (25, 10), (25, 9), (24, 9), (23, 9), (23, 8), (23, 8)], 2: [(29, 15), (29, 14), (28, 14), (27, 14), (27, 15), (27, 16), (27, 17), (26, 17), (25, 17), (25, 18), (24, 18), (23, 18), (22, 18), (22, 19), (22, 20), (22, 21), (21, 21), (20, 21), (19, 21), (18, 21), (17, 21), (17, 22), (16, 22), (15, 22), (14, 22), (13, 22), (13, 23), (12, 23), (11, 23), (10, 23), (9, 23), (9, 22), (9, 21), (8, 21), (7, 21), (6, 21), (5, 21), (5, 22), (4, 22), (3, 22), (2, 22), (2, 23), (1, 23), (1, 24), (1, 25), (2, 25), (2, 26), (2, 26)], 3: [(29, 1), (29, 2), (28, 2), (27, 2), (27, 3), (27, 4), (27, 5), (26, 5), (25, 5), (25, 6), (25, 7), (25, 8), (25, 9), (24, 9), (23, 9), (22, 9), (22, 10), (22, 11), (22, 12), (22, 13), (22, 14), (22, 15), (22, 16), (22, 17), (22, 18), (22, 19), (22, 20), (22, 21), (21, 21), (20, 21), (19, 21), (18, 21), (17, 21), (17, 22), (16, 22), (15, 22), (14, 22), (13, 22), (13, 23), (12, 23), (11, 23), (11, 24), (11, 25), (10, 25), (10, 26), (10, 27), (10, 28), (10, 29), (9, 29), (9, 30), (8, 30), (7, 30), (6, 30), (6, 29), (6, 29)], 4: [(15, 14), (16, 14), (17, 14), (17, 13), (18, 13), (19, 13), (20, 13), (21, 13), (22, 13), (22, 12), (22, 11), (23, 11), (23, 10), (23, 10), (23, 10), (23, 9), (24, 9), (25, 9), (26, 9), (27, 9), (27, 10), (27, 11), (27, 12), (27, 12)]}, 53)