

CBSS-C STATS
starts:[242, 71, 312, 929, 825]
targets:[590, 584, 742, 454, 611, 725, 861, 303, 164, 692, 491, 569, 446, 46, 58, 561, 270, 433, 262, 281]
dests:[451, 686, 824, 192, 832]
ac_dict:{590: {0, 1}, 584: {1, 2}, 742: {2, 3}, 454: {3, 4}, 451: {0}, 686: {1}, 824: {2}, 192: {3}, 832: {4}}
clusters:[18 13 16 10 17 19 11  0  1  4 14  8  5 12 15  2  7  3  6  9]

round: 34
best_g_value: 270.0
open_list_size: 63
num_low_level_expanded: 21792
search_success: 1
search_time: 28.728912203005166
n_tsp_call: 195
n_tsp_time: 23.792352285061497
n_roots: 16
num_conflicts: 48
target_assignment: {46: 0, 270: 0, 303: 0, 590: 0, 561: 0, 433: 0, 491: 0, 611: 0, 584: 1, 861: 4, 725: 4, 692: 4, 281: 2, 58: 2, 446: 2, 569: 2, 742: 3, 454: 3, 262: 3, 164: 3}
cluster_target_selection: {12: 46, 7: 270, 0: 303, 18: 590, 2: 561, 3: 433, 14: 491, 17: 611, 13: 584, 11: 861, 19: 725, 4: 692, 9: 281, 15: 58, 5: 446, 8: 569, 16: 742, 10: 454, 6: 262, 1: 164}
num_nodes_transformed_graph: 53
agent_paths:({0: [(18, 7), (17, 7), (17, 6), (17, 5), (16, 5), (15, 5), (14, 5), (14, 4), (14, 3), (14, 2), (14, 1), (14, 2), (14, 3), (14, 4), (14, 5), (14, 6), (14, 7), (14, 8), (14, 9), (15, 9), (16, 9), (17, 9), (17, 10), (17, 11), (18, 11), (18, 12), (18, 13), (18, 14), (18, 15), (18, 16), (18, 17), (17, 17), (17, 18), (16, 18), (15, 18), (14, 18), (15, 18), (16, 18), (17, 18), (17, 17), (18, 17), (18, 16), (18, 15), (17, 15), (17, 14), (17, 13), (17, 14), (16, 14), (15, 14), (14, 14), (13, 14), (12, 14), (11, 14), (11, 15), (11, 16), (11, 17), (10, 17), (9, 17), (9, 18), (8, 18), (7, 18), (6, 18), (5, 18), (5, 19), (4, 19), (3, 19), (3, 18), (3, 17), (2, 17), (2, 16), (2, 15), (2, 14), (3, 14), (3, 14)], 1: [(7, 2), (7, 3), (6, 3), (6, 4), (6, 5), (6, 6), (6, 7), (6, 8), (6, 9), (6, 10), (6, 11), (5, 11), (5, 12), (5, 13), (6, 13), (6, 14), (6, 15), (6, 16), (6, 17), (7, 17), (7, 18), (8, 18), (9, 18), (10, 18), (10, 19), (9, 19), (9, 20), (9, 21), (10, 21), (11, 21), (11, 22), (11, 23), (12, 23), (13, 23), (13, 22), (13, 21), (14, 21), (14, 21)], 2: [(24, 9), (25, 9), (25, 8), (25, 7), (25, 6), (25, 5), (26, 5), (27, 5), (27, 4), (27, 3), (26, 3), (26, 2), (26, 1), (27, 1), (27, 2), (28, 2), (29, 2), (30, 2), (30, 3), (30, 4), (30, 5), (30, 6), (30, 7), (31, 7), (31, 8), (31, 9), (31, 10), (31, 11), (31, 12), (31, 13), (30, 13), (29, 13), (29, 14), (28, 14), (27, 14), (27, 15), (27, 16), (27, 17), (26, 17), (25, 17), (25, 18), (24, 18), (23, 18), (23, 19), (22, 19), (22, 20), (22, 21), (23, 21), (23, 22), (23, 23), (23, 24), (23, 25), (24, 25), (24, 25)], 3: [(1, 29), (2, 29), (3, 29), (3, 28), (3, 27), (3, 26), (3, 25), (2, 25), (1, 25), (1, 24), (1, 23), (2, 23), (3, 23), (3, 22), (4, 22), (5, 22), (6, 22), (6, 23), (6, 22), (6, 21), (7, 21), (8, 21), (9, 21), (9, 20), (9, 19), (9, 18), (8, 18), (7, 18), (6, 18), (6, 17), (6, 16), (6, 15), (6, 14), (6, 13), (5, 13), (5, 12), (5, 11), (5, 10), (5, 9), (6, 9), (6, 8), (6, 7), (5, 7), (5, 6), (5, 5), (4, 5), (3, 5), (2, 5), (1, 5), (1, 6), (0, 6), (0, 6)], 4: [(25, 25), (26, 25), (27, 25), (27, 24), (27, 23), (28, 23), (29, 23), (30, 23), (30, 24), (30, 25), (29, 25), (29, 26), (29, 25), (30, 25), (30, 24), (30, 23), (29, 23), (28, 23), (27, 23), (27, 24), (27, 25), (26, 25), (25, 25), (24, 25), (23, 25), (23, 24), (23, 23), (22, 23), (21, 23), (21, 22), (21, 21), (20, 21), (19, 21), (18, 21), (17, 21), (17, 22), (16, 22), (15, 22), (14, 22), (13, 22), (13, 23), (12, 23), (11, 23), (10, 23), (9, 23), (9, 22), (9, 21), (8, 21), (7, 21), (6, 21), (5, 21), (5, 22), (4, 22), (3, 22), (2, 22), (1, 22), (1, 23), (1, 24), (1, 25), (1, 26), (0, 26), (0, 26)]}, 72)