

CBSS-C STATS
starts:[65, 846, 464, 779, 426, 217, 601, 442, 859, 62]
targets:[994, 295, 795, 739, 57, 563, 759, 835, 819, 351, 479, 478, 736, 941, 927]
dests:[167, 355, 971, 449, 270, 117, 382, 511, 802, 209]
ac_dict:{994: {0, 1}, 295: {1, 2}, 795: {2, 3}, 739: {3, 4}, 57: {4, 5}, 563: {5, 6}, 759: {6, 7}, 835: {8, 7}, 819: {8, 9}, 167: {0}, 355: {1}, 971: {2}, 449: {3}, 270: {4}, 117: {5}, 382: {6}, 511: {7}, 802: {8}, 209: {9}}
clusters:[9 5 6 7 9 5 8 5 3 1 4 7 9 0 2]

round: 2
best_g_value: 267.0
open_list_size: 1
num_low_level_expanded: 819
search_success: 1
search_time: 1.6615355089306831
n_tsp_call: 1
n_tsp_time: 1.6010241601616144
n_roots: 1
num_conflicts: 1
target_assignment: {795: 2, 927: 2, 941: 2, 478: 7, 479: 7, 819: 8, 835: 8, 57: 5, 759: 6, 351: 6}
cluster_target_selection: {6: 795, 2: 927, 0: 941, 7: 478, 4: 479, 3: 819, 5: 835, 9: 57, 8: 759, 1: 351}
num_nodes_transformed_graph: 98
agent_paths:({0: [(1, 2), (2, 2), (3, 2), (3, 3), (3, 4), (3, 5), (4, 5), (5, 5), (6, 5), (7, 5), (7, 5)], 1: [(14, 26), (13, 26), (13, 27), (12, 27), (11, 27), (11, 26), (11, 25), (11, 24), (11, 23), (10, 23), (9, 23), (9, 22), (9, 21), (9, 20), (9, 19), (9, 18), (8, 18), (7, 18), (6, 18), (6, 17), (6, 16), (6, 15), (5, 15), (5, 14), (5, 13), (5, 12), (5, 11), (5, 10), (4, 10), (3, 10), (3, 11), (3, 11)], 2: [(16, 14), (17, 14), (18, 14), (18, 15), (18, 16), (18, 17), (19, 17), (20, 17), (21, 17), (22, 17), (23, 17), (23, 18), (24, 18), (25, 18), (26, 18), (27, 18), (27, 19), (27, 20), (27, 21), (27, 22), (27, 23), (27, 24), (27, 23), (28, 23), (29, 23), (30, 23), (30, 24), (30, 25), (31, 25), (31, 26), (31, 27), (31, 28), (31, 29), (30, 29), (29, 29), (29, 30), (29, 31), (28, 31), (27, 31), (26, 31), (25, 31), (24, 31), (23, 31), (22, 31), (21, 31), (20, 31), (19, 31), (18, 31), (17, 31), (16, 31), (15, 31), (14, 31), (13, 31), (13, 30), (13, 29), (13, 30), (14, 30), (15, 30), (15, 31), (16, 31), (17, 31), (17, 30), (17, 29), (18, 29), (18, 28), (18, 27), (17, 27), (16, 27), (15, 27), (14, 27), (13, 27), (12, 27), (11, 27), (10, 27), (10, 28), (10, 29), (11, 29), (11, 30), (11, 30)], 3: [(11, 24), (11, 23), (10, 23), (9, 23), (9, 22), (9, 21), (9, 20), (9, 19), (9, 18), (8, 18), (7, 18), (6, 18), (5, 18), (5, 19), (4, 19), (3, 19), (2, 19), (2, 18), (2, 17), (2, 16), (2, 15), (1, 15), (1, 14), (1, 14)], 4: [(10, 13), (9, 13), (9, 12), (9, 11), (10, 11), (11, 11), (12, 11), (13, 11), (13, 10), (13, 9), (14, 9), (14, 8), (14, 8)], 5: [(25, 6), (25, 5), (26, 5), (27, 5), (27, 4), (27, 3), (26, 3), (25, 3), (25, 2), (25, 1), (25, 2), (25, 3), (24, 3), (23, 3), (22, 3), (21, 3), (21, 3)], 6: [(25, 18), (24, 18), (23, 18), (23, 19), (22, 19), (22, 20), (22, 21), (23, 21), (23, 22), (23, 23), (23, 22), (23, 21), (22, 21), (22, 20), (22, 19), (22, 18), (23, 18), (24, 18), (25, 18), (25, 17), (26, 17), (27, 17), (27, 16), (27, 15), (27, 14), (27, 13), (27, 12), (27, 11), (27, 10), (28, 10), (29, 10), (30, 10), (31, 10), (30, 10), (30, 11), (30, 11)], 7: [(26, 13), (27, 13), (27, 14), (28, 14), (29, 14), (30, 14), (31, 14), (31, 15), (31, 15)], 8: [(27, 26), (26, 26), (25, 26), (25, 25), (24, 25), (23, 25), (22, 25), (21, 25), (21, 26), (20, 26), (19, 26), (19, 25), (18, 25), (17, 25), (17, 26), (17, 27), (16, 27), (15, 27), (14, 27), (13, 27), (12, 27), (11, 27), (10, 27), (10, 28), (10, 29), (9, 29), (9, 30), (8, 30), (7, 30), (6, 30), (5, 30), (4, 30), (3, 30), (3, 29), (3, 28), (3, 27), (3, 26), (2, 26), (2, 25), (2, 25)], 9: [(30, 1), (30, 2), (30, 3), (30, 4), (30, 5), (29, 5), (29, 6), (28, 6), (27, 6), (26, 6), (25, 6), (25, 7), (25, 8), (25, 9), (24, 9), (23, 9), (23, 8), (23, 7), (22, 7), (21, 7), (20, 7), (19, 7), (18, 7), (17, 7), (17, 6), (17, 6)]}, 77)