

CBSS-C STATS
starts:[741, 893, 9, 262, 296, 357, 729, 324, 594, 326]
targets:[182, 102, 600, 421, 890, 549, 1001, 639, 237, 953]
dests:[564, 302, 155, 189, 585, 706, 227, 298, 122, 126]
ac_dict:{182: {0, 1}, 102: {1, 2}, 600: {2, 3}, 421: {3, 4}, 890: {4, 5}, 549: {5, 6}, 1001: {6, 7}, 639: {8, 7}, 237: {8, 9}, 564: {0}, 302: {1}, 155: {2}, 189: {3}, 585: {4}, 706: {5}, 227: {6}, 298: {7}, 122: {8}, 126: {9}}
clusters:[1 1 0 0 3 4 2 2 3 0]

round: 48
best_g_value: 299.0
open_list_size: 47
num_low_level_expanded: 14662
search_success: 1
search_time: 2.177166769746691
n_tsp_call: 13
n_tsp_time: 1.3540331088006496
n_roots: 1
num_conflicts: 47
target_assignment: {421: 4, 237: 9, 549: 5, 639: 8, 182: 1}
cluster_target_selection: {0: 421, 3: 237, 4: 549, 2: 639, 1: 182}
num_nodes_transformed_graph: 34
agent_paths:({0: [(5, 23), (5, 22), (5, 21), (6, 21), (7, 21), (8, 21), (9, 21), (9, 20), (9, 19), (9, 18), (9, 17), (10, 17), (11, 17), (11, 16), (11, 15), (11, 14), (12, 14), (13, 14), (14, 14), (15, 14), (16, 14), (17, 14), (18, 14), (18, 15), (18, 16), (18, 17), (19, 17), (20, 17), (20, 17)], 1: [(29, 27), (29, 26), (29, 25), (30, 25), (30, 24), (30, 23), (29, 23), (28, 23), (27, 23), (27, 22), (27, 21), (27, 20), (27, 19), (26, 19), (25, 19), (25, 18), (24, 18), (23, 18), (22, 18), (22, 17), (22, 16), (22, 15), (22, 14), (22, 13), (22, 12), (22, 11), (22, 10), (22, 9), (23, 9), (23, 8), (23, 7), (22, 7), (22, 6), (22, 5), (21, 5), (21, 6), (21, 7), (20, 7), (19, 7), (18, 7), (18, 8), (18, 9), (17, 9), (16, 9), (15, 9), (14, 9), (14, 9)], 2: [(9, 0), (9, 1), (10, 1), (11, 1), (11, 2), (11, 3), (12, 3), (13, 3), (14, 3), (15, 3), (15, 2), (16, 2), (17, 2), (18, 2), (19, 2), (19, 1), (20, 1), (21, 1), (22, 1), (23, 1), (23, 2), (23, 3), (24, 3), (25, 3), (26, 3), (27, 3), (27, 4), (27, 4)], 3: [(6, 8), (6, 7), (6, 6), (7, 6), (8, 6), (9, 6), (9, 5), (10, 5), (11, 5), (12, 5), (13, 5), (14, 5), (15, 5), (16, 5), (17, 5), (18, 5), (19, 5), (19, 6), (19, 7), (20, 7), (21, 7), (22, 7), (23, 7), (23, 8), (23, 9), (24, 9), (25, 9), (25, 8), (25, 7), (25, 6), (26, 6), (27, 6), (28, 6), (29, 6), (29, 5), (29, 5)], 4: [(8, 9), (7, 9), (7, 10), (6, 10), (5, 10), (5, 11), (5, 12), (5, 13), (6, 13), (6, 14), (6, 15), (6, 16), (6, 17), (7, 17), (7, 18), (8, 18), (9, 18), (9, 18)], 5: [(5, 11), (5, 12), (5, 13), (5, 14), (5, 15), (6, 15), (6, 16), (6, 17), (5, 17), (5, 18), (5, 19), (4, 19), (3, 19), (2, 19), (2, 20), (2, 21), (2, 22), (2, 22)], 6: [(25, 22), (25, 21), (26, 21), (27, 21), (27, 20), (27, 19), (26, 19), (25, 19), (25, 19), (25, 19), (25, 18), (24, 18), (23, 18), (22, 18), (21, 18), (21, 17), (20, 17), (19, 17), (18, 17), (18, 16), (18, 15), (17, 15), (17, 14), (16, 14), (15, 14), (14, 14), (13, 14), (12, 14), (11, 14), (10, 14), (9, 14), (9, 13), (9, 12), (9, 11), (9, 10), (9, 9), (8, 9), (7, 9), (6, 9), (6, 8), (6, 7), (5, 7), (5, 6), (5, 5), (4, 5), (3, 5), (3, 6), (3, 7), (3, 7)], 7: [(4, 10), (5, 10), (5, 9), (6, 9), (7, 9), (8, 9), (9, 9), (10, 9), (10, 9)], 8: [(18, 18), (19, 18), (19, 17), (20, 17), (21, 17), (22, 17), (23, 17), (23, 18), (24, 18), (25, 18), (26, 18), (27, 18), (28, 18), (29, 18), (30, 18), (31, 18), (31, 19), (31, 18), (31, 17), (31, 16), (31, 15), (31, 14), (31, 13), (31, 12), (31, 11), (31, 10), (31, 9), (31, 8), (31, 7), (30, 7), (30, 6), (30, 5), (30, 4), (30, 3), (29, 3), (29, 2), (28, 2), (27, 2), (26, 2), (26, 3), (26, 3)], 9: [(6, 10), (6, 9), (6, 8), (6, 7), (7, 7), (7, 6), (8, 6), (9, 6), (10, 6), (11, 6), (11, 5), (12, 5), (13, 5), (13, 6), (13, 7), (13, 6), (13, 5), (14, 5), (14, 4), (14, 3), (15, 3), (15, 2), (16, 2), (17, 2), (18, 2), (19, 2), (19, 1), (20, 1), (21, 1), (22, 1), (23, 1), (23, 2), (23, 3), (24, 3), (25, 3), (26, 3), (27, 3), (27, 3), (27, 2), (28, 2), (29, 2), (30, 2), (30, 3), (30, 3)]}, 47)