

CBSS-C STATS
starts:[93, 477, 370, 202, 313, 757, 935, 979, 685, 207]
targets:[687, 262, 296, 118, 366, 767, 326, 165, 107, 1015, 317, 319, 226, 303, 362]
dests:[601, 599, 758, 530, 215, 977, 634, 986, 493, 731]
ac_dict:{687: {0, 1}, 262: {1, 2}, 296: {2, 3}, 118: {3, 4}, 366: {4, 5}, 767: {5, 6}, 326: {6, 7}, 165: {8, 7}, 107: {8, 9}, 601: {0}, 599: {1}, 758: {2}, 530: {3}, 215: {4}, 977: {5}, 634: {6}, 986: {7}, 493: {8}, 731: {9}}
clusters:[5 4 7 9 1 3 6 3 6 7 3 4 0 2 8]

round: 5
best_g_value: 285.0
open_list_size: 4
num_low_level_expanded: 1359
search_success: 1
search_time: 19.165844524744898
n_tsp_call: 20
n_tsp_time: 18.585441735573113
n_roots: 1
num_conflicts: 4
target_assignment: {319: 0, 317: 0, 226: 3, 362: 3, 107: 9, 687: 1, 118: 4, 366: 4, 303: 4, 1015: 7}
cluster_target_selection: {4: 319, 3: 317, 0: 226, 8: 362, 6: 107, 5: 687, 9: 118, 1: 366, 2: 303, 7: 1015}
num_nodes_transformed_graph: 98
agent_paths:({0: [(29, 2), (30, 2), (30, 3), (30, 4), (30, 5), (31, 5), (31, 6), (31, 7), (31, 8), (31, 9), (30, 9), (29, 9), (29, 10), (28, 10), (27, 10), (27, 11), (27, 12), (27, 13), (27, 14), (27, 15), (27, 16), (27, 17), (26, 17), (25, 17), (25, 18), (25, 18)], 1: [(29, 14), (28, 14), (27, 14), (27, 15), (27, 16), (27, 17), (26, 17), (25, 17), (25, 18), (24, 18), (23, 18), (23, 19), (22, 19), (22, 20), (22, 21), (21, 21), (20, 21), (19, 21), (18, 21), (17, 21), (17, 22), (16, 22), (15, 22), (15, 21), (15, 22), (16, 22), (17, 22), (17, 21), (18, 21), (19, 21), (20, 21), (21, 21), (22, 21), (22, 20), (22, 19), (22, 18), (23, 18), (23, 18)], 2: [(18, 11), (19, 11), (20, 11), (21, 11), (22, 11), (22, 12), (22, 13), (22, 14), (22, 15), (22, 16), (22, 17), (22, 18), (22, 18), (22, 19), (22, 20), (22, 21), (22, 22), (22, 23), (22, 23)], 3: [(10, 6), (9, 6), (8, 6), (7, 6), (6, 6), (5, 6), (5, 5), (4, 5), (3, 5), (2, 5), (2, 6), (2, 7), (3, 7), (3, 6), (3, 5), (4, 5), (5, 5), (6, 5), (6, 6), (6, 7), (6, 8), (6, 9), (7, 9), (8, 9), (9, 9), (10, 9), (10, 10), (10, 11), (9, 11), (9, 12), (9, 13), (10, 13), (11, 13), (11, 14), (12, 14), (13, 14), (14, 14), (15, 14), (16, 14), (17, 14), (18, 14), (18, 15), (18, 16), (18, 16)], 4: [(25, 9), (25, 8), (25, 7), (25, 6), (25, 5), (26, 5), (27, 5), (27, 4), (27, 3), (26, 3), (25, 3), (24, 3), (23, 3), (22, 3), (21, 3), (21, 2), (21, 1), (20, 1), (19, 1), (18, 1), (17, 1), (17, 2), (16, 2), (15, 2), (14, 2), (14, 3), (14, 4), (14, 5), (14, 6), (14, 7), (14, 8), (14, 9), (14, 10), (14, 11), (14, 10), (14, 9), (15, 9), (16, 9), (17, 9), (18, 9), (18, 8), (18, 7), (19, 7), (20, 7), (21, 7), (21, 6), (22, 6), (23, 6), (23, 6)], 5: [(21, 23), (22, 23), (23, 23), (23, 24), (23, 25), (22, 25), (21, 25), (21, 26), (20, 26), (19, 26), (18, 26), (18, 27), (18, 28), (18, 29), (17, 29), (17, 30), (17, 30)], 6: [(7, 29), (7, 30), (8, 30), (9, 30), (9, 29), (10, 29), (10, 28), (10, 27), (11, 27), (12, 27), (13, 27), (14, 27), (15, 27), (16, 27), (17, 27), (17, 26), (18, 26), (19, 26), (20, 26), (21, 26), (21, 25), (22, 25), (23, 25), (24, 25), (25, 25), (26, 25), (27, 25), (27, 24), (27, 23), (27, 22), (27, 21), (27, 20), (27, 19), (26, 19), (26, 19)], 7: [(19, 30), (19, 31), (20, 31), (21, 31), (22, 31), (23, 31), (24, 31), (25, 31), (25, 30), (26, 30), (26, 30)], 8: [(13, 21), (13, 22), (13, 23), (12, 23), (11, 23), (11, 22), (11, 21), (10, 21), (9, 21), (9, 20), (9, 19), (9, 18), (9, 17), (10, 17), (11, 17), (11, 16), (11, 15), (11, 14), (12, 14), (13, 14), (13, 15), (13, 15)], 9: [(15, 6), (14, 6), (13, 6), (13, 5), (12, 5), (11, 5), (11, 4), (11, 3), (12, 3), (13, 3), (14, 3), (14, 4), (14, 5), (15, 5), (16, 5), (17, 5), (18, 5), (19, 5), (19, 6), (19, 7), (20, 7), (21, 7), (22, 7), (23, 7), (23, 8), (23, 9), (24, 9), (25, 9), (26, 9), (27, 9), (27, 10), (27, 11), (27, 12), (27, 13), (27, 14), (27, 15), (27, 16), (27, 17), (27, 18), (27, 19), (27, 20), (27, 21), (27, 22), (27, 22)]}, 47)