

CBSS-C STATS
starts:[765, 62, 801]
targets:[509, 545, 222, 50, 824, 473, 433, 43, 192, 458, 209, 685, 322, 606, 965]
dests:[985, 589, 906]
ac_dict:{509: {0, 1}, 545: {1, 2}, 985: {0}, 589: {1}, 906: {2}}
clusters:[ 1 13  9 14  8  4 11 12  6  0  3 10  2  7  5]

round: 1
best_g_value: 209.0
open_list_size: 0
num_low_level_expanded: 468
search_success: 1
search_time: 0.8256298350024736
n_tsp_call: 1
n_tsp_time: 0.802527118998114
n_roots: 1
num_conflicts: 0
target_assignment: {606: 0, 509: 0, 473: 0, 824: 0, 222: 1, 50: 1, 209: 1, 43: 1, 192: 1, 322: 1, 458: 1, 433: 1, 545: 2, 685: 2, 965: 2}
cluster_target_selection: {7: 606, 1: 509, 4: 473, 8: 824, 9: 222, 14: 50, 3: 209, 12: 43, 6: 192, 2: 322, 0: 458, 11: 433, 13: 545, 10: 685, 5: 965}
num_nodes_transformed_graph: 49
agent_paths:({0: [(29, 23), (29, 22), (29, 21), (30, 21), (31, 21), (31, 20), (31, 19), (30, 19), (30, 18), (30, 17), (31, 17), (31, 16), (31, 15), (30, 15), (29, 15), (29, 14), (28, 14), (27, 14), (26, 14), (25, 14), (25, 15), (26, 15), (27, 15), (27, 16), (27, 17), (27, 18), (27, 19), (27, 20), (27, 21), (27, 22), (27, 23), (27, 24), (27, 25), (26, 25), (25, 25), (24, 25), (23, 25), (23, 26), (23, 27), (23, 28), (23, 29), (23, 30), (23, 31), (24, 31), (25, 31), (25, 30), (25, 30)], 1: [(30, 1), (30, 2), (30, 3), (30, 4), (30, 5), (30, 6), (29, 6), (28, 6), (27, 6), (27, 5), (27, 4), (27, 3), (26, 3), (25, 3), (24, 3), (23, 3), (22, 3), (21, 3), (21, 2), (21, 1), (20, 1), (19, 1), (18, 1), (17, 1), (17, 2), (16, 2), (15, 2), (15, 3), (14, 3), (14, 4), (14, 5), (15, 5), (16, 5), (17, 5), (17, 6), (17, 5), (16, 5), (15, 5), (14, 5), (13, 5), (12, 5), (11, 5), (11, 4), (11, 3), (11, 2), (11, 1), (10, 1), (9, 1), (8, 1), (7, 1), (6, 1), (6, 2), (6, 3), (6, 4), (6, 5), (5, 5), (4, 5), (3, 5), (2, 5), (1, 5), (1, 6), (0, 6), (1, 6), (2, 6), (2, 5), (3, 5), (4, 5), (5, 5), (5, 6), (5, 7), (6, 7), (6, 8), (6, 9), (5, 9), (5, 10), (4, 10), (3, 10), (2, 10), (3, 10), (4, 10), (5, 10), (5, 11), (5, 12), (5, 13), (6, 13), (7, 13), (8, 13), (9, 13), (10, 13), (10, 14), (11, 14), (12, 14), (13, 14), (14, 14), (15, 14), (16, 14), (17, 14), (17, 13), (17, 14), (17, 15), (18, 15), (18, 16), (18, 17), (17, 17), (17, 18), (16, 18), (15, 18), (14, 18), (13, 18), (13, 18)], 2: [(1, 25), (1, 24), (1, 23), (1, 22), (1, 21), (2, 21), (2, 20), (2, 19), (1, 19), (1, 18), (1, 17), (2, 17), (3, 17), (3, 18), (3, 19), (4, 19), (5, 19), (6, 19), (7, 19), (7, 18), (8, 18), (9, 18), (9, 19), (9, 20), (9, 21), (10, 21), (11, 21), (11, 22), (11, 23), (12, 23), (13, 23), (13, 22), (13, 21), (13, 22), (13, 23), (12, 23), (11, 23), (11, 24), (11, 25), (10, 25), (10, 26), (10, 27), (10, 28), (10, 29), (9, 29), (9, 30), (8, 30), (7, 30), (6, 30), (5, 30), (6, 30), (7, 30), (8, 30), (9, 30), (9, 29), (10, 29), (10, 28), (10, 28)]}, 108)