

CBSS-C STATS
starts:[485, 739, 290, 239, 187]
targets:[893, 986, 766, 562, 74, 1012, 997, 155, 753, 862, 1005, 863, 99, 171, 25, 205, 33, 970, 234, 843]
dests:[995, 459, 95, 593, 642]
ac_dict:{893: {0, 1}, 986: {1, 2}, 766: {2, 3}, 562: {3, 4}, 995: {0}, 459: {1}, 95: {2}, 593: {3}, 642: {4}}
clusters:[9 2 6 6 0 7 3 8 4 6 1 5 9 5 7 8 2 1 0 6]

round: 4
best_g_value: 188.0
open_list_size: 3
num_low_level_expanded: 797
search_success: 1
search_time: 4.312362268101424
n_tsp_call: 15
n_tsp_time: 4.171576950699091
n_roots: 1
num_conflicts: 3
target_assignment: {970: 0, 997: 0, 155: 4, 753: 4, 33: 2, 99: 2, 234: 2, 171: 2, 25: 2, 562: 3}
cluster_target_selection: {1: 970, 3: 997, 8: 155, 4: 753, 2: 33, 9: 99, 0: 234, 5: 171, 7: 25, 6: 562}
num_nodes_transformed_graph: 54
agent_paths:({0: [(5, 15), (6, 15), (6, 16), (6, 17), (7, 17), (7, 18), (8, 18), (9, 18), (9, 19), (9, 20), (9, 21), (10, 21), (10, 22), (10, 23), (11, 23), (11, 24), (11, 25), (10, 25), (10, 26), (10, 27), (10, 28), (10, 29), (10, 30), (9, 30), (8, 30), (7, 30), (6, 30), (5, 30), (5, 31), (5, 30), (4, 30), (3, 30), (3, 31), (3, 31)], 1: [(3, 23), (3, 22), (3, 21), (2, 21), (2, 20), (2, 19), (3, 19), (4, 19), (5, 19), (5, 18), (6, 18), (7, 18), (8, 18), (9, 18), (9, 17), (10, 17), (11, 17), (11, 16), (11, 15), (11, 14), (11, 14)], 2: [(2, 9), (3, 9), (3, 10), (4, 10), (5, 10), (5, 9), (6, 9), (6, 8), (6, 7), (5, 7), (5, 6), (5, 5), (4, 5), (3, 5), (3, 4), (3, 3), (2, 3), (1, 3), (1, 2), (1, 1), (2, 1), (3, 1), (3, 2), (3, 3), (3, 4), (3, 5), (4, 5), (5, 5), (6, 5), (7, 5), (7, 6), (8, 6), (9, 6), (10, 6), (10, 7), (10, 6), (10, 5), (11, 5), (11, 4), (11, 3), (12, 3), (13, 3), (13, 2), (14, 2), (15, 2), (16, 2), (17, 2), (17, 1), (18, 1), (19, 1), (20, 1), (21, 1), (22, 1), (23, 1), (23, 2), (23, 3), (24, 3), (25, 3), (25, 2), (25, 1), (25, 0), (25, 1), (26, 1), (27, 1), (27, 2), (28, 2), (29, 2), (30, 2), (31, 2), (31, 2)], 3: [(15, 7), (14, 7), (14, 8), (14, 9), (15, 9), (16, 9), (17, 9), (18, 9), (18, 10), (18, 11), (18, 12), (18, 13), (18, 14), (18, 15), (18, 16), (18, 17), (17, 17), (17, 18), (17, 18)], 4: [(27, 5), (27, 4), (27, 5), (26, 5), (25, 5), (25, 6), (25, 7), (25, 8), (25, 9), (24, 9), (23, 9), (22, 9), (22, 10), (22, 11), (22, 12), (22, 13), (22, 14), (22, 15), (22, 16), (22, 17), (22, 18), (22, 19), (22, 20), (22, 21), (21, 21), (20, 21), (19, 21), (18, 21), (17, 21), (17, 22), (17, 23), (17, 22), (16, 22), (15, 22), (14, 22), (13, 22), (13, 23), (12, 23), (11, 23), (10, 23), (9, 23), (9, 22), (9, 21), (8, 21), (7, 21), (6, 21), (5, 21), (5, 22), (4, 22), (3, 22), (2, 22), (2, 21), (2, 20), (2, 20)]}, 68)