

CBSS-C STATS
starts:[894, 302, 306, 966, 602]
targets:[859, 126, 73, 182, 876, 850, 214, 895, 81, 239, 507, 321, 114, 585, 86, 426, 480, 108, 955, 96]
dests:[443, 1006, 170, 39, 978]
ac_dict:{859: {0, 1}, 126: {1, 2}, 73: {2, 3}, 182: {3, 4}, 443: {0}, 1006: {1}, 170: {2}, 39: {3}, 978: {4}}
clusters:[9 1 8 6 2 6 5 0 7 3 0 6 4 6 0 9 8 2 9 4]

round: 1
best_g_value: 187.0
open_list_size: 0
num_low_level_expanded: 676
search_success: 1
search_time: 3.255964597687125
n_tsp_call: 1
n_tsp_time: 3.2176462346687913
n_roots: 1
num_conflicts: 0
target_assignment: {507: 0, 585: 3, 426: 3, 239: 3, 108: 3, 73: 3, 214: 2, 126: 2, 114: 2, 81: 2}
cluster_target_selection: {0: 507, 6: 585, 9: 426, 3: 239, 2: 108, 8: 73, 5: 214, 1: 126, 4: 114, 7: 81}
num_nodes_transformed_graph: 98
agent_paths:({0: [(30, 27), (30, 26), (30, 25), (30, 24), (30, 23), (29, 23), (28, 23), (27, 23), (27, 22), (27, 21), (27, 20), (27, 19), (27, 18), (27, 17), (27, 16), (27, 15), (27, 14), (27, 13), (27, 13)], 1: [(14, 9), (15, 9), (16, 9), (17, 9), (17, 10), (17, 11), (18, 11), (18, 12), (18, 13), (18, 14), (18, 15), (18, 16), (18, 17), (19, 17), (20, 17), (21, 17), (21, 18), (21, 19), (22, 19), (22, 20), (22, 21), (21, 21), (20, 21), (19, 21), (18, 21), (17, 21), (17, 22), (17, 23), (17, 24), (17, 25), (17, 26), (17, 27), (18, 27), (18, 28), (18, 29), (17, 29), (17, 30), (17, 31), (16, 31), (15, 31), (14, 31), (14, 31)], 2: [(18, 9), (18, 8), (18, 7), (19, 7), (20, 7), (21, 7), (21, 6), (22, 6), (23, 6), (23, 7), (23, 8), (23, 9), (24, 9), (25, 9), (25, 8), (25, 7), (25, 6), (26, 6), (27, 6), (28, 6), (29, 6), (29, 5), (30, 5), (30, 4), (30, 3), (29, 3), (29, 2), (28, 2), (27, 2), (26, 2), (25, 2), (25, 3), (24, 3), (23, 3), (22, 3), (21, 3), (21, 2), (21, 1), (20, 1), (19, 1), (18, 1), (18, 2), (18, 3), (17, 3), (17, 2), (16, 2), (15, 2), (14, 2), (13, 2), (13, 3), (12, 3), (11, 3), (11, 4), (11, 5), (10, 5), (10, 5)], 3: [(6, 30), (7, 30), (8, 30), (9, 30), (9, 29), (10, 29), (10, 28), (10, 27), (10, 26), (10, 25), (11, 25), (11, 24), (11, 23), (10, 23), (9, 23), (9, 22), (9, 21), (9, 20), (9, 19), (9, 18), (9, 17), (10, 17), (11, 17), (11, 16), (11, 15), (10, 15), (10, 14), (10, 13), (9, 13), (9, 12), (9, 11), (10, 11), (11, 11), (12, 11), (13, 11), (13, 10), (13, 9), (14, 9), (14, 8), (14, 7), (15, 7), (14, 7), (14, 6), (14, 5), (14, 4), (14, 3), (13, 3), (12, 3), (11, 3), (10, 3), (9, 3), (9, 2), (9, 1), (8, 1), (7, 1), (7, 1)], 4: [(26, 18), (25, 18), (24, 18), (23, 18), (22, 18), (22, 19), (22, 20), (22, 21), (21, 21), (20, 21), (19, 21), (18, 21), (18, 22), (18, 23), (17, 23), (17, 24), (17, 25), (18, 25), (18, 26), (18, 27), (18, 28), (18, 29), (18, 30), (18, 30)]}, 54)