

CBSS-C STATS
starts:[831, 939, 127, 546, 313]
targets:[605, 613, 514, 342, 364, 487, 601, 706, 83, 553, 822, 369, 625, 307, 478, 57, 581, 501, 402, 614]
dests:[977, 198, 221, 741, 25]
ac_dict:{605: {0, 1}, 613: {1, 2}, 514: {2, 3}, 342: {3, 4}, 977: {0}, 198: {1}, 221: {2}, 741: {3}, 25: {4}}
clusters:[ 7  3 18 16 13 15  6  5  2 10 11 17 12  0  1 19  9  4  8 14]

round: 1
best_g_value: 174.0
open_list_size: 0
num_low_level_expanded: 347
search_success: 1
search_time: 3.03756187199906
n_tsp_call: 1
n_tsp_time: 3.0044495850015664
n_roots: 1
num_conflicts: 0
target_assignment: {478: 0, 605: 0, 601: 0, 822: 0, 514: 3, 706: 3, 553: 1, 581: 1, 613: 1, 614: 1, 487: 1, 364: 1, 342: 4, 501: 4, 625: 4, 402: 4, 369: 4, 307: 4, 83: 4, 57: 4}
cluster_target_selection: {1: 478, 7: 605, 6: 601, 11: 822, 18: 514, 5: 706, 10: 553, 9: 581, 3: 613, 14: 614, 15: 487, 13: 364, 16: 342, 4: 501, 12: 625, 8: 402, 17: 369, 0: 307, 2: 83, 19: 57}
num_nodes_transformed_graph: 98
agent_paths:({0: [(31, 25), (30, 25), (30, 24), (30, 23), (30, 22), (30, 21), (31, 21), (31, 20), (31, 19), (31, 18), (31, 17), (31, 16), (31, 15), (30, 15), (30, 14), (30, 15), (31, 15), (31, 16), (31, 17), (30, 17), (29, 17), (29, 18), (28, 18), (27, 18), (26, 18), (25, 18), (24, 18), (23, 18), (22, 18), (22, 19), (22, 20), (22, 21), (22, 22), (22, 23), (23, 23), (23, 24), (23, 25), (22, 25), (21, 25), (21, 26), (20, 26), (19, 26), (18, 26), (18, 27), (18, 28), (18, 29), (17, 29), (17, 30), (17, 30)], 1: [(11, 29), (10, 29), (10, 28), (10, 27), (10, 26), (10, 25), (11, 25), (11, 24), (11, 23), (10, 23), (9, 23), (9, 22), (9, 21), (9, 20), (9, 19), (9, 18), (9, 17), (9, 18), (8, 18), (7, 18), (6, 18), (5, 18), (5, 19), (6, 19), (6, 18), (6, 17), (6, 16), (6, 15), (7, 15), (7, 14), (7, 13), (8, 13), (9, 13), (9, 12), (9, 11), (10, 11), (11, 11), (12, 11), (11, 11), (10, 11), (9, 11), (9, 10), (9, 9), (8, 9), (7, 9), (6, 9), (6, 8), (6, 7), (6, 6), (6, 6)], 2: [(31, 3), (30, 3), (30, 4), (30, 5), (29, 5), (29, 6), (29, 6)], 3: [(2, 17), (2, 16), (2, 17), (2, 18), (2, 19), (2, 20), (2, 21), (2, 22), (3, 22), (4, 22), (5, 22), (5, 23), (5, 23)], 4: [(25, 9), (24, 9), (23, 9), (22, 9), (22, 10), (22, 11), (22, 12), (22, 13), (21, 13), (21, 14), (21, 15), (22, 15), (22, 16), (22, 17), (21, 17), (20, 17), (19, 17), (18, 17), (17, 17), (17, 18), (17, 19), (17, 18), (17, 17), (18, 17), (18, 16), (18, 15), (18, 14), (18, 13), (18, 12), (18, 11), (17, 11), (17, 10), (17, 9), (18, 9), (19, 9), (18, 9), (18, 8), (18, 7), (18, 6), (18, 5), (17, 5), (16, 5), (15, 5), (14, 5), (14, 4), (14, 3), (14, 2), (15, 2), (16, 2), (17, 2), (18, 2), (19, 2), (19, 1), (20, 1), (21, 1), (22, 1), (23, 1), (23, 2), (23, 3), (24, 3), (25, 3), (25, 2), (25, 1), (25, 0), (25, 0)]}, 63)