

CBSS-C STATS
starts:[914, 575, 421, 758, 417]
targets:[245, 393, 827, 857, 769, 751, 462, 139, 167, 170, 461, 574, 178, 835, 662, 1019, 923, 582, 171, 120]
dests:[304, 731, 558, 617, 701]
ac_dict:{245: {0, 1}, 393: {1, 2}, 827: {2, 3}, 857: {3, 4}, 304: {0}, 731: {1}, 558: {2}, 617: {3}, 701: {4}}
clusters:[ 2  6 11 18 17  7 13  4 14 12  8 16 19  1 15 10  9  0  5  3]

round: 1
best_g_value: 220.0
open_list_size: 0
num_low_level_expanded: 580
search_success: 1
search_time: 3.4471645659941714
n_tsp_call: 1
n_tsp_time: 3.4066594269970665
n_roots: 1
num_conflicts: 0
target_assignment: {662: 0, 245: 0, 178: 0, 574: 1, 835: 4, 769: 4, 582: 4, 167: 4, 170: 4, 171: 4, 139: 4, 120: 4, 393: 2, 461: 2, 462: 2, 857: 3, 827: 3, 923: 3, 1019: 3, 751: 3}
cluster_target_selection: {15: 662, 2: 245, 19: 178, 16: 574, 1: 835, 17: 769, 0: 582, 14: 167, 12: 170, 5: 171, 4: 139, 3: 120, 6: 393, 8: 461, 13: 462, 18: 857, 11: 827, 9: 923, 10: 1019, 7: 751}
num_nodes_transformed_graph: 98
agent_paths:({0: [(18, 28), (18, 27), (18, 26), (19, 26), (20, 26), (21, 26), (21, 25), (22, 25), (23, 25), (23, 24), (23, 23), (22, 23), (22, 22), (22, 21), (22, 20), (22, 19), (22, 18), (22, 17), (22, 16), (22, 15), (22, 14), (22, 13), (22, 12), (22, 11), (22, 10), (22, 9), (23, 9), (23, 8), (23, 7), (22, 7), (21, 7), (20, 7), (19, 7), (18, 7), (18, 6), (18, 5), (18, 6), (18, 7), (18, 8), (18, 9), (17, 9), (16, 9), (16, 9)], 1: [(31, 17), (30, 17), (29, 17), (29, 18), (28, 18), (27, 18), (27, 19), (27, 20), (27, 21), (27, 22), (27, 22)], 2: [(5, 13), (6, 13), (7, 13), (8, 13), (9, 13), (9, 12), (9, 13), (10, 13), (11, 13), (11, 14), (12, 14), (13, 14), (14, 14), (15, 14), (16, 14), (17, 14), (17, 15), (18, 15), (18, 16), (18, 17), (17, 17), (17, 18), (16, 18), (15, 18), (14, 18), (14, 17), (14, 17)], 3: [(22, 23), (23, 23), (23, 24), (23, 25), (24, 25), (25, 25), (25, 26), (25, 25), (26, 25), (27, 25), (27, 26), (27, 27), (27, 28), (27, 29), (27, 30), (27, 31), (26, 31), (25, 31), (24, 31), (23, 31), (22, 31), (21, 31), (20, 31), (19, 31), (18, 31), (18, 30), (18, 29), (18, 28), (18, 27), (17, 27), (16, 27), (15, 27), (15, 26), (15, 25), (15, 24), (15, 23), (14, 23), (13, 23), (12, 23), (11, 23), (10, 23), (9, 23), (9, 22), (9, 21), (9, 20), (9, 19), (9, 19)], 4: [(1, 13), (2, 13), (2, 14), (2, 15), (2, 16), (2, 17), (2, 18), (2, 19), (2, 20), (2, 21), (2, 22), (2, 23), (1, 23), (1, 24), (1, 25), (2, 25), (3, 25), (3, 26), (2, 26), (1, 26), (1, 25), (1, 24), (1, 23), (1, 22), (1, 21), (2, 21), (2, 20), (2, 19), (3, 19), (4, 19), (5, 19), (5, 18), (6, 18), (6, 17), (6, 16), (6, 15), (6, 14), (6, 13), (5, 13), (5, 12), (5, 11), (5, 10), (5, 9), (6, 9), (6, 8), (6, 7), (6, 6), (6, 5), (7, 5), (7, 6), (8, 6), (9, 6), (9, 5), (10, 5), (11, 5), (11, 4), (11, 3), (12, 3), (13, 3), (14, 3), (15, 3), (15, 2), (16, 2), (17, 2), (18, 2), (19, 2), (19, 1), (20, 1), (21, 1), (22, 1), (23, 1), (23, 2), (23, 3), (24, 3), (25, 3), (26, 3), (27, 3), (27, 4), (27, 5), (27, 6), (28, 6), (29, 6), (29, 7), (30, 7), (31, 7), (31, 8), (31, 9), (31, 10), (31, 11), (31, 12), (31, 13), (31, 14), (31, 15), (31, 16), (31, 17), (31, 18), (31, 19), (31, 20), (31, 21), (30, 21), (29, 21), (29, 21)]}, 100)