

CBSS-C STATS
starts:[429, 13]
targets:[832, 599, 747, 555, 230, 1018, 171, 539, 821, 958]
dests:[671, 382]
ac_dict:{832: {0, 1}, 671: {0}, 382: {1}}
clusters:[5 4 7 9 2 3 0 8 6 1]

round: 1
best_g_value: 147.0
open_list_size: 0
num_low_level_expanded: 351
search_success: 1
search_time: 0.06395085398980882
n_tsp_call: 1
n_tsp_time: 0.05075806801323779
n_roots: 1
num_conflicts: 0
target_assignment: {555: 0, 832: 0, 747: 0, 821: 0, 1018: 0, 958: 0, 171: 1, 230: 1, 599: 1, 539: 1}
cluster_target_selection: {9: 555, 5: 832, 7: 747, 6: 821, 3: 1018, 1: 958, 0: 171, 2: 230, 4: 599, 8: 539}
num_nodes_transformed_graph: 24
agent_paths:({0: [(13, 13), (13, 14), (12, 14), (11, 14), (11, 15), (11, 16), (11, 17), (10, 17), (9, 17), (9, 18), (8, 18), (7, 18), (6, 18), (5, 18), (5, 19), (4, 19), (3, 19), (2, 19), (2, 20), (2, 21), (1, 21), (1, 22), (1, 23), (1, 24), (1, 25), (1, 26), (0, 26), (1, 26), (1, 25), (1, 24), (1, 23), (2, 23), (3, 23), (3, 22), (4, 22), (5, 22), (6, 22), (7, 22), (7, 21), (8, 21), (9, 21), (10, 21), (11, 21), (11, 22), (11, 23), (12, 23), (13, 23), (14, 23), (15, 23), (15, 22), (16, 22), (17, 22), (17, 23), (17, 24), (17, 25), (18, 25), (19, 25), (19, 26), (20, 26), (21, 26), (21, 25), (22, 25), (23, 25), (23, 26), (23, 27), (23, 28), (23, 29), (23, 30), (23, 31), (24, 31), (25, 31), (26, 31), (27, 31), (28, 31), (29, 31), (29, 30), (29, 29), (30, 29), (31, 29), (31, 28), (31, 27), (31, 26), (31, 25), (30, 25), (30, 24), (30, 23), (30, 22), (30, 21), (31, 21), (31, 20), (31, 20)], 1: [(13, 0), (13, 1), (13, 2), (13, 3), (12, 3), (11, 3), (11, 4), (11, 5), (10, 5), (9, 5), (9, 6), (8, 6), (7, 6), (6, 6), (6, 7), (6, 8), (6, 9), (7, 9), (8, 9), (9, 9), (9, 10), (9, 11), (9, 12), (9, 13), (10, 13), (11, 13), (11, 14), (12, 14), (13, 14), (14, 14), (15, 14), (16, 14), (17, 14), (18, 14), (18, 15), (18, 16), (18, 17), (19, 17), (20, 17), (21, 17), (22, 17), (23, 17), (23, 18), (24, 18), (25, 18), (25, 17), (26, 17), (27, 17), (27, 16), (27, 15), (27, 14), (28, 14), (29, 14), (29, 13), (30, 13), (31, 13), (31, 12), (31, 11), (30, 11), (30, 11)]}, 89)