

CBSS-C STATS
starts:[889, 341, 296, 38, 742]
targets:[979, 170, 47, 214, 733, 235, 355, 373, 288, 823, 289, 674, 549, 219, 749, 70, 331, 955, 69, 627]
dests:[107, 358, 937, 586, 885]
ac_dict:{979: {0, 1}, 170: {1, 2}, 47: {2, 3}, 214: {3, 4}, 107: {0}, 358: {1}, 937: {2}, 586: {3}, 885: {4}}
clusters:[10  6  8  0  9  3 13  7  1  5 19 16 14  2  4 12 15 11 18 17]

round: 1
best_g_value: 265.0
open_list_size: 0
num_low_level_expanded: 660
search_success: 1
search_time: 0.9635214000009
n_tsp_call: 1
n_tsp_time: 0.9279147210036172
n_roots: 1
num_conflicts: 0
target_assignment: {955: 0, 979: 0, 823: 0, 733: 0, 627: 0, 355: 2, 288: 2, 289: 2, 549: 2, 674: 2, 749: 4, 69: 3, 70: 3, 47: 3, 219: 3, 214: 3, 331: 3, 373: 1, 235: 1, 170: 1}
cluster_target_selection: {11: 955, 10: 979, 5: 823, 9: 733, 17: 627, 13: 355, 1: 288, 19: 289, 14: 549, 16: 674, 4: 749, 18: 69, 12: 70, 8: 47, 2: 219, 0: 214, 15: 331, 7: 373, 3: 235, 6: 170}
num_nodes_transformed_graph: 53
agent_paths:({0: [(25, 27), (26, 27), (27, 27), (27, 28), (27, 29), (26, 29), (25, 29), (25, 30), (25, 31), (24, 31), (23, 31), (22, 31), (21, 31), (20, 31), (19, 31), (19, 30), (19, 29), (18, 29), (18, 28), (18, 27), (18, 26), (19, 26), (20, 26), (21, 26), (21, 25), (22, 25), (23, 25), (24, 25), (25, 25), (26, 25), (27, 25), (27, 24), (27, 23), (28, 23), (29, 23), (29, 22), (29, 23), (28, 23), (27, 23), (27, 22), (27, 21), (27, 20), (27, 19), (26, 19), (25, 19), (25, 18), (24, 18), (23, 18), (22, 18), (21, 18), (21, 17), (20, 17), (19, 17), (19, 18), (19, 19), (18, 19), (18, 18), (18, 17), (18, 16), (18, 15), (18, 14), (18, 13), (18, 12), (18, 11), (17, 11), (17, 10), (17, 9), (16, 9), (15, 9), (14, 9), (14, 8), (14, 7), (13, 7), (13, 6), (13, 5), (12, 5), (11, 5), (11, 4), (11, 3), (11, 3)], 1: [(21, 10), (21, 11), (20, 11), (19, 11), (18, 11), (17, 11), (17, 10), (17, 9), (16, 9), (15, 9), (14, 9), (14, 8), (14, 7), (13, 7), (13, 6), (13, 5), (12, 5), (11, 5), (11, 6), (11, 7), (10, 7), (10, 6), (10, 5), (9, 5), (9, 6), (8, 6), (7, 6), (6, 6), (6, 7), (6, 8), (6, 9), (6, 10), (6, 11), (6, 11)], 2: [(8, 9), (7, 9), (6, 9), (5, 9), (5, 10), (4, 10), (3, 10), (3, 11), (2, 11), (1, 11), (1, 10), (1, 9), (0, 9), (1, 9), (2, 9), (3, 9), (3, 10), (4, 10), (5, 10), (5, 11), (5, 12), (5, 13), (5, 14), (5, 15), (6, 15), (6, 16), (6, 17), (5, 17), (5, 18), (5, 19), (4, 19), (3, 19), (2, 19), (2, 20), (2, 21), (2, 22), (2, 23), (1, 23), (1, 24), (1, 25), (2, 25), (3, 25), (3, 26), (3, 27), (3, 28), (3, 29), (3, 30), (4, 30), (5, 30), (6, 30), (7, 30), (8, 30), (9, 30), (9, 29), (9, 29)], 3: [(6, 1), (5, 1), (5, 2), (6, 2), (6, 1), (7, 1), (8, 1), (9, 1), (10, 1), (11, 1), (11, 2), (11, 3), (12, 3), (13, 3), (13, 2), (13, 1), (14, 1), (15, 1), (15, 2), (16, 2), (17, 2), (18, 2), (19, 2), (19, 1), (20, 1), (21, 1), (22, 1), (23, 1), (23, 2), (23, 3), (24, 3), (25, 3), (26, 3), (27, 3), (27, 4), (27, 5), (27, 6), (26, 6), (25, 6), (25, 7), (25, 8), (25, 9), (24, 9), (23, 9), (23, 8), (23, 7), (22, 7), (22, 6), (21, 6), (21, 7), (20, 7), (19, 7), (18, 7), (18, 8), (18, 9), (17, 9), (16, 9), (15, 9), (14, 9), (13, 9), (13, 10), (13, 11), (12, 11), (11, 11), (11, 10), (10, 10), (10, 11), (9, 11), (9, 12), (9, 13), (10, 13), (10, 14), (10, 15), (11, 15), (11, 16), (11, 17), (10, 17), (10, 18), (10, 18)], 4: [(6, 23), (7, 23), (7, 22), (7, 21), (8, 21), (9, 21), (10, 21), (11, 21), (11, 22), (11, 23), (12, 23), (13, 23), (14, 23), (15, 23), (15, 24), (15, 25), (15, 26), (15, 27), (16, 27), (17, 27), (18, 27), (19, 27), (19, 26), (20, 26), (21, 26), (21, 27), (21, 27)]}, 78)