

CBSS-C STATS
starts:[333, 851, 759, 122, 891]
targets:[454, 881, 366, 207, 114, 982, 312, 733, 71, 222, 849, 699, 874, 838, 642, 923, 850, 443, 249, 890]
dests:[968, 202, 254, 219, 117]
ac_dict:{454: {0, 1}, 881: {1, 2}, 366: {2, 3}, 207: {3, 4}, 968: {0}, 202: {1}, 254: {2}, 219: {3}, 117: {4}}
clusters:[0 2 5 6 2 4 1 7 5 3 3 7 9 1 1 8 9 9 2 3]

round: 5
best_g_value: 184.0
open_list_size: 4
num_low_level_expanded: 1421
search_success: 1
search_time: 2.740865245927125
n_tsp_call: 14
n_tsp_time: 2.521679467521608
n_roots: 1
num_conflicts: 4
target_assignment: {874: 0, 849: 1, 881: 1, 454: 1, 71: 1, 982: 2, 923: 2, 699: 4, 312: 4, 207: 4}
cluster_target_selection: {9: 874, 3: 849, 2: 881, 0: 454, 5: 71, 4: 982, 8: 923, 7: 699, 1: 312, 6: 207}
num_nodes_transformed_graph: 52
agent_paths:({0: [(13, 10), (13, 11), (12, 11), (11, 11), (10, 11), (9, 11), (9, 12), (9, 13), (10, 13), (10, 14), (10, 15), (11, 15), (11, 16), (11, 17), (10, 17), (10, 18), (10, 19), (10, 19), (10, 19), (10, 19), (9, 19), (9, 20), (9, 21), (10, 21), (10, 22), (10, 23), (11, 23), (11, 24), (11, 25), (10, 25), (10, 26), (10, 27), (10, 28), (10, 29), (9, 29), (9, 30), (8, 30), (8, 30)], 1: [(19, 26), (18, 26), (17, 26), (17, 27), (16, 27), (15, 27), (14, 27), (13, 27), (12, 27), (11, 27), (11, 26), (11, 25), (11, 24), (11, 23), (10, 23), (9, 23), (9, 22), (9, 21), (9, 20), (9, 19), (9, 18), (8, 18), (7, 18), (6, 18), (6, 17), (6, 16), (6, 15), (6, 14), (6, 13), (5, 13), (5, 12), (5, 11), (5, 10), (5, 9), (6, 9), (6, 8), (6, 7), (6, 6), (6, 5), (6, 4), (6, 3), (6, 2), (7, 2), (7, 3), (6, 3), (6, 4), (6, 5), (7, 5), (7, 6), (8, 6), (9, 6), (10, 6), (10, 6)], 2: [(23, 23), (23, 24), (23, 25), (23, 26), (23, 27), (23, 28), (23, 29), (22, 29), (22, 30), (23, 30), (23, 31), (24, 31), (25, 31), (25, 30), (25, 29), (26, 29), (27, 29), (27, 28), (27, 27), (27, 26), (27, 25), (27, 24), (27, 23), (27, 22), (27, 21), (27, 20), (27, 19), (27, 18), (27, 17), (27, 16), (27, 15), (27, 14), (27, 13), (27, 12), (27, 11), (27, 10), (28, 10), (29, 10), (29, 9), (30, 9), (31, 9), (31, 8), (31, 7), (30, 7), (30, 7)], 3: [(26, 3), (27, 3), (27, 4), (27, 5), (27, 6), (27, 6)], 4: [(27, 27), (27, 26), (27, 25), (27, 24), (27, 23), (27, 22), (27, 21), (27, 20), (27, 19), (27, 18), (27, 17), (27, 16), (27, 15), (27, 14), (27, 13), (27, 12), (27, 11), (26, 11), (25, 11), (25, 10), (25, 9), (24, 9), (23, 9), (23, 8), (23, 7), (22, 7), (21, 7), (20, 7), (19, 7), (18, 7), (17, 7), (17, 6), (17, 5), (16, 5), (15, 5), (15, 6), (15, 5), (14, 5), (14, 4), (14, 3), (15, 3), (15, 2), (16, 2), (17, 2), (18, 2), (19, 2), (19, 1), (20, 1), (21, 1), (21, 2), (21, 3), (21, 3)]}, 51)