

CBSS-C STATS
starts:[1012, 462, 454]
targets:[121, 481, 935, 765, 817, 1008, 743, 172, 206, 858, 557, 476, 17, 33, 1009]
dests:[619, 38, 37]
ac_dict:{121: {0, 1}, 481: {1, 2}, 619: {0}, 38: {1}, 37: {2}}
clusters:[11 12  1 10  7  9  3 13  2  5 14  4  0  8  6]

round: 1
best_g_value: 226.0
open_list_size: 0
num_low_level_expanded: 559
search_success: 1
search_time: 0.26683712800149806
n_tsp_call: 1
n_tsp_time: 0.24018835599417798
n_roots: 1
num_conflicts: 0
target_assignment: {1009: 0, 1008: 0, 817: 0, 935: 0, 743: 0, 557: 1, 858: 1, 765: 1, 476: 1, 121: 1, 17: 1, 206: 1, 172: 1, 481: 2, 33: 2}
cluster_target_selection: {6: 1009, 9: 1008, 7: 817, 1: 935, 3: 743, 14: 557, 5: 858, 10: 765, 4: 476, 11: 121, 0: 17, 2: 206, 13: 172, 12: 481, 8: 33}
num_nodes_transformed_graph: 49
agent_paths:({0: [(20, 31), (19, 31), (18, 31), (17, 31), (16, 31), (17, 31), (17, 30), (17, 29), (18, 29), (18, 28), (18, 27), (17, 27), (17, 26), (17, 25), (17, 26), (17, 27), (16, 27), (15, 27), (14, 27), (13, 27), (12, 27), (11, 27), (10, 27), (10, 28), (10, 29), (9, 29), (9, 30), (8, 30), (7, 30), (7, 29), (7, 30), (8, 30), (9, 30), (9, 29), (10, 29), (10, 28), (10, 27), (10, 26), (10, 25), (11, 25), (11, 24), (11, 23), (10, 23), (9, 23), (9, 22), (9, 21), (8, 21), (7, 21), (7, 22), (7, 23), (7, 22), (7, 21), (8, 21), (9, 21), (9, 20), (9, 19), (10, 19), (11, 19), (11, 19)], 1: [(14, 14), (15, 14), (16, 14), (17, 14), (17, 15), (18, 15), (18, 16), (18, 17), (17, 17), (17, 18), (16, 18), (15, 18), (14, 18), (13, 18), (13, 17), (14, 17), (15, 17), (15, 18), (16, 18), (17, 18), (18, 18), (19, 18), (19, 17), (20, 17), (21, 17), (22, 17), (22, 18), (22, 19), (22, 20), (22, 21), (23, 21), (23, 22), (23, 23), (23, 24), (23, 25), (24, 25), (25, 25), (26, 25), (26, 26), (26, 25), (27, 25), (27, 24), (27, 23), (28, 23), (29, 23), (28, 23), (27, 23), (27, 22), (27, 21), (27, 20), (27, 19), (27, 18), (27, 17), (27, 16), (27, 15), (27, 14), (28, 14), (27, 14), (27, 13), (27, 12), (27, 11), (26, 11), (25, 11), (25, 10), (25, 9), (25, 8), (25, 7), (25, 6), (25, 5), (26, 5), (27, 5), (27, 4), (27, 3), (26, 3), (25, 3), (24, 3), (23, 3), (22, 3), (21, 3), (21, 2), (21, 1), (20, 1), (19, 1), (18, 1), (17, 1), (17, 0), (17, 1), (17, 2), (16, 2), (15, 2), (14, 2), (14, 3), (14, 4), (14, 5), (14, 6), (13, 6), (13, 5), (12, 5), (11, 5), (11, 4), (11, 3), (10, 3), (9, 3), (9, 2), (9, 1), (8, 1), (7, 1), (6, 1), (6, 1)], 2: [(6, 14), (6, 15), (6, 16), (6, 17), (5, 17), (5, 18), (5, 19), (4, 19), (3, 19), (2, 19), (2, 18), (2, 17), (2, 16), (2, 15), (1, 15), (2, 15), (2, 16), (2, 17), (3, 17), (3, 18), (3, 19), (4, 19), (5, 19), (5, 18), (5, 17), (6, 17), (6, 16), (6, 15), (5, 15), (5, 14), (5, 13), (5, 12), (5, 11), (5, 10), (5, 9), (6, 9), (6, 8), (6, 7), (5, 7), (5, 6), (5, 5), (4, 5), (3, 5), (3, 4), (3, 3), (2, 3), (1, 3), (1, 2), (1, 1), (2, 1), (3, 1), (3, 2), (3, 3), (3, 4), (3, 5), (4, 5), (5, 5), (6, 5), (6, 4), (6, 3), (5, 3), (5, 2), (5, 1), (5, 1)]}, 107)