

CBSS-C STATS
starts:[438, 598, 193, 923, 217]
targets:[372, 475, 177, 889, 510, 893, 890, 979, 21, 1020]
dests:[324, 254, 425, 455, 811]
ac_dict:{372: {0, 1}, 475: {1, 2}, 177: {2, 3}, 889: {3, 4}, 324: {0}, 254: {1}, 425: {2}, 455: {3}, 811: {4}}
clusters:[0 1 0 1 1 1 1 0 0 1]

round: 6
best_g_value: 138.0
open_list_size: 5
num_low_level_expanded: 2465
search_success: 1
search_time: 0.7362102842889726
n_tsp_call: 4
n_tsp_time: 0.38493520580232143
n_roots: 1
num_conflicts: 5
target_assignment: {372: 0, 890: 3}
cluster_target_selection: {0: 372, 1: 890}
num_nodes_transformed_graph: 48
agent_paths:({0: [(22, 13), (22, 12), (22, 11), (21, 11), (20, 11), (19, 11), (18, 11), (17, 11), (17, 10), (17, 9), (16, 9), (15, 9), (14, 9), (13, 9), (13, 10), (13, 11), (12, 11), (11, 11), (10, 11), (9, 11), (9, 10), (9, 9), (8, 9), (7, 9), (6, 9), (5, 9), (5, 10), (4, 10), (4, 10)], 1: [(22, 18), (23, 18), (24, 18), (25, 18), (25, 17), (26, 17), (27, 17), (27, 16), (27, 15), (27, 14), (27, 13), (27, 12), (27, 11), (27, 10), (28, 10), (29, 10), (29, 9), (30, 9), (31, 9), (31, 8), (31, 7), (30, 7), (30, 7)], 2: [(1, 6), (2, 6), (3, 6), (3, 5), (4, 5), (5, 5), (6, 5), (6, 6), (6, 7), (6, 8), (6, 9), (7, 9), (8, 9), (9, 9), (9, 10), (9, 11), (9, 12), (9, 13), (9, 13)], 3: [(27, 28), (27, 27), (26, 27), (25, 27), (25, 26), (25, 25), (24, 25), (23, 25), (23, 24), (23, 23), (22, 23), (21, 23), (21, 22), (21, 21), (20, 21), (19, 21), (18, 21), (17, 21), (17, 22), (16, 22), (15, 22), (14, 22), (13, 22), (13, 23), (12, 23), (11, 23), (10, 23), (9, 23), (9, 22), (9, 21), (9, 20), (9, 19), (9, 18), (8, 18), (7, 18), (7, 17), (6, 17), (6, 16), (6, 15), (6, 14), (7, 14), (7, 14)], 4: [(25, 6), (25, 7), (25, 8), (25, 9), (24, 9), (23, 9), (22, 9), (22, 10), (22, 11), (22, 12), (22, 13), (22, 14), (22, 15), (22, 16), (22, 17), (22, 18), (22, 19), (22, 20), (22, 21), (21, 21), (20, 21), (19, 21), (18, 21), (17, 21), (17, 22), (16, 22), (15, 22), (14, 22), (13, 22), (13, 23), (12, 23), (11, 23), (11, 24), (11, 25), (11, 25)]}, 40)