

CBSS-C STATS
starts:[710, 107, 470]
targets:[367, 506, 838, 561, 447, 250, 544, 971, 622, 411, 675, 821, 443, 94, 374]
dests:[769, 717, 245]
ac_dict:{367: {0, 1}, 506: {1, 2}, 769: {0}, 717: {1}, 245: {2}}
clusters:[ 8  2  6 11  7 13 12  3  5  1 14  9  0  4 10]

round: 1
best_g_value: 178.0
open_list_size: 0
num_low_level_expanded: 389
search_success: 1
search_time: 0.12177533700014465
n_tsp_call: 1
n_tsp_time: 0.10358033100783359
n_roots: 1
num_conflicts: 0
target_assignment: {675: 0, 544: 0, 838: 0, 971: 0, 367: 1, 622: 1, 561: 1, 821: 1, 374: 2, 250: 2, 94: 2, 447: 2, 506: 2, 443: 2, 411: 2}
cluster_target_selection: {14: 675, 12: 544, 6: 838, 3: 971, 8: 367, 5: 622, 11: 561, 9: 821, 10: 374, 13: 250, 4: 94, 7: 447, 2: 506, 0: 443, 1: 411}
num_nodes_transformed_graph: 26
agent_paths:({0: [(6, 22), (5, 22), (4, 22), (3, 22), (3, 21), (2, 21), (2, 20), (2, 19), (1, 19), (1, 18), (1, 17), (0, 17), (1, 17), (2, 17), (2, 18), (2, 19), (2, 20), (2, 21), (2, 22), (2, 23), (1, 23), (1, 24), (1, 25), (2, 25), (3, 25), (3, 26), (4, 26), (5, 26), (6, 26), (5, 26), (4, 26), (3, 26), (3, 27), (3, 28), (3, 29), (3, 30), (4, 30), (5, 30), (6, 30), (7, 30), (8, 30), (9, 30), (10, 30), (11, 30), (10, 30), (9, 30), (8, 30), (7, 30), (6, 30), (5, 30), (4, 30), (3, 30), (3, 29), (3, 28), (3, 27), (2, 27), (1, 27), (1, 26), (1, 25), (1, 24), (1, 24)], 1: [(11, 3), (12, 3), (13, 3), (14, 3), (14, 4), (14, 5), (14, 6), (14, 7), (14, 8), (14, 9), (15, 9), (15, 10), (15, 11), (15, 10), (15, 9), (16, 9), (17, 9), (17, 10), (17, 11), (18, 11), (18, 12), (18, 13), (18, 14), (18, 15), (18, 16), (18, 17), (17, 17), (17, 18), (16, 18), (15, 18), (14, 18), (14, 19), (14, 18), (15, 18), (16, 18), (17, 18), (17, 17), (18, 17), (19, 17), (20, 17), (21, 17), (21, 18), (21, 19), (22, 19), (22, 20), (22, 21), (22, 22), (22, 23), (23, 23), (23, 24), (23, 25), (22, 25), (21, 25), (21, 26), (20, 26), (19, 26), (18, 26), (17, 26), (17, 25), (17, 24), (17, 23), (17, 22), (16, 22), (15, 22), (14, 22), (13, 22), (13, 22)], 2: [(22, 14), (22, 13), (22, 12), (22, 11), (22, 10), (22, 9), (23, 9), (24, 9), (25, 9), (25, 8), (25, 7), (26, 7), (26, 6), (26, 5), (27, 5), (27, 4), (27, 3), (27, 2), (28, 2), (29, 2), (30, 2), (30, 3), (30, 4), (30, 5), (31, 5), (31, 6), (31, 7), (31, 8), (31, 9), (31, 10), (31, 11), (31, 12), (31, 13), (30, 13), (29, 13), (29, 14), (28, 14), (27, 14), (26, 14), (26, 15), (26, 14), (26, 13), (27, 13), (27, 12), (27, 11), (26, 11), (25, 11), (25, 10), (25, 9), (24, 9), (23, 9), (23, 8), (23, 7), (22, 7), (21, 7), (21, 7)]}, 65)