

CBSS-C STATS
starts:[312, 759, 65, 279, 617]
targets:[997, 826, 102, 1020, 545, 906, 769, 291, 458, 1001]
dests:[493, 845, 1006, 638, 675]
ac_dict:{997: {0, 1}, 826: {1, 2}, 102: {2, 3}, 1020: {3, 4}, 493: {0}, 845: {1}, 1006: {2}, 638: {3}, 675: {4}}
clusters:[4 3 2 4 1 3 0 0 2 4]

round: 3
best_g_value: 141.0
open_list_size: 2
num_low_level_expanded: 526
search_success: 1
search_time: 2.1680433647707105
n_tsp_call: 9
n_tsp_time: 2.004471263382584
n_roots: 1
num_conflicts: 2
target_assignment: {102: 2, 545: 2, 769: 2, 1001: 2, 906: 2}
cluster_target_selection: {2: 102, 1: 545, 0: 769, 4: 1001, 3: 906}
num_nodes_transformed_graph: 48
agent_paths:({0: [(24, 9), (23, 9), (22, 9), (21, 9), (21, 10), (21, 11), (20, 11), (19, 11), (18, 11), (18, 12), (18, 13), (17, 13), (17, 14), (16, 14), (15, 14), (14, 14), (13, 14), (13, 15), (13, 15)], 1: [(23, 23), (23, 24), (23, 25), (22, 25), (21, 25), (21, 26), (20, 26), (19, 26), (18, 26), (17, 26), (17, 27), (16, 27), (15, 27), (14, 27), (13, 27), (13, 26), (13, 26)], 2: [(1, 2), (2, 2), (3, 2), (3, 3), (3, 4), (3, 5), (4, 5), (5, 5), (6, 5), (6, 4), (6, 3), (6, 4), (6, 5), (6, 6), (6, 7), (6, 8), (6, 9), (5, 9), (5, 10), (5, 11), (5, 12), (5, 13), (5, 14), (5, 15), (6, 15), (6, 16), (6, 17), (5, 17), (5, 18), (5, 19), (4, 19), (3, 19), (2, 19), (1, 19), (1, 18), (1, 17), (1, 18), (1, 19), (2, 19), (2, 20), (2, 21), (1, 21), (1, 22), (1, 23), (1, 24), (1, 25), (2, 25), (3, 25), (3, 26), (3, 27), (3, 28), (3, 29), (3, 30), (4, 30), (5, 30), (6, 30), (7, 30), (8, 30), (9, 30), (9, 31), (9, 30), (9, 29), (10, 29), (10, 28), (10, 27), (11, 27), (12, 27), (13, 27), (14, 27), (15, 27), (16, 27), (17, 27), (18, 27), (18, 28), (18, 29), (17, 29), (17, 30), (17, 31), (16, 31), (15, 31), (14, 31), (14, 31)], 3: [(23, 8), (23, 8), (23, 9), (24, 9), (25, 9), (26, 9), (27, 9), (27, 10), (27, 11), (27, 12), (27, 13), (27, 14), (27, 15), (27, 16), (27, 17), (27, 18), (28, 18), (29, 18), (30, 18), (30, 19), (30, 19)], 4: [(9, 19), (9, 20), (9, 21), (8, 21), (7, 21), (6, 21), (5, 21), (5, 22), (4, 22), (3, 22), (3, 21), (3, 21)]}, 80)