

CBSS-C STATS
starts:[974, 198, 178, 367, 814]
targets:[697, 795, 503, 103, 274, 359, 679, 485, 67, 546, 649, 883, 351, 446, 62, 49, 747, 929, 854, 244]
dests:[221, 583, 415, 65, 621]
ac_dict:{697: {0, 1}, 795: {1, 2}, 503: {2, 3}, 103: {3, 4}, 221: {0}, 583: {1}, 415: {2}, 65: {3}, 621: {4}}
clusters:[5 5 9 2 2 9 9 2 8 1 4 8 0 7 6 0 2 7 3 7]

round: 9
best_g_value: 176.0
open_list_size: 8
num_low_level_expanded: 2807
search_success: 1
search_time: 2.7454054709523916
n_tsp_call: 12
n_tsp_time: 2.3209328749217093
n_roots: 1
num_conflicts: 8
target_assignment: {883: 0, 854: 0, 697: 0, 446: 0, 62: 0, 485: 1, 546: 1, 679: 1, 649: 1, 351: 2}
cluster_target_selection: {8: 883, 3: 854, 5: 697, 7: 446, 6: 62, 2: 485, 1: 546, 9: 679, 4: 649, 0: 351}
num_nodes_transformed_graph: 53
agent_paths:({0: [(14, 30), (15, 30), (15, 31), (16, 31), (17, 31), (17, 30), (17, 29), (18, 29), (18, 28), (18, 27), (19, 27), (19, 26), (20, 26), (21, 26), (22, 26), (22, 25), (23, 25), (24, 25), (25, 25), (26, 25), (27, 25), (27, 24), (27, 23), (26, 23), (25, 23), (25, 22), (25, 21), (26, 21), (27, 21), (27, 20), (27, 19), (27, 18), (27, 17), (27, 16), (27, 15), (27, 14), (28, 14), (29, 14), (29, 13), (30, 13), (29, 13), (29, 14), (28, 14), (27, 14), (27, 13), (27, 12), (27, 11), (27, 10), (28, 10), (29, 10), (29, 9), (30, 9), (31, 9), (31, 8), (31, 7), (30, 7), (30, 6), (30, 5), (30, 4), (30, 3), (30, 2), (30, 1), (30, 2), (30, 3), (30, 4), (30, 5), (29, 5), (29, 6), (29, 6)], 1: [(6, 6), (6, 7), (6, 8), (6, 9), (5, 9), (5, 10), (5, 11), (5, 12), (5, 13), (5, 14), (5, 15), (6, 15), (6, 16), (6, 17), (5, 17), (5, 18), (5, 19), (4, 19), (3, 19), (2, 19), (2, 18), (2, 17), (2, 18), (2, 19), (2, 20), (2, 21), (3, 21), (3, 22), (4, 22), (5, 22), (5, 21), (6, 21), (7, 21), (8, 21), (9, 21), (9, 20), (9, 19), (9, 18), (8, 18), (7, 18), (7, 18)], 2: [(18, 5), (19, 5), (19, 6), (19, 7), (20, 7), (21, 7), (22, 7), (23, 7), (23, 8), (23, 9), (24, 9), (25, 9), (26, 9), (27, 9), (27, 10), (28, 10), (29, 10), (30, 10), (31, 10), (31, 11), (31, 12), (31, 12)], 3: [(15, 11), (14, 11), (13, 11), (12, 11), (11, 11), (10, 11), (9, 11), (9, 10), (9, 9), (8, 9), (7, 9), (6, 9), (6, 8), (6, 7), (5, 7), (5, 6), (5, 5), (4, 5), (3, 5), (3, 4), (3, 3), (2, 3), (1, 3), (1, 2), (1, 2)], 4: [(14, 25), (15, 25), (15, 24), (15, 23), (15, 22), (16, 22), (17, 22), (17, 21), (18, 21), (19, 21), (20, 21), (21, 21), (22, 21), (22, 20), (22, 19), (21, 19), (21, 18), (21, 17), (20, 17), (19, 17), (18, 17), (17, 17), (17, 18), (16, 18), (15, 18), (14, 18), (13, 18), (13, 19), (13, 19)]}, 67)