

CBSS-C STATS
starts:[962, 733, 562, 719, 713]
targets:[215, 461, 1001, 362, 852, 986, 739, 296, 1007, 857]
dests:[617, 375, 1005, 849, 881]
ac_dict:{215: {0, 1}, 461: {1, 2}, 1001: {2, 3}, 362: {3, 4}, 617: {0}, 375: {1}, 1005: {2}, 849: {3}, 881: {4}}
clusters:[1 1 0 0 1 0 1 1 1 0]

round: 1
best_g_value: 97.0
open_list_size: 0
num_low_level_expanded: 240
search_success: 1
search_time: 0.07821474084630609
n_tsp_call: 1
n_tsp_time: 0.06586312176659703
n_roots: 1
num_conflicts: 0
target_assignment: {739: 0, 857: 2}
cluster_target_selection: {1: 739, 0: 857}
num_nodes_transformed_graph: 28
agent_paths:({0: [(2, 30), (2, 29), (3, 29), (3, 28), (3, 27), (3, 26), (3, 25), (2, 25), (1, 25), (1, 24), (1, 23), (2, 23), (3, 23), (3, 22), (4, 22), (5, 22), (5, 21), (6, 21), (7, 21), (8, 21), (9, 21), (9, 20), (9, 19), (9, 19)], 1: [(29, 22), (29, 23), (28, 23), (27, 23), (27, 22), (27, 21), (27, 20), (27, 19), (26, 19), (25, 19), (25, 18), (24, 18), (23, 18), (23, 17), (22, 17), (22, 16), (22, 15), (22, 14), (22, 13), (22, 12), (22, 11), (23, 11), (23, 11)], 2: [(18, 17), (19, 17), (20, 17), (21, 17), (22, 17), (22, 18), (22, 19), (22, 20), (22, 21), (23, 21), (23, 22), (23, 23), (23, 24), (23, 25), (24, 25), (25, 25), (25, 26), (25, 25), (24, 25), (23, 25), (22, 25), (21, 25), (21, 26), (20, 26), (19, 26), (18, 26), (18, 27), (18, 28), (18, 29), (17, 29), (17, 30), (17, 31), (16, 31), (15, 31), (14, 31), (13, 31), (13, 31)], 3: [(15, 22), (16, 22), (17, 22), (17, 23), (17, 24), (17, 25), (17, 26), (17, 26)], 4: [(9, 22), (10, 22), (11, 22), (11, 23), (12, 23), (13, 23), (14, 23), (15, 23), (15, 24), (15, 25), (15, 26), (15, 27), (16, 27), (17, 27), (17, 27)]}, 35)