

CBSS-C STATS
starts:[563, 731, 950, 490, 415]
targets:[706, 871, 455, 350, 899, 683, 633, 1013, 102, 869]
dests:[503, 930, 199, 974, 889]
ac_dict:{706: {0, 1}, 871: {1, 2}, 455: {2, 3}, 350: {3, 4}, 503: {0}, 930: {1}, 199: {2}, 974: {3}, 889: {4}}
clusters:[1 2 2 0 0 4 4 3 4 3]

round: 2
best_g_value: 156.0
open_list_size: 1
num_low_level_expanded: 952
search_success: 1
search_time: 0.2859394238330424
n_tsp_call: 1
n_tsp_time: 0.25638334127143025
n_roots: 1
num_conflicts: 1
target_assignment: {706: 1, 899: 1, 1013: 2, 683: 2, 455: 2}
cluster_target_selection: {1: 706, 0: 899, 3: 1013, 4: 683, 2: 455}
num_nodes_transformed_graph: 48
agent_paths:({0: [(19, 17), (20, 17), (21, 17), (22, 17), (22, 16), (22, 15), (23, 15), (23, 15)], 1: [(27, 22), (27, 23), (27, 24), (27, 25), (26, 25), (25, 25), (24, 25), (23, 25), (23, 24), (23, 23), (22, 23), (21, 23), (21, 22), (21, 21), (20, 21), (19, 21), (18, 21), (17, 21), (17, 22), (16, 22), (15, 22), (14, 22), (13, 22), (13, 23), (12, 23), (11, 23), (10, 23), (9, 23), (9, 22), (9, 21), (8, 21), (7, 21), (6, 21), (5, 21), (5, 22), (4, 22), (3, 22), (2, 22), (2, 23), (1, 23), (1, 24), (1, 25), (2, 25), (3, 25), (3, 26), (3, 27), (3, 28), (3, 29), (2, 29), (2, 29)], 2: [(22, 29), (21, 29), (21, 30), (21, 31), (20, 31), (19, 31), (18, 31), (18, 30), (18, 29), (18, 28), (18, 27), (17, 27), (16, 27), (15, 27), (15, 26), (15, 25), (15, 24), (15, 23), (14, 23), (13, 23), (12, 23), (11, 23), (11, 22), (11, 21), (10, 21), (9, 21), (9, 20), (9, 19), (9, 18), (8, 18), (7, 18), (7, 17), (6, 17), (6, 16), (6, 15), (6, 14), (7, 14), (7, 13), (6, 13), (5, 13), (5, 12), (5, 11), (5, 10), (5, 9), (6, 9), (6, 8), (6, 7), (6, 6), (7, 6), (7, 6)], 3: [(10, 15), (11, 15), (11, 16), (11, 17), (11, 18), (11, 19), (10, 19), (9, 19), (9, 20), (9, 21), (10, 21), (11, 21), (11, 22), (11, 23), (11, 24), (11, 25), (11, 26), (11, 27), (12, 27), (13, 27), (14, 27), (15, 27), (16, 27), (17, 27), (18, 27), (18, 28), (18, 29), (17, 29), (17, 30), (17, 31), (16, 31), (15, 31), (14, 31), (14, 30), (14, 30)], 4: [(31, 12), (31, 13), (30, 13), (29, 13), (29, 14), (28, 14), (27, 14), (27, 15), (27, 16), (27, 17), (27, 18), (27, 19), (27, 20), (27, 21), (27, 22), (27, 23), (27, 24), (27, 25), (26, 25), (25, 25), (25, 26), (25, 27), (25, 27)]}, 48)