

CBSS-C STATS
starts:[951, 873, 518]
targets:[467, 119, 555, 763, 50, 66, 1001, 965, 514, 127, 854, 21, 358, 759, 701]
dests:[96, 178, 566]
ac_dict:{467: {0, 1}, 119: {1, 2}, 96: {0}, 178: {1}, 566: {2}}
clusters:[ 8 11  3  7  6  5 12 10  4  2  9  1 13  0 14]

round: 13
best_g_value: 210.0
open_list_size: 42
num_low_level_expanded: 19765
search_success: 1
search_time: 8.04306647600606
n_tsp_call: 196
n_tsp_time: 6.418757679944974
n_roots: 16
num_conflicts: 27
target_assignment: {854: 0, 701: 0, 763: 0, 759: 0, 358: 0, 66: 0, 1001: 1, 965: 1, 514: 1, 555: 1, 467: 1, 127: 1, 119: 1, 21: 1, 50: 1}
cluster_target_selection: {9: 854, 14: 701, 7: 763, 0: 759, 13: 358, 5: 66, 12: 1001, 10: 965, 4: 514, 3: 555, 8: 467, 2: 127, 11: 119, 1: 21, 6: 50}
num_nodes_transformed_graph: 27
agent_paths:({0: [(23, 29), (23, 28), (23, 27), (22, 27), (22, 26), (22, 25), (23, 25), (24, 25), (25, 25), (26, 25), (27, 25), (27, 24), (27, 23), (28, 23), (29, 23), (29, 22), (29, 21), (29, 22), (29, 23), (28, 23), (27, 23), (27, 24), (27, 25), (26, 25), (25, 25), (24, 25), (23, 25), (23, 24), (23, 23), (22, 23), (22, 22), (22, 21), (22, 20), (22, 19), (21, 19), (21, 18), (21, 17), (20, 17), (19, 17), (18, 17), (18, 16), (18, 15), (17, 15), (17, 14), (16, 14), (15, 14), (14, 14), (13, 14), (12, 14), (11, 14), (10, 14), (9, 14), (9, 13), (8, 13), (7, 13), (6, 13), (5, 13), (5, 12), (5, 11), (6, 11), (6, 10), (6, 9), (6, 8), (6, 7), (5, 7), (5, 6), (5, 5), (4, 5), (3, 5), (3, 4), (3, 3), (2, 3), (2, 2), (1, 2), (1, 3), (0, 3), (0, 3)], 1: [(9, 27), (10, 27), (10, 28), (10, 29), (9, 29), (9, 30), (9, 31), (9, 30), (8, 30), (7, 30), (6, 30), (5, 30), (4, 30), (3, 30), (3, 29), (3, 28), (3, 27), (2, 27), (2, 26), (2, 25), (1, 25), (1, 24), (1, 23), (1, 22), (1, 21), (2, 21), (2, 20), (2, 19), (2, 18), (2, 17), (2, 16), (2, 17), (3, 17), (3, 18), (3, 19), (4, 19), (5, 19), (5, 18), (6, 18), (7, 18), (8, 18), (9, 18), (9, 17), (10, 17), (11, 17), (11, 16), (11, 15), (11, 15), (11, 15), (11, 15), (11, 14), (12, 14), (13, 14), (14, 14), (15, 14), (16, 14), (17, 14), (18, 14), (19, 14), (19, 13), (20, 13), (21, 13), (22, 13), (22, 12), (22, 11), (22, 10), (22, 9), (23, 9), (24, 9), (25, 9), (25, 8), (25, 7), (25, 6), (26, 6), (27, 6), (28, 6), (29, 6), (29, 5), (30, 5), (30, 4), (30, 3), (31, 3), (30, 3), (29, 3), (29, 2), (28, 2), (27, 2), (26, 2), (25, 2), (25, 3), (24, 3), (23, 3), (22, 3), (21, 3), (21, 2), (21, 1), (21, 0), (21, 1), (20, 1), (19, 1), (18, 1), (18, 2), (17, 2), (16, 2), (15, 2), (15, 3), (14, 3), (14, 4), (14, 5), (15, 5), (16, 5), (17, 5), (18, 5), (18, 5)], 2: [(6, 16), (6, 15), (7, 15), (7, 14), (7, 13), (8, 13), (9, 13), (10, 13), (11, 13), (11, 14), (12, 14), (13, 14), (14, 14), (15, 14), (16, 14), (17, 14), (18, 14), (18, 15), (18, 16), (18, 17), (19, 17), (20, 17), (21, 17), (22, 17), (22, 17)]}, 112)