

CBSS-C STATS
starts:[25, 713, 361, 567, 465, 470, 591]
targets:[231, 347, 225, 693, 198, 683, 107, 79, 825, 692]
dests:[865, 349, 313, 417, 662, 66, 325]
ac_dict:{231: {0, 1}, 347: {1, 2}, 225: {2, 3}, 693: {3, 4}, 198: {4, 5}, 683: {5, 6}, 865: {0}, 349: {1}, 313: {2}, 417: {3}, 662: {4}, 66: {5}, 325: {6}}
clusters:[8 9 3 2 4 1 0 6 7 5]

round: 153
best_g_value: 279.0
open_list_size: 165
num_low_level_expanded: 51844
search_success: 1
search_time: 7.830210532993078
n_tsp_call: 37
n_tsp_time: 2.673482668993529
n_roots: 9
num_conflicts: 160
target_assignment: {79: 0, 107: 0, 231: 0, 825: 1, 347: 1, 693: 3, 692: 3, 683: 5, 198: 5, 225: 2}
cluster_target_selection: {6: 79, 0: 107, 8: 231, 7: 825, 9: 347, 2: 693, 5: 692, 1: 683, 4: 198, 3: 225}
num_nodes_transformed_graph: 32
agent_paths:({0: [(25, 0), (25, 1), (25, 2), (25, 3), (24, 3), (23, 3), (22, 3), (21, 3), (21, 2), (21, 1), (20, 1), (19, 1), (18, 1), (17, 1), (17, 2), (16, 2), (15, 2), (14, 2), (13, 2), (13, 3), (12, 3), (11, 3), (11, 4), (11, 5), (10, 5), (9, 5), (9, 5), (9, 5), (9, 6), (8, 6), (7, 6), (7, 7), (6, 7), (6, 8), (6, 9), (6, 10), (6, 11), (5, 11), (5, 12), (5, 13), (5, 14), (5, 15), (6, 15), (6, 16), (6, 17), (5, 17), (5, 18), (5, 19), (4, 19), (3, 19), (2, 19), (2, 20), (2, 21), (1, 21), (1, 22), (1, 23), (1, 24), (1, 25), (1, 26), (1, 27), (1, 27)], 1: [(9, 22), (10, 22), (11, 22), (11, 23), (12, 23), (13, 23), (14, 23), (15, 23), (15, 22), (16, 22), (17, 22), (17, 23), (17, 24), (17, 25), (18, 25), (19, 25), (19, 26), (20, 26), (21, 26), (21, 25), (22, 25), (23, 25), (24, 25), (25, 25), (26, 25), (27, 25), (27, 24), (27, 23), (27, 22), (27, 21), (27, 20), (27, 19), (27, 18), (27, 17), (27, 16), (27, 15), (27, 14), (27, 13), (27, 12), (27, 11), (27, 10), (28, 10), (29, 10), (29, 10)], 2: [(9, 11), (9, 10), (9, 9), (8, 9), (7, 9), (6, 9), (6, 8), (6, 7), (5, 7), (5, 6), (5, 5), (4, 5), (3, 5), (2, 5), (1, 5), (1, 6), (1, 7), (2, 7), (3, 7), (3, 6), (3, 5), (4, 5), (5, 5), (6, 5), (7, 5), (7, 6), (8, 6), (9, 6), (10, 6), (11, 6), (11, 5), (12, 5), (13, 5), (14, 5), (15, 5), (16, 5), (17, 5), (18, 5), (19, 5), (19, 6), (19, 7), (20, 7), (21, 7), (22, 7), (23, 7), (23, 8), (23, 9), (24, 9), (25, 9), (25, 9)], 3: [(23, 17), (22, 17), (22, 18), (22, 19), (22, 20), (22, 21), (21, 21), (20, 21), (19, 21), (18, 21), (17, 21), (17, 22), (16, 22), (15, 22), (14, 22), (13, 22), (13, 23), (12, 23), (11, 23), (10, 23), (9, 23), (9, 22), (9, 21), (9, 20), (9, 19), (9, 18), (8, 18), (7, 18), (6, 18), (5, 18), (5, 19), (4, 19), (3, 19), (2, 19), (2, 18), (2, 17), (2, 16), (2, 15), (1, 15), (1, 14), (1, 13), (1, 13)], 4: [(17, 14), (18, 14), (18, 15), (18, 16), (18, 17), (19, 17), (20, 17), (21, 17), (22, 17), (22, 18), (22, 19), (22, 20), (22, 20)], 5: [(22, 14), (22, 15), (22, 16), (22, 17), (22, 18), (22, 19), (22, 20), (22, 21), (21, 21), (20, 21), (19, 21), (18, 21), (17, 21), (17, 22), (16, 22), (15, 22), (14, 22), (13, 22), (13, 23), (12, 23), (11, 23), (11, 22), (11, 21), (10, 21), (9, 21), (9, 20), (9, 19), (9, 18), (9, 17), (10, 17), (11, 17), (11, 16), (11, 15), (10, 15), (9, 15), (9, 14), (9, 13), (9, 12), (9, 11), (9, 10), (9, 9), (8, 9), (7, 9), (6, 9), (6, 8), (6, 7), (6, 6), (5, 6), (5, 5), (4, 5), (3, 5), (3, 4), (3, 3), (2, 3), (2, 2), (2, 2)], 6: [(15, 18), (16, 18), (17, 18), (17, 17), (17, 17), (18, 17), (18, 16), (18, 15), (17, 15), (17, 14), (16, 14), (15, 14), (14, 14), (13, 14), (12, 14), (11, 14), (10, 14), (9, 14), (9, 13), (8, 13), (7, 13), (6, 13), (5, 13), (5, 12), (5, 11), (5, 10), (5, 10)]}, 59)