

CBSS-C STATS
starts:[158, 966]
targets:[351, 846, 680, 250, 999, 565, 113, 274, 173, 333]
dests:[563, 201]
ac_dict:{351: {0, 1}, 563: {0}, 201: {1}}
clusters:[2 8 4 9 5 6 0 7 1 3]

round: 1
best_g_value: 115.0
open_list_size: 0
num_low_level_expanded: 281
search_success: 1
search_time: 0.016689248994225636
n_tsp_call: 1
n_tsp_time: 0.007555884003522806
n_roots: 1
num_conflicts: 0
target_assignment: {351: 0, 250: 0, 565: 0, 999: 1, 846: 1, 680: 1, 333: 1, 274: 1, 113: 1, 173: 1}
cluster_target_selection: {2: 351, 9: 250, 6: 565, 5: 999, 8: 846, 4: 680, 3: 333, 7: 274, 0: 113, 1: 173}
num_nodes_transformed_graph: 24
agent_paths:({0: [(30, 4), (30, 5), (31, 5), (31, 6), (31, 7), (31, 8), (31, 9), (31, 10), (30, 10), (29, 10), (28, 10), (27, 10), (26, 10), (26, 9), (25, 9), (25, 8), (25, 7), (26, 7), (25, 7), (25, 8), (25, 9), (24, 9), (23, 9), (22, 9), (22, 10), (22, 11), (22, 12), (22, 13), (22, 14), (22, 15), (22, 16), (22, 17), (21, 17), (20, 17), (19, 17), (19, 17)], 1: [(6, 30), (7, 30), (7, 31), (7, 30), (8, 30), (9, 30), (9, 29), (10, 29), (10, 28), (10, 27), (11, 27), (12, 27), (13, 27), (13, 26), (14, 26), (13, 26), (13, 27), (12, 27), (11, 27), (11, 26), (11, 25), (11, 24), (11, 23), (10, 23), (9, 23), (9, 22), (9, 21), (8, 21), (9, 21), (9, 20), (9, 19), (9, 18), (9, 17), (10, 17), (11, 17), (11, 16), (11, 15), (11, 14), (11, 13), (10, 13), (9, 13), (9, 12), (9, 11), (10, 11), (11, 11), (12, 11), (13, 11), (13, 10), (13, 9), (14, 9), (15, 9), (16, 9), (17, 9), (18, 9), (18, 8), (18, 7), (17, 7), (17, 6), (17, 5), (16, 5), (15, 5), (14, 5), (14, 4), (14, 3), (15, 3), (15, 2), (16, 2), (17, 2), (17, 3), (17, 2), (16, 2), (15, 2), (14, 2), (14, 3), (14, 4), (14, 5), (13, 5), (12, 5), (11, 5), (10, 5), (9, 5), (9, 6), (9, 6)]}, 81)