

CBSS-C STATS
starts:[886, 86, 571, 459, 377, 89, 698]
targets:[626, 312, 54, 447, 570, 9, 298, 194, 175, 765]
dests:[425, 697, 45, 117, 939, 745, 709]
ac_dict:{626: {0, 1}, 312: {1, 2}, 54: {2, 3}, 447: {3, 4}, 570: {4, 5}, 9: {5, 6}, 425: {0}, 697: {1}, 45: {2}, 117: {3}, 939: {4}, 745: {5}, 709: {6}}
clusters:[8 0 7 6 5 1 3 4 2 9]

round: 11
best_g_value: 283.0
open_list_size: 16
num_low_level_expanded: 8004
search_success: 1
search_time: 3.726729650996276
n_tsp_call: 35
n_tsp_time: 2.6788289740652544
n_roots: 4
num_conflicts: 13
target_assignment: {626: 0, 9: 5, 194: 5, 447: 4, 570: 4, 765: 6, 298: 3, 54: 3, 312: 2, 175: 2}
cluster_target_selection: {8: 626, 1: 9, 4: 194, 6: 447, 5: 570, 9: 765, 3: 298, 7: 54, 0: 312, 2: 175}
num_nodes_transformed_graph: 34
agent_paths:({0: [(22, 27), (22, 26), (22, 25), (23, 25), (23, 24), (23, 23), (22, 23), (22, 22), (22, 21), (22, 20), (22, 19), (21, 19), (21, 18), (21, 17), (20, 17), (19, 17), (18, 17), (18, 18), (18, 19), (18, 18), (18, 17), (18, 16), (18, 15), (17, 15), (17, 14), (16, 14), (15, 14), (14, 14), (13, 14), (12, 14), (11, 14), (10, 14), (9, 14), (9, 13), (9, 13)], 1: [(22, 2), (23, 2), (23, 2), (23, 2), (23, 3), (24, 3), (25, 3), (26, 3), (27, 3), (27, 4), (27, 5), (26, 5), (25, 5), (25, 6), (25, 7), (25, 8), (25, 9), (25, 10), (25, 11), (26, 11), (27, 11), (27, 12), (27, 13), (27, 14), (27, 15), (27, 16), (27, 17), (27, 18), (27, 19), (27, 20), (27, 21), (26, 21), (25, 21), (25, 21)], 2: [(27, 17), (27, 16), (27, 15), (27, 14), (27, 13), (27, 12), (27, 11), (26, 11), (25, 11), (25, 10), (25, 9), (24, 9), (23, 9), (23, 8), (23, 7), (22, 7), (21, 7), (20, 7), (19, 7), (18, 7), (17, 7), (17, 6), (17, 5), (16, 5), (15, 5), (14, 5), (14, 4), (14, 3), (13, 3), (13, 2), (13, 1), (13, 1)], 3: [(11, 14), (10, 14), (10, 13), (9, 13), (9, 12), (9, 11), (9, 10), (9, 9), (10, 9), (11, 9), (11, 10), (11, 11), (12, 11), (13, 11), (13, 10), (13, 9), (14, 9), (14, 8), (14, 7), (14, 6), (14, 5), (14, 4), (14, 3), (14, 2), (15, 2), (16, 2), (17, 2), (17, 1), (18, 1), (19, 1), (20, 1), (21, 1), (22, 1), (21, 1), (21, 2), (21, 3), (21, 3)], 4: [(25, 11), (26, 11), (27, 11), (27, 10), (28, 10), (29, 10), (30, 10), (31, 10), (31, 11), (31, 12), (31, 13), (30, 13), (29, 13), (29, 14), (28, 14), (27, 14), (27, 15), (27, 16), (27, 17), (26, 17), (25, 17), (25, 18), (24, 18), (23, 18), (22, 18), (22, 19), (22, 20), (22, 21), (21, 21), (20, 21), (19, 21), (18, 21), (17, 21), (17, 22), (16, 22), (15, 22), (14, 22), (13, 22), (13, 23), (12, 23), (11, 23), (11, 24), (11, 25), (11, 26), (11, 27), (10, 27), (10, 28), (10, 29), (11, 29), (11, 29)], 5: [(25, 2), (25, 3), (24, 3), (23, 3), (22, 3), (21, 3), (21, 2), (21, 1), (20, 1), (19, 1), (18, 1), (17, 1), (17, 2), (16, 2), (15, 2), (14, 2), (13, 2), (13, 3), (12, 3), (11, 3), (10, 3), (9, 3), (9, 2), (9, 1), (9, 0), (9, 1), (8, 1), (7, 1), (6, 1), (6, 2), (6, 3), (6, 4), (6, 5), (5, 5), (4, 5), (3, 5), (2, 5), (2, 6), (3, 6), (3, 5), (4, 5), (5, 5), (6, 5), (6, 6), (6, 7), (6, 8), (6, 9), (6, 10), (6, 11), (5, 11), (5, 12), (5, 13), (6, 13), (6, 14), (6, 15), (6, 16), (6, 17), (7, 17), (7, 18), (8, 18), (9, 18), (9, 19), (9, 20), (9, 21), (9, 22), (9, 23), (9, 23)], 6: [(26, 21), (27, 21), (27, 22), (27, 23), (28, 23), (29, 23), (28, 23), (27, 23), (27, 24), (27, 25), (26, 25), (25, 25), (24, 25), (23, 25), (23, 24), (23, 23), (22, 23), (21, 23), (21, 22), (21, 21), (20, 21), (19, 21), (18, 21), (17, 21), (17, 22), (16, 22), (15, 22), (14, 22), (13, 22), (13, 23), (12, 23), (11, 23), (10, 23), (9, 23), (9, 22), (9, 21), (8, 21), (7, 21), (6, 21), (5, 21), (5, 22), (5, 22)]}, 65)