

CBSS-C STATS
starts:[746, 1014, 882, 827, 819]
targets:[485, 221, 244, 691, 333, 600, 365, 217, 34, 41]
dests:[709, 961, 798, 319, 747]
ac_dict:{485: {0, 1}, 221: {1, 2}, 244: {2, 3}, 691: {3, 4}, 709: {0}, 961: {1}, 798: {2}, 319: {3}, 747: {4}}
clusters:[0 0 0 3 0 1 4 0 1 2]

round: 1
best_g_value: 151.0
open_list_size: 0
num_low_level_expanded: 385
search_success: 1
search_time: 1.2711512818932533
n_tsp_call: 1
n_tsp_time: 1.2531220531091094
n_roots: 1
num_conflicts: 0
target_assignment: {691: 4, 600: 3, 365: 3, 41: 3, 244: 3}
cluster_target_selection: {3: 691, 1: 600, 4: 365, 2: 41, 0: 244}
num_nodes_transformed_graph: 48
agent_paths:({0: [(10, 23), (9, 23), (9, 22), (9, 21), (8, 21), (7, 21), (6, 21), (5, 21), (5, 22), (5, 22)], 1: [(22, 31), (21, 31), (20, 31), (19, 31), (18, 31), (18, 30), (18, 29), (18, 28), (18, 27), (17, 27), (16, 27), (15, 27), (14, 27), (13, 27), (12, 27), (11, 27), (10, 27), (10, 28), (10, 29), (9, 29), (9, 30), (8, 30), (7, 30), (6, 30), (5, 30), (4, 30), (3, 30), (2, 30), (1, 30), (1, 30)], 2: [(18, 27), (18, 26), (19, 26), (20, 26), (21, 26), (21, 25), (22, 25), (23, 25), (24, 25), (25, 25), (26, 25), (27, 25), (27, 24), (27, 23), (28, 23), (29, 23), (30, 23), (30, 24), (30, 24)], 3: [(27, 25), (27, 24), (27, 23), (27, 22), (27, 21), (27, 20), (27, 19), (26, 19), (25, 19), (25, 18), (24, 18), (23, 18), (22, 18), (21, 18), (21, 17), (20, 17), (19, 17), (18, 17), (18, 16), (18, 15), (18, 14), (18, 13), (18, 12), (18, 11), (17, 11), (17, 10), (17, 9), (16, 9), (15, 9), (14, 9), (13, 9), (13, 10), (13, 11), (13, 10), (13, 9), (14, 9), (14, 8), (14, 7), (13, 7), (13, 6), (13, 5), (12, 5), (11, 5), (11, 4), (11, 3), (10, 3), (9, 3), (9, 2), (9, 1), (10, 1), (11, 1), (11, 2), (11, 3), (12, 3), (13, 3), (14, 3), (14, 4), (14, 5), (15, 5), (16, 5), (17, 5), (18, 5), (19, 5), (19, 6), (19, 7), (20, 7), (21, 7), (22, 7), (23, 7), (23, 8), (23, 9), (24, 9), (25, 9), (26, 9), (27, 9), (27, 10), (28, 10), (29, 10), (29, 9), (30, 9), (31, 9), (31, 9)], 4: [(19, 25), (18, 25), (17, 25), (17, 24), (17, 23), (17, 22), (17, 21), (18, 21), (19, 21), (18, 21), (17, 21), (17, 22), (16, 22), (15, 22), (14, 22), (13, 22), (13, 23), (12, 23), (11, 23), (11, 23)]}, 80)