

CBSS-C STATS
starts:[982, 164, 943, 451, 746]
targets:[436, 852, 29, 57, 449, 983, 757, 295, 239, 250]
dests:[880, 798, 345, 638, 382]
ac_dict:{436: {0, 1}, 852: {1, 2}, 29: {2, 3}, 57: {3, 4}, 880: {0}, 798: {1}, 345: {2}, 638: {3}, 382: {4}}
clusters:[4 1 2 1 2 0 1 0 3 3]

round: 3
best_g_value: 179.0
open_list_size: 2
num_low_level_expanded: 822
search_success: 1
search_time: 0.18922682385891676
n_tsp_call: 1
n_tsp_time: 0.16242873296141624
n_roots: 1
num_conflicts: 2
target_assignment: {239: 1, 436: 1, 983: 2, 757: 2, 449: 3}
cluster_target_selection: {3: 239, 4: 436, 0: 983, 1: 757, 2: 449}
num_nodes_transformed_graph: 48
agent_paths:({0: [(22, 30), (21, 30), (21, 31), (20, 31), (19, 31), (19, 30), (18, 30), (18, 29), (18, 28), (18, 27), (17, 27), (16, 27), (16, 27)], 1: [(4, 5), (5, 5), (6, 5), (7, 5), (7, 6), (8, 6), (9, 6), (10, 6), (11, 6), (11, 5), (12, 5), (13, 5), (14, 5), (15, 5), (15, 6), (15, 7), (14, 7), (14, 8), (14, 9), (15, 9), (16, 9), (17, 9), (18, 9), (18, 10), (18, 11), (18, 12), (18, 13), (19, 13), (20, 13), (21, 13), (21, 14), (22, 14), (22, 15), (22, 16), (22, 17), (23, 17), (23, 18), (24, 18), (25, 18), (26, 18), (27, 18), (27, 19), (27, 20), (27, 21), (27, 22), (27, 23), (28, 23), (29, 23), (30, 23), (30, 24), (30, 24)], 2: [(15, 29), (15, 30), (15, 31), (16, 31), (17, 31), (18, 31), (19, 31), (20, 31), (21, 31), (21, 30), (22, 30), (23, 30), (23, 29), (23, 28), (23, 27), (23, 26), (23, 25), (23, 24), (23, 23), (22, 23), (21, 23), (21, 22), (21, 21), (22, 21), (22, 20), (22, 19), (22, 18), (22, 17), (22, 16), (22, 15), (22, 14), (22, 13), (22, 12), (22, 11), (22, 10), (23, 10), (23, 9), (24, 9), (25, 9), (25, 10), (25, 10)], 3: [(3, 14), (2, 14), (1, 14), (2, 14), (2, 15), (2, 16), (2, 17), (3, 17), (3, 18), (3, 19), (4, 19), (5, 19), (6, 19), (7, 19), (7, 18), (8, 18), (9, 18), (10, 18), (11, 18), (11, 17), (11, 16), (11, 15), (11, 14), (12, 14), (13, 14), (14, 14), (15, 14), (16, 14), (17, 14), (18, 14), (18, 15), (18, 16), (18, 17), (19, 17), (20, 17), (21, 17), (22, 17), (23, 17), (23, 18), (24, 18), (25, 18), (26, 18), (27, 18), (28, 18), (29, 18), (30, 18), (30, 19), (30, 19)], 4: [(10, 23), (11, 23), (12, 23), (13, 23), (13, 22), (14, 22), (15, 22), (16, 22), (17, 22), (17, 21), (18, 21), (19, 21), (20, 21), (21, 21), (22, 21), (22, 20), (22, 19), (22, 18), (23, 18), (24, 18), (25, 18), (25, 17), (26, 17), (27, 17), (27, 16), (27, 15), (27, 14), (28, 14), (29, 14), (29, 13), (30, 13), (31, 13), (31, 12), (31, 11), (30, 11), (30, 11)]}, 49)