

CBSS-C STATS
starts:[192, 680, 806, 993, 121]
targets:[109, 29, 223, 423, 681, 46, 703, 255, 859, 379]
dests:[822, 577, 557, 491, 953]
ac_dict:{109: {0, 1}, 29: {1, 2}, 223: {2, 3}, 423: {3, 4}, 822: {0}, 577: {1}, 557: {2}, 491: {3}, 953: {4}}
clusters:[0 3 4 3 0 1 3 1 2 1]

round: 1
best_g_value: 212.0
open_list_size: 0
num_low_level_expanded: 609
search_success: 1
search_time: 0.23987772222608328
n_tsp_call: 1
n_tsp_time: 0.21164891589432955
n_roots: 1
num_conflicts: 0
target_assignment: {379: 4, 859: 4, 681: 2, 223: 2, 423: 3}
cluster_target_selection: {1: 379, 2: 859, 0: 681, 4: 223, 3: 423}
num_nodes_transformed_graph: 48
agent_paths:({0: [(0, 6), (1, 6), (2, 6), (3, 6), (3, 5), (4, 5), (5, 5), (6, 5), (6, 6), (6, 7), (6, 8), (6, 9), (7, 9), (8, 9), (9, 9), (9, 10), (9, 11), (9, 12), (9, 13), (10, 13), (11, 13), (11, 14), (12, 14), (13, 14), (14, 14), (15, 14), (16, 14), (17, 14), (18, 14), (18, 15), (18, 16), (18, 17), (19, 17), (20, 17), (21, 17), (22, 17), (22, 18), (22, 19), (22, 20), (22, 21), (22, 22), (22, 23), (23, 23), (23, 24), (23, 25), (22, 25), (22, 25)], 1: [(8, 21), (7, 21), (6, 21), (5, 21), (5, 22), (4, 22), (3, 22), (2, 22), (2, 21), (2, 20), (2, 19), (1, 19), (1, 18), (1, 18)], 2: [(6, 25), (5, 25), (5, 26), (4, 26), (3, 26), (3, 25), (2, 25), (1, 25), (1, 24), (1, 23), (1, 22), (2, 22), (3, 22), (4, 22), (5, 22), (5, 21), (6, 21), (7, 21), (8, 21), (9, 21), (9, 20), (9, 19), (9, 18), (9, 17), (10, 17), (11, 17), (11, 16), (11, 15), (11, 14), (12, 14), (13, 14), (14, 14), (15, 14), (16, 14), (17, 14), (17, 13), (18, 13), (18, 12), (18, 11), (19, 11), (20, 11), (21, 11), (21, 10), (21, 9), (22, 9), (23, 9), (24, 9), (25, 9), (25, 8), (25, 7), (25, 6), (26, 6), (27, 6), (28, 6), (29, 6), (30, 6), (31, 6), (30, 6), (29, 6), (28, 6), (27, 6), (26, 6), (25, 6), (25, 7), (25, 8), (25, 9), (24, 9), (23, 9), (22, 9), (21, 9), (21, 10), (21, 11), (20, 11), (19, 11), (18, 11), (18, 12), (18, 13), (18, 14), (18, 15), (18, 16), (18, 17), (17, 17), (17, 18), (16, 18), (15, 18), (14, 18), (13, 18), (13, 17), (13, 17)], 3: [(1, 31), (1, 30), (1, 29), (2, 29), (3, 29), (3, 28), (3, 27), (3, 26), (3, 25), (2, 25), (1, 25), (1, 24), (1, 23), (1, 22), (1, 21), (2, 21), (2, 20), (2, 19), (3, 19), (4, 19), (5, 19), (5, 18), (5, 17), (6, 17), (6, 16), (6, 15), (6, 14), (6, 13), (7, 13), (8, 13), (9, 13), (10, 13), (11, 13), (11, 14), (11, 15), (11, 15)], 4: [(25, 3), (26, 3), (27, 3), (27, 4), (27, 5), (27, 6), (27, 7), (26, 7), (25, 7), (25, 8), (25, 9), (26, 9), (27, 9), (27, 10), (27, 11), (27, 12), (27, 13), (27, 14), (27, 15), (27, 16), (27, 17), (27, 18), (27, 19), (27, 20), (27, 21), (27, 22), (27, 23), (27, 24), (27, 25), (27, 26), (27, 27), (27, 28), (27, 29), (26, 29), (25, 29), (25, 29)]}, 87)