

CBSS-C STATS
starts:[736, 746, 217, 705, 814]
targets:[125, 446, 698, 51, 1003, 463, 914, 582, 345, 186]
dests:[1018, 179, 930, 970, 977]
ac_dict:{125: {0, 1}, 446: {1, 2}, 698: {2, 3}, 51: {3, 4}, 1018: {0}, 179: {1}, 930: {2}, 970: {3}, 977: {4}}
clusters:[4 1 3 0 3 1 2 1 3 3]

round: 4
best_g_value: 246.0
open_list_size: 3
num_low_level_expanded: 2599
search_success: 1
search_time: 1.9883457808755338
n_tsp_call: 9
n_tsp_time: 1.757393779233098
n_roots: 1
num_conflicts: 3
target_assignment: {125: 1, 186: 1, 582: 3, 51: 3, 914: 4}
cluster_target_selection: {4: 125, 3: 186, 1: 582, 0: 51, 2: 914}
num_nodes_transformed_graph: 48
agent_paths:({0: [(0, 23), (1, 23), (2, 23), (3, 23), (3, 22), (4, 22), (5, 22), (6, 22), (7, 22), (7, 21), (8, 21), (9, 21), (10, 21), (11, 21), (11, 22), (11, 23), (12, 23), (13, 23), (14, 23), (15, 23), (15, 24), (15, 25), (15, 26), (15, 27), (16, 27), (17, 27), (18, 27), (18, 28), (18, 29), (19, 29), (19, 30), (19, 31), (20, 31), (21, 31), (22, 31), (23, 31), (24, 31), (25, 31), (26, 31), (26, 31)], 1: [(10, 23), (10, 22), (10, 21), (9, 21), (9, 20), (9, 19), (9, 18), (9, 17), (10, 17), (11, 17), (11, 16), (11, 15), (11, 14), (12, 14), (13, 14), (14, 14), (15, 14), (16, 14), (17, 14), (17, 13), (18, 13), (18, 12), (18, 11), (19, 11), (20, 11), (21, 11), (21, 10), (21, 9), (22, 9), (23, 9), (24, 9), (25, 9), (25, 8), (25, 7), (25, 6), (25, 5), (26, 5), (27, 5), (27, 4), (27, 3), (27, 2), (28, 2), (29, 2), (29, 3), (29, 2), (28, 2), (27, 2), (27, 3), (27, 4), (27, 5), (26, 5), (25, 5), (25, 6), (25, 7), (25, 8), (25, 9), (24, 9), (23, 9), (23, 8), (23, 7), (22, 7), (21, 7), (20, 7), (19, 7), (19, 6), (19, 5), (19, 5)], 2: [(25, 6), (25, 7), (25, 8), (25, 9), (24, 9), (23, 9), (22, 9), (22, 10), (22, 11), (22, 12), (22, 13), (22, 14), (22, 15), (22, 16), (22, 17), (22, 18), (22, 19), (22, 20), (22, 21), (21, 21), (20, 21), (19, 21), (18, 21), (17, 21), (17, 22), (16, 22), (15, 22), (14, 22), (13, 22), (13, 23), (12, 23), (11, 23), (11, 24), (11, 25), (10, 25), (10, 26), (10, 27), (10, 28), (10, 29), (9, 29), (9, 30), (8, 30), (7, 30), (6, 30), (5, 30), (4, 30), (3, 30), (2, 30), (2, 29), (2, 29)], 3: [(1, 22), (1, 21), (2, 21), (2, 20), (2, 19), (3, 19), (4, 19), (5, 19), (5, 18), (6, 18), (6, 17), (6, 16), (6, 15), (6, 14), (6, 13), (7, 13), (8, 13), (9, 13), (9, 12), (9, 11), (10, 11), (11, 11), (12, 11), (13, 11), (13, 10), (13, 9), (14, 9), (14, 8), (14, 7), (14, 6), (14, 5), (14, 4), (14, 3), (14, 2), (15, 2), (16, 2), (17, 2), (17, 1), (18, 1), (19, 1), (18, 1), (17, 1), (17, 2), (16, 2), (15, 2), (14, 2), (14, 3), (14, 4), (14, 5), (14, 6), (14, 7), (14, 8), (14, 9), (13, 9), (13, 10), (13, 11), (12, 11), (11, 11), (10, 11), (9, 11), (9, 12), (9, 13), (10, 13), (10, 14), (10, 15), (11, 15), (11, 16), (11, 17), (10, 17), (10, 18), (10, 19), (9, 19), (9, 20), (9, 21), (10, 21), (10, 22), (10, 23), (11, 23), (11, 24), (11, 25), (10, 25), (10, 26), (10, 27), (10, 28), (10, 29), (10, 30), (10, 30)], 4: [(14, 25), (15, 25), (15, 26), (15, 27), (16, 27), (17, 27), (18, 27), (18, 28), (18, 29), (17, 29), (17, 30), (17, 30)]}, 85)