

CBSS-C STATS
starts:[471, 182, 225, 587, 115]
targets:[445, 635, 98, 297, 762, 298, 449, 765, 54, 357, 785, 879, 847, 495, 677, 165, 881, 66, 341, 373]
dests:[875, 681, 67, 687, 947]
ac_dict:{445: {0, 1}, 635: {1, 2}, 98: {2, 3}, 297: {3, 4}, 875: {0}, 681: {1}, 67: {2}, 687: {3}, 947: {4}}
clusters:[ 8 18  5  9 13 14 19 16  4  3 11  6 15 10 17  7 12  1  0  2]

round: 10
best_g_value: 222.0
open_list_size: 24
num_low_level_expanded: 12212
search_success: 1
search_time: 83.62682921499072
n_tsp_call: 124
n_tsp_time: 81.500846641924
n_roots: 9
num_conflicts: 16
target_assignment: {785: 0, 879: 0, 165: 2, 98: 2, 66: 2, 54: 4, 298: 4, 297: 4, 357: 4, 449: 4, 677: 4, 847: 4, 881: 4, 445: 1, 635: 1, 762: 1, 765: 1, 373: 1, 341: 1, 495: 1}
cluster_target_selection: {11: 785, 6: 879, 7: 165, 5: 98, 1: 66, 4: 54, 14: 298, 9: 297, 3: 357, 19: 449, 17: 677, 15: 847, 12: 881, 8: 445, 18: 635, 13: 762, 16: 765, 2: 373, 0: 341, 10: 495}
num_nodes_transformed_graph: 98
agent_paths:({0: [(23, 14), (22, 14), (22, 15), (22, 16), (22, 17), (22, 18), (22, 19), (22, 20), (22, 21), (21, 21), (20, 21), (19, 21), (18, 21), (17, 21), (17, 22), (17, 23), (17, 24), (17, 25), (17, 26), (17, 27), (16, 27), (15, 27), (14, 27), (13, 27), (12, 27), (11, 27), (11, 27)], 1: [(22, 5), (23, 5), (23, 6), (23, 7), (23, 8), (23, 9), (24, 9), (25, 9), (26, 9), (27, 9), (27, 10), (27, 11), (27, 12), (27, 13), (27, 14), (28, 14), (29, 14), (29, 13), (29, 14), (28, 14), (27, 14), (27, 15), (27, 16), (27, 17), (27, 18), (27, 19), (27, 20), (27, 21), (26, 21), (26, 22), (26, 23), (27, 23), (28, 23), (29, 23), (28, 23), (27, 23), (27, 22), (27, 21), (27, 20), (27, 19), (26, 19), (25, 19), (25, 18), (24, 18), (23, 18), (22, 18), (22, 17), (22, 16), (22, 15), (22, 14), (22, 13), (22, 12), (22, 11), (21, 11), (21, 10), (21, 11), (20, 11), (19, 11), (18, 11), (18, 12), (18, 13), (17, 13), (17, 14), (16, 14), (15, 14), (15, 15), (14, 15), (13, 15), (13, 14), (12, 14), (11, 14), (11, 15), (11, 16), (11, 17), (10, 17), (9, 17), (9, 18), (9, 19), (9, 20), (9, 21), (9, 21)], 2: [(1, 7), (1, 6), (1, 5), (2, 5), (3, 5), (4, 5), (5, 5), (4, 5), (3, 5), (3, 4), (3, 3), (2, 3), (2, 2), (3, 2), (3, 2)], 3: [(11, 18), (11, 19), (10, 19), (9, 19), (9, 20), (9, 21), (10, 21), (11, 21), (11, 22), (11, 23), (12, 23), (13, 23), (13, 22), (13, 21), (14, 21), (15, 21), (15, 21)], 4: [(19, 3), (19, 2), (19, 1), (20, 1), (21, 1), (22, 1), (21, 1), (20, 1), (19, 1), (18, 1), (17, 1), (17, 2), (16, 2), (15, 2), (14, 2), (14, 3), (14, 4), (14, 5), (14, 6), (14, 7), (14, 8), (14, 9), (13, 9), (13, 10), (13, 11), (12, 11), (11, 11), (10, 11), (10, 10), (10, 9), (9, 9), (8, 9), (7, 9), (6, 9), (5, 9), (5, 10), (5, 11), (5, 12), (5, 13), (5, 14), (6, 14), (6, 15), (6, 16), (6, 17), (5, 17), (5, 18), (5, 19), (4, 19), (3, 19), (2, 19), (2, 18), (2, 17), (2, 16), (2, 15), (1, 15), (1, 14), (2, 14), (2, 15), (2, 16), (2, 17), (2, 18), (2, 19), (2, 20), (2, 21), (3, 21), (3, 22), (4, 22), (5, 22), (5, 21), (6, 21), (7, 21), (8, 21), (9, 21), (10, 21), (11, 21), (11, 22), (11, 23), (12, 23), (13, 23), (14, 23), (15, 23), (15, 24), (15, 25), (15, 26), (15, 27), (16, 27), (17, 27), (18, 27), (18, 28), (18, 29), (19, 29), (19, 29)]}, 90)