

CBSS-C STATS
starts:[914, 945, 251, 702, 25]
targets:[578, 764, 39, 207, 818, 1018, 518, 3, 222, 691, 506, 55, 191, 365, 510, 699, 102, 438, 846, 886]
dests:[919, 69, 479, 108, 865]
ac_dict:{578: {0, 1}, 764: {1, 2}, 39: {2, 3}, 207: {3, 4}, 919: {0}, 69: {1}, 479: {2}, 108: {3}, 865: {4}}
clusters:[0 8 9 1 7 7 4 1 6 1 7 8 9 5 2 2 3 3 9 4]

round: 4
best_g_value: 178.0
open_list_size: 3
num_low_level_expanded: 1199
search_success: 1
search_time: 6.503249689005315
n_tsp_call: 15
n_tsp_time: 6.216038718353957
n_roots: 1
num_conflicts: 3
target_assignment: {886: 0, 510: 3, 207: 3, 222: 2, 191: 2, 55: 4, 365: 4, 818: 1, 578: 1, 102: 1}
cluster_target_selection: {4: 886, 2: 510, 1: 207, 6: 222, 9: 191, 8: 55, 5: 365, 7: 818, 0: 578, 3: 102}
num_nodes_transformed_graph: 98
agent_paths:({0: [(18, 28), (18, 27), (19, 27), (19, 26), (20, 26), (21, 26), (22, 26), (22, 27), (23, 27), (23, 28), (23, 28)], 1: [(17, 29), (18, 29), (18, 28), (18, 27), (18, 26), (18, 25), (17, 25), (17, 24), (17, 23), (17, 22), (16, 22), (15, 22), (14, 22), (13, 22), (13, 23), (12, 23), (11, 23), (10, 23), (9, 23), (9, 22), (9, 21), (9, 20), (9, 19), (9, 18), (8, 18), (7, 18), (6, 18), (5, 18), (5, 19), (4, 19), (3, 19), (2, 19), (2, 18), (3, 18), (3, 19), (4, 19), (5, 19), (5, 18), (6, 18), (6, 18), (6, 18), (6, 17), (6, 16), (6, 15), (6, 14), (6, 13), (5, 13), (5, 12), (5, 11), (5, 10), (5, 9), (6, 9), (6, 8), (6, 7), (6, 6), (6, 5), (6, 4), (6, 3), (5, 3), (5, 2), (5, 2)], 2: [(27, 7), (27, 6), (28, 6), (29, 6), (30, 6), (30, 5), (31, 5), (31, 6), (31, 7), (31, 8), (31, 9), (31, 10), (31, 11), (31, 12), (31, 13), (31, 14), (31, 14)], 3: [(30, 21), (31, 21), (31, 20), (31, 19), (31, 18), (31, 17), (31, 16), (31, 15), (30, 15), (29, 15), (29, 14), (28, 14), (27, 14), (27, 13), (27, 12), (27, 11), (26, 11), (25, 11), (25, 10), (25, 9), (24, 9), (23, 9), (23, 8), (23, 7), (22, 7), (21, 7), (20, 7), (19, 7), (18, 7), (17, 7), (17, 6), (17, 5), (16, 5), (15, 5), (15, 6), (14, 6), (14, 5), (14, 4), (14, 3), (13, 3), (12, 3), (12, 3)], 4: [(25, 0), (25, 1), (25, 2), (25, 3), (24, 3), (23, 3), (23, 2), (23, 1), (22, 1), (21, 1), (20, 1), (19, 1), (18, 1), (17, 1), (17, 2), (16, 2), (15, 2), (14, 2), (14, 3), (14, 4), (14, 5), (14, 6), (14, 7), (14, 8), (14, 9), (13, 9), (13, 10), (13, 11), (12, 11), (11, 11), (10, 11), (9, 11), (9, 12), (9, 13), (8, 13), (7, 13), (6, 13), (6, 14), (6, 15), (6, 16), (6, 17), (5, 17), (5, 18), (5, 19), (4, 19), (3, 19), (2, 19), (2, 20), (2, 21), (1, 21), (1, 22), (1, 23), (1, 24), (1, 25), (1, 26), (1, 27), (1, 27)]}, 59)