

CBSS-C STATS
starts:[474, 281, 402, 59, 805]
targets:[689, 1021, 749, 965, 66, 953, 119, 364, 304, 930]
dests:[975, 335, 235, 878, 446]
ac_dict:{689: {0, 1}, 1021: {1, 2}, 749: {2, 3}, 965: {3, 4}, 975: {0}, 335: {1}, 235: {2}, 878: {3}, 446: {4}}
clusters:[0 1 1 0 0 0 1 1 0 0]

round: 2
best_g_value: 157.0
open_list_size: 1
num_low_level_expanded: 1047
search_success: 1
search_time: 0.08168516401201487
n_tsp_call: 1
n_tsp_time: 0.048436486162245274
n_roots: 1
num_conflicts: 1
target_assignment: {749: 3, 304: 2}
cluster_target_selection: {1: 749, 0: 304}
num_nodes_transformed_graph: 28
agent_paths:({0: [(26, 14), (26, 15), (27, 15), (27, 16), (27, 17), (27, 18), (27, 19), (27, 20), (27, 21), (27, 22), (27, 23), (27, 24), (27, 25), (26, 25), (25, 25), (24, 25), (23, 25), (22, 25), (21, 25), (21, 26), (20, 26), (19, 26), (18, 26), (18, 27), (18, 28), (18, 29), (17, 29), (17, 30), (17, 31), (16, 31), (15, 31), (15, 30), (15, 30)], 1: [(25, 8), (25, 9), (24, 9), (23, 9), (22, 9), (21, 9), (21, 10), (21, 11), (20, 11), (19, 11), (18, 11), (17, 11), (17, 10), (17, 9), (16, 9), (15, 9), (15, 10), (15, 10)], 2: [(18, 12), (18, 11), (17, 11), (17, 10), (17, 9), (16, 9), (15, 9), (14, 9), (14, 8), (14, 7), (13, 7), (13, 6), (13, 5), (12, 5), (11, 5), (11, 6), (11, 7), (11, 7)], 3: [(27, 1), (27, 2), (27, 3), (27, 4), (27, 5), (26, 5), (25, 5), (25, 6), (25, 7), (25, 8), (25, 9), (24, 9), (23, 9), (22, 9), (22, 10), (22, 11), (22, 12), (22, 13), (22, 14), (22, 15), (22, 16), (22, 17), (22, 18), (22, 19), (22, 20), (22, 21), (21, 21), (20, 21), (19, 21), (18, 21), (18, 22), (17, 22), (16, 22), (15, 22), (14, 22), (13, 22), (13, 23), (14, 23), (15, 23), (15, 24), (15, 25), (14, 25), (14, 26), (14, 27), (14, 27)], 4: [(5, 25), (5, 26), (4, 26), (3, 26), (3, 25), (2, 25), (1, 25), (1, 24), (1, 23), (1, 22), (2, 22), (3, 22), (4, 22), (5, 22), (5, 21), (6, 21), (7, 21), (8, 21), (9, 21), (10, 21), (11, 21), (11, 22), (11, 23), (12, 23), (13, 23), (13, 22), (14, 22), (15, 22), (16, 22), (17, 22), (17, 21), (18, 21), (19, 21), (20, 21), (21, 21), (22, 21), (22, 20), (22, 19), (22, 18), (23, 18), (24, 18), (25, 18), (25, 17), (26, 17), (27, 17), (27, 16), (27, 15), (27, 14), (28, 14), (29, 14), (29, 13), (30, 13), (30, 13)]}, 51)