

CBSS-C STATS
starts:[761, 331, 202, 970, 801]
targets:[485, 577, 51, 377, 546, 530, 553, 90, 465, 1008, 627, 1016, 92, 839, 985, 253, 294, 589, 571, 317]
dests:[307, 13, 469, 214, 305]
ac_dict:{485: {0, 1}, 577: {1, 2}, 51: {2, 3}, 377: {3, 4}, 307: {0}, 13: {1}, 469: {2}, 214: {3}, 305: {4}}
clusters:[14  9 16  4 10 11 17 13  8 12  2 18  7  3 19  5  0 15  1  6]

round: 1
best_g_value: 275.0
open_list_size: 0
num_low_level_expanded: 695
search_success: 1
search_time: 0.28107207600260153
n_tsp_call: 1
n_tsp_time: 0.2440265699988231
n_roots: 1
num_conflicts: 0
target_assignment: {985: 0, 1016: 0, 1008: 0, 627: 0, 589: 0, 530: 0, 577: 1, 546: 1, 485: 1, 294: 1, 571: 3, 377: 3, 839: 4, 553: 4, 465: 4, 51: 2, 90: 2, 92: 2, 253: 2, 317: 2}
cluster_target_selection: {19: 985, 18: 1016, 12: 1008, 2: 627, 15: 589, 11: 530, 9: 577, 10: 546, 14: 485, 0: 294, 1: 571, 4: 377, 3: 839, 17: 553, 8: 465, 16: 51, 13: 90, 7: 92, 5: 253, 6: 317}
num_nodes_transformed_graph: 52
agent_paths:({0: [(25, 23), (26, 23), (27, 23), (27, 24), (27, 25), (27, 26), (27, 27), (27, 28), (27, 29), (26, 29), (25, 29), (25, 30), (25, 31), (24, 31), (23, 31), (22, 31), (21, 31), (20, 31), (19, 31), (18, 31), (17, 31), (16, 31), (17, 31), (17, 30), (17, 29), (18, 29), (18, 28), (18, 27), (18, 26), (18, 25), (17, 25), (17, 24), (17, 23), (17, 22), (17, 21), (18, 21), (19, 21), (20, 21), (21, 21), (22, 21), (22, 20), (22, 19), (21, 19), (21, 18), (21, 17), (20, 17), (19, 17), (19, 18), (19, 19), (18, 19), (17, 19), (17, 18), (16, 18), (15, 18), (14, 18), (13, 18), (14, 18), (15, 18), (16, 18), (17, 18), (17, 17), (18, 17), (18, 16), (18, 15), (18, 14), (18, 13), (18, 12), (18, 11), (18, 10), (18, 9), (19, 9), (19, 9)], 1: [(11, 10), (10, 10), (9, 10), (9, 11), (9, 12), (9, 13), (8, 13), (7, 13), (6, 13), (6, 14), (6, 15), (6, 16), (6, 17), (5, 17), (5, 18), (5, 19), (4, 19), (3, 19), (2, 19), (1, 19), (1, 18), (1, 17), (2, 17), (3, 17), (3, 18), (3, 19), (4, 19), (5, 19), (5, 18), (5, 17), (6, 17), (6, 16), (6, 15), (5, 15), (5, 14), (5, 13), (5, 12), (5, 11), (5, 10), (5, 9), (6, 9), (6, 8), (6, 7), (6, 6), (7, 6), (8, 6), (9, 6), (9, 5), (10, 5), (11, 5), (11, 4), (11, 3), (12, 3), (13, 3), (13, 2), (13, 1), (13, 0), (13, 0)], 2: [(10, 6), (10, 5), (11, 5), (11, 4), (11, 3), (12, 3), (13, 3), (13, 2), (14, 2), (15, 2), (16, 2), (17, 2), (17, 1), (18, 1), (19, 1), (20, 1), (21, 1), (22, 1), (23, 1), (23, 2), (23, 3), (24, 3), (25, 3), (25, 2), (26, 2), (27, 2), (28, 2), (29, 2), (29, 3), (30, 3), (30, 4), (30, 5), (29, 5), (29, 6), (29, 7), (30, 7), (31, 7), (31, 8), (31, 9), (30, 9), (29, 9), (29, 10), (28, 10), (27, 10), (26, 10), (25, 10), (25, 9), (24, 9), (23, 9), (22, 9), (22, 10), (22, 11), (22, 12), (22, 13), (21, 13), (21, 14), (21, 14)], 3: [(10, 30), (10, 29), (10, 28), (10, 27), (10, 26), (10, 25), (11, 25), (11, 24), (11, 23), (12, 23), (13, 23), (13, 22), (14, 22), (15, 22), (16, 22), (17, 22), (17, 21), (18, 21), (19, 21), (20, 21), (21, 21), (22, 21), (22, 20), (22, 19), (22, 18), (23, 18), (24, 18), (25, 18), (25, 17), (26, 17), (27, 17), (27, 16), (27, 15), (27, 14), (27, 13), (27, 12), (27, 11), (26, 11), (25, 11), (25, 10), (25, 9), (24, 9), (23, 9), (23, 8), (23, 7), (22, 7), (22, 6), (22, 6)], 4: [(1, 25), (2, 25), (3, 25), (3, 26), (4, 26), (5, 26), (6, 26), (7, 26), (6, 26), (5, 26), (4, 26), (3, 26), (3, 25), (2, 25), (1, 25), (1, 24), (1, 23), (1, 22), (1, 21), (2, 21), (2, 20), (2, 19), (3, 19), (4, 19), (5, 19), (5, 18), (6, 18), (7, 18), (8, 18), (9, 18), (9, 17), (10, 17), (11, 17), (11, 16), (11, 15), (11, 14), (12, 14), (13, 14), (14, 14), (15, 14), (16, 14), (17, 14), (17, 13), (18, 13), (18, 12), (18, 11), (17, 11), (17, 10), (17, 9), (17, 9)]}, 70)