

CBSS-C STATS
starts:[966, 86, 402, 161, 506, 312, 115, 304, 602, 838]
targets:[215, 819, 429, 762, 507, 66, 365, 438, 502, 993]
dests:[718, 697, 235, 358, 755, 990, 947, 434, 695, 199]
ac_dict:{215: {0, 1}, 819: {1, 2}, 429: {2, 3}, 762: {3, 4}, 507: {4, 5}, 66: {5, 6}, 365: {6, 7}, 438: {8, 7}, 502: {8, 9}, 718: {0}, 697: {1}, 235: {2}, 358: {3}, 755: {4}, 990: {5}, 947: {6}, 434: {7}, 695: {8}, 199: {9}}
clusters:[3 1 0 3 4 4 2 0 4 1]

round: 1
best_g_value: 248.0
open_list_size: 0
num_low_level_expanded: 779
search_success: 1
search_time: 0.2619475070387125
n_tsp_call: 1
n_tsp_time: 0.22435140796005726
n_roots: 1
num_conflicts: 0
target_assignment: {993: 0, 762: 4, 365: 6, 507: 5, 438: 7}
cluster_target_selection: {1: 993, 3: 762, 2: 365, 4: 507, 0: 438}
num_nodes_transformed_graph: 48
agent_paths:({0: [(6, 30), (5, 30), (4, 30), (3, 30), (2, 30), (1, 30), (1, 31), (1, 30), (2, 30), (3, 30), (4, 30), (5, 30), (6, 30), (7, 30), (8, 30), (9, 30), (9, 29), (10, 29), (10, 28), (10, 27), (10, 26), (10, 25), (11, 25), (11, 24), (11, 23), (12, 23), (13, 23), (13, 22), (14, 22), (14, 22)], 1: [(22, 2), (23, 2), (23, 3), (24, 3), (25, 3), (26, 3), (27, 3), (27, 4), (27, 5), (26, 5), (25, 5), (25, 6), (25, 7), (25, 8), (25, 9), (25, 10), (25, 11), (26, 11), (27, 11), (27, 12), (27, 13), (27, 14), (27, 15), (27, 16), (27, 17), (27, 18), (27, 19), (27, 20), (27, 21), (26, 21), (25, 21), (25, 21)], 2: [(18, 12), (18, 11), (17, 11), (17, 10), (17, 9), (16, 9), (15, 9), (14, 9), (14, 8), (14, 7), (13, 7), (13, 6), (13, 5), (12, 5), (11, 5), (11, 6), (11, 7), (11, 7)], 3: [(1, 5), (2, 5), (3, 5), (4, 5), (5, 5), (6, 5), (6, 6), (6, 7), (6, 8), (6, 9), (6, 10), (6, 11), (6, 11)], 4: [(26, 15), (27, 15), (27, 16), (27, 17), (27, 18), (27, 19), (27, 20), (27, 21), (26, 21), (26, 22), (26, 23), (27, 23), (27, 24), (27, 25), (26, 25), (25, 25), (24, 25), (23, 25), (23, 24), (23, 23), (22, 23), (21, 23), (21, 22), (21, 21), (20, 21), (19, 21), (19, 22), (19, 23), (19, 23)], 5: [(24, 9), (25, 9), (26, 9), (27, 9), (27, 10), (27, 11), (27, 12), (27, 13), (27, 14), (27, 15), (27, 16), (27, 17), (27, 18), (27, 19), (27, 20), (27, 21), (27, 22), (27, 23), (28, 23), (29, 23), (30, 23), (30, 24), (30, 25), (30, 26), (30, 27), (31, 27), (31, 28), (31, 29), (30, 29), (30, 30), (30, 30)], 6: [(19, 3), (18, 3), (17, 3), (17, 2), (16, 2), (15, 2), (14, 2), (14, 3), (14, 4), (14, 5), (14, 6), (14, 7), (14, 8), (14, 9), (13, 9), (13, 10), (13, 11), (12, 11), (11, 11), (10, 11), (9, 11), (9, 12), (9, 13), (10, 13), (11, 13), (11, 14), (11, 15), (11, 16), (11, 17), (11, 18), (11, 19), (10, 19), (9, 19), (9, 20), (9, 21), (10, 21), (11, 21), (11, 22), (11, 23), (12, 23), (13, 23), (14, 23), (15, 23), (15, 24), (15, 25), (15, 26), (15, 27), (16, 27), (17, 27), (18, 27), (18, 28), (18, 29), (19, 29), (19, 29)], 7: [(16, 9), (17, 9), (18, 9), (19, 9), (19, 10), (19, 11), (20, 11), (21, 11), (22, 11), (22, 12), (22, 13), (21, 13), (20, 13), (19, 13), (18, 13), (18, 13)], 8: [(26, 18), (25, 18), (24, 18), (23, 18), (23, 19), (22, 19), (22, 20), (22, 21), (23, 21), (23, 21)], 9: [(6, 26), (5, 26), (4, 26), (3, 26), (3, 25), (2, 25), (1, 25), (1, 24), (1, 23), (1, 22), (1, 21), (2, 21), (2, 20), (2, 19), (3, 19), (4, 19), (5, 19), (5, 18), (5, 17), (6, 17), (6, 16), (6, 15), (6, 14), (6, 13), (5, 13), (5, 12), (5, 11), (5, 10), (5, 9), (6, 9), (6, 8), (6, 7), (6, 6), (7, 6), (7, 6)]}, 52)