

CBSS-C STATS
starts:[315, 455, 227, 931, 847]
targets:[378, 846, 303, 730, 945, 52, 739, 186, 92, 226]
dests:[979, 86, 63, 835, 543]
ac_dict:{378: {0, 1}, 846: {1, 2}, 303: {2, 3}, 730: {3, 4}, 979: {0}, 86: {1}, 63: {2}, 835: {3}, 543: {4}}
clusters:[3 2 3 0 4 1 0 0 0 1]

round: 1
best_g_value: 169.0
open_list_size: 0
num_low_level_expanded: 583
search_success: 1
search_time: 0.24107432225719094
n_tsp_call: 1
n_tsp_time: 0.2235185820609331
n_roots: 1
num_conflicts: 0
target_assignment: {378: 0, 945: 0, 846: 1, 52: 2, 92: 2}
cluster_target_selection: {3: 378, 4: 945, 2: 846, 1: 52, 0: 92}
num_nodes_transformed_graph: 48
agent_paths:({0: [(27, 9), (26, 9), (26, 10), (26, 11), (27, 11), (27, 12), (27, 13), (27, 14), (27, 15), (27, 16), (27, 17), (27, 18), (27, 19), (27, 20), (27, 21), (27, 22), (27, 23), (27, 24), (27, 25), (26, 25), (25, 25), (24, 25), (23, 25), (22, 25), (21, 25), (21, 26), (20, 26), (19, 26), (18, 26), (18, 27), (18, 28), (18, 29), (17, 29), (18, 29), (19, 29), (19, 30), (19, 30)], 1: [(7, 14), (7, 15), (6, 15), (6, 16), (6, 17), (7, 17), (7, 18), (8, 18), (9, 18), (9, 19), (9, 20), (9, 21), (10, 21), (11, 21), (11, 22), (11, 23), (12, 23), (13, 23), (14, 23), (15, 23), (15, 24), (15, 25), (14, 25), (14, 26), (14, 25), (15, 25), (15, 24), (15, 23), (15, 22), (16, 22), (17, 22), (17, 21), (18, 21), (19, 21), (20, 21), (21, 21), (22, 21), (22, 20), (22, 19), (22, 18), (22, 17), (22, 16), (22, 15), (22, 14), (22, 13), (22, 12), (22, 11), (22, 10), (22, 9), (23, 9), (24, 9), (25, 9), (25, 8), (25, 7), (25, 6), (25, 5), (26, 5), (27, 5), (27, 4), (27, 3), (26, 3), (25, 3), (24, 3), (23, 3), (22, 3), (22, 2), (22, 2)], 2: [(3, 7), (3, 6), (3, 5), (4, 5), (5, 5), (6, 5), (7, 5), (7, 6), (8, 6), (9, 6), (9, 5), (10, 5), (11, 5), (11, 4), (11, 3), (12, 3), (13, 3), (13, 2), (14, 2), (15, 2), (16, 2), (17, 2), (17, 1), (18, 1), (19, 1), (20, 1), (21, 1), (22, 1), (23, 1), (23, 2), (23, 3), (24, 3), (25, 3), (25, 2), (26, 2), (27, 2), (28, 2), (29, 2), (29, 1), (30, 1), (31, 1), (31, 1)], 3: [(3, 29), (3, 28), (3, 27), (3, 26), (3, 26)], 4: [(15, 26), (15, 25), (15, 24), (15, 23), (15, 22), (16, 22), (17, 22), (17, 21), (18, 21), (19, 21), (20, 21), (21, 21), (22, 21), (22, 20), (22, 19), (22, 18), (23, 18), (24, 18), (25, 18), (26, 18), (27, 18), (28, 18), (29, 18), (29, 17), (30, 17), (31, 17), (31, 16), (31, 16)]}, 65)