

CBSS-C STATS
starts:[637, 406, 357, 499, 181, 34, 754, 319, 1002, 304]
targets:[281, 614, 206, 470, 591, 714, 954, 182, 725, 186]
dests:[73, 927, 706, 177, 175, 297, 473, 858, 67, 486]
ac_dict:{281: {0, 1}, 614: {1, 2}, 206: {2, 3}, 470: {3, 4}, 591: {4, 5}, 714: {5, 6}, 954: {6, 7}, 182: {8, 7}, 725: {8, 9}, 73: {0}, 927: {1}, 706: {2}, 177: {3}, 175: {4}, 297: {5}, 473: {6}, 858: {7}, 67: {8}, 486: {9}}
clusters:[1 3 0 2 4 3 1 3 4 2]

round: 33
best_g_value: 258.0
open_list_size: 32
num_low_level_expanded: 8544
search_success: 1
search_time: 2.04775548633188
n_tsp_call: 12
n_tsp_time: 1.2386133819818497
n_roots: 1
num_conflicts: 32
target_assignment: {281: 0, 186: 0, 614: 2, 725: 8, 206: 3}
cluster_target_selection: {1: 281, 2: 186, 3: 614, 4: 725, 0: 206}
num_nodes_transformed_graph: 34
agent_paths:({0: [(29, 19), (29, 18), (28, 18), (27, 18), (27, 17), (27, 16), (27, 15), (27, 14), (27, 13), (27, 12), (27, 11), (26, 11), (25, 11), (25, 10), (25, 9), (25, 8), (25, 7), (25, 6), (25, 5), (26, 5), (27, 5), (27, 4), (27, 3), (26, 3), (25, 3), (24, 3), (23, 3), (22, 3), (21, 3), (21, 2), (21, 1), (20, 1), (19, 1), (18, 1), (17, 1), (17, 2), (16, 2), (15, 2), (14, 2), (13, 2), (13, 3), (12, 3), (11, 3), (10, 3), (9, 3), (9, 2), (9, 2)], 1: [(22, 12), (22, 13), (22, 14), (22, 15), (22, 16), (22, 17), (23, 17), (23, 18), (24, 18), (25, 18), (26, 18), (27, 18), (27, 19), (27, 20), (27, 21), (27, 22), (27, 23), (28, 23), (29, 23), (30, 23), (30, 24), (30, 25), (31, 25), (31, 26), (31, 27), (31, 28), (31, 28)], 2: [(5, 11), (5, 12), (5, 13), (6, 13), (6, 14), (6, 15), (6, 16), (6, 17), (6, 18), (6, 19), (5, 19), (4, 19), (3, 19), (2, 19), (2, 20), (2, 21), (2, 22), (2, 22)], 3: [(19, 15), (18, 15), (18, 14), (18, 13), (18, 12), (18, 11), (17, 11), (17, 10), (17, 9), (16, 9), (15, 9), (14, 9), (14, 8), (14, 7), (14, 6), (15, 6), (15, 5), (16, 5), (17, 5), (17, 5)], 4: [(21, 5), (21, 6), (21, 7), (20, 7), (19, 7), (18, 7), (17, 7), (17, 6), (17, 5), (16, 5), (15, 5), (14, 5), (14, 5), (14, 5), (14, 5), (14, 5), (14, 5), (15, 5), (15, 5)], 5: [(2, 1), (3, 1), (3, 2), (3, 3), (3, 4), (3, 5), (4, 5), (5, 5), (6, 5), (6, 6), (6, 7), (6, 8), (6, 9), (7, 9), (8, 9), (9, 9), (9, 9)], 6: [(18, 23), (18, 22), (18, 21), (19, 21), (20, 21), (21, 21), (22, 21), (22, 20), (22, 19), (22, 18), (23, 18), (24, 18), (25, 18), (25, 17), (26, 17), (27, 17), (27, 16), (27, 15), (26, 15), (25, 15), (25, 14), (25, 14)], 7: [(31, 9), (31, 10), (31, 11), (31, 12), (31, 13), (30, 13), (29, 13), (29, 14), (28, 14), (27, 14), (27, 15), (27, 16), (27, 17), (27, 18), (27, 19), (27, 20), (27, 21), (27, 22), (27, 23), (27, 24), (27, 25), (26, 25), (26, 26), (26, 26)], 8: [(10, 31), (10, 30), (10, 29), (10, 28), (10, 27), (10, 26), (10, 25), (11, 25), (11, 24), (11, 23), (12, 23), (13, 23), (13, 22), (14, 22), (15, 22), (16, 22), (17, 22), (18, 22), (19, 22), (19, 21), (20, 21), (21, 21), (21, 22), (21, 21), (22, 21), (22, 20), (22, 19), (21, 19), (21, 18), (21, 17), (20, 17), (19, 17), (18, 17), (18, 16), (18, 15), (17, 15), (17, 14), (16, 14), (15, 14), (14, 14), (13, 14), (12, 14), (11, 14), (10, 14), (9, 14), (9, 13), (8, 13), (7, 13), (6, 13), (5, 13), (5, 12), (5, 11), (5, 10), (5, 9), (6, 9), (6, 8), (6, 7), (5, 7), (5, 6), (5, 5), (4, 5), (3, 5), (3, 4), (3, 3), (3, 2), (3, 2)], 9: [(16, 9), (15, 9), (14, 9), (13, 9), (13, 10), (13, 11), (12, 11), (11, 11), (10, 11), (9, 11), (9, 12), (9, 13), (8, 13), (7, 13), (6, 13), (6, 14), (6, 15), (6, 15)]}, 64)