

CBSS-C STATS
starts:[587, 475, 318, 551, 49]
targets:[977, 1020, 604, 314, 891, 305, 649, 317, 378, 371, 501, 1017, 635, 981, 564, 221, 851, 34, 570, 219]
dests:[677, 55, 337, 293, 441]
ac_dict:{977: {0, 1}, 1020: {1, 2}, 604: {2, 3}, 314: {3, 4}, 677: {0}, 55: {1}, 337: {2}, 293: {3}, 441: {4}}
clusters:[0 1 1 2 2 5 4 3 8 5 9 6 6 9 7 6 2 3 7 0]

round: 2
best_g_value: 108.0
open_list_size: 1
num_low_level_expanded: 355
search_success: 1
search_time: 22.18177535943687
n_tsp_call: 15
n_tsp_time: 21.95514802215621
n_roots: 1
num_conflicts: 1
target_assignment: {649: 0, 317: 2, 570: 2, 635: 2, 604: 2, 501: 2, 305: 2, 219: 4, 314: 4, 378: 4}
cluster_target_selection: {4: 649, 3: 317, 7: 570, 6: 635, 1: 604, 9: 501, 5: 305, 0: 219, 2: 314, 8: 378}
num_nodes_transformed_graph: 98
agent_paths:({0: [(11, 18), (10, 18), (9, 18), (9, 19), (9, 20), (9, 21), (8, 21), (7, 21), (6, 21), (5, 21), (5, 21)], 1: [(27, 14), (27, 13), (27, 12), (27, 11), (26, 11), (25, 11), (25, 10), (25, 9), (25, 8), (25, 7), (25, 6), (25, 5), (26, 5), (26, 5), (26, 5), (27, 5), (27, 4), (27, 3), (26, 3), (25, 3), (24, 3), (23, 3), (23, 2), (23, 1), (23, 1)], 2: [(30, 9), (29, 9), (29, 10), (28, 10), (27, 10), (27, 11), (27, 12), (27, 13), (27, 14), (27, 15), (27, 16), (27, 17), (26, 17), (27, 17), (27, 18), (27, 19), (27, 18), (28, 18), (27, 18), (26, 18), (25, 18), (24, 18), (23, 18), (22, 18), (22, 17), (22, 16), (22, 15), (21, 15), (21, 14), (21, 13), (20, 13), (19, 13), (18, 13), (18, 12), (18, 11), (17, 11), (17, 10), (17, 9), (17, 10), (17, 10)], 3: [(7, 17), (6, 17), (6, 16), (6, 15), (5, 15), (5, 14), (5, 13), (5, 12), (5, 11), (5, 10), (5, 9), (5, 9)], 4: [(17, 1), (18, 1), (19, 1), (20, 1), (21, 1), (22, 1), (23, 1), (23, 2), (23, 3), (24, 3), (25, 3), (26, 3), (27, 3), (27, 4), (27, 5), (27, 6), (26, 6), (26, 7), (25, 7), (25, 8), (25, 9), (26, 9), (26, 10), (26, 11), (27, 11), (27, 12), (27, 13), (26, 13), (25, 13), (25, 13)]}, 38)