

CBSS-C STATS
starts:[495, 422, 74, 59, 306]
targets:[96, 555, 914, 162, 238, 364, 465, 824, 250, 753]
dests:[61, 761, 511, 131, 454]
ac_dict:{96: {0, 1}, 555: {1, 2}, 914: {2, 3}, 162: {3, 4}, 61: {0}, 761: {1}, 511: {2}, 131: {3}, 454: {4}}
clusters:[3 0 2 4 4 1 0 0 1 3]

round: 1
best_g_value: 183.0
open_list_size: 0
num_low_level_expanded: 631
search_success: 1
search_time: 0.13201159704476595
n_tsp_call: 1
n_tsp_time: 0.10845945216715336
n_roots: 1
num_conflicts: 0
target_assignment: {465: 0, 364: 4, 238: 2, 753: 2, 914: 2}
cluster_target_selection: {0: 465, 1: 364, 4: 238, 3: 753, 2: 914}
num_nodes_transformed_graph: 29
agent_paths:({0: [(15, 15), (15, 14), (16, 14), (17, 14), (17, 13), (18, 13), (18, 12), (18, 11), (19, 11), (20, 11), (21, 11), (21, 10), (21, 9), (22, 9), (23, 9), (24, 9), (25, 9), (25, 8), (25, 7), (25, 6), (25, 5), (26, 5), (27, 5), (27, 4), (27, 3), (27, 2), (28, 2), (29, 2), (29, 1), (29, 1)], 1: [(6, 13), (7, 13), (8, 13), (9, 13), (10, 13), (11, 13), (11, 14), (12, 14), (13, 14), (14, 14), (15, 14), (16, 14), (17, 14), (18, 14), (18, 15), (18, 16), (18, 17), (19, 17), (20, 17), (21, 17), (22, 17), (23, 17), (23, 18), (24, 18), (25, 18), (25, 19), (26, 19), (27, 19), (27, 20), (27, 21), (26, 21), (25, 21), (25, 22), (25, 23), (25, 23)], 2: [(10, 2), (11, 2), (11, 3), (12, 3), (13, 3), (14, 3), (14, 4), (14, 5), (14, 6), (14, 7), (14, 8), (14, 9), (15, 9), (16, 9), (17, 9), (17, 10), (17, 11), (18, 11), (18, 12), (18, 13), (18, 14), (18, 15), (18, 16), (18, 17), (19, 17), (20, 17), (21, 17), (21, 18), (21, 19), (22, 19), (22, 20), (22, 21), (21, 21), (20, 21), (19, 21), (18, 21), (17, 21), (17, 22), (17, 23), (17, 24), (17, 25), (18, 25), (18, 26), (18, 27), (18, 28), (18, 27), (18, 26), (19, 26), (20, 26), (21, 26), (21, 25), (22, 25), (23, 25), (24, 25), (25, 25), (26, 25), (27, 25), (27, 24), (27, 23), (27, 22), (27, 21), (27, 20), (27, 19), (27, 18), (28, 18), (29, 18), (29, 17), (30, 17), (31, 17), (31, 16), (31, 15), (31, 15)], 3: [(27, 1), (26, 1), (25, 1), (25, 2), (25, 3), (24, 3), (23, 3), (22, 3), (21, 3), (21, 2), (21, 1), (20, 1), (19, 1), (18, 1), (17, 1), (17, 2), (16, 2), (15, 2), (14, 2), (13, 2), (13, 3), (12, 3), (11, 3), (11, 4), (11, 5), (10, 5), (9, 5), (9, 6), (8, 6), (7, 6), (6, 6), (5, 6), (5, 5), (4, 5), (3, 5), (3, 4), (3, 4)], 4: [(18, 9), (17, 9), (16, 9), (15, 9), (14, 9), (13, 9), (13, 10), (13, 11), (12, 11), (11, 11), (10, 11), (9, 11), (9, 12), (9, 13), (8, 13), (7, 13), (6, 13), (6, 14), (6, 14)]}, 70)