

CBSS-C STATS
starts:[347, 599]
targets:[736, 561, 682, 543, 683, 158, 975, 122, 923, 823]
dests:[134, 350]
ac_dict:{736: {0, 1}, 134: {0}, 350: {1}}
clusters:[9 7 2 4 1 0 6 3 8 5]

round: 1
best_g_value: 172.0
open_list_size: 0
num_low_level_expanded: 471
search_success: 1
search_time: 0.029951738004456274
n_tsp_call: 1
n_tsp_time: 0.01408376700419467
n_roots: 1
num_conflicts: 0
target_assignment: {158: 0, 122: 0, 682: 0, 683: 0, 736: 0, 561: 1, 823: 1, 975: 1, 923: 1, 543: 1}
cluster_target_selection: {0: 158, 3: 122, 2: 682, 1: 683, 9: 736, 7: 561, 5: 823, 6: 975, 8: 923, 4: 543}
num_nodes_transformed_graph: 14
agent_paths:({0: [(27, 10), (28, 10), (29, 10), (29, 9), (30, 9), (31, 9), (31, 8), (31, 7), (30, 7), (30, 6), (30, 5), (30, 4), (30, 3), (29, 3), (29, 2), (28, 2), (27, 2), (26, 2), (26, 3), (27, 3), (27, 4), (27, 5), (26, 5), (25, 5), (25, 6), (25, 7), (25, 8), (25, 9), (24, 9), (23, 9), (22, 9), (21, 9), (21, 10), (21, 11), (20, 11), (19, 11), (18, 11), (18, 12), (18, 13), (17, 13), (17, 14), (16, 14), (15, 14), (14, 14), (13, 14), (12, 14), (11, 14), (11, 15), (11, 16), (11, 17), (10, 17), (10, 18), (10, 19), (9, 19), (9, 20), (9, 21), (10, 21), (11, 21), (10, 21), (9, 21), (8, 21), (7, 21), (6, 21), (5, 21), (5, 22), (4, 22), (3, 22), (2, 22), (1, 22), (1, 23), (0, 23), (1, 23), (1, 22), (1, 21), (2, 21), (2, 20), (2, 19), (3, 19), (4, 19), (5, 19), (5, 18), (5, 17), (6, 17), (6, 16), (6, 15), (6, 14), (6, 13), (5, 13), (5, 12), (5, 11), (5, 10), (5, 9), (6, 9), (6, 8), (6, 7), (6, 6), (6, 5), (6, 4), (6, 4)], 1: [(23, 18), (22, 18), (21, 18), (21, 17), (20, 17), (19, 17), (18, 17), (17, 17), (18, 17), (19, 17), (20, 17), (21, 17), (22, 17), (22, 18), (22, 19), (22, 20), (22, 21), (23, 21), (23, 22), (23, 23), (23, 24), (23, 25), (22, 25), (21, 25), (21, 26), (20, 26), (19, 26), (18, 26), (18, 27), (18, 28), (18, 29), (17, 29), (17, 30), (17, 31), (16, 31), (15, 31), (15, 30), (15, 31), (16, 31), (17, 31), (18, 31), (19, 31), (20, 31), (21, 31), (22, 31), (23, 31), (24, 31), (25, 31), (25, 30), (25, 29), (26, 29), (27, 29), (27, 28), (27, 27), (27, 26), (27, 25), (27, 24), (27, 23), (27, 22), (27, 21), (27, 20), (27, 19), (27, 18), (28, 18), (29, 18), (29, 17), (30, 17), (31, 17), (31, 16), (31, 15), (31, 14), (31, 13), (31, 12), (31, 11), (30, 11), (30, 10), (30, 10)]}, 97)