

CBSS-C STATS
starts:[485, 846, 464, 209, 881]
targets:[374, 52, 233, 582, 544, 617, 424, 845, 671, 843, 85, 445, 105, 166, 40, 481, 237, 366, 118, 914]
dests:[429, 295, 885, 870, 950]
ac_dict:{374: {0, 1}, 52: {1, 2}, 233: {2, 3}, 582: {3, 4}, 429: {0}, 295: {1}, 885: {2}, 870: {3}, 950: {4}}
clusters:[ 6  7  1 11 19  3 13  2 17 15 12  5 18  4 16  9 14  8 10  0]

round: 1
best_g_value: 233.0
open_list_size: 0
num_low_level_expanded: 564
search_success: 1
search_time: 0.685564596002223
n_tsp_call: 1
n_tsp_time: 0.6513609730027383
n_roots: 1
num_conflicts: 0
target_assignment: {424: 0, 366: 0, 374: 0, 914: 4, 237: 2, 52: 2, 85: 2, 118: 2, 445: 2, 671: 2, 233: 3, 105: 3, 40: 3, 166: 3, 582: 3, 481: 3, 544: 3, 845: 1, 843: 1, 617: 1}
cluster_target_selection: {13: 424, 8: 366, 6: 374, 0: 914, 14: 237, 7: 52, 12: 85, 10: 118, 5: 445, 17: 671, 1: 233, 18: 105, 16: 40, 4: 166, 11: 582, 9: 481, 19: 544, 2: 845, 15: 843, 3: 617}
num_nodes_transformed_graph: 54
agent_paths:({0: [(5, 15), (5, 14), (5, 13), (6, 13), (7, 13), (8, 13), (9, 13), (9, 12), (9, 11), (10, 11), (11, 11), (12, 11), (13, 11), (14, 11), (15, 11), (15, 10), (15, 9), (16, 9), (17, 9), (18, 9), (19, 9), (19, 10), (19, 11), (20, 11), (21, 11), (22, 11), (21, 11), (20, 11), (19, 11), (18, 11), (18, 12), (18, 13), (17, 13), (17, 14), (16, 14), (15, 14), (14, 14), (13, 14), (13, 13), (13, 13)], 1: [(14, 26), (13, 26), (13, 27), (12, 27), (11, 27), (11, 26), (11, 25), (11, 24), (11, 23), (10, 23), (9, 23), (9, 22), (9, 21), (9, 20), (9, 19), (9, 18), (8, 18), (7, 18), (7, 17), (6, 17), (6, 16), (6, 15), (6, 14), (6, 13), (5, 13), (5, 12), (5, 11), (5, 10), (5, 9), (6, 9), (7, 9), (7, 9)], 2: [(16, 14), (17, 14), (17, 13), (18, 13), (18, 12), (18, 11), (17, 11), (17, 10), (17, 9), (16, 9), (15, 9), (14, 9), (14, 8), (14, 7), (13, 7), (13, 6), (13, 5), (14, 5), (14, 4), (14, 3), (14, 2), (15, 2), (16, 2), (17, 2), (17, 1), (18, 1), (19, 1), (20, 1), (21, 1), (21, 2), (22, 2), (22, 3), (23, 3), (24, 3), (25, 3), (26, 3), (27, 3), (27, 4), (27, 5), (27, 6), (28, 6), (29, 6), (29, 7), (30, 7), (31, 7), (31, 8), (31, 9), (31, 10), (31, 11), (31, 12), (31, 13), (30, 13), (29, 13), (30, 13), (31, 13), (31, 14), (31, 15), (31, 16), (31, 17), (31, 18), (31, 19), (31, 20), (31, 21), (30, 21), (29, 21), (29, 22), (29, 23), (28, 23), (27, 23), (27, 24), (27, 25), (26, 25), (25, 25), (24, 25), (23, 25), (22, 25), (21, 25), (21, 26), (21, 27), (21, 27)], 3: [(17, 6), (17, 5), (16, 5), (15, 5), (14, 5), (13, 5), (12, 5), (11, 5), (10, 5), (9, 5), (9, 6), (9, 7), (9, 6), (9, 5), (10, 5), (11, 5), (11, 4), (11, 3), (10, 3), (9, 3), (9, 2), (9, 1), (8, 1), (7, 1), (6, 1), (6, 2), (6, 3), (6, 4), (6, 5), (6, 6), (6, 7), (6, 8), (6, 9), (6, 10), (6, 11), (5, 11), (5, 12), (5, 13), (6, 13), (6, 14), (6, 15), (6, 16), (6, 17), (6, 18), (5, 18), (5, 19), (4, 19), (3, 19), (2, 19), (2, 18), (2, 17), (2, 16), (2, 15), (1, 15), (2, 15), (2, 16), (2, 17), (1, 17), (0, 17), (1, 17), (2, 17), (2, 18), (2, 19), (2, 20), (2, 21), (2, 22), (2, 23), (1, 23), (1, 24), (1, 25), (2, 25), (3, 25), (3, 26), (4, 26), (5, 26), (6, 26), (6, 27), (6, 27)], 4: [(17, 27), (18, 27), (18, 28), (18, 29), (19, 29), (19, 30), (19, 31), (20, 31), (21, 31), (21, 30), (21, 29), (22, 29), (22, 29)]}, 78)