

CBSS-C STATS
starts:[186, 307, 287]
targets:[351, 747, 459, 719, 192, 255, 849, 599, 33, 94, 610, 433, 95, 466, 57]
dests:[59, 945, 731]
ac_dict:{351: {0, 1}, 747: {1, 2}, 59: {0}, 945: {1}, 731: {2}}
clusters:[ 0  3 14  5  1  4 12  9 10  8  7  2 13  6 11]

round: 1
best_g_value: 161.0
open_list_size: 0
num_low_level_expanded: 369
search_success: 1
search_time: 0.14099946500209626
n_tsp_call: 1
n_tsp_time: 0.12427722300344612
n_roots: 1
num_conflicts: 0
target_assignment: {351: 0, 255: 0, 94: 0, 95: 0, 57: 0, 466: 1, 433: 1, 459: 1, 192: 1, 33: 1, 610: 1, 747: 1, 719: 1, 849: 1, 599: 2}
cluster_target_selection: {0: 351, 4: 255, 8: 94, 13: 95, 11: 57, 6: 466, 2: 433, 14: 459, 1: 192, 10: 33, 7: 610, 3: 747, 5: 719, 12: 849, 9: 599}
num_nodes_transformed_graph: 27
agent_paths:({0: [(26, 5), (27, 5), (27, 6), (28, 6), (29, 6), (30, 6), (31, 6), (31, 7), (31, 8), (31, 9), (31, 10), (31, 9), (31, 8), (31, 7), (30, 7), (30, 6), (30, 5), (30, 4), (30, 3), (30, 2), (31, 2), (30, 2), (29, 2), (28, 2), (27, 2), (26, 2), (25, 2), (25, 1), (26, 1), (27, 1), (27, 1)], 1: [(19, 9), (18, 9), (18, 10), (18, 11), (18, 12), (18, 13), (18, 14), (17, 14), (17, 13), (17, 14), (16, 14), (15, 14), (14, 14), (13, 14), (12, 14), (11, 14), (10, 14), (9, 14), (9, 13), (9, 12), (9, 11), (9, 10), (9, 9), (8, 9), (7, 9), (6, 9), (6, 8), (6, 7), (5, 7), (5, 6), (5, 5), (4, 5), (3, 5), (2, 5), (1, 5), (1, 6), (0, 6), (1, 6), (1, 5), (2, 5), (3, 5), (3, 4), (3, 3), (2, 3), (1, 3), (1, 2), (1, 1), (2, 1), (2, 2), (2, 3), (3, 3), (3, 4), (3, 5), (4, 5), (5, 5), (5, 6), (5, 7), (6, 7), (6, 8), (6, 9), (5, 9), (5, 10), (5, 11), (5, 12), (5, 13), (5, 14), (5, 15), (6, 15), (6, 16), (6, 17), (5, 17), (5, 18), (5, 19), (4, 19), (3, 19), (2, 19), (2, 20), (2, 21), (3, 21), (3, 22), (4, 22), (5, 22), (6, 22), (7, 22), (7, 21), (8, 21), (9, 21), (10, 21), (11, 21), (11, 22), (11, 23), (12, 23), (13, 23), (13, 22), (14, 22), (15, 22), (16, 22), (17, 22), (17, 23), (17, 24), (17, 25), (17, 26), (17, 27), (18, 27), (18, 28), (18, 29), (17, 29), (17, 29)], 2: [(31, 8), (31, 9), (30, 9), (29, 9), (29, 10), (28, 10), (27, 10), (27, 11), (27, 12), (27, 13), (27, 14), (27, 15), (27, 16), (27, 17), (26, 17), (25, 17), (25, 18), (24, 18), (23, 18), (24, 18), (25, 18), (26, 18), (27, 18), (27, 19), (27, 20), (27, 21), (27, 22), (27, 22)]}, 106)