

CBSS-C STATS
starts:[594, 372, 80, 173, 115]
targets:[389, 330, 549, 741, 97, 299, 374, 999, 857, 534]
dests:[122, 94, 545, 311, 347]
ac_dict:{389: {0, 1}, 330: {1, 2}, 549: {2, 3}, 741: {3, 4}, 122: {0}, 94: {1}, 545: {2}, 311: {3}, 347: {4}}
clusters:[0 3 4 1 0 4 0 4 2 1]

round: 50
best_g_value: 159.0
open_list_size: 49
num_low_level_expanded: 26593
search_success: 1
search_time: 0.9447349803522229
n_tsp_call: 7
n_tsp_time: 0.29396232357248664
n_roots: 1
num_conflicts: 49
target_assignment: {857: 0, 534: 0, 374: 0, 330: 2, 549: 2}
cluster_target_selection: {2: 857, 1: 534, 0: 374, 3: 330, 4: 549}
num_nodes_transformed_graph: 28
agent_paths:({0: [(18, 18), (19, 18), (19, 17), (20, 17), (21, 17), (22, 17), (22, 18), (22, 19), (22, 20), (22, 21), (23, 21), (23, 22), (23, 23), (23, 24), (23, 25), (24, 25), (25, 25), (25, 26), (25, 25), (24, 25), (23, 25), (23, 24), (23, 23), (22, 23), (22, 22), (22, 21), (22, 20), (22, 19), (22, 18), (22, 17), (22, 16), (22, 15), (22, 14), (22, 13), (22, 12), (22, 11), (22, 12), (22, 13), (22, 14), (22, 15), (22, 16), (22, 17), (23, 17), (23, 18), (24, 18), (25, 18), (25, 17), (26, 17), (27, 17), (27, 16), (27, 15), (27, 14), (27, 13), (27, 12), (27, 11), (26, 11), (26, 10), (26, 9), (25, 9), (25, 8), (25, 7), (25, 6), (25, 5), (26, 5), (27, 5), (27, 4), (27, 3), (26, 3), (26, 3)], 1: [(20, 11), (21, 11), (21, 10), (21, 9), (22, 9), (23, 9), (24, 9), (25, 9), (25, 8), (25, 7), (25, 6), (26, 6), (27, 6), (28, 6), (29, 6), (29, 5), (30, 5), (30, 4), (30, 3), (30, 2), (30, 2)], 2: [(16, 2), (15, 2), (14, 2), (14, 3), (14, 4), (14, 5), (14, 6), (14, 7), (14, 8), (14, 9), (13, 9), (13, 10), (13, 11), (12, 11), (11, 11), (10, 11), (10, 10), (9, 10), (9, 11), (9, 12), (9, 13), (8, 13), (7, 13), (6, 13), (6, 14), (6, 15), (6, 16), (6, 17), (5, 17), (5, 18), (5, 19), (4, 19), (3, 19), (2, 19), (1, 19), (1, 18), (1, 17), (1, 17)], 3: [(13, 5), (14, 5), (15, 5), (16, 5), (17, 5), (18, 5), (19, 5), (19, 6), (19, 7), (20, 7), (21, 7), (22, 7), (23, 7), (23, 8), (23, 9), (23, 9)], 4: [(19, 3), (19, 2), (19, 1), (20, 1), (21, 1), (22, 1), (23, 1), (23, 2), (23, 3), (24, 3), (25, 3), (26, 3), (27, 3), (27, 4), (27, 5), (27, 6), (27, 7), (26, 7), (25, 7), (25, 8), (25, 9), (26, 9), (27, 9), (27, 10), (27, 10)]}, 67)