

CBSS-C STATS
starts:[178, 838, 69]
targets:[1012, 966, 55, 381, 550, 629, 218, 734, 487, 302, 697, 801, 613, 217, 834]
dests:[951, 506, 581]
ac_dict:{1012: {0, 1}, 966: {1, 2}, 951: {0}, 506: {1}, 581: {2}}
clusters:[ 3  6  9  7  5  1 13  8  4  0 14  2 12 10 11]

round: 1
best_g_value: 170.0
open_list_size: 0
num_low_level_expanded: 390
search_success: 1
search_time: 0.3642601600004127
n_tsp_call: 1
n_tsp_time: 0.34370591801416595
n_roots: 1
num_conflicts: 0
target_assignment: {302: 0, 55: 0, 218: 0, 217: 0, 381: 0, 734: 0, 697: 0, 487: 2, 550: 2, 613: 2, 801: 1, 834: 1, 966: 1, 1012: 1, 629: 1}
cluster_target_selection: {0: 302, 9: 55, 13: 218, 10: 217, 7: 381, 8: 734, 14: 697, 4: 487, 5: 550, 12: 613, 2: 801, 11: 834, 6: 966, 3: 1012, 1: 629}
num_nodes_transformed_graph: 49
agent_paths:({0: [(18, 5), (17, 5), (16, 5), (15, 5), (14, 5), (14, 6), (14, 7), (14, 8), (14, 9), (14, 8), (14, 7), (14, 6), (14, 5), (14, 4), (14, 3), (14, 2), (15, 2), (16, 2), (17, 2), (17, 1), (18, 1), (19, 1), (20, 1), (21, 1), (22, 1), (23, 1), (23, 2), (23, 3), (24, 3), (25, 3), (26, 3), (27, 3), (27, 4), (27, 5), (26, 5), (26, 6), (25, 6), (25, 7), (25, 8), (25, 9), (26, 9), (27, 9), (27, 10), (28, 10), (29, 10), (29, 11), (30, 11), (31, 11), (31, 12), (31, 13), (31, 14), (31, 15), (31, 16), (31, 17), (31, 18), (31, 19), (31, 20), (31, 21), (30, 21), (30, 22), (29, 22), (29, 23), (28, 23), (27, 23), (26, 23), (25, 23), (25, 22), (25, 21), (25, 22), (25, 23), (26, 23), (27, 23), (27, 24), (27, 25), (26, 25), (25, 25), (24, 25), (23, 25), (23, 26), (23, 27), (23, 28), (23, 29), (23, 29)], 1: [(6, 26), (5, 26), (4, 26), (3, 26), (2, 26), (1, 26), (1, 25), (2, 25), (2, 26), (3, 26), (3, 27), (3, 28), (3, 29), (3, 30), (4, 30), (5, 30), (6, 30), (7, 30), (8, 30), (9, 30), (10, 30), (10, 29), (10, 28), (10, 27), (11, 27), (12, 27), (13, 27), (14, 27), (15, 27), (16, 27), (17, 27), (18, 27), (18, 28), (18, 29), (19, 29), (19, 30), (19, 31), (20, 31), (21, 31), (21, 30), (21, 29), (22, 29), (23, 29), (23, 28), (23, 27), (23, 26), (23, 25), (23, 24), (23, 23), (22, 23), (22, 22), (22, 21), (22, 20), (22, 19), (21, 19), (21, 18), (22, 18), (23, 18), (24, 18), (25, 18), (25, 17), (26, 17), (27, 17), (27, 16), (27, 15), (26, 15), (26, 15)], 2: [(5, 2), (6, 2), (6, 3), (6, 4), (6, 5), (6, 6), (6, 7), (6, 8), (6, 9), (6, 10), (6, 11), (5, 11), (5, 12), (5, 13), (6, 13), (7, 13), (7, 14), (7, 15), (6, 15), (6, 16), (6, 17), (5, 17), (5, 18), (5, 19), (5, 18), (5, 18)]}, 81)