

CBSS-C STATS
starts:[993, 679, 313, 55, 86]
targets:[891, 725, 287, 186, 246, 550, 437, 312, 439, 223, 675, 306, 90, 849, 611, 198, 858, 311, 457, 571]
dests:[491, 35, 862, 638, 389]
ac_dict:{891: {0, 1}, 725: {1, 2}, 287: {2, 3}, 186: {3, 4}, 491: {0}, 35: {1}, 862: {2}, 638: {3}, 389: {4}}
clusters:[1 9 6 5 1 0 2 6 8 3 4 2 9 8 9 3 0 0 7 0]

round: 3
best_g_value: 161.0
open_list_size: 2
num_low_level_expanded: 543
search_success: 1
search_time: 4.904079533182085
n_tsp_call: 13
n_tsp_time: 4.563987223431468
n_roots: 1
num_conflicts: 2
target_assignment: {675: 0, 611: 0, 186: 4, 246: 4, 439: 4, 437: 4, 457: 4, 287: 3, 571: 2, 198: 1}
cluster_target_selection: {4: 675, 9: 611, 5: 186, 1: 246, 8: 439, 2: 437, 7: 457, 6: 287, 0: 571, 3: 198}
num_nodes_transformed_graph: 54
agent_paths:({0: [(1, 31), (1, 30), (1, 29), (2, 29), (3, 29), (3, 28), (3, 27), (3, 26), (3, 25), (2, 25), (1, 25), (1, 24), (1, 23), (1, 22), (1, 21), (2, 21), (3, 21), (2, 21), (2, 20), (2, 19), (3, 19), (4, 19), (5, 19), (5, 18), (6, 18), (7, 18), (8, 18), (9, 18), (9, 17), (10, 17), (11, 17), (11, 16), (11, 15), (11, 15)], 1: [(7, 21), (8, 21), (9, 21), (9, 20), (9, 19), (9, 18), (8, 18), (7, 18), (6, 18), (6, 17), (6, 16), (6, 15), (6, 14), (6, 13), (5, 13), (5, 12), (5, 11), (5, 10), (5, 9), (6, 9), (6, 8), (6, 7), (6, 6), (5, 6), (5, 5), (4, 5), (3, 5), (3, 4), (3, 3), (3, 2), (3, 1), (3, 1)], 2: [(25, 9), (26, 9), (27, 9), (27, 10), (27, 11), (27, 12), (27, 13), (27, 14), (27, 15), (27, 16), (27, 17), (27, 18), (27, 19), (27, 20), (27, 21), (27, 22), (27, 23), (28, 23), (29, 23), (30, 23), (30, 24), (30, 25), (30, 26), (30, 26)], 3: [(23, 1), (23, 1), (23, 2), (23, 3), (24, 3), (25, 3), (26, 3), (27, 3), (27, 4), (27, 5), (27, 6), (28, 6), (29, 6), (30, 6), (31, 6), (31, 7), (31, 8), (31, 9), (31, 10), (31, 11), (31, 12), (31, 13), (31, 14), (31, 15), (31, 16), (31, 17), (30, 17), (30, 18), (30, 19), (30, 19)], 4: [(22, 2), (23, 2), (23, 3), (24, 3), (25, 3), (26, 3), (27, 3), (27, 4), (27, 5), (26, 5), (25, 5), (25, 6), (25, 7), (25, 8), (25, 9), (24, 9), (23, 9), (23, 8), (23, 7), (22, 7), (23, 7), (23, 8), (23, 9), (23, 10), (23, 11), (22, 11), (22, 12), (22, 13), (23, 13), (22, 13), (21, 13), (20, 13), (19, 13), (18, 13), (17, 13), (17, 14), (16, 14), (15, 14), (14, 14), (13, 14), (12, 14), (11, 14), (10, 14), (9, 14), (9, 13), (8, 13), (7, 13), (6, 13), (5, 13), (5, 12), (5, 12)]}, 49)