

CBSS-C STATS
starts:[73, 359, 466, 49, 899]
targets:[474, 406, 859, 1022, 986, 1008, 593, 51, 990, 169, 241, 695, 873, 979, 769, 623, 117, 230, 749, 249]
dests:[934, 34, 319, 335, 592]
ac_dict:{474: {0, 1}, 406: {1, 2}, 859: {2, 3}, 1022: {3, 4}, 934: {0}, 34: {1}, 319: {2}, 335: {3}, 592: {4}}
clusters:[1 1 1 5 1 0 9 6 0 7 1 3 4 2 4 7 9 5 4 8]

round: 1
best_g_value: 161.0
open_list_size: 0
num_low_level_expanded: 373
search_success: 1
search_time: 0.7999575221911073
n_tsp_call: 1
n_tsp_time: 0.7661811951547861
n_roots: 1
num_conflicts: 0
target_assignment: {169: 0, 230: 0, 769: 0, 51: 3, 406: 2, 249: 2, 979: 4, 1008: 4, 695: 4, 593: 4}
cluster_target_selection: {7: 169, 5: 230, 4: 769, 6: 51, 1: 406, 8: 249, 2: 979, 0: 1008, 3: 695, 9: 593}
num_nodes_transformed_graph: 98
agent_paths:({0: [(9, 2), (9, 3), (10, 3), (11, 3), (11, 4), (11, 5), (10, 5), (9, 5), (9, 6), (8, 6), (7, 6), (6, 6), (6, 7), (6, 8), (6, 9), (5, 9), (5, 10), (5, 11), (5, 12), (5, 13), (5, 14), (5, 15), (6, 15), (6, 16), (6, 17), (5, 17), (5, 18), (5, 19), (4, 19), (3, 19), (2, 19), (2, 20), (2, 21), (1, 21), (1, 22), (1, 23), (1, 24), (1, 25), (2, 25), (3, 25), (3, 26), (3, 27), (3, 28), (3, 29), (3, 30), (4, 30), (5, 30), (5, 29), (6, 29), (6, 29)], 1: [(7, 11), (6, 11), (6, 10), (6, 9), (6, 8), (6, 7), (5, 7), (5, 6), (5, 5), (4, 5), (3, 5), (3, 4), (3, 3), (2, 3), (2, 2), (2, 1), (2, 1)], 2: [(18, 14), (18, 13), (19, 13), (20, 13), (21, 13), (22, 13), (22, 12), (22, 11), (22, 10), (22, 9), (23, 9), (24, 9), (25, 9), (25, 8), (25, 7), (25, 8), (25, 9), (26, 9), (27, 9), (27, 10), (28, 10), (29, 10), (29, 9), (30, 9), (31, 9), (31, 9)], 3: [(17, 1), (18, 1), (19, 1), (18, 1), (17, 1), (17, 2), (16, 2), (15, 2), (15, 3), (14, 3), (14, 4), (14, 5), (14, 6), (14, 7), (14, 8), (14, 9), (15, 9), (15, 10), (15, 10)], 4: [(3, 28), (3, 29), (3, 30), (4, 30), (5, 30), (6, 30), (7, 30), (8, 30), (9, 30), (10, 30), (10, 29), (10, 28), (10, 27), (11, 27), (12, 27), (13, 27), (14, 27), (15, 27), (16, 27), (17, 27), (18, 27), (18, 28), (18, 29), (19, 29), (19, 30), (18, 30), (17, 30), (17, 31), (16, 31), (17, 31), (17, 30), (17, 29), (18, 29), (18, 28), (18, 27), (18, 26), (19, 26), (20, 26), (21, 26), (21, 25), (22, 25), (23, 25), (23, 24), (23, 23), (23, 22), (23, 21), (22, 21), (22, 20), (22, 19), (21, 19), (21, 18), (21, 17), (20, 17), (19, 17), (18, 17), (17, 17), (17, 18), (16, 18), (16, 18)]}, 57)