

CBSS-C STATS
starts:[436, 270, 581, 691, 558, 125, 595]
targets:[370, 501, 189, 763, 167, 853, 423, 637, 462, 422]
dests:[175, 858, 769, 877, 229, 350, 606]
ac_dict:{370: {0, 1}, 501: {1, 2}, 189: {2, 3}, 763: {3, 4}, 167: {4, 5}, 853: {5, 6}, 175: {0}, 858: {1}, 769: {2}, 877: {3}, 229: {4}, 350: {5}, 606: {6}}
clusters:[5 3 6 0 9 4 8 2 1 7]

round: 2
best_g_value: 203.0
open_list_size: 1
num_low_level_expanded: 567
search_success: 1
search_time: 0.3139908489974914
n_tsp_call: 1
n_tsp_time: 0.2898819449910661
n_roots: 1
num_conflicts: 1
target_assignment: {370: 0, 189: 3, 763: 3, 462: 4, 423: 4, 422: 4, 167: 4, 501: 1, 853: 6, 637: 6}
cluster_target_selection: {5: 370, 6: 189, 0: 763, 1: 462, 8: 423, 7: 422, 9: 167, 3: 501, 4: 853, 2: 637}
num_nodes_transformed_graph: 54
agent_paths:({0: [(20, 13), (19, 13), (18, 13), (18, 12), (18, 11), (18, 10), (18, 9), (18, 8), (18, 7), (17, 7), (17, 6), (17, 5), (16, 5), (15, 5), (15, 5)], 1: [(14, 8), (14, 9), (15, 9), (16, 9), (17, 9), (17, 10), (18, 10), (18, 11), (18, 12), (18, 13), (19, 13), (20, 13), (21, 13), (21, 14), (21, 15), (22, 15), (22, 16), (22, 17), (22, 18), (22, 19), (22, 20), (22, 21), (23, 21), (23, 22), (23, 23), (23, 24), (23, 25), (24, 25), (25, 25), (26, 25), (26, 26), (26, 26)], 2: [(5, 18), (5, 19), (4, 19), (3, 19), (2, 19), (2, 20), (2, 21), (1, 21), (1, 22), (1, 23), (1, 24), (1, 24)], 3: [(19, 21), (20, 21), (21, 21), (22, 21), (22, 20), (22, 19), (22, 18), (22, 17), (22, 16), (22, 15), (22, 14), (22, 13), (22, 12), (22, 11), (22, 10), (22, 9), (23, 9), (24, 9), (25, 9), (25, 8), (25, 7), (25, 6), (26, 6), (27, 6), (28, 6), (29, 6), (29, 5), (29, 6), (28, 6), (27, 6), (27, 7), (26, 7), (25, 7), (25, 8), (25, 9), (26, 9), (27, 9), (27, 10), (27, 11), (27, 12), (27, 13), (27, 14), (27, 15), (27, 16), (27, 17), (27, 18), (27, 19), (27, 20), (27, 21), (27, 22), (27, 23), (27, 24), (27, 25), (26, 25), (25, 25), (24, 25), (23, 25), (22, 25), (21, 25), (21, 26), (20, 26), (19, 26), (18, 26), (17, 26), (17, 27), (16, 27), (15, 27), (14, 27), (13, 27), (13, 27)], 4: [(14, 17), (15, 17), (15, 18), (16, 18), (17, 18), (17, 17), (18, 17), (18, 16), (18, 15), (17, 15), (17, 14), (16, 14), (15, 14), (14, 14), (13, 14), (12, 14), (11, 14), (10, 14), (9, 14), (9, 13), (8, 13), (7, 13), (6, 13), (5, 13), (5, 12), (5, 11), (5, 10), (5, 9), (6, 9), (6, 8), (6, 7), (6, 6), (6, 5), (7, 5), (6, 5), (5, 5), (5, 6), (5, 7), (5, 7)], 5: [(29, 3), (30, 3), (30, 4), (30, 5), (30, 6), (30, 7), (31, 7), (31, 8), (31, 9), (30, 9), (30, 10), (30, 10)], 6: [(19, 18), (19, 17), (20, 17), (21, 17), (21, 18), (21, 19), (22, 19), (22, 20), (22, 21), (22, 22), (22, 23), (23, 23), (23, 24), (23, 25), (22, 25), (21, 25), (21, 26), (21, 25), (22, 25), (23, 25), (24, 25), (25, 25), (26, 25), (27, 25), (27, 24), (27, 23), (27, 22), (27, 21), (27, 20), (27, 19), (27, 18), (28, 18), (29, 18), (29, 19), (29, 18), (30, 18), (30, 18)]}, 68)