

CBSS-C STATS
starts:[469, 518, 971, 690, 349]
targets:[570, 866, 1013, 450, 754, 565, 729, 230, 225, 313]
dests:[919, 176, 715, 222, 423]
ac_dict:{570: {0, 1}, 866: {1, 2}, 1013: {2, 3}, 450: {3, 4}, 919: {0}, 176: {1}, 715: {2}, 222: {3}, 423: {4}}
clusters:[1 1 0 1 1 1 0 1 0 1]

round: 1
best_g_value: 115.0
open_list_size: 0
num_low_level_expanded: 260
search_success: 1
search_time: 0.06649498082697392
n_tsp_call: 1
n_tsp_time: 0.05692525766789913
n_roots: 1
num_conflicts: 0
target_assignment: {729: 0, 313: 3}
cluster_target_selection: {0: 729, 1: 313}
num_nodes_transformed_graph: 26
agent_paths:({0: [(21, 14), (22, 14), (22, 15), (22, 16), (22, 17), (23, 17), (23, 18), (24, 18), (25, 18), (25, 19), (26, 19), (27, 19), (27, 20), (27, 21), (26, 21), (25, 21), (25, 22), (25, 23), (26, 23), (27, 23), (27, 24), (27, 25), (26, 25), (25, 25), (24, 25), (23, 25), (23, 26), (23, 27), (23, 28), (23, 28)], 1: [(6, 16), (6, 15), (6, 14), (6, 13), (7, 13), (8, 13), (9, 13), (9, 12), (9, 11), (10, 11), (11, 11), (12, 11), (13, 11), (13, 10), (13, 9), (14, 9), (14, 8), (14, 7), (14, 6), (14, 5), (15, 5), (16, 5), (16, 5)], 2: [(11, 30), (11, 29), (10, 29), (10, 28), (10, 27), (10, 26), (10, 25), (11, 25), (11, 24), (11, 23), (11, 22), (11, 22)], 3: [(18, 21), (19, 21), (20, 21), (21, 21), (22, 21), (22, 20), (22, 19), (22, 18), (22, 17), (22, 16), (22, 15), (22, 14), (22, 13), (22, 12), (22, 11), (22, 10), (22, 9), (23, 9), (24, 9), (25, 9), (25, 8), (25, 7), (25, 6), (26, 6), (27, 6), (28, 6), (29, 6), (30, 6), (30, 6)], 4: [(29, 10), (28, 10), (27, 10), (26, 10), (25, 10), (25, 9), (24, 9), (23, 9), (22, 9), (21, 9), (21, 10), (21, 11), (20, 11), (19, 11), (18, 11), (18, 12), (18, 13), (17, 13), (17, 14), (16, 14), (15, 14), (14, 14), (13, 14), (12, 14), (11, 14), (10, 14), (9, 14), (9, 13), (8, 13), (7, 13), (7, 13)]}, 29)