

CBSS-C STATS
starts:[107, 430]
targets:[193, 305, 809, 827, 93, 690, 751, 714, 173, 675]
dests:[865, 692]
ac_dict:{193: {0, 1}, 865: {0}, 692: {1}}
clusters:[8 6 4 1 0 3 7 9 2 5]

round: 4
best_g_value: 160.0
open_list_size: 4
num_low_level_expanded: 4026
search_success: 1
search_time: 0.5681826819927664
n_tsp_call: 12
n_tsp_time: 0.46007437400112394
n_roots: 2
num_conflicts: 3
target_assignment: {173: 0, 193: 0, 675: 0, 305: 1, 93: 1, 827: 1, 809: 1, 714: 1, 751: 1, 690: 1}
cluster_target_selection: {2: 173, 8: 193, 5: 675, 6: 305, 0: 93, 1: 827, 4: 809, 9: 714, 7: 751, 3: 690}
num_nodes_transformed_graph: 24
agent_paths:({0: [(11, 3), (11, 4), (11, 5), (12, 5), (13, 5), (12, 5), (11, 5), (10, 5), (9, 5), (9, 6), (8, 6), (7, 6), (6, 6), (5, 6), (5, 5), (4, 5), (3, 5), (2, 5), (1, 5), (1, 6), (2, 6), (3, 6), (3, 5), (4, 5), (5, 5), (5, 6), (5, 7), (6, 7), (6, 8), (6, 9), (5, 9), (5, 10), (5, 11), (5, 12), (5, 13), (5, 14), (5, 15), (6, 15), (6, 16), (6, 17), (5, 17), (5, 18), (5, 19), (4, 19), (3, 19), (2, 19), (2, 20), (2, 21), (3, 21), (2, 21), (1, 21), (1, 22), (1, 23), (1, 24), (1, 25), (1, 26), (1, 27), (1, 27)], 1: [(14, 13), (15, 13), (15, 14), (16, 14), (17, 14), (17, 13), (18, 13), (18, 12), (18, 11), (17, 11), (17, 10), (17, 9), (18, 9), (18, 8), (18, 7), (19, 7), (20, 7), (21, 7), (22, 7), (23, 7), (23, 8), (23, 9), (24, 9), (25, 9), (25, 8), (25, 7), (25, 6), (25, 5), (26, 5), (27, 5), (27, 4), (27, 3), (27, 2), (28, 2), (29, 2), (28, 2), (27, 2), (27, 3), (27, 4), (27, 5), (27, 6), (27, 7), (26, 7), (25, 7), (25, 8), (25, 9), (26, 9), (27, 9), (27, 10), (27, 11), (27, 12), (27, 13), (27, 14), (27, 15), (27, 16), (27, 17), (27, 18), (27, 19), (27, 20), (27, 21), (27, 22), (27, 23), (27, 24), (27, 25), (26, 25), (25, 25), (24, 25), (23, 25), (22, 25), (21, 25), (21, 26), (20, 26), (19, 26), (18, 26), (17, 26), (17, 27), (16, 27), (15, 27), (14, 27), (13, 27), (12, 27), (11, 27), (10, 27), (9, 27), (9, 26), (9, 25), (10, 25), (11, 25), (11, 24), (11, 23), (10, 23), (10, 22), (11, 22), (11, 23), (12, 23), (13, 23), (14, 23), (15, 23), (15, 22), (16, 22), (17, 22), (17, 21), (18, 21), (19, 21), (20, 21), (20, 21)]}, 104)