

CBSS-C STATS
starts:[604, 296, 979, 611, 365]
targets:[865, 954, 438, 465, 547, 687, 90, 183, 767, 894]
dests:[45, 9, 101, 667, 113]
ac_dict:{865: {0, 1}, 954: {1, 2}, 438: {2, 3}, 465: {3, 4}, 45: {0}, 9: {1}, 101: {2}, 667: {3}, 113: {4}}
clusters:[2 0 4 3 4 1 4 2 0 0]

round: 1
best_g_value: 162.0
open_list_size: 0
num_low_level_expanded: 350
search_success: 1
search_time: 0.05968451173976064
n_tsp_call: 1
n_tsp_time: 0.04063694179058075
n_roots: 1
num_conflicts: 0
target_assignment: {183: 0, 687: 2, 465: 3, 438: 3, 767: 3}
cluster_target_selection: {2: 183, 1: 687, 3: 465, 4: 438, 0: 767}
num_nodes_transformed_graph: 29
agent_paths:({0: [(28, 18), (27, 18), (27, 17), (27, 16), (27, 15), (27, 14), (27, 13), (27, 12), (27, 11), (26, 11), (25, 11), (25, 10), (25, 9), (24, 9), (23, 9), (23, 8), (23, 7), (23, 6), (23, 5), (22, 5), (21, 5), (21, 6), (21, 7), (20, 7), (19, 7), (18, 7), (17, 7), (17, 6), (17, 5), (16, 5), (15, 5), (14, 5), (14, 4), (14, 3), (13, 3), (13, 2), (13, 1), (13, 1)], 1: [(8, 9), (7, 9), (6, 9), (6, 8), (6, 7), (6, 6), (6, 5), (6, 4), (6, 3), (6, 2), (6, 1), (7, 1), (8, 1), (9, 1), (9, 0), (9, 0)], 2: [(19, 30), (18, 30), (18, 29), (18, 28), (18, 27), (17, 27), (16, 27), (15, 27), (15, 26), (15, 25), (15, 24), (15, 23), (15, 22), (15, 21), (14, 21), (13, 21), (13, 22), (13, 23), (12, 23), (11, 23), (10, 23), (9, 23), (9, 22), (9, 21), (9, 20), (9, 19), (9, 18), (8, 18), (7, 18), (6, 18), (6, 17), (6, 16), (6, 15), (5, 15), (5, 14), (5, 13), (5, 12), (5, 11), (5, 10), (5, 9), (6, 9), (6, 8), (6, 7), (6, 6), (6, 5), (6, 4), (6, 3), (5, 3), (5, 3)], 3: [(3, 19), (4, 19), (5, 19), (5, 18), (6, 18), (7, 18), (8, 18), (9, 18), (9, 17), (10, 17), (11, 17), (11, 16), (11, 15), (11, 14), (12, 14), (13, 14), (14, 14), (15, 14), (16, 14), (17, 14), (17, 13), (18, 13), (19, 13), (20, 13), (21, 13), (22, 13), (22, 14), (22, 15), (22, 16), (22, 17), (23, 17), (23, 18), (24, 18), (25, 18), (26, 18), (27, 18), (28, 18), (29, 18), (30, 18), (31, 18), (31, 19), (31, 20), (31, 21), (31, 22), (31, 23), (30, 23), (29, 23), (28, 23), (27, 23), (27, 22), (27, 21), (27, 20), (27, 20)], 4: [(13, 11), (13, 10), (13, 9), (14, 9), (14, 8), (14, 7), (14, 6), (14, 5), (14, 4), (14, 3), (15, 3), (15, 2), (16, 2), (17, 2), (17, 3), (17, 3)]}, 51)