

CBSS-C STATS
starts:[279, 680, 934, 598, 1016]
targets:[422, 127, 311, 893, 757, 35, 367, 177, 594, 830, 762, 218, 458, 815, 662, 99, 699, 490, 550, 867]
dests:[299, 946, 61, 463, 175]
ac_dict:{422: {0, 1}, 127: {1, 2}, 311: {2, 3}, 893: {3, 4}, 299: {0}, 946: {1}, 61: {2}, 463: {3}, 175: {4}}
clusters:[7 4 5 7 8 2 0 9 4 3 3 7 1 5 6 7 8 7 0 7]

round: 1
best_g_value: 186.0
open_list_size: 0
num_low_level_expanded: 395
search_success: 1
search_time: 0.5604515001177788
n_tsp_call: 1
n_tsp_time: 0.5351695250719786
n_roots: 1
num_conflicts: 0
target_assignment: {367: 0, 458: 0, 35: 0, 762: 4, 699: 4, 594: 4, 177: 4, 662: 2, 218: 2, 815: 1}
cluster_target_selection: {0: 367, 1: 458, 2: 35, 3: 762, 8: 699, 4: 594, 9: 177, 6: 662, 7: 218, 5: 815}
num_nodes_transformed_graph: 53
agent_paths:({0: [(23, 8), (23, 7), (22, 7), (21, 7), (20, 7), (19, 7), (18, 7), (18, 8), (18, 9), (17, 9), (16, 9), (15, 9), (15, 10), (15, 11), (14, 11), (13, 11), (12, 11), (11, 11), (10, 11), (9, 11), (9, 12), (9, 13), (10, 13), (10, 14), (9, 14), (9, 13), (9, 12), (9, 11), (9, 10), (9, 9), (8, 9), (7, 9), (6, 9), (6, 8), (6, 7), (5, 7), (5, 6), (5, 5), (4, 5), (3, 5), (3, 4), (3, 3), (3, 2), (3, 1), (3, 2), (3, 3), (3, 4), (3, 5), (4, 5), (5, 5), (6, 5), (6, 6), (6, 7), (6, 8), (6, 9), (7, 9), (8, 9), (9, 9), (10, 9), (11, 9), (11, 9)], 1: [(8, 21), (9, 21), (10, 21), (11, 21), (11, 22), (11, 23), (12, 23), (13, 23), (14, 23), (15, 23), (15, 24), (15, 25), (15, 26), (15, 27), (16, 27), (17, 27), (18, 27), (18, 28), (18, 29), (18, 29)], 2: [(6, 29), (7, 29), (7, 30), (8, 30), (9, 30), (9, 29), (10, 29), (10, 28), (10, 27), (10, 26), (10, 25), (11, 25), (11, 24), (11, 23), (12, 23), (13, 23), (13, 22), (14, 22), (15, 22), (16, 22), (17, 22), (17, 21), (18, 21), (19, 21), (20, 21), (21, 21), (22, 21), (22, 20), (22, 19), (22, 18), (22, 17), (22, 16), (22, 15), (22, 14), (22, 13), (22, 12), (22, 11), (22, 10), (22, 9), (23, 9), (24, 9), (25, 9), (25, 8), (25, 7), (25, 6), (26, 6), (26, 5), (27, 5), (27, 4), (27, 3), (27, 2), (28, 2), (29, 2), (29, 1), (29, 1)], 3: [(22, 18), (21, 18), (21, 17), (20, 17), (19, 17), (18, 17), (18, 16), (18, 15), (17, 15), (17, 14), (16, 14), (15, 14), (15, 14)], 4: [(24, 31), (25, 31), (25, 30), (25, 29), (26, 29), (27, 29), (27, 28), (27, 27), (27, 26), (27, 25), (27, 24), (27, 23), (26, 23), (26, 22), (26, 21), (27, 21), (27, 20), (27, 19), (26, 19), (25, 19), (25, 18), (24, 18), (23, 18), (22, 18), (21, 18), (21, 17), (20, 17), (19, 17), (18, 17), (18, 18), (18, 17), (18, 16), (18, 15), (18, 14), (18, 13), (18, 12), (18, 11), (18, 10), (18, 9), (18, 8), (18, 7), (17, 7), (17, 6), (17, 5), (16, 5), (15, 5), (15, 5)]}, 59)