

CBSS-C STATS
starts:[923, 302, 314]
targets:[1015, 102, 402, 411, 613, 839, 953, 382, 475, 785, 333, 114, 289, 217, 85]
dests:[189, 1006, 626]
ac_dict:{1015: {0, 1}, 102: {1, 2}, 189: {0}, 1006: {1}, 626: {2}}
clusters:[14  6 12  0  4  3  5  2 11 13  9  7  1  8 10]

round: 1
best_g_value: 197.0
open_list_size: 0
num_low_level_expanded: 472
search_success: 1
search_time: 0.3217881800082978
n_tsp_call: 1
n_tsp_time: 0.2971594789996743
n_roots: 1
num_conflicts: 0
target_assignment: {953: 0, 1015: 0, 475: 0, 411: 0, 382: 0, 217: 2, 85: 2, 114: 2, 402: 2, 333: 1, 102: 1, 289: 1, 613: 1, 839: 1, 785: 1}
cluster_target_selection: {5: 953, 14: 1015, 11: 475, 0: 411, 2: 382, 8: 217, 10: 85, 7: 114, 12: 402, 9: 333, 6: 102, 1: 289, 4: 613, 3: 839, 13: 785}
num_nodes_transformed_graph: 49
agent_paths:({0: [(27, 28), (27, 29), (26, 29), (25, 29), (25, 30), (25, 31), (24, 31), (23, 31), (23, 30), (23, 29), (23, 28), (23, 27), (23, 26), (23, 25), (24, 25), (25, 25), (26, 25), (27, 25), (27, 24), (27, 23), (27, 22), (27, 21), (27, 20), (27, 19), (27, 18), (27, 17), (27, 16), (27, 15), (27, 14), (27, 13), (27, 12), (27, 11), (27, 10), (28, 10), (29, 10), (30, 10), (30, 11), (30, 10), (30, 9), (31, 9), (31, 8), (31, 7), (30, 7), (29, 7), (29, 6), (29, 5), (29, 5)], 1: [(14, 9), (13, 9), (13, 10), (13, 11), (12, 11), (11, 11), (10, 11), (9, 11), (9, 10), (9, 9), (8, 9), (7, 9), (6, 9), (6, 8), (6, 7), (6, 6), (6, 5), (6, 4), (6, 3), (6, 4), (6, 5), (6, 6), (6, 7), (6, 8), (6, 9), (5, 9), (5, 10), (4, 10), (3, 10), (2, 10), (1, 10), (1, 9), (2, 9), (3, 9), (3, 10), (4, 10), (5, 10), (5, 11), (5, 12), (5, 13), (5, 14), (5, 15), (6, 15), (6, 16), (6, 17), (5, 17), (5, 18), (5, 19), (4, 19), (3, 19), (2, 19), (2, 20), (2, 21), (2, 22), (2, 23), (1, 23), (1, 24), (1, 25), (2, 25), (3, 25), (3, 26), (4, 26), (5, 26), (6, 26), (7, 26), (6, 26), (5, 26), (4, 26), (3, 26), (3, 27), (3, 28), (3, 29), (3, 30), (4, 30), (5, 30), (6, 30), (7, 30), (8, 30), (9, 30), (9, 29), (10, 29), (10, 28), (10, 27), (11, 27), (12, 27), (13, 27), (14, 27), (15, 27), (16, 27), (17, 27), (17, 26), (17, 25), (17, 24), (17, 25), (17, 26), (17, 27), (18, 27), (18, 28), (18, 29), (17, 29), (17, 30), (17, 31), (16, 31), (15, 31), (14, 31), (14, 31)], 2: [(26, 9), (25, 9), (25, 8), (25, 7), (25, 6), (25, 5), (26, 5), (27, 5), (27, 4), (27, 3), (26, 3), (25, 3), (24, 3), (23, 3), (22, 3), (21, 3), (21, 2), (21, 1), (20, 1), (19, 1), (18, 1), (18, 2), (18, 3), (17, 3), (17, 2), (16, 2), (15, 2), (15, 3), (14, 3), (14, 4), (14, 5), (15, 5), (16, 5), (17, 5), (18, 5), (18, 6), (18, 7), (18, 8), (18, 9), (18, 10), (18, 11), (18, 12), (18, 13), (18, 14), (18, 15), (18, 16), (18, 17), (18, 18), (18, 19), (18, 19)]}, 104)