

CBSS-C STATS
starts:[783, 348, 822, 959, 115]
targets:[287, 70, 717, 742, 931, 69, 878, 49, 929, 389, 482, 720, 50, 446, 219, 53, 242, 1015, 592, 727]
dests:[162, 481, 974, 563, 942]
ac_dict:{287: {0, 1}, 70: {1, 2}, 717: {2, 3}, 742: {3, 4}, 162: {0}, 481: {1}, 974: {2}, 563: {3}, 942: {4}}
clusters:[3 5 8 2 3 4 2 1 8 7 2 6 1 9 7 5 3 6 0 2]

round: 248
best_g_value: 229.0
open_list_size: 247
num_low_level_expanded: 145903
search_success: 1
search_time: 8.456686463207006
n_tsp_call: 14
n_tsp_time: 4.603816208429635
n_roots: 1
num_conflicts: 247
target_assignment: {389: 0, 69: 0, 53: 4, 49: 4, 242: 4, 592: 4, 727: 4, 720: 2, 717: 2, 446: 1}
cluster_target_selection: {7: 389, 4: 69, 5: 53, 1: 49, 3: 242, 0: 592, 2: 727, 6: 720, 8: 717, 9: 446}
num_nodes_transformed_graph: 54
agent_paths:({0: [(15, 24), (15, 23), (14, 23), (13, 23), (12, 23), (11, 23), (10, 23), (9, 23), (9, 22), (9, 21), (9, 20), (9, 19), (9, 18), (8, 18), (7, 18), (6, 18), (6, 17), (6, 16), (6, 15), (5, 15), (5, 14), (5, 13), (5, 12), (5, 11), (5, 10), (5, 9), (6, 9), (6, 8), (6, 7), (6, 6), (6, 5), (6, 4), (6, 3), (5, 3), (5, 2), (5, 3), (6, 3), (6, 4), (6, 5), (5, 5), (4, 5), (3, 5), (2, 5), (2, 5)], 1: [(28, 10), (29, 10), (30, 10), (30, 11), (31, 11), (31, 12), (31, 13), (30, 13), (29, 13), (29, 14), (28, 14), (27, 14), (27, 15), (27, 16), (27, 17), (26, 17), (25, 17), (25, 18), (24, 18), (23, 18), (22, 18), (21, 18), (21, 17), (20, 17), (19, 17), (18, 17), (18, 16), (18, 15), (17, 15), (17, 14), (16, 14), (15, 14), (14, 14), (13, 14), (12, 14), (11, 14), (11, 15), (11, 16), (11, 17), (10, 17), (9, 17), (9, 18), (8, 18), (7, 18), (6, 18), (5, 18), (5, 19), (4, 19), (3, 19), (2, 19), (2, 18), (2, 17), (2, 16), (2, 15), (1, 15), (1, 15)], 2: [(22, 25), (21, 25), (21, 26), (20, 26), (19, 26), (18, 26), (17, 26), (17, 25), (17, 24), (17, 23), (17, 22), (16, 22), (15, 22), (14, 22), (13, 22), (14, 22), (14, 23), (15, 23), (15, 24), (15, 25), (15, 26), (15, 27), (16, 27), (17, 27), (18, 27), (18, 28), (18, 29), (17, 29), (17, 30), (17, 31), (16, 31), (15, 31), (14, 31), (14, 30), (14, 30)], 3: [(31, 29), (31, 28), (31, 27), (30, 27), (30, 26), (30, 25), (30, 24), (30, 23), (29, 23), (28, 23), (27, 23), (27, 22), (27, 21), (27, 20), (27, 19), (26, 19), (25, 19), (25, 19), (25, 18), (24, 18), (23, 18), (22, 18), (21, 18), (21, 17), (20, 17), (19, 17), (19, 17)], 4: [(19, 3), (19, 2), (19, 1), (20, 1), (21, 1), (20, 1), (19, 1), (18, 1), (17, 1), (17, 2), (16, 2), (15, 2), (15, 3), (14, 3), (14, 4), (14, 5), (15, 5), (16, 5), (17, 5), (18, 5), (18, 6), (18, 7), (18, 8), (18, 9), (18, 10), (18, 11), (18, 12), (18, 13), (18, 14), (18, 15), (18, 16), (18, 17), (17, 17), (17, 18), (16, 18), (17, 18), (18, 18), (18, 17), (18, 16), (18, 15), (19, 15), (19, 14), (19, 13), (20, 13), (21, 13), (22, 13), (22, 14), (22, 15), (22, 16), (22, 17), (22, 18), (22, 19), (22, 20), (22, 21), (23, 21), (23, 22), (23, 23), (23, 24), (23, 25), (22, 25), (21, 25), (21, 26), (20, 26), (19, 26), (18, 26), (18, 27), (18, 28), (18, 29), (17, 29), (17, 30), (17, 31), (16, 31), (15, 31), (15, 30), (15, 29), (14, 29), (14, 29)]}, 75)