

CBSS-C STATS
starts:[877, 631]
targets:[131, 691, 462, 979, 450, 928, 291, 366, 322, 727]
dests:[567, 333]
ac_dict:{131: {0, 1}, 567: {0}, 333: {1}}
clusters:[9 2 4 8 1 5 6 0 7 3]

round: 1
best_g_value: 159.0
open_list_size: 0
num_low_level_expanded: 418
search_success: 1
search_time: 0.18961553799454123
n_tsp_call: 1
n_tsp_time: 0.17535322200274095
n_roots: 1
num_conflicts: 0
target_assignment: {979: 0, 691: 0, 727: 0, 462: 1, 450: 1, 928: 1, 322: 1, 291: 1, 131: 1, 366: 1}
cluster_target_selection: {8: 979, 2: 691, 3: 727, 4: 462, 1: 450, 5: 928, 7: 322, 6: 291, 9: 131, 0: 366}
num_nodes_transformed_graph: 24
agent_paths:({0: [(13, 27), (14, 27), (15, 27), (16, 27), (17, 27), (18, 27), (18, 28), (18, 29), (19, 29), (19, 30), (19, 29), (18, 29), (18, 28), (18, 27), (18, 26), (18, 25), (17, 25), (17, 24), (17, 23), (17, 22), (17, 21), (18, 21), (19, 21), (20, 21), (21, 21), (22, 21), (23, 21), (23, 22), (23, 21), (22, 21), (22, 20), (22, 19), (22, 18), (22, 17), (23, 17), (23, 17)], 1: [(23, 19), (22, 19), (21, 19), (21, 18), (21, 17), (20, 17), (19, 17), (18, 17), (18, 16), (18, 15), (17, 15), (17, 14), (16, 14), (15, 14), (14, 14), (13, 14), (12, 14), (11, 14), (11, 15), (11, 16), (11, 17), (10, 17), (9, 17), (9, 18), (8, 18), (7, 18), (6, 18), (5, 18), (5, 19), (4, 19), (3, 19), (2, 19), (2, 18), (2, 17), (2, 16), (2, 15), (2, 14), (2, 15), (2, 16), (2, 17), (2, 18), (2, 19), (2, 20), (2, 21), (1, 21), (1, 22), (1, 23), (1, 24), (1, 25), (1, 26), (1, 27), (2, 27), (3, 27), (3, 28), (3, 29), (2, 29), (1, 29), (0, 29), (1, 29), (2, 29), (3, 29), (3, 28), (3, 27), (2, 27), (2, 26), (2, 25), (1, 25), (1, 24), (1, 23), (1, 22), (1, 21), (2, 21), (2, 20), (2, 19), (3, 19), (4, 19), (5, 19), (5, 18), (5, 17), (6, 17), (6, 16), (6, 15), (5, 15), (5, 14), (5, 13), (5, 12), (5, 11), (5, 10), (4, 10), (3, 10), (2, 10), (2, 9), (3, 9), (3, 10), (4, 10), (5, 10), (5, 9), (6, 9), (6, 8), (6, 7), (5, 7), (5, 6), (5, 5), (4, 5), (3, 5), (3, 4), (3, 5), (4, 5), (5, 5), (6, 5), (6, 6), (6, 7), (6, 8), (6, 9), (7, 9), (8, 9), (9, 9), (10, 9), (11, 9), (11, 10), (11, 11), (12, 11), (13, 11), (14, 11), (13, 11), (13, 10), (13, 10)]}, 125)