

CBSS-C STATS
starts:[158, 310, 25, 462, 194]
targets:[511, 923, 695, 549, 183, 61, 507, 325, 85, 120]
dests:[882, 445, 367, 250, 1017]
ac_dict:{511: {0, 1}, 923: {1, 2}, 695: {2, 3}, 549: {3, 4}, 882: {0}, 445: {1}, 367: {2}, 250: {3}, 1017: {4}}
clusters:[1 0 0 1 1 0 0 0 1 0]

round: 2
best_g_value: 146.0
open_list_size: 1
num_low_level_expanded: 574
search_success: 1
search_time: 0.09309785207733512
n_tsp_call: 1
n_tsp_time: 0.07308677490800619
n_roots: 1
num_conflicts: 1
target_assignment: {120: 2, 85: 2}
cluster_target_selection: {0: 120, 1: 85}
num_nodes_transformed_graph: 28
agent_paths:({0: [(30, 4), (30, 5), (29, 5), (29, 6), (28, 6), (27, 6), (26, 6), (25, 6), (25, 7), (25, 8), (25, 9), (24, 9), (23, 9), (23, 10), (22, 10), (22, 11), (22, 12), (22, 13), (22, 14), (22, 15), (22, 16), (22, 17), (22, 18), (22, 19), (22, 20), (22, 21), (21, 21), (20, 21), (19, 21), (18, 21), (18, 22), (18, 23), (17, 23), (17, 24), (17, 25), (18, 25), (18, 26), (18, 27), (18, 27)], 1: [(22, 9), (23, 9), (24, 9), (25, 9), (26, 9), (27, 9), (27, 10), (27, 11), (27, 12), (27, 13), (27, 14), (28, 14), (29, 14), (29, 13), (29, 13)], 2: [(25, 0), (25, 1), (25, 2), (25, 3), (24, 3), (23, 3), (22, 3), (21, 3), (21, 2), (21, 1), (20, 1), (19, 1), (18, 1), (17, 1), (17, 2), (16, 2), (15, 2), (15, 3), (14, 3), (14, 4), (14, 5), (14, 6), (14, 7), (14, 8), (14, 9), (15, 9), (15, 10), (15, 11), (15, 11)], 3: [(14, 14), (15, 14), (16, 14), (17, 14), (17, 13), (18, 13), (18, 12), (18, 11), (19, 11), (20, 11), (21, 11), (21, 10), (21, 9), (22, 9), (23, 9), (24, 9), (25, 9), (25, 8), (25, 7), (26, 7), (26, 7)], 4: [(2, 6), (3, 6), (3, 5), (4, 5), (5, 5), (6, 5), (6, 6), (6, 7), (6, 8), (6, 9), (7, 9), (8, 9), (9, 9), (9, 10), (9, 11), (9, 12), (9, 13), (10, 13), (11, 13), (11, 14), (12, 14), (13, 14), (14, 14), (15, 14), (16, 14), (17, 14), (18, 14), (18, 15), (18, 16), (18, 17), (19, 17), (20, 17), (21, 17), (22, 17), (22, 18), (22, 19), (22, 20), (22, 21), (23, 21), (23, 22), (23, 23), (23, 24), (23, 25), (23, 26), (23, 27), (23, 28), (23, 29), (23, 30), (23, 31), (24, 31), (25, 31), (25, 31)]}, 50)