

CBSS-C STATS
starts:[709, 351, 41, 953, 894]
targets:[745, 553, 406, 591, 449, 969, 182, 438, 470, 106]
dests:[255, 55, 98, 486, 826]
ac_dict:{745: {0, 1}, 553: {1, 2}, 406: {2, 3}, 591: {3, 4}, 255: {0}, 55: {1}, 98: {2}, 486: {3}, 826: {4}}
clusters:[1 4 1 3 4 0 0 0 0 2]

round: 1
best_g_value: 166.0
open_list_size: 0
num_low_level_expanded: 522
search_success: 1
search_time: 0.13551116501912475
n_tsp_call: 1
n_tsp_time: 0.11533081578090787
n_roots: 1
num_conflicts: 0
target_assignment: {449: 0, 745: 0, 470: 0, 591: 3, 106: 2}
cluster_target_selection: {4: 449, 1: 745, 0: 470, 3: 591, 2: 106}
num_nodes_transformed_graph: 29
agent_paths:({0: [(5, 22), (4, 22), (3, 22), (2, 22), (2, 21), (2, 20), (2, 19), (2, 18), (2, 17), (2, 16), (2, 15), (1, 15), (1, 14), (2, 14), (2, 15), (2, 16), (2, 17), (2, 18), (2, 19), (2, 20), (2, 21), (3, 21), (3, 22), (4, 22), (5, 22), (6, 22), (7, 22), (7, 21), (8, 21), (9, 21), (9, 22), (9, 23), (10, 23), (11, 23), (12, 23), (13, 23), (13, 22), (14, 22), (15, 22), (16, 22), (17, 22), (17, 21), (18, 21), (19, 21), (20, 21), (21, 21), (22, 21), (22, 20), (22, 19), (22, 18), (22, 17), (22, 16), (22, 15), (22, 14), (22, 13), (22, 12), (22, 11), (22, 10), (22, 9), (23, 9), (24, 9), (25, 9), (25, 8), (25, 7), (26, 7), (27, 7), (27, 6), (28, 6), (29, 6), (30, 6), (31, 6), (31, 7), (31, 7)], 1: [(31, 10), (31, 9), (31, 8), (31, 7), (30, 7), (29, 7), (29, 6), (28, 6), (27, 6), (27, 5), (27, 4), (27, 3), (26, 3), (25, 3), (24, 3), (23, 3), (23, 2), (23, 1), (23, 1)], 2: [(9, 1), (10, 1), (10, 2), (10, 3), (9, 3), (9, 2), (9, 1), (8, 1), (7, 1), (6, 1), (6, 2), (6, 3), (6, 4), (6, 5), (5, 5), (4, 5), (3, 5), (3, 4), (3, 3), (2, 3), (2, 3)], 3: [(25, 29), (26, 29), (27, 29), (27, 28), (27, 27), (26, 27), (25, 27), (25, 26), (25, 25), (24, 25), (23, 25), (23, 24), (23, 23), (22, 23), (22, 22), (22, 21), (22, 20), (22, 19), (21, 19), (21, 18), (21, 17), (20, 17), (19, 17), (18, 17), (17, 17), (17, 18), (16, 18), (15, 18), (16, 18), (17, 18), (17, 17), (18, 17), (18, 16), (18, 15), (17, 15), (17, 14), (16, 14), (15, 14), (14, 14), (13, 14), (12, 14), (11, 14), (10, 14), (9, 14), (9, 13), (8, 13), (7, 13), (6, 13), (6, 14), (6, 15), (6, 15)], 4: [(30, 27), (30, 26), (30, 25), (30, 24), (30, 23), (29, 23), (28, 23), (27, 23), (27, 24), (27, 25), (26, 25), (26, 25)]}, 71)