

CBSS-C STATS
starts:[254, 194, 288, 85, 597]
targets:[99, 482, 329, 523, 297, 114, 703, 569, 363, 169]
dests:[750, 899, 635, 834, 382]
ac_dict:{99: {0, 1}, 482: {1, 2}, 329: {2, 3}, 523: {3, 4}, 750: {0}, 899: {1}, 635: {2}, 834: {3}, 382: {4}}
clusters:[0 0 1 0 1 0 1 1 0 1]

round: 1
best_g_value: 173.0
open_list_size: 0
num_low_level_expanded: 542
search_success: 1
search_time: 0.14817941468209028
n_tsp_call: 1
n_tsp_time: 0.1292758472263813
n_roots: 1
num_conflicts: 0
target_assignment: {569: 4, 363: 3}
cluster_target_selection: {1: 569, 0: 363}
num_nodes_transformed_graph: 48
agent_paths:({0: [(30, 7), (29, 7), (29, 6), (28, 6), (27, 6), (26, 6), (25, 6), (25, 7), (25, 8), (25, 9), (24, 9), (23, 9), (22, 9), (22, 10), (22, 11), (22, 12), (22, 13), (22, 14), (22, 15), (22, 16), (22, 17), (22, 18), (22, 19), (22, 20), (22, 21), (21, 21), (20, 21), (19, 21), (18, 21), (17, 21), (17, 22), (16, 22), (15, 22), (14, 22), (14, 23), (14, 23)], 1: [(2, 6), (3, 6), (3, 5), (4, 5), (5, 5), (5, 6), (5, 7), (6, 7), (6, 8), (6, 9), (5, 9), (5, 10), (5, 11), (5, 12), (5, 13), (5, 14), (5, 15), (6, 15), (6, 16), (6, 17), (5, 17), (5, 18), (5, 19), (4, 19), (3, 19), (2, 19), (2, 20), (2, 21), (2, 22), (2, 23), (1, 23), (1, 24), (1, 25), (2, 25), (3, 25), (3, 26), (3, 27), (3, 28), (3, 28)], 2: [(0, 9), (1, 9), (2, 9), (3, 9), (3, 10), (4, 10), (5, 10), (5, 11), (5, 12), (5, 13), (6, 13), (7, 13), (8, 13), (9, 13), (10, 13), (11, 13), (11, 14), (12, 14), (13, 14), (14, 14), (15, 14), (16, 14), (17, 14), (18, 14), (18, 15), (18, 16), (18, 17), (19, 17), (20, 17), (21, 17), (22, 17), (23, 17), (23, 18), (24, 18), (25, 18), (26, 18), (27, 18), (27, 19), (27, 19)], 3: [(21, 2), (21, 1), (20, 1), (19, 1), (18, 1), (17, 1), (17, 2), (16, 2), (15, 2), (14, 2), (14, 3), (14, 4), (14, 5), (14, 6), (14, 7), (14, 8), (14, 9), (13, 9), (13, 10), (13, 11), (12, 11), (11, 11), (10, 11), (9, 11), (9, 12), (9, 13), (8, 13), (7, 13), (6, 13), (6, 14), (6, 15), (6, 16), (6, 17), (5, 17), (5, 18), (5, 19), (4, 19), (3, 19), (2, 19), (2, 20), (2, 21), (2, 22), (2, 23), (1, 23), (1, 24), (1, 25), (2, 25), (2, 26), (2, 26)], 4: [(21, 18), (22, 18), (23, 18), (24, 18), (25, 18), (25, 17), (26, 17), (27, 17), (27, 16), (27, 15), (27, 14), (28, 14), (29, 14), (29, 13), (30, 13), (31, 13), (31, 12), (31, 11), (30, 11), (30, 11)]}, 47)