

CBSS-C STATS
starts:[837, 727, 382, 289, 354]
targets:[467, 807, 997, 74, 346, 883, 751, 679, 247, 425, 79, 209, 49, 430, 17, 418, 3, 434, 545, 109]
dests:[846, 865, 630, 549, 465]
ac_dict:{467: {0, 1}, 807: {1, 2}, 997: {2, 3}, 74: {3, 4}, 846: {0}, 865: {1}, 630: {2}, 549: {3}, 465: {4}}
clusters:[4 1 5 8 0 1 4 3 1 7 6 3 0 2 6 3 0 9 8 9]

round: 1
best_g_value: 190.0
open_list_size: 0
num_low_level_expanded: 470
search_success: 1
search_time: 2.3140182849019766
n_tsp_call: 1
n_tsp_time: 2.280167262069881
n_roots: 1
num_conflicts: 0
target_assignment: {74: 4, 109: 4, 79: 4, 425: 4, 430: 4, 346: 2, 247: 2, 997: 3, 751: 1, 679: 1}
cluster_target_selection: {8: 74, 9: 109, 6: 79, 7: 425, 2: 430, 0: 346, 1: 247, 5: 997, 4: 751, 3: 679}
num_nodes_transformed_graph: 98
agent_paths:({0: [(5, 26), (4, 26), (3, 26), (3, 27), (3, 28), (3, 29), (3, 30), (4, 30), (5, 30), (6, 30), (7, 30), (8, 30), (9, 30), (9, 29), (10, 29), (10, 28), (10, 27), (11, 27), (12, 27), (13, 27), (13, 26), (14, 26), (14, 26)], 1: [(23, 22), (22, 22), (21, 22), (21, 21), (20, 21), (19, 21), (18, 21), (17, 21), (17, 22), (16, 22), (15, 22), (15, 23), (14, 23), (13, 23), (12, 23), (11, 23), (10, 23), (9, 23), (9, 22), (9, 21), (8, 21), (7, 21), (6, 21), (5, 21), (5, 22), (4, 22), (3, 22), (2, 22), (1, 22), (1, 23), (1, 24), (1, 25), (1, 26), (1, 27), (1, 27)], 2: [(30, 11), (29, 11), (29, 10), (28, 10), (27, 10), (26, 10), (25, 10), (25, 9), (24, 9), (23, 9), (23, 8), (23, 7), (23, 8), (23, 9), (22, 9), (22, 10), (22, 11), (22, 12), (22, 13), (22, 14), (22, 15), (22, 16), (22, 17), (22, 18), (22, 19), (22, 19)], 3: [(1, 9), (2, 9), (3, 9), (3, 10), (4, 10), (5, 10), (5, 11), (5, 12), (5, 13), (5, 14), (5, 15), (6, 15), (6, 16), (6, 17), (5, 17), (5, 18), (5, 19), (4, 19), (3, 19), (2, 19), (2, 20), (2, 21), (2, 22), (2, 23), (1, 23), (1, 24), (1, 25), (2, 25), (3, 25), (3, 26), (3, 27), (3, 28), (3, 29), (3, 30), (4, 30), (5, 30), (5, 31), (5, 30), (4, 30), (3, 30), (3, 29), (3, 28), (3, 27), (3, 26), (3, 25), (2, 25), (1, 25), (1, 24), (1, 23), (1, 22), (1, 21), (2, 21), (2, 20), (2, 19), (3, 19), (4, 19), (5, 19), (5, 18), (5, 17), (5, 17)], 4: [(2, 11), (2, 10), (3, 10), (4, 10), (5, 10), (5, 9), (6, 9), (6, 8), (6, 7), (6, 6), (6, 5), (6, 4), (6, 3), (6, 2), (7, 2), (7, 1), (8, 1), (9, 1), (10, 1), (10, 2), (11, 2), (11, 3), (12, 3), (13, 3), (13, 2), (14, 2), (15, 2), (14, 2), (14, 3), (14, 4), (14, 5), (14, 6), (14, 7), (14, 8), (14, 9), (13, 9), (13, 10), (13, 11), (12, 11), (11, 11), (10, 11), (9, 11), (9, 12), (9, 13), (10, 13), (11, 13), (11, 14), (12, 14), (13, 14), (13, 13), (14, 13), (15, 13), (15, 14), (16, 14), (17, 14), (17, 14)]}, 58)