

CBSS-C STATS
starts:[471, 182, 225, 587, 115]
targets:[445, 635, 98, 297, 762, 298, 449, 765, 54, 357, 785, 879, 847, 495, 677, 165, 881, 66, 341, 373]
dests:[875, 681, 67, 687, 947]
ac_dict:{445: {0, 1}, 635: {1, 2}, 98: {2, 3}, 297: {3, 4}, 875: {0}, 681: {1}, 67: {2}, 687: {3}, 947: {4}}
clusters:[ 8 18  5  9 13 14 19 16  4  3 11  6 15 10 17  7 12  1  0  2]

round: 1
best_g_value: 232.0
open_list_size: 0
num_low_level_expanded: 647
search_success: 1
search_time: 0.7599958709906787
n_tsp_call: 1
n_tsp_time: 0.7284977039962541
n_roots: 1
num_conflicts: 0
target_assignment: {847: 0, 879: 0, 445: 1, 635: 1, 762: 1, 765: 1, 495: 1, 449: 1, 677: 1, 298: 3, 297: 3, 357: 3, 54: 4, 341: 4, 373: 4, 785: 4, 881: 4, 165: 2, 98: 2, 66: 2}
cluster_target_selection: {15: 847, 6: 879, 8: 445, 18: 635, 13: 762, 16: 765, 10: 495, 19: 449, 17: 677, 14: 298, 9: 297, 3: 357, 4: 54, 0: 341, 2: 373, 11: 785, 12: 881, 7: 165, 5: 98, 1: 66}
num_nodes_transformed_graph: 54
agent_paths:({0: [(23, 14), (22, 14), (22, 15), (22, 16), (22, 17), (22, 18), (22, 19), (22, 20), (22, 21), (21, 21), (20, 21), (19, 21), (18, 21), (17, 21), (17, 22), (16, 22), (15, 22), (15, 23), (15, 24), (15, 25), (15, 26), (15, 27), (14, 27), (13, 27), (12, 27), (11, 27), (11, 27)], 1: [(22, 5), (23, 5), (23, 6), (23, 7), (23, 8), (23, 9), (24, 9), (25, 9), (26, 9), (27, 9), (27, 10), (27, 11), (27, 12), (27, 13), (27, 14), (28, 14), (29, 14), (29, 13), (29, 14), (28, 14), (27, 14), (27, 15), (27, 16), (27, 17), (27, 18), (27, 19), (27, 20), (27, 21), (26, 21), (26, 22), (26, 23), (27, 23), (28, 23), (29, 23), (28, 23), (27, 23), (27, 22), (27, 21), (27, 20), (27, 19), (26, 19), (25, 19), (25, 18), (24, 18), (23, 18), (22, 18), (21, 18), (21, 17), (20, 17), (19, 17), (18, 17), (18, 16), (18, 15), (17, 15), (17, 14), (16, 14), (15, 14), (15, 15), (14, 15), (13, 15), (13, 14), (12, 14), (11, 14), (11, 15), (11, 16), (11, 17), (10, 17), (9, 17), (9, 18), (8, 18), (7, 18), (6, 18), (5, 18), (5, 19), (4, 19), (3, 19), (2, 19), (2, 18), (2, 17), (2, 16), (2, 15), (1, 15), (1, 14), (2, 14), (2, 15), (2, 16), (2, 17), (2, 18), (2, 19), (2, 20), (2, 21), (3, 21), (3, 22), (4, 22), (5, 22), (5, 21), (6, 21), (7, 21), (8, 21), (9, 21), (9, 21)], 2: [(1, 7), (1, 6), (1, 5), (2, 5), (3, 5), (4, 5), (5, 5), (4, 5), (3, 5), (3, 4), (3, 3), (2, 3), (2, 2), (3, 2), (3, 2)], 3: [(11, 18), (11, 17), (11, 16), (11, 15), (10, 15), (10, 14), (10, 13), (9, 13), (9, 12), (9, 11), (9, 10), (9, 9), (10, 9), (9, 9), (8, 9), (7, 9), (6, 9), (5, 9), (5, 10), (5, 11), (5, 12), (5, 13), (6, 13), (6, 14), (6, 15), (6, 16), (6, 17), (7, 17), (7, 18), (8, 18), (9, 18), (9, 19), (9, 20), (9, 21), (10, 21), (11, 21), (11, 22), (11, 23), (12, 23), (13, 23), (13, 22), (13, 21), (14, 21), (15, 21), (15, 21)], 4: [(19, 3), (19, 2), (19, 1), (20, 1), (21, 1), (22, 1), (22, 2), (22, 3), (23, 3), (24, 3), (25, 3), (26, 3), (27, 3), (27, 4), (27, 5), (26, 5), (25, 5), (25, 6), (25, 7), (25, 8), (25, 9), (24, 9), (23, 9), (22, 9), (21, 9), (21, 10), (21, 11), (22, 11), (22, 12), (22, 13), (22, 14), (22, 15), (22, 16), (22, 17), (22, 18), (22, 19), (22, 20), (22, 21), (21, 21), (20, 21), (19, 21), (18, 21), (17, 21), (17, 22), (17, 23), (17, 24), (17, 25), (17, 26), (17, 27), (18, 27), (18, 28), (18, 29), (19, 29), (19, 29)]}, 99)