

CBSS-C STATS
starts:[67, 114, 706, 858, 866]
targets:[879, 862, 92, 738, 438, 182, 554, 357, 223, 505, 690, 218, 621, 73, 302, 593, 713, 938, 989, 817]
dests:[964, 483, 725, 364, 457]
ac_dict:{879: {0, 1}, 862: {1, 2}, 92: {2, 3}, 738: {3, 4}, 964: {0}, 483: {1}, 725: {2}, 364: {3}, 457: {4}}
clusters:[9 2 4 4 5 3 8 0 9 7 7 0 3 9 1 8 6 4 2 2]

round: 1
best_g_value: 186.0
open_list_size: 0
num_low_level_expanded: 526
search_success: 1
search_time: 0.3121625962667167
n_tsp_call: 1
n_tsp_time: 0.28529882384464145
n_roots: 1
num_conflicts: 0
target_assignment: {357: 0, 73: 1, 738: 4, 554: 4, 713: 2, 817: 2, 690: 2, 438: 3, 182: 3, 302: 3}
cluster_target_selection: {0: 357, 9: 73, 4: 738, 8: 554, 6: 713, 2: 817, 7: 690, 5: 438, 3: 182, 1: 302}
num_nodes_transformed_graph: 53
agent_paths:({0: [(3, 2), (3, 3), (3, 4), (3, 5), (4, 5), (5, 5), (5, 6), (5, 7), (6, 7), (6, 8), (6, 9), (5, 9), (5, 10), (5, 11), (5, 12), (5, 13), (5, 14), (5, 15), (6, 15), (6, 16), (6, 17), (5, 17), (5, 18), (5, 19), (4, 19), (3, 19), (2, 19), (2, 20), (2, 21), (2, 22), (2, 23), (1, 23), (1, 24), (1, 25), (2, 25), (3, 25), (3, 26), (3, 27), (3, 28), (3, 29), (3, 30), (4, 30), (4, 30)], 1: [(18, 3), (17, 3), (17, 2), (16, 2), (15, 2), (14, 2), (13, 2), (13, 3), (12, 3), (11, 3), (10, 3), (9, 3), (9, 2), (9, 1), (8, 1), (7, 1), (6, 1), (6, 2), (6, 3), (6, 4), (6, 5), (6, 6), (6, 7), (6, 8), (6, 9), (5, 9), (5, 10), (5, 11), (5, 12), (5, 13), (5, 14), (5, 15), (6, 15), (6, 16), (6, 17), (5, 17), (5, 18), (5, 19), (4, 19), (3, 19), (3, 18), (3, 17), (2, 17), (2, 16), (2, 15), (3, 15), (3, 15)], 2: [(2, 22), (3, 22), (4, 22), (5, 22), (6, 22), (7, 22), (7, 21), (8, 21), (9, 21), (9, 22), (10, 22), (11, 22), (11, 23), (12, 23), (13, 23), (14, 23), (15, 23), (15, 22), (16, 22), (17, 22), (17, 23), (17, 24), (17, 25), (17, 24), (17, 23), (17, 22), (17, 21), (18, 21), (19, 21), (20, 21), (21, 21), (21, 22), (21, 22)], 3: [(26, 26), (25, 26), (25, 25), (24, 25), (23, 25), (23, 24), (23, 23), (22, 23), (22, 22), (22, 21), (22, 20), (22, 19), (22, 18), (22, 17), (22, 16), (22, 15), (22, 14), (22, 13), (22, 12), (22, 11), (22, 10), (22, 9), (23, 9), (23, 8), (23, 7), (22, 7), (22, 6), (22, 5), (21, 5), (21, 6), (21, 7), (20, 7), (19, 7), (18, 7), (18, 8), (18, 9), (17, 9), (16, 9), (15, 9), (14, 9), (13, 9), (13, 10), (13, 11), (12, 11), (12, 11)], 4: [(2, 27), (2, 26), (2, 25), (1, 25), (1, 24), (1, 23), (2, 23), (2, 22), (2, 21), (2, 20), (2, 19), (3, 19), (4, 19), (5, 19), (5, 18), (6, 18), (7, 18), (8, 18), (9, 18), (9, 17), (10, 17), (11, 17), (11, 16), (11, 15), (10, 15), (9, 15), (9, 14), (9, 14)]}, 45)