

CBSS-C STATS
starts:[363, 642, 766, 477, 586, 742, 58, 930, 93, 393]
targets:[446, 460, 170, 874, 551, 610, 615, 791, 498, 95]
dests:[165, 961, 601, 215, 90, 50, 251, 589, 381, 723]
ac_dict:{446: {0, 1}, 460: {1, 2}, 170: {2, 3}, 874: {3, 4}, 551: {4, 5}, 610: {5, 6}, 615: {6, 7}, 791: {8, 7}, 498: {8, 9}, 165: {0}, 961: {1}, 601: {2}, 215: {3}, 90: {4}, 50: {5}, 251: {6}, 589: {7}, 381: {8}, 723: {9}}
clusters:[3 2 3 0 2 1 3 4 1 1]

round: 2
best_g_value: 257.0
open_list_size: 1
num_low_level_expanded: 1101
search_success: 1
search_time: 0.2803328079171479
n_tsp_call: 1
n_tsp_time: 0.2296158648096025
n_roots: 1
num_conflicts: 1
target_assignment: {498: 9, 615: 7, 791: 7, 551: 5, 874: 4}
cluster_target_selection: {1: 498, 3: 615, 4: 791, 2: 551, 0: 874}
num_nodes_transformed_graph: 48
agent_paths:({0: [(11, 11), (10, 11), (9, 11), (9, 10), (9, 9), (8, 9), (7, 9), (6, 9), (6, 8), (6, 7), (5, 7), (5, 6), (5, 5), (5, 5)], 1: [(2, 20), (2, 21), (1, 21), (1, 22), (1, 23), (1, 24), (1, 25), (1, 26), (1, 27), (2, 27), (3, 27), (3, 28), (3, 29), (2, 29), (1, 29), (1, 30), (1, 30)], 2: [(30, 23), (29, 23), (28, 23), (27, 23), (27, 22), (27, 21), (27, 20), (27, 19), (26, 19), (25, 19), (25, 18), (25, 18)], 3: [(29, 14), (28, 14), (27, 14), (27, 13), (27, 12), (27, 11), (26, 11), (25, 11), (25, 10), (25, 9), (24, 9), (23, 9), (23, 8), (23, 7), (23, 6), (23, 6)], 4: [(10, 18), (10, 19), (9, 19), (9, 20), (9, 21), (10, 21), (10, 22), (10, 23), (11, 23), (11, 24), (11, 25), (10, 25), (10, 26), (10, 27), (10, 26), (10, 25), (11, 25), (11, 24), (11, 23), (12, 23), (13, 23), (13, 22), (14, 22), (15, 22), (16, 22), (17, 22), (17, 21), (18, 21), (19, 21), (20, 21), (21, 21), (22, 21), (22, 20), (22, 19), (22, 18), (22, 17), (22, 16), (22, 15), (22, 14), (22, 13), (22, 12), (22, 11), (22, 10), (22, 9), (23, 9), (24, 9), (25, 9), (25, 8), (25, 7), (25, 6), (25, 5), (26, 5), (27, 5), (27, 4), (27, 3), (26, 3), (26, 2), (26, 2)], 5: [(6, 23), (6, 22), (6, 21), (7, 21), (8, 21), (9, 21), (9, 20), (9, 19), (9, 18), (8, 18), (7, 18), (7, 17), (6, 17), (6, 16), (6, 15), (6, 14), (6, 13), (7, 13), (8, 13), (9, 13), (9, 12), (9, 11), (10, 11), (11, 11), (12, 11), (13, 11), (13, 10), (13, 9), (14, 9), (14, 8), (14, 7), (14, 6), (14, 5), (14, 4), (14, 3), (14, 2), (15, 2), (16, 2), (17, 2), (17, 1), (18, 1), (18, 1)], 6: [(26, 1), (27, 1), (27, 2), (27, 3), (27, 4), (27, 5), (27, 6), (27, 7), (27, 7)], 7: [(2, 29), (3, 29), (3, 28), (3, 27), (3, 26), (3, 25), (2, 25), (1, 25), (1, 24), (1, 23), (1, 22), (1, 21), (2, 21), (2, 20), (2, 19), (3, 19), (4, 19), (5, 19), (6, 19), (7, 19), (7, 18), (8, 18), (9, 18), (9, 19), (9, 20), (9, 21), (10, 21), (11, 21), (11, 22), (11, 23), (12, 23), (13, 23), (14, 23), (15, 23), (15, 22), (16, 22), (17, 22), (18, 22), (18, 21), (19, 21), (20, 21), (21, 21), (22, 21), (23, 21), (23, 22), (23, 23), (23, 24), (23, 23), (22, 23), (22, 22), (22, 21), (22, 20), (22, 19), (21, 19), (21, 18), (21, 17), (20, 17), (19, 17), (18, 17), (17, 17), (17, 18), (16, 18), (15, 18), (14, 18), (13, 18), (13, 18)], 8: [(29, 2), (29, 3), (30, 3), (30, 4), (30, 5), (30, 6), (30, 7), (31, 7), (31, 8), (31, 9), (30, 9), (29, 9), (29, 10), (29, 11), (29, 11)], 9: [(9, 12), (9, 13), (10, 13), (11, 13), (11, 14), (12, 14), (13, 14), (14, 14), (15, 14), (16, 14), (17, 14), (18, 14), (18, 15), (18, 16), (18, 17), (19, 17), (20, 17), (21, 17), (21, 18), (21, 19), (22, 19), (22, 20), (22, 21), (21, 21), (20, 21), (19, 21), (19, 22), (19, 22)]}, 64)