

CBSS-C STATS
starts:[193, 877]
targets:[281, 337, 626, 453, 930, 958, 418, 811, 973, 321]
dests:[975, 34]
ac_dict:{281: {0, 1}, 975: {0}, 34: {1}}
clusters:[9 7 5 6 2 3 8 1 4 0]

round: 1
best_g_value: 183.0
open_list_size: 0
num_low_level_expanded: 438
search_success: 1
search_time: 0.021101168997120112
n_tsp_call: 1
n_tsp_time: 0.007218603001092561
n_roots: 1
num_conflicts: 0
target_assignment: {337: 0, 626: 0, 281: 0, 958: 0, 973: 0, 811: 1, 930: 1, 418: 1, 453: 1, 321: 1}
cluster_target_selection: {7: 337, 5: 626, 9: 281, 3: 958, 4: 973, 1: 811, 2: 930, 8: 418, 6: 453, 0: 321}
num_nodes_transformed_graph: 24
agent_paths:({0: [(1, 6), (2, 6), (3, 6), (3, 5), (4, 5), (5, 5), (6, 5), (7, 5), (7, 6), (8, 6), (9, 6), (10, 6), (11, 6), (11, 5), (12, 5), (13, 5), (14, 5), (14, 6), (14, 7), (14, 8), (14, 9), (15, 9), (16, 9), (17, 9), (17, 10), (18, 10), (18, 11), (18, 12), (18, 13), (18, 14), (18, 15), (18, 16), (18, 17), (18, 18), (18, 19), (18, 18), (18, 17), (18, 16), (18, 15), (18, 14), (18, 13), (18, 12), (18, 11), (19, 11), (20, 11), (21, 11), (21, 10), (21, 9), (22, 9), (23, 9), (24, 9), (25, 9), (25, 8), (25, 9), (26, 9), (27, 9), (27, 10), (27, 11), (27, 12), (27, 13), (27, 14), (27, 15), (27, 16), (27, 17), (27, 18), (27, 19), (27, 20), (27, 21), (27, 22), (27, 23), (28, 23), (29, 23), (30, 23), (30, 24), (30, 25), (30, 26), (30, 27), (31, 27), (31, 28), (31, 29), (30, 29), (29, 29), (29, 30), (29, 31), (28, 31), (27, 31), (26, 31), (25, 31), (24, 31), (23, 31), (22, 31), (21, 31), (20, 31), (19, 31), (18, 31), (17, 31), (16, 31), (15, 31), (14, 31), (13, 31), (13, 30), (14, 30), (15, 30), (15, 30)], 1: [(13, 27), (12, 27), (11, 27), (11, 26), (11, 25), (10, 25), (10, 26), (10, 27), (10, 28), (10, 29), (9, 29), (9, 30), (8, 30), (7, 30), (6, 30), (5, 30), (4, 30), (3, 30), (2, 30), (2, 29), (3, 29), (3, 28), (3, 27), (2, 27), (2, 26), (2, 25), (1, 25), (1, 24), (1, 23), (1, 22), (1, 21), (2, 21), (2, 20), (2, 19), (2, 18), (2, 17), (2, 16), (2, 15), (2, 14), (2, 13), (2, 14), (2, 15), (2, 16), (2, 17), (3, 17), (3, 18), (3, 19), (4, 19), (5, 19), (5, 18), (5, 17), (6, 17), (6, 16), (6, 15), (5, 15), (5, 14), (5, 13), (5, 12), (5, 11), (5, 10), (4, 10), (3, 10), (2, 10), (1, 10), (2, 10), (3, 10), (4, 10), (5, 10), (5, 9), (6, 9), (6, 8), (6, 7), (5, 7), (5, 6), (5, 5), (4, 5), (3, 5), (3, 4), (3, 3), (2, 3), (2, 2), (2, 1), (2, 1)]}, 102)