

CBSS-C STATS
starts:[649, 358, 985, 741, 877]
targets:[199, 451, 126, 858, 71, 58, 458, 843, 317, 337, 973, 293, 302, 253, 51, 123, 73, 406, 255, 249]
dests:[402, 431, 334, 694, 674]
ac_dict:{199: {0, 1}, 451: {1, 2}, 126: {2, 3}, 858: {3, 4}, 402: {0}, 431: {1}, 334: {2}, 694: {3}, 674: {4}}
clusters:[11 16 14 19  3  5  8  2  4 13  1  9  6 17 12  0 10  7 15 18]

round: 1
best_g_value: 263.0
open_list_size: 0
num_low_level_expanded: 669
search_success: 1
search_time: 0.9158066700038034
n_tsp_call: 1
n_tsp_time: 0.8814652120054234
n_roots: 1
num_conflicts: 0
target_assignment: {337: 0, 406: 2, 249: 2, 317: 2, 255: 2, 253: 2, 126: 2, 123: 2, 58: 2, 51: 2, 302: 2, 199: 1, 73: 1, 71: 1, 293: 1, 451: 1, 458: 1, 843: 3, 973: 3, 858: 3}
cluster_target_selection: {13: 337, 7: 406, 18: 249, 4: 317, 15: 255, 17: 253, 14: 126, 0: 123, 5: 58, 12: 51, 6: 302, 11: 199, 10: 73, 3: 71, 9: 293, 16: 451, 8: 458, 2: 843, 1: 973, 19: 858}
num_nodes_transformed_graph: 54
agent_paths:({0: [(9, 20), (9, 19), (9, 18), (9, 17), (10, 17), (11, 17), (11, 16), (11, 15), (11, 14), (12, 14), (13, 14), (14, 14), (15, 14), (16, 14), (17, 14), (17, 13), (18, 13), (18, 12), (18, 11), (17, 11), (17, 10), (18, 10), (18, 11), (18, 12), (18, 12)], 1: [(6, 11), (6, 10), (6, 9), (6, 8), (6, 7), (6, 6), (7, 6), (7, 5), (6, 5), (6, 4), (6, 3), (6, 2), (7, 2), (7, 1), (8, 1), (9, 1), (9, 2), (9, 1), (8, 1), (7, 1), (7, 2), (6, 2), (6, 3), (6, 4), (6, 5), (6, 6), (6, 7), (6, 8), (6, 9), (5, 9), (5, 10), (5, 11), (5, 12), (5, 13), (5, 14), (6, 14), (6, 15), (6, 16), (6, 17), (5, 17), (5, 18), (5, 19), (4, 19), (3, 19), (3, 18), (3, 17), (2, 17), (2, 16), (2, 15), (2, 14), (3, 14), (2, 14), (2, 15), (2, 16), (2, 17), (3, 17), (3, 18), (3, 19), (4, 19), (5, 19), (5, 18), (5, 17), (6, 17), (6, 16), (6, 15), (6, 14), (7, 14), (7, 13), (8, 13), (9, 13), (10, 13), (10, 14), (11, 14), (12, 14), (13, 14), (13, 13), (14, 13), (15, 13), (15, 13)], 2: [(25, 30), (25, 31), (24, 31), (23, 31), (23, 30), (23, 29), (23, 28), (23, 27), (23, 26), (23, 25), (23, 24), (23, 23), (22, 23), (22, 22), (22, 21), (22, 20), (22, 19), (22, 18), (22, 17), (22, 16), (22, 15), (22, 14), (22, 13), (22, 12), (22, 11), (22, 10), (22, 9), (23, 9), (24, 9), (25, 9), (25, 8), (25, 7), (25, 8), (25, 9), (26, 9), (27, 9), (27, 10), (28, 10), (29, 10), (29, 9), (30, 9), (31, 9), (31, 8), (31, 7), (30, 7), (29, 7), (29, 6), (29, 5), (30, 5), (30, 4), (30, 3), (29, 3), (29, 2), (28, 2), (27, 2), (27, 3), (26, 3), (26, 2), (26, 1), (25, 1), (25, 2), (25, 3), (24, 3), (23, 3), (22, 3), (21, 3), (21, 2), (21, 1), (20, 1), (19, 1), (18, 1), (17, 1), (17, 2), (16, 2), (15, 2), (14, 2), (14, 3), (14, 4), (14, 5), (14, 6), (14, 7), (14, 8), (14, 9), (14, 10), (14, 10)], 3: [(5, 23), (6, 23), (7, 23), (7, 22), (7, 21), (8, 21), (9, 21), (10, 21), (11, 21), (11, 22), (11, 23), (11, 24), (11, 25), (11, 26), (11, 27), (12, 27), (13, 27), (14, 27), (15, 27), (16, 27), (17, 27), (18, 27), (18, 28), (18, 29), (17, 29), (17, 30), (17, 31), (16, 31), (15, 31), (14, 31), (13, 31), (13, 30), (14, 30), (15, 30), (15, 31), (16, 31), (17, 31), (17, 30), (17, 29), (18, 29), (18, 28), (18, 27), (18, 26), (19, 26), (20, 26), (21, 26), (22, 26), (23, 26), (23, 25), (24, 25), (25, 25), (26, 25), (26, 26), (25, 26), (25, 25), (24, 25), (23, 25), (23, 24), (23, 23), (22, 23), (22, 22), (22, 21), (22, 21)], 4: [(13, 27), (12, 27), (11, 27), (11, 26), (11, 25), (11, 24), (11, 23), (10, 23), (9, 23), (9, 22), (9, 21), (8, 21), (7, 21), (6, 21), (5, 21), (5, 22), (4, 22), (3, 22), (2, 22), (2, 21), (2, 21)]}, 83)