

CBSS-C STATS
starts:[683, 348, 698, 350, 854]
targets:[765, 859, 965, 846, 319, 91, 969, 866, 164, 565, 303, 567, 304, 199, 461, 462, 953, 38, 442, 215]
dests:[824, 639, 989, 618, 1014]
ac_dict:{765: {0, 1}, 859: {1, 2}, 965: {2, 3}, 846: {3, 4}, 824: {0}, 639: {1}, 989: {2}, 618: {3}, 1014: {4}}
clusters:[12  7  0 15  8  1 10 17 18  2  4  3 11 16 13 14 19  6  5  9]

round: 1
best_g_value: 215.0
open_list_size: 0
num_low_level_expanded: 472
search_success: 1
search_time: 4.86098690200015
n_tsp_call: 1
n_tsp_time: 4.831810784991831
n_roots: 1
num_conflicts: 0
target_assignment: {461: 0, 462: 0, 565: 0, 567: 0, 859: 2, 953: 2, 442: 1, 765: 1, 319: 3, 91: 3, 215: 3, 304: 3, 303: 3, 199: 3, 38: 3, 164: 3, 866: 3, 965: 3, 969: 3, 846: 3}
cluster_target_selection: {13: 461, 14: 462, 2: 565, 3: 567, 7: 859, 19: 953, 5: 442, 12: 765, 8: 319, 1: 91, 9: 215, 11: 304, 4: 303, 16: 199, 6: 38, 18: 164, 17: 866, 0: 965, 10: 969, 15: 846}
num_nodes_transformed_graph: 98
agent_paths:({0: [(11, 21), (10, 21), (9, 21), (9, 20), (9, 19), (9, 18), (9, 17), (10, 17), (11, 17), (11, 16), (11, 15), (11, 14), (12, 14), (13, 14), (14, 14), (15, 14), (16, 14), (17, 14), (18, 14), (18, 15), (18, 16), (18, 17), (19, 17), (20, 17), (21, 17), (22, 17), (23, 17), (23, 18), (23, 19), (22, 19), (22, 20), (22, 21), (23, 21), (23, 22), (23, 23), (23, 24), (23, 25), (24, 25), (24, 25)], 1: [(28, 10), (27, 10), (27, 11), (27, 12), (27, 13), (26, 13), (27, 13), (27, 14), (27, 15), (27, 16), (27, 17), (27, 18), (27, 19), (27, 20), (27, 21), (27, 22), (27, 23), (28, 23), (29, 23), (29, 22), (29, 21), (30, 21), (31, 21), (31, 20), (31, 19), (31, 19)], 2: [(26, 21), (27, 21), (27, 22), (27, 23), (27, 24), (27, 25), (27, 26), (27, 27), (27, 28), (27, 29), (26, 29), (25, 29), (26, 29), (27, 29), (27, 30), (27, 31), (28, 31), (29, 31), (29, 30), (29, 30)], 3: [(30, 10), (30, 9), (31, 9), (31, 8), (31, 7), (30, 7), (29, 7), (29, 6), (28, 6), (27, 6), (27, 5), (27, 4), (27, 3), (27, 2), (27, 3), (27, 4), (27, 5), (26, 5), (25, 5), (25, 6), (25, 7), (25, 8), (25, 9), (24, 9), (23, 9), (23, 8), (23, 7), (23, 6), (22, 6), (21, 6), (21, 7), (20, 7), (19, 7), (18, 7), (18, 8), (18, 9), (17, 9), (16, 9), (15, 9), (14, 9), (14, 8), (14, 7), (13, 7), (13, 6), (13, 5), (12, 5), (11, 5), (10, 5), (9, 5), (9, 6), (8, 6), (7, 6), (6, 6), (6, 5), (6, 4), (6, 3), (6, 2), (6, 1), (6, 2), (6, 3), (6, 4), (6, 5), (5, 5), (4, 5), (5, 5), (5, 6), (5, 7), (6, 7), (6, 8), (6, 9), (5, 9), (5, 10), (5, 11), (5, 12), (5, 13), (5, 14), (5, 15), (6, 15), (6, 16), (6, 17), (5, 17), (5, 18), (5, 19), (4, 19), (3, 19), (2, 19), (2, 20), (2, 21), (2, 22), (2, 23), (1, 23), (1, 24), (1, 25), (2, 25), (2, 26), (2, 27), (3, 27), (3, 28), (3, 29), (3, 30), (4, 30), (5, 30), (6, 30), (7, 30), (8, 30), (9, 30), (9, 29), (10, 29), (10, 28), (10, 27), (11, 27), (12, 27), (13, 27), (13, 26), (14, 26), (13, 26), (13, 27), (12, 27), (11, 27), (11, 26), (11, 25), (11, 24), (11, 23), (10, 23), (10, 22), (10, 21), (9, 21), (9, 20), (9, 19), (10, 19), (10, 19)], 4: [(22, 26), (22, 27), (23, 27), (23, 28), (23, 29), (22, 29), (22, 30), (22, 31), (22, 31)]}, 129)