

CBSS-C STATS
starts:[94, 1017, 191, 175, 293, 832, 465]
targets:[325, 734, 1014, 607, 215, 748, 842, 59, 313, 315]
dests:[77, 886, 238, 691, 711, 342, 296]
ac_dict:{325: {0, 1}, 734: {1, 2}, 1014: {2, 3}, 607: {3, 4}, 215: {4, 5}, 748: {5, 6}, 77: {0}, 886: {1}, 238: {2}, 691: {3}, 711: {4}, 342: {5}, 296: {6}}
clusters:[8 9 2 1 6 3 5 7 0 4]

round: 6
best_g_value: 266.0
open_list_size: 7
num_low_level_expanded: 3326
search_success: 1
search_time: 2.078358011000091
n_tsp_call: 21
n_tsp_time: 1.6359241889877012
n_roots: 2
num_conflicts: 6
target_assignment: {59: 0, 325: 0, 734: 1, 842: 5, 748: 5, 215: 5, 313: 3, 315: 3, 607: 3, 1014: 3}
cluster_target_selection: {7: 59, 8: 325, 9: 734, 5: 842, 3: 748, 6: 215, 0: 313, 4: 315, 1: 607, 2: 1014}
num_nodes_transformed_graph: 34
agent_paths:({0: [(30, 2), (29, 2), (28, 2), (27, 2), (27, 1), (26, 1), (25, 1), (25, 2), (25, 3), (24, 3), (23, 3), (22, 3), (21, 3), (21, 2), (21, 1), (20, 1), (19, 1), (18, 1), (17, 1), (17, 2), (16, 2), (15, 2), (14, 2), (13, 2), (13, 3), (12, 3), (11, 3), (11, 4), (11, 5), (10, 5), (9, 5), (9, 6), (8, 6), (7, 6), (6, 6), (6, 7), (6, 8), (6, 9), (5, 9), (5, 10), (5, 9), (6, 9), (6, 8), (6, 7), (6, 6), (7, 6), (8, 6), (9, 6), (9, 5), (10, 5), (11, 5), (11, 4), (11, 3), (12, 3), (13, 3), (13, 2), (13, 2)], 1: [(25, 31), (25, 30), (25, 29), (26, 29), (27, 29), (27, 28), (27, 27), (27, 26), (27, 25), (27, 24), (27, 23), (28, 23), (29, 23), (29, 22), (30, 22), (29, 22), (29, 23), (28, 23), (27, 23), (27, 24), (27, 25), (26, 25), (25, 25), (24, 25), (23, 25), (22, 25), (22, 26), (22, 27), (22, 27)], 2: [(31, 5), (30, 5), (29, 5), (29, 6), (28, 6), (27, 6), (27, 5), (27, 4), (27, 3), (26, 3), (25, 3), (24, 3), (23, 3), (22, 3), (21, 3), (21, 2), (21, 1), (20, 1), (19, 1), (18, 1), (17, 1), (17, 2), (16, 2), (15, 2), (14, 2), (14, 3), (14, 4), (14, 5), (14, 6), (14, 7), (14, 7)], 3: [(15, 5), (16, 5), (17, 5), (18, 5), (19, 5), (19, 6), (19, 7), (20, 7), (21, 7), (22, 7), (23, 7), (23, 8), (23, 9), (24, 9), (25, 9), (26, 9), (27, 9), (27, 10), (28, 10), (29, 10), (30, 10), (31, 10), (31, 11), (31, 12), (31, 13), (31, 14), (31, 15), (31, 16), (31, 17), (31, 18), (30, 18), (29, 18), (28, 18), (27, 18), (27, 19), (27, 20), (27, 21), (27, 22), (27, 23), (27, 24), (27, 25), (26, 25), (25, 25), (24, 25), (23, 25), (23, 26), (23, 27), (23, 28), (23, 29), (22, 29), (22, 30), (22, 31), (22, 30), (22, 29), (23, 29), (23, 28), (23, 27), (23, 26), (23, 25), (23, 24), (23, 23), (22, 23), (21, 23), (21, 22), (21, 21), (20, 21), (19, 21), (19, 21)], 4: [(5, 9), (5, 10), (5, 11), (5, 12), (5, 13), (6, 13), (6, 14), (6, 15), (6, 16), (6, 17), (7, 17), (7, 18), (8, 18), (9, 18), (9, 19), (9, 20), (9, 21), (8, 21), (7, 21), (7, 22), (7, 22)], 5: [(0, 26), (1, 26), (2, 26), (3, 26), (3, 27), (3, 28), (3, 29), (3, 30), (4, 30), (5, 30), (6, 30), (7, 30), (8, 30), (9, 30), (9, 29), (10, 29), (10, 28), (10, 27), (10, 26), (10, 25), (11, 25), (11, 24), (11, 23), (12, 23), (13, 23), (13, 22), (14, 22), (15, 22), (16, 22), (17, 22), (17, 21), (18, 21), (19, 21), (20, 21), (21, 21), (22, 21), (22, 20), (22, 19), (22, 18), (22, 17), (22, 16), (22, 15), (22, 14), (22, 13), (22, 12), (22, 11), (22, 10), (22, 9), (23, 9), (23, 8), (23, 7), (23, 6), (23, 7), (23, 8), (23, 9), (22, 9), (22, 10), (22, 10)], 6: [(17, 14), (16, 14), (15, 14), (14, 14), (13, 14), (12, 14), (11, 14), (10, 14), (9, 14), (9, 13), (9, 12), (9, 11), (9, 10), (9, 9), (8, 9), (8, 9)]}, 66)