

CBSS-C STATS
starts:[587, 460, 946, 579, 457, 509, 755]
targets:[602, 959, 699, 501, 117, 733, 674, 192, 304, 166]
dests:[445, 590, 383, 883, 677, 402, 743]
ac_dict:{602: {0, 1}, 959: {1, 2}, 699: {2, 3}, 501: {3, 4}, 117: {4, 5}, 733: {5, 6}, 445: {0}, 590: {1}, 383: {2}, 883: {3}, 677: {4}, 402: {5}, 743: {6}}
clusters:[6 5 4 8 0 3 7 2 9 1]

round: 2
best_g_value: 270.0
open_list_size: 1
num_low_level_expanded: 951
search_success: 1
search_time: 0.9648934540018672
n_tsp_call: 1
n_tsp_time: 0.9280298039957415
n_roots: 1
num_conflicts: 1
target_assignment: {602: 0, 501: 3, 959: 2, 699: 2, 733: 5, 117: 5, 304: 5, 166: 4, 192: 4, 674: 4}
cluster_target_selection: {6: 602, 8: 501, 5: 959, 4: 699, 3: 733, 0: 117, 9: 304, 1: 166, 2: 192, 7: 674}
num_nodes_transformed_graph: 54
agent_paths:({0: [(11, 18), (11, 17), (11, 16), (11, 15), (11, 14), (12, 14), (13, 14), (14, 14), (15, 14), (16, 14), (17, 14), (18, 14), (18, 15), (18, 16), (18, 17), (19, 17), (20, 17), (21, 17), (22, 17), (23, 17), (23, 18), (24, 18), (25, 18), (26, 18), (26, 17), (27, 17), (27, 16), (27, 15), (27, 14), (28, 14), (29, 14), (29, 13), (29, 13)], 1: [(12, 14), (13, 14), (14, 14), (15, 14), (16, 14), (17, 14), (17, 15), (18, 15), (18, 16), (18, 17), (17, 17), (17, 18), (16, 18), (15, 18), (14, 18), (14, 18)], 2: [(18, 29), (19, 29), (19, 30), (19, 31), (20, 31), (21, 31), (22, 31), (23, 31), (24, 31), (25, 31), (26, 31), (27, 31), (28, 31), (29, 31), (29, 30), (29, 29), (30, 29), (31, 29), (31, 28), (31, 27), (30, 27), (30, 26), (30, 25), (30, 24), (30, 23), (29, 23), (28, 23), (27, 23), (27, 22), (27, 21), (27, 20), (27, 19), (27, 18), (27, 17), (27, 16), (27, 15), (27, 14), (28, 14), (29, 14), (30, 14), (30, 13), (31, 13), (31, 12), (31, 11), (31, 11)], 3: [(3, 18), (3, 19), (4, 19), (5, 19), (5, 18), (6, 18), (7, 18), (8, 18), (9, 18), (9, 17), (10, 17), (11, 17), (11, 16), (11, 15), (11, 14), (12, 14), (13, 14), (14, 14), (15, 14), (16, 14), (17, 14), (18, 14), (19, 14), (19, 13), (20, 13), (21, 13), (21, 14), (21, 15), (22, 15), (22, 16), (22, 17), (22, 18), (22, 19), (22, 20), (22, 21), (22, 22), (22, 23), (23, 23), (23, 24), (23, 25), (22, 25), (21, 25), (21, 26), (20, 26), (19, 26), (19, 27), (19, 27)], 4: [(9, 14), (9, 13), (9, 12), (9, 11), (9, 10), (9, 9), (8, 9), (7, 9), (6, 9), (6, 8), (6, 7), (6, 6), (6, 5), (5, 5), (4, 5), (3, 5), (2, 5), (1, 5), (1, 6), (0, 6), (1, 6), (2, 6), (2, 5), (3, 5), (4, 5), (5, 5), (5, 6), (5, 7), (6, 7), (6, 8), (6, 9), (5, 9), (5, 10), (5, 11), (5, 12), (5, 13), (5, 14), (5, 15), (6, 15), (6, 16), (6, 17), (5, 17), (5, 18), (5, 19), (4, 19), (3, 19), (2, 19), (2, 20), (2, 21), (3, 21), (3, 22), (4, 22), (5, 22), (5, 21), (5, 21)], 5: [(29, 15), (30, 15), (31, 15), (31, 16), (31, 17), (31, 18), (31, 19), (31, 20), (31, 21), (30, 21), (29, 21), (29, 22), (29, 21), (30, 21), (31, 21), (31, 20), (31, 19), (31, 18), (31, 17), (31, 16), (31, 15), (31, 14), (31, 13), (31, 12), (31, 11), (31, 10), (31, 9), (31, 8), (31, 7), (30, 7), (29, 7), (29, 6), (28, 6), (27, 6), (27, 5), (27, 4), (27, 3), (26, 3), (25, 3), (24, 3), (23, 3), (22, 3), (21, 3), (21, 2), (21, 1), (20, 1), (19, 1), (18, 1), (17, 1), (17, 2), (16, 2), (15, 2), (15, 3), (14, 3), (14, 4), (14, 5), (14, 6), (14, 7), (14, 8), (14, 9), (15, 9), (16, 9), (17, 9), (18, 9), (18, 10), (18, 11), (18, 12), (18, 12)], 6: [(19, 23), (18, 23), (17, 23), (17, 22), (16, 22), (15, 22), (14, 22), (13, 22), (13, 23), (12, 23), (11, 23), (10, 23), (9, 23), (9, 22), (9, 21), (8, 21), (7, 21), (7, 22), (7, 23), (7, 23)]}, 66)