

CBSS-C STATS
starts:[354, 374, 178, 1020, 710]
targets:[993, 841, 89, 123, 279, 347, 372, 487, 597, 929, 52, 375, 813, 494, 758, 977, 469, 65, 1006, 871]
dests:[242, 873, 351, 939, 599]
ac_dict:{993: {0, 1}, 841: {1, 2}, 89: {2, 3}, 123: {3, 4}, 242: {0}, 873: {1}, 351: {2}, 939: {3}, 599: {4}}
clusters:[2 6 9 4 0 7 6 6 1 3 9 1 9 0 0 2 1 5 6 8]

round: 1
best_g_value: 215.0
open_list_size: 0
num_low_level_expanded: 476
search_success: 1
search_time: 2.0065983859822154
n_tsp_call: 1
n_tsp_time: 1.9705650061368942
n_roots: 1
num_conflicts: 0
target_assignment: {65: 0, 977: 3, 929: 3, 871: 3, 279: 2, 347: 2, 372: 4, 375: 4, 123: 4, 813: 1}
cluster_target_selection: {5: 65, 2: 977, 3: 929, 8: 871, 0: 279, 7: 347, 6: 372, 1: 375, 4: 123, 9: 813}
num_nodes_transformed_graph: 98
agent_paths:({0: [(2, 11), (2, 10), (3, 10), (4, 10), (5, 10), (5, 9), (6, 9), (6, 8), (6, 7), (5, 7), (5, 6), (5, 5), (4, 5), (3, 5), (3, 4), (3, 3), (2, 3), (1, 3), (1, 2), (2, 2), (3, 2), (3, 3), (3, 4), (3, 5), (4, 5), (5, 5), (6, 5), (7, 5), (7, 6), (8, 6), (9, 6), (10, 6), (11, 6), (11, 5), (12, 5), (13, 5), (14, 5), (15, 5), (16, 5), (17, 5), (18, 5), (18, 6), (18, 7), (18, 7)], 1: [(22, 11), (22, 12), (22, 13), (22, 14), (22, 15), (22, 16), (22, 17), (22, 18), (22, 19), (22, 20), (22, 21), (21, 21), (20, 21), (19, 21), (18, 21), (17, 21), (17, 22), (16, 22), (15, 22), (15, 23), (15, 24), (15, 25), (14, 25), (13, 25), (13, 26), (13, 27), (12, 27), (11, 27), (10, 27), (9, 27), (9, 27)], 2: [(18, 5), (19, 5), (19, 6), (19, 7), (20, 7), (21, 7), (22, 7), (23, 7), (23, 8), (23, 9), (24, 9), (25, 9), (26, 9), (27, 9), (27, 10), (28, 10), (29, 10), (30, 10), (31, 10), (31, 10)], 3: [(28, 31), (27, 31), (26, 31), (25, 31), (24, 31), (23, 31), (22, 31), (21, 31), (20, 31), (19, 31), (18, 31), (17, 31), (17, 30), (17, 29), (18, 29), (18, 28), (18, 27), (17, 27), (16, 27), (15, 27), (14, 27), (13, 27), (12, 27), (11, 27), (10, 27), (10, 28), (10, 29), (9, 29), (9, 30), (8, 30), (7, 30), (6, 30), (5, 30), (4, 30), (3, 30), (2, 30), (1, 30), (1, 29), (2, 29), (3, 29), (3, 28), (3, 27), (3, 26), (4, 26), (5, 26), (6, 26), (7, 26), (7, 27), (6, 27), (5, 27), (5, 26), (4, 26), (3, 26), (3, 27), (3, 28), (3, 29), (3, 30), (4, 30), (5, 30), (6, 30), (7, 30), (8, 30), (9, 30), (9, 29), (10, 29), (11, 29), (11, 29)], 4: [(6, 22), (6, 21), (7, 21), (8, 21), (9, 21), (9, 20), (9, 19), (9, 18), (9, 17), (10, 17), (11, 17), (11, 16), (11, 15), (11, 14), (12, 14), (13, 14), (14, 14), (15, 14), (16, 14), (17, 14), (17, 13), (18, 13), (18, 12), (18, 11), (19, 11), (20, 11), (21, 11), (22, 11), (23, 11), (23, 10), (23, 9), (24, 9), (25, 9), (25, 8), (25, 7), (25, 6), (25, 5), (26, 5), (27, 5), (27, 4), (27, 3), (27, 4), (27, 5), (26, 5), (25, 5), (25, 6), (25, 7), (25, 8), (25, 9), (24, 9), (23, 9), (23, 10), (23, 11), (22, 11), (22, 12), (22, 13), (22, 14), (22, 15), (22, 16), (22, 17), (23, 17), (23, 18), (23, 18)]}, 65)