

CBSS-C STATS
starts:[373, 631, 455, 375, 485]
targets:[615, 79, 114, 850, 463, 817, 895, 49, 351, 487, 118, 587, 575, 158, 761, 483, 523, 894, 1013, 471]
dests:[937, 634, 858, 213, 553]
ac_dict:{615: {0, 1}, 79: {1, 2}, 114: {2, 3}, 850: {3, 4}, 937: {0}, 634: {1}, 858: {2}, 213: {3}, 553: {4}}
clusters:[11  6 10  0  3  2 12  5 17  7 14 13 16 19 18  8  9 15  4  1]

round: 1
best_g_value: 223.0
open_list_size: 0
num_low_level_expanded: 502
search_success: 1
search_time: 3.305915832010214
n_tsp_call: 1
n_tsp_time: 3.2641088029922685
n_roots: 1
num_conflicts: 0
target_assignment: {463: 0, 523: 0, 587: 0, 615: 0, 483: 0, 487: 2, 79: 2, 114: 2, 49: 2, 118: 2, 158: 2, 351: 2, 575: 2, 894: 2, 895: 2, 761: 2, 471: 3, 817: 3, 850: 3, 1013: 3}
cluster_target_selection: {3: 463, 9: 523, 13: 587, 11: 615, 8: 483, 7: 487, 6: 79, 10: 114, 5: 49, 14: 118, 19: 158, 17: 351, 16: 575, 15: 894, 12: 895, 18: 761, 1: 471, 2: 817, 0: 850, 4: 1013}
num_nodes_transformed_graph: 98
agent_paths:({0: [(21, 11), (20, 11), (19, 11), (18, 11), (18, 12), (18, 13), (17, 13), (17, 14), (16, 14), (15, 14), (14, 14), (13, 14), (12, 14), (11, 14), (11, 15), (11, 16), (11, 17), (11, 18), (10, 18), (9, 18), (8, 18), (7, 18), (7, 19), (6, 19), (5, 19), (4, 19), (3, 19), (3, 18), (3, 17), (2, 17), (2, 16), (2, 15), (3, 15), (2, 15), (2, 16), (2, 17), (2, 18), (2, 19), (2, 20), (2, 21), (2, 22), (2, 23), (1, 23), (1, 24), (1, 25), (2, 25), (3, 25), (3, 26), (3, 27), (3, 28), (3, 29), (3, 30), (4, 30), (5, 30), (6, 30), (7, 30), (8, 30), (9, 30), (9, 29), (9, 29)], 1: [(23, 19), (23, 18), (24, 18), (25, 18), (26, 18), (26, 19), (26, 19)], 2: [(7, 14), (7, 15), (7, 14), (7, 13), (8, 13), (9, 13), (9, 12), (9, 11), (10, 11), (11, 11), (12, 11), (13, 11), (13, 10), (13, 9), (14, 9), (14, 8), (14, 7), (14, 6), (14, 5), (14, 4), (14, 3), (14, 2), (15, 2), (16, 2), (17, 2), (18, 2), (18, 3), (17, 3), (17, 2), (17, 1), (18, 1), (19, 1), (20, 1), (21, 1), (22, 1), (22, 2), (22, 3), (23, 3), (24, 3), (25, 3), (26, 3), (27, 3), (27, 2), (28, 2), (29, 2), (30, 2), (30, 3), (30, 4), (30, 5), (31, 5), (31, 6), (31, 7), (31, 8), (31, 9), (31, 10), (31, 11), (31, 12), (31, 13), (31, 14), (31, 15), (31, 16), (31, 17), (31, 18), (31, 19), (31, 20), (31, 21), (30, 21), (30, 22), (30, 23), (30, 24), (30, 25), (30, 26), (30, 27), (31, 27), (30, 27), (30, 26), (30, 25), (30, 24), (30, 23), (29, 23), (28, 23), (27, 23), (26, 23), (25, 23), (26, 23), (27, 23), (27, 24), (27, 25), (26, 25), (26, 26), (26, 26)], 3: [(23, 11), (22, 11), (22, 12), (22, 13), (23, 13), (23, 14), (22, 14), (22, 15), (22, 16), (22, 17), (22, 18), (22, 19), (22, 20), (22, 21), (21, 21), (20, 21), (19, 21), (18, 21), (17, 21), (17, 22), (17, 23), (17, 24), (17, 25), (18, 25), (18, 26), (18, 27), (18, 28), (18, 29), (19, 29), (19, 30), (19, 31), (20, 31), (21, 31), (21, 30), (21, 29), (22, 29), (23, 29), (23, 28), (23, 27), (23, 26), (23, 25), (23, 24), (23, 23), (22, 23), (22, 22), (22, 21), (22, 20), (22, 19), (22, 18), (22, 17), (22, 16), (22, 15), (22, 14), (22, 13), (22, 12), (22, 11), (22, 10), (22, 9), (23, 9), (23, 8), (23, 7), (22, 7), (21, 7), (21, 6), (21, 6)], 4: [(5, 15), (6, 15), (6, 16), (6, 17), (7, 17), (7, 18), (8, 18), (9, 18), (9, 17), (9, 17)]}, 89)