

CBSS-C STATS
starts:[242, 802]
targets:[13, 429, 817, 243, 755, 235, 186, 329, 367, 446]
dests:[505, 490]
ac_dict:{13: {0, 1}, 505: {0}, 490: {1}}
clusters:[4 9 8 7 1 5 0 3 6 2]

round: 1
best_g_value: 137.0
open_list_size: 0
num_low_level_expanded: 399
search_success: 1
search_time: 0.13782642400474288
n_tsp_call: 1
n_tsp_time: 0.12853677199746016
n_roots: 1
num_conflicts: 0
target_assignment: {243: 0, 367: 0, 329: 0, 235: 0, 13: 0, 186: 0, 446: 0, 817: 1, 755: 1, 429: 1}
cluster_target_selection: {7: 243, 6: 367, 3: 329, 5: 235, 4: 13, 0: 186, 2: 446, 8: 817, 1: 755, 9: 429}
num_nodes_transformed_graph: 24
agent_paths:({0: [(18, 7), (19, 7), (18, 7), (18, 8), (18, 9), (17, 9), (16, 9), (15, 9), (15, 10), (15, 11), (14, 11), (13, 11), (12, 11), (11, 11), (10, 11), (9, 11), (9, 10), (9, 9), (8, 9), (7, 9), (6, 9), (6, 8), (6, 7), (7, 7), (7, 6), (8, 6), (9, 6), (10, 6), (11, 6), (11, 7), (11, 6), (11, 5), (11, 4), (11, 3), (12, 3), (13, 3), (13, 2), (13, 1), (13, 0), (13, 1), (14, 1), (15, 1), (15, 2), (16, 2), (17, 2), (18, 2), (19, 2), (19, 1), (20, 1), (21, 1), (22, 1), (23, 1), (23, 2), (23, 3), (24, 3), (25, 3), (26, 3), (27, 3), (27, 4), (27, 5), (26, 5), (27, 5), (27, 6), (28, 6), (29, 6), (30, 6), (30, 7), (31, 7), (31, 8), (31, 9), (31, 10), (31, 11), (31, 12), (31, 13), (30, 13), (29, 13), (29, 14), (28, 14), (27, 14), (26, 14), (25, 14), (25, 15), (25, 15)], 1: [(2, 25), (3, 25), (3, 26), (3, 27), (3, 28), (3, 29), (3, 30), (4, 30), (5, 30), (6, 30), (7, 30), (8, 30), (9, 30), (9, 29), (10, 29), (10, 28), (10, 27), (11, 27), (12, 27), (13, 27), (14, 27), (15, 27), (16, 27), (17, 27), (17, 26), (17, 25), (17, 24), (17, 23), (18, 23), (19, 23), (19, 22), (19, 21), (20, 21), (21, 21), (22, 21), (22, 20), (22, 19), (21, 19), (21, 18), (21, 17), (20, 17), (19, 17), (18, 17), (18, 16), (18, 15), (17, 15), (17, 14), (16, 14), (15, 14), (14, 14), (13, 14), (13, 13), (13, 14), (12, 14), (11, 14), (10, 14), (10, 15), (10, 15)]}, 81)