

CBSS-C STATS
starts:[223, 246]
targets:[351, 120, 107, 642, 421, 885, 878, 959, 758, 875]
dests:[499, 476]
ac_dict:{351: {0, 1}, 499: {0}, 476: {1}}
clusters:[8 7 4 5 1 2 0 3 9 6]

round: 1
best_g_value: 154.0
open_list_size: 0
num_low_level_expanded: 380
search_success: 1
search_time: 0.014267023987486027
n_tsp_call: 1
n_tsp_time: 0.004069269998581149
n_roots: 1
num_conflicts: 0
target_assignment: {351: 0, 120: 0, 107: 0, 421: 0, 642: 0, 875: 0, 878: 0, 885: 0, 959: 0, 758: 0}
cluster_target_selection: {8: 351, 7: 120, 4: 107, 1: 421, 5: 642, 6: 875, 0: 878, 2: 885, 3: 959, 9: 758}
num_nodes_transformed_graph: 14
agent_paths:({0: [(31, 6), (31, 7), (31, 8), (31, 9), (31, 10), (31, 9), (31, 8), (31, 7), (30, 7), (29, 7), (29, 6), (28, 6), (27, 6), (27, 5), (27, 4), (27, 3), (26, 3), (25, 3), (24, 3), (23, 3), (22, 3), (21, 3), (21, 2), (21, 1), (20, 1), (19, 1), (18, 1), (17, 1), (17, 2), (16, 2), (15, 2), (14, 2), (13, 2), (13, 3), (12, 3), (11, 3), (11, 4), (11, 5), (10, 5), (9, 5), (9, 6), (8, 6), (7, 6), (6, 6), (6, 7), (6, 8), (6, 9), (5, 9), (5, 10), (5, 11), (5, 12), (5, 13), (5, 14), (5, 15), (6, 15), (6, 16), (6, 17), (5, 17), (5, 18), (5, 19), (4, 19), (3, 19), (2, 19), (2, 20), (2, 21), (3, 21), (3, 22), (4, 22), (5, 22), (6, 22), (7, 22), (7, 21), (8, 21), (9, 21), (10, 21), (11, 21), (11, 22), (11, 23), (11, 24), (11, 25), (11, 26), (11, 27), (12, 27), (13, 27), (14, 27), (15, 27), (16, 27), (17, 27), (18, 27), (19, 27), (19, 26), (20, 26), (21, 26), (21, 27), (22, 27), (23, 27), (23, 28), (23, 29), (23, 30), (23, 31), (24, 31), (25, 31), (26, 31), (27, 31), (28, 31), (29, 31), (29, 30), (29, 29), (30, 29), (31, 29), (31, 28), (31, 27), (30, 27), (30, 26), (30, 25), (30, 24), (30, 23), (29, 23), (28, 23), (27, 23), (27, 24), (27, 25), (26, 25), (25, 25), (24, 25), (23, 25), (23, 24), (23, 23), (22, 23), (22, 22), (22, 21), (22, 20), (22, 19), (21, 19), (21, 18), (21, 17), (20, 17), (19, 17), (18, 17), (18, 16), (18, 15), (19, 15), (19, 15)], 1: [(22, 7), (23, 7), (23, 8), (23, 9), (24, 9), (25, 9), (26, 9), (27, 9), (27, 10), (27, 11), (27, 12), (27, 13), (27, 14), (28, 14), (28, 14)]}, 141)