

CBSS-C STATS
starts:[35, 107, 425, 79, 25]
targets:[348, 761, 861, 5, 435, 767, 114, 274, 811, 982]
dests:[287, 490, 881, 734, 37]
ac_dict:{348: {0, 1}, 761: {1, 2}, 861: {2, 3}, 5: {3, 4}, 287: {0}, 490: {1}, 881: {2}, 734: {3}, 37: {4}}
clusters:[4 2 2 1 3 0 3 1 1 0]

round: 1
best_g_value: 166.0
open_list_size: 0
num_low_level_expanded: 426
search_success: 1
search_time: 0.297056641895324
n_tsp_call: 1
n_tsp_time: 0.2744886949658394
n_roots: 1
num_conflicts: 0
target_assignment: {348: 0, 811: 2, 435: 3, 767: 3, 861: 3}
cluster_target_selection: {4: 348, 1: 811, 3: 435, 0: 767, 2: 861}
num_nodes_transformed_graph: 48
agent_paths:({0: [(3, 1), (3, 2), (3, 3), (3, 4), (3, 5), (4, 5), (5, 5), (6, 5), (7, 5), (7, 6), (8, 6), (9, 6), (10, 6), (11, 6), (11, 5), (12, 5), (13, 5), (14, 5), (15, 5), (16, 5), (17, 5), (18, 5), (19, 5), (19, 6), (19, 7), (20, 7), (21, 7), (22, 7), (23, 7), (23, 8), (23, 9), (24, 9), (25, 9), (26, 9), (27, 9), (27, 10), (28, 10), (29, 10), (29, 9), (30, 9), (31, 9), (31, 8), (31, 8)], 1: [(11, 3), (11, 4), (11, 5), (12, 5), (13, 5), (13, 6), (13, 7), (14, 7), (14, 8), (14, 9), (13, 9), (13, 10), (13, 11), (12, 11), (11, 11), (10, 11), (9, 11), (9, 12), (9, 13), (10, 13), (10, 14), (10, 15), (10, 15)], 2: [(9, 13), (10, 13), (11, 13), (11, 14), (11, 15), (11, 16), (11, 17), (11, 18), (11, 19), (10, 19), (9, 19), (9, 20), (9, 21), (10, 21), (11, 21), (11, 22), (11, 23), (11, 24), (11, 25), (11, 26), (11, 27), (12, 27), (13, 27), (14, 27), (15, 27), (16, 27), (17, 27), (17, 27)], 3: [(15, 2), (15, 3), (14, 3), (14, 4), (14, 5), (15, 5), (16, 5), (17, 5), (18, 5), (18, 6), (18, 7), (18, 8), (18, 9), (18, 10), (18, 11), (18, 12), (18, 13), (19, 13), (20, 13), (21, 13), (22, 13), (22, 14), (22, 15), (22, 16), (22, 17), (23, 17), (23, 18), (24, 18), (25, 18), (26, 18), (27, 18), (28, 18), (29, 18), (30, 18), (31, 18), (31, 19), (31, 20), (31, 21), (31, 22), (31, 23), (30, 23), (30, 24), (30, 25), (29, 25), (29, 26), (29, 25), (30, 25), (30, 24), (30, 23), (30, 22), (30, 22)], 4: [(25, 0), (25, 1), (25, 2), (25, 3), (24, 3), (23, 3), (22, 3), (21, 3), (21, 2), (21, 1), (20, 1), (19, 1), (18, 1), (17, 1), (17, 2), (16, 2), (15, 2), (14, 2), (13, 2), (13, 3), (12, 3), (11, 3), (10, 3), (9, 3), (9, 2), (9, 1), (8, 1), (7, 1), (6, 1), (5, 1), (5, 1)]}, 49)