

CBSS-C STATS
starts:[279, 194, 235, 35, 109]
targets:[682, 951, 197, 981, 270, 815, 345, 74, 485, 545, 463, 77, 424, 591, 727, 750, 37, 706, 239, 90]
dests:[550, 811, 339, 1009, 85]
ac_dict:{682: {0, 1}, 951: {1, 2}, 197: {2, 3}, 981: {3, 4}, 550: {0}, 811: {1}, 339: {2}, 1009: {3}, 85: {4}}
clusters:[19 13 18  4  0  2  7  9  6 17  1  8 14  3 10 15 16 12  5 11]

round: 5
best_g_value: 237.0
open_list_size: 10
num_low_level_expanded: 4455
search_success: 1
search_time: 12.768943784001749
n_tsp_call: 76
n_tsp_time: 11.80861058802111
n_roots: 4
num_conflicts: 7
target_assignment: {345: 0, 463: 0, 424: 0, 197: 3, 37: 3, 74: 3, 239: 3, 591: 3, 727: 3, 981: 3, 270: 2, 77: 4, 90: 4, 485: 1, 545: 1, 706: 1, 682: 1, 750: 1, 815: 1, 951: 1}
cluster_target_selection: {7: 345, 1: 463, 14: 424, 18: 197, 16: 37, 9: 74, 5: 239, 3: 591, 10: 727, 4: 981, 0: 270, 8: 77, 11: 90, 6: 485, 17: 545, 12: 706, 19: 682, 15: 750, 2: 815, 13: 951}
num_nodes_transformed_graph: 54
agent_paths:({0: [(23, 8), (23, 9), (24, 9), (25, 9), (25, 10), (25, 9), (24, 9), (23, 9), (22, 9), (21, 9), (21, 10), (21, 11), (20, 11), (19, 11), (18, 11), (18, 12), (18, 13), (17, 13), (17, 14), (16, 14), (15, 14), (14, 14), (13, 14), (12, 14), (11, 14), (10, 14), (9, 14), (9, 13), (8, 13), (7, 13), (6, 13), (6, 14), (6, 15), (6, 16), (6, 17), (6, 17)], 1: [(2, 6), (3, 6), (3, 5), (4, 5), (5, 5), (5, 6), (5, 7), (6, 7), (6, 8), (6, 9), (5, 9), (5, 10), (5, 11), (5, 12), (5, 13), (5, 14), (5, 15), (6, 15), (6, 16), (6, 17), (5, 17), (5, 18), (5, 19), (4, 19), (3, 19), (2, 19), (1, 19), (1, 18), (1, 17), (2, 17), (2, 18), (2, 19), (2, 20), (2, 21), (2, 22), (3, 22), (4, 22), (5, 22), (5, 21), (6, 21), (7, 21), (8, 21), (9, 21), (10, 21), (11, 21), (11, 22), (11, 23), (12, 23), (13, 23), (14, 23), (15, 23), (15, 24), (15, 25), (15, 26), (15, 27), (16, 27), (17, 27), (18, 27), (19, 27), (19, 26), (20, 26), (21, 26), (22, 26), (23, 26), (23, 27), (23, 28), (23, 29), (23, 28), (23, 27), (22, 27), (21, 27), (21, 26), (20, 26), (19, 26), (18, 26), (17, 26), (17, 27), (16, 27), (15, 27), (14, 27), (13, 27), (12, 27), (11, 27), (11, 26), (11, 25), (11, 25)], 2: [(11, 7), (11, 6), (11, 5), (12, 5), (13, 5), (14, 5), (14, 6), (14, 7), (14, 8), (14, 9), (15, 9), (16, 9), (17, 9), (18, 9), (19, 9), (19, 10), (19, 10)], 3: [(3, 1), (3, 2), (3, 3), (3, 4), (3, 5), (4, 5), (5, 5), (5, 6), (5, 5), (6, 5), (6, 4), (6, 3), (5, 3), (5, 2), (5, 1), (6, 1), (7, 1), (8, 1), (9, 1), (10, 1), (10, 2), (11, 2), (11, 3), (12, 3), (13, 3), (14, 3), (14, 4), (14, 5), (15, 5), (15, 6), (15, 7), (14, 7), (14, 8), (14, 9), (15, 9), (16, 9), (17, 9), (17, 10), (17, 11), (18, 11), (18, 12), (18, 13), (18, 14), (18, 15), (18, 16), (18, 17), (17, 17), (17, 18), (16, 18), (15, 18), (16, 18), (17, 18), (18, 18), (19, 18), (19, 17), (20, 17), (21, 17), (22, 17), (22, 18), (22, 19), (22, 20), (22, 21), (23, 21), (23, 22), (23, 23), (23, 24), (23, 25), (23, 26), (23, 26), (23, 27), (23, 28), (23, 29), (22, 29), (21, 29), (21, 30), (21, 31), (20, 31), (19, 31), (18, 31), (17, 31), (17, 31)], 4: [(13, 3), (13, 2), (14, 2), (15, 2), (16, 2), (17, 2), (18, 2), (19, 2), (19, 1), (20, 1), (21, 1), (22, 1), (23, 1), (23, 2), (23, 3), (24, 3), (25, 3), (25, 2), (26, 2), (25, 2), (25, 3), (24, 3), (23, 3), (22, 3), (21, 3), (21, 2), (21, 2)]}, 84)