

CBSS-C STATS
starts:[86, 357, 348, 638, 93]
targets:[802, 172, 430, 454, 87, 687, 894, 565, 701, 969]
dests:[192, 642, 635, 602, 691]
ac_dict:{802: {0, 1}, 172: {1, 2}, 430: {2, 3}, 454: {3, 4}, 192: {0}, 642: {1}, 635: {2}, 602: {3}, 691: {4}}
clusters:[2 1 2 0 4 2 1 0 2 3]

round: 4
best_g_value: 144.0
open_list_size: 3
num_low_level_expanded: 826
search_success: 1
search_time: 2.076815700158477
n_tsp_call: 10
n_tsp_time: 1.9552383767440915
n_roots: 1
num_conflicts: 3
target_assignment: {87: 0, 894: 3, 565: 4, 969: 1, 802: 1}
cluster_target_selection: {4: 87, 1: 894, 0: 565, 3: 969, 2: 802}
num_nodes_transformed_graph: 48
agent_paths:({0: [(22, 2), (23, 2), (22, 2), (21, 2), (21, 1), (20, 1), (19, 1), (18, 1), (17, 1), (17, 2), (16, 2), (15, 2), (14, 2), (13, 2), (13, 3), (12, 3), (11, 3), (11, 4), (11, 5), (10, 5), (9, 5), (9, 6), (8, 6), (7, 6), (6, 6), (5, 6), (5, 5), (4, 5), (3, 5), (2, 5), (1, 5), (1, 6), (0, 6), (0, 6)], 1: [(5, 11), (5, 12), (5, 13), (6, 13), (6, 14), (6, 15), (6, 16), (6, 17), (7, 17), (7, 18), (8, 18), (9, 18), (9, 19), (9, 20), (9, 21), (9, 22), (9, 23), (10, 23), (11, 23), (11, 24), (11, 25), (10, 25), (10, 26), (10, 27), (10, 28), (10, 29), (9, 29), (9, 30), (8, 30), (7, 30), (6, 30), (5, 30), (4, 30), (3, 30), (3, 29), (3, 28), (3, 27), (2, 27), (2, 26), (2, 25), (1, 25), (1, 24), (1, 23), (1, 22), (1, 21), (2, 21), (2, 20), (2, 20)], 2: [(28, 10), (27, 10), (27, 11), (27, 12), (27, 13), (27, 14), (27, 15), (27, 16), (27, 17), (27, 18), (27, 19), (27, 19)], 3: [(30, 19), (31, 19), (31, 20), (31, 21), (30, 21), (30, 22), (30, 23), (30, 24), (30, 25), (30, 26), (30, 27), (30, 26), (30, 25), (30, 24), (30, 23), (30, 22), (30, 21), (31, 21), (31, 20), (31, 19), (30, 19), (29, 19), (29, 18), (28, 18), (27, 18), (26, 18), (26, 18)], 4: [(29, 2), (28, 2), (27, 2), (27, 3), (27, 4), (27, 5), (26, 5), (25, 5), (25, 6), (25, 7), (25, 8), (25, 9), (24, 9), (23, 9), (22, 9), (22, 10), (22, 11), (22, 12), (22, 13), (22, 14), (22, 15), (22, 16), (22, 17), (21, 17), (21, 18), (21, 19), (22, 19), (22, 20), (22, 21), (21, 21), (20, 21), (19, 21), (19, 21)]}, 46)