

CBSS-C STATS
starts:[611, 176, 365, 464, 734, 1021, 3]
targets:[639, 302, 745, 879, 353, 461, 490, 642, 198, 853]
dests:[506, 742, 937, 288, 451, 715, 202]
ac_dict:{639: {0, 1}, 302: {1, 2}, 745: {2, 3}, 879: {3, 4}, 353: {4, 5}, 461: {5, 6}, 506: {0}, 742: {1}, 937: {2}, 288: {3}, 451: {4}, 715: {5}, 202: {6}}
clusters:[1 2 8 6 0 9 3 4 5 7]

round: 10
best_g_value: 267.0
open_list_size: 11
num_low_level_expanded: 4146
search_success: 1
search_time: 6.180698900003335
n_tsp_call: 28
n_tsp_time: 5.4810889679502
n_roots: 2
num_conflicts: 10
target_assignment: {639: 0, 198: 6, 461: 5, 353: 5, 490: 2, 745: 2, 853: 4, 879: 4, 642: 4, 302: 1}
cluster_target_selection: {1: 639, 5: 198, 9: 461, 0: 353, 3: 490, 8: 745, 7: 853, 6: 879, 4: 642, 2: 302}
num_nodes_transformed_graph: 54
agent_paths:({0: [(3, 19), (4, 19), (5, 19), (6, 19), (7, 19), (7, 18), (8, 18), (9, 18), (9, 19), (9, 20), (9, 21), (10, 21), (11, 21), (11, 22), (11, 23), (12, 23), (13, 23), (13, 22), (14, 22), (15, 22), (16, 22), (17, 22), (17, 21), (18, 21), (19, 21), (20, 21), (21, 21), (22, 21), (22, 20), (22, 19), (23, 19), (23, 18), (24, 18), (25, 18), (26, 18), (27, 18), (28, 18), (29, 18), (30, 18), (31, 18), (31, 19), (30, 19), (29, 19), (29, 18), (28, 18), (27, 18), (27, 17), (27, 16), (27, 15), (26, 15), (26, 15)], 1: [(16, 5), (15, 5), (14, 5), (14, 6), (14, 7), (14, 8), (14, 9), (13, 9), (13, 10), (13, 11), (12, 11), (11, 11), (10, 11), (9, 11), (9, 12), (9, 13), (9, 14), (9, 15), (10, 15), (11, 15), (11, 16), (11, 17), (10, 17), (9, 17), (9, 18), (9, 19), (9, 20), (9, 21), (8, 21), (7, 21), (6, 21), (6, 22), (6, 23), (6, 23)], 2: [(13, 11), (12, 11), (11, 11), (10, 11), (9, 11), (9, 12), (9, 13), (10, 13), (10, 14), (10, 15), (11, 15), (11, 16), (11, 17), (10, 17), (9, 17), (9, 18), (9, 19), (9, 20), (9, 21), (9, 22), (9, 23), (10, 23), (11, 23), (11, 24), (11, 25), (10, 25), (10, 26), (10, 27), (10, 28), (10, 29), (9, 29), (9, 29)], 3: [(16, 14), (15, 14), (14, 14), (13, 14), (12, 14), (11, 14), (10, 14), (9, 14), (9, 13), (8, 13), (7, 13), (6, 13), (5, 13), (5, 12), (5, 11), (5, 10), (4, 10), (3, 10), (2, 10), (1, 10), (1, 9), (0, 9), (0, 9)], 4: [(30, 22), (29, 22), (29, 23), (28, 23), (27, 23), (27, 24), (27, 25), (26, 25), (25, 25), (24, 25), (23, 25), (22, 25), (21, 25), (21, 26), (20, 26), (19, 26), (18, 26), (17, 26), (17, 27), (16, 27), (15, 27), (14, 27), (13, 27), (12, 27), (11, 27), (11, 26), (11, 25), (11, 24), (11, 23), (10, 23), (9, 23), (9, 22), (9, 21), (8, 21), (7, 21), (6, 21), (5, 21), (5, 22), (4, 22), (3, 22), (2, 22), (2, 21), (2, 20), (2, 19), (2, 18), (2, 17), (2, 16), (2, 15), (2, 14), (3, 14), (3, 14)], 5: [(29, 31), (28, 31), (27, 31), (26, 31), (25, 31), (24, 31), (23, 31), (23, 30), (23, 29), (23, 28), (23, 27), (23, 26), (23, 25), (23, 24), (23, 23), (22, 23), (22, 22), (22, 21), (22, 20), (22, 19), (21, 19), (21, 18), (21, 17), (20, 17), (19, 17), (18, 17), (18, 16), (18, 15), (17, 15), (17, 14), (16, 14), (15, 14), (14, 14), (13, 14), (12, 14), (11, 14), (10, 14), (9, 14), (9, 13), (8, 13), (7, 13), (6, 13), (5, 13), (5, 12), (5, 11), (5, 10), (4, 10), (3, 10), (2, 10), (1, 10), (1, 11), (2, 11), (3, 11), (3, 10), (4, 10), (5, 10), (5, 11), (5, 12), (5, 13), (6, 13), (6, 14), (6, 15), (6, 16), (6, 17), (7, 17), (7, 18), (8, 18), (9, 18), (9, 19), (9, 20), (9, 21), (10, 21), (11, 21), (11, 22), (11, 22)], 6: [(3, 0), (3, 1), (3, 2), (3, 3), (3, 4), (3, 5), (4, 5), (5, 5), (6, 5), (6, 6), (7, 6), (8, 6), (9, 6), (10, 6), (10, 6)]}, 73)