

CBSS-C STATS
starts:[625, 182, 831, 974, 832]
targets:[867, 443, 305, 933, 795, 967, 81, 485, 422, 190]
dests:[29, 570, 87, 221, 720]
ac_dict:{867: {0, 1}, 443: {1, 2}, 305: {2, 3}, 933: {3, 4}, 29: {0}, 570: {1}, 87: {2}, 221: {3}, 720: {4}}
clusters:[2 1 4 3 2 1 3 3 3 0]

round: 1
best_g_value: 171.0
open_list_size: 0
num_low_level_expanded: 533
search_success: 1
search_time: 0.19537161104381084
n_tsp_call: 1
n_tsp_time: 0.17297594901174307
n_roots: 1
num_conflicts: 0
target_assignment: {190: 0, 795: 2, 305: 2, 81: 2, 443: 1}
cluster_target_selection: {0: 190, 2: 795, 4: 305, 3: 81, 1: 443}
num_nodes_transformed_graph: 48
agent_paths:({0: [(17, 19), (17, 18), (17, 17), (18, 17), (18, 16), (18, 15), (18, 14), (18, 13), (18, 12), (18, 11), (19, 11), (20, 11), (21, 11), (21, 10), (21, 9), (22, 9), (23, 9), (24, 9), (25, 9), (25, 8), (25, 7), (25, 6), (26, 6), (27, 6), (28, 6), (29, 6), (29, 5), (30, 5), (30, 4), (30, 3), (29, 3), (29, 2), (29, 1), (29, 0), (29, 0)], 1: [(22, 5), (23, 5), (23, 6), (23, 7), (23, 8), (23, 9), (24, 9), (25, 9), (26, 9), (27, 9), (27, 10), (27, 11), (27, 12), (27, 13), (27, 14), (27, 15), (27, 16), (27, 17), (26, 17), (26, 17)], 2: [(31, 25), (30, 25), (30, 24), (30, 23), (29, 23), (28, 23), (27, 23), (27, 24), (27, 23), (27, 22), (27, 21), (27, 20), (27, 19), (26, 19), (25, 19), (25, 18), (24, 18), (23, 18), (22, 18), (21, 18), (21, 17), (20, 17), (19, 17), (18, 17), (18, 16), (18, 15), (18, 14), (18, 13), (18, 12), (18, 11), (17, 11), (17, 10), (17, 9), (16, 9), (15, 9), (14, 9), (14, 8), (14, 7), (14, 6), (14, 5), (14, 4), (14, 3), (14, 2), (15, 2), (16, 2), (17, 2), (18, 2), (19, 2), (19, 1), (20, 1), (21, 1), (22, 1), (23, 1), (23, 2), (23, 2)], 3: [(14, 30), (15, 30), (15, 31), (16, 31), (17, 31), (17, 30), (17, 29), (18, 29), (18, 28), (18, 27), (18, 26), (19, 26), (20, 26), (21, 26), (21, 25), (22, 25), (23, 25), (23, 24), (23, 23), (23, 22), (23, 21), (22, 21), (22, 20), (22, 19), (22, 18), (22, 17), (22, 16), (22, 15), (22, 14), (22, 13), (22, 12), (22, 11), (22, 10), (22, 9), (23, 9), (24, 9), (25, 9), (25, 8), (25, 7), (25, 6), (26, 6), (27, 6), (28, 6), (29, 6), (29, 6)], 4: [(0, 26), (1, 26), (1, 25), (1, 24), (1, 23), (1, 22), (2, 22), (3, 22), (4, 22), (5, 22), (6, 22), (7, 22), (7, 21), (8, 21), (9, 21), (10, 21), (11, 21), (11, 22), (11, 23), (12, 23), (13, 23), (13, 22), (14, 22), (15, 22), (16, 22), (16, 22)]}, 53)