

CBSS-C STATS
starts:[464, 117, 183, 634, 470]
targets:[177, 458, 477, 201, 1012, 851, 967, 765, 205, 406]
dests:[895, 742, 460, 242, 253]
ac_dict:{177: {0, 1}, 458: {1, 2}, 477: {2, 3}, 201: {3, 4}, 895: {0}, 742: {1}, 460: {2}, 242: {3}, 253: {4}}
clusters:[1 0 0 0 0 1 1 0 0 1]

round: 3
best_g_value: 127.0
open_list_size: 2
num_low_level_expanded: 540
search_success: 1
search_time: 0.16452967887744308
n_tsp_call: 1
n_tsp_time: 0.1401435206644237
n_roots: 1
num_conflicts: 2
target_assignment: {765: 0, 406: 2}
cluster_target_selection: {0: 765, 1: 406}
num_nodes_transformed_graph: 48
agent_paths:({0: [(16, 14), (17, 14), (18, 14), (18, 15), (18, 16), (18, 17), (19, 17), (20, 17), (21, 17), (22, 17), (23, 17), (23, 18), (24, 18), (25, 18), (26, 18), (27, 18), (27, 19), (27, 20), (27, 21), (27, 22), (27, 23), (28, 23), (29, 23), (30, 23), (30, 24), (30, 25), (31, 25), (31, 26), (31, 27), (31, 27)], 1: [(21, 3), (21, 2), (21, 1), (20, 1), (19, 1), (18, 1), (17, 1), (17, 2), (16, 2), (15, 2), (14, 2), (14, 3), (14, 4), (14, 5), (14, 6), (14, 7), (14, 8), (14, 9), (13, 9), (13, 10), (13, 11), (12, 11), (11, 11), (10, 11), (9, 11), (9, 12), (9, 13), (9, 14), (9, 15), (10, 15), (11, 15), (11, 16), (11, 17), (10, 17), (9, 17), (9, 18), (9, 19), (9, 20), (9, 21), (8, 21), (7, 21), (6, 21), (6, 22), (6, 23), (6, 23)], 2: [(23, 5), (23, 6), (23, 7), (23, 8), (23, 9), (23, 10), (22, 10), (22, 11), (22, 12), (22, 13), (21, 13), (20, 13), (19, 13), (18, 13), (17, 13), (17, 14), (16, 14), (15, 14), (14, 14), (13, 14), (12, 14), (12, 14)], 3: [(26, 19), (25, 19), (25, 18), (24, 18), (23, 18), (22, 18), (22, 17), (22, 16), (22, 15), (21, 15), (21, 14), (21, 13), (20, 13), (19, 13), (18, 13), (18, 12), (18, 11), (18, 10), (18, 9), (18, 8), (18, 7), (18, 7)], 4: [(22, 14), (22, 13), (22, 12), (22, 11), (22, 10), (22, 9), (23, 9), (24, 9), (25, 9), (25, 8), (25, 7), (26, 7), (27, 7), (27, 6), (28, 6), (29, 6), (29, 7), (29, 7)]}, 43)