

CBSS-C STATS
starts:[107, 430]
targets:[193, 305, 809, 827, 93, 690, 751, 714, 173, 675]
dests:[865, 692]
ac_dict:{193: {0, 1}, 865: {0}, 692: {1}}
clusters:[8 6 4 1 0 3 7 9 2 5]

round: 1
best_g_value: 164.0
open_list_size: 0
num_low_level_expanded: 421
search_success: 1
search_time: 0.01412269999855198
n_tsp_call: 1
n_tsp_time: 0.004134142000111751
n_roots: 1
num_conflicts: 0
target_assignment: {93: 0, 305: 0, 173: 0, 193: 0, 675: 0, 714: 1, 809: 1, 751: 1, 690: 1, 827: 1}
cluster_target_selection: {0: 93, 6: 305, 2: 173, 8: 193, 5: 675, 9: 714, 4: 809, 7: 751, 3: 690, 1: 827}
num_nodes_transformed_graph: 14
agent_paths:({0: [(11, 3), (12, 3), (13, 3), (13, 2), (14, 2), (15, 2), (16, 2), (17, 2), (18, 2), (19, 2), (19, 1), (20, 1), (21, 1), (22, 1), (23, 1), (23, 2), (23, 3), (24, 3), (25, 3), (25, 2), (26, 2), (27, 2), (28, 2), (29, 2), (28, 2), (27, 2), (27, 3), (27, 4), (27, 5), (26, 5), (25, 5), (25, 6), (25, 7), (25, 8), (25, 9), (24, 9), (23, 9), (22, 9), (21, 9), (21, 10), (21, 11), (20, 11), (19, 11), (18, 11), (17, 11), (17, 10), (17, 9), (16, 9), (15, 9), (14, 9), (14, 8), (14, 7), (13, 7), (13, 6), (13, 5), (12, 5), (11, 5), (10, 5), (9, 5), (9, 6), (8, 6), (7, 6), (6, 6), (5, 6), (5, 5), (4, 5), (3, 5), (2, 5), (1, 5), (1, 6), (2, 6), (3, 6), (3, 5), (4, 5), (5, 5), (5, 6), (5, 7), (6, 7), (6, 8), (6, 9), (5, 9), (5, 10), (5, 11), (5, 12), (5, 13), (5, 14), (5, 15), (6, 15), (6, 16), (6, 17), (5, 17), (5, 18), (5, 19), (4, 19), (3, 19), (2, 19), (2, 20), (2, 21), (3, 21), (2, 21), (1, 21), (1, 22), (1, 23), (1, 24), (1, 25), (1, 26), (1, 27), (1, 27)], 1: [(14, 13), (13, 13), (13, 14), (12, 14), (11, 14), (11, 15), (11, 16), (11, 17), (10, 17), (10, 18), (10, 19), (9, 19), (9, 20), (9, 21), (10, 21), (10, 22), (10, 23), (11, 23), (11, 24), (11, 25), (10, 25), (9, 25), (10, 25), (11, 25), (11, 24), (11, 23), (12, 23), (13, 23), (14, 23), (15, 23), (15, 22), (16, 22), (17, 22), (17, 21), (18, 21), (19, 21), (20, 21), (21, 21), (22, 21), (23, 21), (23, 22), (23, 23), (23, 24), (23, 25), (24, 25), (25, 25), (26, 25), (27, 25), (26, 25), (25, 25), (24, 25), (23, 25), (23, 24), (23, 23), (22, 23), (21, 23), (21, 22), (21, 21), (20, 21), (20, 21)]}, 106)