

CBSS-C STATS
starts:[510, 865, 314, 863, 205]
targets:[1006, 253, 218, 573, 737, 626, 303, 495, 313, 671]
dests:[845, 460, 824, 342, 220]
ac_dict:{1006: {0, 1}, 253: {1, 2}, 218: {2, 3}, 573: {3, 4}, 845: {0}, 460: {1}, 824: {2}, 342: {3}, 220: {4}}
clusters:[3 3 1 0 0 2 2 0 2 4]

round: 1
best_g_value: 138.0
open_list_size: 0
num_low_level_expanded: 355
search_success: 1
search_time: 0.06673371372744441
n_tsp_call: 1
n_tsp_time: 0.05021060211583972
n_roots: 1
num_conflicts: 0
target_assignment: {218: 2, 253: 2, 671: 2, 313: 4, 737: 1}
cluster_target_selection: {1: 218, 3: 253, 4: 671, 2: 313, 0: 737}
num_nodes_transformed_graph: 29
agent_paths:({0: [(30, 15), (29, 15), (29, 14), (28, 14), (27, 14), (27, 15), (27, 16), (27, 17), (26, 17), (25, 17), (25, 18), (24, 18), (23, 18), (22, 18), (22, 19), (22, 20), (22, 21), (21, 21), (20, 21), (19, 21), (18, 21), (17, 21), (17, 22), (16, 22), (15, 22), (15, 23), (15, 24), (15, 25), (14, 25), (13, 25), (13, 26), (13, 26)], 1: [(1, 27), (1, 26), (1, 25), (1, 24), (1, 23), (1, 22), (1, 21), (2, 21), (2, 20), (2, 19), (3, 19), (4, 19), (5, 19), (5, 18), (6, 18), (7, 18), (8, 18), (9, 18), (9, 17), (10, 17), (11, 17), (11, 16), (11, 15), (11, 14), (12, 14), (12, 14)], 2: [(26, 9), (25, 9), (25, 8), (25, 7), (25, 6), (26, 6), (27, 6), (28, 6), (29, 6), (29, 7), (30, 7), (31, 7), (31, 8), (31, 9), (31, 10), (31, 11), (31, 12), (31, 13), (31, 14), (31, 15), (31, 16), (31, 17), (31, 18), (31, 19), (31, 20), (31, 21), (30, 21), (29, 21), (29, 22), (29, 23), (28, 23), (27, 23), (27, 24), (27, 25), (26, 25), (25, 25), (24, 25), (24, 25)], 3: [(31, 26), (30, 26), (30, 25), (30, 24), (30, 23), (29, 23), (28, 23), (27, 23), (27, 22), (27, 21), (27, 20), (27, 19), (26, 19), (25, 19), (25, 18), (24, 18), (23, 18), (22, 18), (22, 17), (22, 16), (22, 15), (22, 14), (22, 13), (22, 12), (22, 11), (22, 10), (22, 10)], 4: [(13, 6), (14, 6), (15, 6), (15, 5), (16, 5), (17, 5), (18, 5), (19, 5), (19, 6), (19, 7), (20, 7), (21, 7), (22, 7), (23, 7), (23, 8), (23, 9), (24, 9), (25, 9), (25, 8), (25, 7), (25, 6), (26, 6), (27, 6), (28, 6), (28, 6)]}, 36)