

CBSS-C STATS
starts:[631, 881, 569, 373, 893]
targets:[711, 167, 842, 475, 42, 821, 873, 783, 595, 501]
dests:[567, 499, 675, 453, 193]
ac_dict:{711: {0, 1}, 167: {1, 2}, 842: {2, 3}, 475: {3, 4}, 567: {0}, 499: {1}, 675: {2}, 453: {3}, 193: {4}}
clusters:[1 0 0 1 1 1 0 0 1 1]

round: 4
best_g_value: 136.0
open_list_size: 3
num_low_level_expanded: 1002
search_success: 1
search_time: 0.7247189562767744
n_tsp_call: 7
n_tsp_time: 0.6151146218180656
n_roots: 1
num_conflicts: 3
target_assignment: {501: 4, 783: 2}
cluster_target_selection: {1: 501, 0: 783}
num_nodes_transformed_graph: 48
agent_paths:({0: [(23, 19), (23, 18), (23, 17), (23, 17)], 1: [(17, 27), (17, 26), (18, 26), (19, 26), (20, 26), (21, 26), (21, 25), (22, 25), (23, 25), (23, 24), (23, 23), (22, 23), (22, 22), (22, 21), (22, 20), (22, 19), (21, 19), (21, 18), (21, 17), (20, 17), (19, 17), (18, 17), (18, 16), (18, 15), (19, 15), (19, 15)], 2: [(25, 17), (25, 18), (24, 18), (23, 18), (22, 18), (22, 19), (22, 20), (22, 21), (21, 21), (20, 21), (19, 21), (18, 21), (17, 21), (17, 22), (16, 22), (15, 22), (15, 23), (15, 24), (15, 23), (14, 23), (13, 23), (12, 23), (11, 23), (10, 23), (9, 23), (9, 22), (9, 21), (8, 21), (7, 21), (6, 21), (5, 21), (5, 22), (4, 22), (3, 22), (3, 21), (3, 21)], 3: [(21, 11), (20, 11), (19, 11), (18, 11), (18, 12), (18, 13), (17, 13), (17, 14), (16, 14), (15, 14), (14, 14), (13, 14), (12, 14), (11, 14), (10, 14), (9, 14), (9, 13), (8, 13), (7, 13), (6, 13), (5, 13), (5, 14), (5, 14)], 4: [(29, 27), (29, 26), (29, 25), (30, 25), (30, 24), (30, 23), (29, 23), (28, 23), (27, 23), (27, 22), (27, 21), (27, 20), (27, 19), (26, 19), (25, 19), (25, 18), (24, 18), (23, 18), (22, 18), (22, 17), (22, 16), (22, 15), (21, 15), (21, 14), (21, 13), (20, 13), (19, 13), (18, 13), (18, 12), (18, 11), (17, 11), (17, 10), (17, 9), (16, 9), (15, 9), (14, 9), (14, 8), (14, 7), (13, 7), (13, 6), (13, 5), (12, 5), (11, 5), (10, 5), (9, 5), (9, 6), (8, 6), (7, 6), (6, 6), (5, 6), (5, 5), (4, 5), (3, 5), (2, 5), (1, 5), (1, 6), (1, 6)]}, 55)