

CBSS-C STATS
starts:[680, 52, 245, 589, 214]
targets:[881, 965, 961, 105, 29, 171, 928, 914, 498, 973, 49, 375, 38, 963, 887, 242, 923, 547, 402, 99]
dests:[747, 334, 96, 562, 866]
ac_dict:{881: {0, 1}, 965: {1, 2}, 961: {2, 3}, 105: {3, 4}, 747: {0}, 334: {1}, 96: {2}, 562: {3}, 866: {4}}
clusters:[4 7 0 0 7 8 1 5 3 9 1 6 2 9 6 3 5 4 1 1]

round: 1
best_g_value: 170.0
open_list_size: 0
num_low_level_expanded: 386
search_success: 1
search_time: 3.8230853648856282
n_tsp_call: 1
n_tsp_time: 3.7901319582015276
n_roots: 1
num_conflicts: 0
target_assignment: {881: 0, 914: 0, 99: 2, 29: 1, 375: 1, 242: 4, 171: 4, 105: 4, 38: 4, 963: 4}
cluster_target_selection: {4: 881, 5: 914, 1: 99, 7: 29, 6: 375, 3: 242, 8: 171, 0: 105, 2: 38, 9: 963}
num_nodes_transformed_graph: 98
agent_paths:({0: [(8, 21), (9, 21), (10, 21), (11, 21), (11, 22), (11, 23), (12, 23), (13, 23), (14, 23), (15, 23), (15, 24), (15, 25), (15, 26), (15, 27), (16, 27), (17, 27), (18, 27), (18, 28), (18, 27), (17, 27), (16, 27), (15, 27), (14, 27), (13, 27), (12, 27), (11, 27), (11, 26), (11, 25), (11, 24), (11, 23), (11, 23)], 1: [(20, 1), (21, 1), (22, 1), (23, 1), (23, 2), (23, 3), (24, 3), (25, 3), (25, 2), (26, 2), (27, 2), (28, 2), (29, 2), (29, 1), (29, 0), (29, 1), (29, 2), (28, 2), (27, 2), (27, 3), (27, 4), (27, 5), (26, 5), (25, 5), (25, 6), (25, 7), (25, 8), (25, 9), (24, 9), (23, 9), (23, 10), (23, 11), (22, 11), (21, 11), (20, 11), (19, 11), (18, 11), (17, 11), (17, 10), (17, 9), (16, 9), (15, 9), (14, 9), (14, 10), (14, 10)], 2: [(21, 7), (20, 7), (19, 7), (18, 7), (17, 7), (17, 6), (17, 5), (16, 5), (15, 5), (14, 5), (13, 5), (12, 5), (11, 5), (10, 5), (9, 5), (9, 6), (8, 6), (7, 6), (6, 6), (5, 6), (5, 5), (4, 5), (3, 5), (3, 4), (3, 3), (2, 3), (1, 3), (0, 3), (0, 3)], 3: [(13, 18), (14, 18), (15, 18), (16, 18), (17, 18), (17, 17), (18, 17), (18, 17)], 4: [(22, 6), (21, 6), (21, 7), (20, 7), (19, 7), (18, 7), (17, 7), (17, 6), (17, 5), (16, 5), (15, 5), (14, 5), (13, 5), (12, 5), (11, 5), (11, 4), (11, 3), (10, 3), (9, 3), (9, 2), (9, 1), (8, 1), (7, 1), (6, 1), (6, 2), (6, 3), (6, 4), (6, 5), (6, 6), (6, 7), (6, 8), (6, 9), (5, 9), (5, 10), (5, 11), (5, 12), (5, 13), (5, 14), (5, 15), (6, 15), (6, 16), (6, 17), (5, 17), (5, 18), (5, 19), (4, 19), (3, 19), (2, 19), (2, 20), (2, 21), (2, 22), (2, 23), (1, 23), (1, 24), (1, 25), (2, 25), (3, 25), (3, 26), (3, 27), (3, 28), (3, 29), (3, 30), (3, 29), (3, 28), (3, 27), (2, 27), (2, 27)]}, 65)