

CBSS-C STATS
starts:[321, 185, 213, 127, 43]
targets:[530, 559, 478, 859, 613, 713, 998, 1014, 585, 77, 493, 818, 194, 855, 939, 831, 510, 841, 881, 81]
dests:[371, 291, 1003, 325, 62]
ac_dict:{530: {0, 1}, 559: {1, 2}, 478: {2, 3}, 859: {3, 4}, 371: {0}, 291: {1}, 1003: {2}, 325: {3}, 62: {4}}
clusters:[ 8  1 10  3 14 18  6  4 17 13 19 16  0 12 15  9  2  7  5 11]

round: 1
best_g_value: 270.0
open_list_size: 0
num_low_level_expanded: 667
search_success: 1
search_time: 2.3588108840049244
n_tsp_call: 1
n_tsp_time: 2.3109453689976363
n_roots: 1
num_conflicts: 0
target_assignment: {493: 0, 530: 0, 559: 2, 841: 2, 998: 2, 939: 2, 194: 1, 478: 3, 510: 3, 831: 3, 859: 3, 855: 3, 1014: 3, 818: 3, 881: 3, 713: 3, 585: 3, 613: 3, 77: 4, 81: 4}
cluster_target_selection: {19: 493, 8: 530, 1: 559, 7: 841, 6: 998, 15: 939, 0: 194, 10: 478, 2: 510, 9: 831, 3: 859, 12: 855, 4: 1014, 16: 818, 5: 881, 18: 713, 17: 585, 14: 613, 13: 77, 11: 81}
num_nodes_transformed_graph: 98
agent_paths:({0: [(1, 10), (2, 10), (3, 10), (4, 10), (5, 10), (5, 11), (5, 12), (5, 13), (6, 13), (7, 13), (8, 13), (9, 13), (10, 13), (11, 13), (11, 14), (12, 14), (13, 14), (13, 15), (14, 15), (15, 15), (15, 14), (16, 14), (17, 14), (18, 14), (18, 15), (18, 16), (18, 15), (18, 14), (18, 13), (18, 12), (18, 11), (19, 11), (19, 11)], 1: [(25, 5), (25, 6), (25, 7), (25, 8), (25, 9), (24, 9), (23, 9), (23, 8), (23, 7), (22, 7), (21, 7), (20, 7), (19, 7), (18, 7), (17, 7), (17, 6), (17, 5), (16, 5), (15, 5), (14, 5), (13, 5), (12, 5), (11, 5), (10, 5), (9, 5), (9, 6), (8, 6), (7, 6), (6, 6), (5, 6), (5, 5), (4, 5), (3, 5), (2, 5), (2, 6), (3, 6), (3, 5), (4, 5), (5, 5), (5, 6), (5, 7), (6, 7), (6, 8), (6, 9), (5, 9), (5, 10), (4, 10), (3, 10), (3, 9), (3, 9)], 2: [(21, 6), (21, 7), (20, 7), (19, 7), (18, 7), (18, 8), (18, 9), (18, 10), (18, 11), (18, 12), (18, 13), (18, 14), (18, 15), (18, 16), (18, 17), (17, 17), (17, 18), (16, 18), (15, 18), (15, 17), (15, 18), (16, 18), (17, 18), (17, 17), (18, 17), (19, 17), (20, 17), (21, 17), (21, 18), (21, 19), (22, 19), (22, 20), (22, 21), (21, 21), (20, 21), (19, 21), (18, 21), (17, 21), (17, 22), (16, 22), (15, 22), (14, 22), (13, 22), (13, 23), (12, 23), (11, 23), (11, 24), (11, 25), (10, 25), (9, 25), (9, 26), (9, 27), (10, 27), (10, 28), (10, 29), (9, 29), (9, 30), (8, 30), (7, 30), (6, 30), (6, 31), (6, 30), (7, 30), (8, 30), (9, 30), (9, 29), (10, 29), (11, 29), (11, 30), (11, 31), (11, 31)], 3: [(31, 3), (30, 3), (30, 4), (30, 5), (30, 6), (30, 7), (31, 7), (31, 8), (31, 9), (31, 10), (31, 11), (31, 12), (31, 13), (30, 13), (30, 14), (30, 15), (31, 15), (31, 16), (31, 17), (31, 18), (31, 19), (31, 20), (31, 21), (31, 22), (31, 23), (30, 23), (30, 24), (30, 25), (31, 25), (30, 25), (30, 24), (30, 23), (29, 23), (28, 23), (27, 23), (27, 24), (27, 25), (27, 26), (26, 26), (25, 26), (25, 25), (24, 25), (23, 25), (23, 26), (23, 27), (23, 28), (23, 29), (22, 29), (22, 30), (22, 31), (21, 31), (20, 31), (19, 31), (18, 31), (18, 30), (18, 29), (18, 28), (18, 27), (18, 26), (18, 25), (17, 25), (17, 26), (17, 27), (16, 27), (15, 27), (14, 27), (13, 27), (12, 27), (11, 27), (11, 26), (11, 25), (11, 24), (11, 23), (10, 23), (9, 23), (9, 22), (9, 21), (9, 20), (9, 19), (9, 18), (8, 18), (7, 18), (6, 18), (5, 18), (5, 19), (5, 18), (5, 17), (6, 17), (6, 16), (6, 15), (5, 15), (5, 14), (5, 13), (5, 12), (5, 11), (5, 10), (5, 10)], 4: [(11, 1), (11, 2), (11, 3), (12, 3), (13, 3), (13, 2), (14, 2), (15, 2), (16, 2), (17, 2), (17, 1), (18, 1), (19, 1), (20, 1), (21, 1), (22, 1), (23, 1), (23, 2), (23, 3), (24, 3), (25, 3), (25, 2), (26, 2), (27, 2), (28, 2), (29, 2), (29, 1), (30, 1), (30, 1)]}, 95)