

CBSS-C STATS
starts:[165, 94]
targets:[954, 343, 767, 372, 539, 82, 487, 97, 415, 710]
dests:[880, 436]
ac_dict:{954: {0, 1}, 880: {0}, 436: {1}}
clusters:[1 4 6 0 8 5 9 7 3 2]

round: 1
best_g_value: 156.0
open_list_size: 0
num_low_level_expanded: 305
search_success: 1
search_time: 0.01649657401139848
n_tsp_call: 1
n_tsp_time: 0.0047449519915971905
n_roots: 1
num_conflicts: 0
target_assignment: {97: 0, 487: 0, 710: 0, 82: 1, 415: 1, 767: 1, 954: 1, 539: 1, 343: 1, 372: 1}
cluster_target_selection: {7: 97, 9: 487, 2: 710, 5: 82, 3: 415, 6: 767, 1: 954, 8: 539, 4: 343, 0: 372}
num_nodes_transformed_graph: 14
agent_paths:({0: [(5, 5), (4, 5), (3, 5), (3, 4), (3, 3), (2, 3), (1, 3), (2, 3), (3, 3), (3, 4), (3, 5), (4, 5), (5, 5), (6, 5), (6, 6), (6, 7), (6, 8), (6, 9), (6, 10), (6, 11), (5, 11), (5, 12), (5, 13), (6, 13), (7, 13), (7, 14), (7, 15), (6, 15), (6, 16), (6, 17), (6, 18), (7, 18), (8, 18), (9, 18), (9, 19), (9, 20), (9, 21), (8, 21), (7, 21), (6, 21), (6, 22), (7, 22), (7, 21), (8, 21), (9, 21), (10, 21), (11, 21), (11, 22), (11, 23), (12, 23), (13, 23), (14, 23), (15, 23), (15, 24), (15, 25), (15, 26), (15, 27), (16, 27), (16, 27)], 1: [(30, 2), (29, 2), (28, 2), (27, 2), (26, 2), (25, 2), (25, 3), (24, 3), (23, 3), (22, 3), (21, 3), (21, 2), (21, 1), (20, 1), (19, 1), (18, 1), (18, 2), (19, 2), (19, 1), (20, 1), (21, 1), (22, 1), (23, 1), (23, 2), (23, 3), (24, 3), (25, 3), (26, 3), (27, 3), (27, 4), (27, 5), (27, 6), (28, 6), (29, 6), (30, 6), (31, 6), (31, 7), (31, 8), (31, 9), (31, 10), (31, 11), (31, 12), (31, 13), (31, 14), (31, 15), (31, 16), (31, 17), (31, 18), (31, 19), (31, 20), (31, 21), (31, 22), (31, 23), (30, 23), (29, 23), (28, 23), (27, 23), (27, 24), (27, 25), (27, 26), (27, 27), (27, 28), (27, 29), (26, 29), (27, 29), (27, 28), (27, 27), (27, 26), (27, 25), (27, 24), (27, 23), (27, 22), (27, 21), (27, 20), (27, 19), (27, 18), (27, 17), (27, 16), (27, 15), (27, 14), (27, 13), (27, 12), (27, 11), (26, 11), (25, 11), (25, 10), (25, 9), (24, 9), (23, 9), (23, 10), (22, 10), (21, 10), (21, 11), (20, 11), (19, 11), (18, 11), (18, 12), (18, 13), (19, 13), (20, 13), (20, 13)]}, 99)