

CBSS-C STATS
starts:[748, 603, 990, 594, 577]
targets:[613, 837, 1002, 312, 678, 691, 507, 102, 210, 101, 573, 869, 581, 474, 558, 494, 754, 817, 83, 707]
dests:[703, 604, 5, 361, 97]
ac_dict:{613: {0, 1}, 837: {1, 2}, 1002: {2, 3}, 312: {3, 4}, 703: {0}, 604: {1}, 5: {2}, 361: {3}, 97: {4}}
clusters:[ 3 17  1  8 18 15  4 13 19  7 11  6  0  5 12 16 14  2 10  9]

round: 122
best_g_value: 264.0
open_list_size: 239
num_low_level_expanded: 151889
search_success: 1
search_time: 514.5402704640001
n_tsp_call: 726
n_tsp_time: 494.14932156279974
n_roots: 60
num_conflicts: 180
target_assignment: {613: 0, 494: 0, 507: 0, 474: 0, 573: 0, 691: 2, 754: 2, 817: 2, 1002: 2, 837: 2, 869: 2, 707: 2, 678: 2, 102: 2, 101: 2, 558: 3, 312: 3, 210: 3, 83: 3, 581: 4}
cluster_target_selection: {3: 613, 16: 494, 4: 507, 5: 474, 11: 573, 15: 691, 14: 754, 2: 817, 1: 1002, 17: 837, 6: 869, 9: 707, 18: 678, 13: 102, 7: 101, 12: 558, 8: 312, 19: 210, 10: 83, 0: 581}
num_nodes_transformed_graph: 98
agent_paths:({0: [(12, 23), (11, 23), (10, 23), (9, 23), (9, 22), (9, 21), (9, 20), (9, 19), (9, 18), (8, 18), (7, 18), (6, 18), (5, 18), (5, 19), (5, 18), (6, 18), (7, 18), (8, 18), (9, 18), (9, 17), (10, 17), (11, 17), (11, 16), (11, 15), (11, 14), (12, 14), (13, 14), (14, 14), (14, 15), (15, 15), (15, 14), (16, 14), (17, 14), (18, 14), (18, 15), (18, 16), (18, 17), (19, 17), (20, 17), (21, 17), (22, 17), (23, 17), (23, 18), (24, 18), (25, 18), (25, 17), (26, 17), (27, 17), (27, 16), (27, 15), (26, 15), (26, 14), (27, 14), (28, 14), (29, 14), (29, 15), (30, 15), (31, 15), (31, 16), (31, 17), (30, 17), (29, 17), (30, 17), (31, 17), (31, 18), (31, 19), (31, 20), (31, 21), (31, 21)], 1: [(27, 18), (28, 18), (28, 18)], 2: [(30, 30), (29, 30), (29, 31), (28, 31), (27, 31), (26, 31), (25, 31), (24, 31), (23, 31), (23, 30), (23, 29), (23, 28), (23, 27), (23, 26), (23, 25), (23, 24), (23, 23), (22, 23), (21, 23), (21, 22), (21, 21), (20, 21), (19, 21), (18, 21), (18, 22), (18, 23), (17, 23), (17, 24), (17, 25), (17, 26), (17, 27), (16, 27), (15, 27), (14, 27), (13, 27), (12, 27), (11, 27), (10, 27), (10, 28), (10, 29), (10, 30), (10, 31), (9, 31), (9, 30), (8, 30), (7, 30), (6, 30), (5, 30), (4, 30), (3, 30), (3, 29), (3, 28), (3, 27), (3, 26), (4, 26), (5, 26), (5, 27), (5, 26), (4, 26), (3, 26), (3, 25), (2, 25), (1, 25), (1, 24), (1, 23), (1, 22), (2, 22), (3, 22), (4, 22), (5, 22), (5, 21), (6, 21), (7, 21), (8, 21), (9, 21), (9, 20), (9, 19), (9, 18), (8, 18), (7, 18), (6, 18), (6, 17), (6, 16), (6, 15), (6, 14), (6, 13), (5, 13), (5, 12), (5, 11), (5, 10), (5, 9), (6, 9), (6, 8), (6, 7), (6, 6), (6, 5), (6, 4), (6, 3), (5, 3), (5, 2), (5, 1), (5, 0), (5, 0)], 3: [(18, 18), (17, 18), (16, 18), (15, 18), (14, 18), (14, 17), (15, 17), (15, 18), (16, 18), (17, 18), (17, 17), (18, 17), (18, 16), (18, 15), (18, 14), (18, 13), (18, 12), (18, 11), (19, 11), (20, 11), (21, 11), (21, 10), (21, 9), (22, 9), (23, 9), (24, 9), (23, 9), (23, 8), (23, 7), (22, 7), (21, 7), (20, 7), (19, 7), (18, 7), (18, 6), (18, 5), (17, 5), (16, 5), (15, 5), (14, 5), (14, 4), (14, 3), (14, 2), (15, 2), (16, 2), (17, 2), (18, 2), (19, 2), (18, 2), (17, 2), (16, 2), (15, 2), (14, 2), (14, 3), (14, 4), (14, 5), (14, 6), (14, 7), (14, 8), (14, 9), (13, 9), (13, 10), (13, 11), (12, 11), (11, 11), (10, 11), (9, 11), (9, 11)], 4: [(1, 18), (2, 18), (3, 18), (3, 19), (4, 19), (5, 19), (5, 18), (5, 17), (6, 17), (6, 16), (6, 15), (5, 15), (5, 14), (5, 13), (5, 12), (5, 11), (5, 10), (5, 9), (6, 9), (6, 8), (6, 7), (5, 7), (5, 6), (5, 5), (4, 5), (3, 5), (3, 4), (3, 3), (2, 3), (1, 3), (1, 3)]}, 101)