

CBSS-C STATS
starts:[197, 304, 120, 943, 885]
targets:[614, 490, 209, 242, 437, 518, 587, 50, 70, 510]
dests:[615, 814, 103, 450, 986]
ac_dict:{614: {0, 1}, 490: {1, 2}, 209: {2, 3}, 242: {3, 4}, 615: {0}, 814: {1}, 103: {2}, 450: {3}, 986: {4}}
clusters:[1 0 0 0 0 0 1 1 1 0]

round: 1
best_g_value: 122.0
open_list_size: 0
num_low_level_expanded: 408
search_success: 1
search_time: 0.05626432504504919
n_tsp_call: 1
n_tsp_time: 0.03734572883695364
n_roots: 1
num_conflicts: 0
target_assignment: {518: 0, 614: 0}
cluster_target_selection: {0: 518, 1: 614}
num_nodes_transformed_graph: 29
agent_paths:({0: [(5, 6), (6, 6), (6, 7), (6, 8), (6, 9), (6, 10), (6, 11), (5, 11), (5, 12), (5, 13), (6, 13), (6, 14), (6, 15), (6, 16), (6, 17), (6, 18), (6, 19), (7, 19), (7, 19)], 1: [(16, 9), (17, 9), (17, 10), (17, 11), (18, 11), (18, 12), (18, 13), (18, 14), (18, 15), (18, 16), (18, 17), (19, 17), (20, 17), (21, 17), (21, 18), (21, 19), (22, 19), (22, 20), (22, 21), (21, 21), (20, 21), (19, 21), (18, 21), (17, 21), (17, 22), (16, 22), (15, 22), (15, 23), (15, 24), (15, 25), (14, 25), (14, 25)], 2: [(24, 3), (23, 3), (22, 3), (21, 3), (21, 2), (21, 1), (20, 1), (19, 1), (18, 1), (17, 1), (17, 2), (16, 2), (15, 2), (14, 2), (13, 2), (13, 3), (12, 3), (11, 3), (10, 3), (9, 3), (9, 2), (9, 1), (8, 1), (7, 1), (7, 2), (7, 3), (7, 3)], 3: [(15, 29), (15, 30), (15, 31), (16, 31), (17, 31), (17, 30), (17, 29), (18, 29), (18, 28), (18, 27), (17, 27), (16, 27), (15, 27), (14, 27), (13, 27), (12, 27), (11, 27), (11, 26), (11, 25), (11, 24), (11, 23), (10, 23), (9, 23), (9, 22), (9, 21), (9, 20), (9, 19), (9, 18), (8, 18), (7, 18), (6, 18), (5, 18), (5, 19), (4, 19), (3, 19), (2, 19), (2, 18), (2, 17), (2, 16), (2, 15), (2, 14), (2, 14)], 4: [(21, 27), (22, 27), (23, 27), (23, 28), (23, 29), (23, 30), (23, 31), (24, 31), (25, 31), (25, 30), (26, 30), (26, 30)]}, 40)