

CBSS-C STATS
starts:[1002, 833, 113, 713, 191, 319, 359]
targets:[337, 867, 582, 187, 805, 886, 751, 58, 689, 181]
dests:[612, 131, 115, 349, 183, 811, 826]
ac_dict:{337: {0, 1}, 867: {1, 2}, 582: {2, 3}, 187: {3, 4}, 805: {4, 5}, 886: {5, 6}, 612: {0}, 131: {1}, 115: {2}, 349: {3}, 183: {4}, 811: {5}, 826: {6}}
clusters:[6 2 5 8 7 4 9 3 0 1]

round: 3
best_g_value: 275.0
open_list_size: 5
num_low_level_expanded: 3964
search_success: 1
search_time: 2.678930729991407
n_tsp_call: 31
n_tsp_time: 2.347394650991191
n_roots: 3
num_conflicts: 3
target_assignment: {886: 6, 58: 4, 187: 4, 181: 4, 867: 1, 337: 1, 689: 5, 751: 5, 805: 5, 582: 3}
cluster_target_selection: {4: 886, 3: 58, 8: 187, 1: 181, 2: 867, 6: 337, 0: 689, 9: 751, 7: 805, 5: 582}
num_nodes_transformed_graph: 33
agent_paths:({0: [(10, 31), (10, 30), (10, 29), (10, 28), (10, 27), (10, 26), (10, 25), (11, 25), (11, 24), (11, 23), (10, 23), (9, 23), (9, 22), (9, 21), (9, 20), (9, 19), (9, 18), (8, 18), (7, 18), (6, 18), (5, 18), (5, 19), (4, 19), (4, 19)], 1: [(1, 26), (2, 26), (3, 26), (3, 27), (3, 26), (3, 25), (2, 25), (1, 25), (1, 24), (1, 23), (1, 22), (1, 21), (2, 21), (2, 20), (2, 19), (3, 19), (4, 19), (5, 19), (5, 18), (5, 17), (6, 17), (6, 16), (6, 15), (6, 14), (6, 13), (7, 13), (8, 13), (9, 13), (9, 12), (9, 11), (10, 11), (11, 11), (12, 11), (13, 11), (13, 10), (14, 10), (15, 10), (15, 9), (16, 9), (17, 9), (17, 10), (17, 9), (16, 9), (15, 9), (14, 9), (14, 8), (14, 7), (13, 7), (13, 6), (13, 5), (12, 5), (11, 5), (10, 5), (9, 5), (9, 6), (8, 6), (7, 6), (6, 6), (5, 6), (5, 5), (4, 5), (3, 5), (3, 4), (3, 4)], 2: [(17, 3), (18, 3), (19, 3), (19, 3)], 3: [(9, 22), (9, 21), (9, 20), (9, 19), (9, 18), (8, 18), (7, 18), (6, 18), (7, 18), (8, 18), (9, 18), (9, 17), (10, 17), (11, 17), (11, 16), (11, 15), (11, 14), (12, 14), (13, 14), (14, 14), (15, 14), (16, 14), (17, 14), (17, 13), (18, 13), (18, 12), (18, 11), (19, 11), (20, 11), (21, 11), (21, 10), (22, 10), (23, 10), (23, 9), (24, 9), (25, 9), (26, 9), (27, 9), (27, 10), (28, 10), (29, 10), (29, 10)], 4: [(31, 5), (30, 5), (30, 4), (30, 3), (29, 3), (29, 2), (28, 2), (27, 2), (26, 2), (26, 1), (27, 1), (27, 2), (27, 3), (27, 4), (27, 5), (26, 5), (25, 5), (25, 6), (25, 7), (25, 8), (25, 9), (24, 9), (23, 9), (23, 8), (23, 7), (22, 7), (21, 7), (21, 6), (21, 5), (22, 5), (23, 5), (23, 5)], 5: [(31, 9), (30, 9), (29, 9), (29, 10), (28, 10), (27, 10), (27, 11), (27, 12), (27, 13), (27, 14), (27, 15), (27, 16), (27, 17), (26, 17), (25, 17), (25, 18), (24, 18), (23, 18), (22, 18), (22, 19), (22, 20), (22, 21), (21, 21), (20, 21), (19, 21), (18, 21), (17, 21), (17, 22), (16, 22), (15, 22), (15, 23), (14, 23), (13, 23), (12, 23), (11, 23), (10, 23), (9, 23), (9, 22), (9, 21), (8, 21), (7, 21), (6, 21), (5, 21), (5, 22), (4, 22), (3, 22), (3, 23), (2, 23), (1, 23), (1, 24), (1, 25), (2, 25), (3, 25), (3, 26), (4, 26), (5, 26), (5, 25), (5, 26), (4, 26), (3, 26), (3, 27), (3, 28), (3, 29), (3, 30), (4, 30), (5, 30), (6, 30), (7, 30), (8, 30), (9, 30), (9, 29), (10, 29), (10, 28), (10, 27), (10, 26), (10, 25), (11, 25), (11, 25)], 6: [(7, 11), (6, 11), (5, 11), (5, 12), (5, 13), (6, 13), (7, 13), (8, 13), (9, 13), (10, 13), (11, 13), (11, 14), (12, 14), (13, 14), (14, 14), (15, 14), (16, 14), (17, 14), (18, 14), (18, 15), (18, 16), (18, 17), (19, 17), (20, 17), (21, 17), (22, 17), (22, 18), (22, 19), (22, 20), (22, 21), (22, 22), (22, 23), (23, 23), (23, 24), (23, 25), (22, 25), (22, 26), (22, 27), (22, 26), (22, 25), (23, 25), (24, 25), (25, 25), (26, 25), (26, 25)]}, 76)