

CBSS-C STATS
starts:[1010, 369, 490, 338, 301]
targets:[761, 675, 737, 378, 733, 52, 476, 321, 945, 166]
dests:[725, 201, 1011, 590, 335]
ac_dict:{761: {0, 1}, 675: {1, 2}, 737: {2, 3}, 378: {3, 4}, 725: {0}, 201: {1}, 1011: {2}, 590: {3}, 335: {4}}
clusters:[3 4 1 0 2 4 0 1 1 2]

round: 1
best_g_value: 129.0
open_list_size: 0
num_low_level_expanded: 323
search_success: 1
search_time: 0.6395288491621614
n_tsp_call: 1
n_tsp_time: 0.6228514849208295
n_roots: 1
num_conflicts: 0
target_assignment: {733: 0, 761: 0, 476: 0, 675: 2, 945: 2}
cluster_target_selection: {2: 733, 3: 761, 0: 476, 4: 675, 1: 945}
num_nodes_transformed_graph: 48
agent_paths:({0: [(18, 31), (18, 30), (18, 29), (18, 28), (18, 27), (18, 26), (19, 26), (20, 26), (21, 26), (21, 25), (22, 25), (23, 25), (24, 25), (25, 25), (26, 25), (27, 25), (27, 24), (27, 23), (28, 23), (29, 23), (29, 22), (29, 23), (28, 23), (27, 23), (26, 23), (25, 23), (25, 22), (25, 21), (26, 21), (27, 21), (27, 20), (27, 19), (27, 18), (27, 17), (27, 16), (27, 15), (27, 14), (28, 14), (27, 14), (27, 15), (27, 16), (27, 17), (26, 17), (25, 17), (25, 18), (24, 18), (23, 18), (22, 18), (22, 19), (22, 20), (22, 21), (21, 21), (21, 22), (21, 22)], 1: [(17, 11), (17, 10), (17, 9), (16, 9), (15, 9), (14, 9), (14, 8), (14, 7), (13, 7), (13, 6), (13, 5), (12, 5), (11, 5), (10, 5), (9, 5), (9, 6), (9, 6)], 2: [(10, 15), (11, 15), (11, 16), (11, 17), (10, 17), (9, 17), (9, 18), (8, 18), (7, 18), (6, 18), (5, 18), (5, 19), (4, 19), (3, 19), (2, 19), (2, 20), (2, 21), (3, 21), (3, 22), (4, 22), (5, 22), (6, 22), (7, 22), (7, 21), (8, 21), (9, 21), (10, 21), (11, 21), (11, 22), (11, 23), (12, 23), (13, 23), (14, 23), (15, 23), (15, 24), (15, 25), (15, 26), (15, 27), (16, 27), (17, 27), (18, 27), (18, 28), (18, 29), (17, 29), (18, 29), (19, 29), (19, 30), (19, 31), (19, 31)], 3: [(18, 10), (18, 11), (18, 12), (18, 13), (18, 14), (18, 15), (18, 16), (18, 17), (17, 17), (17, 18), (16, 18), (15, 18), (14, 18), (14, 18)], 4: [(13, 9), (14, 9), (15, 9), (15, 10), (15, 10)]}, 52)