

CBSS-C STATS
starts:[426, 879]
targets:[762, 53, 447, 827, 494, 463, 824, 947, 170, 989]
dests:[42, 455]
ac_dict:{762: {0, 1}, 42: {0}, 455: {1}}
clusters:[5 2 8 6 1 0 9 4 7 3]

round: 1
best_g_value: 143.0
open_list_size: 0
num_low_level_expanded: 411
search_success: 1
search_time: 0.02884597000957001
n_tsp_call: 1
n_tsp_time: 0.015649395994842052
n_roots: 1
num_conflicts: 0
target_assignment: {494: 0, 463: 0, 447: 0, 53: 0, 170: 0, 947: 1, 989: 1, 762: 1, 827: 1, 824: 1}
cluster_target_selection: {1: 494, 0: 463, 8: 447, 2: 53, 7: 170, 4: 947, 3: 989, 5: 762, 6: 827, 9: 824}
num_nodes_transformed_graph: 14
agent_paths:({0: [(10, 13), (11, 13), (11, 14), (12, 14), (13, 14), (14, 14), (14, 15), (14, 14), (15, 14), (16, 14), (17, 14), (17, 13), (18, 13), (19, 13), (20, 13), (21, 13), (22, 13), (22, 12), (22, 11), (23, 11), (23, 10), (23, 9), (24, 9), (25, 9), (26, 9), (27, 9), (27, 10), (28, 10), (29, 10), (30, 10), (31, 10), (31, 11), (31, 12), (31, 13), (31, 12), (31, 11), (31, 10), (31, 9), (31, 8), (31, 7), (30, 7), (29, 7), (29, 6), (28, 6), (27, 6), (27, 5), (27, 4), (27, 3), (26, 3), (25, 3), (24, 3), (23, 3), (22, 3), (21, 3), (21, 2), (21, 1), (20, 1), (19, 1), (18, 1), (17, 1), (17, 2), (16, 2), (15, 2), (14, 2), (13, 2), (13, 3), (12, 3), (11, 3), (11, 4), (11, 5), (10, 5), (11, 5), (11, 4), (11, 3), (10, 3), (10, 2), (10, 1), (10, 1)], 1: [(15, 27), (16, 27), (17, 27), (18, 27), (18, 28), (18, 29), (19, 29), (19, 30), (19, 31), (20, 31), (21, 31), (22, 31), (23, 31), (24, 31), (25, 31), (26, 31), (27, 31), (28, 31), (29, 31), (29, 30), (29, 31), (28, 31), (27, 31), (27, 30), (27, 29), (27, 28), (27, 27), (27, 26), (27, 25), (27, 24), (27, 23), (26, 23), (27, 23), (27, 24), (27, 25), (26, 25), (25, 25), (24, 25), (23, 25), (23, 24), (23, 23), (22, 23), (22, 22), (22, 21), (22, 20), (22, 19), (21, 19), (21, 18), (21, 17), (20, 17), (19, 17), (18, 17), (18, 16), (18, 15), (17, 15), (17, 14), (16, 14), (15, 14), (14, 14), (13, 14), (12, 14), (11, 14), (10, 14), (9, 14), (9, 13), (8, 13), (7, 13), (7, 14), (7, 14)]}, 76)