

CBSS-C STATS
starts:[319, 953, 321, 55, 241]
targets:[447, 729, 220, 378, 871, 570, 113, 172, 63, 362, 734, 33, 619, 609, 589, 949, 203, 889, 108, 307]
dests:[991, 680, 959, 723, 274]
ac_dict:{447: {0, 1}, 729: {1, 2}, 220: {2, 3}, 378: {3, 4}, 991: {0}, 680: {1}, 959: {2}, 723: {3}, 274: {4}}
clusters:[6 6 5 4 6 3 4 6 5 2 1 4 0 2 0 7 5 2 3 7]

round: 1
best_g_value: 156.0
open_list_size: 0
num_low_level_expanded: 425
search_success: 1
search_time: 0.44041340200055856
n_tsp_call: 1
n_tsp_time: 0.4096295170020312
n_roots: 1
num_conflicts: 0
target_assignment: {447: 0, 734: 0, 619: 1, 220: 3, 378: 3, 570: 3, 362: 2, 307: 2}
cluster_target_selection: {6: 447, 1: 734, 0: 619, 5: 220, 4: 378, 3: 570, 2: 362, 7: 307}
num_nodes_transformed_graph: 98
agent_paths:({0: [(31, 9), (31, 10), (31, 11), (31, 12), (31, 13), (31, 14), (31, 15), (31, 16), (31, 17), (31, 18), (31, 19), (31, 20), (31, 21), (30, 21), (30, 22), (30, 23), (30, 24), (30, 25), (31, 25), (31, 26), (31, 27), (31, 28), (31, 29), (31, 30), (31, 30)], 1: [(25, 29), (25, 30), (25, 31), (24, 31), (23, 31), (22, 31), (21, 31), (20, 31), (19, 31), (18, 31), (18, 30), (18, 29), (18, 28), (18, 27), (17, 27), (16, 27), (15, 27), (14, 27), (13, 27), (12, 27), (11, 27), (11, 26), (11, 25), (11, 24), (11, 23), (11, 22), (11, 21), (10, 21), (9, 21), (9, 20), (9, 19), (10, 19), (11, 19), (10, 19), (9, 19), (9, 20), (9, 21), (8, 21), (8, 21)], 2: [(1, 10), (2, 10), (3, 10), (4, 10), (5, 10), (6, 10), (7, 10), (7, 9), (8, 9), (9, 9), (10, 9), (10, 10), (10, 11), (11, 11), (12, 11), (13, 11), (13, 10), (13, 9), (14, 9), (15, 9), (16, 9), (17, 9), (18, 9), (19, 9), (19, 10), (19, 11), (20, 11), (21, 11), (22, 11), (22, 12), (22, 13), (22, 14), (22, 15), (22, 16), (22, 17), (23, 17), (23, 18), (24, 18), (25, 18), (26, 18), (27, 18), (27, 19), (27, 20), (27, 21), (27, 22), (27, 23), (28, 23), (29, 23), (30, 23), (30, 24), (30, 25), (31, 25), (31, 26), (31, 27), (31, 28), (31, 29), (31, 29)], 3: [(23, 1), (23, 2), (23, 3), (24, 3), (25, 3), (26, 3), (27, 3), (27, 4), (27, 5), (27, 6), (28, 6), (27, 6), (26, 6), (26, 7), (25, 7), (25, 8), (25, 9), (26, 9), (26, 10), (26, 11), (27, 11), (27, 12), (27, 13), (27, 14), (27, 15), (27, 16), (27, 17), (26, 17), (25, 17), (25, 18), (24, 18), (23, 18), (22, 18), (22, 19), (22, 20), (22, 21), (21, 21), (20, 21), (19, 21), (19, 22), (19, 22)], 4: [(17, 7), (18, 7), (18, 8), (18, 8)]}, 55)