

CBSS-C STATS
starts:[586, 720, 762, 968, 477]
targets:[853, 767, 1011, 299, 827, 635, 889, 839, 201, 51]
dests:[585, 287, 47, 971, 65]
ac_dict:{853: {0, 1}, 767: {1, 2}, 1011: {2, 3}, 299: {3, 4}, 585: {0}, 287: {1}, 47: {2}, 971: {3}, 65: {4}}
clusters:[3 0 3 0 1 4 2 0 1 1]

round: 1
best_g_value: 124.0
open_list_size: 0
num_low_level_expanded: 327
search_success: 1
search_time: 0.07513112295418978
n_tsp_call: 1
n_tsp_time: 0.05893298704177141
n_roots: 1
num_conflicts: 0
target_assignment: {201: 4, 635: 2, 853: 1, 889: 1, 767: 1}
cluster_target_selection: {1: 201, 4: 635, 3: 853, 2: 889, 0: 767}
num_nodes_transformed_graph: 29
agent_paths:({0: [(10, 18), (9, 18), (9, 18)], 1: [(16, 22), (17, 22), (17, 23), (17, 24), (17, 25), (18, 25), (19, 25), (19, 26), (20, 26), (21, 26), (22, 26), (23, 26), (23, 25), (24, 25), (25, 25), (25, 26), (25, 27), (25, 26), (25, 25), (26, 25), (27, 25), (27, 24), (27, 23), (28, 23), (29, 23), (30, 23), (31, 23), (31, 22), (31, 21), (31, 20), (31, 19), (31, 18), (31, 17), (31, 16), (31, 15), (31, 14), (31, 13), (31, 12), (31, 11), (31, 10), (31, 9), (31, 8), (31, 8)], 2: [(26, 23), (26, 22), (26, 21), (27, 21), (27, 20), (27, 19), (26, 19), (25, 19), (25, 18), (24, 18), (23, 18), (22, 18), (21, 18), (21, 17), (20, 17), (19, 17), (18, 17), (18, 16), (18, 15), (18, 14), (18, 13), (18, 12), (18, 11), (18, 10), (18, 9), (18, 8), (18, 7), (17, 7), (17, 6), (17, 5), (16, 5), (15, 5), (14, 5), (14, 4), (14, 3), (14, 2), (14, 1), (15, 1), (15, 1)], 3: [(8, 30), (9, 30), (10, 30), (11, 30), (11, 30)], 4: [(29, 14), (28, 14), (27, 14), (27, 13), (27, 12), (27, 11), (26, 11), (25, 11), (25, 10), (25, 9), (24, 9), (23, 9), (23, 8), (23, 7), (22, 7), (21, 7), (20, 7), (19, 7), (18, 7), (17, 7), (17, 6), (17, 5), (16, 5), (15, 5), (14, 5), (13, 5), (12, 5), (11, 5), (10, 5), (9, 5), (9, 6), (8, 6), (7, 6), (6, 6), (5, 6), (5, 5), (4, 5), (3, 5), (3, 4), (3, 3), (2, 3), (1, 3), (1, 2), (1, 2)]}, 42)