

CBSS-C STATS
starts:[85, 589]
targets:[194, 474, 291, 832, 603, 722, 885, 873, 617, 634]
dests:[50, 345]
ac_dict:{194: {0, 1}, 50: {0}, 345: {1}}
clusters:[3 1 5 4 7 0 2 9 6 8]

round: 1
best_g_value: 154.0
open_list_size: 0
num_low_level_expanded: 405
search_success: 1
search_time: 0.013573037998867221
n_tsp_call: 1
n_tsp_time: 0.004044221990625374
n_roots: 1
num_conflicts: 0
target_assignment: {194: 1, 291: 1, 617: 1, 832: 1, 873: 1, 885: 1, 722: 1, 634: 1, 603: 1, 474: 1}
cluster_target_selection: {3: 194, 5: 291, 6: 617, 4: 832, 9: 873, 2: 885, 0: 722, 8: 634, 7: 603, 1: 474}
num_nodes_transformed_graph: 14
agent_paths:({0: [(21, 2), (21, 1), (20, 1), (19, 1), (18, 1), (18, 1)], 1: [(13, 18), (14, 18), (15, 18), (16, 18), (17, 18), (17, 17), (18, 17), (18, 16), (18, 15), (17, 15), (17, 14), (16, 14), (15, 14), (14, 14), (13, 14), (12, 14), (11, 14), (10, 14), (9, 14), (9, 13), (9, 12), (9, 11), (9, 10), (9, 9), (8, 9), (7, 9), (6, 9), (6, 8), (6, 7), (5, 7), (5, 6), (5, 5), (4, 5), (3, 5), (2, 5), (2, 6), (3, 6), (3, 5), (4, 5), (5, 5), (5, 6), (5, 7), (6, 7), (6, 8), (6, 9), (5, 9), (5, 10), (4, 10), (3, 10), (3, 9), (3, 10), (4, 10), (5, 10), (5, 11), (5, 12), (5, 13), (6, 13), (6, 14), (6, 15), (6, 16), (6, 17), (7, 17), (7, 18), (8, 18), (9, 18), (9, 19), (9, 20), (9, 21), (8, 21), (7, 21), (6, 21), (5, 21), (5, 22), (4, 22), (3, 22), (2, 22), (1, 22), (1, 23), (1, 24), (1, 25), (1, 26), (0, 26), (1, 26), (2, 26), (3, 26), (3, 27), (3, 28), (3, 29), (3, 30), (4, 30), (5, 30), (6, 30), (7, 30), (8, 30), (9, 30), (9, 29), (10, 29), (10, 28), (10, 27), (9, 27), (10, 27), (11, 27), (12, 27), (13, 27), (14, 27), (15, 27), (16, 27), (17, 27), (18, 27), (19, 27), (19, 26), (20, 26), (21, 26), (21, 27), (21, 26), (20, 26), (19, 26), (18, 26), (18, 25), (17, 25), (17, 24), (17, 23), (17, 22), (18, 22), (18, 21), (19, 21), (20, 21), (21, 21), (22, 21), (22, 20), (22, 19), (23, 19), (23, 18), (24, 18), (25, 18), (26, 18), (26, 19), (26, 18), (27, 18), (27, 17), (27, 16), (27, 15), (26, 15), (26, 14), (26, 13), (27, 13), (27, 12), (27, 11), (26, 11), (25, 11), (25, 10), (25, 10)]}, 150)