

CBSS-C STATS
starts:[626, 630, 210, 230, 466]
targets:[510, 509, 999, 707, 733, 71, 343, 623, 498, 172, 325, 1001, 577, 41, 111, 720, 613, 45, 227, 379]
dests:[191, 722, 937, 117, 62]
ac_dict:{510: {0, 1}, 509: {1, 2}, 999: {2, 3}, 707: {3, 4}, 191: {0}, 722: {1}, 937: {2}, 117: {3}, 62: {4}}
clusters:[1 3 5 4 9 5 2 9 3 8 9 7 0 6 8 0 5 4 7 0]

round: 2
best_g_value: 148.0
open_list_size: 1
num_low_level_expanded: 644
search_success: 1
search_time: 0.34064826974645257
n_tsp_call: 1
n_tsp_time: 0.3119570780545473
n_roots: 1
num_conflicts: 1
target_assignment: {623: 0, 510: 0, 498: 4, 343: 4, 71: 3, 41: 3, 45: 3, 111: 3, 720: 1, 1001: 2}
cluster_target_selection: {9: 623, 1: 510, 3: 498, 2: 343, 5: 71, 6: 41, 4: 45, 8: 111, 0: 720, 7: 1001}
num_nodes_transformed_graph: 54
agent_paths:({0: [(18, 19), (17, 19), (17, 18), (16, 18), (15, 18), (15, 19), (15, 18), (16, 18), (17, 18), (17, 17), (18, 17), (19, 17), (20, 17), (21, 17), (22, 17), (23, 17), (23, 18), (24, 18), (25, 18), (26, 18), (27, 18), (28, 18), (29, 18), (29, 17), (30, 17), (31, 17), (31, 16), (31, 15), (30, 15), (30, 14), (30, 13), (31, 13), (31, 12), (31, 11), (31, 10), (31, 9), (31, 8), (31, 7), (31, 6), (31, 5), (31, 5)], 1: [(22, 19), (22, 20), (22, 21), (21, 21), (20, 21), (19, 21), (18, 21), (17, 21), (17, 22), (16, 22), (17, 22), (18, 22), (18, 22)], 2: [(18, 6), (18, 7), (18, 8), (18, 9), (18, 10), (18, 11), (18, 12), (18, 13), (17, 13), (17, 14), (16, 14), (15, 14), (14, 14), (13, 14), (12, 14), (11, 14), (11, 15), (11, 16), (11, 17), (10, 17), (9, 17), (9, 18), (9, 19), (9, 20), (9, 21), (9, 22), (9, 23), (10, 23), (11, 23), (11, 24), (11, 25), (10, 25), (10, 26), (10, 27), (10, 28), (10, 29), (9, 29), (9, 30), (9, 31), (9, 30), (9, 29), (9, 29)], 3: [(6, 7), (6, 6), (6, 5), (6, 4), (6, 3), (6, 2), (7, 2), (7, 1), (8, 1), (9, 1), (10, 1), (11, 1), (11, 2), (11, 3), (12, 3), (13, 3), (13, 2), (13, 1), (14, 1), (15, 1), (15, 2), (15, 3), (15, 2), (16, 2), (17, 2), (18, 2), (19, 2), (19, 1), (20, 1), (21, 1), (21, 2), (21, 3), (21, 3)], 4: [(18, 14), (18, 15), (18, 14), (18, 13), (19, 13), (20, 13), (21, 13), (22, 13), (22, 12), (22, 11), (22, 10), (23, 10), (23, 9), (24, 9), (25, 9), (25, 8), (25, 7), (25, 6), (25, 5), (26, 5), (27, 5), (27, 4), (27, 3), (27, 2), (28, 2), (29, 2), (29, 1), (30, 1), (30, 1)]}, 40)