

CBSS-C STATS
starts:[209, 435, 254, 370, 543]
targets:[464, 393, 374, 570, 843, 462, 863, 290, 750, 836]
dests:[185, 638, 101, 312, 852]
ac_dict:{464: {0, 1}, 393: {1, 2}, 374: {2, 3}, 570: {3, 4}, 185: {0}, 638: {1}, 101: {2}, 312: {3}, 852: {4}}
clusters:[3 3 1 2 1 3 0 2 2 4]

round: 127
best_g_value: 173.0
open_list_size: 126
num_low_level_expanded: 33402
search_success: 1
search_time: 3.704702080693096
n_tsp_call: 9
n_tsp_time: 2.6773978690616786
n_roots: 1
num_conflicts: 126
target_assignment: {374: 3, 462: 2, 836: 2, 290: 2, 863: 4}
cluster_target_selection: {1: 374, 3: 462, 4: 836, 2: 290, 0: 863}
num_nodes_transformed_graph: 48
agent_paths:({0: [(17, 6), (18, 6), (19, 6), (19, 7), (20, 7), (21, 7), (22, 7), (23, 7), (23, 8), (23, 8), (23, 8), (23, 8), (23, 9), (24, 9), (25, 9), (25, 8), (25, 7), (25, 6), (25, 5), (25, 5)], 1: [(19, 13), (20, 13), (21, 13), (22, 13), (22, 14), (22, 15), (22, 16), (22, 17), (23, 17), (23, 18), (24, 18), (25, 18), (26, 18), (27, 18), (28, 18), (29, 18), (30, 18), (30, 19), (30, 19)], 2: [(30, 7), (29, 7), (29, 6), (28, 6), (27, 6), (26, 6), (25, 6), (25, 7), (25, 8), (25, 9), (24, 9), (23, 9), (22, 9), (21, 9), (21, 10), (21, 11), (20, 11), (19, 11), (18, 11), (18, 12), (18, 13), (17, 13), (17, 14), (16, 14), (15, 14), (14, 14), (13, 14), (12, 14), (11, 14), (11, 15), (11, 16), (11, 17), (10, 17), (9, 17), (9, 18), (9, 19), (9, 20), (9, 21), (8, 21), (7, 21), (6, 21), (5, 21), (5, 22), (4, 22), (3, 22), (3, 23), (2, 23), (1, 23), (1, 24), (1, 25), (2, 25), (3, 25), (3, 26), (4, 26), (3, 26), (2, 26), (2, 25), (1, 25), (1, 24), (1, 23), (1, 22), (1, 21), (2, 21), (2, 20), (2, 19), (3, 19), (4, 19), (5, 19), (5, 18), (5, 17), (6, 17), (6, 16), (6, 15), (5, 15), (5, 14), (5, 13), (5, 12), (5, 11), (5, 10), (4, 10), (3, 10), (2, 10), (2, 9), (3, 9), (3, 10), (4, 10), (5, 10), (5, 9), (6, 9), (6, 8), (6, 7), (6, 6), (6, 5), (6, 4), (6, 3), (5, 3), (5, 3)], 3: [(18, 11), (19, 11), (20, 11), (21, 11), (22, 11), (22, 10), (23, 10), (23, 10), (23, 10), (23, 10), (23, 10), (23, 10), (23, 10), (23, 9), (24, 9), (24, 9)], 4: [(31, 16), (31, 17), (31, 18), (31, 19), (31, 20), (31, 21), (31, 22), (31, 23), (30, 23), (30, 24), (30, 25), (31, 25), (31, 26), (30, 26), (30, 25), (30, 24), (30, 23), (29, 23), (28, 23), (27, 23), (27, 24), (27, 25), (26, 25), (25, 25), (24, 25), (23, 25), (22, 25), (21, 25), (21, 26), (20, 26), (20, 26)]}, 95)