

CBSS-C STATS
starts:[999, 766, 330, 673, 945, 251, 694]
targets:[114, 690, 943, 579, 314, 743, 769, 729, 238, 814]
dests:[447, 74, 717, 75, 546, 427, 475]
ac_dict:{114: {0, 1}, 690: {1, 2}, 943: {2, 3}, 579: {3, 4}, 314: {4, 5}, 743: {5, 6}, 447: {0}, 74: {1}, 717: {2}, 75: {3}, 546: {4}, 427: {5}, 475: {6}}
clusters:[1 7 8 0 4 5 9 6 2 3]

round: 3
best_g_value: 294.0
open_list_size: 2
num_low_level_expanded: 1597
search_success: 1
search_time: 0.13312208699062467
n_tsp_call: 1
n_tsp_time: 0.08208505700167734
n_roots: 1
num_conflicts: 2
target_assignment: {814: 0, 314: 5, 743: 5, 943: 2, 690: 2, 769: 3, 579: 4, 729: 1, 238: 1, 114: 1}
cluster_target_selection: {3: 814, 4: 314, 5: 743, 8: 943, 7: 690, 9: 769, 0: 579, 6: 729, 2: 238, 1: 114}
num_nodes_transformed_graph: 34
agent_paths:({0: [(7, 31), (7, 30), (8, 30), (9, 30), (9, 29), (10, 29), (10, 28), (10, 27), (11, 27), (12, 27), (13, 27), (13, 26), (13, 25), (14, 25), (15, 25), (15, 24), (15, 23), (15, 22), (16, 22), (17, 22), (17, 21), (18, 21), (19, 21), (20, 21), (21, 21), (22, 21), (22, 20), (22, 19), (22, 18), (23, 18), (24, 18), (25, 18), (26, 18), (27, 18), (28, 18), (29, 18), (29, 17), (30, 17), (31, 17), (31, 16), (31, 15), (31, 14), (31, 13), (31, 13)], 1: [(30, 23), (29, 23), (28, 23), (27, 23), (26, 23), (25, 23), (25, 22), (25, 21), (26, 21), (27, 21), (27, 20), (27, 19), (26, 19), (25, 19), (25, 18), (24, 18), (23, 18), (22, 18), (21, 18), (21, 17), (20, 17), (19, 17), (18, 17), (18, 16), (18, 15), (18, 14), (18, 13), (18, 12), (18, 11), (17, 11), (17, 10), (17, 9), (16, 9), (15, 9), (14, 9), (14, 8), (14, 7), (14, 6), (14, 5), (14, 4), (14, 3), (15, 3), (15, 2), (16, 2), (17, 2), (18, 2), (18, 3), (17, 3), (17, 2), (16, 2), (15, 2), (14, 2), (13, 2), (13, 3), (12, 3), (11, 3), (10, 3), (10, 2), (10, 2)], 2: [(10, 10), (10, 11), (9, 11), (9, 12), (9, 13), (10, 13), (11, 13), (11, 14), (11, 15), (11, 16), (11, 17), (11, 18), (11, 19), (10, 19), (9, 19), (9, 20), (9, 21), (10, 21), (11, 21), (11, 22), (11, 23), (12, 23), (13, 23), (14, 23), (15, 23), (15, 24), (15, 25), (15, 26), (15, 27), (16, 27), (17, 27), (18, 27), (18, 28), (18, 29), (17, 29), (17, 30), (17, 31), (16, 31), (15, 31), (15, 30), (15, 29), (15, 30), (15, 31), (16, 31), (17, 31), (17, 30), (17, 29), (18, 29), (18, 28), (18, 27), (18, 26), (18, 25), (17, 25), (17, 24), (17, 23), (17, 22), (17, 21), (18, 21), (17, 21), (17, 22), (16, 22), (15, 22), (14, 22), (13, 22), (13, 22)], 3: [(1, 21), (1, 22), (1, 23), (1, 24), (1, 23), (1, 22), (1, 21), (2, 21), (2, 20), (2, 19), (3, 19), (4, 19), (5, 19), (5, 18), (5, 17), (6, 17), (6, 16), (6, 15), (6, 14), (6, 13), (5, 13), (5, 12), (5, 11), (5, 10), (5, 9), (6, 9), (6, 8), (6, 7), (6, 6), (7, 6), (8, 6), (9, 6), (9, 5), (10, 5), (11, 5), (11, 4), (11, 3), (11, 2), (11, 2)], 4: [(17, 29), (18, 29), (18, 28), (18, 27), (17, 27), (16, 27), (15, 27), (15, 26), (15, 25), (15, 24), (15, 23), (14, 23), (13, 23), (12, 23), (11, 23), (10, 23), (9, 23), (9, 22), (9, 21), (9, 20), (9, 19), (9, 18), (8, 18), (7, 18), (6, 18), (5, 18), (5, 19), (4, 19), (3, 19), (3, 18), (2, 18), (2, 17), (2, 17)], 5: [(27, 7), (26, 7), (25, 7), (25, 8), (25, 9), (26, 9), (25, 9), (24, 9), (23, 9), (22, 9), (21, 9), (21, 10), (21, 11), (20, 11), (19, 11), (18, 11), (18, 12), (18, 13), (17, 13), (17, 14), (16, 14), (15, 14), (14, 14), (13, 14), (12, 14), (11, 14), (11, 15), (11, 16), (11, 17), (10, 17), (9, 17), (9, 18), (9, 19), (9, 20), (9, 21), (8, 21), (7, 21), (7, 22), (7, 23), (7, 22), (7, 21), (8, 21), (9, 21), (9, 20), (9, 19), (9, 18), (9, 17), (10, 17), (11, 17), (11, 16), (11, 15), (11, 14), (11, 13), (11, 13)], 6: [(22, 21), (22, 20), (22, 19), (22, 18), (23, 18), (24, 18), (25, 18), (25, 17), (26, 17), (27, 17), (27, 16), (27, 15), (27, 14), (27, 14)]}, 63)