

CBSS-C STATS
starts:[725, 895, 766, 223, 951]
targets:[211, 433, 557, 623, 691, 806, 510, 842, 1003, 965]
dests:[739, 746, 493, 970, 349]
ac_dict:{211: {0, 1}, 433: {1, 2}, 557: {2, 3}, 623: {3, 4}, 739: {0}, 746: {1}, 493: {2}, 970: {3}, 349: {4}}
clusters:[0 1 0 0 0 0 0 1 0 0]

round: 2
best_g_value: 155.0
open_list_size: 1
num_low_level_expanded: 693
search_success: 1
search_time: 0.15384925995022058
n_tsp_call: 1
n_tsp_time: 0.12804315937682986
n_roots: 1
num_conflicts: 1
target_assignment: {691: 3, 842: 3}
cluster_target_selection: {0: 691, 1: 842}
num_nodes_transformed_graph: 48
agent_paths:({0: [(21, 22), (21, 21), (20, 21), (19, 21), (18, 21), (17, 21), (17, 22), (16, 22), (15, 22), (14, 22), (13, 22), (13, 23), (12, 23), (11, 23), (10, 23), (9, 23), (9, 22), (9, 21), (8, 21), (7, 21), (6, 21), (5, 21), (5, 22), (4, 22), (3, 22), (3, 23), (3, 23)], 1: [(31, 27), (31, 28), (31, 29), (30, 29), (29, 29), (29, 30), (29, 31), (28, 31), (27, 31), (26, 31), (25, 31), (24, 31), (23, 31), (22, 31), (21, 31), (20, 31), (19, 31), (18, 31), (18, 30), (18, 29), (18, 28), (18, 27), (17, 27), (16, 27), (15, 27), (14, 27), (13, 27), (12, 27), (11, 27), (11, 26), (11, 25), (11, 24), (11, 23), (10, 23), (10, 23)], 2: [(30, 23), (29, 23), (28, 23), (27, 23), (27, 22), (27, 21), (27, 20), (27, 19), (26, 19), (25, 19), (25, 18), (24, 18), (23, 18), (22, 18), (21, 18), (21, 17), (20, 17), (19, 17), (18, 17), (18, 16), (18, 15), (17, 15), (17, 14), (16, 14), (15, 14), (14, 14), (13, 14), (13, 15), (13, 15)], 3: [(31, 6), (30, 6), (29, 6), (28, 6), (27, 6), (26, 6), (25, 6), (25, 7), (25, 8), (25, 9), (24, 9), (23, 9), (22, 9), (22, 10), (22, 11), (22, 12), (22, 13), (22, 14), (22, 15), (22, 16), (22, 17), (22, 18), (22, 19), (22, 20), (22, 21), (21, 21), (20, 21), (19, 21), (18, 21), (17, 21), (17, 22), (16, 22), (15, 22), (14, 22), (13, 22), (13, 23), (12, 23), (11, 23), (11, 24), (11, 25), (10, 25), (10, 26), (10, 27), (10, 28), (10, 29), (10, 30), (10, 30)], 4: [(23, 29), (23, 28), (23, 27), (23, 26), (23, 25), (24, 25), (25, 25), (26, 25), (27, 25), (27, 24), (27, 23), (27, 22), (27, 21), (27, 20), (27, 19), (27, 18), (27, 17), (27, 16), (27, 15), (27, 14), (27, 13), (27, 12), (27, 11), (27, 10), (28, 10), (29, 10), (29, 10)]}, 45)