

CBSS-C STATS
starts:[249, 999, 142, 881, 939, 951, 166, 443, 838, 25]
targets:[801, 562, 38, 977, 317, 433, 353, 630, 1018, 493]
dests:[627, 965, 593, 598, 842, 941, 481, 337, 313, 882]
ac_dict:{801: {0, 1}, 562: {1, 2}, 38: {2, 3}, 977: {3, 4}, 317: {4, 5}, 433: {5, 6}, 353: {6, 7}, 630: {8, 7}, 1018: {8, 9}, 627: {0}, 965: {1}, 593: {2}, 598: {3}, 842: {4}, 941: {5}, 481: {6}, 337: {7}, 313: {8}, 882: {9}}
clusters:[1 4 4 1 0 0 3 0 4 2]

round: 14
best_g_value: 233.0
open_list_size: 12
num_low_level_expanded: 3299
search_success: 1
search_time: 3.2067335131578147
n_tsp_call: 13
n_tsp_time: 2.5672331796959043
n_roots: 1
num_conflicts: 13
target_assignment: {562: 2, 353: 6, 493: 8, 630: 7, 977: 3}
cluster_target_selection: {4: 562, 3: 353, 2: 493, 0: 630, 1: 977}
num_nodes_transformed_graph: 48
agent_paths:({0: [(25, 7), (25, 8), (25, 9), (24, 9), (23, 9), (22, 9), (22, 10), (22, 11), (22, 12), (22, 13), (22, 14), (22, 15), (22, 16), (22, 17), (21, 17), (20, 17), (19, 17), (19, 18), (19, 19), (19, 19)], 1: [(7, 31), (6, 31), (5, 31), (5, 30), (5, 30)], 2: [(14, 4), (14, 5), (15, 5), (16, 5), (17, 5), (18, 5), (18, 6), (18, 7), (18, 8), (18, 9), (18, 10), (18, 11), (18, 12), (18, 13), (18, 14), (18, 15), (18, 16), (18, 17), (17, 17), (17, 18), (17, 18)], 3: [(17, 27), (18, 27), (18, 28), (18, 29), (17, 29), (17, 30), (17, 29), (18, 29), (18, 28), (18, 27), (18, 26), (19, 26), (20, 26), (21, 26), (21, 25), (22, 25), (23, 25), (23, 24), (23, 23), (22, 23), (22, 22), (22, 21), (22, 20), (22, 19), (22, 18), (22, 18)], 4: [(11, 29), (10, 29), (10, 28), (10, 27), (10, 26), (10, 26)], 5: [(23, 29), (22, 29), (21, 29), (21, 30), (21, 31), (20, 31), (19, 31), (18, 31), (17, 31), (16, 31), (15, 31), (14, 31), (13, 31), (13, 30), (13, 29), (13, 29)], 6: [(6, 5), (6, 6), (6, 7), (6, 8), (6, 9), (5, 9), (5, 10), (4, 10), (3, 10), (2, 10), (1, 10), (1, 11), (1, 10), (2, 10), (3, 10), (4, 10), (5, 10), (5, 11), (5, 12), (5, 13), (5, 14), (5, 15), (6, 15), (6, 16), (6, 17), (5, 17), (5, 18), (5, 19), (4, 19), (3, 19), (2, 19), (2, 18), (2, 17), (2, 16), (2, 15), (1, 15), (1, 15)], 7: [(27, 13), (27, 14), (27, 15), (27, 16), (27, 17), (26, 17), (25, 17), (25, 18), (24, 18), (23, 18), (22, 18), (22, 19), (21, 19), (21, 18), (21, 18), (21, 17), (20, 17), (19, 17), (18, 17), (18, 16), (18, 15), (18, 14), (18, 13), (18, 12), (18, 11), (17, 11), (17, 10), (17, 10)], 8: [(6, 26), (5, 26), (4, 26), (3, 26), (3, 25), (2, 25), (1, 25), (1, 24), (1, 23), (1, 22), (1, 21), (2, 21), (2, 20), (2, 19), (3, 19), (4, 19), (5, 19), (5, 18), (6, 18), (7, 18), (8, 18), (9, 18), (9, 17), (10, 17), (11, 17), (11, 16), (11, 15), (11, 14), (12, 14), (13, 14), (13, 15), (13, 14), (14, 14), (15, 14), (16, 14), (17, 14), (17, 13), (18, 13), (18, 12), (18, 11), (19, 11), (20, 11), (21, 11), (21, 10), (21, 9), (22, 9), (23, 9), (24, 9), (25, 9), (25, 9)], 9: [(25, 0), (25, 1), (25, 2), (25, 3), (26, 3), (27, 3), (27, 4), (27, 5), (26, 5), (25, 5), (25, 6), (25, 7), (25, 8), (25, 9), (24, 9), (23, 9), (22, 9), (22, 10), (22, 11), (22, 12), (22, 13), (22, 14), (22, 15), (22, 16), (22, 17), (21, 17), (21, 18), (21, 19), (22, 19), (22, 20), (22, 21), (21, 21), (20, 21), (19, 21), (18, 21), (18, 22), (18, 23), (17, 23), (17, 24), (17, 25), (18, 25), (18, 26), (18, 27), (18, 27)]}, 48)