

CBSS-C STATS
starts:[220, 40, 13, 553, 817]
targets:[419, 949, 362, 262, 339, 699, 453, 305, 79, 823, 364, 680, 720, 255, 638, 446, 229, 514, 741, 319]
dests:[348, 1018, 450, 709, 355]
ac_dict:{419: {0, 1}, 949: {1, 2}, 362: {2, 3}, 262: {3, 4}, 348: {0}, 1018: {1}, 450: {2}, 709: {3}, 355: {4}}
clusters:[16  4 19  7 18  3  1  8  6 15 14  0 17  5 11  9 10  2 13 12]

round: 346
best_g_value: 227.0
open_list_size: 803
num_low_level_expanded: 475314
search_success: 1
search_time: 424.8965704729926
n_tsp_call: 2657
n_tsp_time: 357.2426710137661
n_roots: 252
num_conflicts: 596
target_assignment: {255: 0, 319: 0, 446: 0, 79: 2, 362: 2, 514: 2, 229: 1, 419: 1, 364: 1, 305: 1, 339: 1, 638: 1, 699: 1, 823: 1, 949: 1, 680: 3, 741: 3, 720: 4, 453: 4, 262: 4}
cluster_target_selection: {5: 255, 12: 319, 9: 446, 6: 79, 19: 362, 2: 514, 10: 229, 16: 419, 14: 364, 8: 305, 18: 339, 11: 638, 3: 699, 15: 823, 4: 949, 0: 680, 13: 741, 17: 720, 1: 453, 7: 262}
num_nodes_transformed_graph: 54
agent_paths:({0: [(28, 6), (29, 6), (30, 6), (31, 6), (31, 7), (31, 8), (31, 9), (31, 10), (31, 11), (31, 12), (31, 13), (30, 13), (31, 13), (31, 12), (31, 11), (30, 11), (29, 11), (29, 10), (28, 10), (28, 10)], 1: [(8, 1), (7, 1), (6, 1), (6, 2), (6, 3), (6, 4), (6, 5), (5, 5), (5, 6), (5, 7), (6, 7), (6, 8), (6, 9), (5, 9), (5, 10), (5, 11), (5, 12), (5, 13), (6, 13), (6, 14), (6, 15), (6, 16), (6, 17), (5, 17), (5, 18), (5, 19), (4, 19), (3, 19), (3, 18), (3, 17), (2, 17), (2, 16), (2, 15), (2, 14), (2, 13), (3, 13), (3, 14), (3, 15), (3, 15), (2, 15), (2, 16), (2, 17), (3, 17), (3, 18), (3, 19), (4, 19), (5, 19), (5, 18), (5, 17), (6, 17), (6, 16), (6, 15), (6, 14), (6, 13), (7, 13), (8, 13), (9, 13), (9, 12), (9, 11), (10, 11), (11, 11), (12, 11), (13, 11), (13, 10), (13, 9), (14, 9), (15, 9), (16, 9), (17, 9), (18, 9), (19, 9), (19, 10), (19, 11), (20, 11), (21, 11), (22, 11), (22, 12), (22, 13), (22, 14), (22, 15), (22, 16), (22, 17), (23, 17), (23, 18), (24, 18), (25, 18), (26, 18), (27, 18), (28, 18), (29, 18), (30, 18), (30, 19), (29, 19), (29, 18), (28, 18), (27, 18), (27, 19), (27, 20), (27, 21), (27, 22), (27, 23), (27, 24), (27, 25), (26, 25), (25, 25), (24, 25), (23, 25), (23, 26), (23, 27), (23, 28), (23, 29), (22, 29), (21, 29), (22, 29), (23, 29), (23, 30), (23, 31), (24, 31), (25, 31), (26, 31), (26, 31)], 2: [(13, 0), (13, 1), (14, 1), (15, 1), (15, 2), (14, 2), (14, 3), (14, 4), (14, 5), (14, 6), (14, 7), (14, 8), (14, 9), (13, 9), (13, 10), (13, 11), (12, 11), (11, 11), (10, 11), (9, 11), (9, 12), (9, 13), (8, 13), (7, 13), (6, 13), (6, 14), (6, 15), (6, 16), (6, 17), (5, 17), (5, 18), (5, 19), (4, 19), (3, 19), (2, 19), (2, 18), (2, 17), (2, 16), (2, 15), (2, 14), (2, 14)], 3: [(9, 17), (9, 18), (9, 19), (9, 20), (9, 21), (8, 21), (7, 21), (6, 21), (5, 21), (5, 22), (5, 23), (5, 22), (5, 22)], 4: [(17, 25), (17, 24), (17, 23), (17, 22), (16, 22), (15, 22), (14, 22), (13, 22), (13, 23), (12, 23), (11, 23), (10, 23), (9, 23), (9, 22), (9, 21), (9, 20), (9, 19), (9, 18), (8, 18), (7, 18), (6, 18), (6, 18), (6, 18), (6, 17), (6, 16), (6, 15), (5, 15), (5, 14), (5, 13), (5, 12), (5, 11), (5, 10), (5, 9), (6, 9), (6, 8), (6, 9), (5, 9), (5, 10), (4, 10), (3, 10), (3, 11), (3, 11)]}, 119)