

CBSS-C STATS
starts:[587, 711, 539]
targets:[544, 982, 966, 431, 679, 458, 623, 35, 570, 802, 749, 693, 419, 514, 994]
dests:[877, 968, 947]
ac_dict:{544: {0, 1}, 982: {1, 2}, 877: {0}, 968: {1}, 947: {2}}
clusters:[ 9 14 13  3  4  6 12  0  8  5  7 11  2 10  1]

round: 1
best_g_value: 177.0
open_list_size: 0
num_low_level_expanded: 407
search_success: 1
search_time: 0.09070174000225961
n_tsp_call: 1
n_tsp_time: 0.07073331999708898
n_roots: 1
num_conflicts: 0
target_assignment: {431: 0, 458: 0, 35: 0, 749: 0, 679: 1, 544: 1, 419: 1, 514: 1, 802: 1, 994: 1, 966: 1, 570: 2, 623: 2, 693: 2, 982: 2}
cluster_target_selection: {3: 431, 6: 458, 0: 35, 7: 749, 4: 679, 9: 544, 2: 419, 10: 514, 5: 802, 1: 994, 13: 966, 8: 570, 12: 623, 11: 693, 14: 982}
num_nodes_transformed_graph: 27
agent_paths:({0: [(11, 18), (11, 17), (11, 16), (11, 15), (11, 14), (12, 14), (13, 14), (13, 13), (14, 13), (15, 13), (14, 13), (13, 13), (13, 14), (12, 14), (11, 14), (10, 14), (9, 14), (9, 13), (9, 12), (9, 11), (9, 10), (9, 9), (8, 9), (7, 9), (6, 9), (6, 8), (6, 7), (5, 7), (5, 6), (5, 5), (4, 5), (3, 5), (3, 4), (3, 3), (3, 2), (3, 1), (3, 2), (3, 3), (3, 4), (3, 5), (4, 5), (5, 5), (6, 5), (6, 6), (6, 7), (6, 8), (6, 9), (6, 10), (6, 11), (5, 11), (5, 12), (5, 13), (6, 13), (6, 14), (6, 15), (6, 16), (6, 17), (7, 17), (7, 18), (8, 18), (9, 18), (9, 19), (9, 20), (9, 21), (10, 21), (11, 21), (11, 22), (11, 23), (12, 23), (13, 23), (12, 23), (11, 23), (11, 24), (11, 25), (11, 26), (11, 27), (12, 27), (13, 27), (13, 27)], 1: [(7, 22), (7, 21), (6, 21), (5, 21), (5, 22), (4, 22), (3, 22), (2, 22), (2, 21), (2, 20), (2, 19), (1, 19), (1, 18), (1, 17), (0, 17), (1, 17), (2, 17), (2, 16), (2, 15), (2, 14), (2, 13), (3, 13), (2, 13), (2, 14), (2, 15), (2, 16), (2, 17), (2, 18), (2, 19), (2, 20), (2, 21), (2, 22), (2, 23), (1, 23), (1, 24), (1, 25), (2, 25), (2, 26), (2, 27), (3, 27), (3, 28), (3, 29), (2, 29), (2, 30), (2, 31), (2, 30), (3, 30), (4, 30), (5, 30), (6, 30), (7, 30), (8, 30), (8, 30)], 2: [(27, 16), (27, 17), (26, 17), (25, 17), (25, 18), (24, 18), (23, 18), (22, 18), (21, 18), (21, 17), (20, 17), (19, 17), (18, 17), (17, 17), (17, 18), (16, 18), (15, 18), (15, 19), (15, 18), (16, 18), (17, 18), (18, 18), (19, 18), (19, 17), (20, 17), (21, 17), (21, 18), (21, 19), (22, 19), (22, 20), (22, 21), (21, 21), (22, 21), (22, 22), (22, 23), (23, 23), (23, 24), (23, 25), (23, 26), (23, 27), (23, 28), (23, 29), (22, 29), (22, 30), (21, 30), (21, 31), (20, 31), (19, 31), (19, 30), (19, 29), (19, 29)]}, 77)