

CBSS-C STATS
starts:[322, 510, 34, 389, 341, 1006, 970]
targets:[998, 971, 791, 639, 246, 49, 945, 690, 194, 326]
dests:[850, 845, 297, 923, 581, 604, 633]
ac_dict:{998: {0, 1}, 971: {1, 2}, 791: {2, 3}, 639: {3, 4}, 246: {4, 5}, 49: {5, 6}, 850: {0}, 845: {1}, 297: {2}, 923: {3}, 581: {4}, 604: {5}, 633: {6}}
clusters:[2 3 1 9 8 5 7 4 0 6]

round: 127
best_g_value: 306.0
open_list_size: 180
num_low_level_expanded: 67886
search_success: 1
search_time: 44.208090471991454
n_tsp_call: 173
n_tsp_time: 31.251044308039127
n_roots: 28
num_conflicts: 153
target_assignment: {998: 1, 971: 1, 639: 3, 791: 3, 945: 5, 690: 5, 49: 5, 246: 5, 194: 2, 326: 2}
cluster_target_selection: {2: 998, 3: 971, 9: 639, 1: 791, 7: 945, 4: 690, 5: 49, 8: 246, 0: 194, 6: 326}
num_nodes_transformed_graph: 54
agent_paths:({0: [(2, 10), (3, 10), (4, 10), (5, 10), (5, 11), (5, 12), (5, 13), (6, 13), (6, 14), (6, 15), (6, 16), (6, 17), (7, 17), (7, 18), (8, 18), (9, 18), (9, 19), (9, 20), (9, 21), (10, 21), (11, 21), (11, 22), (11, 23), (12, 23), (13, 23), (14, 23), (15, 23), (15, 24), (15, 25), (15, 26), (15, 27), (16, 27), (17, 27), (17, 26), (18, 26), (18, 26)], 1: [(30, 15), (29, 15), (29, 14), (28, 14), (27, 14), (27, 15), (27, 16), (27, 17), (27, 18), (27, 19), (27, 20), (27, 21), (27, 22), (27, 23), (27, 24), (27, 25), (26, 25), (25, 25), (24, 25), (23, 25), (22, 25), (21, 25), (21, 26), (20, 26), (19, 26), (18, 26), (17, 26), (17, 27), (16, 27), (15, 27), (14, 27), (13, 27), (12, 27), (11, 27), (10, 27), (10, 28), (10, 29), (9, 29), (9, 30), (8, 30), (7, 30), (6, 30), (6, 31), (6, 30), (7, 30), (8, 30), (9, 30), (10, 30), (11, 30), (11, 29), (10, 29), (10, 28), (10, 27), (11, 27), (12, 27), (13, 27), (13, 26), (13, 26)], 2: [(2, 1), (2, 2), (2, 3), (3, 3), (3, 4), (3, 5), (2, 5), (2, 6), (3, 6), (3, 5), (4, 5), (5, 5), (6, 5), (6, 6), (6, 7), (6, 8), (6, 9), (6, 10), (6, 9), (7, 9), (8, 9), (9, 9), (9, 9)], 3: [(5, 12), (5, 13), (6, 13), (7, 13), (8, 13), (9, 13), (10, 13), (11, 13), (11, 14), (12, 14), (13, 14), (13, 15), (14, 15), (15, 15), (15, 14), (16, 14), (17, 14), (18, 14), (18, 15), (18, 16), (18, 17), (19, 17), (20, 17), (21, 17), (22, 17), (23, 17), (23, 18), (24, 18), (25, 18), (26, 18), (27, 18), (28, 18), (29, 18), (30, 18), (31, 18), (31, 19), (31, 20), (31, 21), (30, 21), (29, 21), (29, 22), (29, 23), (28, 23), (27, 23), (27, 24), (27, 25), (26, 25), (25, 25), (24, 25), (23, 25), (23, 24), (23, 25), (24, 25), (25, 25), (26, 25), (27, 25), (27, 26), (27, 27), (27, 28), (27, 28)], 4: [(21, 10), (21, 11), (20, 11), (19, 11), (18, 11), (18, 12), (18, 13), (17, 13), (17, 14), (16, 14), (15, 14), (14, 14), (13, 14), (12, 14), (11, 14), (11, 15), (11, 16), (11, 17), (10, 17), (9, 17), (9, 18), (8, 18), (7, 18), (6, 18), (5, 18), (5, 18)], 5: [(14, 31), (15, 31), (16, 31), (17, 31), (17, 30), (17, 29), (18, 29), (18, 28), (18, 27), (18, 26), (18, 25), (17, 25), (17, 24), (17, 23), (17, 22), (17, 21), (18, 21), (19, 21), (20, 21), (21, 21), (22, 21), (22, 20), (22, 19), (21, 19), (21, 18), (21, 17), (20, 17), (19, 17), (18, 17), (18, 16), (18, 15), (18, 14), (18, 13), (18, 12), (18, 11), (18, 10), (18, 9), (18, 8), (18, 7), (17, 7), (17, 6), (17, 5), (16, 5), (15, 5), (14, 5), (14, 4), (14, 3), (14, 2), (15, 2), (16, 2), (17, 2), (17, 1), (17, 2), (16, 2), (15, 2), (15, 3), (14, 3), (14, 4), (14, 5), (15, 5), (16, 5), (17, 5), (18, 5), (19, 5), (19, 6), (19, 7), (20, 7), (21, 7), (22, 7), (23, 7), (23, 8), (23, 9), (24, 9), (25, 9), (26, 9), (27, 9), (27, 10), (27, 11), (27, 12), (27, 13), (27, 14), (27, 15), (27, 16), (27, 17), (27, 18), (28, 18), (28, 18)], 6: [(10, 30), (10, 29), (10, 28), (10, 27), (10, 26), (10, 25), (11, 25), (11, 24), (11, 23), (12, 23), (13, 23), (13, 22), (14, 22), (15, 22), (16, 22), (17, 22), (17, 21), (18, 21), (19, 21), (20, 21), (21, 21), (22, 21), (22, 20), (22, 19), (23, 19), (23, 18), (24, 18), (25, 18), (25, 19), (25, 19)]}, 85)