

CBSS-C STATS
starts:[239, 691, 337, 938, 305]
targets:[867, 801, 479, 424, 1011, 846, 107, 838, 219, 378, 503, 51, 436, 553, 681, 189, 299, 37, 175, 973]
dests:[610, 164, 930, 563, 202]
ac_dict:{867: {0, 1}, 801: {1, 2}, 479: {2, 3}, 424: {3, 4}, 610: {0}, 164: {1}, 930: {2}, 563: {3}, 202: {4}}
clusters:[18 15  1  0  5  7 16 19 10  8  9 17 12  6 14  4 13  3  2 11]

round: 2
best_g_value: 287.0
open_list_size: 1
num_low_level_expanded: 871
search_success: 1
search_time: 0.5489224099874264
n_tsp_call: 1
n_tsp_time: 0.5068026320077479
n_roots: 1
num_conflicts: 1
target_assignment: {299: 0, 867: 0, 503: 1, 219: 1, 189: 1, 51: 1, 107: 1, 37: 1, 553: 2, 681: 2, 801: 2, 838: 2, 175: 4, 846: 3, 973: 3, 1011: 3, 479: 3, 378: 3, 436: 3, 424: 3}
cluster_target_selection: {13: 299, 18: 867, 9: 503, 10: 219, 4: 189, 17: 51, 16: 107, 3: 37, 6: 553, 14: 681, 15: 801, 19: 838, 2: 175, 7: 846, 11: 973, 5: 1011, 1: 479, 8: 378, 12: 436, 0: 424}
num_nodes_transformed_graph: 54
agent_paths:({0: [(15, 7), (14, 7), (14, 8), (14, 9), (13, 9), (13, 10), (13, 11), (12, 11), (11, 11), (11, 10), (11, 9), (10, 9), (9, 9), (9, 10), (9, 11), (9, 12), (9, 13), (8, 13), (7, 13), (6, 13), (6, 14), (6, 15), (6, 16), (6, 17), (5, 17), (5, 18), (5, 19), (4, 19), (3, 19), (2, 19), (2, 20), (2, 21), (2, 22), (2, 23), (1, 23), (1, 24), (1, 25), (2, 25), (3, 25), (3, 26), (3, 27), (2, 27), (2, 26), (2, 25), (1, 25), (1, 24), (1, 23), (1, 22), (1, 21), (2, 21), (2, 20), (2, 19), (2, 19)], 1: [(19, 21), (20, 21), (21, 21), (22, 21), (22, 20), (22, 19), (22, 18), (22, 17), (22, 16), (22, 15), (23, 15), (23, 14), (23, 13), (22, 13), (22, 12), (22, 11), (22, 10), (22, 9), (23, 9), (24, 9), (25, 9), (25, 8), (25, 7), (25, 6), (26, 6), (27, 6), (28, 6), (29, 6), (29, 5), (29, 6), (28, 6), (27, 6), (27, 5), (27, 4), (27, 3), (26, 3), (25, 3), (24, 3), (23, 3), (22, 3), (21, 3), (21, 2), (21, 1), (20, 1), (19, 1), (18, 1), (17, 1), (17, 2), (16, 2), (15, 2), (14, 2), (13, 2), (13, 3), (12, 3), (11, 3), (10, 3), (9, 3), (9, 2), (9, 1), (8, 1), (7, 1), (6, 1), (5, 1), (5, 2), (5, 3), (6, 3), (6, 4), (6, 5), (5, 5), (4, 5), (4, 5)], 2: [(17, 10), (17, 11), (18, 11), (18, 12), (18, 13), (17, 13), (17, 14), (16, 14), (15, 14), (14, 14), (13, 14), (12, 14), (11, 14), (11, 15), (11, 16), (11, 17), (10, 17), (9, 17), (9, 18), (9, 19), (9, 20), (9, 21), (8, 21), (7, 21), (6, 21), (5, 21), (5, 22), (4, 22), (3, 22), (2, 22), (1, 22), (1, 23), (1, 24), (1, 25), (2, 25), (3, 25), (3, 26), (4, 26), (5, 26), (6, 26), (5, 26), (4, 26), (3, 26), (3, 27), (3, 28), (3, 29), (2, 29), (2, 29)], 3: [(10, 29), (10, 28), (10, 27), (11, 27), (12, 27), (13, 27), (13, 26), (14, 26), (14, 27), (15, 27), (16, 27), (17, 27), (18, 27), (18, 28), (18, 29), (17, 29), (17, 30), (17, 31), (16, 31), (15, 31), (14, 31), (13, 31), (13, 30), (14, 30), (15, 30), (15, 31), (16, 31), (17, 31), (18, 31), (19, 31), (20, 31), (21, 31), (21, 30), (21, 29), (22, 29), (23, 29), (23, 28), (23, 27), (23, 26), (23, 25), (24, 25), (25, 25), (26, 25), (27, 25), (27, 24), (27, 23), (27, 22), (27, 21), (27, 20), (27, 19), (27, 18), (27, 17), (27, 16), (27, 15), (27, 14), (28, 14), (29, 14), (30, 14), (31, 14), (30, 14), (29, 14), (28, 14), (27, 14), (27, 13), (27, 12), (27, 11), (26, 11), (25, 11), (25, 10), (25, 9), (24, 9), (23, 9), (22, 9), (22, 10), (22, 11), (22, 12), (22, 13), (21, 13), (20, 13), (19, 13), (18, 13), (17, 13), (17, 14), (16, 14), (15, 14), (14, 14), (13, 14), (12, 14), (11, 14), (10, 14), (9, 14), (9, 13), (8, 13), (9, 13), (10, 13), (11, 13), (11, 14), (12, 14), (13, 14), (14, 14), (15, 14), (16, 14), (17, 14), (18, 14), (18, 15), (18, 16), (18, 17), (19, 17), (19, 17)], 4: [(17, 9), (18, 9), (18, 8), (18, 7), (17, 7), (17, 6), (17, 5), (16, 5), (15, 5), (14, 5), (13, 5), (12, 5), (11, 5), (10, 5), (10, 6), (10, 6)]}, 107)