

CBSS-C STATS
starts:[217, 649, 458]
targets:[551, 746, 318, 871, 437, 93, 1012, 438, 466, 21, 389, 863, 637, 330, 967]
dests:[487, 895, 476]
ac_dict:{551: {0, 1}, 746: {1, 2}, 487: {0}, 895: {1}, 476: {2}}
clusters:[ 1 14 13  9 10 11  2  3  7  0 12  4  8  6  5]

round: 1
best_g_value: 186.0
open_list_size: 0
num_low_level_expanded: 495
search_success: 1
search_time: 0.14578603599511553
n_tsp_call: 1
n_tsp_time: 0.1232783390005352
n_roots: 1
num_conflicts: 0
target_assignment: {318: 0, 93: 0, 21: 0, 330: 0, 389: 0, 551: 0, 746: 1, 871: 1, 967: 1, 1012: 1, 863: 1, 466: 2, 437: 2, 438: 2, 637: 2}
cluster_target_selection: {13: 318, 11: 93, 0: 21, 6: 330, 12: 389, 1: 551, 14: 746, 9: 871, 5: 967, 2: 1012, 4: 863, 7: 466, 10: 437, 3: 438, 8: 637}
num_nodes_transformed_graph: 49
agent_paths:({0: [(25, 6), (26, 6), (27, 6), (28, 6), (29, 6), (30, 6), (30, 7), (31, 7), (31, 8), (31, 9), (30, 9), (31, 9), (31, 8), (31, 7), (30, 7), (30, 6), (30, 5), (30, 4), (30, 3), (29, 3), (29, 2), (28, 2), (27, 2), (26, 2), (25, 2), (25, 3), (24, 3), (23, 3), (22, 3), (21, 3), (21, 2), (21, 1), (21, 0), (21, 1), (20, 1), (19, 1), (18, 1), (17, 1), (17, 2), (16, 2), (15, 2), (14, 2), (14, 3), (14, 4), (14, 5), (14, 6), (14, 7), (14, 8), (14, 9), (13, 9), (13, 10), (13, 11), (12, 11), (11, 11), (10, 11), (10, 10), (9, 10), (9, 11), (9, 12), (9, 13), (8, 13), (7, 13), (6, 13), (5, 13), (5, 12), (5, 13), (6, 13), (6, 14), (6, 15), (6, 16), (6, 17), (7, 17), (6, 17), (6, 16), (6, 15), (7, 15), (7, 15)], 1: [(9, 20), (9, 21), (10, 21), (10, 22), (10, 23), (9, 23), (9, 22), (9, 21), (8, 21), (7, 21), (7, 22), (6, 22), (5, 22), (4, 22), (3, 22), (3, 23), (2, 23), (1, 23), (1, 24), (1, 25), (2, 25), (3, 25), (3, 26), (4, 26), (5, 26), (6, 26), (7, 26), (7, 27), (6, 27), (5, 27), (5, 26), (4, 26), (3, 26), (3, 27), (3, 28), (3, 29), (3, 30), (4, 30), (5, 30), (6, 30), (7, 30), (8, 30), (9, 30), (10, 30), (10, 29), (10, 28), (10, 27), (11, 27), (12, 27), (13, 27), (14, 27), (15, 27), (16, 27), (17, 27), (18, 27), (18, 28), (18, 29), (19, 29), (19, 30), (19, 31), (20, 31), (21, 31), (22, 31), (23, 31), (24, 31), (25, 31), (26, 31), (27, 31), (28, 31), (29, 31), (29, 30), (29, 29), (30, 29), (31, 29), (31, 28), (31, 27), (31, 26), (31, 27), (31, 27)], 2: [(10, 14), (11, 14), (12, 14), (13, 14), (14, 14), (15, 14), (16, 14), (17, 14), (18, 14), (18, 13), (19, 13), (20, 13), (21, 13), (22, 13), (22, 14), (22, 15), (22, 16), (22, 17), (23, 17), (23, 18), (24, 18), (25, 18), (26, 18), (27, 18), (28, 18), (29, 18), (29, 19), (29, 18), (28, 18), (27, 18), (27, 17), (27, 16), (27, 15), (27, 14), (28, 14), (28, 14)]}, 77)