

CBSS-C STATS
starts:[544, 598, 600, 841, 39]
targets:[706, 87, 362, 49, 954, 383, 934, 726, 883, 830, 322, 451, 309, 209, 822, 955, 303, 115, 89, 863]
dests:[1017, 606, 604, 37, 426]
ac_dict:{706: {0, 1}, 87: {1, 2}, 362: {2, 3}, 49: {3, 4}, 1017: {0}, 606: {1}, 604: {2}, 37: {3}, 426: {4}}
clusters:[ 0 13 17  3 14 18 19  4  2 11  6  9  8 15  5 12 10  1 16  7]

round: 1
best_g_value: 243.0
open_list_size: 0
num_low_level_expanded: 533
search_success: 1
search_time: 2.94273792799504
n_tsp_call: 1
n_tsp_time: 2.9015404649981065
n_roots: 1
num_conflicts: 0
target_assignment: {451: 0, 706: 0, 934: 0, 883: 0, 822: 0, 830: 0, 863: 0, 955: 0, 954: 0, 362: 3, 303: 3, 209: 3, 49: 3, 115: 3, 322: 4, 726: 1, 309: 1, 87: 1, 89: 1, 383: 1}
cluster_target_selection: {9: 451, 0: 706, 19: 934, 2: 883, 5: 822, 11: 830, 7: 863, 12: 955, 14: 954, 17: 362, 10: 303, 15: 209, 3: 49, 1: 115, 6: 322, 4: 726, 8: 309, 13: 87, 16: 89, 18: 383}
num_nodes_transformed_graph: 98
agent_paths:({0: [(0, 17), (1, 17), (2, 17), (2, 16), (2, 15), (2, 14), (3, 14), (2, 14), (2, 15), (2, 16), (2, 17), (2, 18), (2, 19), (2, 20), (2, 21), (2, 22), (2, 23), (1, 23), (1, 24), (1, 25), (2, 25), (3, 25), (3, 26), (3, 27), (3, 28), (3, 29), (3, 30), (4, 30), (5, 30), (5, 29), (6, 29), (7, 29), (7, 30), (8, 30), (9, 30), (9, 29), (10, 29), (10, 28), (10, 27), (11, 27), (12, 27), (13, 27), (14, 27), (15, 27), (16, 27), (17, 27), (18, 27), (19, 27), (19, 26), (20, 26), (21, 26), (21, 25), (22, 25), (23, 25), (24, 25), (25, 25), (26, 25), (27, 25), (27, 24), (27, 23), (28, 23), (29, 23), (30, 23), (30, 24), (30, 25), (31, 25), (31, 26), (31, 27), (31, 28), (31, 29), (30, 29), (29, 29), (29, 30), (29, 31), (28, 31), (27, 31), (27, 30), (27, 29), (26, 29), (25, 29), (25, 30), (25, 31), (25, 31)], 1: [(22, 18), (22, 19), (22, 20), (22, 21), (22, 22), (22, 21), (22, 20), (22, 19), (22, 18), (22, 17), (22, 16), (22, 15), (22, 14), (22, 13), (22, 12), (22, 11), (21, 11), (21, 10), (21, 9), (22, 9), (23, 9), (24, 9), (25, 9), (25, 8), (25, 7), (25, 6), (25, 5), (26, 5), (27, 5), (27, 4), (27, 3), (26, 3), (25, 3), (24, 3), (23, 3), (23, 2), (23, 3), (24, 3), (25, 3), (25, 2), (26, 2), (27, 2), (28, 2), (29, 2), (30, 2), (30, 3), (30, 4), (30, 5), (31, 5), (31, 6), (31, 7), (31, 8), (31, 9), (31, 10), (31, 11), (31, 12), (31, 13), (31, 14), (31, 15), (31, 16), (31, 17), (30, 17), (30, 18), (30, 18)], 2: [(24, 18), (25, 18), (26, 18), (27, 18), (28, 18), (28, 18)], 3: [(9, 26), (9, 25), (10, 25), (11, 25), (11, 24), (11, 23), (10, 23), (10, 22), (10, 21), (9, 21), (9, 20), (9, 19), (9, 18), (9, 17), (10, 17), (11, 17), (11, 16), (11, 15), (10, 15), (10, 14), (10, 13), (9, 13), (9, 12), (9, 11), (10, 11), (11, 11), (12, 11), (13, 11), (13, 10), (13, 9), (14, 9), (15, 9), (16, 9), (17, 9), (18, 9), (18, 8), (18, 7), (17, 7), (17, 6), (17, 5), (16, 5), (15, 5), (14, 5), (14, 4), (14, 3), (14, 2), (15, 2), (16, 2), (17, 2), (17, 1), (18, 1), (19, 1), (19, 2), (19, 3), (18, 3), (17, 3), (17, 2), (16, 2), (15, 2), (14, 2), (13, 2), (13, 3), (12, 3), (11, 3), (10, 3), (9, 3), (9, 2), (9, 1), (8, 1), (7, 1), (6, 1), (5, 1), (5, 1)], 4: [(7, 1), (6, 1), (6, 2), (6, 3), (6, 4), (6, 5), (6, 6), (6, 7), (6, 8), (6, 9), (5, 9), (5, 10), (4, 10), (3, 10), (2, 10), (3, 10), (4, 10), (5, 10), (5, 11), (5, 12), (5, 13), (6, 13), (7, 13), (8, 13), (9, 13), (10, 13), (10, 13)]}, 81)