

CBSS-C STATS
starts:[47, 94, 589]
targets:[361, 818, 234, 351, 1014, 622, 821, 103, 574, 691, 365, 57, 894, 625, 345]
dests:[207, 795, 331]
ac_dict:{361: {0, 1}, 818: {1, 2}, 207: {0}, 795: {1}, 331: {2}}
clusters:[ 5  2  1 12  7  8 10  0 14 11  6  3 13  4  9]

round: 1
best_g_value: 162.0
open_list_size: 0
num_low_level_expanded: 373
search_success: 1
search_time: 0.0612112770031672
n_tsp_call: 1
n_tsp_time: 0.04410755098797381
n_roots: 1
num_conflicts: 0
target_assignment: {234: 0, 103: 0, 361: 0, 365: 0, 622: 2, 625: 2, 57: 1, 345: 1, 351: 1, 574: 1, 691: 1, 818: 1, 821: 1, 1014: 1, 894: 1}
cluster_target_selection: {1: 234, 0: 103, 5: 361, 6: 365, 8: 622, 4: 625, 3: 57, 9: 345, 12: 351, 14: 574, 11: 691, 2: 818, 10: 821, 7: 1014, 13: 894}
num_nodes_transformed_graph: 27
agent_paths:({0: [(15, 1), (14, 1), (13, 1), (13, 2), (13, 3), (12, 3), (11, 3), (11, 4), (11, 5), (10, 5), (10, 6), (10, 7), (9, 7), (9, 6), (8, 6), (7, 6), (7, 5), (6, 5), (6, 4), (6, 3), (7, 3), (6, 3), (6, 4), (6, 5), (6, 6), (6, 7), (6, 8), (6, 9), (7, 9), (8, 9), (9, 9), (9, 10), (9, 11), (10, 11), (11, 11), (12, 11), (13, 11), (13, 10), (13, 9), (14, 9), (14, 8), (14, 7), (14, 6), (15, 6), (15, 6)], 1: [(30, 2), (29, 2), (28, 2), (27, 2), (26, 2), (25, 2), (25, 1), (25, 2), (25, 3), (26, 3), (27, 3), (27, 4), (27, 5), (26, 5), (25, 5), (25, 6), (25, 7), (25, 8), (25, 9), (25, 10), (26, 10), (27, 10), (28, 10), (29, 10), (30, 10), (31, 10), (31, 11), (31, 12), (31, 13), (31, 14), (31, 15), (31, 16), (31, 17), (30, 17), (29, 17), (29, 18), (28, 18), (27, 18), (26, 18), (25, 18), (24, 18), (23, 18), (22, 18), (22, 19), (22, 20), (22, 21), (21, 21), (20, 21), (19, 21), (18, 21), (18, 22), (18, 23), (17, 23), (17, 24), (17, 25), (18, 25), (19, 25), (19, 26), (20, 26), (21, 26), (21, 25), (22, 25), (22, 26), (22, 27), (23, 27), (23, 28), (23, 29), (22, 29), (22, 30), (22, 31), (23, 31), (24, 31), (25, 31), (26, 31), (27, 31), (28, 31), (29, 31), (29, 30), (29, 29), (30, 29), (31, 29), (31, 28), (31, 27), (30, 27), (30, 26), (30, 25), (30, 24), (30, 23), (29, 23), (28, 23), (27, 23), (27, 24), (27, 24)], 2: [(13, 18), (14, 18), (14, 19), (15, 19), (15, 18), (16, 18), (17, 18), (17, 19), (17, 18), (17, 17), (18, 17), (18, 16), (18, 15), (18, 14), (18, 13), (18, 12), (18, 11), (17, 11), (17, 10), (17, 9), (16, 9), (15, 9), (14, 9), (13, 9), (13, 10), (13, 11), (12, 11), (11, 11), (11, 10), (11, 10)]}, 91)