

CBSS-C STATS
starts:[895, 262, 358, 489, 499]
targets:[29, 817, 733, 430, 323, 597, 166, 357, 530, 49]
dests:[746, 244, 887, 173, 169]
ac_dict:{29: {0, 1}, 817: {1, 2}, 733: {2, 3}, 430: {3, 4}, 746: {0}, 244: {1}, 887: {2}, 173: {3}, 169: {4}}
clusters:[1 0 0 1 0 1 0 1 1 0]

round: 3
best_g_value: 126.0
open_list_size: 2
num_low_level_expanded: 564
search_success: 1
search_time: 0.34570867801085114
n_tsp_call: 6
n_tsp_time: 0.24076546682044864
n_roots: 1
num_conflicts: 2
target_assignment: {166: 1, 597: 2}
cluster_target_selection: {0: 166, 1: 597}
num_nodes_transformed_graph: 28
agent_paths:({0: [(31, 27), (30, 27), (30, 26), (30, 25), (30, 24), (30, 23), (29, 23), (28, 23), (27, 23), (27, 24), (27, 25), (26, 25), (25, 25), (24, 25), (23, 25), (22, 25), (21, 25), (21, 26), (20, 26), (19, 26), (18, 26), (17, 26), (17, 25), (17, 24), (17, 23), (17, 22), (16, 22), (15, 22), (14, 22), (13, 22), (13, 23), (12, 23), (11, 23), (10, 23), (10, 23)], 1: [(6, 8), (6, 7), (6, 6), (6, 5), (7, 5), (7, 6), (8, 6), (9, 6), (10, 6), (11, 6), (11, 5), (12, 5), (13, 5), (14, 5), (15, 5), (16, 5), (17, 5), (18, 5), (19, 5), (19, 6), (19, 7), (20, 7), (20, 7)], 2: [(6, 11), (5, 11), (5, 12), (5, 13), (6, 13), (7, 13), (8, 13), (9, 13), (10, 13), (11, 13), (11, 14), (12, 14), (13, 14), (14, 14), (15, 14), (16, 14), (17, 14), (18, 14), (18, 15), (18, 16), (18, 17), (19, 17), (20, 17), (21, 17), (21, 18), (22, 18), (22, 19), (22, 20), (22, 21), (23, 21), (23, 22), (23, 23), (23, 24), (23, 25), (23, 26), (23, 27), (23, 27)], 3: [(9, 15), (9, 14), (9, 13), (9, 12), (9, 11), (10, 11), (11, 11), (12, 11), (13, 11), (13, 10), (13, 9), (13, 9), (14, 9), (14, 8), (14, 7), (13, 7), (13, 6), (13, 5), (13, 5)], 4: [(19, 15), (18, 15), (18, 14), (18, 13), (18, 12), (18, 11), (17, 11), (17, 10), (17, 9), (16, 9), (15, 9), (14, 9), (14, 8), (14, 7), (13, 7), (13, 6), (13, 5), (12, 5), (11, 5), (10, 5), (9, 5), (9, 5)]}, 35)