

CBSS-C STATS
starts:[415, 1018, 857]
targets:[702, 182, 255, 41, 318, 110, 334, 727, 211, 164, 692, 606, 131, 186, 242]
dests:[710, 962, 831]
ac_dict:{702: {0, 1}, 182: {1, 2}, 710: {0}, 962: {1}, 831: {2}}
clusters:[ 9  6  8 12  3 14 13  2  4 10  7 11  5  0  1]

round: 1
best_g_value: 183.0
open_list_size: 0
num_low_level_expanded: 449
search_success: 1
search_time: 1.2841085989930434
n_tsp_call: 1
n_tsp_time: 1.2654800299933413
n_roots: 1
num_conflicts: 0
target_assignment: {606: 0, 727: 0, 692: 0, 702: 1, 318: 1, 255: 1, 186: 1, 182: 1, 211: 1, 242: 1, 334: 1, 110: 1, 41: 1, 131: 1, 164: 1}
cluster_target_selection: {11: 606, 2: 727, 7: 692, 9: 702, 3: 318, 8: 255, 0: 186, 6: 182, 4: 211, 1: 242, 13: 334, 14: 110, 12: 41, 5: 131, 10: 164}
num_nodes_transformed_graph: 49
agent_paths:({0: [(31, 12), (31, 13), (31, 14), (31, 15), (31, 16), (31, 17), (30, 17), (30, 18), (29, 18), (28, 18), (27, 18), (26, 18), (25, 18), (24, 18), (23, 18), (23, 19), (22, 19), (22, 20), (22, 21), (23, 21), (23, 22), (22, 22), (21, 22), (21, 21), (20, 21), (19, 21), (18, 21), (17, 21), (17, 22), (16, 22), (15, 22), (14, 22), (13, 22), (13, 23), (12, 23), (11, 23), (10, 23), (9, 23), (9, 22), (9, 21), (8, 21), (7, 21), (6, 21), (6, 22), (6, 22)], 1: [(26, 31), (26, 30), (26, 29), (27, 29), (27, 28), (27, 27), (27, 26), (27, 25), (27, 24), (27, 23), (28, 23), (29, 23), (29, 22), (29, 21), (30, 21), (31, 21), (31, 20), (31, 19), (31, 18), (31, 17), (31, 16), (31, 15), (31, 14), (31, 13), (31, 12), (31, 11), (30, 11), (30, 10), (30, 9), (31, 9), (31, 8), (31, 7), (30, 7), (29, 7), (29, 6), (28, 6), (27, 6), (26, 6), (26, 5), (25, 5), (25, 6), (25, 7), (25, 8), (25, 9), (24, 9), (23, 9), (23, 8), (23, 7), (22, 7), (22, 6), (22, 5), (21, 5), (21, 6), (21, 7), (20, 7), (19, 7), (19, 6), (18, 6), (18, 7), (18, 8), (18, 9), (17, 9), (16, 9), (15, 9), (14, 9), (14, 10), (14, 9), (14, 8), (14, 7), (14, 6), (14, 5), (14, 4), (14, 3), (13, 3), (12, 3), (11, 3), (10, 3), (9, 3), (9, 2), (9, 1), (8, 1), (7, 1), (6, 1), (6, 2), (6, 3), (6, 4), (6, 5), (5, 5), (4, 5), (3, 5), (3, 4), (3, 5), (4, 5), (5, 5), (5, 6), (5, 7), (6, 7), (6, 8), (6, 9), (5, 9), (5, 10), (5, 11), (5, 12), (5, 13), (5, 14), (5, 15), (6, 15), (6, 16), (6, 17), (5, 17), (5, 18), (5, 19), (4, 19), (3, 19), (2, 19), (2, 20), (2, 21), (2, 22), (2, 23), (1, 23), (1, 24), (1, 25), (2, 25), (2, 26), (2, 27), (3, 27), (3, 28), (3, 29), (2, 29), (2, 30), (2, 30)], 2: [(25, 26), (25, 25), (26, 25), (27, 25), (27, 24), (27, 23), (28, 23), (29, 23), (30, 23), (30, 24), (30, 25), (31, 25), (31, 25)]}, 129)