

CBSS-C STATS
starts:[633, 711, 176]
targets:[205, 75, 235, 296, 54, 117, 597, 317, 465, 353, 326, 605, 703, 81, 874]
dests:[1016, 807, 1010]
ac_dict:{205: {0, 1}, 75: {1, 2}, 1016: {0}, 807: {1}, 1010: {2}}
clusters:[ 8 12  3  7 11  9  0 14  5  2 13 10  4  6  1]

round: 1
best_g_value: 188.0
open_list_size: 0
num_low_level_expanded: 457
search_success: 1
search_time: 1.247790541005088
n_tsp_call: 1
n_tsp_time: 1.2262635140068596
n_roots: 1
num_conflicts: 0
target_assignment: {605: 0, 703: 0, 317: 0, 117: 0, 54: 0, 81: 0, 205: 0, 465: 0, 597: 0, 75: 2, 235: 2, 296: 2, 326: 2, 353: 2, 874: 2}
cluster_target_selection: {10: 605, 4: 703, 14: 317, 9: 117, 11: 54, 6: 81, 8: 205, 5: 465, 0: 597, 12: 75, 3: 235, 7: 296, 13: 326, 2: 353, 1: 874}
num_nodes_transformed_graph: 49
agent_paths:({0: [(25, 19), (25, 18), (26, 18), (27, 18), (28, 18), (29, 18), (30, 18), (31, 18), (31, 19), (31, 20), (31, 21), (31, 20), (31, 19), (31, 18), (31, 17), (31, 16), (31, 15), (31, 14), (31, 13), (31, 12), (31, 11), (30, 11), (29, 11), (29, 10), (29, 9), (30, 9), (31, 9), (31, 8), (31, 7), (30, 7), (29, 7), (29, 6), (28, 6), (27, 6), (27, 5), (27, 4), (27, 3), (26, 3), (25, 3), (24, 3), (23, 3), (22, 3), (21, 3), (21, 2), (21, 1), (22, 1), (21, 1), (20, 1), (19, 1), (18, 1), (17, 1), (17, 2), (16, 2), (15, 2), (14, 2), (14, 3), (14, 4), (14, 5), (13, 5), (13, 6), (14, 6), (14, 7), (14, 8), (14, 9), (15, 9), (16, 9), (17, 9), (17, 10), (17, 11), (18, 11), (18, 12), (18, 13), (17, 13), (17, 14), (18, 14), (18, 15), (18, 16), (18, 17), (19, 17), (20, 17), (21, 17), (21, 18), (22, 18), (22, 19), (22, 20), (22, 21), (23, 21), (23, 22), (23, 23), (23, 24), (23, 25), (23, 26), (23, 27), (23, 28), (23, 29), (23, 30), (23, 31), (24, 31), (24, 31)], 1: [(7, 22), (6, 22), (5, 22), (4, 22), (3, 22), (3, 23), (2, 23), (1, 23), (1, 24), (1, 25), (2, 25), (3, 25), (3, 26), (4, 26), (5, 26), (5, 25), (6, 25), (7, 25), (7, 25)], 2: [(16, 5), (15, 5), (14, 5), (13, 5), (12, 5), (11, 5), (11, 4), (11, 3), (11, 2), (11, 3), (11, 4), (11, 5), (11, 6), (11, 7), (10, 7), (9, 7), (9, 6), (8, 6), (7, 6), (7, 7), (6, 7), (6, 8), (6, 9), (7, 9), (8, 9), (7, 9), (6, 9), (6, 10), (5, 10), (4, 10), (3, 10), (2, 10), (1, 10), (1, 11), (2, 11), (3, 11), (3, 10), (4, 10), (5, 10), (5, 11), (5, 12), (5, 13), (6, 13), (6, 14), (6, 15), (6, 16), (6, 17), (7, 17), (7, 18), (8, 18), (9, 18), (9, 19), (9, 20), (9, 21), (10, 21), (10, 22), (10, 23), (11, 23), (11, 24), (11, 25), (10, 25), (10, 26), (10, 27), (11, 27), (12, 27), (13, 27), (14, 27), (15, 27), (16, 27), (17, 27), (18, 27), (18, 28), (18, 29), (18, 30), (18, 31), (18, 31)]}, 97)