

CBSS-C STATS
starts:[312, 229, 677]
targets:[475, 45, 375, 969, 567, 1022, 539, 43, 720, 708, 85, 90, 731, 3, 245]
dests:[985, 942, 211]
ac_dict:{475: {0, 1}, 45: {1, 2}, 985: {0}, 942: {1}, 211: {2}}
clusters:[ 7 12  3  1  8  4  0  9 14 11 10 13  6  5  2]

round: 1
best_g_value: 192.0
open_list_size: 0
num_low_level_expanded: 416
search_success: 1
search_time: 0.33679615800792817
n_tsp_call: 1
n_tsp_time: 0.31552822300000116
n_roots: 1
num_conflicts: 0
target_assignment: {475: 0, 539: 0, 731: 0, 1022: 0, 3: 1, 43: 1, 45: 1, 85: 1, 90: 1, 375: 1, 567: 1, 720: 1, 969: 1, 708: 2, 245: 2}
cluster_target_selection: {7: 475, 0: 539, 6: 731, 4: 1022, 5: 3, 9: 43, 12: 45, 10: 85, 13: 90, 3: 375, 8: 567, 14: 720, 1: 969, 11: 708, 2: 245}
num_nodes_transformed_graph: 49
agent_paths:({0: [(24, 9), (25, 9), (26, 9), (27, 9), (27, 10), (27, 11), (27, 12), (27, 13), (27, 14), (27, 15), (27, 16), (27, 17), (27, 18), (27, 19), (27, 20), (27, 21), (27, 22), (27, 23), (27, 24), (27, 25), (27, 26), (27, 27), (27, 28), (27, 29), (27, 30), (27, 31), (28, 31), (29, 31), (30, 31), (29, 31), (28, 31), (27, 31), (26, 31), (25, 31), (25, 30), (25, 30)], 1: [(5, 7), (5, 6), (5, 5), (4, 5), (3, 5), (3, 4), (3, 3), (3, 2), (3, 1), (3, 0), (3, 1), (3, 2), (3, 3), (3, 4), (3, 5), (4, 5), (5, 5), (6, 5), (6, 4), (6, 3), (6, 2), (6, 1), (7, 1), (8, 1), (9, 1), (10, 1), (11, 1), (11, 2), (11, 3), (12, 3), (13, 3), (13, 2), (13, 1), (14, 1), (15, 1), (15, 2), (16, 2), (17, 2), (18, 2), (19, 2), (19, 1), (20, 1), (21, 1), (21, 2), (22, 2), (23, 2), (23, 3), (24, 3), (25, 3), (25, 2), (26, 2), (26, 3), (27, 3), (27, 4), (27, 5), (26, 5), (25, 5), (25, 6), (25, 7), (25, 8), (25, 9), (24, 9), (23, 9), (23, 10), (23, 11), (22, 11), (22, 12), (22, 13), (22, 14), (22, 15), (22, 16), (22, 17), (23, 17), (22, 17), (22, 18), (22, 19), (22, 20), (22, 21), (21, 21), (20, 21), (19, 21), (18, 21), (17, 21), (17, 22), (16, 22), (15, 22), (14, 22), (13, 22), (13, 23), (12, 23), (11, 23), (11, 24), (11, 25), (10, 25), (10, 26), (10, 27), (10, 28), (10, 29), (9, 29), (9, 30), (9, 29), (10, 29), (10, 28), (10, 27), (11, 27), (12, 27), (13, 27), (14, 27), (15, 27), (16, 27), (17, 27), (18, 27), (18, 28), (18, 29), (17, 29), (17, 30), (17, 31), (16, 31), (15, 31), (14, 31), (14, 30), (14, 29), (14, 29)], 2: [(5, 21), (5, 22), (4, 22), (5, 22), (5, 21), (6, 21), (7, 21), (8, 21), (9, 21), (9, 20), (9, 19), (9, 18), (9, 17), (10, 17), (11, 17), (11, 16), (11, 15), (11, 14), (12, 14), (13, 14), (14, 14), (15, 14), (16, 14), (17, 14), (17, 13), (18, 13), (18, 12), (18, 11), (18, 10), (18, 9), (18, 8), (18, 7), (19, 7), (20, 7), (21, 7), (20, 7), (19, 7), (19, 6), (19, 6)]}, 121)