

CBSS-C STATS
starts:[1005, 167, 627, 475, 99]
targets:[725, 614, 299, 832, 306, 861, 889, 701, 435, 599, 79, 383, 304, 346, 622, 591, 221, 178, 579, 887]
dests:[974, 81, 649, 179, 449]
ac_dict:{725: {0, 1}, 614: {1, 2}, 299: {2, 3}, 832: {3, 4}, 974: {0}, 81: {1}, 649: {2}, 179: {3}, 449: {4}}
clusters:[ 2 12  5 10 13  1 15 14  7  3 11 18  9 16 17  6 19  8  4  0]

round: 1
best_g_value: 238.0
open_list_size: 0
num_low_level_expanded: 555
search_success: 1
search_time: 0.9974636080005439
n_tsp_call: 1
n_tsp_time: 0.9652436559990747
n_roots: 1
num_conflicts: 0
target_assignment: {887: 0, 725: 0, 599: 0, 861: 0, 701: 0, 889: 0, 579: 4, 832: 4, 591: 2, 622: 2, 435: 2, 306: 2, 304: 2, 299: 2, 614: 2, 79: 1, 383: 3, 221: 3, 346: 3, 178: 3}
cluster_target_selection: {0: 887, 2: 725, 3: 599, 1: 861, 14: 701, 15: 889, 4: 579, 10: 832, 6: 591, 17: 622, 7: 435, 13: 306, 9: 304, 5: 299, 12: 614, 11: 79, 18: 383, 19: 221, 16: 346, 8: 178}
num_nodes_transformed_graph: 51
agent_paths:({0: [(13, 31), (14, 31), (15, 31), (16, 31), (17, 31), (18, 31), (19, 31), (20, 31), (21, 31), (21, 30), (21, 29), (22, 29), (23, 29), (23, 28), (23, 27), (23, 26), (23, 25), (23, 24), (23, 23), (22, 23), (21, 23), (21, 22), (21, 21), (22, 21), (22, 20), (22, 19), (22, 18), (23, 18), (24, 18), (25, 18), (26, 18), (27, 18), (27, 19), (27, 20), (27, 21), (27, 22), (27, 23), (28, 23), (29, 23), (30, 23), (30, 24), (30, 25), (29, 25), (29, 26), (29, 25), (30, 25), (30, 24), (30, 23), (29, 23), (29, 22), (29, 21), (29, 22), (29, 23), (28, 23), (27, 23), (27, 24), (27, 25), (26, 25), (25, 25), (25, 26), (25, 27), (25, 26), (25, 25), (24, 25), (23, 25), (22, 25), (21, 25), (21, 26), (20, 26), (19, 26), (18, 26), (18, 27), (18, 28), (18, 29), (17, 29), (17, 30), (17, 31), (16, 31), (15, 31), (14, 31), (14, 30), (14, 30)], 1: [(7, 5), (7, 6), (8, 6), (9, 6), (9, 5), (10, 5), (11, 5), (11, 4), (11, 3), (12, 3), (13, 3), (13, 2), (14, 2), (15, 2), (16, 2), (17, 2), (17, 2)], 2: [(19, 19), (18, 19), (17, 19), (17, 18), (16, 18), (15, 18), (14, 18), (14, 19), (14, 18), (15, 18), (16, 18), (17, 18), (17, 17), (18, 17), (18, 16), (18, 15), (18, 14), (18, 13), (19, 13), (18, 13), (18, 12), (18, 11), (18, 10), (18, 9), (17, 9), (16, 9), (15, 9), (14, 9), (13, 9), (13, 10), (13, 11), (12, 11), (11, 11), (11, 10), (11, 9), (10, 9), (9, 9), (9, 10), (9, 11), (9, 12), (9, 13), (8, 13), (7, 13), (6, 13), (6, 14), (6, 15), (6, 16), (6, 17), (6, 18), (6, 19), (7, 19), (7, 18), (8, 18), (9, 18), (9, 19), (9, 20), (9, 20)], 3: [(27, 14), (28, 14), (29, 14), (29, 13), (30, 13), (31, 13), (31, 12), (31, 11), (31, 10), (31, 9), (31, 8), (31, 7), (30, 7), (29, 7), (29, 6), (28, 6), (27, 6), (26, 6), (26, 7), (25, 7), (25, 8), (25, 9), (26, 9), (26, 10), (25, 10), (25, 9), (24, 9), (23, 9), (23, 8), (23, 7), (22, 7), (21, 7), (20, 7), (19, 7), (18, 7), (18, 6), (18, 5), (19, 5), (19, 5)], 4: [(3, 3), (3, 4), (3, 5), (4, 5), (5, 5), (5, 6), (5, 7), (6, 7), (6, 8), (6, 9), (5, 9), (5, 10), (5, 11), (5, 12), (5, 13), (5, 14), (5, 15), (6, 15), (6, 16), (6, 17), (5, 17), (5, 18), (5, 19), (4, 19), (3, 19), (3, 18), (2, 18), (2, 19), (2, 20), (2, 21), (1, 21), (1, 22), (1, 23), (1, 24), (1, 25), (1, 26), (0, 26), (1, 26), (1, 25), (1, 24), (1, 23), (1, 22), (1, 21), (2, 21), (2, 20), (2, 19), (2, 18), (2, 17), (2, 16), (2, 15), (1, 15), (1, 14), (1, 14)]}, 80)