

CBSS-C STATS
starts:[766, 679, 87, 571, 722]
targets:[454, 850, 378, 62, 421, 158, 443, 114, 174, 785]
dests:[460, 161, 214, 717, 899]
ac_dict:{454: {0, 1}, 850: {1, 2}, 378: {2, 3}, 62: {3, 4}, 460: {0}, 161: {1}, 214: {2}, 717: {3}, 899: {4}}
clusters:[0 3 4 4 2 2 3 3 1 1]

round: 1
best_g_value: 130.0
open_list_size: 0
num_low_level_expanded: 293
search_success: 1
search_time: 0.09277145378291607
n_tsp_call: 1
n_tsp_time: 0.07494664192199707
n_roots: 1
num_conflicts: 0
target_assignment: {785: 4, 454: 1, 421: 1, 378: 2, 443: 2}
cluster_target_selection: {1: 785, 0: 454, 2: 421, 4: 378, 3: 443}
num_nodes_transformed_graph: 29
agent_paths:({0: [(30, 23), (29, 23), (28, 23), (27, 23), (27, 22), (27, 21), (27, 20), (27, 19), (26, 19), (25, 19), (25, 18), (24, 18), (23, 18), (22, 18), (21, 18), (21, 17), (20, 17), (19, 17), (18, 17), (18, 16), (18, 15), (17, 15), (17, 14), (16, 14), (15, 14), (14, 14), (13, 14), (12, 14), (12, 14)], 1: [(7, 21), (8, 21), (9, 21), (9, 20), (9, 19), (9, 18), (8, 18), (7, 18), (6, 18), (6, 17), (6, 16), (6, 15), (6, 14), (5, 14), (5, 13), (5, 12), (5, 11), (5, 10), (5, 9), (6, 9), (6, 8), (6, 7), (5, 7), (5, 6), (5, 5), (4, 5), (3, 5), (2, 5), (1, 5), (1, 5)], 2: [(23, 2), (23, 3), (24, 3), (25, 3), (26, 3), (27, 3), (27, 4), (27, 5), (26, 5), (26, 6), (26, 7), (25, 7), (25, 8), (25, 9), (26, 9), (26, 10), (26, 11), (27, 11), (27, 12), (27, 13), (27, 12), (27, 11), (26, 11), (25, 11), (25, 10), (25, 9), (24, 9), (23, 9), (23, 8), (23, 7), (22, 7), (22, 6), (22, 6)], 3: [(27, 17), (26, 17), (25, 17), (25, 18), (24, 18), (23, 18), (22, 18), (22, 19), (22, 20), (22, 21), (21, 21), (20, 21), (19, 21), (18, 21), (17, 21), (17, 22), (16, 22), (15, 22), (14, 22), (13, 22), (13, 22)], 4: [(18, 22), (17, 22), (17, 23), (17, 24), (17, 25), (17, 26), (17, 27), (16, 27), (15, 27), (14, 27), (13, 27), (12, 27), (11, 27), (10, 27), (10, 28), (10, 29), (9, 29), (9, 30), (8, 30), (7, 30), (6, 30), (5, 30), (4, 30), (3, 30), (3, 29), (3, 28), (3, 28)]}, 31)