

CBSS-C STATS
starts:[321, 757, 296, 464, 239, 1016, 97]
targets:[191, 735, 95, 161, 722, 393, 462, 791, 165, 683]
dests:[507, 977, 585, 721, 584, 578, 424]
ac_dict:{191: {0, 1}, 735: {1, 2}, 95: {2, 3}, 161: {3, 4}, 722: {4, 5}, 393: {5, 6}, 507: {0}, 977: {1}, 585: {2}, 721: {3}, 584: {4}, 578: {5}, 424: {6}}
clusters:[1 4 3 5 2 6 8 9 0 7]

round: 2
best_g_value: 269.0
open_list_size: 1
num_low_level_expanded: 1001
search_success: 1
search_time: 0.35903573800169397
n_tsp_call: 1
n_tsp_time: 0.3131117080047261
n_roots: 1
num_conflicts: 1
target_assignment: {462: 0, 191: 0, 95: 3, 161: 4, 791: 5, 722: 5, 683: 5, 735: 1, 165: 6, 393: 6}
cluster_target_selection: {8: 462, 1: 191, 3: 95, 5: 161, 9: 791, 2: 722, 7: 683, 4: 735, 0: 165, 6: 393}
num_nodes_transformed_graph: 54
agent_paths:({0: [(1, 10), (2, 10), (3, 10), (4, 10), (5, 10), (5, 11), (5, 12), (5, 13), (6, 13), (7, 13), (8, 13), (9, 13), (10, 13), (11, 13), (11, 14), (12, 14), (13, 14), (14, 14), (15, 14), (16, 14), (17, 14), (17, 13), (18, 13), (18, 12), (18, 11), (19, 11), (20, 11), (21, 11), (21, 10), (21, 9), (22, 9), (23, 9), (24, 9), (25, 9), (25, 8), (25, 7), (25, 6), (26, 6), (27, 6), (28, 6), (29, 6), (29, 5), (30, 5), (31, 5), (31, 6), (31, 7), (31, 8), (31, 9), (30, 9), (29, 9), (29, 10), (28, 10), (27, 10), (27, 11), (27, 12), (27, 13), (27, 14), (27, 15), (27, 15)], 1: [(21, 23), (22, 23), (23, 23), (23, 24), (23, 25), (24, 25), (25, 25), (26, 25), (27, 25), (27, 24), (27, 23), (28, 23), (29, 23), (29, 22), (30, 22), (31, 22), (30, 22), (29, 22), (29, 23), (28, 23), (27, 23), (27, 24), (27, 25), (26, 25), (25, 25), (24, 25), (23, 25), (22, 25), (21, 25), (21, 26), (20, 26), (19, 26), (18, 26), (18, 27), (18, 28), (18, 29), (17, 29), (17, 30), (17, 30)], 2: [(8, 9), (9, 9), (9, 10), (9, 11), (9, 12), (9, 13), (9, 14), (9, 15), (10, 15), (11, 15), (11, 16), (11, 17), (10, 17), (9, 17), (9, 18), (9, 18)], 3: [(16, 14), (17, 14), (17, 13), (18, 13), (18, 12), (18, 11), (19, 11), (20, 11), (21, 11), (21, 10), (21, 9), (22, 9), (23, 9), (24, 9), (25, 9), (25, 8), (25, 7), (25, 6), (25, 5), (26, 5), (27, 5), (27, 4), (27, 3), (27, 2), (28, 2), (29, 2), (30, 2), (31, 2), (30, 2), (29, 2), (28, 2), (27, 2), (27, 3), (27, 4), (27, 5), (26, 5), (25, 5), (25, 6), (25, 7), (25, 8), (25, 9), (24, 9), (23, 9), (22, 9), (22, 10), (22, 11), (22, 12), (22, 13), (22, 14), (22, 15), (22, 16), (22, 17), (22, 18), (22, 19), (22, 20), (22, 21), (21, 21), (20, 21), (19, 21), (18, 21), (17, 21), (17, 22), (17, 22)], 4: [(15, 7), (14, 7), (13, 7), (13, 6), (13, 5), (12, 5), (11, 5), (10, 5), (9, 5), (9, 6), (8, 6), (7, 6), (6, 6), (5, 6), (5, 5), (4, 5), (3, 5), (2, 5), (1, 5), (2, 5), (3, 5), (4, 5), (5, 5), (6, 5), (6, 6), (6, 7), (6, 8), (6, 9), (6, 10), (6, 11), (5, 11), (5, 12), (5, 13), (6, 13), (6, 14), (6, 15), (6, 16), (6, 17), (7, 17), (7, 18), (8, 18), (8, 18)], 5: [(24, 31), (23, 31), (23, 30), (23, 29), (23, 28), (23, 27), (23, 26), (23, 25), (23, 24), (23, 23), (22, 23), (21, 23), (21, 22), (21, 21), (20, 21), (19, 21), (18, 21), (18, 22), (17, 22), (16, 22), (15, 22), (14, 22), (13, 22), (13, 23), (12, 23), (11, 23), (11, 22), (11, 21), (10, 21), (9, 21), (8, 21), (7, 21), (6, 21), (5, 21), (5, 22), (4, 22), (3, 22), (2, 22), (2, 21), (2, 20), (2, 19), (2, 18), (2, 18)], 6: [(1, 3), (2, 3), (3, 3), (3, 4), (3, 5), (4, 5), (5, 5), (6, 5), (6, 6), (6, 7), (6, 8), (6, 9), (7, 9), (8, 9), (9, 9), (9, 10), (9, 11), (9, 12), (9, 13), (8, 13), (8, 13)]}, 61)