

CBSS-C STATS
starts:[853, 807, 968]
targets:[170, 701, 810, 558, 494, 846, 422, 209, 221, 553, 475, 564, 1021, 914, 178]
dests:[885, 309, 195]
ac_dict:{170: {0, 1}, 701: {1, 2}, 885: {0}, 309: {1}, 195: {2}}
clusters:[13 10  0  7  5  9  6 14  4  8 12  1  3  2 11]

round: 1
best_g_value: 220.0
open_list_size: 0
num_low_level_expanded: 560
search_success: 1
search_time: 0.08714250900084153
n_tsp_call: 1
n_tsp_time: 0.06729552999604493
n_roots: 1
num_conflicts: 0
target_assignment: {914: 0, 1021: 0, 422: 1, 170: 1, 178: 1, 209: 1, 558: 1, 564: 1, 701: 1, 475: 1, 221: 1, 846: 2, 810: 2, 553: 2, 494: 2}
cluster_target_selection: {2: 914, 3: 1021, 6: 422, 13: 170, 11: 178, 14: 209, 7: 558, 1: 564, 10: 701, 12: 475, 4: 221, 9: 846, 0: 810, 8: 553, 5: 494}
num_nodes_transformed_graph: 27
agent_paths:({0: [(21, 26), (20, 26), (19, 26), (18, 26), (18, 27), (18, 28), (18, 29), (19, 29), (19, 30), (19, 31), (20, 31), (21, 31), (22, 31), (23, 31), (24, 31), (25, 31), (26, 31), (27, 31), (28, 31), (29, 31), (28, 31), (27, 31), (26, 31), (25, 31), (24, 31), (23, 31), (23, 30), (23, 29), (23, 28), (23, 27), (22, 27), (21, 27), (21, 27)], 1: [(7, 25), (6, 25), (5, 25), (5, 26), (4, 26), (3, 26), (3, 25), (2, 25), (1, 25), (1, 24), (1, 23), (1, 22), (1, 21), (2, 21), (2, 20), (2, 19), (3, 19), (4, 19), (5, 19), (5, 18), (5, 17), (6, 17), (6, 16), (6, 15), (6, 14), (6, 13), (5, 13), (5, 12), (5, 11), (5, 10), (5, 9), (6, 9), (6, 8), (6, 7), (6, 6), (7, 6), (8, 6), (9, 6), (9, 5), (10, 5), (11, 5), (12, 5), (13, 5), (14, 5), (15, 5), (16, 5), (17, 5), (18, 5), (17, 5), (17, 6), (17, 7), (18, 7), (18, 8), (18, 9), (18, 10), (18, 11), (18, 12), (18, 13), (18, 14), (18, 15), (18, 16), (18, 17), (17, 17), (17, 18), (16, 18), (15, 18), (14, 18), (14, 17), (15, 17), (15, 18), (16, 18), (17, 18), (17, 17), (18, 17), (19, 17), (20, 17), (21, 17), (22, 17), (23, 17), (23, 18), (24, 18), (25, 18), (26, 18), (27, 18), (28, 18), (29, 18), (29, 19), (30, 19), (31, 19), (31, 20), (31, 21), (30, 21), (29, 21), (30, 21), (31, 21), (31, 20), (31, 19), (30, 19), (29, 19), (29, 18), (28, 18), (27, 18), (27, 17), (27, 16), (27, 15), (27, 14), (27, 13), (27, 12), (27, 11), (27, 10), (28, 10), (29, 10), (29, 9), (30, 9), (31, 9), (31, 8), (31, 7), (30, 7), (29, 7), (29, 6), (28, 6), (27, 6), (26, 6), (25, 6), (25, 7), (25, 8), (25, 9), (24, 9), (23, 9), (22, 9), (21, 9), (21, 9)], 2: [(8, 30), (9, 30), (9, 29), (10, 29), (10, 28), (10, 27), (11, 27), (12, 27), (13, 27), (13, 26), (14, 26), (13, 26), (13, 27), (12, 27), (11, 27), (10, 27), (10, 26), (10, 25), (11, 25), (11, 24), (11, 23), (10, 23), (9, 23), (9, 22), (9, 21), (9, 20), (9, 19), (9, 18), (9, 17), (10, 17), (11, 17), (11, 16), (11, 15), (11, 14), (12, 14), (13, 14), (14, 14), (14, 15), (13, 15), (13, 14), (12, 14), (11, 14), (10, 14), (9, 14), (9, 13), (9, 12), (9, 11), (9, 10), (9, 9), (8, 9), (7, 9), (6, 9), (6, 8), (6, 7), (5, 7), (5, 6), (5, 5), (4, 5), (3, 5), (3, 6), (3, 6)]}, 130)