

CBSS-C STATS
starts:[680, 52, 245, 589, 214]
targets:[881, 965, 961, 105, 29, 171, 928, 914, 498, 973, 49, 375, 38, 963, 887, 242, 923, 547, 402, 99]
dests:[747, 334, 96, 562, 866]
ac_dict:{881: {0, 1}, 965: {1, 2}, 961: {2, 3}, 105: {3, 4}, 747: {0}, 334: {1}, 96: {2}, 562: {3}, 866: {4}}
clusters:[4 7 0 0 7 8 1 5 3 9 1 6 2 9 6 3 5 4 1 1]

round: 7
best_g_value: 181.0
open_list_size: 6
num_low_level_expanded: 3189
search_success: 1
search_time: 6.066286656074226
n_tsp_call: 15
n_tsp_time: 5.878551033325493
n_roots: 1
num_conflicts: 6
target_assignment: {375: 2, 914: 2, 965: 2, 963: 2, 99: 2, 242: 4, 171: 4, 105: 4, 38: 4, 547: 4}
cluster_target_selection: {6: 375, 5: 914, 7: 965, 9: 963, 1: 99, 3: 242, 8: 171, 0: 105, 2: 38, 4: 547}
num_nodes_transformed_graph: 53
agent_paths:({0: [(8, 21), (9, 21), (10, 21), (11, 21), (11, 22), (11, 23), (11, 23)], 1: [(20, 1), (19, 1), (18, 1), (17, 1), (17, 2), (16, 2), (15, 2), (14, 2), (14, 3), (14, 4), (14, 5), (14, 6), (14, 7), (14, 8), (14, 9), (14, 10), (14, 10)], 2: [(21, 7), (22, 7), (23, 7), (23, 8), (23, 9), (23, 10), (23, 11), (22, 11), (22, 12), (22, 13), (22, 14), (22, 15), (22, 16), (22, 17), (22, 18), (22, 19), (22, 20), (22, 21), (21, 21), (20, 21), (19, 21), (18, 21), (18, 22), (18, 23), (17, 23), (17, 24), (17, 25), (18, 25), (18, 26), (18, 27), (18, 28), (18, 27), (17, 27), (16, 27), (15, 27), (14, 27), (13, 27), (12, 27), (11, 27), (10, 27), (10, 28), (10, 29), (9, 29), (9, 30), (8, 30), (7, 30), (6, 30), (5, 30), (4, 30), (3, 30), (3, 29), (3, 28), (3, 27), (3, 26), (3, 25), (2, 25), (1, 25), (1, 24), (1, 23), (1, 22), (1, 21), (2, 21), (2, 20), (2, 19), (3, 19), (4, 19), (5, 19), (5, 18), (5, 17), (6, 17), (6, 16), (6, 15), (5, 15), (5, 14), (5, 13), (5, 12), (5, 11), (5, 10), (5, 9), (6, 9), (6, 8), (6, 7), (5, 7), (5, 6), (5, 5), (4, 5), (3, 5), (3, 4), (3, 3), (2, 3), (1, 3), (0, 3), (0, 3)], 3: [(13, 18), (14, 18), (15, 18), (16, 18), (17, 18), (17, 17), (18, 17), (18, 17)], 4: [(22, 6), (21, 6), (21, 7), (20, 7), (19, 7), (18, 7), (17, 7), (17, 6), (17, 5), (16, 5), (15, 5), (14, 5), (13, 5), (12, 5), (11, 5), (11, 4), (11, 3), (10, 3), (9, 3), (9, 2), (9, 1), (8, 1), (7, 1), (6, 1), (6, 2), (6, 3), (6, 4), (6, 5), (6, 6), (6, 7), (6, 8), (6, 9), (5, 9), (5, 10), (5, 11), (5, 12), (5, 13), (5, 14), (5, 15), (6, 15), (6, 16), (6, 17), (5, 17), (5, 18), (5, 19), (4, 19), (3, 19), (3, 18), (3, 17), (2, 17), (2, 18), (2, 19), (2, 20), (2, 21), (2, 22), (2, 23), (2, 23), (2, 23), (2, 23), (1, 23), (1, 24), (1, 25), (2, 25), (2, 26), (2, 27), (2, 27)]}, 91)