

CBSS-C STATS
starts:[200, 963]
targets:[324, 1013, 313, 194, 1015, 38, 683, 595, 791, 369]
dests:[58, 301]
ac_dict:{324: {0, 1}, 58: {0}, 301: {1}}
clusters:[9 3 1 4 7 6 2 8 0 5]

round: 1
best_g_value: 156.0
open_list_size: 0
num_low_level_expanded: 358
search_success: 1
search_time: 0.03037453000433743
n_tsp_call: 1
n_tsp_time: 0.01728152300347574
n_roots: 1
num_conflicts: 0
target_assignment: {194: 0, 38: 0, 369: 0, 595: 0, 791: 0, 1013: 0, 1015: 0, 313: 0, 683: 1, 324: 1}
cluster_target_selection: {4: 194, 6: 38, 5: 369, 8: 595, 0: 791, 3: 1013, 7: 1015, 1: 313, 2: 683, 9: 324}
num_nodes_transformed_graph: 14
agent_paths:({0: [(8, 6), (7, 6), (6, 6), (5, 6), (5, 5), (4, 5), (3, 5), (2, 5), (2, 6), (2, 5), (3, 5), (4, 5), (5, 5), (6, 5), (6, 4), (6, 3), (6, 2), (6, 1), (7, 1), (8, 1), (9, 1), (10, 1), (11, 1), (11, 2), (11, 3), (12, 3), (13, 3), (14, 3), (14, 4), (14, 5), (14, 6), (14, 7), (14, 8), (14, 9), (15, 9), (16, 9), (17, 9), (17, 10), (17, 11), (18, 11), (18, 12), (18, 13), (18, 14), (18, 15), (18, 16), (18, 17), (19, 17), (19, 18), (19, 17), (20, 17), (21, 17), (22, 17), (22, 18), (22, 19), (22, 20), (22, 21), (23, 21), (23, 22), (23, 23), (23, 24), (23, 25), (23, 26), (23, 27), (23, 28), (23, 29), (22, 29), (21, 29), (21, 30), (21, 31), (22, 31), (23, 31), (23, 30), (23, 29), (23, 28), (23, 27), (23, 26), (23, 25), (23, 24), (23, 23), (23, 22), (23, 21), (22, 21), (22, 20), (22, 19), (22, 18), (22, 17), (22, 16), (22, 15), (22, 14), (22, 13), (22, 12), (22, 11), (22, 10), (22, 9), (23, 9), (24, 9), (25, 9), (25, 8), (25, 7), (25, 6), (25, 5), (26, 5), (27, 5), (27, 4), (27, 3), (26, 3), (26, 2), (26, 1), (26, 1)], 1: [(3, 30), (4, 30), (5, 30), (6, 30), (7, 30), (8, 30), (9, 30), (9, 29), (10, 29), (10, 28), (10, 27), (10, 26), (10, 25), (11, 25), (11, 24), (11, 23), (11, 22), (11, 21), (10, 21), (9, 21), (9, 20), (9, 19), (9, 18), (8, 18), (7, 18), (6, 18), (6, 17), (6, 16), (6, 15), (5, 15), (5, 14), (5, 13), (5, 12), (5, 11), (5, 10), (4, 10), (5, 10), (5, 9), (6, 9), (7, 9), (8, 9), (9, 9), (10, 9), (11, 9), (11, 10), (11, 11), (12, 11), (13, 11), (13, 10), (13, 9), (13, 9)]}, 107)