

CBSS-C STATS
starts:[942, 711, 982, 561, 873]
targets:[59, 241, 303, 739, 627, 325, 945, 176, 629, 370]
dests:[82, 685, 950, 296, 857]
ac_dict:{59: {0, 1}, 241: {1, 2}, 303: {2, 3}, 739: {3, 4}, 82: {0}, 685: {1}, 950: {2}, 296: {3}, 857: {4}}
clusters:[4 0 4 2 0 1 1 0 4 3]

round: 1
best_g_value: 135.0
open_list_size: 0
num_low_level_expanded: 339
search_success: 1
search_time: 0.14747324399650097
n_tsp_call: 1
n_tsp_time: 0.13537069829180837
n_roots: 1
num_conflicts: 0
target_assignment: {629: 0, 370: 0, 176: 0, 739: 3, 325: 3}
cluster_target_selection: {4: 629, 3: 370, 0: 176, 2: 739, 1: 325}
num_nodes_transformed_graph: 48
agent_paths:({0: [(14, 29), (15, 29), (15, 30), (15, 31), (16, 31), (17, 31), (17, 30), (17, 29), (18, 29), (18, 28), (18, 27), (18, 26), (18, 25), (17, 25), (17, 24), (17, 23), (17, 22), (17, 21), (18, 21), (19, 21), (20, 21), (21, 21), (22, 21), (22, 20), (22, 19), (21, 19), (21, 18), (21, 17), (20, 17), (19, 17), (18, 17), (18, 16), (18, 15), (18, 14), (18, 13), (18, 12), (18, 11), (18, 10), (18, 9), (18, 8), (18, 7), (17, 7), (17, 6), (17, 5), (16, 5), (15, 5), (14, 5), (14, 4), (14, 3), (14, 2), (15, 2), (16, 2), (17, 2), (18, 2), (18, 2)], 1: [(7, 22), (7, 21), (8, 21), (9, 21), (10, 21), (11, 21), (11, 22), (11, 23), (12, 23), (13, 23), (13, 22), (13, 21), (13, 21)], 2: [(22, 30), (22, 29), (22, 29)], 3: [(17, 17), (18, 17), (18, 16), (18, 15), (17, 15), (17, 14), (16, 14), (15, 14), (14, 14), (13, 14), (12, 14), (11, 14), (11, 15), (11, 16), (11, 17), (10, 17), (9, 17), (9, 18), (9, 19), (9, 20), (9, 21), (8, 21), (7, 21), (6, 21), (5, 21), (5, 22), (4, 22), (3, 22), (3, 23), (3, 22), (3, 21), (2, 21), (2, 20), (2, 19), (3, 19), (4, 19), (5, 19), (5, 18), (5, 17), (6, 17), (6, 16), (6, 15), (5, 15), (5, 14), (5, 13), (5, 12), (5, 11), (5, 10), (5, 9), (6, 9), (7, 9), (8, 9), (8, 9)], 4: [(9, 27), (10, 27), (11, 27), (12, 27), (13, 27), (14, 27), (15, 27), (16, 27), (17, 27), (17, 26), (18, 26), (19, 26), (20, 26), (21, 26), (22, 26), (23, 26), (23, 25), (24, 25), (25, 25), (25, 26), (25, 26)]}, 53)