

CBSS-C STATS
starts:[467, 885, 950, 49, 167]
targets:[985, 589, 839, 47, 673, 703, 119, 855, 625, 811]
dests:[355, 699, 667, 235, 889]
ac_dict:{985: {0, 1}, 589: {1, 2}, 839: {2, 3}, 47: {3, 4}, 355: {0}, 699: {1}, 667: {2}, 235: {3}, 889: {4}}
clusters:[0 0 1 1 0 0 0 1 1 0]

round: 2
best_g_value: 111.0
open_list_size: 1
num_low_level_expanded: 359
search_success: 1
search_time: 0.3660088460892439
n_tsp_call: 6
n_tsp_time: 0.27161085745319724
n_roots: 1
num_conflicts: 1
target_assignment: {855: 2, 985: 1}
cluster_target_selection: {1: 855, 0: 985}
num_nodes_transformed_graph: 29
agent_paths:({0: [(19, 14), (18, 14), (17, 14), (16, 14), (15, 14), (14, 14), (13, 14), (12, 14), (11, 14), (10, 14), (9, 14), (9, 13), (8, 13), (7, 13), (6, 13), (5, 13), (5, 12), (5, 11), (5, 10), (4, 10), (3, 10), (3, 11), (3, 11)], 1: [(21, 27), (22, 27), (22, 27), (22, 27), (23, 27), (23, 28), (23, 29), (23, 30), (23, 31), (24, 31), (25, 31), (25, 30), (25, 29), (26, 29), (27, 29), (27, 28), (27, 27), (27, 26), (27, 25), (27, 24), (27, 23), (27, 22), (27, 21), (27, 21)], 2: [(22, 29), (23, 29), (23, 28), (23, 27), (23, 26), (23, 25), (24, 25), (25, 25), (26, 25), (27, 25), (27, 24), (27, 23), (27, 22), (27, 21), (27, 20), (27, 20)], 3: [(17, 1), (17, 2), (16, 2), (15, 2), (14, 2), (13, 2), (13, 3), (12, 3), (11, 3), (11, 4), (11, 5), (11, 6), (11, 7), (11, 7)], 4: [(7, 5), (7, 6), (8, 6), (9, 6), (10, 6), (11, 6), (11, 5), (12, 5), (13, 5), (14, 5), (15, 5), (16, 5), (17, 5), (18, 5), (18, 6), (18, 7), (18, 8), (18, 9), (19, 9), (19, 10), (19, 11), (20, 11), (21, 11), (22, 11), (22, 12), (22, 13), (22, 14), (22, 15), (22, 16), (22, 17), (22, 18), (22, 19), (22, 20), (22, 21), (23, 21), (23, 22), (23, 23), (23, 24), (23, 25), (24, 25), (25, 25), (25, 26), (25, 27), (25, 27)]}, 42)