

CBSS-C STATS
starts:[214, 481, 34, 753, 226, 67, 176, 270, 543, 706]
targets:[763, 362, 813, 119, 178, 211, 549, 551, 619, 546, 40, 476, 486, 695, 402]
dests:[57, 250, 201, 195, 50, 479, 837, 698, 891, 458]
ac_dict:{763: {0, 1}, 362: {1, 2}, 813: {2, 3}, 119: {3, 4}, 178: {4, 5}, 211: {5, 6}, 549: {6, 7}, 551: {8, 7}, 619: {8, 9}, 57: {0}, 250: {1}, 201: {2}, 195: {3}, 50: {4}, 479: {5}, 837: {6}, 698: {7}, 891: {8}, 458: {9}}
clusters:[4 3 5 4 8 1 2 8 4 1 7 6 9 0 9]

round: 9
best_g_value: 299.0
open_list_size: 8
num_low_level_expanded: 2545
search_success: 1
search_time: 12.77536470675841
n_tsp_call: 18
n_tsp_time: 11.210481127724051
n_roots: 1
num_conflicts: 8
target_assignment: {402: 7, 695: 7, 40: 4, 549: 6, 619: 9, 362: 1, 178: 5, 211: 5, 476: 5, 813: 3}
cluster_target_selection: {9: 402, 0: 695, 7: 40, 2: 549, 4: 619, 3: 362, 8: 178, 1: 211, 6: 476, 5: 813}
num_nodes_transformed_graph: 98
agent_paths:({0: [(22, 6), (23, 6), (23, 7), (23, 8), (23, 9), (24, 9), (25, 9), (25, 8), (25, 7), (25, 6), (25, 5), (26, 5), (27, 5), (27, 4), (27, 3), (26, 3), (25, 3), (25, 2), (25, 1), (25, 1)], 1: [(1, 15), (2, 15), (2, 16), (2, 17), (3, 17), (3, 18), (3, 19), (4, 19), (5, 19), (5, 18), (5, 17), (6, 17), (6, 16), (6, 15), (6, 14), (7, 14), (7, 14), (7, 14), (7, 13), (8, 13), (9, 13), (9, 12), (9, 11), (10, 11), (11, 11), (12, 11), (13, 11), (13, 10), (13, 9), (14, 9), (15, 9), (16, 9), (17, 9), (18, 9), (18, 8), (18, 7), (19, 7), (20, 7), (21, 7), (22, 7), (23, 7), (23, 8), (23, 9), (24, 9), (25, 9), (25, 8), (25, 7), (26, 7), (26, 7)], 2: [(2, 1), (3, 1), (3, 2), (3, 3), (3, 4), (3, 5), (4, 5), (5, 5), (6, 5), (7, 5), (7, 6), (8, 6), (9, 6), (9, 6)], 3: [(17, 23), (17, 22), (16, 22), (15, 22), (15, 23), (15, 24), (15, 25), (14, 25), (13, 25), (14, 25), (15, 25), (15, 24), (15, 23), (14, 23), (13, 23), (12, 23), (11, 23), (10, 23), (9, 23), (9, 22), (9, 21), (9, 20), (9, 19), (9, 18), (8, 18), (7, 18), (6, 18), (6, 17), (6, 16), (6, 15), (5, 15), (5, 14), (5, 13), (5, 12), (5, 11), (5, 10), (5, 9), (6, 9), (6, 8), (6, 7), (5, 7), (5, 6), (5, 5), (4, 5), (3, 5), (3, 6), (3, 6)], 4: [(2, 7), (2, 6), (2, 5), (2, 5), (3, 5), (4, 5), (5, 5), (6, 5), (6, 4), (6, 3), (6, 2), (6, 1), (7, 1), (8, 1), (9, 1), (10, 1), (11, 1), (11, 2), (11, 3), (12, 3), (13, 3), (13, 2), (14, 2), (15, 2), (16, 2), (17, 2), (17, 1), (18, 1), (18, 1)], 5: [(3, 2), (3, 3), (3, 4), (3, 5), (4, 5), (5, 5), (6, 5), (7, 5), (7, 6), (8, 6), (9, 6), (9, 5), (10, 5), (11, 5), (12, 5), (13, 5), (14, 5), (15, 5), (16, 5), (17, 5), (18, 5), (19, 5), (19, 6), (19, 7), (20, 7), (21, 7), (22, 7), (23, 7), (23, 8), (23, 9), (24, 9), (25, 9), (26, 9), (27, 9), (27, 10), (27, 11), (27, 12), (27, 13), (27, 14), (28, 14), (29, 14), (30, 14), (31, 14), (31, 14)], 6: [(16, 5), (15, 5), (14, 5), (14, 6), (14, 7), (14, 8), (14, 9), (13, 9), (13, 10), (13, 11), (12, 11), (11, 11), (10, 11), (9, 11), (9, 12), (9, 13), (8, 13), (7, 13), (6, 13), (6, 14), (6, 15), (6, 16), (6, 17), (5, 17), (5, 18), (5, 19), (4, 19), (3, 19), (2, 19), (2, 20), (2, 21), (2, 22), (2, 23), (1, 23), (1, 24), (1, 25), (2, 25), (3, 25), (3, 26), (4, 26), (5, 26), (5, 26)], 7: [(14, 8), (14, 9), (15, 9), (16, 9), (17, 9), (18, 9), (18, 10), (18, 11), (18, 12), (18, 13), (19, 13), (20, 13), (21, 13), (22, 13), (22, 14), (22, 15), (22, 16), (22, 17), (22, 18), (22, 19), (22, 20), (22, 21), (23, 21), (22, 21), (22, 20), (22, 19), (23, 19), (23, 18), (24, 18), (25, 18), (26, 18), (26, 19), (27, 19), (27, 20), (27, 21), (26, 21), (26, 21)], 8: [(31, 16), (31, 17), (30, 17), (29, 17), (29, 18), (28, 18), (27, 18), (27, 19), (27, 20), (27, 21), (27, 22), (27, 23), (27, 24), (27, 25), (27, 26), (27, 27), (27, 27)], 9: [(2, 22), (3, 22), (4, 22), (5, 22), (5, 21), (6, 21), (7, 21), (8, 21), (9, 21), (9, 20), (9, 19), (10, 19), (11, 19), (11, 18), (11, 17), (11, 16), (11, 15), (10, 15), (10, 14), (10, 14)]}, 47)