

CBSS-C STATS
starts:[766, 389, 736, 25, 987]
targets:[175, 914, 592, 318, 857, 165, 1017, 564, 351, 544, 451, 809, 702, 566, 107, 424, 227, 50, 164, 163]
dests:[238, 742, 58, 633, 91]
ac_dict:{175: {0, 1}, 914: {1, 2}, 592: {2, 3}, 318: {3, 4}, 238: {0}, 742: {1}, 58: {2}, 633: {3}, 91: {4}}
clusters:[16 14 17  6  7  2  9 18  4  8 13 19 12 10 15 11  0  1  3  5]

round: 1
best_g_value: 283.0
open_list_size: 0
num_low_level_expanded: 714
search_success: 1
search_time: 0.7656139559985604
n_tsp_call: 1
n_tsp_time: 0.7277548470010515
n_roots: 1
num_conflicts: 0
target_assignment: {566: 0, 564: 0, 175: 0, 544: 2, 451: 2, 592: 2, 424: 2, 227: 2, 163: 2, 164: 2, 165: 2, 107: 2, 50: 2, 914: 1, 809: 1, 1017: 4, 857: 4, 702: 4, 351: 4, 318: 4}
cluster_target_selection: {10: 566, 18: 564, 16: 175, 8: 544, 13: 451, 17: 592, 11: 424, 0: 227, 5: 163, 3: 164, 2: 165, 15: 107, 1: 50, 14: 914, 19: 809, 9: 1017, 7: 857, 12: 702, 4: 351, 6: 318}
num_nodes_transformed_graph: 54
agent_paths:({0: [(30, 23), (29, 23), (28, 23), (27, 23), (27, 22), (27, 21), (27, 20), (27, 19), (26, 19), (25, 19), (25, 18), (24, 18), (23, 18), (22, 18), (22, 17), (21, 17), (20, 17), (19, 17), (18, 17), (18, 16), (18, 15), (18, 14), (18, 13), (18, 12), (18, 11), (18, 10), (18, 9), (18, 8), (18, 7), (17, 7), (17, 6), (17, 5), (16, 5), (15, 5), (14, 5), (14, 6), (14, 7), (14, 7)], 1: [(5, 12), (5, 13), (6, 13), (6, 14), (6, 15), (6, 16), (6, 17), (7, 17), (7, 18), (8, 18), (9, 18), (9, 19), (9, 20), (9, 21), (10, 21), (11, 21), (11, 22), (11, 23), (12, 23), (13, 23), (14, 23), (15, 23), (15, 24), (15, 25), (15, 26), (15, 27), (16, 27), (17, 27), (18, 27), (18, 28), (18, 27), (17, 27), (16, 27), (15, 27), (14, 27), (13, 27), (12, 27), (11, 27), (10, 27), (9, 27), (9, 26), (9, 25), (10, 25), (11, 25), (11, 24), (11, 23), (10, 23), (9, 23), (9, 22), (9, 21), (8, 21), (7, 21), (6, 21), (6, 22), (6, 23), (6, 23)], 2: [(0, 23), (1, 23), (1, 22), (1, 21), (2, 21), (2, 20), (2, 19), (1, 19), (1, 18), (1, 17), (0, 17), (1, 17), (2, 17), (2, 16), (2, 15), (2, 14), (3, 14), (3, 15), (2, 15), (2, 16), (2, 17), (3, 17), (3, 18), (3, 19), (4, 19), (5, 19), (5, 18), (6, 18), (7, 18), (8, 18), (9, 18), (10, 18), (11, 18), (11, 17), (11, 16), (11, 15), (11, 14), (12, 14), (13, 14), (14, 14), (15, 14), (16, 14), (17, 14), (17, 15), (18, 15), (18, 16), (18, 17), (17, 17), (17, 18), (16, 18), (17, 18), (17, 17), (18, 17), (18, 16), (18, 15), (17, 15), (17, 14), (16, 14), (15, 14), (14, 14), (13, 14), (12, 14), (11, 14), (10, 14), (9, 14), (9, 13), (8, 13), (7, 13), (6, 13), (5, 13), (5, 12), (5, 11), (5, 10), (5, 9), (6, 9), (6, 8), (6, 7), (5, 7), (5, 6), (5, 5), (4, 5), (3, 5), (3, 6), (3, 7), (3, 6), (3, 5), (4, 5), (5, 5), (6, 5), (7, 5), (7, 6), (8, 6), (9, 6), (9, 5), (10, 5), (11, 5), (11, 4), (11, 3), (12, 3), (13, 3), (13, 2), (14, 2), (15, 2), (16, 2), (17, 2), (17, 1), (18, 1), (19, 1), (20, 1), (21, 1), (22, 1), (23, 1), (23, 2), (23, 3), (24, 3), (25, 3), (25, 2), (25, 1), (26, 1), (26, 1)], 3: [(25, 0), (25, 1), (25, 2), (25, 3), (26, 3), (27, 3), (27, 4), (27, 5), (26, 5), (25, 5), (25, 6), (25, 7), (25, 8), (25, 9), (25, 10), (25, 11), (26, 11), (27, 11), (27, 12), (27, 13), (27, 14), (27, 15), (27, 16), (27, 17), (26, 17), (25, 17), (25, 18), (25, 19), (25, 19)], 4: [(27, 30), (26, 30), (25, 30), (25, 31), (25, 30), (25, 29), (26, 29), (27, 29), (27, 28), (27, 27), (26, 27), (25, 27), (25, 26), (25, 25), (26, 25), (27, 25), (27, 24), (27, 23), (28, 23), (29, 23), (29, 22), (29, 21), (30, 21), (31, 21), (31, 20), (31, 19), (31, 18), (31, 17), (31, 16), (31, 15), (31, 14), (31, 13), (31, 12), (31, 11), (31, 10), (30, 10), (30, 9), (31, 9), (31, 8), (31, 7), (30, 7), (29, 7), (29, 6), (28, 6), (27, 6), (27, 5), (27, 4), (27, 3), (27, 2), (27, 2)]}, 118)