

CBSS-C STATS
starts:[219, 739, 87, 827, 493]
targets:[853, 824, 78, 245, 430, 639, 841, 1014, 389, 45]
dests:[999, 375, 197, 630, 735]
ac_dict:{853: {0, 1}, 824: {1, 2}, 78: {2, 3}, 245: {3, 4}, 999: {0}, 375: {1}, 197: {2}, 630: {3}, 735: {4}}
clusters:[4 3 1 1 0 3 4 3 2 2]

round: 4
best_g_value: 147.0
open_list_size: 3
num_low_level_expanded: 975
search_success: 1
search_time: 0.5754455639980733
n_tsp_call: 10
n_tsp_time: 0.4918344868347049
n_roots: 1
num_conflicts: 3
target_assignment: {853: 0, 78: 2, 45: 2, 430: 4, 639: 4}
cluster_target_selection: {4: 853, 1: 78, 2: 45, 0: 430, 3: 639}
num_nodes_transformed_graph: 29
agent_paths:({0: [(27, 6), (26, 6), (25, 6), (25, 7), (25, 8), (25, 9), (25, 10), (25, 11), (26, 11), (27, 11), (27, 12), (27, 13), (27, 14), (27, 15), (27, 16), (27, 17), (27, 18), (27, 19), (27, 20), (27, 21), (27, 22), (27, 23), (27, 24), (27, 25), (26, 25), (25, 25), (24, 25), (23, 25), (22, 25), (21, 25), (21, 26), (20, 26), (19, 26), (18, 26), (17, 26), (17, 27), (16, 27), (15, 27), (14, 27), (13, 27), (12, 27), (11, 27), (10, 27), (10, 28), (10, 29), (9, 29), (9, 30), (8, 30), (7, 30), (7, 31), (7, 31)], 1: [(3, 23), (3, 22), (4, 22), (5, 22), (5, 21), (6, 21), (7, 21), (8, 21), (9, 21), (9, 20), (9, 19), (9, 18), (9, 17), (10, 17), (11, 17), (11, 16), (11, 15), (11, 14), (12, 14), (13, 14), (14, 14), (15, 14), (16, 14), (17, 14), (17, 13), (18, 13), (18, 12), (18, 11), (19, 11), (20, 11), (21, 11), (22, 11), (23, 11), (23, 11)], 2: [(23, 2), (22, 2), (21, 2), (21, 1), (20, 1), (19, 1), (18, 1), (17, 1), (17, 2), (16, 2), (15, 2), (14, 2), (13, 2), (13, 1), (13, 2), (13, 3), (12, 3), (11, 3), (11, 4), (11, 5), (10, 5), (9, 5), (9, 6), (8, 6), (7, 6), (6, 6), (5, 6), (5, 6)], 3: [(27, 25), (26, 25), (25, 25), (24, 25), (23, 25), (23, 24), (23, 23), (22, 23), (22, 22), (22, 21), (22, 20), (22, 19), (22, 19)], 4: [(13, 15), (13, 14), (13, 13), (14, 13), (15, 13), (15, 14), (16, 14), (17, 14), (18, 14), (18, 15), (18, 16), (18, 17), (19, 17), (20, 17), (21, 17), (22, 17), (23, 17), (23, 18), (24, 18), (25, 18), (26, 18), (27, 18), (28, 18), (29, 18), (30, 18), (31, 18), (31, 19), (31, 20), (31, 21), (31, 22), (31, 22)]}, 49)