

CBSS-C STATS
starts:[197, 249, 255, 101, 763]
targets:[458, 220, 993, 735, 422, 99, 415, 839, 279, 708]
dests:[873, 476, 814, 813, 102]
ac_dict:{458: {0, 1}, 220: {1, 2}, 993: {2, 3}, 735: {3, 4}, 873: {0}, 476: {1}, 814: {2}, 813: {3}, 102: {4}}
clusters:[2 3 3 3 1 2 0 2 4 0]

round: 3
best_g_value: 165.0
open_list_size: 2
num_low_level_expanded: 819
search_success: 1
search_time: 0.25506818713620305
n_tsp_call: 1
n_tsp_time: 0.22387936571612954
n_roots: 1
num_conflicts: 2
target_assignment: {458: 0, 735: 4, 279: 4, 422: 3, 415: 2}
cluster_target_selection: {2: 458, 3: 735, 4: 279, 1: 422, 0: 415}
num_nodes_transformed_graph: 48
agent_paths:({0: [(5, 6), (6, 6), (6, 7), (6, 8), (6, 9), (7, 9), (8, 9), (9, 9), (9, 10), (9, 11), (9, 12), (9, 13), (10, 13), (10, 14), (10, 15), (11, 15), (11, 16), (11, 17), (10, 17), (9, 17), (9, 18), (9, 19), (9, 20), (9, 21), (9, 22), (9, 23), (10, 23), (11, 23), (11, 24), (11, 25), (10, 25), (9, 25), (9, 26), (9, 27), (9, 27)], 1: [(25, 7), (25, 8), (25, 9), (26, 9), (27, 9), (27, 10), (27, 11), (27, 12), (27, 13), (27, 14), (28, 14), (28, 14)], 2: [(31, 7), (31, 8), (31, 9), (31, 10), (31, 11), (31, 12), (31, 13), (31, 14), (31, 15), (31, 16), (31, 17), (30, 17), (29, 17), (29, 18), (28, 18), (27, 18), (26, 18), (25, 18), (24, 18), (23, 18), (22, 18), (22, 19), (22, 20), (22, 21), (21, 21), (20, 21), (19, 21), (18, 21), (17, 21), (17, 22), (16, 22), (15, 22), (15, 23), (15, 24), (15, 25), (14, 25), (14, 25)], 3: [(5, 3), (6, 3), (6, 4), (6, 5), (6, 6), (6, 7), (6, 8), (6, 9), (6, 10), (6, 11), (5, 11), (5, 12), (5, 13), (6, 13), (6, 14), (6, 15), (6, 16), (6, 17), (7, 17), (7, 18), (8, 18), (9, 18), (9, 19), (9, 20), (9, 21), (10, 21), (11, 21), (11, 22), (11, 23), (11, 24), (11, 25), (11, 26), (11, 27), (12, 27), (13, 27), (13, 26), (13, 25), (13, 25)], 4: [(27, 23), (28, 23), (29, 23), (29, 22), (30, 22), (31, 22), (31, 21), (31, 20), (31, 19), (30, 19), (29, 19), (29, 18), (28, 18), (27, 18), (27, 17), (27, 16), (27, 15), (27, 14), (27, 13), (27, 12), (27, 11), (26, 11), (25, 11), (25, 10), (25, 9), (24, 9), (23, 9), (23, 8), (23, 7), (22, 7), (21, 7), (20, 7), (19, 7), (18, 7), (17, 7), (17, 6), (17, 5), (16, 5), (15, 5), (14, 5), (13, 5), (12, 5), (11, 5), (10, 5), (9, 5), (9, 6), (8, 6), (7, 6), (6, 6), (6, 5), (6, 4), (6, 3), (6, 3)]}, 51)