

CBSS-C STATS
starts:[497, 354, 879, 373, 96]
targets:[91, 603, 418, 731, 113, 331, 476, 175, 823, 876]
dests:[73, 701, 37, 686, 605]
ac_dict:{91: {0, 1}, 603: {1, 2}, 418: {2, 3}, 731: {3, 4}, 73: {0}, 701: {1}, 37: {2}, 686: {3}, 605: {4}}
clusters:[0 4 2 4 0 1 4 2 3 2]

round: 1
best_g_value: 193.0
open_list_size: 0
num_low_level_expanded: 477
search_success: 1
search_time: 0.07541494024917483
n_tsp_call: 1
n_tsp_time: 0.05216787522658706
n_roots: 1
num_conflicts: 0
target_assignment: {175: 0, 113: 0, 603: 1, 823: 3, 331: 4}
cluster_target_selection: {2: 175, 0: 113, 4: 603, 3: 823, 1: 331}
num_nodes_transformed_graph: 28
agent_paths:({0: [(17, 15), (17, 14), (17, 13), (18, 13), (18, 12), (18, 11), (18, 10), (18, 9), (18, 8), (18, 7), (17, 7), (17, 6), (17, 5), (16, 5), (15, 5), (14, 5), (14, 4), (14, 3), (15, 3), (15, 2), (16, 2), (17, 2), (17, 3), (17, 2), (16, 2), (15, 2), (14, 2), (13, 2), (13, 3), (12, 3), (11, 3), (10, 3), (9, 3), (9, 2), (9, 2)], 1: [(2, 11), (3, 11), (3, 10), (4, 10), (5, 10), (5, 11), (5, 12), (5, 13), (6, 13), (7, 13), (8, 13), (9, 13), (10, 13), (11, 13), (11, 14), (12, 14), (13, 14), (14, 14), (15, 14), (16, 14), (17, 14), (18, 14), (18, 15), (18, 16), (18, 17), (19, 17), (20, 17), (21, 17), (22, 17), (23, 17), (23, 18), (24, 18), (25, 18), (26, 18), (27, 18), (28, 18), (29, 18), (29, 19), (30, 19), (31, 19), (31, 20), (31, 21), (30, 21), (29, 21), (29, 21)], 2: [(15, 27), (14, 27), (13, 27), (12, 27), (11, 27), (11, 26), (11, 25), (11, 24), (11, 23), (10, 23), (9, 23), (9, 22), (9, 21), (9, 20), (9, 19), (9, 18), (8, 18), (7, 18), (6, 18), (6, 17), (6, 16), (6, 15), (5, 15), (5, 14), (5, 13), (5, 12), (5, 11), (5, 10), (5, 9), (6, 9), (6, 8), (6, 7), (6, 6), (6, 5), (6, 4), (6, 3), (5, 3), (5, 2), (5, 1), (5, 1)], 3: [(21, 11), (22, 11), (22, 12), (22, 13), (22, 14), (22, 15), (22, 16), (22, 17), (22, 18), (22, 19), (22, 20), (22, 21), (23, 21), (23, 22), (23, 23), (23, 24), (23, 25), (23, 24), (23, 23), (22, 23), (21, 23), (21, 22), (21, 21), (20, 21), (19, 21), (18, 21), (17, 21), (17, 22), (16, 22), (15, 22), (14, 22), (14, 21), (14, 21)], 4: [(0, 3), (1, 3), (2, 3), (3, 3), (3, 4), (3, 5), (4, 5), (5, 5), (6, 5), (6, 6), (6, 7), (6, 8), (6, 9), (7, 9), (8, 9), (9, 9), (10, 9), (11, 9), (11, 10), (11, 11), (12, 11), (13, 11), (14, 11), (15, 11), (15, 10), (15, 9), (16, 9), (17, 9), (18, 9), (19, 9), (19, 10), (19, 11), (20, 11), (21, 11), (22, 11), (22, 12), (22, 13), (22, 14), (22, 15), (22, 16), (22, 17), (23, 17), (23, 18), (24, 18), (25, 18), (26, 18), (27, 18), (28, 18), (29, 18), (29, 18)]}, 48)