

CBSS-C STATS
starts:[325, 845, 290, 348, 757]
targets:[460, 689, 221, 158, 649, 1010, 876, 442, 544, 697]
dests:[1006, 142, 313, 639, 35]
ac_dict:{460: {0, 1}, 689: {1, 2}, 221: {2, 3}, 158: {3, 4}, 1006: {0}, 142: {1}, 313: {2}, 639: {3}, 35: {4}}
clusters:[1 0 0 0 1 0 0 1 1 0]

round: 4
best_g_value: 164.0
open_list_size: 3
num_low_level_expanded: 1155
search_success: 1
search_time: 0.4016179512254894
n_tsp_call: 4
n_tsp_time: 0.2151483460329473
n_roots: 1
num_conflicts: 3
target_assignment: {1010: 0, 649: 1}
cluster_target_selection: {0: 1010, 1: 649}
num_nodes_transformed_graph: 29
agent_paths:({0: [(5, 10), (5, 11), (5, 12), (5, 13), (6, 13), (6, 14), (6, 15), (6, 16), (6, 17), (7, 17), (7, 18), (8, 18), (9, 18), (10, 18), (10, 19), (9, 19), (9, 20), (9, 21), (10, 21), (11, 21), (11, 22), (11, 23), (12, 23), (13, 23), (14, 23), (15, 23), (15, 24), (15, 25), (15, 26), (15, 27), (16, 27), (17, 27), (18, 27), (18, 28), (18, 29), (18, 30), (18, 31), (17, 31), (16, 31), (15, 31), (14, 31), (14, 31)], 1: [(13, 26), (13, 27), (12, 27), (11, 27), (11, 26), (11, 25), (11, 24), (11, 23), (10, 23), (9, 23), (9, 22), (9, 21), (9, 20), (9, 19), (9, 18), (9, 17), (10, 17), (11, 17), (11, 16), (11, 15), (11, 14), (11, 13), (10, 13), (9, 13), (9, 12), (9, 11), (10, 11), (11, 11), (12, 11), (13, 11), (13, 10), (13, 9), (14, 9), (14, 8), (14, 7), (14, 6), (14, 5), (14, 4), (14, 4)], 2: [(2, 9), (3, 9), (3, 10), (4, 10), (5, 10), (5, 9), (6, 9), (7, 9), (8, 9), (9, 9), (10, 9), (11, 9), (11, 10), (11, 11), (12, 11), (13, 11), (13, 10), (13, 9), (14, 9), (15, 9), (16, 9), (17, 9), (18, 9), (19, 9), (19, 10), (19, 11), (20, 11), (21, 11), (21, 10), (21, 9), (22, 9), (23, 9), (24, 9), (25, 9), (25, 9)], 3: [(28, 10), (29, 10), (30, 10), (31, 10), (31, 11), (31, 12), (31, 13), (31, 14), (31, 15), (31, 16), (31, 17), (31, 18), (31, 19), (31, 19)], 4: [(21, 23), (21, 22), (21, 21), (22, 21), (22, 20), (22, 19), (21, 19), (21, 18), (21, 17), (20, 17), (19, 17), (18, 17), (18, 16), (18, 15), (17, 15), (17, 14), (16, 14), (15, 14), (14, 14), (13, 14), (12, 14), (11, 14), (10, 14), (9, 14), (9, 13), (9, 12), (9, 11), (9, 10), (9, 9), (8, 9), (7, 9), (6, 9), (6, 8), (6, 7), (5, 7), (5, 6), (5, 5), (4, 5), (3, 5), (3, 4), (3, 3), (3, 2), (3, 1), (3, 1)]}, 42)