

CBSS-C STATS
starts:[893, 764, 305, 606, 833]
targets:[483, 99, 165, 809, 571, 614, 491, 323, 751, 878, 886, 813, 172, 977, 66, 701, 945, 365, 964, 937]
dests:[139, 110, 306, 621, 680]
ac_dict:{483: {0, 1}, 99: {1, 2}, 165: {2, 3}, 809: {3, 4}, 139: {0}, 110: {1}, 306: {2}, 621: {3}, 680: {4}}
clusters:[ 1  4  3 10  0 12  5  6 14 18 19  7 17 11 15  8  9 16  2 13]

round: 1
best_g_value: 248.0
open_list_size: 0
num_low_level_expanded: 508
search_success: 1
search_time: 3.8685566170024686
n_tsp_call: 1
n_tsp_time: 3.829588196007535
n_roots: 1
num_conflicts: 0
target_assignment: {701: 0, 886: 0, 977: 0, 945: 0, 878: 0, 813: 0, 751: 0, 614: 0, 483: 0, 491: 0, 323: 0, 964: 4, 937: 4, 809: 4, 172: 2, 99: 2, 66: 2, 165: 2, 365: 2, 571: 1}
cluster_target_selection: {8: 701, 19: 886, 11: 977, 9: 945, 18: 878, 7: 813, 14: 751, 12: 614, 1: 483, 5: 491, 6: 323, 2: 964, 13: 937, 10: 809, 17: 172, 4: 99, 15: 66, 3: 165, 16: 365, 0: 571}
num_nodes_transformed_graph: 98
agent_paths:({0: [(29, 27), (29, 26), (29, 25), (30, 25), (30, 24), (30, 23), (29, 23), (29, 22), (29, 21), (29, 22), (29, 23), (28, 23), (27, 23), (27, 24), (27, 25), (26, 25), (25, 25), (24, 25), (23, 25), (22, 25), (22, 26), (22, 27), (21, 27), (21, 26), (20, 26), (19, 26), (18, 26), (18, 27), (18, 28), (18, 29), (17, 29), (17, 30), (17, 29), (18, 29), (18, 28), (18, 27), (17, 27), (16, 27), (15, 27), (14, 27), (13, 27), (13, 26), (13, 25), (14, 25), (15, 25), (15, 24), (15, 23), (14, 23), (13, 23), (12, 23), (11, 23), (10, 23), (9, 23), (9, 22), (9, 21), (9, 20), (9, 19), (9, 18), (8, 18), (7, 18), (6, 18), (6, 19), (5, 19), (4, 19), (3, 19), (3, 18), (3, 17), (2, 17), (2, 16), (2, 15), (3, 15), (2, 15), (2, 16), (2, 17), (3, 17), (3, 18), (3, 19), (4, 19), (5, 19), (5, 18), (6, 18), (7, 18), (8, 18), (9, 18), (9, 17), (10, 17), (11, 17), (11, 16), (11, 15), (10, 15), (9, 15), (9, 14), (9, 13), (8, 13), (7, 13), (6, 13), (5, 13), (5, 12), (5, 11), (5, 10), (4, 10), (3, 10), (4, 10), (5, 10), (5, 9), (6, 9), (6, 8), (6, 7), (6, 6), (7, 6), (8, 6), (9, 6), (9, 5), (10, 5), (11, 5), (11, 4), (11, 4)], 1: [(28, 23), (27, 23), (27, 22), (27, 21), (27, 20), (27, 19), (27, 18), (27, 17), (27, 16), (27, 15), (27, 14), (27, 13), (27, 12), (27, 11), (26, 11), (25, 11), (25, 10), (25, 9), (24, 9), (23, 9), (23, 8), (23, 7), (22, 7), (21, 7), (20, 7), (19, 7), (18, 7), (17, 7), (17, 6), (17, 5), (16, 5), (15, 5), (14, 5), (14, 4), (14, 3), (14, 3)], 2: [(17, 9), (16, 9), (15, 9), (14, 9), (14, 8), (14, 7), (13, 7), (13, 6), (13, 5), (12, 5), (11, 5), (10, 5), (9, 5), (9, 6), (8, 6), (7, 6), (6, 6), (5, 6), (5, 5), (4, 5), (3, 5), (3, 4), (3, 3), (2, 3), (2, 2), (3, 2), (3, 3), (3, 4), (3, 5), (4, 5), (5, 5), (6, 5), (6, 6), (6, 7), (6, 8), (6, 9), (7, 9), (8, 9), (9, 9), (10, 9), (11, 9), (11, 10), (11, 11), (12, 11), (13, 11), (13, 10), (13, 9), (14, 9), (15, 9), (16, 9), (17, 9), (18, 9), (18, 9)], 3: [(30, 18), (29, 18), (28, 18), (27, 18), (26, 18), (25, 18), (24, 18), (23, 18), (22, 18), (21, 18), (21, 17), (20, 17), (19, 17), (18, 17), (17, 17), (17, 18), (16, 18), (15, 18), (14, 18), (13, 18), (13, 19), (13, 19)], 4: [(1, 26), (2, 26), (3, 26), (3, 27), (3, 28), (3, 29), (3, 30), (4, 30), (5, 30), (6, 30), (7, 30), (8, 30), (9, 30), (9, 29), (10, 29), (10, 28), (10, 27), (9, 27), (9, 26), (9, 25), (10, 25), (11, 25), (11, 24), (11, 23), (10, 23), (9, 23), (9, 22), (9, 21), (8, 21), (8, 21)]}, 115)