

CBSS-C STATS
starts:[55, 736, 882]
targets:[835, 764, 343, 675, 417, 341, 450, 106, 330, 801, 594, 210, 622, 981, 447]
dests:[935, 986, 603]
ac_dict:{835: {0, 1}, 764: {1, 2}, 935: {0}, 986: {1}, 603: {2}}
clusters:[ 4  9 12 11  7  2  1 13  0  8  6 14 10  3  5]

round: 1
best_g_value: 209.0
open_list_size: 0
num_low_level_expanded: 435
search_success: 1
search_time: 0.08573256399540696
n_tsp_call: 1
n_tsp_time: 0.06508854200365022
n_roots: 1
num_conflicts: 0
target_assignment: {106: 0, 210: 0, 343: 0, 341: 0, 594: 0, 622: 0, 330: 0, 801: 0, 835: 0, 450: 1, 417: 1, 675: 1, 981: 1, 764: 2, 447: 2}
cluster_target_selection: {13: 106, 14: 210, 12: 343, 2: 341, 6: 594, 10: 622, 0: 330, 8: 801, 4: 835, 1: 450, 7: 417, 11: 675, 3: 981, 9: 764, 5: 447}
num_nodes_transformed_graph: 27
agent_paths:({0: [(23, 1), (22, 1), (21, 1), (20, 1), (19, 1), (18, 1), (17, 1), (17, 2), (16, 2), (15, 2), (14, 2), (13, 2), (13, 3), (12, 3), (11, 3), (10, 3), (11, 3), (12, 3), (13, 3), (14, 3), (14, 4), (14, 5), (15, 5), (16, 5), (17, 5), (18, 5), (18, 6), (19, 6), (19, 7), (20, 7), (21, 7), (22, 7), (23, 7), (23, 8), (23, 9), (23, 10), (22, 10), (21, 10), (21, 11), (20, 11), (19, 11), (18, 11), (18, 12), (18, 13), (18, 14), (18, 15), (18, 16), (18, 17), (18, 18), (17, 18), (16, 18), (15, 18), (14, 18), (14, 19), (14, 18), (15, 18), (16, 18), (17, 18), (17, 17), (18, 17), (18, 16), (18, 15), (17, 15), (17, 14), (16, 14), (15, 14), (14, 14), (13, 14), (12, 14), (11, 14), (10, 14), (10, 13), (9, 13), (9, 12), (9, 11), (9, 10), (10, 10), (9, 10), (9, 11), (9, 12), (9, 13), (8, 13), (7, 13), (6, 13), (6, 14), (6, 15), (6, 16), (6, 17), (5, 17), (5, 18), (5, 19), (4, 19), (3, 19), (2, 19), (2, 20), (2, 21), (1, 21), (1, 22), (1, 23), (1, 24), (1, 25), (2, 25), (3, 25), (3, 26), (3, 27), (3, 28), (3, 29), (3, 30), (4, 30), (5, 30), (5, 29), (6, 29), (7, 29), (7, 29)], 1: [(0, 23), (1, 23), (1, 22), (1, 21), (2, 21), (2, 20), (2, 19), (2, 18), (2, 17), (2, 16), (2, 15), (2, 14), (1, 14), (1, 13), (2, 13), (2, 14), (2, 15), (2, 16), (2, 17), (2, 18), (2, 19), (2, 20), (2, 21), (3, 21), (3, 22), (4, 22), (5, 22), (6, 22), (7, 22), (7, 21), (8, 21), (9, 21), (10, 21), (11, 21), (11, 22), (11, 23), (12, 23), (13, 23), (14, 23), (15, 23), (15, 24), (15, 25), (15, 26), (15, 27), (16, 27), (17, 27), (18, 27), (18, 28), (18, 29), (19, 29), (19, 30), (19, 31), (20, 31), (21, 31), (21, 30), (22, 30), (23, 30), (23, 31), (24, 31), (25, 31), (25, 30), (26, 30), (26, 30)], 2: [(18, 27), (18, 26), (19, 26), (20, 26), (21, 26), (21, 25), (22, 25), (23, 25), (24, 25), (25, 25), (26, 25), (27, 25), (27, 24), (27, 23), (28, 23), (29, 23), (29, 22), (29, 21), (30, 21), (31, 21), (31, 20), (31, 19), (31, 18), (31, 17), (31, 16), (31, 15), (31, 14), (31, 13), (30, 13), (29, 13), (29, 14), (28, 14), (27, 14), (27, 15), (27, 16), (27, 17), (27, 18), (27, 18)]}, 112)