

CBSS-C STATS
starts:[989, 935]
targets:[618, 214, 758, 914, 67, 735, 51, 846, 92, 555]
dests:[883, 706]
ac_dict:{618: {0, 1}, 883: {0}, 706: {1}}
clusters:[8 5 2 3 7 4 6 9 1 0]

round: 1
best_g_value: 163.0
open_list_size: 0
num_low_level_expanded: 387
search_success: 1
search_time: 0.21931709100317676
n_tsp_call: 1
n_tsp_time: 0.20547486199939158
n_roots: 1
num_conflicts: 0
target_assignment: {735: 0, 758: 0, 214: 0, 92: 0, 51: 0, 67: 0, 555: 0, 618: 0, 846: 0, 914: 0}
cluster_target_selection: {4: 735, 2: 758, 5: 214, 1: 92, 6: 51, 7: 67, 0: 555, 8: 618, 9: 846, 3: 914}
num_nodes_transformed_graph: 24
agent_paths:({0: [(29, 30), (29, 29), (30, 29), (31, 29), (31, 28), (31, 27), (31, 26), (31, 25), (30, 25), (30, 24), (30, 23), (30, 22), (31, 22), (30, 22), (29, 22), (29, 23), (28, 23), (27, 23), (27, 24), (27, 25), (26, 25), (25, 25), (24, 25), (23, 25), (23, 24), (23, 23), (22, 23), (22, 22), (22, 21), (22, 20), (22, 19), (22, 18), (22, 17), (22, 16), (22, 15), (22, 14), (22, 13), (22, 12), (22, 11), (22, 10), (22, 9), (23, 9), (23, 8), (23, 7), (22, 7), (22, 6), (23, 6), (23, 7), (23, 8), (23, 9), (24, 9), (25, 9), (25, 8), (25, 7), (25, 6), (25, 5), (26, 5), (27, 5), (27, 4), (27, 3), (27, 2), (28, 2), (27, 2), (26, 2), (25, 2), (25, 3), (24, 3), (23, 3), (22, 3), (21, 3), (21, 2), (21, 1), (20, 1), (19, 1), (18, 1), (17, 1), (17, 2), (16, 2), (15, 2), (14, 2), (13, 2), (13, 3), (12, 3), (11, 3), (11, 4), (11, 5), (10, 5), (9, 5), (9, 6), (8, 6), (7, 6), (6, 6), (5, 6), (5, 5), (4, 5), (3, 5), (3, 4), (3, 3), (3, 2), (3, 3), (3, 4), (3, 5), (4, 5), (5, 5), (6, 5), (6, 6), (6, 7), (6, 8), (6, 9), (7, 9), (8, 9), (9, 9), (9, 10), (9, 11), (9, 12), (9, 13), (10, 13), (11, 13), (11, 14), (11, 15), (11, 16), (11, 17), (10, 17), (10, 18), (10, 19), (9, 19), (9, 20), (9, 21), (10, 21), (11, 21), (11, 22), (11, 23), (12, 23), (13, 23), (14, 23), (15, 23), (15, 24), (15, 25), (14, 25), (14, 26), (15, 26), (15, 27), (16, 27), (17, 27), (18, 27), (18, 28), (18, 27), (19, 27), (19, 27)], 1: [(7, 29), (6, 29), (5, 29), (5, 30), (4, 30), (3, 30), (3, 29), (3, 28), (3, 27), (2, 27), (2, 26), (2, 25), (1, 25), (1, 24), (1, 23), (1, 22), (2, 22), (2, 22)]}, 147)