

CBSS-C STATS
starts:[327, 83, 170, 65, 765]
targets:[811, 378, 227, 514, 587, 402, 13, 245, 881, 612]
dests:[551, 837, 255, 1020, 371]
ac_dict:{811: {0, 1}, 378: {1, 2}, 227: {2, 3}, 514: {3, 4}, 551: {0}, 837: {1}, 255: {2}, 1020: {3}, 371: {4}}
clusters:[0 0 1 0 0 1 0 0 0 1]

round: 1
best_g_value: 164.0
open_list_size: 0
num_low_level_expanded: 422
search_success: 1
search_time: 0.058581631164997816
n_tsp_call: 1
n_tsp_time: 0.03663232596591115
n_roots: 1
num_conflicts: 0
target_assignment: {612: 1, 245: 2}
cluster_target_selection: {1: 612, 0: 245}
num_nodes_transformed_graph: 26
agent_paths:({0: [(7, 10), (7, 11), (6, 11), (5, 11), (5, 12), (5, 13), (6, 13), (6, 14), (6, 15), (6, 16), (6, 17), (7, 17), (7, 17)], 1: [(19, 2), (18, 2), (17, 2), (16, 2), (15, 2), (14, 2), (14, 3), (14, 4), (14, 5), (14, 6), (14, 7), (14, 8), (14, 9), (13, 9), (13, 10), (13, 11), (12, 11), (11, 11), (10, 11), (9, 11), (9, 12), (9, 13), (8, 13), (7, 13), (6, 13), (6, 14), (6, 15), (6, 16), (6, 17), (5, 17), (5, 18), (5, 19), (4, 19), (3, 19), (2, 19), (2, 20), (2, 21), (2, 22), (2, 23), (1, 23), (1, 24), (1, 25), (2, 25), (3, 25), (3, 26), (4, 26), (5, 26), (5, 26)], 2: [(10, 5), (11, 5), (12, 5), (13, 5), (14, 5), (15, 5), (16, 5), (17, 5), (18, 5), (19, 5), (19, 6), (19, 7), (20, 7), (21, 7), (22, 7), (23, 7), (23, 8), (23, 9), (24, 9), (25, 9), (25, 8), (25, 7), (26, 7), (27, 7), (27, 6), (28, 6), (29, 6), (30, 6), (31, 6), (31, 7), (31, 7)], 3: [(1, 2), (2, 2), (3, 2), (3, 3), (3, 4), (3, 5), (4, 5), (5, 5), (6, 5), (6, 6), (6, 7), (6, 8), (6, 9), (7, 9), (8, 9), (9, 9), (9, 10), (9, 11), (9, 12), (9, 13), (10, 13), (11, 13), (11, 14), (12, 14), (13, 14), (14, 14), (15, 14), (16, 14), (17, 14), (18, 14), (18, 15), (18, 16), (18, 17), (19, 17), (20, 17), (21, 17), (22, 17), (23, 17), (23, 18), (24, 18), (25, 18), (26, 18), (27, 18), (27, 19), (27, 20), (27, 21), (27, 22), (27, 23), (27, 24), (27, 25), (27, 26), (27, 27), (27, 28), (27, 29), (27, 30), (27, 31), (28, 31), (28, 31)], 4: [(29, 23), (28, 23), (27, 23), (27, 22), (27, 21), (27, 20), (27, 19), (26, 19), (25, 19), (25, 18), (24, 18), (23, 18), (22, 18), (22, 17), (22, 16), (22, 15), (22, 14), (22, 13), (22, 12), (22, 11), (21, 11), (20, 11), (19, 11), (19, 11)]}, 56)