

CBSS-C STATS
starts:[365, 720, 345, 470, 733]
targets:[176, 822, 734, 1010, 90, 422, 722, 482, 594, 929]
dests:[355, 697, 169, 35, 711]
ac_dict:{176: {0, 1}, 822: {1, 2}, 734: {2, 3}, 1010: {3, 4}, 355: {0}, 697: {1}, 169: {2}, 35: {3}, 711: {4}}
clusters:[0 2 1 3 3 4 0 2 3 2]

round: 1
best_g_value: 163.0
open_list_size: 0
num_low_level_expanded: 470
search_success: 1
search_time: 0.17652518209069967
n_tsp_call: 1
n_tsp_time: 0.15333680715411901
n_roots: 1
num_conflicts: 0
target_assignment: {422: 0, 734: 3, 594: 3, 822: 1, 722: 4}
cluster_target_selection: {4: 422, 1: 734, 3: 594, 2: 822, 0: 722}
num_nodes_transformed_graph: 48
agent_paths:({0: [(13, 11), (12, 11), (11, 11), (10, 11), (9, 11), (9, 12), (9, 13), (8, 13), (7, 13), (6, 13), (5, 13), (5, 12), (5, 11), (5, 10), (4, 10), (3, 10), (3, 11), (3, 11)], 1: [(16, 22), (17, 22), (17, 23), (17, 24), (17, 25), (18, 25), (19, 25), (19, 26), (20, 26), (21, 26), (21, 25), (22, 25), (23, 25), (24, 25), (25, 25), (26, 25), (27, 25), (27, 24), (27, 23), (26, 23), (25, 23), (25, 22), (25, 21), (25, 21)], 2: [(25, 10), (25, 9), (24, 9), (23, 9), (23, 8), (23, 7), (22, 7), (21, 7), (20, 7), (19, 7), (18, 7), (17, 7), (17, 6), (17, 5), (16, 5), (15, 5), (14, 5), (13, 5), (12, 5), (11, 5), (10, 5), (9, 5), (9, 5)], 3: [(22, 14), (22, 15), (22, 16), (22, 17), (23, 17), (23, 18), (24, 18), (25, 18), (26, 18), (27, 18), (28, 18), (29, 18), (30, 18), (30, 19), (31, 19), (31, 20), (31, 21), (30, 21), (30, 22), (29, 22), (29, 23), (28, 23), (27, 23), (27, 22), (27, 21), (27, 20), (27, 19), (26, 19), (25, 19), (25, 18), (24, 18), (23, 18), (22, 18), (21, 18), (21, 17), (20, 17), (19, 17), (18, 17), (18, 18), (18, 17), (18, 16), (18, 15), (17, 15), (17, 14), (16, 14), (15, 14), (14, 14), (13, 14), (12, 14), (11, 14), (10, 14), (9, 14), (9, 13), (9, 12), (9, 11), (9, 10), (9, 9), (8, 9), (7, 9), (6, 9), (6, 8), (6, 7), (5, 7), (5, 6), (5, 5), (4, 5), (3, 5), (3, 4), (3, 3), (3, 2), (3, 1), (3, 1)], 4: [(29, 22), (29, 23), (28, 23), (27, 23), (27, 24), (27, 25), (26, 25), (25, 25), (24, 25), (23, 25), (23, 24), (23, 23), (22, 23), (21, 23), (21, 22), (21, 21), (20, 21), (19, 21), (18, 21), (18, 22), (17, 22), (16, 22), (15, 22), (14, 22), (13, 22), (13, 23), (12, 23), (11, 23), (10, 23), (9, 23), (9, 22), (9, 21), (8, 21), (7, 21), (7, 22), (7, 22)]}, 70)