

CBSS-C STATS
starts:[934, 850, 91, 702, 673]
targets:[483, 238, 183, 895, 250, 92, 306, 415, 736, 819, 494, 218, 571, 493, 105, 683, 50, 221, 330, 881]
dests:[291, 717, 234, 941, 838]
ac_dict:{483: {0, 1}, 238: {1, 2}, 183: {2, 3}, 895: {3, 4}, 291: {0}, 717: {1}, 234: {2}, 941: {3}, 838: {4}}
clusters:[ 1 17  3 16 14 18 11 13  9  5 12  7  6  0  8  2 19 10 15  4]

round: 2
best_g_value: 221.0
open_list_size: 1
num_low_level_expanded: 639
search_success: 1
search_time: 2.8354391470056726
n_tsp_call: 1
n_tsp_time: 2.794264502997976
n_roots: 1
num_conflicts: 1
target_assignment: {483: 0, 493: 0, 494: 0, 330: 0, 819: 1, 881: 1, 683: 1, 895: 3, 92: 2, 218: 2, 250: 2, 221: 2, 415: 2, 571: 2, 183: 2, 306: 2, 238: 2, 50: 2, 105: 2, 736: 4}
cluster_target_selection: {1: 483, 0: 493, 12: 494, 15: 330, 5: 819, 4: 881, 2: 683, 16: 895, 18: 92, 7: 218, 14: 250, 10: 221, 13: 415, 6: 571, 3: 183, 11: 306, 17: 238, 19: 50, 8: 105, 9: 736}
num_nodes_transformed_graph: 98
agent_paths:({0: [(6, 29), (5, 29), (5, 30), (4, 30), (3, 30), (3, 29), (3, 28), (3, 27), (2, 27), (2, 26), (2, 25), (1, 25), (1, 24), (1, 23), (1, 22), (1, 21), (2, 21), (2, 20), (2, 19), (2, 18), (2, 17), (2, 16), (2, 15), (3, 15), (2, 15), (2, 16), (2, 17), (3, 17), (3, 18), (3, 19), (4, 19), (5, 19), (5, 18), (6, 18), (7, 18), (8, 18), (9, 18), (9, 17), (10, 17), (11, 17), (11, 16), (11, 15), (11, 14), (12, 14), (13, 14), (13, 15), (14, 15), (13, 15), (13, 14), (12, 14), (11, 14), (10, 14), (10, 13), (9, 13), (9, 12), (9, 11), (9, 10), (10, 10), (9, 10), (9, 9), (8, 9), (7, 9), (6, 9), (5, 9), (5, 10), (4, 10), (3, 10), (3, 9), (3, 9)], 1: [(18, 26), (18, 25), (19, 25), (18, 25), (17, 25), (17, 26), (17, 27), (16, 27), (15, 27), (14, 27), (13, 27), (12, 27), (11, 27), (11, 26), (11, 25), (11, 24), (11, 23), (11, 22), (11, 21), (11, 22), (11, 23), (12, 23), (13, 23), (13, 22), (13, 22)], 2: [(27, 2), (28, 2), (27, 2), (27, 3), (27, 4), (27, 5), (26, 5), (26, 6), (26, 7), (26, 6), (27, 6), (28, 6), (29, 6), (30, 6), (31, 6), (31, 7), (31, 8), (31, 9), (31, 10), (31, 11), (31, 12), (31, 13), (30, 13), (29, 13), (29, 14), (28, 14), (27, 14), (27, 15), (27, 16), (27, 17), (27, 16), (27, 15), (27, 14), (27, 13), (27, 12), (27, 11), (26, 11), (25, 11), (25, 10), (25, 9), (24, 9), (23, 9), (23, 8), (23, 7), (23, 6), (23, 5), (22, 5), (21, 5), (21, 6), (21, 7), (20, 7), (19, 7), (18, 7), (18, 8), (18, 9), (17, 9), (16, 9), (15, 9), (14, 9), (14, 8), (14, 7), (14, 6), (14, 5), (14, 4), (14, 3), (14, 2), (15, 2), (16, 2), (17, 2), (17, 1), (18, 1), (17, 1), (17, 2), (16, 2), (15, 2), (14, 2), (13, 2), (13, 3), (12, 3), (11, 3), (10, 3), (9, 3), (10, 3), (11, 3), (11, 4), (11, 5), (10, 5), (10, 6), (10, 7), (10, 7)], 3: [(30, 21), (30, 22), (30, 23), (30, 24), (30, 25), (31, 25), (31, 26), (31, 27), (31, 28), (31, 29), (30, 29), (29, 29), (29, 30), (29, 31), (28, 31), (27, 31), (26, 31), (25, 31), (24, 31), (23, 31), (22, 31), (21, 31), (20, 31), (19, 31), (18, 31), (17, 31), (16, 31), (15, 31), (14, 31), (13, 31), (13, 30), (13, 29), (13, 29)], 4: [(1, 21), (1, 22), (1, 23), (0, 23), (1, 23), (1, 24), (1, 25), (2, 25), (3, 25), (3, 26), (4, 26), (5, 26), (6, 26), (6, 26)]}, 88)