

CBSS-C STATS
starts:[970, 378]
targets:[82, 307, 463, 590, 3, 741, 562, 750, 730, 642]
dests:[319, 480]
ac_dict:{82: {0, 1}, 319: {0}, 480: {1}}
clusters:[6 2 9 1 5 4 8 3 0 7]

round: 1
best_g_value: 182.0
open_list_size: 0
num_low_level_expanded: 528
search_success: 1
search_time: 0.1954351879976457
n_tsp_call: 1
n_tsp_time: 0.1788265310024144
n_roots: 1
num_conflicts: 0
target_assignment: {750: 0, 463: 0, 590: 0, 562: 0, 730: 0, 307: 1, 82: 1, 3: 1, 741: 1, 642: 1}
cluster_target_selection: {3: 750, 9: 463, 1: 590, 8: 562, 0: 730, 2: 307, 6: 82, 5: 3, 4: 741, 7: 642}
num_nodes_transformed_graph: 24
agent_paths:({0: [(10, 30), (10, 29), (10, 28), (10, 27), (10, 26), (10, 25), (11, 25), (11, 24), (11, 23), (12, 23), (13, 23), (14, 23), (13, 23), (12, 23), (11, 23), (11, 22), (11, 21), (10, 21), (9, 21), (9, 20), (9, 19), (9, 18), (9, 17), (10, 17), (11, 17), (11, 16), (11, 15), (11, 14), (12, 14), (13, 14), (14, 14), (15, 14), (16, 14), (17, 14), (17, 15), (18, 15), (18, 16), (18, 17), (17, 17), (17, 18), (16, 18), (15, 18), (14, 18), (15, 18), (16, 18), (17, 18), (17, 17), (18, 17), (19, 17), (20, 17), (21, 17), (22, 17), (23, 17), (23, 18), (24, 18), (25, 18), (26, 18), (26, 19), (27, 19), (27, 20), (27, 21), (26, 21), (26, 22), (26, 21), (27, 21), (27, 20), (27, 19), (27, 18), (27, 17), (27, 16), (27, 15), (27, 14), (27, 13), (27, 12), (27, 11), (27, 10), (28, 10), (29, 10), (29, 9), (30, 9), (31, 9), (31, 9)], 1: [(26, 11), (25, 11), (25, 10), (25, 9), (24, 9), (23, 9), (22, 9), (21, 9), (21, 10), (21, 11), (20, 11), (19, 11), (19, 10), (19, 9), (18, 9), (18, 8), (18, 7), (18, 6), (18, 5), (17, 5), (16, 5), (15, 5), (14, 5), (14, 4), (14, 3), (14, 2), (15, 2), (16, 2), (17, 2), (18, 2), (17, 2), (16, 2), (15, 2), (14, 2), (13, 2), (13, 3), (12, 3), (11, 3), (11, 4), (11, 5), (10, 5), (9, 5), (9, 6), (8, 6), (7, 6), (6, 6), (5, 6), (5, 5), (4, 5), (3, 5), (3, 4), (3, 3), (3, 2), (3, 1), (3, 0), (3, 1), (3, 2), (3, 3), (3, 4), (3, 5), (4, 5), (5, 5), (5, 6), (5, 7), (6, 7), (6, 8), (6, 9), (5, 9), (5, 10), (5, 11), (5, 12), (5, 13), (5, 14), (5, 15), (6, 15), (6, 16), (6, 17), (5, 17), (5, 18), (5, 19), (4, 19), (3, 19), (2, 19), (2, 20), (2, 21), (3, 21), (3, 22), (4, 22), (5, 22), (5, 23), (5, 22), (4, 22), (3, 22), (2, 22), (2, 21), (2, 20), (2, 19), (2, 18), (2, 17), (2, 16), (2, 15), (1, 15), (0, 15), (0, 15)]}, 102)