

CBSS-C STATS
starts:[842, 757, 458, 319, 459]
targets:[244, 629, 221, 725, 171, 511, 997, 358, 509, 967]
dests:[291, 813, 523, 836, 63]
ac_dict:{244: {0, 1}, 629: {1, 2}, 221: {2, 3}, 725: {3, 4}, 291: {0}, 813: {1}, 523: {2}, 836: {3}, 63: {4}}
clusters:[0 1 1 1 0 1 1 1 0 1]

round: 1
best_g_value: 132.0
open_list_size: 0
num_low_level_expanded: 358
search_success: 1
search_time: 0.056002730038017035
n_tsp_call: 1
n_tsp_time: 0.040827102959156036
n_roots: 1
num_conflicts: 0
target_assignment: {509: 3, 967: 3}
cluster_target_selection: {0: 509, 1: 967}
num_nodes_transformed_graph: 25
agent_paths:({0: [(10, 26), (10, 25), (11, 25), (11, 24), (11, 23), (10, 23), (9, 23), (9, 22), (9, 21), (9, 20), (9, 19), (9, 18), (8, 18), (7, 18), (6, 18), (6, 17), (6, 16), (6, 15), (5, 15), (5, 14), (5, 13), (5, 12), (5, 11), (5, 10), (4, 10), (3, 10), (3, 9), (3, 9)], 1: [(21, 23), (21, 22), (21, 21), (20, 21), (19, 21), (18, 21), (17, 21), (17, 22), (16, 22), (15, 22), (15, 23), (15, 24), (15, 25), (14, 25), (13, 25), (13, 25)], 2: [(10, 14), (11, 14), (11, 15), (11, 16), (11, 16)], 3: [(31, 9), (31, 10), (31, 11), (31, 12), (31, 13), (30, 13), (29, 13), (29, 14), (29, 15), (29, 14), (28, 14), (27, 14), (27, 15), (27, 16), (27, 17), (26, 17), (25, 17), (25, 18), (24, 18), (23, 18), (22, 18), (22, 19), (22, 20), (22, 21), (21, 21), (20, 21), (19, 21), (18, 21), (17, 21), (17, 22), (16, 22), (15, 22), (14, 22), (13, 22), (13, 23), (12, 23), (11, 23), (11, 24), (11, 25), (10, 25), (10, 26), (10, 27), (10, 28), (10, 29), (9, 29), (9, 30), (8, 30), (7, 30), (6, 30), (5, 30), (4, 30), (3, 30), (3, 29), (3, 28), (3, 27), (3, 26), (4, 26), (4, 26)], 4: [(11, 14), (12, 14), (13, 14), (14, 14), (15, 14), (16, 14), (17, 14), (17, 13), (18, 13), (18, 12), (18, 11), (19, 11), (20, 11), (21, 11), (21, 10), (21, 9), (22, 9), (23, 9), (24, 9), (25, 9), (25, 8), (25, 7), (25, 6), (25, 5), (26, 5), (27, 5), (27, 4), (27, 3), (27, 2), (28, 2), (29, 2), (29, 1), (30, 1), (31, 1), (31, 1)]}, 56)