

CBSS-C STATS
starts:[219, 244, 683, 445, 826]
targets:[965, 438, 974, 764, 702, 51, 574, 618, 170, 461]
dests:[941, 43, 612, 811, 108]
ac_dict:{965: {0, 1}, 438: {1, 2}, 974: {2, 3}, 764: {3, 4}, 941: {0}, 43: {1}, 612: {2}, 811: {3}, 108: {4}}
clusters:[0 0 0 1 0 1 1 0 0 1]

round: 1
best_g_value: 141.0
open_list_size: 0
num_low_level_expanded: 557
search_success: 1
search_time: 0.08174587925896049
n_tsp_call: 1
n_tsp_time: 0.06094021489843726
n_roots: 1
num_conflicts: 0
target_assignment: {170: 1, 574: 3}
cluster_target_selection: {0: 170, 1: 574}
num_nodes_transformed_graph: 29
agent_paths:({0: [(27, 6), (26, 6), (25, 6), (25, 7), (25, 8), (25, 9), (24, 9), (23, 9), (22, 9), (22, 10), (22, 11), (22, 12), (22, 13), (22, 14), (22, 15), (22, 16), (22, 17), (22, 18), (22, 19), (22, 20), (22, 21), (21, 21), (20, 21), (19, 21), (18, 21), (17, 21), (17, 22), (17, 23), (17, 24), (17, 25), (17, 26), (17, 27), (18, 27), (18, 28), (18, 29), (17, 29), (17, 30), (17, 31), (16, 31), (15, 31), (14, 31), (13, 31), (13, 30), (13, 29), (13, 29)], 1: [(20, 7), (19, 7), (18, 7), (17, 7), (17, 6), (17, 5), (16, 5), (15, 5), (14, 5), (13, 5), (12, 5), (11, 5), (10, 5), (11, 5), (11, 4), (11, 3), (11, 2), (11, 1), (11, 1)], 2: [(11, 21), (10, 21), (9, 21), (9, 20), (9, 19), (9, 18), (8, 18), (7, 18), (6, 18), (5, 18), (5, 19), (4, 19), (4, 19)], 3: [(29, 13), (30, 13), (30, 14), (30, 15), (31, 15), (31, 16), (31, 17), (30, 17), (29, 17), (29, 18), (28, 18), (27, 18), (26, 18), (25, 18), (24, 18), (23, 18), (22, 18), (22, 19), (22, 20), (22, 21), (21, 21), (20, 21), (19, 21), (18, 21), (17, 21), (17, 22), (16, 22), (15, 22), (14, 22), (13, 22), (13, 23), (12, 23), (11, 23), (11, 24), (11, 25), (11, 25)], 4: [(26, 25), (25, 25), (24, 25), (23, 25), (23, 24), (23, 23), (22, 23), (22, 22), (22, 21), (22, 20), (22, 19), (21, 19), (21, 18), (21, 17), (20, 17), (19, 17), (18, 17), (18, 16), (18, 15), (18, 14), (18, 13), (18, 12), (18, 11), (17, 11), (17, 10), (17, 9), (16, 9), (15, 9), (14, 9), (14, 8), (14, 7), (14, 6), (14, 5), (14, 4), (14, 3), (13, 3), (12, 3), (12, 3)]}, 43)