

CBSS-C STATS
starts:[294, 945, 311]
targets:[865, 741, 593, 155, 635, 302, 746, 117, 621, 662, 839, 973, 175, 453, 766]
dests:[348, 846, 121]
ac_dict:{865: {0, 1}, 741: {1, 2}, 348: {0}, 846: {1}, 121: {2}}
clusters:[14  6  7 11 12  0  1 13  5  3  8  2  9  4 10]

round: 1
best_g_value: 191.0
open_list_size: 0
num_low_level_expanded: 426
search_success: 1
search_time: 0.1347220970055787
n_tsp_call: 1
n_tsp_time: 0.11605056800181046
n_roots: 1
num_conflicts: 0
target_assignment: {453: 0, 302: 0, 175: 0, 621: 0, 593: 0, 662: 0, 766: 0, 635: 0, 155: 2, 117: 2, 973: 1, 746: 1, 741: 1, 865: 1, 839: 1}
cluster_target_selection: {4: 453, 0: 302, 9: 175, 5: 621, 7: 593, 3: 662, 10: 766, 12: 635, 11: 155, 13: 117, 2: 973, 1: 746, 6: 741, 14: 865, 8: 839}
num_nodes_transformed_graph: 27
agent_paths:({0: [(6, 9), (5, 9), (5, 10), (5, 11), (5, 12), (5, 13), (5, 14), (5, 13), (6, 13), (7, 13), (8, 13), (9, 13), (9, 12), (9, 11), (10, 11), (11, 11), (12, 11), (13, 11), (13, 10), (13, 9), (14, 9), (14, 8), (14, 7), (14, 6), (14, 5), (15, 5), (16, 5), (17, 5), (17, 6), (17, 7), (18, 7), (18, 8), (18, 9), (18, 10), (18, 11), (18, 12), (18, 13), (18, 14), (18, 15), (18, 16), (18, 17), (17, 17), (17, 18), (16, 18), (15, 18), (14, 18), (13, 18), (13, 19), (13, 18), (14, 18), (15, 18), (16, 18), (17, 18), (18, 18), (19, 18), (19, 17), (20, 17), (21, 17), (22, 17), (22, 18), (22, 19), (22, 20), (22, 21), (23, 21), (23, 22), (23, 23), (23, 24), (23, 25), (24, 25), (25, 25), (26, 25), (27, 25), (27, 24), (27, 23), (28, 23), (29, 23), (30, 23), (29, 23), (28, 23), (27, 23), (27, 22), (27, 21), (27, 20), (27, 19), (27, 18), (27, 17), (27, 16), (27, 15), (27, 14), (27, 13), (27, 12), (27, 11), (27, 10), (28, 10), (28, 10)], 1: [(17, 29), (17, 30), (17, 31), (16, 31), (15, 31), (14, 31), (13, 31), (13, 30), (14, 30), (15, 30), (15, 31), (16, 31), (17, 31), (17, 30), (17, 29), (18, 29), (18, 28), (18, 27), (17, 27), (16, 27), (15, 27), (14, 27), (13, 27), (12, 27), (11, 27), (11, 26), (11, 25), (11, 24), (11, 23), (10, 23), (9, 23), (9, 22), (9, 21), (8, 21), (7, 21), (6, 21), (5, 21), (5, 22), (5, 23), (5, 22), (4, 22), (3, 22), (2, 22), (1, 22), (1, 23), (1, 24), (1, 25), (1, 26), (1, 27), (1, 26), (2, 26), (3, 26), (4, 26), (5, 26), (6, 26), (7, 26), (6, 26), (5, 26), (4, 26), (3, 26), (3, 27), (3, 28), (3, 29), (3, 30), (4, 30), (5, 30), (6, 30), (7, 30), (8, 30), (9, 30), (9, 29), (10, 29), (10, 28), (10, 27), (11, 27), (12, 27), (13, 27), (13, 26), (14, 26), (14, 26)], 2: [(23, 9), (24, 9), (25, 9), (25, 8), (25, 7), (25, 6), (25, 5), (26, 5), (27, 5), (27, 4), (27, 3), (26, 3), (25, 3), (24, 3), (23, 3), (22, 3), (21, 3), (22, 3), (23, 3), (24, 3), (25, 3), (25, 3)]}, 93)