

CBSS-C STATS
starts:[955, 506, 569]
targets:[337, 875, 62, 754, 617, 365, 899, 613, 710, 509, 733, 785, 621, 161, 765]
dests:[755, 294, 274]
ac_dict:{337: {0, 1}, 875: {1, 2}, 755: {0}, 294: {1}, 274: {2}}
clusters:[ 1 14 11 10  0  2 12  5 13  6  8  3  7  9  4]

round: 1
best_g_value: 208.0
open_list_size: 0
num_low_level_expanded: 500
search_success: 1
search_time: 0.8112018899992108
n_tsp_call: 1
n_tsp_time: 0.7863597749965265
n_roots: 1
num_conflicts: 0
target_assignment: {733: 0, 765: 0, 785: 0, 754: 0, 621: 2, 509: 1, 62: 1, 337: 1, 365: 1, 617: 1, 875: 1, 899: 1, 710: 1, 613: 1, 161: 1}
cluster_target_selection: {8: 733, 4: 765, 3: 785, 10: 754, 7: 621, 6: 509, 11: 62, 1: 337, 2: 365, 0: 617, 14: 875, 12: 899, 13: 710, 5: 613, 9: 161}
num_nodes_transformed_graph: 49
agent_paths:({0: [(27, 29), (27, 28), (27, 27), (27, 26), (27, 25), (27, 24), (27, 23), (28, 23), (29, 23), (29, 22), (29, 23), (28, 23), (27, 23), (27, 24), (27, 25), (26, 25), (25, 25), (24, 25), (23, 25), (22, 25), (21, 25), (21, 26), (20, 26), (19, 26), (18, 26), (17, 26), (17, 25), (17, 24), (17, 23), (18, 23), (19, 23), (19, 23)], 1: [(26, 15), (27, 15), (27, 14), (28, 14), (29, 14), (29, 15), (29, 14), (29, 13), (30, 13), (31, 13), (31, 12), (31, 11), (31, 10), (31, 9), (31, 8), (31, 7), (30, 7), (30, 6), (30, 5), (30, 4), (30, 3), (30, 2), (30, 1), (29, 1), (29, 2), (28, 2), (27, 2), (27, 3), (27, 4), (27, 5), (26, 5), (25, 5), (25, 6), (25, 7), (25, 8), (25, 9), (24, 9), (23, 9), (22, 9), (21, 9), (21, 10), (21, 11), (20, 11), (19, 11), (18, 11), (17, 11), (17, 10), (17, 9), (16, 9), (15, 9), (14, 9), (13, 9), (13, 10), (13, 11), (12, 11), (11, 11), (10, 11), (9, 11), (9, 12), (9, 13), (9, 14), (9, 15), (10, 15), (11, 15), (11, 16), (11, 17), (10, 17), (9, 17), (9, 18), (9, 19), (9, 20), (9, 21), (10, 21), (11, 21), (11, 22), (11, 23), (11, 24), (11, 25), (11, 26), (11, 27), (10, 27), (10, 28), (10, 29), (9, 29), (9, 30), (8, 30), (7, 30), (6, 30), (5, 30), (4, 30), (3, 30), (3, 29), (3, 28), (3, 27), (3, 26), (3, 25), (2, 25), (1, 25), (1, 24), (1, 23), (1, 22), (2, 22), (3, 22), (4, 22), (5, 22), (6, 22), (5, 22), (4, 22), (3, 22), (3, 21), (2, 21), (2, 20), (2, 19), (3, 19), (4, 19), (5, 19), (5, 18), (5, 17), (6, 17), (6, 16), (6, 15), (5, 15), (5, 14), (5, 13), (5, 12), (5, 11), (5, 10), (5, 9), (6, 9), (6, 8), (6, 7), (5, 7), (5, 6), (5, 5), (4, 5), (3, 5), (2, 5), (1, 5), (2, 5), (3, 5), (4, 5), (5, 5), (6, 5), (6, 6), (6, 7), (6, 8), (6, 9), (6, 9)], 2: [(25, 17), (25, 18), (24, 18), (23, 18), (22, 18), (21, 18), (21, 17), (20, 17), (19, 17), (18, 17), (17, 17), (17, 18), (16, 18), (15, 18), (14, 18), (13, 18), (13, 19), (13, 18), (14, 18), (15, 18), (16, 18), (17, 18), (17, 17), (18, 17), (18, 16), (18, 15), (18, 14), (18, 13), (18, 12), (18, 11), (18, 10), (18, 9), (18, 8), (18, 8)]}, 146)