

CBSS-C STATS
starts:[77, 411, 622, 846, 241, 634, 550]
targets:[431, 806, 635, 699, 589, 838, 554, 250, 170, 296]
dests:[95, 169, 373, 123, 231, 43, 707]
ac_dict:{431: {0, 1}, 806: {1, 2}, 635: {2, 3}, 699: {3, 4}, 589: {4, 5}, 838: {5, 6}, 95: {0}, 169: {1}, 373: {2}, 123: {3}, 231: {4}, 43: {5}, 707: {6}}
clusters:[3 9 6 4 8 5 1 2 0 7]

round: 3
best_g_value: 263.0
open_list_size: 2
num_low_level_expanded: 1634
search_success: 1
search_time: 0.2783339559973683
n_tsp_call: 1
n_tsp_time: 0.2210958549985662
n_roots: 1
num_conflicts: 2
target_assignment: {170: 4, 431: 1, 554: 1, 806: 1, 296: 1, 699: 3, 635: 3, 250: 3, 589: 5, 838: 6}
cluster_target_selection: {0: 170, 3: 431, 1: 554, 9: 806, 7: 296, 4: 699, 6: 635, 2: 250, 8: 589, 5: 838}
num_nodes_transformed_graph: 54
agent_paths:({0: [(13, 2), (14, 2), (15, 2), (16, 2), (17, 2), (18, 2), (19, 2), (19, 1), (20, 1), (21, 1), (22, 1), (23, 1), (23, 2), (23, 3), (24, 3), (25, 3), (25, 2), (26, 2), (27, 2), (28, 2), (29, 2), (30, 2), (31, 2), (31, 2)], 1: [(27, 12), (27, 11), (26, 11), (25, 11), (25, 10), (25, 9), (24, 9), (23, 9), (22, 9), (22, 10), (22, 11), (22, 12), (22, 13), (21, 13), (20, 13), (19, 13), (18, 13), (17, 13), (17, 14), (16, 14), (15, 14), (15, 13), (14, 13), (13, 13), (13, 14), (12, 14), (11, 14), (11, 15), (11, 16), (11, 17), (10, 17), (9, 17), (9, 18), (8, 18), (7, 18), (6, 18), (6, 19), (5, 19), (4, 19), (3, 19), (2, 19), (2, 20), (2, 21), (2, 22), (2, 23), (1, 23), (1, 24), (1, 25), (2, 25), (3, 25), (3, 26), (4, 26), (5, 26), (5, 25), (6, 25), (5, 25), (5, 26), (4, 26), (3, 26), (3, 25), (2, 25), (1, 25), (1, 24), (1, 23), (1, 22), (1, 21), (2, 21), (2, 20), (2, 19), (3, 19), (4, 19), (5, 19), (5, 18), (5, 17), (6, 17), (6, 16), (6, 15), (6, 14), (6, 13), (7, 13), (8, 13), (9, 13), (9, 12), (9, 11), (9, 10), (9, 9), (8, 9), (7, 9), (6, 9), (6, 8), (6, 7), (6, 6), (7, 6), (8, 6), (9, 6), (9, 5), (9, 5)], 2: [(14, 19), (14, 18), (15, 18), (16, 18), (17, 18), (17, 17), (18, 17), (18, 16), (18, 15), (18, 14), (18, 13), (18, 12), (18, 11), (19, 11), (20, 11), (21, 11), (21, 11)], 3: [(14, 26), (15, 26), (15, 27), (16, 27), (17, 27), (17, 26), (18, 26), (19, 26), (20, 26), (21, 26), (21, 25), (22, 25), (23, 25), (24, 25), (25, 25), (26, 25), (27, 25), (27, 24), (27, 23), (27, 22), (27, 21), (27, 20), (27, 19), (27, 18), (27, 17), (27, 16), (27, 15), (27, 14), (27, 13), (27, 12), (27, 11), (26, 11), (26, 10), (26, 9), (25, 9), (25, 8), (25, 7), (26, 7), (26, 6), (26, 5), (27, 5), (27, 4), (27, 3), (27, 3)], 4: [(17, 7), (17, 6), (17, 5), (16, 5), (15, 5), (14, 5), (13, 5), (12, 5), (11, 5), (10, 5), (9, 5), (9, 6), (8, 6), (7, 6), (7, 7), (7, 7)], 5: [(26, 19), (25, 19), (25, 18), (24, 18), (23, 18), (22, 18), (21, 18), (21, 17), (20, 17), (19, 17), (18, 17), (17, 17), (17, 18), (16, 18), (15, 18), (14, 18), (13, 18), (14, 18), (15, 18), (16, 18), (17, 18), (17, 17), (18, 17), (18, 16), (18, 15), (18, 14), (18, 13), (18, 12), (18, 11), (17, 11), (17, 10), (17, 9), (16, 9), (15, 9), (14, 9), (14, 8), (14, 7), (13, 7), (13, 6), (13, 5), (12, 5), (11, 5), (11, 4), (11, 3), (11, 2), (11, 1), (11, 1)], 6: [(6, 17), (6, 18), (6, 19), (5, 19), (4, 19), (3, 19), (2, 19), (2, 20), (2, 21), (2, 22), (2, 23), (1, 23), (1, 24), (1, 25), (2, 25), (3, 25), (3, 26), (4, 26), (5, 26), (6, 26), (5, 26), (4, 26), (3, 26), (3, 25), (2, 25), (1, 25), (1, 24), (1, 23), (1, 22), (2, 22), (3, 22), (3, 22)]}, 95)