

CBSS-C STATS
starts:[186, 237, 558, 161, 481]
targets:[426, 570, 687, 949, 253, 95, 393, 1015, 958, 214, 370, 238, 134, 123, 946, 945, 718, 735, 78, 341]
dests:[192, 765, 501, 467, 86]
ac_dict:{426: {0, 1}, 570: {1, 2}, 687: {2, 3}, 949: {3, 4}, 192: {0}, 765: {1}, 501: {2}, 467: {3}, 86: {4}}
clusters:[8 0 3 0 4 8 4 8 2 1 7 2 1 8 5 9 6 1 8 4]

round: 3
best_g_value: 205.0
open_list_size: 2
num_low_level_expanded: 2002
search_success: 1
search_time: 0.5286852610297501
n_tsp_call: 1
n_tsp_time: 0.4695556340739131
n_roots: 1
num_conflicts: 2
target_assignment: {134: 0, 393: 4, 78: 4, 238: 1, 370: 1, 570: 1, 718: 3, 687: 3, 946: 3, 945: 3}
cluster_target_selection: {1: 134, 4: 393, 8: 78, 2: 238, 7: 370, 0: 570, 6: 718, 3: 687, 5: 946, 9: 945}
num_nodes_transformed_graph: 53
agent_paths:({0: [(26, 5), (25, 5), (25, 6), (25, 7), (25, 8), (25, 9), (24, 9), (23, 9), (23, 8), (23, 7), (22, 7), (21, 7), (20, 7), (19, 7), (18, 7), (17, 7), (17, 6), (17, 5), (16, 5), (15, 5), (14, 5), (13, 5), (12, 5), (11, 5), (10, 5), (9, 5), (9, 6), (8, 6), (7, 6), (6, 6), (6, 5), (6, 4), (6, 5), (5, 5), (4, 5), (3, 5), (2, 5), (1, 5), (1, 6), (0, 6), (0, 6)], 1: [(13, 7), (14, 7), (14, 8), (14, 9), (15, 9), (16, 9), (17, 9), (18, 9), (18, 10), (18, 11), (19, 11), (20, 11), (21, 11), (22, 11), (22, 12), (22, 13), (22, 14), (22, 15), (22, 16), (22, 17), (23, 17), (23, 18), (24, 18), (25, 18), (25, 17), (26, 17), (27, 17), (27, 18), (27, 19), (27, 20), (27, 21), (27, 22), (27, 23), (28, 23), (29, 23), (29, 23)], 2: [(14, 17), (15, 17), (15, 18), (16, 18), (17, 18), (17, 17), (18, 17), (19, 17), (20, 17), (21, 17), (22, 17), (22, 16), (22, 15), (21, 15), (21, 15)], 3: [(1, 5), (2, 5), (3, 5), (4, 5), (5, 5), (6, 5), (6, 6), (6, 7), (6, 8), (6, 9), (6, 10), (6, 11), (5, 11), (5, 12), (5, 13), (6, 13), (6, 14), (6, 15), (6, 16), (6, 17), (7, 17), (7, 18), (8, 18), (9, 18), (9, 19), (9, 20), (9, 21), (10, 21), (11, 21), (11, 22), (11, 23), (12, 23), (13, 23), (13, 22), (14, 22), (14, 21), (15, 21), (15, 22), (16, 22), (17, 22), (17, 23), (17, 24), (17, 25), (18, 25), (18, 26), (18, 27), (18, 28), (18, 29), (17, 29), (18, 29), (18, 28), (18, 27), (18, 26), (18, 25), (17, 25), (17, 24), (17, 23), (17, 22), (17, 21), (18, 21), (19, 21), (20, 21), (21, 21), (22, 21), (22, 20), (22, 19), (22, 18), (22, 17), (22, 16), (22, 15), (22, 14), (21, 14), (21, 13), (20, 13), (19, 13), (19, 14), (19, 14)], 4: [(1, 15), (2, 15), (2, 16), (2, 17), (3, 17), (3, 18), (3, 19), (4, 19), (5, 19), (5, 18), (5, 17), (6, 17), (6, 16), (6, 15), (6, 14), (7, 14), (7, 13), (8, 13), (9, 13), (9, 12), (9, 11), (10, 11), (11, 11), (12, 11), (13, 11), (13, 10), (13, 9), (14, 9), (14, 8), (14, 7), (14, 6), (14, 5), (14, 4), (14, 3), (14, 2), (15, 2), (16, 2), (17, 2), (18, 2), (19, 2), (19, 1), (20, 1), (21, 1), (22, 1), (22, 2), (22, 2)]}, 75)