

CBSS-C STATS
starts:[367, 626]
targets:[879, 67, 351, 95, 506, 205, 177, 96, 503, 207]
dests:[479, 191]
ac_dict:{879: {0, 1}, 479: {0}, 191: {1}}
clusters:[5 4 6 0 9 1 8 3 2 7]

round: 1
best_g_value: 166.0
open_list_size: 0
num_low_level_expanded: 461
search_success: 1
search_time: 0.031678291998105124
n_tsp_call: 1
n_tsp_time: 0.016969019998214208
n_roots: 1
num_conflicts: 0
target_assignment: {177: 1, 207: 1, 205: 1, 96: 1, 67: 1, 879: 1, 503: 1, 506: 1, 351: 1, 95: 1}
cluster_target_selection: {8: 177, 7: 207, 1: 205, 3: 96, 4: 67, 5: 879, 2: 503, 9: 506, 6: 351, 0: 95}
num_nodes_transformed_graph: 14
agent_paths:({0: [(15, 11), (15, 10), (15, 9), (16, 9), (17, 9), (18, 9), (19, 9), (19, 10), (19, 11), (20, 11), (21, 11), (22, 11), (23, 11), (23, 10), (23, 9), (24, 9), (25, 9), (26, 9), (27, 9), (27, 10), (28, 10), (29, 10), (30, 10), (31, 10), (31, 11), (31, 12), (31, 13), (31, 14), (31, 14)], 1: [(18, 19), (18, 18), (18, 17), (18, 16), (18, 15), (18, 14), (18, 13), (18, 12), (18, 11), (18, 10), (18, 9), (18, 8), (18, 7), (17, 7), (17, 6), (17, 5), (16, 5), (15, 5), (15, 6), (14, 6), (13, 6), (13, 5), (12, 5), (11, 5), (10, 5), (9, 5), (9, 6), (8, 6), (7, 6), (6, 6), (5, 6), (5, 5), (4, 5), (3, 5), (3, 4), (3, 3), (2, 3), (1, 3), (0, 3), (1, 3), (1, 2), (2, 2), (3, 2), (3, 3), (3, 4), (3, 5), (4, 5), (5, 5), (6, 5), (6, 6), (6, 7), (6, 8), (6, 9), (6, 10), (6, 11), (5, 11), (5, 12), (5, 13), (6, 13), (6, 14), (6, 15), (6, 16), (6, 17), (7, 17), (7, 18), (8, 18), (9, 18), (9, 19), (9, 20), (9, 21), (10, 21), (11, 21), (11, 22), (11, 23), (12, 23), (13, 23), (14, 23), (15, 23), (15, 24), (15, 25), (15, 26), (15, 27), (15, 26), (15, 25), (15, 24), (15, 23), (15, 22), (16, 22), (17, 22), (17, 21), (18, 21), (19, 21), (20, 21), (21, 21), (22, 21), (22, 20), (22, 19), (22, 18), (22, 17), (22, 16), (22, 15), (23, 15), (22, 15), (22, 16), (22, 17), (23, 17), (23, 18), (24, 18), (25, 18), (25, 17), (26, 17), (27, 17), (27, 16), (27, 15), (26, 15), (26, 14), (26, 13), (27, 13), (27, 12), (27, 11), (27, 10), (28, 10), (29, 10), (30, 10), (31, 10), (31, 9), (31, 8), (31, 7), (31, 6), (31, 5), (30, 5), (30, 4), (30, 3), (30, 2), (31, 2), (31, 3), (30, 3), (30, 4), (30, 5), (31, 5), (31, 5)]}, 139)