

CBSS-C STATS
starts:[63, 330, 162, 90, 809, 813, 853]
targets:[677, 469, 325, 161, 834, 42, 482, 563, 304, 451]
dests:[189, 610, 575, 171, 198, 449, 930]
ac_dict:{677: {0, 1}, 469: {1, 2}, 325: {2, 3}, 161: {3, 4}, 834: {4, 5}, 42: {5, 6}, 189: {0}, 610: {1}, 575: {2}, 171: {3}, 198: {4}, 449: {5}, 930: {6}}
clusters:[5 7 0 4 6 1 3 2 9 8]

round: 24
best_g_value: 272.0
open_list_size: 39
num_low_level_expanded: 24515
search_success: 1
search_time: 8.050961835004273
n_tsp_call: 76
n_tsp_time: 5.708032114969683
n_roots: 9
num_conflicts: 31
target_assignment: {677: 1, 304: 5, 42: 5, 482: 5, 451: 5, 325: 2, 469: 2, 563: 2, 834: 4, 161: 4}
cluster_target_selection: {5: 677, 9: 304, 1: 42, 3: 482, 8: 451, 0: 325, 7: 469, 2: 563, 6: 834, 4: 161}
num_nodes_transformed_graph: 32
agent_paths:({0: [(31, 1), (30, 1), (30, 2), (30, 3), (30, 4), (30, 5), (29, 5), (29, 5)], 1: [(10, 10), (9, 10), (9, 11), (9, 12), (9, 13), (9, 14), (9, 15), (10, 15), (11, 15), (11, 16), (11, 17), (10, 17), (9, 17), (9, 18), (9, 19), (9, 20), (9, 21), (8, 21), (7, 21), (6, 21), (5, 21), (5, 22), (4, 22), (3, 22), (2, 22), (2, 22), (2, 21), (2, 20), (2, 19), (2, 19)], 2: [(2, 5), (3, 5), (4, 5), (5, 5), (5, 6), (5, 7), (6, 7), (6, 8), (6, 9), (5, 9), (5, 10), (5, 11), (5, 12), (5, 13), (6, 13), (7, 13), (8, 13), (9, 13), (10, 13), (11, 13), (11, 14), (12, 14), (13, 14), (14, 14), (15, 14), (16, 14), (17, 14), (18, 14), (19, 14), (19, 13), (20, 13), (21, 13), (21, 14), (21, 15), (22, 15), (22, 16), (22, 17), (21, 17), (20, 17), (19, 17), (20, 17), (21, 17), (22, 17), (23, 17), (23, 18), (24, 18), (25, 18), (26, 18), (27, 18), (28, 18), (29, 18), (29, 17), (30, 17), (31, 17), (31, 17)], 3: [(26, 2), (25, 2), (25, 3), (24, 3), (23, 3), (22, 3), (21, 3), (21, 2), (21, 1), (20, 1), (19, 1), (18, 1), (17, 1), (17, 2), (16, 2), (15, 2), (14, 2), (13, 2), (13, 3), (12, 3), (11, 3), (11, 4), (11, 5), (11, 5)], 4: [(9, 25), (9, 26), (10, 26), (10, 27), (10, 28), (10, 29), (9, 29), (9, 30), (8, 30), (7, 30), (6, 30), (5, 30), (4, 30), (3, 30), (3, 29), (3, 28), (3, 27), (2, 27), (2, 26), (1, 26), (1, 25), (1, 24), (1, 23), (1, 22), (1, 21), (2, 21), (2, 20), (2, 19), (3, 19), (4, 19), (5, 19), (5, 18), (5, 17), (6, 17), (6, 16), (6, 15), (5, 15), (5, 14), (5, 13), (5, 12), (5, 11), (5, 10), (5, 9), (6, 9), (6, 8), (6, 7), (5, 7), (5, 6), (5, 5), (4, 5), (3, 5), (2, 5), (1, 5), (2, 5), (3, 5), (4, 5), (5, 5), (6, 5), (6, 6), (6, 6)], 5: [(13, 25), (14, 25), (15, 25), (15, 24), (15, 23), (15, 22), (16, 22), (17, 22), (17, 21), (18, 21), (19, 21), (20, 21), (21, 21), (22, 21), (22, 20), (22, 19), (21, 19), (21, 18), (21, 17), (20, 17), (19, 17), (18, 17), (18, 16), (18, 15), (18, 14), (18, 13), (18, 12), (18, 11), (17, 11), (17, 10), (17, 9), (16, 9), (15, 9), (14, 9), (14, 8), (14, 7), (14, 6), (14, 5), (14, 4), (14, 3), (13, 3), (12, 3), (11, 3), (10, 3), (10, 2), (10, 1), (9, 1), (8, 1), (7, 1), (6, 1), (6, 2), (6, 3), (6, 4), (6, 5), (6, 6), (6, 7), (6, 8), (6, 9), (5, 9), (5, 10), (5, 11), (5, 12), (5, 13), (5, 14), (5, 15), (6, 15), (6, 16), (6, 17), (5, 17), (5, 18), (5, 19), (4, 19), (3, 19), (3, 18), (2, 18), (2, 17), (2, 16), (2, 15), (2, 14), (3, 14), (2, 14), (1, 14), (1, 14)], 6: [(21, 26), (20, 26), (19, 26), (18, 26), (17, 26), (17, 27), (16, 27), (15, 27), (14, 27), (13, 27), (12, 27), (11, 27), (10, 27), (10, 28), (10, 29), (9, 29), (9, 30), (8, 30), (7, 30), (6, 30), (5, 30), (4, 30), (3, 30), (2, 30), (2, 29), (2, 29)]}, 81)