

CBSS-C STATS
starts:[119, 94, 249, 333, 689, 719, 79, 675, 288, 207]
targets:[798, 457, 946, 725, 1006, 847, 190, 343, 429, 375]
dests:[989, 629, 973, 451, 746, 1008, 769, 642, 635, 571]
ac_dict:{798: {0, 1}, 457: {1, 2}, 946: {2, 3}, 725: {3, 4}, 1006: {4, 5}, 847: {5, 6}, 190: {6, 7}, 343: {8, 7}, 429: {8, 9}, 989: {0}, 629: {1}, 973: {2}, 451: {3}, 746: {4}, 1008: {5}, 769: {6}, 642: {7}, 635: {8}, 571: {9}}
clusters:[1 0 1 2 2 4 2 0 3 1]

round: 381
best_g_value: 293.0
open_list_size: 380
num_low_level_expanded: 121314
search_success: 1
search_time: 5.617981605231762
n_tsp_call: 14
n_tsp_time: 1.5544642456807196
n_roots: 1
num_conflicts: 380
target_assignment: {429: 8, 343: 8, 847: 5, 1006: 5, 946: 2}
cluster_target_selection: {3: 429, 0: 343, 4: 847, 2: 1006, 1: 946}
num_nodes_transformed_graph: 34
agent_paths:({0: [(23, 3), (24, 3), (25, 3), (26, 3), (27, 3), (27, 4), (27, 5), (26, 5), (26, 6), (26, 7), (25, 7), (25, 8), (25, 9), (26, 9), (27, 9), (27, 10), (27, 11), (27, 12), (27, 13), (27, 14), (27, 15), (27, 16), (27, 17), (27, 18), (27, 19), (27, 20), (27, 21), (27, 22), (27, 23), (27, 24), (27, 25), (27, 26), (27, 27), (27, 28), (27, 29), (27, 30), (27, 31), (28, 31), (29, 31), (29, 30), (29, 30)], 1: [(30, 2), (30, 3), (30, 4), (30, 5), (30, 6), (30, 7), (31, 7), (31, 8), (31, 9), (30, 9), (29, 9), (29, 10), (28, 10), (27, 10), (27, 11), (27, 12), (27, 13), (27, 14), (27, 15), (27, 16), (27, 17), (26, 17), (25, 17), (25, 18), (24, 18), (23, 18), (22, 18), (21, 18), (21, 19), (21, 19)], 2: [(25, 7), (25, 8), (25, 9), (24, 9), (23, 9), (22, 9), (22, 10), (22, 11), (22, 12), (22, 13), (22, 14), (22, 15), (22, 16), (22, 17), (22, 18), (22, 19), (22, 20), (22, 21), (21, 21), (20, 21), (19, 21), (18, 21), (18, 22), (18, 23), (17, 23), (17, 24), (17, 25), (18, 25), (18, 26), (18, 27), (18, 28), (18, 29), (18, 30), (18, 31), (17, 31), (16, 31), (15, 31), (14, 31), (13, 31), (13, 30), (13, 30)], 3: [(13, 10), (13, 11), (12, 11), (11, 11), (10, 11), (9, 11), (9, 12), (9, 13), (8, 13), (7, 13), (7, 14), (6, 14), (6, 15), (6, 16), (6, 17), (5, 17), (5, 18), (5, 19), (4, 19), (3, 19), (3, 18), (3, 17), (2, 17), (2, 16), (2, 15), (2, 14), (3, 14), (3, 14)], 4: [(17, 21), (17, 22), (16, 22), (15, 22), (14, 22), (13, 22), (13, 23), (12, 23), (11, 23), (10, 23), (10, 23)], 5: [(15, 22), (15, 23), (15, 24), (15, 25), (15, 26), (15, 27), (16, 27), (17, 27), (18, 27), (18, 28), (18, 29), (17, 29), (17, 30), (17, 31), (16, 31), (15, 31), (14, 31), (15, 31), (16, 31), (17, 31), (17, 30), (17, 30), (17, 30), (17, 30), (17, 30), (17, 30), (17, 30), (17, 30), (17, 30), (17, 30), (17, 30), (17, 30), (17, 30), (17, 30), (17, 30), (17, 31), (16, 31), (16, 31)], 6: [(15, 2), (14, 2), (14, 3), (14, 4), (14, 5), (14, 6), (14, 7), (14, 8), (14, 9), (13, 9), (13, 10), (13, 11), (12, 11), (11, 11), (10, 11), (9, 11), (9, 12), (9, 13), (9, 14), (9, 15), (10, 15), (11, 15), (11, 16), (11, 17), (10, 17), (9, 17), (9, 18), (9, 19), (9, 20), (9, 21), (8, 21), (7, 21), (6, 21), (5, 21), (5, 22), (4, 22), (3, 22), (2, 22), (1, 22), (1, 23), (1, 24), (1, 24)], 7: [(3, 21), (2, 21), (2, 20), (2, 20)], 8: [(0, 9), (1, 9), (2, 9), (3, 9), (3, 10), (4, 10), (5, 10), (5, 11), (5, 12), (5, 13), (6, 13), (7, 13), (8, 13), (9, 13), (10, 13), (11, 13), (11, 14), (12, 14), (13, 14), (13, 13), (14, 13), (15, 13), (15, 14), (16, 14), (17, 14), (17, 13), (18, 13), (18, 12), (18, 11), (19, 11), (20, 11), (21, 11), (21, 10), (22, 10), (23, 10), (23, 11), (22, 11), (22, 12), (22, 13), (22, 14), (22, 15), (22, 16), (22, 17), (23, 17), (23, 18), (24, 18), (25, 18), (26, 18), (27, 18), (27, 19), (27, 19)], 9: [(15, 6), (15, 5), (16, 5), (17, 5), (18, 5), (19, 5), (19, 6), (19, 7), (20, 7), (21, 7), (22, 7), (23, 7), (23, 8), (23, 9), (24, 9), (25, 9), (26, 9), (27, 9), (27, 10), (27, 11), (27, 12), (27, 13), (27, 14), (27, 15), (27, 16), (27, 17), (27, 17)]}, 49)