

CBSS-C STATS
starts:[885, 313, 849, 238, 876]
targets:[839, 382, 675, 334, 383, 742, 942, 231, 846, 127]
dests:[767, 75, 671, 985, 479]
ac_dict:{839: {0, 1}, 382: {1, 2}, 675: {2, 3}, 334: {3, 4}, 767: {0}, 75: {1}, 671: {2}, 985: {3}, 479: {4}}
clusters:[0 1 3 3 3 4 3 2 3 0]

round: 1
best_g_value: 179.0
open_list_size: 0
num_low_level_expanded: 445
search_success: 1
search_time: 0.5383174871094525
n_tsp_call: 1
n_tsp_time: 0.5139923947863281
n_roots: 1
num_conflicts: 0
target_assignment: {382: 1, 127: 1, 846: 4, 231: 3, 742: 3}
cluster_target_selection: {1: 382, 0: 127, 3: 846, 2: 231, 4: 742}
num_nodes_transformed_graph: 48
agent_paths:({0: [(21, 27), (21, 26), (21, 25), (22, 25), (23, 25), (24, 25), (25, 25), (26, 25), (27, 25), (27, 24), (27, 23), (28, 23), (29, 23), (30, 23), (31, 23), (31, 23)], 1: [(25, 9), (26, 9), (27, 9), (27, 10), (28, 10), (29, 10), (30, 10), (30, 11), (30, 10), (30, 9), (31, 9), (31, 8), (31, 7), (31, 6), (31, 5), (30, 5), (30, 4), (30, 3), (31, 3), (30, 3), (29, 3), (29, 2), (28, 2), (27, 2), (26, 2), (25, 2), (25, 3), (24, 3), (23, 3), (22, 3), (21, 3), (21, 2), (21, 1), (20, 1), (19, 1), (18, 1), (17, 1), (17, 2), (16, 2), (15, 2), (14, 2), (13, 2), (13, 3), (12, 3), (11, 3), (11, 2), (11, 2)], 2: [(17, 26), (18, 26), (19, 26), (20, 26), (21, 26), (21, 25), (22, 25), (23, 25), (24, 25), (25, 25), (26, 25), (27, 25), (27, 24), (27, 23), (28, 23), (29, 23), (29, 22), (29, 21), (30, 21), (31, 21), (31, 20), (31, 20)], 3: [(14, 7), (13, 7), (13, 6), (13, 5), (12, 5), (11, 5), (10, 5), (9, 5), (9, 6), (8, 6), (7, 6), (7, 7), (6, 7), (6, 8), (6, 9), (6, 10), (6, 11), (5, 11), (5, 12), (5, 13), (6, 13), (6, 14), (6, 15), (6, 16), (6, 17), (6, 18), (7, 18), (8, 18), (9, 18), (9, 19), (9, 20), (9, 21), (8, 21), (7, 21), (6, 21), (6, 22), (6, 23), (7, 23), (7, 22), (7, 21), (8, 21), (9, 21), (10, 21), (11, 21), (11, 22), (11, 23), (12, 23), (13, 23), (14, 23), (15, 23), (15, 24), (15, 25), (15, 26), (15, 27), (16, 27), (17, 27), (18, 27), (18, 28), (18, 29), (19, 29), (19, 30), (19, 31), (20, 31), (21, 31), (22, 31), (23, 31), (24, 31), (25, 31), (25, 30), (25, 30)], 4: [(12, 27), (13, 27), (13, 26), (14, 26), (14, 25), (15, 25), (15, 24), (15, 23), (15, 22), (16, 22), (17, 22), (17, 21), (18, 21), (19, 21), (20, 21), (21, 21), (22, 21), (22, 20), (22, 19), (22, 18), (23, 18), (24, 18), (25, 18), (25, 17), (26, 17), (27, 17), (27, 16), (27, 15), (27, 14), (28, 14), (29, 14), (30, 14), (31, 14), (31, 14)]}, 68)