

CBSS-C STATS
starts:[673, 334]
targets:[1015, 727, 254, 250, 370, 458, 121, 375, 639, 418]
dests:[75, 615]
ac_dict:{1015: {0, 1}, 75: {0}, 615: {1}}
clusters:[2 4 3 9 7 0 5 1 8 6]

round: 1
best_g_value: 151.0
open_list_size: 0
num_low_level_expanded: 319
search_success: 1
search_time: 0.013207655007136054
n_tsp_call: 1
n_tsp_time: 0.004195608998998068
n_roots: 1
num_conflicts: 0
target_assignment: {418: 0, 370: 1, 375: 1, 250: 1, 121: 1, 254: 1, 639: 1, 1015: 1, 727: 1, 458: 1}
cluster_target_selection: {6: 418, 7: 370, 1: 375, 9: 250, 5: 121, 3: 254, 8: 639, 2: 1015, 4: 727, 0: 458}
num_nodes_transformed_graph: 14
agent_paths:({0: [(1, 21), (2, 21), (2, 20), (2, 19), (2, 18), (2, 17), (2, 16), (2, 15), (2, 14), (2, 13), (2, 14), (2, 15), (2, 16), (2, 17), (3, 17), (3, 18), (3, 19), (4, 19), (5, 19), (5, 18), (5, 17), (6, 17), (6, 16), (6, 15), (6, 14), (6, 13), (5, 13), (5, 12), (5, 11), (5, 10), (5, 9), (6, 9), (6, 8), (6, 7), (6, 6), (7, 6), (8, 6), (9, 6), (9, 5), (10, 5), (11, 5), (11, 4), (11, 3), (11, 2), (11, 2)], 1: [(14, 10), (15, 10), (15, 9), (16, 9), (17, 9), (18, 9), (18, 10), (18, 11), (19, 11), (20, 11), (21, 11), (22, 11), (23, 11), (23, 10), (23, 9), (24, 9), (25, 9), (25, 8), (25, 7), (26, 7), (26, 6), (26, 5), (27, 5), (27, 4), (27, 3), (26, 3), (25, 3), (26, 3), (27, 3), (27, 4), (27, 5), (27, 6), (28, 6), (29, 6), (30, 6), (30, 7), (31, 7), (31, 8), (31, 9), (31, 10), (31, 11), (31, 12), (31, 13), (31, 14), (31, 15), (31, 16), (31, 17), (31, 18), (31, 19), (31, 20), (31, 21), (30, 21), (29, 21), (29, 22), (29, 23), (28, 23), (27, 23), (27, 24), (27, 25), (26, 25), (25, 25), (24, 25), (23, 25), (23, 26), (23, 27), (23, 28), (23, 29), (23, 30), (23, 31), (23, 30), (23, 29), (23, 28), (23, 27), (23, 26), (23, 25), (23, 24), (23, 23), (23, 22), (22, 22), (22, 21), (22, 20), (22, 19), (21, 19), (21, 18), (21, 17), (20, 17), (19, 17), (18, 17), (18, 16), (18, 15), (17, 15), (17, 14), (16, 14), (15, 14), (14, 14), (13, 14), (12, 14), (11, 14), (10, 14), (10, 15), (11, 15), (11, 16), (11, 17), (10, 17), (9, 17), (9, 18), (8, 18), (7, 18), (7, 19), (7, 19)]}, 108)