

CBSS-C STATS
starts:[279, 680, 934, 598, 1016]
targets:[422, 127, 311, 893, 757, 35, 367, 177, 594, 830, 762, 218, 458, 815, 662, 99, 699, 490, 550, 867]
dests:[299, 946, 61, 463, 175]
ac_dict:{422: {0, 1}, 127: {1, 2}, 311: {2, 3}, 893: {3, 4}, 299: {0}, 946: {1}, 61: {2}, 463: {3}, 175: {4}}
clusters:[7 4 5 7 8 2 0 9 4 3 3 7 1 5 6 7 8 7 0 7]

round: 22
best_g_value: 193.0
open_list_size: 21
num_low_level_expanded: 7759
search_success: 1
search_time: 26.67715885071084
n_tsp_call: 14
n_tsp_time: 25.95459251385182
n_roots: 1
num_conflicts: 21
target_assignment: {367: 0, 815: 1, 762: 2, 699: 2, 594: 3, 662: 4, 458: 4, 35: 4, 99: 4, 177: 4}
cluster_target_selection: {0: 367, 5: 815, 3: 762, 8: 699, 4: 594, 6: 662, 1: 458, 2: 35, 7: 99, 9: 177}
num_nodes_transformed_graph: 98
agent_paths:({0: [(23, 8), (23, 7), (22, 7), (21, 7), (20, 7), (19, 7), (18, 7), (18, 8), (18, 9), (17, 9), (16, 9), (15, 9), (15, 10), (15, 11), (14, 11), (13, 11), (12, 11), (11, 11), (11, 10), (11, 9), (11, 9)], 1: [(8, 21), (9, 21), (10, 21), (11, 21), (11, 22), (11, 23), (12, 23), (13, 23), (14, 23), (15, 23), (15, 24), (15, 25), (15, 26), (15, 26), (15, 27), (16, 27), (17, 27), (18, 27), (18, 28), (18, 29), (18, 29)], 2: [(6, 29), (7, 29), (7, 30), (8, 30), (9, 30), (9, 29), (10, 29), (10, 28), (10, 27), (11, 27), (12, 27), (13, 27), (14, 27), (15, 27), (16, 27), (17, 27), (17, 26), (18, 26), (19, 26), (20, 26), (21, 26), (21, 25), (22, 25), (23, 25), (24, 25), (25, 25), (26, 25), (27, 25), (27, 24), (27, 23), (26, 23), (26, 22), (26, 21), (27, 21), (27, 20), (27, 19), (27, 18), (27, 17), (27, 16), (27, 15), (27, 14), (27, 13), (27, 12), (27, 11), (27, 10), (28, 10), (29, 10), (29, 9), (30, 9), (31, 9), (31, 8), (31, 7), (30, 7), (30, 6), (30, 5), (30, 4), (30, 3), (29, 3), (29, 2), (29, 1), (29, 1)], 3: [(22, 18), (21, 18), (21, 17), (20, 17), (19, 17), (18, 17), (18, 18), (18, 17), (18, 16), (18, 15), (17, 15), (17, 14), (16, 14), (15, 14), (15, 14)], 4: [(24, 31), (23, 31), (23, 30), (23, 29), (23, 28), (23, 27), (23, 26), (23, 25), (23, 24), (23, 23), (22, 23), (22, 22), (22, 21), (22, 20), (22, 21), (21, 21), (20, 21), (19, 21), (18, 21), (17, 21), (17, 22), (16, 22), (15, 22), (14, 22), (13, 22), (13, 23), (12, 23), (11, 23), (10, 23), (10, 22), (10, 21), (9, 21), (9, 20), (9, 19), (9, 18), (9, 17), (10, 17), (11, 17), (11, 16), (11, 15), (10, 15), (10, 14), (9, 14), (9, 13), (9, 12), (9, 11), (9, 10), (9, 9), (8, 9), (7, 9), (6, 9), (6, 8), (6, 7), (5, 7), (5, 6), (5, 5), (4, 5), (3, 5), (3, 4), (3, 3), (3, 2), (3, 1), (3, 2), (3, 3), (3, 4), (3, 5), (4, 5), (5, 5), (6, 5), (7, 5), (7, 6), (8, 6), (9, 6), (9, 5), (10, 5), (11, 5), (12, 5), (13, 5), (14, 5), (15, 5), (16, 5), (17, 5), (16, 5), (15, 5), (15, 5)]}, 83)