

CBSS-C STATS
starts:[501, 566, 751, 989, 477]
targets:[879, 163, 223, 937, 962, 497, 577, 367, 667, 570]
dests:[46, 987, 564, 675, 65]
ac_dict:{879: {0, 1}, 163: {1, 2}, 223: {2, 3}, 937: {3, 4}, 46: {0}, 987: {1}, 564: {2}, 675: {3}, 65: {4}}
clusters:[1 1 0 1 0 1 0 0 1 1]

round: 1
best_g_value: 139.0
open_list_size: 0
num_low_level_expanded: 419
search_success: 1
search_time: 0.15266838017851114
n_tsp_call: 1
n_tsp_time: 0.1386981108225882
n_roots: 1
num_conflicts: 0
target_assignment: {367: 0, 667: 1}
cluster_target_selection: {0: 367, 1: 667}
num_nodes_transformed_graph: 48
agent_paths:({0: [(21, 15), (21, 14), (21, 13), (20, 13), (19, 13), (18, 13), (18, 12), (18, 11), (17, 11), (17, 10), (17, 9), (16, 9), (15, 9), (15, 10), (15, 11), (14, 11), (14, 10), (14, 9), (14, 8), (14, 7), (14, 6), (14, 5), (14, 4), (14, 3), (14, 2), (14, 1), (14, 1)], 1: [(22, 17), (23, 17), (23, 18), (24, 18), (25, 18), (26, 18), (27, 18), (27, 19), (27, 20), (27, 21), (27, 22), (27, 23), (27, 24), (27, 25), (27, 26), (27, 27), (27, 28), (27, 29), (27, 30), (27, 30)], 2: [(15, 23), (15, 22), (16, 22), (17, 22), (17, 21), (18, 21), (19, 21), (20, 21), (21, 21), (22, 21), (22, 20), (22, 19), (21, 19), (21, 18), (21, 17), (20, 17), (20, 17)], 3: [(29, 30), (29, 31), (28, 31), (27, 31), (26, 31), (25, 31), (24, 31), (23, 31), (22, 31), (21, 31), (20, 31), (19, 31), (18, 31), (18, 30), (18, 29), (18, 28), (18, 27), (17, 27), (16, 27), (15, 27), (14, 27), (13, 27), (12, 27), (11, 27), (11, 26), (11, 25), (11, 24), (11, 23), (10, 23), (9, 23), (9, 22), (9, 21), (8, 21), (7, 21), (6, 21), (5, 21), (5, 22), (4, 22), (3, 22), (3, 21), (3, 21)], 4: [(29, 14), (28, 14), (27, 14), (27, 13), (27, 12), (27, 11), (26, 11), (25, 11), (25, 10), (25, 9), (24, 9), (23, 9), (23, 8), (23, 7), (22, 7), (21, 7), (20, 7), (19, 7), (18, 7), (17, 7), (17, 6), (17, 5), (16, 5), (15, 5), (14, 5), (13, 5), (12, 5), (11, 5), (10, 5), (9, 5), (9, 6), (8, 6), (7, 6), (6, 6), (5, 6), (5, 5), (4, 5), (3, 5), (3, 4), (3, 3), (2, 3), (1, 3), (1, 2), (1, 2)]}, 42)