

CBSS-C STATS
starts:[881, 329, 250, 717, 370]
targets:[1008, 838, 57, 607, 490, 559, 433, 470, 894, 262, 75, 511, 626, 120, 114, 471, 690, 678, 809, 21]
dests:[13, 310, 243, 435, 606]
ac_dict:{1008: {0, 1}, 838: {1, 2}, 57: {2, 3}, 607: {3, 4}, 13: {0}, 310: {1}, 243: {2}, 435: {3}, 606: {4}}
clusters:[2 8 7 7 1 5 4 9 8 6 3 8 4 0 0 4 4 6 5 0]

round: 1
best_g_value: 166.0
open_list_size: 0
num_low_level_expanded: 384
search_success: 1
search_time: 0.28700144262984395
n_tsp_call: 1
n_tsp_time: 0.26253074314445257
n_roots: 1
num_conflicts: 0
target_assignment: {1008: 0, 490: 0, 262: 0, 75: 0, 114: 0, 690: 3, 470: 3, 559: 4, 511: 4, 607: 4}
cluster_target_selection: {2: 1008, 1: 490, 6: 262, 3: 75, 0: 114, 4: 690, 9: 470, 5: 559, 8: 511, 7: 607}
num_nodes_transformed_graph: 54
agent_paths:({0: [(17, 27), (18, 27), (18, 28), (18, 29), (17, 29), (17, 30), (17, 31), (16, 31), (17, 31), (17, 30), (17, 29), (18, 29), (18, 28), (18, 27), (17, 27), (16, 27), (15, 27), (14, 27), (13, 27), (12, 27), (11, 27), (11, 26), (11, 25), (11, 24), (11, 23), (10, 23), (10, 22), (10, 21), (9, 21), (9, 20), (9, 19), (9, 18), (9, 17), (10, 17), (11, 17), (11, 16), (11, 15), (10, 15), (9, 15), (9, 14), (9, 13), (9, 12), (9, 11), (9, 10), (9, 9), (8, 9), (7, 9), (6, 9), (6, 8), (6, 7), (6, 6), (7, 6), (8, 6), (9, 6), (9, 5), (10, 5), (11, 5), (11, 4), (11, 3), (11, 2), (11, 3), (12, 3), (13, 3), (14, 3), (15, 3), (15, 2), (16, 2), (17, 2), (18, 2), (18, 3), (17, 3), (17, 2), (16, 2), (15, 2), (14, 2), (13, 2), (13, 1), (13, 0), (13, 0)], 1: [(9, 10), (10, 10), (11, 10), (11, 11), (12, 11), (13, 11), (13, 10), (13, 9), (14, 9), (15, 9), (16, 9), (17, 9), (18, 9), (19, 9), (19, 10), (19, 11), (20, 11), (21, 11), (21, 10), (21, 9), (22, 9), (22, 9)], 2: [(26, 7), (25, 7), (25, 8), (25, 9), (24, 9), (23, 9), (23, 8), (23, 7), (22, 7), (21, 7), (20, 7), (19, 7), (19, 7)], 3: [(13, 22), (14, 22), (15, 22), (16, 22), (17, 22), (17, 21), (18, 21), (19, 21), (20, 21), (21, 21), (22, 21), (22, 20), (22, 19), (22, 18), (22, 17), (22, 16), (22, 15), (22, 14), (21, 14), (21, 13), (20, 13), (19, 13), (19, 13)], 4: [(18, 11), (18, 12), (18, 13), (18, 14), (18, 15), (18, 16), (18, 17), (17, 17), (17, 18), (16, 18), (15, 18), (15, 17), (15, 18), (16, 18), (17, 18), (17, 17), (18, 17), (19, 17), (20, 17), (21, 17), (22, 17), (23, 17), (23, 18), (24, 18), (25, 18), (26, 18), (27, 18), (28, 18), (29, 18), (29, 17), (30, 17), (31, 17), (31, 16), (31, 15), (31, 16), (31, 17), (31, 18), (30, 18), (30, 18)]}, 77)