

CBSS-C STATS
starts:[833, 67, 446, 604, 914]
targets:[718, 933, 499, 214, 1022, 691, 678, 838, 755, 809]
dests:[122, 723, 323, 347, 861]
ac_dict:{718: {0, 1}, 933: {1, 2}, 499: {2, 3}, 214: {3, 4}, 122: {0}, 723: {1}, 323: {2}, 347: {3}, 861: {4}}
clusters:[4 4 0 2 4 2 1 3 0 1]

round: 8
best_g_value: 178.0
open_list_size: 7
num_low_level_expanded: 2796
search_success: 1
search_time: 0.5601608399301767
n_tsp_call: 7
n_tsp_time: 0.37035180116072297
n_roots: 1
num_conflicts: 7
target_assignment: {838: 0, 678: 0, 718: 1, 755: 1, 691: 1}
cluster_target_selection: {3: 838, 1: 678, 4: 718, 0: 755, 2: 691}
num_nodes_transformed_graph: 28
agent_paths:({0: [(1, 26), (2, 26), (3, 26), (4, 26), (5, 26), (6, 26), (5, 26), (4, 26), (3, 26), (3, 25), (2, 25), (1, 25), (1, 24), (1, 23), (1, 22), (2, 22), (3, 22), (4, 22), (5, 22), (5, 21), (6, 21), (7, 21), (8, 21), (9, 21), (9, 20), (9, 19), (9, 18), (9, 17), (10, 17), (11, 17), (11, 16), (11, 15), (11, 14), (12, 14), (13, 14), (14, 14), (15, 14), (16, 14), (17, 14), (17, 13), (18, 13), (18, 12), (18, 11), (19, 11), (20, 11), (21, 11), (21, 10), (21, 9), (22, 9), (23, 9), (24, 9), (25, 9), (25, 8), (25, 7), (25, 6), (25, 5), (26, 5), (27, 5), (27, 4), (27, 3), (26, 3), (26, 3)], 1: [(3, 2), (3, 3), (3, 4), (3, 5), (4, 5), (5, 5), (6, 5), (6, 6), (6, 7), (6, 8), (6, 9), (7, 9), (8, 9), (9, 9), (9, 10), (9, 11), (9, 12), (9, 13), (10, 13), (11, 13), (11, 14), (11, 15), (11, 16), (11, 17), (11, 18), (11, 19), (10, 19), (9, 19), (9, 20), (9, 21), (10, 21), (11, 21), (11, 22), (11, 23), (12, 23), (13, 23), (13, 22), (14, 22), (15, 22), (16, 22), (17, 22), (18, 22), (19, 22), (19, 23), (19, 22), (19, 21), (19, 22), (19, 22)], 2: [(30, 13), (31, 13), (31, 12), (31, 11), (30, 11), (29, 11), (29, 10), (28, 10), (27, 10), (26, 10), (25, 10), (25, 9), (24, 9), (23, 9), (22, 9), (21, 9), (21, 10), (21, 11), (20, 11), (19, 11), (18, 11), (17, 11), (17, 10), (17, 9), (16, 9), (15, 9), (14, 9), (13, 9), (13, 10), (13, 11), (12, 11), (11, 11), (10, 11), (9, 11), (9, 10), (9, 9), (8, 9), (7, 9), (6, 9), (5, 9), (5, 10), (4, 10), (3, 10), (3, 10)], 3: [(28, 18), (27, 18), (27, 17), (27, 16), (27, 15), (27, 14), (27, 13), (27, 12), (27, 11), (27, 10), (27, 10)], 4: [(18, 28), (18, 27), (18, 26), (19, 26), (20, 26), (21, 26), (22, 26), (23, 26), (23, 25), (24, 25), (25, 25), (26, 25), (27, 25), (27, 24), (27, 23), (28, 23), (29, 23), (30, 23), (30, 24), (30, 25), (29, 25), (29, 26), (29, 26)]}, 60)