

CBSS-C STATS
starts:[603, 937, 1008, 164, 817]
targets:[695, 96, 819, 365, 205, 559, 881, 639, 566, 460]
dests:[604, 170, 689, 354, 373]
ac_dict:{695: {0, 1}, 96: {1, 2}, 819: {2, 3}, 365: {3, 4}, 604: {0}, 170: {1}, 689: {2}, 354: {3}, 373: {4}}
clusters:[0 0 0 0 1 1 0 1 0 0]

round: 1
best_g_value: 87.0
open_list_size: 0
num_low_level_expanded: 241
search_success: 1
search_time: 0.18484784895554185
n_tsp_call: 1
n_tsp_time: 0.16929421573877335
n_roots: 1
num_conflicts: 0
target_assignment: {566: 4, 205: 1}
cluster_target_selection: {0: 566, 1: 205}
num_nodes_transformed_graph: 48
agent_paths:({0: [(27, 18), (28, 18), (28, 18)], 1: [(9, 29), (10, 29), (10, 28), (10, 27), (10, 26), (10, 25), (11, 25), (11, 24), (11, 23), (11, 22), (11, 21), (10, 21), (9, 21), (9, 20), (9, 19), (9, 18), (9, 17), (10, 17), (11, 17), (11, 16), (11, 15), (11, 14), (11, 13), (10, 13), (9, 13), (9, 12), (9, 11), (10, 11), (11, 11), (12, 11), (13, 11), (13, 10), (13, 9), (14, 9), (14, 8), (14, 7), (13, 7), (13, 6), (13, 5), (12, 5), (11, 5), (10, 5), (10, 5)], 2: [(16, 31), (17, 31), (17, 30), (17, 29), (18, 29), (18, 28), (18, 27), (17, 27), (17, 26), (17, 25), (17, 24), (17, 23), (17, 22), (17, 21), (17, 21)], 3: [(4, 5), (5, 5), (5, 6), (5, 7), (6, 7), (6, 8), (6, 9), (5, 9), (5, 10), (4, 10), (3, 10), (2, 10), (2, 11), (2, 11)], 4: [(17, 25), (17, 24), (17, 23), (17, 22), (17, 21), (18, 21), (19, 21), (20, 21), (21, 21), (22, 21), (22, 20), (22, 19), (22, 18), (22, 17), (22, 16), (22, 15), (22, 14), (22, 13), (22, 12), (22, 11), (21, 11), (21, 11)]}, 41)