

CBSS-C STATS
starts:[585, 806]
targets:[998, 49, 355, 262, 105, 17, 321, 869, 575, 378]
dests:[558, 317]
ac_dict:{998: {0, 1}, 558: {0}, 317: {1}}
clusters:[6 1 5 7 3 0 8 2 4 9]

round: 1
best_g_value: 149.0
open_list_size: 0
num_low_level_expanded: 489
search_success: 1
search_time: 0.032958222000161186
n_tsp_call: 1
n_tsp_time: 0.01696358001208864
n_roots: 1
num_conflicts: 0
target_assignment: {869: 1, 998: 1, 355: 1, 321: 1, 262: 1, 105: 1, 17: 1, 49: 1, 378: 1, 575: 1}
cluster_target_selection: {2: 869, 6: 998, 5: 355, 8: 321, 7: 262, 3: 105, 0: 17, 1: 49, 9: 378, 4: 575}
num_nodes_transformed_graph: 14
agent_paths:({0: [(9, 18), (9, 17), (10, 17), (11, 17), (11, 16), (11, 15), (11, 14), (12, 14), (13, 14), (14, 14), (15, 14), (16, 14), (17, 14), (17, 15), (18, 15), (18, 16), (18, 17), (17, 17), (17, 18), (16, 18), (15, 18), (14, 18), (14, 17), (14, 17)], 1: [(6, 25), (5, 25), (5, 26), (5, 27), (5, 26), (4, 26), (3, 26), (3, 27), (3, 28), (3, 29), (3, 30), (4, 30), (5, 30), (6, 30), (6, 31), (5, 31), (5, 30), (4, 30), (3, 30), (3, 29), (3, 28), (3, 27), (3, 26), (3, 25), (2, 25), (1, 25), (1, 24), (1, 23), (1, 22), (1, 21), (2, 21), (2, 20), (2, 19), (3, 19), (4, 19), (5, 19), (5, 18), (5, 17), (6, 17), (6, 16), (6, 15), (5, 15), (5, 14), (5, 13), (5, 12), (5, 11), (5, 10), (4, 10), (3, 10), (3, 11), (2, 11), (1, 11), (1, 10), (2, 10), (3, 10), (4, 10), (5, 10), (5, 9), (6, 9), (6, 8), (6, 7), (6, 6), (6, 5), (6, 4), (6, 3), (7, 3), (7, 2), (7, 1), (8, 1), (9, 1), (9, 2), (9, 3), (10, 3), (11, 3), (12, 3), (13, 3), (13, 2), (14, 2), (15, 2), (16, 2), (17, 2), (17, 1), (17, 0), (17, 1), (18, 1), (19, 1), (20, 1), (21, 1), (22, 1), (23, 1), (23, 2), (23, 3), (24, 3), (25, 3), (26, 3), (27, 3), (27, 4), (27, 5), (26, 5), (26, 6), (26, 7), (25, 7), (25, 8), (25, 9), (26, 9), (26, 10), (26, 11), (27, 11), (27, 12), (27, 13), (27, 14), (28, 14), (29, 14), (30, 14), (31, 14), (31, 15), (31, 16), (31, 17), (31, 16), (31, 15), (31, 14), (31, 13), (31, 12), (31, 11), (30, 11), (29, 11), (29, 10), (29, 9), (29, 9)]}, 127)