

CBSS-C STATS
starts:[161, 369, 437]
targets:[509, 999, 582, 613, 942, 575, 950, 639, 595, 873, 961, 319, 465, 393, 38]
dests:[931, 494, 675]
ac_dict:{509: {0, 1}, 999: {1, 2}, 931: {0}, 494: {1}, 675: {2}}
clusters:[ 8  0  2 12 13  7  6  3  1 11  5  9  4 10 14]

round: 43
best_g_value: 195.0
open_list_size: 72
num_low_level_expanded: 28557
search_success: 1
search_time: 7.160240438999608
n_tsp_call: 163
n_tsp_time: 6.127902994063334
n_roots: 16
num_conflicts: 57
target_assignment: {38: 0, 393: 0, 582: 0, 613: 0, 961: 0, 950: 2, 942: 2, 873: 2, 999: 2, 319: 1, 509: 1, 575: 1, 639: 1, 595: 1, 465: 1}
cluster_target_selection: {14: 38, 10: 393, 2: 582, 12: 613, 5: 961, 6: 950, 13: 942, 11: 873, 0: 999, 9: 319, 8: 509, 7: 575, 3: 639, 1: 595, 4: 465}
num_nodes_transformed_graph: 26
agent_paths:({0: [(1, 5), (2, 5), (3, 5), (4, 5), (5, 5), (6, 5), (6, 4), (6, 3), (6, 2), (6, 1), (6, 2), (6, 3), (6, 4), (6, 5), (6, 6), (6, 7), (6, 8), (6, 9), (7, 9), (8, 9), (9, 9), (9, 10), (9, 11), (9, 12), (9, 13), (8, 13), (7, 13), (6, 13), (6, 14), (6, 15), (6, 16), (6, 17), (6, 18), (5, 18), (5, 19), (4, 19), (3, 19), (2, 19), (2, 20), (2, 21), (1, 21), (1, 22), (1, 23), (1, 24), (1, 25), (1, 26), (1, 27), (2, 27), (3, 27), (3, 28), (3, 29), (2, 29), (1, 29), (1, 30), (1, 29), (2, 29), (3, 29), (3, 29)], 1: [(17, 11), (18, 11), (19, 11), (20, 11), (21, 11), (21, 10), (21, 9), (22, 9), (23, 9), (24, 9), (25, 9), (26, 9), (27, 9), (27, 10), (28, 10), (29, 10), (29, 9), (30, 9), (31, 9), (31, 10), (31, 11), (31, 12), (31, 13), (30, 13), (29, 13), (29, 14), (29, 15), (30, 15), (31, 15), (31, 16), (31, 17), (31, 18), (31, 19), (30, 19), (29, 19), (29, 18), (28, 18), (27, 18), (26, 18), (25, 18), (24, 18), (23, 18), (22, 18), (21, 18), (21, 17), (20, 17), (19, 17), (19, 18), (18, 18), (18, 17), (18, 16), (18, 15), (17, 15), (17, 14), (16, 14), (15, 14), (14, 14), (14, 15), (14, 15)], 2: [(21, 13), (22, 13), (22, 14), (22, 15), (22, 16), (22, 17), (22, 18), (22, 19), (22, 20), (22, 21), (22, 22), (22, 23), (23, 23), (23, 24), (23, 25), (23, 26), (23, 27), (23, 28), (23, 29), (22, 29), (21, 29), (21, 30), (21, 31), (20, 31), (19, 31), (18, 31), (17, 31), (16, 31), (15, 31), (14, 31), (14, 30), (14, 29), (15, 29), (15, 30), (15, 31), (16, 31), (17, 31), (17, 30), (17, 29), (18, 29), (18, 28), (18, 27), (17, 27), (16, 27), (15, 27), (14, 27), (13, 27), (12, 27), (11, 27), (10, 27), (9, 27), (10, 27), (10, 28), (10, 29), (9, 29), (9, 30), (8, 30), (7, 30), (7, 31), (7, 30), (8, 30), (9, 30), (9, 29), (10, 29), (10, 28), (10, 27), (10, 26), (10, 25), (11, 25), (11, 24), (11, 23), (10, 23), (9, 23), (9, 22), (9, 21), (8, 21), (7, 21), (6, 21), (5, 21), (5, 22), (4, 22), (3, 22), (3, 21), (3, 21)]}, 82)