

CBSS-C STATS
starts:[978, 358, 949, 866, 418]
targets:[446, 119, 495, 953, 445, 95, 92, 369, 539, 950, 990, 882, 893, 557, 818, 114, 853, 610, 99, 734]
dests:[761, 474, 874, 226, 929]
ac_dict:{446: {0, 1}, 119: {1, 2}, 495: {2, 3}, 953: {3, 4}, 761: {0}, 474: {1}, 874: {2}, 226: {3}, 929: {4}}
clusters:[ 0  1  2 12 16 18  7  4  5 13  8  6  9 11  3 14 10 17 15 19]

round: 18
best_g_value: 255.0
open_list_size: 31
num_low_level_expanded: 14360
search_success: 1
search_time: 14.57866882799135
n_tsp_call: 72
n_tsp_time: 11.965892966996762
n_roots: 8
num_conflicts: 24
target_assignment: {990: 0, 893: 0, 734: 0, 610: 4, 950: 2, 853: 2, 818: 2, 882: 2, 953: 3, 557: 3, 369: 3, 495: 3, 99: 3, 114: 1, 119: 1, 92: 1, 95: 1, 446: 1, 445: 1, 539: 1}
cluster_target_selection: {8: 990, 9: 893, 19: 734, 17: 610, 13: 950, 10: 853, 3: 818, 6: 882, 12: 953, 11: 557, 4: 369, 2: 495, 15: 99, 14: 114, 1: 119, 7: 92, 18: 95, 0: 446, 16: 445, 5: 539}
num_nodes_transformed_graph: 54
agent_paths:({0: [(18, 30), (19, 30), (19, 31), (20, 31), (21, 31), (22, 31), (23, 31), (24, 31), (25, 31), (26, 31), (27, 31), (28, 31), (29, 31), (29, 30), (30, 30), (30, 29), (31, 29), (31, 28), (31, 27), (30, 27), (29, 27), (29, 26), (29, 25), (30, 25), (30, 24), (30, 23), (30, 22), (29, 22), (29, 23), (28, 23), (27, 23), (26, 23), (25, 23), (25, 23)], 1: [(6, 11), (6, 10), (6, 9), (6, 8), (6, 7), (6, 6), (7, 6), (8, 6), (9, 6), (9, 5), (10, 5), (11, 5), (11, 4), (11, 3), (12, 3), (13, 3), (14, 3), (15, 3), (15, 2), (16, 2), (17, 2), (18, 2), (18, 3), (19, 3), (19, 2), (19, 1), (20, 1), (21, 1), (22, 1), (23, 1), (23, 2), (23, 3), (24, 3), (25, 3), (25, 2), (26, 2), (27, 2), (28, 2), (29, 2), (30, 2), (31, 2), (30, 2), (30, 3), (30, 4), (30, 5), (30, 6), (30, 7), (31, 7), (31, 8), (31, 9), (31, 10), (31, 11), (31, 12), (31, 13), (30, 13), (29, 13), (29, 14), (28, 14), (27, 14), (27, 15), (27, 16), (27, 15), (26, 15), (26, 14), (26, 14)], 2: [(21, 29), (22, 29), (23, 29), (23, 28), (23, 27), (22, 27), (21, 27), (21, 26), (20, 26), (19, 26), (18, 26), (18, 25), (18, 26), (18, 27), (17, 27), (16, 27), (15, 27), (15, 26), (14, 26), (13, 26), (13, 27), (12, 27), (11, 27), (10, 27), (10, 27)], 3: [(2, 27), (3, 27), (3, 28), (3, 29), (3, 30), (4, 30), (5, 30), (6, 30), (7, 30), (8, 30), (9, 30), (9, 29), (10, 29), (10, 28), (10, 27), (11, 27), (12, 27), (13, 27), (14, 27), (15, 27), (16, 27), (17, 27), (18, 27), (18, 28), (18, 29), (19, 29), (19, 30), (19, 31), (20, 31), (21, 31), (22, 31), (23, 31), (24, 31), (25, 31), (25, 30), (25, 29), (26, 29), (27, 29), (27, 28), (27, 27), (26, 27), (25, 27), (25, 26), (25, 25), (24, 25), (23, 25), (23, 24), (23, 23), (22, 23), (22, 22), (22, 21), (22, 20), (22, 19), (21, 19), (21, 18), (21, 17), (20, 17), (19, 17), (18, 17), (17, 17), (17, 18), (16, 18), (15, 18), (14, 18), (13, 18), (13, 17), (14, 17), (15, 17), (15, 18), (16, 18), (17, 18), (17, 17), (18, 17), (18, 16), (18, 15), (18, 14), (18, 13), (18, 12), (18, 11), (17, 11), (18, 11), (18, 12), (18, 13), (17, 13), (17, 14), (16, 14), (15, 14), (15, 15), (14, 15), (13, 15), (13, 14), (12, 14), (11, 14), (10, 14), (9, 14), (9, 13), (9, 12), (9, 11), (9, 10), (9, 9), (8, 9), (7, 9), (6, 9), (6, 8), (6, 7), (5, 7), (5, 6), (5, 5), (4, 5), (3, 5), (3, 4), (3, 3), (3, 4), (3, 5), (2, 5), (2, 6), (2, 7), (2, 7)], 4: [(2, 13), (2, 14), (2, 15), (2, 16), (2, 17), (2, 18), (2, 19), (2, 20), (2, 21), (1, 21), (1, 22), (1, 23), (1, 24), (1, 25), (1, 26), (1, 27), (2, 27), (3, 27), (3, 28), (3, 29), (2, 29), (1, 29), (1, 29)]}, 116)