

CBSS-C STATS
starts:[749, 603, 85]
targets:[457, 765, 810, 981, 418, 882, 487, 172, 65, 375, 975, 866, 441, 82, 338]
dests:[317, 949, 557]
ac_dict:{457: {0, 1}, 765: {1, 2}, 317: {0}, 949: {1}, 557: {2}}
clusters:[ 1  6  3  2  0 13 11  7 14  9  8  5  4 10 12]

round: 1
best_g_value: 204.0
open_list_size: 0
num_low_level_expanded: 598
search_success: 1
search_time: 0.1804048070043791
n_tsp_call: 1
n_tsp_time: 0.15530896000564098
n_roots: 1
num_conflicts: 0
target_assignment: {810: 0, 866: 0, 418: 0, 487: 0, 457: 0, 338: 0, 375: 0, 441: 0, 765: 1, 882: 1, 975: 1, 981: 1, 82: 2, 172: 2, 65: 2}
cluster_target_selection: {3: 810, 5: 866, 0: 418, 11: 487, 1: 457, 12: 338, 9: 375, 4: 441, 6: 765, 13: 882, 8: 975, 2: 981, 10: 82, 7: 172, 14: 65}
num_nodes_transformed_graph: 49
agent_paths:({0: [(13, 23), (12, 23), (11, 23), (11, 24), (11, 25), (10, 25), (10, 26), (10, 27), (10, 28), (10, 29), (9, 29), (9, 30), (8, 30), (7, 30), (6, 30), (5, 30), (4, 30), (3, 30), (3, 29), (3, 28), (3, 27), (2, 27), (2, 26), (2, 25), (1, 25), (1, 24), (1, 23), (1, 22), (1, 21), (2, 21), (2, 20), (2, 19), (2, 18), (2, 17), (2, 16), (2, 15), (2, 14), (2, 13), (2, 14), (2, 15), (2, 16), (2, 17), (3, 17), (3, 18), (3, 19), (4, 19), (5, 19), (5, 18), (5, 17), (6, 17), (6, 16), (6, 15), (7, 15), (7, 14), (7, 13), (8, 13), (9, 13), (9, 14), (10, 14), (11, 14), (12, 14), (13, 14), (14, 14), (15, 14), (16, 14), (17, 14), (17, 13), (18, 13), (18, 12), (18, 11), (18, 10), (19, 10), (19, 11), (20, 11), (21, 11), (22, 11), (23, 11), (23, 10), (23, 9), (24, 9), (25, 9), (25, 10), (25, 11), (26, 11), (27, 11), (27, 12), (27, 13), (26, 13), (25, 13), (26, 13), (27, 13), (27, 12), (27, 11), (27, 10), (28, 10), (29, 10), (29, 9), (29, 9)], 1: [(27, 18), (27, 19), (27, 20), (27, 21), (27, 22), (27, 23), (28, 23), (29, 23), (28, 23), (27, 23), (27, 24), (27, 25), (26, 25), (25, 25), (24, 25), (23, 25), (22, 25), (21, 25), (21, 26), (20, 26), (19, 26), (18, 26), (18, 27), (18, 28), (18, 29), (17, 29), (17, 30), (17, 31), (16, 31), (15, 31), (15, 30), (15, 31), (16, 31), (17, 31), (18, 31), (19, 31), (20, 31), (21, 31), (21, 30), (21, 29), (21, 29)], 2: [(21, 2), (21, 1), (20, 1), (19, 1), (18, 1), (18, 2), (17, 2), (16, 2), (15, 2), (14, 2), (14, 3), (14, 4), (14, 5), (13, 5), (12, 5), (11, 5), (10, 5), (9, 5), (9, 6), (8, 6), (7, 6), (6, 6), (5, 6), (5, 5), (4, 5), (3, 5), (3, 4), (3, 3), (2, 3), (1, 3), (1, 2), (2, 2), (3, 2), (3, 3), (3, 4), (3, 5), (4, 5), (5, 5), (6, 5), (6, 6), (6, 7), (6, 8), (6, 9), (7, 9), (8, 9), (9, 9), (9, 10), (9, 11), (9, 12), (9, 13), (10, 13), (11, 13), (11, 14), (12, 14), (13, 14), (14, 14), (15, 14), (16, 14), (17, 14), (17, 15), (18, 15), (18, 16), (18, 17), (17, 17), (17, 18), (16, 18), (15, 18), (14, 18), (13, 18), (13, 17), (13, 17)]}, 96)