

CBSS-C STATS
starts:[886, 25, 803, 295, 934]
targets:[433, 747, 569, 70, 90, 318, 606, 74, 120, 719]
dests:[111, 865, 92, 244, 430]
ac_dict:{433: {0, 1}, 747: {1, 2}, 569: {2, 3}, 70: {3, 4}, 111: {0}, 865: {1}, 92: {2}, 244: {3}, 430: {4}}
clusters:[1 0 0 1 1 0 1 1 1 0]

round: 5
best_g_value: 195.0
open_list_size: 4
num_low_level_expanded: 1601
search_success: 1
search_time: 0.11634123185649514
n_tsp_call: 1
n_tsp_time: 0.07489812094718218
n_roots: 1
num_conflicts: 4
target_assignment: {747: 2, 433: 1}
cluster_target_selection: {0: 747, 1: 433}
num_nodes_transformed_graph: 29
agent_paths:({0: [(22, 27), (22, 26), (22, 25), (23, 25), (23, 24), (23, 23), (22, 23), (22, 22), (22, 21), (22, 20), (22, 19), (21, 19), (21, 18), (21, 17), (20, 17), (19, 17), (18, 17), (18, 16), (18, 15), (18, 14), (18, 13), (18, 12), (18, 11), (18, 10), (18, 9), (18, 8), (18, 7), (17, 7), (17, 6), (17, 5), (16, 5), (15, 5), (14, 5), (14, 4), (14, 3), (15, 3), (15, 3)], 1: [(25, 0), (25, 1), (25, 2), (25, 3), (26, 3), (27, 3), (27, 4), (27, 5), (26, 5), (25, 5), (25, 6), (25, 7), (25, 8), (25, 9), (24, 9), (23, 9), (22, 9), (22, 10), (22, 11), (22, 12), (22, 13), (21, 13), (20, 13), (19, 13), (18, 13), (17, 13), (17, 14), (16, 14), (15, 14), (14, 14), (13, 14), (12, 14), (11, 14), (11, 15), (11, 16), (11, 17), (10, 17), (9, 17), (9, 18), (8, 18), (7, 18), (6, 18), (5, 18), (5, 19), (4, 19), (3, 19), (2, 19), (2, 20), (2, 21), (1, 21), (1, 22), (1, 23), (1, 24), (1, 25), (1, 26), (1, 27), (1, 27)], 2: [(3, 25), (2, 25), (1, 25), (1, 24), (1, 23), (2, 23), (3, 23), (3, 22), (4, 22), (5, 22), (6, 22), (7, 22), (7, 21), (8, 21), (9, 21), (9, 22), (10, 22), (11, 22), (11, 23), (12, 23), (13, 23), (13, 22), (14, 22), (15, 22), (16, 22), (17, 22), (17, 21), (18, 21), (19, 21), (20, 21), (21, 21), (22, 21), (22, 20), (22, 19), (22, 18), (22, 17), (22, 16), (22, 15), (22, 14), (22, 13), (22, 12), (22, 11), (22, 10), (22, 9), (23, 9), (24, 9), (25, 9), (25, 8), (25, 7), (25, 6), (25, 5), (26, 5), (27, 5), (27, 4), (27, 3), (27, 2), (28, 2), (28, 2)], 3: [(7, 9), (8, 9), (9, 9), (10, 9), (11, 9), (11, 10), (11, 11), (12, 11), (13, 11), (13, 10), (13, 9), (14, 9), (15, 9), (16, 9), (17, 9), (18, 9), (18, 8), (18, 7), (19, 7), (20, 7), (20, 7)], 4: [(6, 29), (7, 29), (7, 30), (8, 30), (9, 30), (9, 29), (10, 29), (10, 28), (10, 27), (10, 26), (10, 25), (11, 25), (11, 24), (11, 23), (11, 22), (11, 21), (10, 21), (9, 21), (9, 20), (9, 19), (9, 18), (9, 17), (10, 17), (11, 17), (11, 16), (11, 15), (11, 14), (12, 14), (13, 14), (13, 13), (14, 13), (14, 13)]}, 56)