

CBSS-C STATS
starts:[823, 185, 461]
targets:[227, 234, 167, 365, 322, 1021, 361, 559, 499, 295, 312, 662, 819, 469, 187]
dests:[1005, 961, 238]
ac_dict:{227: {0, 1}, 234: {1, 2}, 1005: {0}, 961: {1}, 238: {2}}
clusters:[10  2 14  4  8  0  3  6  7  1  5 11 13  9 12]

round: 2
best_g_value: 189.0
open_list_size: 1
num_low_level_expanded: 1004
search_success: 1
search_time: 0.21685007300402503
n_tsp_call: 1
n_tsp_time: 0.18639221499324776
n_roots: 1
num_conflicts: 1
target_assignment: {819: 0, 1021: 0, 322: 2, 295: 2, 361: 2, 365: 2, 187: 1, 312: 1, 469: 1, 662: 1, 559: 1, 499: 1, 234: 1, 167: 1, 227: 1}
cluster_target_selection: {13: 819, 0: 1021, 8: 322, 1: 295, 3: 361, 4: 365, 12: 187, 5: 312, 9: 469, 11: 662, 6: 559, 7: 499, 2: 234, 14: 167, 10: 227}
num_nodes_transformed_graph: 27
agent_paths:({0: [(23, 25), (22, 25), (21, 25), (21, 26), (20, 26), (19, 26), (19, 25), (19, 26), (20, 26), (21, 26), (22, 26), (23, 26), (23, 27), (23, 28), (23, 29), (23, 30), (23, 31), (24, 31), (25, 31), (26, 31), (27, 31), (28, 31), (29, 31), (28, 31), (27, 31), (26, 31), (25, 31), (24, 31), (23, 31), (22, 31), (21, 31), (20, 31), (19, 31), (18, 31), (17, 31), (16, 31), (15, 31), (14, 31), (13, 31), (13, 31)], 1: [(25, 5), (26, 5), (27, 5), (26, 5), (25, 5), (25, 6), (25, 7), (25, 8), (25, 9), (24, 9), (23, 9), (22, 9), (22, 10), (22, 11), (22, 12), (22, 13), (21, 13), (21, 14), (22, 14), (22, 15), (22, 16), (22, 17), (22, 18), (22, 19), (22, 20), (22, 19), (21, 19), (21, 18), (21, 17), (20, 17), (19, 17), (18, 17), (17, 17), (17, 18), (16, 18), (15, 18), (15, 17), (15, 18), (16, 18), (17, 18), (17, 17), (18, 17), (18, 16), (18, 15), (19, 15), (18, 15), (18, 14), (18, 13), (18, 12), (18, 11), (18, 10), (18, 9), (18, 8), (18, 7), (17, 7), (17, 6), (17, 5), (16, 5), (15, 5), (14, 5), (13, 5), (12, 5), (11, 5), (10, 5), (10, 6), (10, 7), (9, 7), (9, 6), (8, 6), (7, 6), (7, 5), (6, 5), (5, 5), (4, 5), (3, 5), (3, 6), (3, 7), (3, 6), (3, 5), (4, 5), (5, 5), (5, 6), (5, 7), (6, 7), (6, 8), (6, 9), (5, 9), (5, 10), (5, 11), (5, 12), (5, 13), (5, 14), (5, 15), (6, 15), (6, 16), (6, 17), (5, 17), (5, 18), (5, 19), (4, 19), (3, 19), (2, 19), (2, 20), (2, 21), (1, 21), (1, 22), (1, 23), (1, 24), (1, 25), (1, 26), (1, 27), (2, 27), (3, 27), (3, 28), (3, 29), (2, 29), (1, 29), (1, 30), (1, 30)], 2: [(13, 14), (12, 14), (11, 14), (10, 14), (9, 14), (9, 13), (8, 13), (7, 13), (6, 13), (5, 13), (5, 12), (5, 11), (5, 10), (4, 10), (3, 10), (2, 10), (3, 10), (4, 10), (5, 10), (5, 9), (6, 9), (7, 9), (8, 9), (9, 9), (9, 10), (9, 11), (10, 11), (11, 11), (12, 11), (13, 11), (13, 10), (13, 9), (14, 9), (14, 8), (14, 7), (14, 7)]}, 117)