

CBSS-C STATS
starts:[1013, 451, 586, 305, 881]
targets:[234, 981, 237, 486, 887, 1003, 795, 729, 346, 431, 418, 841, 801, 878, 683, 993, 741, 642, 551, 758]
dests:[723, 578, 989, 553, 965]
ac_dict:{234: {0, 1}, 981: {1, 2}, 237: {2, 3}, 486: {3, 4}, 723: {0}, 578: {1}, 989: {2}, 553: {3}, 965: {4}}
clusters:[10 19 18  0 17 12  9  6  8 13 14  4 11  7 15  1  2 16  3  5]

round: 1
best_g_value: 232.0
open_list_size: 0
num_low_level_expanded: 522
search_success: 1
search_time: 0.748183642004733
n_tsp_call: 1
n_tsp_time: 0.7194701409898698
n_roots: 1
num_conflicts: 0
target_assignment: {887: 0, 758: 0, 878: 4, 1003: 4, 841: 4, 683: 4, 741: 4, 801: 4, 993: 4, 431: 2, 346: 2, 729: 2, 795: 2, 981: 2, 237: 3, 486: 3, 551: 3, 418: 1, 234: 1, 642: 1}
cluster_target_selection: {17: 887, 5: 758, 7: 878, 12: 1003, 4: 841, 15: 683, 2: 741, 11: 801, 1: 993, 13: 431, 8: 346, 6: 729, 9: 795, 19: 981, 18: 237, 0: 486, 3: 551, 14: 418, 10: 234, 16: 642}
num_nodes_transformed_graph: 53
agent_paths:({0: [(21, 31), (21, 30), (21, 29), (22, 29), (23, 29), (23, 28), (23, 27), (23, 26), (23, 25), (23, 24), (23, 23), (22, 23), (21, 23), (21, 22), (21, 21), (20, 21), (19, 21), (19, 22), (19, 22)], 1: [(3, 14), (2, 14), (2, 13), (2, 14), (2, 15), (2, 16), (2, 17), (3, 17), (3, 18), (3, 19), (4, 19), (5, 19), (5, 18), (5, 17), (6, 17), (6, 16), (6, 15), (6, 14), (6, 13), (5, 13), (5, 12), (5, 11), (5, 10), (5, 9), (6, 9), (6, 8), (6, 7), (7, 7), (7, 6), (8, 6), (9, 6), (10, 6), (10, 7), (9, 7), (9, 6), (8, 6), (7, 6), (6, 6), (6, 7), (6, 8), (6, 9), (5, 9), (5, 10), (5, 11), (5, 12), (5, 13), (5, 14), (5, 15), (6, 15), (6, 16), (6, 17), (5, 17), (5, 18), (5, 19), (4, 19), (3, 19), (2, 19), (2, 20), (2, 19), (2, 18), (2, 18)], 2: [(10, 18), (10, 17), (11, 17), (11, 16), (11, 15), (11, 14), (12, 14), (13, 14), (13, 13), (14, 13), (15, 13), (15, 14), (16, 14), (17, 14), (17, 13), (18, 13), (18, 12), (18, 11), (19, 11), (20, 11), (21, 11), (21, 10), (22, 10), (23, 10), (23, 9), (24, 9), (25, 9), (26, 9), (26, 10), (26, 11), (27, 11), (27, 12), (27, 13), (27, 14), (27, 15), (27, 16), (27, 17), (27, 18), (27, 19), (27, 20), (27, 21), (26, 21), (25, 21), (25, 22), (26, 22), (27, 22), (27, 23), (27, 24), (27, 25), (26, 25), (25, 25), (24, 25), (23, 25), (23, 26), (23, 27), (23, 28), (23, 29), (22, 29), (21, 29), (21, 30), (22, 30), (23, 30), (23, 31), (24, 31), (25, 31), (26, 31), (27, 31), (28, 31), (29, 31), (29, 30), (29, 30)], 3: [(17, 9), (16, 9), (15, 9), (14, 9), (14, 8), (14, 7), (13, 7), (14, 7), (14, 8), (14, 9), (13, 9), (13, 10), (13, 11), (12, 11), (11, 11), (10, 11), (9, 11), (9, 12), (9, 13), (8, 13), (7, 13), (6, 13), (6, 14), (6, 15), (6, 16), (6, 17), (7, 17), (7, 18), (8, 18), (9, 18), (9, 17), (9, 17)], 4: [(17, 27), (16, 27), (15, 27), (14, 27), (13, 27), (12, 27), (11, 27), (10, 27), (10, 28), (10, 29), (11, 29), (11, 30), (11, 31), (10, 31), (10, 30), (10, 29), (10, 28), (10, 27), (9, 27), (9, 26), (9, 25), (10, 25), (11, 25), (11, 24), (11, 23), (11, 22), (11, 21), (10, 21), (9, 21), (8, 21), (7, 21), (6, 21), (5, 21), (5, 22), (5, 23), (5, 22), (4, 22), (3, 22), (2, 22), (1, 22), (1, 23), (1, 24), (1, 25), (1, 26), (1, 27), (2, 27), (3, 27), (3, 28), (3, 29), (2, 29), (1, 29), (1, 30), (1, 31), (1, 30), (2, 30), (3, 30), (4, 30), (5, 30), (5, 30)]}, 69)