

CBSS-C STATS
starts:[573, 731]
targets:[807, 181, 498, 306, 503, 600, 966, 534, 85, 735]
dests:[317, 505]
ac_dict:{807: {0, 1}, 317: {0}, 505: {1}}
clusters:[9 0 6 4 8 5 7 2 3 1]

round: 1
best_g_value: 167.0
open_list_size: 0
num_low_level_expanded: 471
search_success: 1
search_time: 0.13094287599960808
n_tsp_call: 1
n_tsp_time: 0.11289046199817676
n_roots: 1
num_conflicts: 0
target_assignment: {600: 0, 503: 0, 534: 0, 966: 0, 807: 0, 498: 0, 306: 0, 181: 0, 85: 0, 735: 1}
cluster_target_selection: {5: 600, 8: 503, 2: 534, 7: 966, 9: 807, 6: 498, 4: 306, 0: 181, 3: 85, 1: 735}
num_nodes_transformed_graph: 24
agent_paths:({0: [(29, 17), (29, 18), (28, 18), (27, 18), (26, 18), (25, 18), (24, 18), (23, 18), (23, 17), (22, 17), (22, 16), (22, 15), (23, 15), (22, 15), (22, 16), (22, 17), (22, 18), (22, 19), (22, 20), (22, 21), (21, 21), (20, 21), (19, 21), (18, 21), (17, 21), (17, 22), (16, 22), (15, 22), (14, 22), (13, 22), (13, 23), (12, 23), (11, 23), (11, 24), (11, 25), (10, 25), (10, 26), (10, 27), (10, 28), (10, 29), (9, 29), (9, 30), (8, 30), (7, 30), (6, 30), (5, 30), (4, 30), (3, 30), (3, 29), (3, 28), (3, 27), (3, 26), (4, 26), (5, 26), (5, 25), (6, 25), (7, 25), (6, 25), (5, 25), (5, 26), (4, 26), (3, 26), (3, 25), (2, 25), (1, 25), (1, 24), (1, 23), (1, 22), (1, 21), (2, 21), (2, 20), (2, 19), (3, 19), (4, 19), (5, 19), (5, 18), (6, 18), (7, 18), (8, 18), (9, 18), (9, 17), (10, 17), (11, 17), (11, 16), (11, 15), (11, 14), (12, 14), (13, 14), (14, 14), (15, 14), (16, 14), (17, 14), (18, 14), (18, 15), (18, 14), (18, 13), (18, 12), (18, 11), (18, 10), (18, 9), (18, 8), (18, 7), (19, 7), (20, 7), (21, 7), (21, 6), (21, 5), (21, 6), (21, 7), (20, 7), (19, 7), (19, 6), (19, 5), (18, 5), (17, 5), (16, 5), (15, 5), (14, 5), (14, 4), (14, 3), (14, 2), (15, 2), (16, 2), (17, 2), (18, 2), (19, 2), (19, 1), (20, 1), (21, 1), (21, 2), (22, 2), (23, 2), (23, 3), (24, 3), (25, 3), (26, 3), (27, 3), (27, 4), (27, 5), (27, 6), (28, 6), (29, 6), (29, 7), (30, 7), (31, 7), (31, 8), (31, 9), (30, 9), (29, 9), (29, 9)], 1: [(27, 22), (27, 23), (28, 23), (29, 23), (29, 22), (30, 22), (31, 22), (31, 21), (31, 20), (31, 19), (30, 19), (29, 19), (29, 18), (28, 18), (27, 18), (27, 17), (27, 16), (27, 15), (26, 15), (25, 15), (25, 15)]}, 148)