

CBSS-C STATS
starts:[178, 98, 70, 299, 885]
targets:[1022, 711, 544, 438, 363, 330, 421, 699, 306, 889, 719, 1012, 331, 623, 123, 466, 78, 191, 1017, 113]
dests:[311, 930, 586, 372, 614]
ac_dict:{1022: {0, 1}, 711: {1, 2}, 544: {2, 3}, 438: {3, 4}, 311: {0}, 930: {1}, 586: {2}, 372: {3}, 614: {4}}
clusters:[ 5 19  7  0  9 13  2 16 10  8 11 15 12  3 14 17  4  6  1 18]

round: 1
best_g_value: 243.0
open_list_size: 0
num_low_level_expanded: 526
search_success: 1
search_time: 4.684340610998333
n_tsp_call: 1
n_tsp_time: 4.642897322002682
n_roots: 1
num_conflicts: 0
target_assignment: {719: 4, 421: 2, 544: 2, 711: 2, 330: 3, 331: 3, 363: 3, 306: 3, 623: 3, 466: 3, 438: 3, 78: 1, 113: 1, 123: 1, 191: 1, 699: 1, 889: 1, 1022: 1, 1017: 1, 1012: 1}
cluster_target_selection: {11: 719, 2: 421, 7: 544, 19: 711, 13: 330, 12: 331, 9: 363, 10: 306, 3: 623, 17: 466, 0: 438, 4: 78, 18: 113, 14: 123, 6: 191, 16: 699, 8: 889, 5: 1022, 1: 1017, 15: 1012}
num_nodes_transformed_graph: 98
agent_paths:({0: [(18, 5), (19, 5), (19, 6), (19, 7), (20, 7), (21, 7), (22, 7), (23, 7), (23, 8), (23, 9), (23, 9)], 1: [(2, 3), (3, 3), (3, 4), (3, 5), (4, 5), (5, 5), (6, 5), (7, 5), (7, 6), (8, 6), (9, 6), (9, 5), (10, 5), (11, 5), (11, 4), (11, 3), (12, 3), (13, 3), (13, 2), (14, 2), (15, 2), (16, 2), (17, 2), (17, 3), (18, 3), (19, 3), (19, 2), (19, 1), (20, 1), (21, 1), (22, 1), (23, 1), (23, 2), (23, 3), (24, 3), (25, 3), (26, 3), (27, 3), (27, 4), (27, 5), (27, 6), (28, 6), (29, 6), (29, 5), (30, 5), (31, 5), (31, 6), (31, 7), (31, 8), (31, 9), (30, 9), (29, 9), (29, 10), (28, 10), (27, 10), (27, 11), (27, 12), (27, 13), (27, 14), (27, 15), (27, 16), (27, 17), (27, 18), (27, 19), (27, 20), (27, 21), (27, 22), (27, 23), (27, 24), (27, 25), (26, 25), (25, 25), (25, 26), (25, 27), (26, 27), (27, 27), (27, 28), (27, 29), (27, 30), (27, 31), (28, 31), (29, 31), (30, 31), (29, 31), (28, 31), (27, 31), (26, 31), (25, 31), (24, 31), (23, 31), (22, 31), (21, 31), (20, 31), (19, 31), (18, 31), (18, 30), (18, 29), (18, 28), (18, 27), (17, 27), (16, 27), (15, 27), (14, 27), (13, 27), (12, 27), (11, 27), (10, 27), (10, 28), (10, 29), (9, 29), (9, 30), (8, 30), (7, 30), (6, 30), (5, 30), (4, 30), (3, 30), (2, 30), (2, 29), (2, 29)], 2: [(6, 2), (6, 3), (6, 4), (6, 5), (6, 6), (6, 7), (6, 8), (6, 9), (5, 9), (5, 10), (5, 11), (5, 12), (5, 13), (5, 14), (5, 15), (6, 15), (6, 16), (6, 17), (5, 17), (5, 18), (5, 19), (4, 19), (3, 19), (2, 19), (1, 19), (1, 18), (1, 17), (0, 17), (1, 17), (2, 17), (2, 18), (2, 19), (2, 20), (2, 21), (3, 21), (3, 22), (4, 22), (5, 22), (6, 22), (7, 22), (7, 21), (8, 21), (9, 21), (9, 20), (9, 19), (9, 18), (10, 18), (10, 18)], 3: [(11, 9), (10, 9), (10, 10), (11, 10), (11, 11), (12, 11), (13, 11), (13, 10), (13, 9), (14, 9), (15, 9), (16, 9), (17, 9), (18, 9), (18, 10), (18, 11), (18, 12), (18, 13), (18, 14), (18, 15), (18, 16), (18, 17), (17, 17), (17, 18), (16, 18), (15, 18), (15, 19), (15, 18), (16, 18), (17, 18), (17, 17), (18, 17), (18, 16), (18, 15), (18, 14), (18, 13), (19, 13), (20, 13), (21, 13), (22, 13), (22, 12), (22, 11), (21, 11), (20, 11), (20, 11)], 4: [(21, 27), (21, 26), (20, 26), (19, 26), (18, 26), (17, 26), (17, 25), (17, 24), (17, 23), (17, 22), (16, 22), (15, 22), (14, 22), (13, 22), (13, 23), (12, 23), (11, 23), (10, 23), (9, 23), (9, 22), (9, 21), (9, 20), (9, 19), (9, 18), (8, 18), (7, 18), (6, 18), (6, 19), (6, 19)]}, 118)