

CBSS-C STATS
starts:[914, 575, 421, 758, 417]
targets:[245, 393, 827, 857, 769, 751, 462, 139, 167, 170, 461, 574, 178, 835, 662, 1019, 923, 582, 171, 120]
dests:[304, 731, 558, 617, 701]
ac_dict:{245: {0, 1}, 393: {1, 2}, 827: {2, 3}, 857: {3, 4}, 304: {0}, 731: {1}, 558: {2}, 617: {3}, 701: {4}}
clusters:[ 2  6 11 18 17  7 13  4 14 12  8 16 19  1 15 10  9  0  5  3]

round: 1
best_g_value: 232.0
open_list_size: 0
num_low_level_expanded: 533
search_success: 1
search_time: 0.5582680069928756
n_tsp_call: 1
n_tsp_time: 0.5255514949967619
n_roots: 1
num_conflicts: 0
target_assignment: {662: 0, 120: 0, 139: 0, 167: 0, 170: 0, 171: 0, 178: 0, 245: 0, 827: 3, 857: 3, 751: 3, 582: 3, 769: 4, 835: 4, 1019: 4, 923: 4, 574: 1, 393: 2, 461: 2, 462: 2}
cluster_target_selection: {15: 662, 3: 120, 4: 139, 14: 167, 12: 170, 5: 171, 19: 178, 2: 245, 11: 827, 18: 857, 7: 751, 0: 582, 17: 769, 1: 835, 10: 1019, 9: 923, 16: 574, 6: 393, 8: 461, 13: 462}
num_nodes_transformed_graph: 51
agent_paths:({0: [(18, 28), (18, 27), (18, 26), (19, 26), (20, 26), (21, 26), (21, 25), (22, 25), (23, 25), (23, 24), (23, 23), (22, 23), (22, 22), (22, 21), (22, 20), (22, 19), (22, 18), (22, 17), (22, 16), (22, 15), (22, 14), (22, 13), (22, 12), (22, 11), (22, 10), (22, 9), (23, 9), (24, 9), (25, 9), (25, 8), (25, 7), (25, 6), (25, 5), (26, 5), (27, 5), (27, 4), (27, 3), (26, 3), (25, 3), (24, 3), (23, 3), (22, 3), (21, 3), (21, 2), (21, 1), (20, 1), (19, 1), (18, 1), (17, 1), (17, 2), (16, 2), (15, 2), (14, 2), (13, 2), (13, 3), (12, 3), (11, 3), (11, 4), (11, 5), (10, 5), (9, 5), (9, 6), (8, 6), (7, 6), (7, 5), (7, 6), (8, 6), (9, 6), (9, 5), (10, 5), (11, 5), (12, 5), (13, 5), (14, 5), (15, 5), (16, 5), (17, 5), (18, 5), (19, 5), (19, 6), (19, 7), (20, 7), (21, 7), (20, 7), (19, 7), (18, 7), (18, 8), (18, 9), (17, 9), (16, 9), (16, 9)], 1: [(31, 17), (30, 17), (29, 17), (29, 18), (28, 18), (27, 18), (27, 19), (27, 20), (27, 21), (27, 22), (27, 22)], 2: [(5, 13), (6, 13), (7, 13), (8, 13), (9, 13), (9, 12), (9, 13), (10, 13), (11, 13), (11, 14), (12, 14), (13, 14), (14, 14), (15, 14), (16, 14), (17, 14), (17, 15), (18, 15), (18, 16), (18, 17), (17, 17), (17, 18), (16, 18), (15, 18), (14, 18), (14, 17), (14, 17)], 3: [(22, 23), (23, 23), (23, 24), (23, 25), (24, 25), (25, 25), (26, 25), (27, 25), (26, 25), (25, 25), (25, 26), (25, 25), (24, 25), (23, 25), (22, 25), (21, 25), (21, 26), (20, 26), (19, 26), (18, 26), (17, 26), (17, 25), (17, 24), (17, 23), (17, 22), (16, 22), (15, 22), (15, 23), (14, 23), (13, 23), (12, 23), (11, 23), (10, 23), (9, 23), (9, 22), (9, 21), (9, 20), (9, 19), (9, 18), (8, 18), (7, 18), (6, 18), (7, 18), (8, 18), (9, 18), (9, 19), (9, 19)], 4: [(1, 13), (1, 14), (1, 15), (2, 15), (2, 16), (2, 17), (2, 18), (2, 19), (2, 20), (2, 21), (1, 21), (1, 22), (1, 23), (1, 24), (1, 25), (2, 25), (3, 25), (3, 26), (3, 27), (3, 28), (3, 29), (3, 30), (4, 30), (5, 30), (6, 30), (7, 30), (8, 30), (9, 30), (10, 30), (10, 29), (10, 28), (10, 27), (11, 27), (12, 27), (13, 27), (14, 27), (15, 27), (16, 27), (17, 27), (18, 27), (18, 28), (18, 29), (19, 29), (19, 30), (19, 31), (20, 31), (21, 31), (22, 31), (23, 31), (24, 31), (25, 31), (26, 31), (27, 31), (27, 30), (27, 29), (27, 28), (27, 27), (27, 26), (27, 25), (27, 24), (27, 23), (28, 23), (29, 23), (29, 22), (29, 21), (29, 21)]}, 89)