

CBSS-C STATS
starts:[809, 749, 571, 830, 465, 378, 705]
targets:[187, 966, 869, 662, 562, 362, 172, 348, 594, 621]
dests:[928, 62, 764, 120, 945, 733, 350]
ac_dict:{187: {0, 1}, 966: {1, 2}, 869: {2, 3}, 662: {3, 4}, 562: {4, 5}, 362: {5, 6}, 928: {0}, 62: {1}, 764: {2}, 120: {3}, 945: {4}, 733: {5}, 350: {6}}
clusters:[5 8 2 7 0 1 9 3 6 4]

round: 10
best_g_value: 297.0
open_list_size: 15
num_low_level_expanded: 5334
search_success: 1
search_time: 4.090101280002273
n_tsp_call: 42
n_tsp_time: 3.1780222420202335
n_roots: 4
num_conflicts: 12
target_assignment: {594: 4, 621: 4, 562: 4, 662: 4, 966: 1, 187: 1, 869: 3, 172: 3, 362: 6, 348: 6}
cluster_target_selection: {6: 594, 4: 621, 0: 562, 7: 662, 8: 966, 5: 187, 2: 869, 9: 172, 1: 362, 3: 348}
num_nodes_transformed_graph: 33
agent_paths:({0: [(9, 25), (9, 26), (9, 27), (10, 27), (10, 28), (10, 29), (9, 29), (9, 30), (8, 30), (7, 30), (6, 30), (5, 30), (4, 30), (3, 30), (2, 30), (1, 30), (1, 29), (0, 29), (0, 29)], 1: [(13, 23), (12, 23), (11, 23), (11, 24), (11, 25), (10, 25), (10, 26), (10, 27), (10, 28), (10, 29), (9, 29), (9, 30), (8, 30), (7, 30), (6, 30), (7, 30), (8, 30), (9, 30), (9, 29), (10, 29), (10, 28), (10, 27), (10, 26), (10, 25), (11, 25), (11, 24), (11, 23), (12, 23), (13, 23), (13, 22), (14, 22), (15, 22), (16, 22), (17, 22), (17, 21), (18, 21), (19, 21), (20, 21), (21, 21), (22, 21), (22, 20), (22, 19), (22, 18), (22, 17), (22, 16), (22, 15), (22, 14), (22, 13), (22, 12), (22, 11), (22, 10), (22, 9), (23, 9), (24, 9), (25, 9), (25, 8), (25, 7), (25, 6), (25, 5), (26, 5), (27, 5), (27, 4), (27, 3), (27, 2), (28, 2), (29, 2), (29, 1), (30, 1), (30, 1)], 2: [(27, 17), (27, 18), (27, 19), (27, 20), (27, 21), (27, 22), (27, 23), (28, 23), (28, 23)], 3: [(30, 25), (30, 24), (30, 23), (29, 23), (28, 23), (27, 23), (27, 24), (27, 25), (26, 25), (25, 25), (24, 25), (23, 25), (22, 25), (21, 25), (21, 26), (20, 26), (19, 26), (18, 26), (17, 26), (17, 27), (16, 27), (15, 27), (14, 27), (13, 27), (12, 27), (11, 27), (10, 27), (10, 28), (10, 29), (9, 29), (9, 30), (8, 30), (7, 30), (6, 30), (5, 30), (4, 30), (3, 30), (3, 29), (3, 28), (3, 27), (3, 26), (4, 26), (5, 26), (5, 27), (5, 26), (4, 26), (3, 26), (3, 25), (2, 25), (1, 25), (1, 24), (1, 23), (1, 22), (1, 21), (2, 21), (2, 20), (2, 19), (3, 19), (4, 19), (5, 19), (5, 18), (5, 17), (6, 17), (6, 16), (6, 15), (6, 14), (6, 13), (5, 13), (5, 12), (5, 11), (5, 10), (5, 9), (6, 9), (6, 8), (6, 7), (6, 6), (7, 6), (8, 6), (9, 6), (9, 5), (10, 5), (11, 5), (12, 5), (13, 5), (14, 5), (14, 4), (14, 3), (15, 3), (15, 2), (16, 2), (17, 2), (18, 2), (19, 2), (19, 1), (20, 1), (21, 1), (22, 1), (23, 1), (23, 2), (23, 3), (24, 3), (24, 3)], 4: [(17, 14), (18, 14), (18, 15), (18, 16), (18, 17), (18, 18), (17, 18), (16, 18), (15, 18), (14, 18), (13, 18), (13, 19), (13, 18), (14, 18), (15, 18), (16, 18), (17, 18), (17, 17), (18, 17), (19, 17), (20, 17), (21, 17), (22, 17), (22, 18), (22, 19), (22, 20), (22, 21), (21, 21), (20, 21), (19, 21), (18, 21), (17, 21), (17, 22), (17, 23), (17, 24), (17, 25), (17, 26), (17, 27), (18, 27), (18, 28), (18, 29), (17, 29), (17, 29)], 5: [(26, 11), (27, 11), (27, 12), (27, 13), (27, 14), (27, 15), (27, 16), (27, 17), (27, 18), (28, 18), (29, 18), (29, 19), (30, 19), (31, 19), (31, 20), (31, 21), (30, 21), (29, 21), (29, 22), (29, 22)], 6: [(1, 22), (1, 21), (2, 21), (2, 20), (2, 19), (3, 19), (4, 19), (5, 19), (5, 18), (5, 17), (6, 17), (6, 16), (6, 15), (6, 14), (6, 13), (7, 13), (8, 13), (9, 13), (9, 12), (9, 11), (10, 11), (11, 11), (12, 11), (13, 11), (13, 10), (14, 10), (15, 10), (15, 9), (16, 9), (17, 9), (18, 9), (19, 9), (19, 10), (19, 11), (20, 11), (21, 11), (21, 10), (22, 10), (23, 10), (23, 9), (24, 9), (25, 9), (26, 9), (27, 9), (27, 10), (28, 10), (29, 10), (30, 10), (30, 10)]}, 100)