

CBSS-C STATS
starts:[677, 58, 374, 1012, 718]
targets:[1016, 839, 562, 366, 851, 96, 823, 891, 238, 930, 795, 735, 681, 108, 493, 545, 873, 852, 411, 1018]
dests:[943, 251, 587, 667, 194]
ac_dict:{1016: {0, 1}, 839: {1, 2}, 562: {2, 3}, 366: {3, 4}, 943: {0}, 251: {1}, 587: {2}, 667: {3}, 194: {4}}
clusters:[6 9 0 0 4 0 5 0 9 2 8 3 7 6 2 5 2 5 6 1]

round: 2
best_g_value: 143.0
open_list_size: 1
num_low_level_expanded: 535
search_success: 1
search_time: 3.7315281121991575
n_tsp_call: 14
n_tsp_time: 3.534195224288851
n_roots: 1
num_conflicts: 1
target_assignment: {852: 0, 851: 0, 681: 4, 238: 4, 108: 4, 493: 2, 1018: 3, 891: 3, 795: 3, 735: 3}
cluster_target_selection: {5: 852, 4: 851, 7: 681, 9: 238, 6: 108, 2: 493, 1: 1018, 0: 891, 8: 795, 3: 735}
num_nodes_transformed_graph: 54
agent_paths:({0: [(5, 21), (6, 21), (7, 21), (8, 21), (9, 21), (10, 21), (11, 21), (11, 22), (11, 23), (12, 23), (13, 23), (14, 23), (15, 23), (15, 24), (15, 25), (15, 26), (15, 27), (16, 27), (17, 27), (17, 26), (18, 26), (19, 26), (20, 26), (19, 26), (18, 26), (18, 27), (18, 28), (18, 29), (17, 29), (17, 30), (17, 31), (16, 31), (15, 31), (15, 30), (15, 29), (15, 29)], 1: [(26, 1), (27, 1), (27, 2), (27, 3), (27, 4), (27, 5), (27, 6), (27, 7), (27, 7)], 2: [(22, 11), (21, 11), (20, 11), (19, 11), (18, 11), (18, 12), (18, 13), (17, 13), (17, 14), (16, 14), (15, 14), (14, 14), (13, 14), (13, 15), (13, 14), (12, 14), (12, 14), (12, 14), (11, 14), (11, 15), (11, 16), (11, 17), (11, 18), (11, 18)], 3: [(20, 31), (21, 31), (22, 31), (23, 31), (24, 31), (25, 31), (26, 31), (26, 30), (26, 29), (27, 29), (27, 28), (27, 27), (27, 26), (27, 25), (27, 24), (27, 23), (28, 23), (29, 23), (29, 22), (30, 22), (31, 22), (30, 22), (29, 22), (29, 23), (28, 23), (27, 23), (27, 22), (27, 21), (27, 20), (27, 20)], 4: [(14, 22), (13, 22), (13, 23), (12, 23), (11, 23), (10, 23), (9, 23), (9, 22), (9, 21), (9, 20), (9, 19), (9, 18), (9, 17), (10, 17), (11, 17), (11, 16), (11, 15), (11, 14), (11, 13), (10, 13), (9, 13), (9, 12), (9, 11), (10, 11), (11, 11), (12, 11), (13, 11), (13, 10), (13, 9), (14, 9), (14, 8), (14, 7), (14, 6), (14, 5), (14, 4), (14, 3), (13, 3), (12, 3), (11, 3), (11, 4), (11, 5), (10, 5), (9, 5), (9, 6), (8, 6), (7, 6), (6, 6), (5, 6), (5, 5), (4, 5), (3, 5), (2, 5), (2, 6), (2, 6)]}, 52)