

CBSS-C STATS
starts:[595, 599, 562, 573, 805, 615, 82, 1010, 846, 567]
targets:[874, 173, 108, 597, 113, 843, 321, 195, 194, 177]
dests:[977, 229, 503, 436, 878, 705, 703, 725, 41, 411]
ac_dict:{874: {0, 1}, 173: {1, 2}, 108: {2, 3}, 597: {3, 4}, 113: {4, 5}, 843: {5, 6}, 321: {6, 7}, 195: {8, 7}, 194: {8, 9}, 977: {0}, 229: {1}, 503: {2}, 436: {3}, 878: {4}, 705: {5}, 703: {6}, 725: {7}, 41: {8}, 411: {9}}
clusters:[1 1 2 3 2 1 1 0 0 4]

round: 7
best_g_value: 255.0
open_list_size: 6
num_low_level_expanded: 1499
search_success: 1
search_time: 1.8016525972634554
n_tsp_call: 14
n_tsp_time: 1.5055639850907028
n_roots: 1
num_conflicts: 6
target_assignment: {177: 1, 173: 1, 597: 3, 108: 3, 195: 8}
cluster_target_selection: {4: 177, 1: 173, 3: 597, 2: 108, 0: 195}
num_nodes_transformed_graph: 34
agent_paths:({0: [(19, 18), (19, 18), (19, 17), (20, 17), (21, 17), (21, 18), (21, 19), (22, 19), (22, 20), (22, 21), (21, 21), (20, 21), (19, 21), (18, 21), (17, 21), (17, 22), (17, 23), (17, 24), (17, 25), (17, 26), (17, 27), (18, 27), (18, 28), (18, 29), (17, 29), (17, 30), (17, 30)], 1: [(23, 18), (22, 18), (22, 17), (22, 16), (22, 15), (21, 15), (21, 14), (21, 13), (20, 13), (19, 13), (18, 13), (18, 12), (18, 11), (18, 10), (18, 9), (18, 8), (18, 7), (17, 7), (17, 6), (17, 5), (16, 5), (15, 5), (14, 5), (13, 5), (12, 5), (11, 5), (10, 5), (9, 5), (9, 6), (8, 6), (7, 6), (6, 6), (5, 6), (5, 7), (5, 7)], 2: [(18, 17), (19, 17), (20, 17), (21, 17), (22, 17), (22, 16), (22, 15), (23, 15), (23, 15)], 3: [(29, 17), (29, 18), (28, 18), (27, 18), (26, 18), (25, 18), (24, 18), (23, 18), (22, 18), (21, 18), (21, 17), (20, 17), (19, 17), (18, 17), (18, 16), (18, 15), (18, 14), (18, 13), (18, 12), (18, 11), (17, 11), (17, 10), (17, 9), (16, 9), (15, 9), (14, 9), (14, 8), (14, 7), (14, 6), (14, 5), (14, 4), (14, 3), (13, 3), (12, 3), (13, 3), (14, 3), (14, 4), (14, 5), (15, 5), (16, 5), (17, 5), (18, 5), (18, 6), (18, 7), (18, 8), (18, 9), (18, 10), (18, 11), (18, 12), (18, 13), (19, 13), (20, 13), (20, 13)], 4: [(5, 25), (5, 26), (4, 26), (3, 26), (3, 27), (3, 28), (3, 29), (3, 30), (4, 30), (5, 30), (6, 30), (7, 30), (8, 30), (9, 30), (9, 29), (10, 29), (10, 28), (10, 27), (11, 27), (12, 27), (13, 27), (14, 27), (14, 27)], 5: [(7, 19), (6, 19), (5, 19), (4, 19), (3, 19), (2, 19), (2, 20), (2, 21), (1, 21), (1, 22), (1, 22)], 6: [(18, 2), (19, 2), (19, 1), (20, 1), (21, 1), (22, 1), (23, 1), (23, 2), (23, 3), (24, 3), (25, 3), (26, 3), (27, 3), (27, 4), (27, 5), (27, 6), (28, 6), (29, 6), (30, 6), (31, 6), (31, 7), (31, 8), (31, 9), (31, 10), (31, 11), (31, 12), (31, 13), (31, 14), (31, 15), (31, 16), (31, 17), (31, 18), (31, 19), (31, 20), (31, 21), (31, 21)], 7: [(18, 31), (18, 30), (18, 29), (18, 28), (18, 27), (18, 26), (18, 25), (17, 25), (17, 24), (17, 23), (17, 22), (18, 22), (19, 22), (19, 21), (20, 21), (21, 21), (21, 22), (21, 22)], 8: [(14, 26), (13, 26), (13, 27), (12, 27), (11, 27), (11, 26), (11, 25), (11, 24), (11, 23), (10, 23), (9, 23), (9, 22), (9, 21), (9, 20), (9, 19), (9, 18), (8, 18), (7, 18), (6, 18), (6, 17), (6, 16), (6, 15), (5, 15), (5, 14), (5, 13), (5, 12), (5, 11), (5, 10), (5, 9), (6, 9), (6, 8), (6, 7), (6, 6), (5, 6), (5, 5), (4, 5), (3, 5), (3, 6), (3, 5), (4, 5), (5, 5), (6, 5), (6, 4), (6, 3), (6, 2), (6, 1), (7, 1), (8, 1), (9, 1), (9, 1)], 9: [(23, 17), (23, 18), (24, 18), (25, 18), (25, 17), (26, 17), (27, 17), (27, 16), (27, 15), (27, 14), (27, 13), (27, 12), (27, 12)]}, 51)