

CBSS-C STATS
starts:[931, 971, 94, 577, 570]
targets:[873, 230, 635, 337, 606, 57, 982, 587, 877, 966, 730, 591, 1002, 249, 973, 451, 571, 555, 383, 203]
dests:[835, 574, 839, 83, 366]
ac_dict:{873: {0, 1}, 230: {1, 2}, 635: {2, 3}, 337: {3, 4}, 835: {0}, 574: {1}, 839: {2}, 83: {3}, 366: {4}}
clusters:[1 8 8 1 9 1 2 8 7 7 9 0 3 0 0 4 5 4 2 6]

round: 54
best_g_value: 223.0
open_list_size: 53
num_low_level_expanded: 57810
search_success: 1
search_time: 9.221586329862475
n_tsp_call: 14
n_tsp_time: 7.879056783858687
n_roots: 1
num_conflicts: 53
target_assignment: {249: 2, 555: 2, 587: 2, 1002: 1, 877: 1, 982: 1, 606: 1, 571: 4, 337: 4, 203: 3}
cluster_target_selection: {0: 249, 4: 555, 8: 587, 3: 1002, 7: 877, 2: 982, 9: 606, 5: 571, 1: 337, 6: 203}
num_nodes_transformed_graph: 98
agent_paths:({0: [(3, 29), (3, 28), (3, 27), (3, 27), (3, 27), (3, 27), (3, 27), (3, 27), (3, 27), (3, 27), (3, 27), (3, 27), (3, 27), (3, 27), (3, 27), (3, 27), (3, 27), (3, 27), (3, 27), (3, 27), (3, 27), (3, 27), (3, 27), (3, 27), (3, 27), (3, 27), (3, 27), (3, 27), (3, 27), (3, 27), (3, 27), (3, 27), (3, 27), (3, 27), (3, 27), (3, 27), (3, 27), (3, 27), (3, 27), (3, 27), (3, 27), (3, 27), (3, 27), (3, 27), (3, 27), (3, 27), (3, 27), (3, 27), (3, 27), (3, 27), (3, 27), (3, 27), (3, 27), (3, 27), (3, 27), (3, 27), (3, 26), (3, 26)], 1: [(11, 30), (10, 30), (10, 31), (10, 30), (10, 29), (10, 28), (10, 27), (11, 27), (12, 27), (13, 27), (14, 27), (15, 27), (16, 27), (17, 27), (18, 27), (18, 28), (18, 29), (19, 29), (19, 30), (19, 31), (20, 31), (21, 31), (21, 30), (22, 30), (22, 29), (23, 29), (23, 28), (23, 27), (23, 26), (23, 25), (24, 25), (25, 25), (26, 25), (27, 25), (27, 24), (27, 23), (27, 22), (27, 21), (27, 20), (27, 19), (27, 18), (28, 18), (29, 18), (30, 18), (30, 17), (30, 17)], 2: [(30, 2), (29, 2), (28, 2), (27, 2), (27, 3), (27, 4), (27, 5), (26, 5), (25, 5), (25, 6), (25, 7), (25, 8), (25, 9), (24, 9), (23, 9), (22, 9), (21, 9), (21, 10), (21, 11), (20, 11), (19, 11), (18, 11), (18, 12), (18, 13), (17, 13), (17, 14), (16, 14), (15, 14), (14, 14), (13, 14), (12, 14), (11, 14), (11, 15), (11, 16), (11, 17), (11, 18), (10, 18), (9, 18), (9, 19), (9, 20), (9, 21), (8, 21), (7, 21), (7, 22), (6, 22), (5, 22), (4, 22), (3, 22), (3, 23), (2, 23), (1, 23), (1, 24), (1, 25), (2, 25), (3, 25), (3, 26), (4, 26), (5, 26), (6, 26), (7, 26), (7, 26)], 3: [(1, 18), (2, 18), (3, 18), (3, 19), (4, 19), (5, 19), (5, 18), (5, 17), (6, 17), (6, 16), (6, 15), (6, 14), (6, 13), (5, 13), (5, 12), (5, 11), (5, 10), (5, 9), (6, 9), (6, 8), (6, 7), (6, 6), (7, 6), (8, 6), (9, 6), (10, 6), (11, 6), (11, 5), (11, 4), (11, 3), (12, 3), (13, 3), (13, 2), (14, 2), (15, 2), (16, 2), (17, 2), (18, 2), (19, 2), (19, 2)], 4: [(26, 17), (27, 17), (26, 17), (25, 17), (25, 18), (24, 18), (23, 18), (22, 18), (21, 18), (21, 17), (20, 17), (19, 17), (18, 17), (18, 16), (18, 15), (18, 14), (18, 13), (18, 12), (18, 11), (17, 11), (17, 10), (17, 9), (16, 9), (15, 9), (14, 9), (14, 10), (14, 11), (14, 11)]}, 59)