

CBSS-C STATS
starts:[544, 77, 402, 737, 603]
targets:[309, 165, 177, 885, 1012, 615, 981, 566, 882, 621, 87, 939, 210, 223, 873, 957, 442, 262, 962, 247]
dests:[991, 853, 891, 331, 949]
ac_dict:{309: {0, 1}, 165: {1, 2}, 177: {2, 3}, 885: {3, 4}, 991: {0}, 853: {1}, 891: {2}, 331: {3}, 949: {4}}
clusters:[17 18 11 16  8 13  2  0 15  1 14  9 12  6  3  4 10 19  7  5]

round: 2
best_g_value: 260.0
open_list_size: 15
num_low_level_expanded: 5986
search_success: 1
search_time: 12.893263896010467
n_tsp_call: 100
n_tsp_time: 11.500074279028922
n_roots: 8
num_conflicts: 8
target_assignment: {962: 0, 939: 0, 873: 0, 882: 0, 1012: 0, 957: 0, 885: 4, 981: 4, 210: 2, 177: 2, 87: 2, 223: 2, 442: 2, 615: 3, 165: 1, 262: 1, 247: 1, 309: 1, 621: 1, 566: 1}
cluster_target_selection: {7: 962, 9: 939, 3: 873, 15: 882, 8: 1012, 4: 957, 16: 885, 2: 981, 12: 210, 11: 177, 14: 87, 6: 223, 10: 442, 13: 615, 18: 165, 19: 262, 5: 247, 17: 309, 1: 621, 0: 566}
num_nodes_transformed_graph: 49
agent_paths:({0: [(0, 17), (1, 17), (2, 17), (2, 18), (2, 18), (2, 18), (2, 19), (2, 20), (2, 21), (2, 22), (2, 23), (1, 23), (1, 24), (1, 25), (2, 25), (2, 26), (2, 27), (3, 27), (3, 28), (3, 29), (2, 29), (2, 30), (3, 30), (4, 30), (5, 30), (6, 30), (7, 30), (8, 30), (9, 30), (9, 29), (10, 29), (11, 29), (10, 29), (10, 28), (10, 27), (9, 27), (10, 27), (11, 27), (12, 27), (13, 27), (14, 27), (15, 27), (16, 27), (17, 27), (18, 27), (18, 28), (18, 29), (19, 29), (19, 30), (19, 31), (20, 31), (21, 31), (22, 31), (23, 31), (24, 31), (25, 31), (26, 31), (27, 31), (28, 31), (29, 31), (29, 30), (29, 29), (30, 29), (31, 29), (31, 30), (31, 30)], 1: [(13, 2), (13, 3), (12, 3), (11, 3), (11, 4), (11, 5), (10, 5), (9, 5), (9, 6), (8, 6), (7, 6), (6, 6), (5, 6), (5, 5), (6, 5), (6, 6), (6, 7), (6, 8), (6, 7), (7, 7), (7, 6), (8, 6), (9, 6), (10, 6), (11, 6), (11, 5), (12, 5), (13, 5), (14, 5), (15, 5), (16, 5), (17, 5), (18, 5), (19, 5), (19, 6), (19, 7), (20, 7), (21, 7), (22, 7), (23, 7), (23, 8), (23, 9), (22, 9), (21, 9), (21, 10), (21, 11), (20, 11), (19, 11), (18, 11), (18, 12), (18, 13), (18, 14), (18, 15), (18, 16), (18, 17), (17, 17), (17, 18), (16, 18), (15, 18), (14, 18), (13, 18), (13, 19), (13, 18), (14, 18), (15, 18), (16, 18), (17, 18), (17, 17), (18, 17), (19, 17), (20, 17), (21, 17), (22, 17), (22, 18), (22, 19), (22, 20), (22, 21), (22, 22), (22, 23), (23, 23), (23, 24), (23, 25), (22, 25), (21, 25), (21, 26), (21, 26)], 2: [(18, 12), (18, 11), (18, 10), (18, 9), (18, 8), (18, 7), (18, 6), (17, 6), (17, 5), (16, 5), (15, 5), (14, 5), (14, 4), (14, 3), (14, 2), (15, 2), (16, 2), (17, 2), (18, 2), (19, 2), (19, 1), (20, 1), (21, 1), (22, 1), (23, 1), (23, 2), (23, 3), (24, 3), (25, 3), (26, 3), (27, 3), (27, 4), (27, 5), (27, 6), (28, 6), (29, 6), (30, 6), (31, 6), (31, 7), (31, 8), (31, 9), (30, 9), (29, 9), (29, 10), (28, 10), (27, 10), (27, 11), (27, 12), (27, 13), (26, 13), (27, 13), (27, 14), (27, 15), (27, 16), (27, 17), (27, 18), (27, 19), (27, 20), (27, 21), (27, 22), (27, 23), (27, 24), (27, 25), (27, 26), (27, 27), (27, 27)], 3: [(1, 23), (1, 22), (1, 21), (2, 21), (2, 20), (2, 19), (3, 19), (4, 19), (5, 19), (6, 19), (7, 19), (7, 18), (7, 17), (6, 17), (6, 16), (6, 15), (6, 14), (6, 13), (7, 13), (8, 13), (9, 13), (9, 12), (9, 11), (9, 10), (10, 10), (11, 10), (11, 10)], 4: [(27, 18), (27, 19), (27, 20), (27, 21), (27, 22), (27, 23), (27, 24), (27, 25), (26, 25), (25, 25), (24, 25), (23, 25), (22, 25), (21, 25), (21, 26), (21, 27), (22, 27), (23, 27), (23, 28), (23, 29), (22, 29), (21, 29), (21, 30), (21, 29), (21, 29)]}, 84)