

CBSS-C STATS
starts:[343, 155, 719, 739, 194, 757, 764]
targets:[126, 885, 238, 71, 190, 953, 94, 751, 5, 477]
dests:[626, 627, 330, 375, 202, 301, 110]
ac_dict:{126: {0, 1}, 885: {1, 2}, 238: {2, 3}, 71: {3, 4}, 190: {4, 5}, 953: {5, 6}, 626: {0}, 627: {1}, 330: {2}, 375: {3}, 202: {4}, 301: {5}, 110: {6}}
clusters:[2 0 9 1 7 4 6 8 3 5]

round: 3
best_g_value: 260.0
open_list_size: 2
num_low_level_expanded: 1312
search_success: 1
search_time: 0.4983055500051705
n_tsp_call: 1
n_tsp_time: 0.4382532879972132
n_roots: 1
num_conflicts: 2
target_assignment: {94: 1, 126: 1, 751: 2, 885: 2, 238: 2, 477: 5, 190: 5, 5: 4, 71: 4, 953: 6}
cluster_target_selection: {6: 94, 2: 126, 8: 751, 0: 885, 9: 238, 5: 477, 7: 190, 3: 5, 1: 71, 4: 953}
num_nodes_transformed_graph: 54
agent_paths:({0: [(23, 10), (22, 10), (21, 10), (21, 11), (20, 11), (19, 11), (18, 11), (18, 12), (18, 13), (18, 14), (18, 15), (18, 16), (18, 17), (18, 18), (18, 19), (18, 19)], 1: [(27, 4), (27, 3), (27, 2), (28, 2), (29, 2), (30, 2), (30, 3), (30, 4), (30, 5), (29, 5), (29, 6), (28, 6), (27, 6), (26, 6), (25, 6), (25, 7), (25, 8), (25, 9), (24, 9), (23, 9), (22, 9), (22, 10), (22, 11), (22, 12), (22, 13), (22, 14), (22, 15), (22, 16), (22, 17), (21, 17), (20, 17), (19, 17), (19, 18), (19, 19), (19, 19)], 2: [(15, 22), (15, 23), (15, 24), (15, 25), (15, 26), (15, 27), (16, 27), (17, 27), (18, 27), (19, 27), (19, 26), (20, 26), (21, 26), (21, 27), (21, 26), (21, 25), (22, 25), (23, 25), (23, 24), (23, 23), (22, 23), (22, 22), (22, 21), (22, 20), (22, 19), (21, 19), (21, 18), (21, 17), (20, 17), (19, 17), (18, 17), (18, 16), (18, 15), (18, 14), (18, 13), (18, 12), (18, 11), (17, 11), (17, 10), (17, 9), (16, 9), (15, 9), (14, 9), (14, 8), (14, 7), (14, 8), (14, 9), (13, 9), (13, 10), (13, 11), (12, 11), (11, 11), (10, 11), (10, 10), (10, 10)], 3: [(3, 23), (3, 22), (4, 22), (5, 22), (5, 21), (6, 21), (7, 21), (8, 21), (9, 21), (9, 20), (9, 19), (9, 18), (9, 17), (10, 17), (11, 17), (11, 16), (11, 15), (11, 14), (12, 14), (13, 14), (14, 14), (15, 14), (16, 14), (17, 14), (17, 13), (18, 13), (18, 12), (18, 11), (19, 11), (20, 11), (21, 11), (22, 11), (23, 11), (23, 11)], 4: [(2, 6), (2, 5), (3, 5), (4, 5), (5, 5), (6, 5), (6, 4), (6, 3), (5, 3), (5, 2), (5, 1), (5, 0), (5, 1), (6, 1), (7, 1), (7, 2), (7, 3), (6, 3), (6, 4), (6, 5), (7, 5), (7, 6), (8, 6), (9, 6), (10, 6), (10, 6)], 5: [(21, 23), (21, 22), (21, 21), (22, 21), (22, 20), (22, 19), (22, 18), (23, 18), (24, 18), (25, 18), (25, 17), (26, 17), (27, 17), (27, 16), (27, 15), (27, 14), (28, 14), (29, 14), (29, 13), (30, 13), (31, 13), (31, 12), (31, 11), (31, 10), (31, 9), (31, 8), (31, 7), (30, 7), (30, 6), (30, 5), (29, 5), (29, 6), (28, 6), (27, 6), (26, 6), (25, 6), (25, 7), (25, 8), (25, 9), (24, 9), (23, 9), (22, 9), (21, 9), (21, 10), (21, 11), (20, 11), (19, 11), (18, 11), (17, 11), (17, 10), (17, 9), (16, 9), (15, 9), (14, 9), (13, 9), (13, 9)], 6: [(28, 23), (27, 23), (27, 24), (27, 25), (27, 26), (27, 27), (27, 28), (27, 29), (26, 29), (25, 29), (26, 29), (27, 29), (27, 28), (27, 27), (27, 26), (27, 25), (27, 24), (27, 23), (27, 22), (27, 21), (27, 20), (27, 19), (27, 18), (27, 17), (27, 16), (27, 15), (27, 14), (27, 13), (27, 12), (27, 11), (26, 11), (25, 11), (25, 10), (25, 9), (24, 9), (23, 9), (23, 8), (23, 7), (22, 7), (21, 7), (20, 7), (19, 7), (18, 7), (17, 7), (17, 6), (17, 5), (16, 5), (15, 5), (14, 5), (14, 4), (14, 3), (14, 3)]}, 54)