

CBSS-C STATS
starts:[518, 958, 739, 351, 1006]
targets:[381, 857, 244, 375, 478, 329, 567, 402, 230, 914, 464, 499, 274, 678, 51, 354, 186, 421, 863, 595]
dests:[176, 441, 52, 363, 604]
ac_dict:{381: {0, 1}, 857: {1, 2}, 244: {2, 3}, 375: {3, 4}, 176: {0}, 441: {1}, 52: {2}, 363: {3}, 604: {4}}
clusters:[ 2  6  3  0 16 12  8 10  4  5 14 13  9  7  1 18 19 15 17 11]

round: 7
best_g_value: 212.0
open_list_size: 12
num_low_level_expanded: 3152
search_success: 1
search_time: 38.63296475900279
n_tsp_call: 74
n_tsp_time: 36.95356113791058
n_roots: 4
num_conflicts: 9
target_assignment: {421: 0, 354: 0, 230: 0, 375: 3, 567: 3, 595: 3, 499: 3, 464: 3, 329: 3, 678: 2, 402: 2, 274: 2, 244: 2, 186: 2, 51: 2, 863: 1, 857: 1, 478: 1, 381: 1, 914: 4}
cluster_target_selection: {15: 421, 18: 354, 4: 230, 0: 375, 8: 567, 11: 595, 13: 499, 14: 464, 12: 329, 7: 678, 10: 402, 9: 274, 3: 244, 19: 186, 1: 51, 17: 863, 6: 857, 16: 478, 2: 381, 5: 914}
num_nodes_transformed_graph: 98
agent_paths:({0: [(6, 16), (6, 15), (5, 15), (5, 14), (5, 13), (5, 12), (5, 11), (5, 10), (4, 10), (3, 10), (2, 10), (2, 11), (2, 10), (3, 10), (4, 10), (5, 10), (5, 9), (6, 9), (6, 8), (6, 7), (6, 6), (7, 6), (8, 6), (9, 6), (9, 5), (10, 5), (11, 5), (12, 5), (13, 5), (14, 5), (15, 5), (16, 5), (16, 5)], 1: [(30, 29), (31, 29), (31, 28), (31, 27), (31, 26), (30, 26), (30, 25), (30, 24), (30, 23), (29, 23), (28, 23), (27, 23), (27, 24), (27, 25), (26, 25), (25, 25), (25, 26), (25, 25), (26, 25), (27, 25), (27, 24), (27, 23), (27, 22), (27, 21), (27, 20), (27, 19), (27, 18), (27, 17), (27, 16), (27, 15), (27, 14), (28, 14), (29, 14), (30, 14), (30, 13), (31, 13), (31, 12), (31, 11), (30, 11), (29, 11), (29, 10), (28, 10), (27, 10), (27, 11), (27, 12), (27, 13), (26, 13), (25, 13), (25, 13)], 2: [(3, 23), (3, 22), (4, 22), (5, 22), (5, 21), (6, 21), (7, 21), (8, 21), (9, 21), (9, 20), (9, 19), (9, 18), (9, 17), (10, 17), (11, 17), (11, 16), (11, 15), (11, 14), (12, 14), (13, 14), (14, 14), (15, 14), (16, 14), (17, 14), (17, 13), (18, 13), (18, 12), (18, 11), (18, 10), (18, 9), (18, 8), (18, 7), (19, 7), (20, 7), (21, 7), (22, 7), (23, 7), (23, 8), (23, 9), (24, 9), (25, 9), (25, 8), (25, 7), (25, 6), (25, 5), (26, 5), (27, 5), (27, 4), (27, 3), (26, 3), (25, 3), (24, 3), (23, 3), (22, 3), (21, 3), (21, 2), (21, 1), (20, 1), (19, 1), (20, 1), (20, 1)], 3: [(31, 10), (30, 10), (29, 10), (28, 10), (27, 10), (26, 10), (25, 10), (25, 9), (24, 9), (23, 9), (23, 10), (23, 11), (22, 11), (22, 12), (22, 13), (22, 14), (22, 15), (22, 16), (22, 17), (23, 17), (22, 17), (21, 17), (20, 17), (19, 17), (19, 18), (19, 17), (18, 17), (18, 16), (18, 15), (19, 15), (18, 15), (17, 15), (17, 14), (16, 14), (15, 14), (14, 14), (13, 14), (12, 14), (11, 14), (10, 14), (9, 14), (9, 13), (9, 12), (9, 11), (9, 10), (10, 10), (11, 10), (11, 11), (11, 11)], 4: [(14, 31), (15, 31), (16, 31), (17, 31), (17, 30), (17, 29), (18, 29), (18, 28), (18, 27), (18, 26), (19, 26), (20, 26), (21, 26), (21, 25), (22, 25), (23, 25), (24, 25), (24, 25), (25, 25), (26, 25), (27, 25), (27, 24), (27, 23), (27, 22), (27, 21), (27, 20), (27, 19), (27, 18), (28, 18), (28, 18)]}, 59)