

CBSS-C STATS
starts:[511, 481, 783, 585, 703]
targets:[850, 187, 1005, 874, 755, 254, 221, 57, 287, 477]
dests:[937, 461, 298, 990, 842]
ac_dict:{850: {0, 1}, 187: {1, 2}, 1005: {2, 3}, 874: {3, 4}, 937: {0}, 461: {1}, 298: {2}, 990: {3}, 842: {4}}
clusters:[3 4 3 3 0 4 2 1 3 0]

round: 1
best_g_value: 178.0
open_list_size: 0
num_low_level_expanded: 429
search_success: 1
search_time: 0.2103058290667832
n_tsp_call: 1
n_tsp_time: 0.19140264298766851
n_roots: 1
num_conflicts: 0
target_assignment: {254: 0, 221: 0, 57: 0, 755: 0, 874: 4}
cluster_target_selection: {4: 254, 2: 221, 1: 57, 0: 755, 3: 874}
num_nodes_transformed_graph: 29
agent_paths:({0: [(31, 15), (31, 14), (31, 13), (31, 12), (31, 11), (31, 10), (31, 9), (31, 8), (31, 7), (30, 7), (29, 7), (29, 6), (28, 6), (27, 6), (27, 5), (27, 4), (27, 3), (26, 3), (25, 3), (25, 2), (25, 1), (25, 2), (25, 3), (26, 3), (27, 3), (27, 4), (27, 5), (26, 5), (25, 5), (25, 6), (25, 7), (25, 8), (25, 9), (24, 9), (23, 9), (22, 9), (22, 10), (22, 11), (22, 12), (22, 13), (22, 14), (22, 15), (22, 16), (22, 17), (22, 18), (22, 19), (22, 20), (22, 21), (21, 21), (20, 21), (19, 21), (19, 22), (19, 23), (18, 23), (17, 23), (17, 24), (17, 25), (17, 26), (17, 27), (16, 27), (15, 27), (14, 27), (13, 27), (12, 27), (11, 27), (10, 27), (10, 28), (10, 29), (9, 29), (9, 29)], 1: [(1, 15), (2, 15), (2, 16), (2, 17), (3, 17), (3, 18), (3, 19), (4, 19), (5, 19), (5, 18), (6, 18), (7, 18), (8, 18), (9, 18), (9, 17), (10, 17), (11, 17), (11, 16), (11, 15), (11, 14), (12, 14), (13, 14), (13, 14)], 2: [(15, 24), (15, 23), (14, 23), (13, 23), (12, 23), (11, 23), (10, 23), (10, 22), (10, 21), (9, 21), (9, 20), (9, 19), (9, 18), (9, 17), (10, 17), (11, 17), (11, 16), (11, 15), (10, 15), (10, 14), (10, 13), (9, 13), (9, 12), (9, 11), (9, 10), (9, 9), (10, 9), (10, 9)], 3: [(9, 18), (9, 19), (9, 20), (9, 21), (10, 21), (11, 21), (11, 22), (11, 23), (12, 23), (13, 23), (14, 23), (15, 23), (15, 24), (15, 25), (15, 26), (15, 27), (16, 27), (17, 27), (18, 27), (18, 28), (18, 29), (19, 29), (19, 30), (19, 31), (20, 31), (21, 31), (22, 31), (23, 31), (24, 31), (25, 31), (26, 31), (27, 31), (28, 31), (29, 31), (29, 30), (30, 30), (30, 30)], 4: [(31, 21), (30, 21), (29, 21), (29, 22), (29, 23), (28, 23), (27, 23), (27, 24), (27, 25), (26, 25), (25, 25), (24, 25), (23, 25), (22, 25), (21, 25), (21, 26), (20, 26), (19, 26), (18, 26), (17, 26), (17, 27), (16, 27), (15, 27), (14, 27), (13, 27), (12, 27), (11, 27), (10, 27), (10, 26), (10, 26)]}, 68)