

CBSS-C STATS
starts:[254, 274, 949, 114, 857]
targets:[835, 813, 326, 262, 329, 230, 239, 433, 462, 166, 943, 842, 1014, 999, 558, 97, 241, 899, 981, 979]
dests:[139, 750, 198, 40, 831]
ac_dict:{835: {0, 1}, 813: {1, 2}, 326: {2, 3}, 262: {3, 4}, 139: {0}, 750: {1}, 198: {2}, 40: {3}, 831: {4}}
clusters:[13 15 14  2  9 10 17  0  3  5 12  4  7  8  6  1 11 16 18 19]

round: 1
best_g_value: 228.0
open_list_size: 0
num_low_level_expanded: 560
search_success: 1
search_time: 3.263597106008092
n_tsp_call: 1
n_tsp_time: 3.226926726012607
n_roots: 1
num_conflicts: 0
target_assignment: {241: 0, 239: 0, 262: 3, 230: 3, 97: 3, 166: 3, 433: 1, 462: 1, 835: 1, 899: 1, 999: 1, 842: 1, 813: 1, 981: 2, 943: 2, 979: 2, 1014: 2, 558: 2, 329: 2, 326: 2}
cluster_target_selection: {11: 241, 17: 239, 2: 262, 10: 230, 1: 97, 5: 166, 0: 433, 3: 462, 13: 835, 16: 899, 8: 999, 4: 842, 15: 813, 18: 981, 12: 943, 19: 979, 7: 1014, 6: 558, 9: 329, 14: 326}
num_nodes_transformed_graph: 98
agent_paths:({0: [(30, 7), (29, 7), (29, 6), (28, 6), (27, 6), (26, 6), (25, 6), (25, 7), (25, 8), (25, 9), (24, 9), (23, 9), (23, 8), (23, 7), (22, 7), (21, 7), (20, 7), (19, 7), (18, 7), (17, 7), (17, 6), (17, 5), (16, 5), (15, 5), (15, 6), (15, 7), (14, 7), (13, 7), (13, 6), (13, 5), (12, 5), (11, 5), (11, 4), (11, 4)], 1: [(18, 8), (18, 9), (18, 10), (18, 11), (18, 12), (18, 13), (17, 13), (17, 14), (16, 14), (15, 14), (14, 14), (13, 14), (12, 14), (11, 14), (11, 15), (11, 16), (11, 17), (10, 17), (9, 17), (9, 18), (9, 19), (9, 20), (9, 21), (8, 21), (7, 21), (6, 21), (5, 21), (5, 22), (4, 22), (3, 22), (3, 23), (2, 23), (1, 23), (1, 24), (1, 25), (2, 25), (3, 25), (3, 26), (3, 27), (3, 28), (3, 29), (3, 30), (4, 30), (5, 30), (6, 30), (7, 30), (7, 31), (7, 30), (8, 30), (9, 30), (9, 29), (10, 29), (10, 28), (10, 27), (10, 26), (11, 26), (11, 27), (12, 27), (13, 27), (13, 26), (13, 25), (14, 25), (15, 25), (15, 24), (15, 23), (14, 23), (14, 23)], 2: [(21, 29), (21, 30), (21, 31), (20, 31), (19, 31), (18, 31), (17, 31), (16, 31), (15, 31), (15, 30), (15, 29), (15, 30), (15, 31), (16, 31), (17, 31), (17, 30), (18, 30), (19, 30), (19, 31), (20, 31), (21, 31), (22, 31), (22, 30), (22, 29), (23, 29), (23, 28), (23, 27), (23, 26), (23, 25), (23, 24), (23, 23), (22, 23), (22, 22), (22, 21), (22, 20), (22, 19), (21, 19), (21, 18), (21, 17), (20, 17), (19, 17), (18, 17), (17, 17), (17, 18), (16, 18), (15, 18), (14, 18), (14, 17), (15, 17), (15, 18), (16, 18), (17, 18), (17, 17), (18, 17), (18, 16), (18, 15), (17, 15), (17, 14), (16, 14), (15, 14), (14, 14), (13, 14), (12, 14), (11, 14), (10, 14), (9, 14), (9, 13), (9, 12), (9, 11), (9, 10), (9, 9), (8, 9), (7, 9), (6, 9), (6, 10), (6, 9), (6, 8), (6, 7), (6, 6), (6, 6)], 3: [(18, 3), (17, 3), (17, 2), (16, 2), (15, 2), (14, 2), (13, 2), (13, 3), (12, 3), (11, 3), (11, 4), (11, 5), (10, 5), (9, 5), (9, 6), (8, 6), (7, 6), (6, 6), (6, 7), (6, 8), (6, 7), (5, 7), (5, 6), (5, 5), (4, 5), (3, 5), (3, 4), (3, 3), (2, 3), (1, 3), (2, 3), (3, 3), (3, 4), (3, 5), (4, 5), (5, 5), (6, 5), (6, 4), (6, 3), (6, 2), (6, 1), (7, 1), (8, 1), (8, 1)], 4: [(25, 26), (25, 25), (26, 25), (27, 25), (27, 24), (27, 23), (28, 23), (29, 23), (30, 23), (30, 24), (30, 25), (31, 25), (31, 25)]}, 78)