

CBSS-C STATS
starts:[359, 563, 49, 783, 613]
targets:[155, 862, 366, 402, 590, 347, 571, 826, 813, 742]
dests:[869, 635, 639, 945, 927]
ac_dict:{155: {0, 1}, 862: {1, 2}, 366: {2, 3}, 402: {3, 4}, 869: {0}, 635: {1}, 639: {2}, 945: {3}, 927: {4}}
clusters:[4 1 2 3 3 0 2 1 3 2]

round: 1
best_g_value: 158.0
open_list_size: 0
num_low_level_expanded: 408
search_success: 1
search_time: 0.1824188302271068
n_tsp_call: 1
n_tsp_time: 0.16490925708785653
n_roots: 1
num_conflicts: 0
target_assignment: {826: 4, 813: 3, 155: 1, 347: 1, 571: 1}
cluster_target_selection: {1: 826, 3: 813, 4: 155, 0: 347, 2: 571}
num_nodes_transformed_graph: 48
agent_paths:({0: [(7, 11), (6, 11), (5, 11), (5, 12), (5, 13), (5, 14), (5, 15), (6, 15), (6, 16), (6, 17), (5, 17), (5, 18), (5, 19), (4, 19), (3, 19), (2, 19), (2, 20), (2, 21), (2, 22), (2, 23), (1, 23), (1, 24), (1, 25), (2, 25), (3, 25), (3, 26), (4, 26), (5, 26), (5, 27), (5, 27)], 1: [(19, 17), (20, 17), (21, 17), (22, 17), (22, 16), (22, 15), (22, 14), (22, 13), (22, 12), (22, 11), (22, 10), (22, 9), (23, 9), (24, 9), (25, 9), (25, 8), (25, 7), (25, 6), (25, 5), (26, 5), (27, 5), (27, 4), (27, 5), (27, 6), (27, 7), (26, 7), (25, 7), (25, 8), (25, 9), (26, 9), (27, 9), (27, 10), (27, 11), (27, 12), (27, 13), (27, 14), (27, 15), (27, 16), (27, 17), (27, 18), (27, 19), (27, 19)], 2: [(17, 1), (18, 1), (19, 1), (20, 1), (21, 1), (22, 1), (23, 1), (23, 2), (23, 3), (24, 3), (25, 3), (26, 3), (27, 3), (27, 4), (27, 5), (27, 6), (28, 6), (29, 6), (30, 6), (31, 6), (31, 7), (31, 8), (31, 9), (31, 10), (31, 11), (31, 12), (31, 13), (31, 14), (31, 15), (31, 16), (31, 17), (31, 18), (31, 19), (31, 19)], 3: [(15, 24), (15, 25), (14, 25), (13, 25), (14, 25), (15, 25), (15, 26), (15, 27), (16, 27), (17, 27), (18, 27), (18, 28), (18, 29), (17, 29), (17, 29)], 4: [(5, 19), (6, 19), (7, 19), (7, 18), (8, 18), (9, 18), (9, 19), (9, 20), (9, 21), (10, 21), (11, 21), (11, 22), (11, 23), (12, 23), (13, 23), (14, 23), (15, 23), (15, 22), (16, 22), (17, 22), (17, 23), (17, 24), (17, 25), (18, 25), (19, 25), (19, 26), (20, 26), (21, 26), (21, 25), (22, 25), (23, 25), (24, 25), (25, 25), (26, 25), (27, 25), (27, 24), (27, 23), (28, 23), (29, 23), (30, 23), (30, 24), (30, 25), (31, 25), (31, 26), (31, 27), (31, 28), (31, 28)]}, 45)