

CBSS-C STATS
starts:[971, 230]
targets:[626, 981, 305, 451, 964, 745, 313, 449, 737, 367]
dests:[574, 121]
ac_dict:{626: {0, 1}, 574: {0}, 121: {1}}
clusters:[5 1 4 2 6 8 9 0 3 7]

round: 1
best_g_value: 147.0
open_list_size: 0
num_low_level_expanded: 380
search_success: 1
search_time: 0.061057073995471
n_tsp_call: 1
n_tsp_time: 0.048397859995020553
n_roots: 1
num_conflicts: 0
target_assignment: {964: 0, 737: 0, 449: 0, 451: 0, 745: 0, 981: 0, 626: 0, 367: 1, 305: 1, 313: 1}
cluster_target_selection: {6: 964, 3: 737, 0: 449, 2: 451, 8: 745, 1: 981, 5: 626, 7: 367, 4: 305, 9: 313}
num_nodes_transformed_graph: 24
agent_paths:({0: [(11, 30), (10, 30), (9, 30), (8, 30), (7, 30), (6, 30), (5, 30), (4, 30), (3, 30), (3, 29), (3, 28), (3, 27), (2, 27), (1, 27), (1, 26), (1, 25), (1, 24), (1, 23), (1, 22), (1, 21), (2, 21), (2, 20), (2, 19), (2, 18), (2, 17), (2, 16), (2, 15), (1, 15), (1, 14), (2, 14), (3, 14), (3, 15), (2, 15), (2, 16), (2, 17), (2, 18), (2, 19), (2, 20), (2, 21), (3, 21), (3, 22), (4, 22), (5, 22), (6, 22), (7, 22), (7, 21), (8, 21), (9, 21), (9, 22), (9, 23), (10, 23), (11, 23), (12, 23), (13, 23), (14, 23), (15, 23), (15, 24), (15, 25), (15, 26), (15, 27), (16, 27), (17, 27), (18, 27), (18, 28), (18, 29), (19, 29), (19, 30), (19, 31), (20, 31), (21, 31), (21, 30), (21, 29), (22, 29), (23, 29), (23, 28), (23, 27), (23, 26), (23, 25), (23, 24), (23, 23), (22, 23), (22, 22), (22, 21), (22, 20), (22, 19), (21, 19), (21, 18), (21, 17), (20, 17), (19, 17), (18, 17), (18, 18), (18, 19), (18, 18), (18, 17), (19, 17), (20, 17), (21, 17), (22, 17), (23, 17), (23, 18), (24, 18), (25, 18), (26, 18), (27, 18), (28, 18), (29, 18), (29, 17), (30, 17), (30, 17)], 1: [(6, 7), (6, 8), (6, 9), (7, 9), (8, 9), (9, 9), (10, 9), (11, 9), (11, 10), (11, 11), (12, 11), (13, 11), (14, 11), (15, 11), (15, 10), (15, 9), (16, 9), (17, 9), (18, 9), (19, 9), (19, 10), (19, 11), (20, 11), (21, 11), (21, 10), (21, 9), (22, 9), (23, 9), (24, 9), (25, 9), (25, 8), (25, 7), (25, 6), (25, 5), (26, 5), (27, 5), (27, 4), (27, 3), (26, 3), (25, 3), (25, 3)]}, 108)