

CBSS-C STATS
starts:[214, 164, 966, 543, 51]
targets:[281, 464, 805, 514, 817, 825, 209, 491, 303, 296]
dests:[751, 485, 690, 604, 378]
ac_dict:{281: {0, 1}, 464: {1, 2}, 805: {2, 3}, 514: {3, 4}, 751: {0}, 485: {1}, 690: {2}, 604: {3}, 378: {4}}
clusters:[4 4 3 0 1 0 4 1 4 2]

round: 1
best_g_value: 128.0
open_list_size: 0
num_low_level_expanded: 299
search_success: 1
search_time: 0.22395091084763408
n_tsp_call: 1
n_tsp_time: 0.20730935502797365
n_roots: 1
num_conflicts: 0
target_assignment: {281: 0, 825: 0, 805: 2, 817: 2, 296: 1}
cluster_target_selection: {4: 281, 0: 825, 3: 805, 1: 817, 2: 296}
num_nodes_transformed_graph: 48
agent_paths:({0: [(22, 6), (23, 6), (23, 7), (23, 8), (23, 9), (24, 9), (25, 9), (25, 8), (25, 9), (25, 10), (25, 11), (26, 11), (27, 11), (27, 12), (27, 13), (27, 14), (27, 15), (27, 16), (27, 17), (27, 18), (27, 19), (27, 20), (27, 21), (27, 22), (27, 23), (27, 24), (27, 25), (26, 25), (25, 25), (24, 25), (23, 25), (22, 25), (21, 25), (21, 26), (20, 26), (19, 26), (18, 26), (17, 26), (17, 25), (17, 24), (17, 23), (17, 22), (16, 22), (15, 22), (15, 23), (15, 23)], 1: [(4, 5), (5, 5), (6, 5), (6, 6), (6, 7), (6, 8), (6, 9), (7, 9), (8, 9), (7, 9), (6, 9), (5, 9), (5, 10), (5, 11), (5, 12), (5, 13), (5, 14), (5, 15), (5, 15)], 2: [(6, 30), (5, 30), (4, 30), (3, 30), (3, 29), (3, 28), (3, 27), (3, 26), (4, 26), (5, 26), (5, 25), (5, 26), (4, 26), (3, 26), (3, 27), (3, 28), (3, 29), (3, 30), (4, 30), (5, 30), (6, 30), (7, 30), (8, 30), (9, 30), (9, 29), (10, 29), (10, 28), (10, 27), (11, 27), (12, 27), (13, 27), (14, 27), (15, 27), (16, 27), (17, 27), (17, 26), (17, 25), (17, 24), (17, 23), (17, 22), (17, 21), (18, 21), (18, 21)], 3: [(31, 16), (31, 17), (30, 17), (29, 17), (29, 18), (28, 18), (28, 18)], 4: [(19, 1), (20, 1), (21, 1), (22, 1), (23, 1), (23, 2), (23, 3), (24, 3), (25, 3), (26, 3), (27, 3), (27, 4), (27, 5), (26, 5), (26, 6), (26, 7), (25, 7), (25, 8), (25, 9), (26, 9), (26, 10), (26, 11), (26, 11)]}, 44)