

CBSS-C STATS
starts:[182, 87, 707, 69, 105]
targets:[709, 679, 250, 594, 181, 193, 637, 587, 573, 430]
dests:[303, 739, 880, 638, 477]
ac_dict:{709: {0, 1}, 679: {1, 2}, 250: {2, 3}, 594: {3, 4}, 303: {0}, 739: {1}, 880: {2}, 638: {3}, 477: {4}}
clusters:[3 1 0 0 2 3 4 0 3 0]

round: 1
best_g_value: 151.0
open_list_size: 0
num_low_level_expanded: 367
search_success: 1
search_time: 0.06873571081086993
n_tsp_call: 1
n_tsp_time: 0.05128103168681264
n_roots: 1
num_conflicts: 0
target_assignment: {181: 0, 637: 3, 587: 1, 709: 1, 679: 2}
cluster_target_selection: {2: 181, 4: 637, 0: 587, 3: 709, 1: 679}
num_nodes_transformed_graph: 29
agent_paths:({0: [(22, 5), (21, 5), (21, 6), (21, 7), (20, 7), (19, 7), (18, 7), (18, 8), (18, 9), (17, 9), (16, 9), (15, 9), (15, 9)], 1: [(23, 2), (22, 2), (21, 2), (21, 1), (20, 1), (19, 1), (18, 1), (17, 1), (17, 2), (16, 2), (15, 2), (14, 2), (14, 3), (14, 4), (14, 5), (14, 6), (14, 7), (14, 8), (14, 9), (13, 9), (13, 10), (13, 11), (12, 11), (11, 11), (10, 11), (9, 11), (9, 12), (9, 13), (10, 13), (11, 13), (11, 14), (11, 15), (11, 16), (11, 17), (11, 18), (10, 18), (9, 18), (9, 19), (9, 20), (9, 21), (8, 21), (7, 21), (6, 21), (5, 21), (5, 22), (4, 22), (3, 22), (3, 23), (3, 23)], 2: [(3, 22), (4, 22), (5, 22), (5, 21), (6, 21), (7, 21), (8, 21), (9, 21), (10, 21), (11, 21), (11, 22), (11, 23), (12, 23), (13, 23), (14, 23), (15, 23), (15, 24), (15, 25), (15, 26), (15, 27), (16, 27), (16, 27)], 3: [(5, 2), (6, 2), (6, 3), (6, 4), (6, 5), (6, 6), (6, 7), (6, 8), (6, 9), (7, 9), (8, 9), (9, 9), (9, 10), (9, 11), (9, 12), (9, 13), (10, 13), (11, 13), (11, 14), (12, 14), (13, 14), (14, 14), (15, 14), (16, 14), (17, 14), (18, 14), (18, 15), (18, 16), (18, 17), (19, 17), (20, 17), (21, 17), (22, 17), (23, 17), (23, 18), (24, 18), (25, 18), (26, 18), (27, 18), (28, 18), (29, 18), (29, 19), (30, 19), (30, 19)], 4: [(9, 3), (10, 3), (11, 3), (12, 3), (13, 3), (14, 3), (14, 4), (14, 5), (15, 5), (16, 5), (17, 5), (18, 5), (19, 5), (19, 6), (19, 7), (20, 7), (21, 7), (22, 7), (23, 7), (23, 8), (23, 9), (24, 9), (25, 9), (26, 9), (27, 9), (27, 10), (27, 11), (27, 12), (27, 13), (27, 14), (28, 14), (29, 14), (29, 14)]}, 47)