

CBSS-C STATS
starts:[577, 449, 220, 361, 973]
targets:[507, 109, 530, 99, 833, 453, 383, 726, 108, 293]
dests:[345, 749, 369, 63, 225]
ac_dict:{507: {0, 1}, 109: {1, 2}, 530: {2, 3}, 99: {3, 4}, 345: {0}, 749: {1}, 369: {2}, 63: {3}, 225: {4}}
clusters:[1 0 0 0 1 1 1 0 1 1]

round: 2
best_g_value: 169.0
open_list_size: 1
num_low_level_expanded: 709
search_success: 1
search_time: 0.811672723852098
n_tsp_call: 8
n_tsp_time: 0.7744082394056022
n_roots: 1
num_conflicts: 1
target_assignment: {293: 4, 99: 4}
cluster_target_selection: {1: 293, 0: 99}
num_nodes_transformed_graph: 48
agent_paths:({0: [(1, 18), (2, 18), (3, 18), (3, 19), (4, 19), (5, 19), (5, 18), (6, 18), (7, 18), (8, 18), (9, 18), (9, 17), (10, 17), (11, 17), (11, 16), (11, 15), (11, 14), (12, 14), (13, 14), (14, 14), (15, 14), (16, 14), (17, 14), (17, 13), (18, 13), (18, 12), (18, 11), (19, 11), (20, 11), (21, 11), (21, 10), (22, 10), (23, 10), (23, 9), (24, 9), (25, 9), (25, 10), (25, 10)], 1: [(1, 14), (2, 14), (2, 15), (2, 16), (2, 17), (2, 18), (2, 19), (2, 20), (2, 21), (3, 21), (3, 22), (4, 22), (5, 22), (6, 22), (7, 22), (7, 21), (8, 21), (9, 21), (10, 21), (11, 21), (11, 22), (11, 22), (11, 23), (12, 23), (13, 23), (13, 23)], 2: [(28, 6), (27, 6), (26, 6), (25, 6), (25, 7), (25, 8), (25, 9), (24, 9), (23, 9), (22, 9), (21, 9), (21, 10), (21, 11), (20, 11), (19, 11), (18, 11), (17, 11), (17, 11)], 3: [(9, 11), (10, 11), (11, 11), (12, 11), (13, 11), (13, 10), (13, 9), (14, 9), (14, 8), (14, 7), (14, 6), (14, 5), (14, 4), (14, 3), (14, 2), (15, 2), (16, 2), (17, 2), (17, 1), (18, 1), (19, 1), (20, 1), (21, 1), (22, 1), (23, 1), (23, 2), (23, 3), (24, 3), (25, 3), (25, 2), (26, 2), (27, 2), (28, 2), (29, 2), (29, 1), (30, 1), (31, 1), (31, 1)], 4: [(13, 30), (14, 30), (15, 30), (15, 31), (16, 31), (17, 31), (17, 30), (17, 29), (18, 29), (18, 28), (18, 27), (17, 27), (16, 27), (15, 27), (14, 27), (13, 27), (12, 27), (11, 27), (11, 26), (11, 25), (11, 24), (11, 23), (10, 23), (9, 23), (9, 22), (9, 21), (9, 20), (9, 19), (9, 18), (8, 18), (7, 18), (6, 18), (6, 17), (6, 16), (6, 15), (5, 15), (5, 14), (5, 13), (5, 12), (5, 11), (5, 10), (5, 9), (6, 9), (6, 8), (6, 7), (5, 7), (5, 6), (5, 5), (4, 5), (3, 5), (3, 4), (3, 3), (3, 4), (3, 5), (2, 5), (1, 5), (1, 6), (1, 7), (1, 7)]}, 57)