

CBSS-C STATS
starts:[742, 93, 759, 241, 622]
targets:[982, 802, 689, 877, 963, 959, 423, 86, 114, 673, 765, 993, 310, 205, 967, 855, 364, 680, 326, 979]
dests:[200, 691, 479, 315, 249]
ac_dict:{982: {0, 1}, 802: {1, 2}, 689: {2, 3}, 877: {3, 4}, 200: {0}, 691: {1}, 479: {2}, 315: {3}, 249: {4}}
clusters:[15 16 14 19  6 18  1  0 17  4  7  9  3 10  5 13  8  2 12 11]

round: 1
best_g_value: 264.0
open_list_size: 0
num_low_level_expanded: 533
search_success: 1
search_time: 1.5800693210039753
n_tsp_call: 1
n_tsp_time: 1.535324730008142
n_roots: 1
num_conflicts: 0
target_assignment: {680: 0, 326: 0, 689: 2, 765: 2, 959: 2, 86: 1, 114: 1, 205: 1, 364: 1, 423: 1, 673: 1, 802: 1, 993: 1, 963: 1, 967: 1, 979: 1, 982: 1, 855: 1, 877: 4, 310: 4}
cluster_target_selection: {2: 680, 12: 326, 14: 689, 7: 765, 18: 959, 0: 86, 17: 114, 10: 205, 8: 364, 1: 423, 4: 673, 16: 802, 9: 993, 6: 963, 5: 967, 11: 979, 15: 982, 13: 855, 19: 877, 3: 310}
num_nodes_transformed_graph: 98
agent_paths:({0: [(6, 23), (6, 22), (6, 21), (7, 21), (8, 21), (9, 21), (9, 20), (9, 19), (9, 18), (8, 18), (7, 18), (6, 18), (6, 17), (6, 16), (6, 15), (6, 14), (6, 13), (5, 13), (5, 12), (5, 11), (5, 10), (6, 10), (6, 9), (6, 8), (6, 7), (6, 6), (7, 6), (8, 6), (8, 6)], 1: [(29, 2), (28, 2), (27, 2), (26, 2), (25, 2), (25, 3), (24, 3), (23, 3), (22, 3), (22, 2), (21, 2), (21, 1), (20, 1), (19, 1), (18, 1), (18, 2), (18, 3), (17, 3), (17, 2), (16, 2), (15, 2), (14, 2), (14, 3), (14, 4), (14, 5), (13, 5), (13, 6), (13, 7), (14, 7), (14, 8), (14, 9), (13, 9), (13, 10), (13, 11), (12, 11), (11, 11), (10, 11), (9, 11), (9, 12), (9, 13), (8, 13), (7, 13), (6, 13), (6, 14), (6, 15), (6, 16), (6, 17), (5, 17), (5, 18), (5, 19), (4, 19), (3, 19), (2, 19), (2, 20), (2, 21), (1, 21), (1, 22), (1, 23), (1, 24), (1, 25), (2, 25), (2, 26), (2, 27), (3, 27), (3, 28), (3, 29), (2, 29), (1, 29), (1, 30), (1, 31), (1, 30), (2, 30), (3, 30), (4, 30), (5, 30), (6, 30), (7, 30), (8, 30), (9, 30), (10, 30), (10, 29), (10, 28), (10, 27), (11, 27), (12, 27), (13, 27), (14, 27), (15, 27), (16, 27), (17, 27), (18, 27), (18, 28), (18, 29), (19, 29), (19, 30), (19, 31), (20, 31), (21, 31), (21, 30), (22, 30), (22, 29), (23, 29), (23, 28), (23, 27), (23, 26), (23, 25), (23, 24), (23, 23), (22, 23), (21, 23), (21, 22), (21, 21), (20, 21), (19, 21), (19, 21)], 2: [(23, 23), (22, 23), (21, 23), (21, 22), (21, 21), (20, 21), (19, 21), (18, 21), (17, 21), (18, 21), (19, 21), (20, 21), (21, 21), (22, 21), (23, 21), (23, 22), (23, 23), (23, 24), (23, 25), (24, 25), (25, 25), (26, 25), (27, 25), (27, 24), (27, 23), (28, 23), (29, 23), (30, 23), (30, 24), (30, 25), (31, 25), (31, 26), (31, 27), (31, 28), (31, 29), (31, 28), (31, 27), (31, 26), (31, 25), (30, 25), (30, 24), (30, 23), (30, 22), (30, 21), (31, 21), (31, 20), (31, 19), (31, 18), (31, 17), (31, 16), (31, 15), (31, 14), (31, 14)], 3: [(17, 7), (18, 7), (19, 7), (20, 7), (21, 7), (22, 7), (23, 7), (23, 8), (23, 9), (24, 9), (25, 9), (26, 9), (27, 9), (27, 9)], 4: [(14, 19), (14, 18), (15, 18), (16, 18), (17, 18), (17, 17), (18, 17), (19, 17), (20, 17), (21, 17), (21, 18), (21, 19), (22, 19), (22, 20), (22, 21), (21, 21), (20, 21), (19, 21), (18, 21), (17, 21), (17, 22), (16, 22), (15, 22), (15, 23), (15, 24), (15, 25), (14, 25), (13, 25), (13, 26), (13, 27), (13, 26), (13, 25), (14, 25), (15, 25), (15, 24), (15, 23), (15, 22), (16, 22), (17, 22), (17, 21), (18, 21), (19, 21), (20, 21), (21, 21), (22, 21), (22, 20), (22, 19), (22, 18), (22, 17), (22, 16), (22, 15), (22, 14), (22, 13), (22, 12), (22, 11), (22, 10), (22, 9), (23, 9), (24, 9), (25, 9), (25, 8), (25, 7), (25, 7)]}, 113)