

CBSS-C STATS
starts:[199, 250, 223, 324, 785]
targets:[865, 985, 103, 247, 959, 345, 450, 35, 95, 829, 675, 514, 424, 757, 878, 842, 290, 635, 631, 92]
dests:[301, 592, 317, 131, 566]
ac_dict:{865: {0, 1}, 985: {1, 2}, 103: {2, 3}, 247: {3, 4}, 301: {0}, 592: {1}, 317: {2}, 131: {3}, 566: {4}}
clusters:[ 0 16  4 11  5  6  9  8  7 19  1 14 12 15 17 10  3 13  2 18]

round: 1
best_g_value: 230.0
open_list_size: 0
num_low_level_expanded: 509
search_success: 1
search_time: 2.766347045006114
n_tsp_call: 1
n_tsp_time: 2.7295456230058335
n_roots: 1
num_conflicts: 0
target_assignment: {92: 2, 95: 2, 290: 3, 103: 3, 35: 3, 757: 4, 631: 4, 247: 4, 345: 1, 635: 1, 829: 1, 959: 1, 985: 1, 878: 1, 842: 1, 865: 1, 675: 1, 450: 1, 514: 1, 424: 1}
cluster_target_selection: {18: 92, 7: 95, 3: 290, 4: 103, 8: 35, 15: 757, 2: 631, 11: 247, 6: 345, 13: 635, 19: 829, 5: 959, 16: 985, 17: 878, 10: 842, 0: 865, 1: 675, 9: 450, 14: 514, 12: 424}
num_nodes_transformed_graph: 98
agent_paths:({0: [(7, 6), (8, 6), (9, 6), (10, 6), (11, 6), (11, 5), (12, 5), (13, 5), (13, 6), (13, 7), (14, 7), (14, 8), (14, 9), (13, 9), (13, 9)], 1: [(26, 7), (25, 7), (25, 8), (25, 9), (25, 10), (26, 10), (27, 10), (27, 11), (27, 12), (27, 13), (27, 14), (27, 15), (27, 16), (27, 17), (27, 18), (27, 19), (27, 20), (27, 21), (27, 22), (27, 23), (28, 23), (29, 23), (30, 23), (30, 24), (30, 25), (29, 25), (30, 25), (31, 25), (31, 26), (31, 27), (31, 28), (31, 29), (30, 29), (29, 29), (29, 30), (29, 31), (28, 31), (27, 31), (26, 31), (25, 31), (25, 30), (25, 31), (24, 31), (23, 31), (22, 31), (21, 31), (20, 31), (19, 31), (18, 31), (18, 30), (18, 29), (18, 28), (18, 27), (17, 27), (16, 27), (15, 27), (14, 27), (13, 27), (12, 27), (11, 27), (10, 27), (10, 26), (10, 27), (10, 28), (10, 29), (9, 29), (9, 30), (8, 30), (7, 30), (6, 30), (5, 30), (4, 30), (3, 30), (3, 29), (3, 28), (3, 27), (2, 27), (1, 27), (1, 26), (1, 25), (1, 24), (1, 23), (1, 22), (1, 21), (2, 21), (3, 21), (2, 21), (2, 20), (2, 19), (2, 18), (2, 17), (2, 16), (2, 15), (2, 14), (2, 15), (2, 16), (2, 17), (3, 17), (3, 18), (3, 19), (4, 19), (5, 19), (5, 18), (5, 17), (6, 17), (6, 16), (6, 15), (6, 14), (6, 13), (7, 13), (8, 13), (9, 13), (10, 13), (11, 13), (11, 14), (12, 14), (13, 14), (14, 14), (15, 14), (16, 14), (17, 14), (17, 15), (18, 15), (18, 16), (18, 17), (17, 17), (17, 18), (16, 18), (16, 18)], 2: [(31, 6), (30, 6), (30, 5), (30, 4), (30, 3), (29, 3), (29, 2), (28, 2), (29, 2), (30, 2), (31, 2), (30, 2), (30, 3), (30, 4), (30, 5), (30, 6), (30, 7), (31, 7), (31, 8), (31, 9), (30, 9), (29, 9), (29, 9)], 3: [(4, 10), (3, 10), (2, 10), (2, 9), (3, 9), (3, 10), (4, 10), (5, 10), (5, 9), (6, 9), (6, 8), (6, 7), (6, 6), (6, 5), (6, 4), (6, 3), (7, 3), (6, 3), (6, 4), (6, 5), (5, 5), (4, 5), (3, 5), (3, 4), (3, 3), (3, 2), (3, 1), (3, 2), (3, 3), (3, 4), (3, 4)], 4: [(17, 24), (17, 23), (18, 23), (19, 23), (19, 22), (19, 21), (20, 21), (21, 21), (21, 22), (21, 23), (21, 22), (21, 21), (22, 21), (22, 20), (22, 19), (23, 19), (23, 18), (23, 17), (22, 17), (22, 16), (22, 15), (22, 14), (22, 13), (22, 12), (22, 11), (22, 10), (22, 9), (23, 9), (23, 8), (23, 7), (23, 8), (23, 9), (22, 9), (22, 10), (22, 11), (22, 12), (22, 13), (22, 14), (22, 15), (22, 16), (22, 17), (22, 17)]}, 127)