

CBSS-C STATS
starts:[402, 35, 170, 947, 939, 349, 243, 441, 86, 546]
targets:[217, 981, 103, 881, 457, 495, 906, 811, 583, 350]
dests:[1014, 166, 590, 363, 304, 52, 207, 42, 887, 554]
ac_dict:{217: {0, 1}, 981: {1, 2}, 103: {2, 3}, 881: {3, 4}, 457: {4, 5}, 495: {5, 6}, 906: {6, 7}, 811: {8, 7}, 583: {8, 9}, 1014: {0}, 166: {1}, 590: {2}, 363: {3}, 304: {4}, 52: {5}, 207: {6}, 42: {7}, 887: {8}, 554: {9}}
clusters:[2 2 2 4 0 3 3 1 3 0]

round: 14
best_g_value: 276.0
open_list_size: 13
num_low_level_expanded: 4349
search_success: 1
search_time: 3.2743683350272477
n_tsp_call: 13
n_tsp_time: 2.6022470868192613
n_roots: 1
num_conflicts: 13
target_assignment: {811: 8, 881: 3, 457: 4, 103: 2, 583: 9}
cluster_target_selection: {1: 811, 4: 881, 0: 457, 2: 103, 3: 583}
num_nodes_transformed_graph: 48
agent_paths:({0: [(18, 12), (18, 13), (19, 13), (20, 13), (21, 13), (22, 13), (22, 14), (22, 15), (22, 16), (22, 17), (22, 18), (22, 19), (22, 20), (22, 21), (22, 22), (22, 23), (23, 23), (23, 24), (23, 25), (23, 26), (23, 27), (23, 28), (23, 29), (22, 29), (22, 30), (22, 31), (22, 31)], 1: [(3, 1), (3, 2), (3, 3), (3, 4), (3, 5), (4, 5), (5, 5), (6, 5), (6, 5)], 2: [(10, 5), (9, 5), (9, 6), (8, 6), (7, 6), (7, 5), (6, 5), (6, 4), (6, 3), (7, 3), (7, 2), (7, 1), (8, 1), (9, 1), (10, 1), (11, 1), (11, 2), (11, 3), (12, 3), (13, 3), (14, 3), (14, 4), (14, 5), (14, 6), (14, 7), (14, 8), (14, 9), (15, 9), (16, 9), (17, 9), (17, 10), (17, 11), (18, 11), (18, 12), (18, 13), (18, 14), (18, 15), (18, 16), (18, 17), (17, 17), (17, 18), (16, 18), (15, 18), (14, 18), (14, 18)], 3: [(19, 29), (18, 29), (18, 28), (18, 27), (17, 27), (16, 27), (15, 27), (14, 27), (13, 27), (12, 27), (11, 27), (11, 26), (11, 25), (11, 24), (11, 23), (11, 22), (11, 21), (10, 21), (9, 21), (9, 20), (9, 19), (9, 18), (10, 18), (11, 18), (11, 17), (11, 16), (11, 15), (11, 14), (10, 14), (10, 13), (9, 13), (9, 12), (9, 11), (10, 11), (11, 11), (11, 11)], 4: [(11, 29), (10, 29), (10, 28), (10, 27), (10, 26), (10, 25), (11, 25), (11, 24), (11, 23), (10, 23), (9, 23), (9, 22), (9, 21), (9, 20), (9, 19), (9, 18), (10, 18), (11, 18), (11, 17), (11, 16), (11, 15), (10, 15), (9, 15), (9, 14), (9, 13), (9, 12), (9, 11), (10, 11), (11, 11), (12, 11), (13, 11), (13, 10), (13, 9), (14, 9), (15, 9), (16, 9), (16, 9)], 5: [(29, 10), (28, 10), (27, 10), (26, 10), (25, 10), (25, 9), (25, 8), (25, 7), (25, 6), (26, 6), (26, 5), (27, 5), (27, 4), (27, 3), (26, 3), (25, 3), (24, 3), (23, 3), (22, 3), (21, 3), (21, 2), (21, 1), (20, 1), (20, 1)], 6: [(19, 7), (18, 7), (17, 7), (17, 6), (17, 5), (16, 5), (15, 5), (15, 6), (15, 6)], 7: [(25, 13), (26, 13), (27, 13), (27, 12), (27, 11), (26, 11), (25, 11), (25, 10), (25, 9), (24, 9), (23, 9), (23, 8), (23, 7), (22, 7), (21, 7), (20, 7), (19, 7), (18, 7), (17, 7), (17, 6), (17, 5), (16, 5), (15, 5), (14, 5), (13, 5), (12, 5), (11, 5), (11, 4), (11, 3), (10, 3), (10, 2), (10, 1), (10, 1)], 8: [(22, 2), (22, 3), (23, 3), (24, 3), (25, 3), (26, 3), (27, 3), (27, 4), (27, 5), (26, 5), (25, 5), (25, 6), (25, 7), (25, 8), (25, 9), (24, 9), (23, 9), (22, 9), (22, 10), (22, 11), (22, 12), (22, 13), (22, 14), (22, 15), (22, 16), (22, 17), (22, 18), (22, 19), (22, 20), (22, 21), (21, 21), (20, 21), (19, 21), (18, 21), (17, 21), (17, 22), (16, 22), (15, 22), (14, 22), (13, 22), (13, 23), (12, 23), (11, 23), (11, 24), (11, 25), (11, 26), (11, 27), (12, 27), (13, 27), (14, 27), (15, 27), (16, 27), (17, 27), (18, 27), (19, 27), (19, 26), (20, 26), (21, 26), (22, 26), (23, 26), (23, 27), (23, 27)], 9: [(2, 17), (3, 17), (3, 18), (3, 19), (4, 19), (5, 19), (5, 18), (6, 18), (7, 18), (8, 18), (9, 18), (9, 17), (10, 17), (10, 17)]}, 60)