

CBSS-C STATS
starts:[574, 561, 431, 544, 322]
targets:[402, 600, 47, 578, 937, 499, 769, 694, 34, 1021]
dests:[836, 534, 219, 1017, 998]
ac_dict:{402: {0, 1}, 600: {1, 2}, 47: {2, 3}, 578: {3, 4}, 836: {0}, 534: {1}, 219: {2}, 1017: {3}, 998: {4}}
clusters:[0 1 1 1 0 1 0 0 0 0]

round: 1
best_g_value: 148.0
open_list_size: 0
num_low_level_expanded: 664
search_success: 1
search_time: 0.1362930377945304
n_tsp_call: 1
n_tsp_time: 0.11503554508090019
n_roots: 1
num_conflicts: 0
target_assignment: {937: 4, 578: 3}
cluster_target_selection: {0: 937, 1: 578}
num_nodes_transformed_graph: 48
agent_paths:({0: [(30, 17), (29, 17), (29, 18), (28, 18), (27, 18), (26, 18), (25, 18), (24, 18), (23, 18), (22, 18), (22, 19), (22, 20), (22, 21), (21, 21), (20, 21), (19, 21), (18, 21), (17, 21), (17, 22), (16, 22), (15, 22), (14, 22), (13, 22), (13, 23), (12, 23), (11, 23), (11, 24), (11, 25), (10, 25), (10, 26), (10, 27), (10, 28), (10, 29), (9, 29), (9, 30), (8, 30), (7, 30), (6, 30), (5, 30), (4, 30), (3, 30), (3, 29), (3, 28), (3, 27), (3, 26), (4, 26), (4, 26)], 1: [(17, 17), (18, 17), (19, 17), (20, 17), (21, 17), (22, 17), (22, 16), (22, 16)], 2: [(15, 13), (15, 14), (16, 14), (17, 14), (17, 13), (18, 13), (18, 12), (18, 11), (19, 11), (20, 11), (21, 11), (21, 10), (21, 9), (22, 9), (23, 9), (24, 9), (25, 9), (25, 8), (25, 7), (25, 6), (26, 6), (27, 6), (27, 6)], 3: [(0, 17), (1, 17), (2, 17), (2, 18), (2, 19), (2, 20), (2, 21), (3, 21), (3, 22), (4, 22), (5, 22), (6, 22), (7, 22), (7, 21), (8, 21), (9, 21), (10, 21), (11, 21), (11, 22), (11, 23), (12, 23), (13, 23), (14, 23), (15, 23), (15, 24), (15, 25), (15, 26), (15, 27), (16, 27), (17, 27), (18, 27), (18, 28), (18, 29), (19, 29), (19, 30), (19, 31), (20, 31), (21, 31), (22, 31), (23, 31), (24, 31), (25, 31), (25, 31)], 4: [(2, 10), (3, 10), (4, 10), (5, 10), (5, 11), (5, 12), (5, 13), (6, 13), (6, 14), (6, 15), (6, 16), (6, 17), (7, 17), (7, 18), (8, 18), (9, 18), (9, 19), (9, 20), (9, 21), (9, 22), (9, 23), (10, 23), (11, 23), (11, 24), (11, 25), (10, 25), (10, 26), (10, 27), (10, 28), (10, 29), (9, 29), (9, 30), (8, 30), (7, 30), (6, 30), (6, 31), (6, 31)]}, 45)