

CBSS-C STATS
starts:[919, 373, 102]
targets:[571, 721, 378, 575, 629, 221, 941, 708, 474, 633, 3, 883, 577, 206, 564]
dests:[610, 757, 1003]
ac_dict:{571: {0, 1}, 721: {1, 2}, 610: {0}, 757: {1}, 1003: {2}}
clusters:[ 7 12 13  6 10  9  2  4  5 14 11  8  3  1  0]

round: 1
best_g_value: 189.0
open_list_size: 0
num_low_level_expanded: 443
search_success: 1
search_time: 0.06125257599342149
n_tsp_call: 1
n_tsp_time: 0.040612401004182175
n_roots: 1
num_conflicts: 0
target_assignment: {941: 0, 883: 0, 708: 0, 577: 0, 3: 2, 206: 2, 564: 2, 629: 2, 721: 2, 221: 1, 378: 1, 474: 1, 575: 1, 571: 1, 633: 1}
cluster_target_selection: {2: 941, 8: 883, 4: 708, 3: 577, 11: 3, 1: 206, 0: 564, 10: 629, 12: 721, 9: 221, 13: 378, 5: 474, 6: 575, 7: 571, 14: 633}
num_nodes_transformed_graph: 27
agent_paths:({0: [(23, 28), (23, 29), (22, 29), (21, 29), (21, 30), (21, 31), (20, 31), (19, 31), (18, 31), (17, 31), (16, 31), (15, 31), (14, 31), (13, 31), (13, 30), (13, 29), (14, 29), (15, 29), (15, 30), (15, 31), (16, 31), (17, 31), (17, 30), (17, 29), (18, 29), (18, 28), (18, 27), (19, 27), (18, 27), (17, 27), (16, 27), (15, 27), (14, 27), (13, 27), (12, 27), (11, 27), (11, 26), (11, 25), (11, 24), (11, 23), (10, 23), (9, 23), (9, 22), (9, 21), (8, 21), (7, 21), (6, 21), (5, 21), (5, 22), (4, 22), (3, 22), (2, 22), (2, 21), (2, 20), (2, 19), (1, 19), (1, 18), (2, 18), (2, 19), (2, 19)], 1: [(21, 11), (21, 10), (21, 9), (22, 9), (23, 9), (24, 9), (25, 9), (25, 8), (25, 7), (25, 6), (26, 6), (27, 6), (28, 6), (29, 6), (28, 6), (27, 6), (26, 6), (26, 7), (25, 7), (25, 8), (25, 9), (26, 9), (26, 10), (26, 11), (27, 11), (27, 12), (27, 13), (26, 13), (26, 14), (27, 14), (28, 14), (29, 14), (30, 14), (31, 14), (31, 15), (31, 16), (31, 17), (30, 17), (29, 17), (29, 18), (28, 18), (27, 18), (27, 17), (26, 17), (25, 17), (25, 18), (25, 19), (25, 18), (24, 18), (23, 18), (22, 18), (22, 19), (22, 20), (22, 21), (21, 21), (21, 22), (21, 23), (21, 23)], 2: [(6, 3), (6, 4), (6, 5), (5, 5), (4, 5), (3, 5), (3, 4), (3, 3), (3, 2), (3, 1), (3, 0), (3, 1), (3, 2), (3, 3), (3, 4), (3, 5), (4, 5), (5, 5), (6, 5), (7, 5), (7, 6), (8, 6), (9, 6), (10, 6), (11, 6), (11, 5), (12, 5), (13, 5), (14, 5), (14, 6), (14, 7), (14, 8), (14, 9), (15, 9), (16, 9), (17, 9), (18, 9), (18, 10), (18, 11), (18, 12), (18, 13), (18, 14), (18, 15), (18, 16), (18, 17), (19, 17), (20, 17), (21, 17), (21, 18), (21, 19), (22, 19), (22, 20), (22, 21), (21, 21), (20, 21), (19, 21), (18, 21), (17, 21), (17, 22), (16, 22), (15, 22), (14, 22), (13, 22), (13, 23), (12, 23), (11, 23), (11, 24), (11, 25), (11, 26), (11, 27), (10, 27), (10, 28), (10, 29), (11, 29), (11, 30), (11, 31), (11, 31)]}, 75)