

CBSS-C STATS
starts:[942, 210, 189]
targets:[221, 251, 122, 955, 933, 581, 805, 447, 377, 595, 29, 514, 765, 155, 163]
dests:[82, 1021, 353]
ac_dict:{221: {0, 1}, 251: {1, 2}, 82: {0}, 1021: {1}, 353: {2}}
clusters:[14 11  3  9  6 13  0  5  2 10 12  1  8  4  7]

round: 1
best_g_value: 239.0
open_list_size: 0
num_low_level_expanded: 759
search_success: 1
search_time: 0.12122698599705473
n_tsp_call: 1
n_tsp_time: 0.09199273899139371
n_roots: 1
num_conflicts: 0
target_assignment: {595: 0, 377: 1, 251: 1, 221: 1, 447: 1, 765: 1, 955: 1, 29: 2, 122: 2, 155: 2, 933: 2, 805: 2, 514: 2, 581: 2, 163: 2}
cluster_target_selection: {10: 595, 2: 377, 11: 251, 14: 221, 5: 447, 8: 765, 9: 955, 12: 29, 3: 122, 4: 155, 6: 933, 0: 805, 1: 514, 13: 581, 7: 163}
num_nodes_transformed_graph: 27
agent_paths:({0: [(14, 29), (15, 29), (15, 30), (15, 31), (16, 31), (17, 31), (17, 30), (17, 29), (18, 29), (18, 28), (18, 27), (18, 26), (18, 25), (17, 25), (17, 24), (17, 23), (17, 22), (17, 21), (18, 21), (19, 21), (20, 21), (21, 21), (22, 21), (22, 20), (22, 19), (21, 19), (21, 18), (21, 17), (20, 17), (19, 17), (19, 18), (18, 18), (18, 17), (18, 16), (18, 15), (18, 14), (18, 13), (18, 12), (18, 11), (18, 10), (18, 9), (18, 8), (18, 7), (18, 6), (18, 5), (17, 5), (16, 5), (15, 5), (14, 5), (14, 4), (14, 3), (14, 2), (15, 2), (16, 2), (17, 2), (18, 2), (18, 2)], 1: [(18, 6), (19, 6), (19, 7), (20, 7), (21, 7), (22, 7), (23, 7), (23, 8), (23, 9), (24, 9), (25, 9), (25, 10), (25, 11), (25, 10), (25, 9), (25, 8), (25, 7), (26, 7), (27, 7), (27, 6), (28, 6), (29, 6), (30, 6), (31, 6), (31, 7), (31, 8), (31, 9), (31, 10), (31, 11), (31, 12), (31, 13), (31, 14), (31, 15), (31, 16), (31, 17), (31, 18), (31, 19), (31, 20), (31, 21), (30, 21), (29, 21), (29, 22), (29, 23), (28, 23), (27, 23), (27, 24), (27, 25), (27, 26), (27, 27), (27, 28), (27, 29), (27, 30), (27, 31), (28, 31), (29, 31), (29, 31)], 2: [(29, 5), (30, 5), (30, 4), (30, 3), (29, 3), (29, 2), (29, 1), (29, 0), (29, 1), (29, 2), (28, 2), (27, 2), (26, 2), (26, 3), (27, 3), (27, 4), (27, 5), (26, 5), (25, 5), (25, 6), (25, 7), (25, 8), (25, 9), (24, 9), (23, 9), (22, 9), (22, 10), (22, 11), (22, 12), (22, 13), (22, 14), (22, 15), (22, 16), (22, 17), (22, 18), (22, 19), (22, 20), (22, 21), (21, 21), (20, 21), (19, 21), (18, 21), (17, 21), (17, 22), (16, 22), (15, 22), (14, 22), (13, 22), (13, 23), (12, 23), (11, 23), (11, 24), (11, 25), (10, 25), (10, 26), (10, 27), (10, 28), (10, 29), (9, 29), (9, 30), (8, 30), (7, 30), (6, 30), (5, 30), (5, 29), (5, 30), (4, 30), (3, 30), (3, 29), (3, 28), (3, 27), (3, 26), (4, 26), (5, 26), (5, 25), (5, 26), (4, 26), (3, 26), (2, 26), (2, 25), (1, 25), (1, 24), (1, 23), (1, 22), (1, 21), (2, 21), (2, 20), (2, 19), (2, 18), (2, 17), (2, 16), (2, 17), (3, 17), (3, 18), (3, 19), (4, 19), (5, 19), (5, 18), (5, 17), (6, 17), (6, 16), (6, 15), (5, 15), (5, 14), (5, 13), (5, 12), (5, 11), (5, 10), (5, 9), (6, 9), (6, 8), (6, 7), (5, 7), (5, 6), (5, 5), (4, 5), (3, 5), (4, 5), (5, 5), (5, 6), (5, 7), (6, 7), (6, 8), (6, 9), (5, 9), (5, 10), (4, 10), (3, 10), (2, 10), (1, 10), (1, 11), (1, 11)]}, 130)