

CBSS-C STATS
starts:[514, 805, 101, 367, 950, 891, 359]
targets:[69, 262, 455, 239, 873, 110, 251, 483, 549, 836]
dests:[983, 297, 177, 767, 199, 489, 34]
ac_dict:{69: {0, 1}, 262: {1, 2}, 455: {2, 3}, 239: {3, 4}, 873: {4, 5}, 110: {5, 6}, 983: {0}, 297: {1}, 177: {2}, 767: {3}, 199: {4}, 489: {5}, 34: {6}}
clusters:[9 3 4 2 0 5 8 7 1 6]

round: 2
best_g_value: 290.0
open_list_size: 2
num_low_level_expanded: 1822
search_success: 1
search_time: 3.8839260740060126
n_tsp_call: 17
n_tsp_time: 3.6675858019589214
n_roots: 2
num_conflicts: 1
target_assignment: {483: 0, 836: 1, 549: 1, 69: 1, 262: 1, 239: 3, 455: 3, 873: 4, 251: 5, 110: 5}
cluster_target_selection: {7: 483, 6: 836, 1: 549, 9: 69, 3: 262, 2: 239, 4: 455, 0: 873, 8: 251, 5: 110}
num_nodes_transformed_graph: 54
agent_paths:({0: [(2, 16), (2, 15), (3, 15), (2, 15), (2, 16), (2, 17), (2, 18), (2, 19), (2, 20), (2, 21), (3, 21), (3, 22), (4, 22), (5, 22), (6, 22), (7, 22), (7, 21), (8, 21), (9, 21), (10, 21), (11, 21), (11, 22), (11, 23), (12, 23), (13, 23), (14, 23), (15, 23), (15, 24), (15, 25), (15, 26), (15, 27), (16, 27), (17, 27), (18, 27), (18, 28), (18, 29), (19, 29), (19, 30), (19, 31), (20, 31), (21, 31), (21, 30), (22, 30), (23, 30), (23, 30)], 1: [(5, 25), (5, 26), (4, 26), (3, 26), (3, 25), (2, 25), (1, 25), (1, 24), (1, 23), (1, 22), (1, 21), (2, 21), (2, 20), (2, 19), (3, 19), (4, 19), (5, 19), (5, 18), (5, 17), (6, 17), (6, 16), (6, 15), (5, 15), (5, 14), (5, 13), (5, 12), (5, 11), (5, 10), (5, 9), (6, 9), (6, 8), (6, 7), (6, 6), (6, 5), (6, 4), (6, 3), (5, 3), (5, 2), (6, 2), (6, 3), (6, 4), (6, 5), (6, 6), (6, 7), (6, 8), (6, 9), (7, 9), (8, 9), (9, 9), (9, 9)], 2: [(5, 3), (6, 3), (6, 4), (6, 5), (7, 5), (7, 6), (8, 6), (9, 6), (9, 5), (10, 5), (11, 5), (12, 5), (13, 5), (14, 5), (15, 5), (16, 5), (17, 5), (17, 5)], 3: [(15, 11), (15, 10), (15, 9), (14, 9), (14, 8), (14, 7), (15, 7), (14, 7), (14, 8), (14, 9), (13, 9), (13, 10), (13, 11), (12, 11), (11, 11), (10, 11), (9, 11), (9, 12), (9, 13), (8, 13), (7, 13), (7, 14), (7, 13), (8, 13), (9, 13), (10, 13), (11, 13), (11, 14), (12, 14), (13, 14), (14, 14), (15, 14), (16, 14), (17, 14), (18, 14), (18, 15), (18, 16), (18, 17), (19, 17), (20, 17), (21, 17), (22, 17), (23, 17), (23, 18), (24, 18), (25, 18), (26, 18), (27, 18), (28, 18), (29, 18), (30, 18), (31, 18), (31, 19), (31, 20), (31, 21), (31, 22), (31, 23), (31, 23)], 4: [(22, 29), (23, 29), (23, 28), (23, 27), (22, 27), (21, 27), (21, 26), (20, 26), (19, 26), (18, 26), (17, 26), (17, 27), (16, 27), (15, 27), (14, 27), (13, 27), (12, 27), (11, 27), (10, 27), (9, 27), (9, 26), (9, 25), (10, 25), (11, 25), (11, 24), (11, 23), (10, 23), (9, 23), (9, 22), (9, 21), (9, 20), (9, 19), (9, 18), (8, 18), (7, 18), (7, 17), (6, 17), (6, 16), (6, 15), (6, 14), (6, 13), (5, 13), (5, 12), (5, 11), (5, 10), (5, 9), (6, 9), (6, 8), (6, 7), (6, 6), (7, 6), (7, 6)], 5: [(27, 27), (27, 26), (27, 25), (27, 24), (27, 23), (27, 22), (27, 21), (27, 20), (27, 19), (27, 18), (27, 17), (27, 16), (27, 15), (27, 14), (27, 13), (27, 12), (27, 11), (27, 10), (27, 9), (26, 9), (25, 9), (25, 8), (25, 7), (26, 7), (27, 7), (27, 6), (27, 5), (27, 4), (27, 3), (26, 3), (25, 3), (24, 3), (23, 3), (22, 3), (21, 3), (21, 2), (21, 1), (20, 1), (19, 1), (18, 1), (17, 1), (17, 2), (16, 2), (15, 2), (14, 2), (14, 3), (14, 4), (14, 5), (14, 6), (14, 7), (14, 8), (14, 9), (13, 9), (13, 10), (13, 11), (12, 11), (11, 11), (10, 11), (9, 11), (9, 12), (9, 13), (9, 14), (9, 15), (9, 15)], 6: [(7, 11), (6, 11), (6, 10), (6, 9), (6, 8), (6, 7), (5, 7), (5, 6), (5, 5), (4, 5), (3, 5), (3, 4), (3, 3), (2, 3), (2, 2), (2, 1), (2, 1)]}, 62)