

CBSS-C STATS
starts:[873, 443]
targets:[197, 58, 221, 890, 83, 562, 121, 469, 759, 733]
dests:[1019, 337]
ac_dict:{197: {0, 1}, 1019: {0}, 337: {1}}
clusters:[6 1 2 7 9 8 0 5 4 3]

round: 1
best_g_value: 133.0
open_list_size: 0
num_low_level_expanded: 304
search_success: 1
search_time: 0.012134288990637287
n_tsp_call: 1
n_tsp_time: 0.003905297999153845
n_roots: 1
num_conflicts: 0
target_assignment: {759: 0, 733: 0, 890: 0, 221: 1, 58: 1, 121: 1, 83: 1, 197: 1, 562: 1, 469: 1}
cluster_target_selection: {4: 759, 3: 733, 7: 890, 2: 221, 1: 58, 0: 121, 9: 83, 6: 197, 8: 562, 5: 469}
num_nodes_transformed_graph: 14
agent_paths:({0: [(9, 27), (10, 27), (11, 27), (12, 27), (13, 27), (14, 27), (15, 27), (16, 27), (17, 27), (17, 26), (18, 26), (19, 26), (20, 26), (21, 26), (21, 25), (22, 25), (23, 25), (23, 24), (23, 23), (23, 24), (23, 25), (24, 25), (25, 25), (26, 25), (27, 25), (27, 24), (27, 23), (28, 23), (29, 23), (29, 22), (29, 23), (28, 23), (27, 23), (27, 24), (27, 25), (26, 25), (26, 26), (26, 27), (27, 27), (27, 28), (27, 29), (27, 30), (27, 31), (27, 31)], 1: [(27, 13), (27, 12), (27, 11), (27, 10), (28, 10), (29, 10), (29, 9), (30, 9), (31, 9), (31, 8), (31, 7), (30, 7), (29, 7), (29, 6), (28, 6), (27, 6), (27, 5), (27, 4), (27, 3), (26, 3), (26, 2), (26, 1), (25, 1), (25, 2), (25, 3), (24, 3), (23, 3), (22, 3), (21, 3), (21, 2), (21, 1), (20, 1), (19, 1), (19, 2), (18, 2), (17, 2), (16, 2), (15, 2), (14, 2), (13, 2), (13, 3), (12, 3), (11, 3), (11, 4), (11, 5), (10, 5), (9, 5), (9, 6), (8, 6), (7, 6), (6, 6), (5, 6), (6, 6), (6, 7), (6, 8), (6, 9), (7, 9), (8, 9), (9, 9), (9, 10), (9, 11), (9, 12), (9, 13), (10, 13), (11, 13), (11, 14), (12, 14), (13, 14), (14, 14), (15, 14), (16, 14), (17, 14), (18, 14), (18, 15), (18, 16), (18, 17), (18, 16), (18, 15), (18, 14), (19, 14), (19, 13), (20, 13), (21, 13), (21, 14), (21, 13), (20, 13), (19, 13), (18, 13), (18, 12), (18, 11), (17, 11), (17, 10), (17, 10)]}, 91)