

CBSS-C STATS
starts:[755, 451, 66, 695, 965]
targets:[545, 539, 949, 489, 367, 561, 209, 296, 482, 313]
dests:[743, 478, 210, 441, 570]
ac_dict:{545: {0, 1}, 539: {1, 2}, 949: {2, 3}, 489: {3, 4}, 743: {0}, 478: {1}, 210: {2}, 441: {3}, 570: {4}}
clusters:[0 2 4 2 4 3 1 3 2 0]

round: 1
best_g_value: 149.0
open_list_size: 0
num_low_level_expanded: 393
search_success: 1
search_time: 0.34047122299671173
n_tsp_call: 1
n_tsp_time: 0.32080361619591713
n_roots: 1
num_conflicts: 0
target_assignment: {296: 2, 367: 2, 209: 2, 482: 1, 313: 1}
cluster_target_selection: {3: 296, 4: 367, 1: 209, 2: 482, 0: 313}
num_nodes_transformed_graph: 48
agent_paths:({0: [(19, 23), (18, 23), (17, 23), (17, 22), (16, 22), (15, 22), (14, 22), (13, 22), (13, 23), (12, 23), (11, 23), (10, 23), (9, 23), (9, 22), (9, 21), (8, 21), (7, 21), (7, 22), (7, 23), (7, 23)], 1: [(3, 14), (2, 14), (2, 15), (2, 16), (2, 17), (3, 17), (3, 18), (3, 19), (4, 19), (5, 19), (5, 18), (6, 18), (7, 18), (8, 18), (9, 18), (9, 17), (10, 17), (11, 17), (11, 16), (11, 15), (11, 14), (12, 14), (13, 14), (14, 14), (15, 14), (16, 14), (17, 14), (17, 13), (18, 13), (18, 12), (18, 11), (19, 11), (20, 11), (21, 11), (21, 10), (21, 9), (22, 9), (23, 9), (24, 9), (25, 9), (26, 9), (27, 9), (27, 10), (27, 11), (27, 12), (27, 13), (27, 14), (28, 14), (29, 14), (30, 14), (30, 14)], 2: [(2, 2), (3, 2), (3, 3), (3, 4), (3, 5), (4, 5), (5, 5), (6, 5), (6, 6), (6, 7), (6, 8), (6, 9), (7, 9), (8, 9), (9, 9), (10, 9), (11, 9), (11, 10), (11, 11), (12, 11), (13, 11), (14, 11), (15, 11), (15, 10), (15, 9), (16, 9), (17, 9), (18, 9), (18, 8), (18, 7), (17, 7), (17, 6), (18, 6), (18, 6)], 3: [(23, 21), (22, 21), (22, 20), (22, 19), (22, 18), (23, 18), (24, 18), (25, 18), (25, 17), (26, 17), (27, 17), (27, 16), (27, 15), (26, 15), (25, 15), (25, 14), (25, 13), (25, 13)], 4: [(5, 30), (6, 30), (7, 30), (8, 30), (9, 30), (9, 29), (10, 29), (10, 28), (10, 27), (10, 26), (10, 25), (11, 25), (11, 24), (11, 23), (12, 23), (13, 23), (13, 22), (14, 22), (15, 22), (16, 22), (17, 22), (17, 21), (18, 21), (19, 21), (20, 21), (21, 21), (22, 21), (22, 20), (22, 19), (22, 18), (23, 18), (24, 18), (25, 18), (25, 17), (26, 17), (26, 17)]}, 49)