

CBSS-C STATS
starts:[121, 549, 254, 767, 304]
targets:[554, 602, 497, 998, 29, 51, 890, 246, 115, 296, 443, 685, 195, 809, 485, 253, 218, 883, 753, 170]
dests:[837, 963, 139, 249, 486]
ac_dict:{554: {0, 1}, 602: {1, 2}, 497: {2, 3}, 998: {3, 4}, 837: {0}, 963: {1}, 139: {2}, 249: {3}, 486: {4}}
clusters:[6 2 9 3 8 9 1 8 2 1 0 3 6 7 4 5 4 3 1 3]

round: 1
best_g_value: 166.0
open_list_size: 0
num_low_level_expanded: 413
search_success: 1
search_time: 0.3471102099865675
n_tsp_call: 1
n_tsp_time: 0.3238358227536082
n_roots: 1
num_conflicts: 0
target_assignment: {218: 0, 246: 0, 554: 0, 296: 4, 443: 3, 809: 1, 253: 2, 51: 2, 115: 2, 170: 2}
cluster_target_selection: {4: 218, 8: 246, 6: 554, 1: 296, 0: 443, 7: 809, 5: 253, 9: 51, 2: 115, 3: 170}
num_nodes_transformed_graph: 50
agent_paths:({0: [(25, 3), (26, 3), (27, 3), (27, 4), (27, 5), (26, 5), (26, 6), (25, 6), (25, 7), (25, 8), (25, 9), (24, 9), (23, 9), (23, 8), (23, 7), (22, 7), (21, 7), (20, 7), (19, 7), (18, 7), (18, 8), (18, 9), (18, 10), (18, 11), (18, 12), (18, 13), (17, 13), (17, 14), (16, 14), (15, 14), (14, 14), (13, 14), (12, 14), (11, 14), (11, 15), (11, 16), (11, 17), (10, 17), (9, 17), (9, 18), (9, 19), (9, 20), (9, 21), (8, 21), (7, 21), (6, 21), (5, 21), (5, 22), (4, 22), (3, 22), (3, 23), (2, 23), (1, 23), (1, 24), (1, 25), (2, 25), (3, 25), (3, 26), (4, 26), (5, 26), (5, 26)], 1: [(5, 17), (6, 17), (7, 17), (7, 18), (8, 18), (9, 18), (9, 19), (9, 20), (9, 21), (9, 22), (9, 23), (10, 23), (11, 23), (11, 24), (11, 25), (10, 25), (9, 25), (9, 26), (9, 27), (10, 27), (10, 28), (10, 29), (9, 29), (9, 30), (8, 30), (7, 30), (6, 30), (5, 30), (4, 30), (3, 30), (3, 30)], 2: [(30, 7), (29, 7), (29, 6), (28, 6), (27, 6), (27, 5), (27, 4), (27, 3), (26, 3), (25, 3), (24, 3), (23, 3), (22, 3), (21, 3), (21, 2), (21, 1), (20, 1), (19, 1), (19, 2), (19, 3), (18, 3), (17, 3), (17, 2), (16, 2), (15, 2), (14, 2), (13, 2), (13, 3), (12, 3), (11, 3), (11, 4), (11, 5), (10, 5), (11, 5), (11, 4), (11, 4)], 3: [(31, 23), (30, 23), (29, 23), (28, 23), (27, 23), (27, 22), (27, 21), (27, 20), (27, 19), (27, 18), (27, 17), (27, 16), (27, 15), (27, 14), (27, 13), (27, 12), (27, 11), (26, 11), (25, 11), (25, 10), (25, 9), (25, 8), (25, 7), (25, 7)], 4: [(16, 9), (15, 9), (14, 9), (13, 9), (13, 10), (13, 11), (12, 11), (11, 11), (10, 11), (9, 11), (9, 10), (9, 9), (8, 9), (7, 9), (6, 9), (6, 10), (6, 11), (5, 11), (5, 12), (5, 13), (6, 13), (6, 14), (6, 15), (6, 15)]}, 59)