

CBSS-C STATS
starts:[370, 464]
targets:[543, 821, 80, 41, 818, 763, 566, 979, 339, 594]
dests:[191, 885]
ac_dict:{543: {0, 1}, 191: {0}, 885: {1}}
clusters:[6 3 7 9 0 5 2 8 4 1]

round: 1
best_g_value: 129.0
open_list_size: 0
num_low_level_expanded: 293
search_success: 1
search_time: 0.029404589004116133
n_tsp_call: 1
n_tsp_time: 0.018121215995051898
n_roots: 1
num_conflicts: 0
target_assignment: {80: 0, 41: 0, 339: 0, 763: 0, 543: 0, 594: 1, 566: 1, 818: 1, 979: 1, 821: 1}
cluster_target_selection: {7: 80, 9: 41, 4: 339, 5: 763, 6: 543, 1: 594, 2: 566, 0: 818, 8: 979, 3: 821}
num_nodes_transformed_graph: 14
agent_paths:({0: [(18, 11), (18, 10), (18, 9), (18, 8), (18, 7), (17, 7), (17, 6), (17, 5), (16, 5), (15, 5), (14, 5), (14, 4), (14, 3), (14, 2), (15, 2), (16, 2), (15, 2), (14, 2), (13, 2), (13, 3), (12, 3), (11, 3), (10, 3), (9, 3), (9, 2), (9, 1), (10, 1), (11, 1), (11, 2), (11, 3), (12, 3), (13, 3), (14, 3), (14, 4), (14, 5), (15, 5), (16, 5), (17, 5), (18, 5), (18, 6), (18, 7), (18, 8), (18, 9), (19, 9), (19, 10), (19, 11), (20, 11), (21, 11), (22, 11), (22, 12), (22, 13), (22, 14), (22, 15), (22, 16), (22, 17), (23, 17), (23, 18), (24, 18), (25, 18), (26, 18), (27, 18), (27, 19), (27, 20), (27, 21), (27, 22), (27, 23), (27, 22), (27, 21), (27, 20), (27, 19), (27, 18), (28, 18), (29, 18), (29, 17), (30, 17), (31, 17), (31, 16), (31, 15), (31, 14), (31, 13), (31, 12), (31, 11), (31, 10), (31, 9), (31, 8), (31, 7), (31, 6), (31, 5), (31, 5)], 1: [(16, 14), (17, 14), (18, 14), (18, 15), (18, 16), (18, 17), (18, 18), (18, 17), (19, 17), (20, 17), (21, 17), (22, 17), (22, 18), (22, 19), (22, 20), (22, 21), (21, 21), (20, 21), (19, 21), (18, 21), (18, 22), (18, 23), (17, 23), (17, 24), (17, 25), (18, 25), (18, 26), (18, 27), (18, 28), (18, 29), (19, 29), (19, 30), (19, 29), (18, 29), (18, 28), (18, 27), (18, 26), (19, 26), (20, 26), (21, 26), (21, 25), (21, 26), (21, 27), (21, 27)]}, 87)