

CBSS-C STATS
starts:[341, 167, 351, 58, 93]
targets:[155, 629, 325, 709, 43, 587, 471, 343, 557, 999, 510, 601, 346, 731, 91, 489, 473, 477, 831, 458]
dests:[425, 81, 723, 200, 758]
ac_dict:{155: {0, 1}, 629: {1, 2}, 325: {2, 3}, 709: {3, 4}, 425: {0}, 81: {1}, 723: {2}, 200: {3}, 758: {4}}
clusters:[4 0 7 9 2 3 1 9 5 6 2 5 3 4 0 6 8 7 7 6]

round: 9
best_g_value: 135.0
open_list_size: 8
num_low_level_expanded: 1512
search_success: 1
search_time: 2.575798804871738
n_tsp_call: 14
n_tsp_time: 2.3274527131579816
n_roots: 1
num_conflicts: 8
target_assignment: {458: 0, 91: 4, 346: 4, 343: 4, 471: 4, 510: 2, 477: 2, 473: 2, 731: 2, 601: 2}
cluster_target_selection: {6: 458, 0: 91, 3: 346, 9: 343, 1: 471, 2: 510, 7: 477, 8: 473, 4: 731, 5: 601}
num_nodes_transformed_graph: 53
agent_paths:({0: [(21, 10), (21, 11), (20, 11), (19, 11), (18, 11), (18, 12), (18, 13), (17, 13), (17, 14), (16, 14), (15, 14), (14, 14), (13, 14), (12, 14), (11, 14), (10, 14), (9, 14), (9, 13), (9, 13)], 1: [(7, 5), (7, 6), (8, 6), (9, 6), (9, 5), (10, 5), (11, 5), (11, 4), (11, 3), (12, 3), (13, 3), (14, 3), (15, 3), (15, 3), (15, 3), (15, 3), (15, 3), (15, 2), (16, 2), (17, 2), (17, 2)], 2: [(31, 10), (31, 11), (31, 12), (31, 13), (30, 13), (30, 14), (30, 15), (29, 15), (29, 14), (28, 14), (27, 14), (26, 14), (25, 14), (26, 14), (27, 14), (27, 15), (27, 16), (27, 17), (27, 18), (27, 19), (27, 20), (27, 21), (27, 22), (27, 21), (27, 20), (27, 19), (26, 19), (25, 19), (25, 18), (24, 18), (23, 18), (22, 18), (22, 19), (22, 20), (22, 21), (21, 21), (20, 21), (19, 21), (19, 22), (19, 22)], 3: [(26, 1), (25, 1), (25, 2), (25, 3), (24, 3), (23, 3), (22, 3), (21, 3), (21, 2), (21, 1), (20, 1), (19, 1), (18, 1), (17, 1), (17, 2), (16, 2), (15, 2), (14, 2), (13, 2), (13, 3), (12, 3), (11, 3), (11, 4), (11, 5), (10, 5), (9, 5), (9, 6), (8, 6), (8, 6)], 4: [(29, 2), (28, 2), (27, 2), (27, 3), (27, 4), (27, 5), (26, 5), (26, 6), (26, 7), (25, 7), (25, 8), (25, 9), (26, 9), (26, 10), (25, 10), (25, 9), (24, 9), (23, 9), (23, 10), (23, 11), (22, 11), (22, 12), (22, 13), (23, 13), (23, 14), (22, 14), (22, 15), (22, 16), (22, 17), (22, 18), (22, 19), (22, 20), (22, 21), (22, 22), (22, 23), (22, 23)]}, 38)