

CBSS-C STATS
starts:[713, 119, 107, 731, 891, 893, 798, 621, 611, 839]
targets:[729, 365, 367, 678, 498, 718, 929, 965, 237, 51]
dests:[349, 989, 694, 695, 563, 795, 83, 546, 619, 294]
ac_dict:{729: {0, 1}, 365: {1, 2}, 367: {2, 3}, 678: {3, 4}, 498: {4, 5}, 718: {5, 6}, 929: {6, 7}, 965: {8, 7}, 237: {8, 9}, 349: {0}, 989: {1}, 694: {2}, 695: {3}, 563: {4}, 795: {5}, 83: {6}, 546: {7}, 619: {8}, 294: {9}}
clusters:[2 0 4 2 1 3 2 0 4 1]

round: 9
best_g_value: 292.0
open_list_size: 8
num_low_level_expanded: 3354
search_success: 1
search_time: 1.8468673648312688
n_tsp_call: 12
n_tsp_time: 1.3004010310396552
n_roots: 1
num_conflicts: 8
target_assignment: {718: 6, 51: 6, 729: 1, 365: 2, 367: 2}
cluster_target_selection: {3: 718, 1: 51, 2: 729, 0: 365, 4: 367}
num_nodes_transformed_graph: 34
agent_paths:({0: [(9, 22), (10, 22), (11, 22), (11, 23), (12, 23), (13, 23), (13, 22), (14, 22), (15, 22), (16, 22), (17, 22), (17, 21), (18, 21), (19, 21), (20, 21), (21, 21), (22, 21), (22, 20), (22, 19), (22, 18), (23, 18), (24, 18), (25, 18), (25, 17), (26, 17), (27, 17), (27, 16), (27, 15), (27, 14), (27, 13), (27, 12), (27, 11), (27, 10), (28, 10), (29, 10), (29, 10)], 1: [(23, 3), (24, 3), (25, 3), (26, 3), (27, 3), (27, 4), (27, 5), (26, 5), (25, 5), (25, 6), (25, 7), (25, 8), (25, 9), (25, 10), (25, 11), (26, 11), (27, 11), (27, 12), (27, 13), (27, 14), (27, 15), (27, 16), (27, 17), (27, 18), (27, 19), (27, 20), (27, 21), (26, 21), (25, 21), (25, 22), (26, 22), (27, 22), (27, 23), (28, 23), (29, 23), (30, 23), (30, 24), (30, 25), (30, 26), (30, 27), (31, 27), (31, 28), (31, 29), (30, 29), (29, 29), (29, 30), (29, 30)], 2: [(11, 3), (11, 4), (11, 5), (12, 5), (13, 5), (13, 6), (13, 7), (14, 7), (14, 8), (14, 9), (13, 9), (13, 10), (13, 11), (14, 11), (15, 11), (15, 10), (15, 9), (16, 9), (17, 9), (18, 9), (19, 9), (19, 10), (19, 11), (20, 11), (21, 11), (22, 11), (22, 12), (22, 13), (22, 14), (22, 15), (22, 16), (22, 17), (22, 18), (22, 19), (22, 20), (22, 21), (22, 21)], 3: [(27, 22), (27, 23), (27, 24), (27, 25), (26, 25), (25, 25), (24, 25), (23, 25), (23, 24), (23, 23), (23, 22), (23, 21), (23, 21)], 4: [(27, 27), (26, 27), (25, 27), (25, 26), (25, 25), (24, 25), (23, 25), (23, 24), (23, 23), (22, 23), (22, 22), (22, 21), (22, 20), (22, 19), (21, 19), (21, 18), (21, 17), (20, 17), (19, 17), (19, 17)], 5: [(29, 27), (29, 26), (29, 25), (30, 25), (30, 24), (30, 23), (29, 23), (28, 23), (27, 23), (27, 24), (27, 24)], 6: [(30, 24), (30, 23), (29, 23), (28, 23), (27, 23), (27, 24), (27, 25), (26, 25), (25, 25), (24, 25), (23, 25), (23, 24), (23, 23), (22, 23), (21, 23), (21, 22), (21, 21), (20, 21), (19, 21), (18, 21), (17, 21), (17, 22), (16, 22), (15, 22), (14, 22), (13, 22), (13, 23), (12, 23), (11, 23), (11, 22), (11, 21), (10, 21), (9, 21), (9, 20), (9, 19), (9, 18), (9, 17), (10, 17), (11, 17), (11, 16), (11, 15), (11, 14), (11, 13), (10, 13), (9, 13), (9, 12), (9, 11), (10, 11), (11, 11), (12, 11), (13, 11), (13, 10), (13, 9), (14, 9), (14, 8), (14, 7), (14, 6), (14, 5), (14, 4), (14, 3), (14, 2), (15, 2), (16, 2), (17, 2), (17, 1), (18, 1), (19, 1), (19, 2), (19, 2)], 7: [(13, 19), (13, 18), (14, 18), (15, 18), (16, 18), (17, 18), (17, 17), (18, 17), (18, 16), (18, 15), (17, 15), (17, 14), (16, 14), (15, 14), (14, 14), (13, 14), (12, 14), (11, 14), (11, 15), (11, 16), (11, 17), (10, 17), (9, 17), (9, 18), (8, 18), (7, 18), (6, 18), (5, 18), (5, 19), (4, 19), (3, 19), (2, 19), (2, 18), (2, 17), (2, 17)], 8: [(3, 19), (4, 19), (5, 19), (6, 19), (7, 19), (7, 18), (8, 18), (9, 18), (10, 18), (11, 18), (11, 19), (11, 19)], 9: [(7, 26), (6, 26), (5, 26), (4, 26), (3, 26), (3, 25), (2, 25), (1, 25), (1, 24), (1, 23), (1, 22), (1, 21), (2, 21), (2, 20), (2, 19), (3, 19), (4, 19), (5, 19), (5, 18), (5, 17), (6, 17), (6, 16), (6, 15), (6, 14), (6, 13), (5, 13), (5, 12), (5, 11), (5, 10), (5, 9), (6, 9), (6, 9)]}, 67)