

CBSS-C STATS
starts:[424, 465, 89, 889, 935]
targets:[177, 55, 836, 634, 950, 734, 353, 841, 67, 222]
dests:[981, 726, 505, 821, 546]
ac_dict:{177: {0, 1}, 55: {1, 2}, 836: {2, 3}, 634: {3, 4}, 981: {0}, 726: {1}, 505: {2}, 821: {3}, 546: {4}}
clusters:[1 0 1 1 1 0 1 1 1 1]

round: 2
best_g_value: 103.0
open_list_size: 1
num_low_level_expanded: 460
search_success: 1
search_time: 0.05622693430632353
n_tsp_call: 1
n_tsp_time: 0.041476134210824966
n_roots: 1
num_conflicts: 1
target_assignment: {950: 0, 55: 2}
cluster_target_selection: {1: 950, 0: 55}
num_nodes_transformed_graph: 28
agent_paths:({0: [(8, 13), (9, 13), (10, 13), (11, 13), (11, 14), (12, 14), (13, 14), (14, 14), (15, 14), (16, 14), (17, 14), (18, 14), (18, 15), (18, 16), (18, 17), (19, 17), (20, 17), (21, 17), (22, 17), (22, 18), (22, 19), (22, 20), (22, 21), (23, 21), (23, 22), (23, 23), (23, 24), (23, 25), (23, 26), (23, 27), (23, 28), (23, 29), (22, 29), (21, 29), (21, 30), (21, 30)], 1: [(17, 14), (18, 14), (18, 15), (18, 16), (18, 17), (19, 17), (20, 17), (21, 17), (22, 17), (22, 18), (22, 19), (22, 20), (22, 21), (22, 22), (22, 22)], 2: [(25, 2), (25, 3), (24, 3), (23, 3), (23, 2), (23, 1), (23, 2), (23, 3), (24, 3), (25, 3), (26, 3), (27, 3), (27, 4), (27, 5), (26, 5), (25, 5), (25, 6), (25, 7), (25, 8), (25, 9), (25, 10), (25, 11), (26, 11), (27, 11), (27, 12), (27, 13), (26, 13), (25, 13), (25, 14), (25, 15), (25, 15)], 3: [(25, 27), (25, 26), (25, 25), (24, 25), (23, 25), (22, 25), (21, 25), (21, 25)], 4: [(7, 29), (6, 29), (5, 29), (5, 30), (4, 30), (3, 30), (3, 29), (3, 28), (3, 27), (2, 27), (2, 26), (2, 25), (1, 25), (1, 24), (1, 23), (1, 22), (1, 21), (2, 21), (2, 20), (2, 19), (2, 18), (2, 17), (2, 17)]}, 34)