

CBSS-C STATS
starts:[453, 855, 77]
targets:[1017, 871, 371, 423, 571, 172, 714, 46, 449, 379, 430, 207, 849, 297, 544]
dests:[363, 231, 334]
ac_dict:{1017: {0, 1}, 871: {1, 2}, 363: {0}, 231: {1}, 334: {2}}
clusters:[ 2 10 14 11  0  4  1  6 12 13  5  8  3  7  9]

round: 1
best_g_value: 197.0
open_list_size: 0
num_low_level_expanded: 479
search_success: 1
search_time: 0.1395539430086501
n_tsp_call: 1
n_tsp_time: 0.12043050699867308
n_roots: 1
num_conflicts: 0
target_assignment: {544: 0, 449: 0, 423: 0, 849: 1, 1017: 1, 571: 1, 379: 1, 371: 1, 430: 1, 714: 1, 871: 1, 297: 1, 46: 2, 172: 2, 207: 2}
cluster_target_selection: {9: 544, 12: 449, 11: 423, 3: 849, 2: 1017, 0: 571, 13: 379, 14: 371, 5: 430, 1: 714, 10: 871, 7: 297, 6: 46, 4: 172, 8: 207}
num_nodes_transformed_graph: 27
agent_paths:({0: [(5, 14), (5, 15), (6, 15), (6, 16), (6, 17), (5, 17), (5, 18), (5, 19), (4, 19), (3, 19), (2, 19), (1, 19), (1, 18), (1, 17), (0, 17), (1, 17), (2, 17), (2, 16), (2, 15), (1, 15), (1, 14), (2, 14), (2, 15), (2, 16), (2, 17), (3, 17), (3, 18), (3, 19), (4, 19), (5, 19), (5, 18), (5, 17), (6, 17), (6, 16), (6, 15), (6, 14), (6, 13), (7, 13), (8, 13), (9, 13), (9, 12), (9, 11), (10, 11), (11, 11), (11, 11)], 1: [(23, 26), (22, 26), (21, 26), (20, 26), (19, 26), (18, 26), (17, 26), (18, 26), (19, 26), (20, 26), (21, 26), (22, 26), (23, 26), (23, 27), (23, 28), (23, 29), (23, 30), (23, 31), (24, 31), (25, 31), (25, 30), (25, 29), (26, 29), (27, 29), (27, 28), (27, 27), (27, 26), (27, 25), (27, 24), (27, 23), (27, 22), (27, 21), (27, 20), (27, 19), (27, 18), (27, 17), (27, 16), (27, 15), (27, 14), (27, 13), (27, 12), (27, 11), (26, 11), (25, 11), (25, 10), (25, 9), (24, 9), (23, 9), (22, 9), (21, 9), (21, 10), (21, 11), (20, 11), (19, 11), (18, 11), (18, 12), (18, 13), (17, 13), (17, 14), (16, 14), (15, 14), (14, 14), (14, 13), (13, 13), (13, 14), (12, 14), (11, 14), (11, 15), (11, 16), (11, 17), (10, 17), (10, 18), (10, 19), (9, 19), (9, 20), (9, 21), (10, 21), (10, 22), (9, 22), (9, 21), (8, 21), (7, 21), (7, 22), (6, 22), (5, 22), (4, 22), (3, 22), (3, 23), (2, 23), (1, 23), (1, 24), (1, 25), (2, 25), (3, 25), (3, 26), (4, 26), (5, 26), (6, 26), (7, 26), (7, 27), (7, 26), (6, 26), (5, 26), (4, 26), (3, 26), (3, 25), (2, 25), (1, 25), (1, 24), (1, 23), (1, 22), (1, 21), (2, 21), (2, 20), (2, 19), (3, 19), (4, 19), (5, 19), (5, 18), (5, 17), (6, 17), (6, 16), (6, 15), (6, 14), (6, 13), (7, 13), (8, 13), (9, 13), (9, 12), (9, 11), (9, 10), (9, 9), (8, 9), (7, 9), (6, 9), (6, 8), (6, 7), (7, 7), (7, 7)], 2: [(13, 2), (13, 1), (14, 1), (14, 2), (14, 3), (14, 4), (14, 5), (13, 5), (12, 5), (13, 5), (14, 5), (15, 5), (15, 6), (14, 6), (14, 7), (14, 8), (14, 9), (14, 10), (14, 10)]}, 137)