

CBSS-C STATS
starts:[178, 838, 69]
targets:[1012, 966, 55, 381, 550, 629, 218, 734, 487, 302, 697, 801, 613, 217, 834]
dests:[951, 506, 581]
ac_dict:{1012: {0, 1}, 966: {1, 2}, 951: {0}, 506: {1}, 581: {2}}
clusters:[ 3  6  9  7  5  1 13  8  4  0 14  2 12 10 11]

round: 2
best_g_value: 182.0
open_list_size: 1
num_low_level_expanded: 813
search_success: 1
search_time: 0.07897329199477099
n_tsp_call: 1
n_tsp_time: 0.05494617200747598
n_roots: 1
num_conflicts: 1
target_assignment: {302: 0, 629: 0, 834: 1, 801: 1, 966: 1, 1012: 1, 697: 1, 734: 1, 381: 1, 218: 1, 55: 1, 217: 1, 487: 2, 550: 2, 613: 2}
cluster_target_selection: {0: 302, 1: 629, 11: 834, 2: 801, 6: 966, 3: 1012, 14: 697, 8: 734, 7: 381, 13: 218, 9: 55, 10: 217, 4: 487, 5: 550, 12: 613}
num_nodes_transformed_graph: 25
agent_paths:({0: [(18, 5), (17, 5), (16, 5), (15, 5), (14, 5), (14, 6), (14, 7), (14, 8), (14, 9), (15, 9), (16, 9), (17, 9), (18, 9), (18, 10), (18, 11), (18, 12), (18, 13), (18, 14), (18, 15), (18, 16), (18, 17), (19, 17), (20, 17), (21, 17), (21, 18), (21, 19), (22, 19), (22, 20), (22, 21), (23, 21), (23, 22), (23, 23), (23, 24), (23, 25), (23, 26), (23, 27), (23, 28), (23, 29), (23, 29)], 1: [(6, 26), (5, 26), (4, 26), (3, 26), (2, 26), (1, 26), (1, 25), (2, 25), (3, 25), (3, 26), (3, 27), (3, 28), (3, 29), (3, 30), (4, 30), (5, 30), (6, 30), (7, 30), (8, 30), (9, 30), (10, 30), (10, 29), (10, 28), (10, 27), (11, 27), (12, 27), (13, 27), (14, 27), (15, 27), (16, 27), (17, 27), (18, 27), (18, 28), (18, 29), (19, 29), (19, 30), (19, 31), (20, 31), (21, 31), (22, 31), (23, 31), (24, 31), (25, 31), (25, 30), (25, 29), (26, 29), (27, 29), (27, 28), (27, 27), (27, 26), (27, 25), (27, 24), (27, 23), (26, 23), (25, 23), (25, 22), (25, 21), (26, 21), (27, 21), (27, 22), (27, 23), (28, 23), (29, 23), (29, 22), (30, 22), (30, 21), (31, 21), (31, 20), (31, 19), (31, 18), (31, 17), (31, 16), (31, 15), (31, 14), (31, 13), (31, 12), (31, 11), (30, 11), (29, 11), (29, 10), (28, 10), (27, 10), (26, 10), (26, 9), (25, 9), (25, 8), (25, 7), (25, 6), (26, 6), (26, 5), (27, 5), (27, 4), (27, 3), (26, 3), (25, 3), (24, 3), (23, 3), (23, 2), (23, 1), (23, 2), (23, 3), (24, 3), (25, 3), (26, 3), (27, 3), (27, 4), (27, 5), (26, 5), (25, 5), (25, 6), (25, 7), (25, 8), (25, 9), (26, 9), (26, 10), (26, 11), (27, 11), (27, 12), (27, 13), (26, 13), (26, 14), (26, 15), (26, 15)], 2: [(5, 2), (6, 2), (6, 3), (6, 4), (6, 5), (6, 6), (6, 7), (6, 8), (6, 9), (6, 10), (6, 11), (5, 11), (5, 12), (5, 13), (6, 13), (7, 13), (7, 14), (7, 15), (6, 15), (6, 16), (6, 17), (5, 17), (5, 18), (5, 19), (5, 18), (5, 18)]}, 121)