

CBSS-C STATS
starts:[430, 114]
targets:[199, 479, 977, 200, 565, 710, 1022, 637, 317, 122]
dests:[550, 573]
ac_dict:{199: {0, 1}, 550: {0}, 573: {1}}
clusters:[8 0 9 3 6 1 2 7 5 4]

round: 1
best_g_value: 153.0
open_list_size: 0
num_low_level_expanded: 421
search_success: 1
search_time: 0.09921232399938162
n_tsp_call: 1
n_tsp_time: 0.08351321399095468
n_roots: 1
num_conflicts: 0
target_assignment: {565: 0, 1022: 0, 977: 0, 710: 0, 199: 0, 200: 0, 122: 1, 317: 1, 479: 1, 637: 1}
cluster_target_selection: {6: 565, 2: 1022, 9: 977, 1: 710, 8: 199, 3: 200, 4: 122, 5: 317, 0: 479, 7: 637}
num_nodes_transformed_graph: 24
agent_paths:({0: [(14, 13), (15, 13), (15, 14), (16, 14), (17, 14), (18, 14), (18, 15), (18, 16), (18, 17), (19, 17), (20, 17), (21, 17), (22, 17), (23, 17), (23, 18), (24, 18), (25, 18), (26, 18), (27, 18), (27, 19), (27, 20), (27, 21), (27, 22), (27, 23), (27, 24), (27, 25), (27, 26), (27, 27), (27, 28), (27, 29), (27, 30), (27, 31), (28, 31), (29, 31), (30, 31), (29, 31), (28, 31), (27, 31), (26, 31), (25, 31), (24, 31), (23, 31), (22, 31), (21, 31), (20, 31), (19, 31), (18, 31), (17, 31), (17, 30), (17, 29), (18, 29), (18, 28), (18, 27), (17, 27), (16, 27), (15, 27), (14, 27), (13, 27), (12, 27), (11, 27), (11, 26), (11, 25), (11, 24), (11, 23), (10, 23), (9, 23), (9, 22), (9, 21), (8, 21), (7, 21), (6, 21), (6, 22), (6, 21), (7, 21), (8, 21), (9, 21), (9, 20), (9, 19), (9, 18), (8, 18), (7, 18), (7, 17), (6, 17), (6, 16), (6, 15), (6, 14), (6, 13), (5, 13), (5, 12), (5, 11), (5, 10), (5, 9), (6, 9), (6, 8), (6, 7), (6, 6), (7, 6), (8, 6), (7, 6), (6, 6), (6, 7), (6, 8), (6, 9), (6, 10), (6, 11), (5, 11), (5, 12), (5, 13), (6, 13), (6, 14), (6, 15), (6, 16), (6, 17), (6, 17)], 1: [(18, 3), (19, 3), (19, 2), (19, 1), (20, 1), (21, 1), (22, 1), (23, 1), (23, 2), (23, 3), (24, 3), (25, 3), (26, 3), (27, 3), (27, 4), (27, 5), (27, 6), (28, 6), (29, 6), (29, 7), (30, 7), (31, 7), (31, 8), (31, 9), (30, 9), (29, 9), (30, 9), (31, 9), (31, 10), (31, 11), (31, 12), (31, 13), (31, 14), (31, 15), (31, 16), (31, 17), (30, 17), (29, 17), (29, 18), (29, 19), (29, 18), (29, 17), (29, 17)]}, 112)