

CBSS-C STATS
starts:[983, 939, 1006]
targets:[1017, 543, 734, 815, 85, 102, 17, 330, 846, 325, 371, 1014, 463, 310, 433]
dests:[171, 833, 602]
ac_dict:{1017: {0, 1}, 543: {1, 2}, 171: {0}, 833: {1}, 602: {2}}
clusters:[ 0  3  9 13 10  5  2  8 14 11  6 12  7  4  1]

round: 1
best_g_value: 173.0
open_list_size: 0
num_low_level_expanded: 348
search_success: 1
search_time: 0.4693382249970455
n_tsp_call: 1
n_tsp_time: 0.45233524999639485
n_roots: 1
num_conflicts: 0
target_assignment: {1014: 0, 1017: 0, 310: 0, 371: 0, 433: 0, 463: 0, 330: 0, 325: 0, 102: 0, 85: 0, 17: 0, 815: 2, 846: 2, 734: 2, 543: 2}
cluster_target_selection: {12: 1014, 0: 1017, 4: 310, 6: 371, 1: 433, 7: 463, 8: 330, 11: 325, 5: 102, 10: 85, 2: 17, 13: 815, 14: 846, 9: 734, 3: 543}
num_nodes_transformed_graph: 49
agent_paths:({0: [(23, 30), (22, 30), (22, 31), (23, 31), (24, 31), (25, 31), (24, 31), (23, 31), (23, 30), (23, 29), (23, 28), (23, 27), (23, 26), (23, 25), (23, 24), (23, 23), (22, 23), (22, 22), (22, 21), (22, 20), (22, 19), (22, 18), (22, 17), (22, 16), (22, 15), (22, 14), (22, 13), (22, 12), (22, 11), (22, 10), (22, 9), (21, 9), (21, 10), (21, 11), (20, 11), (19, 11), (18, 11), (18, 12), (18, 13), (17, 13), (17, 14), (16, 14), (15, 14), (14, 14), (13, 14), (12, 14), (11, 14), (10, 14), (10, 13), (9, 13), (9, 12), (9, 11), (9, 10), (10, 10), (9, 10), (9, 9), (8, 9), (7, 9), (6, 9), (5, 9), (5, 10), (5, 9), (6, 9), (6, 8), (6, 7), (6, 6), (6, 5), (6, 4), (6, 3), (6, 2), (7, 2), (7, 1), (8, 1), (9, 1), (10, 1), (11, 1), (11, 2), (11, 3), (12, 3), (13, 3), (13, 2), (14, 2), (15, 2), (16, 2), (17, 2), (18, 2), (19, 2), (19, 1), (20, 1), (21, 1), (21, 2), (21, 1), (20, 1), (19, 1), (18, 1), (17, 1), (17, 0), (17, 1), (17, 2), (16, 2), (15, 2), (14, 2), (13, 2), (13, 3), (12, 3), (11, 3), (11, 4), (11, 5), (11, 5)], 1: [(11, 29), (10, 29), (9, 29), (9, 30), (8, 30), (7, 30), (6, 30), (5, 30), (4, 30), (3, 30), (3, 29), (3, 28), (3, 27), (2, 27), (1, 27), (1, 26), (1, 26)], 2: [(14, 31), (15, 31), (16, 31), (17, 31), (17, 30), (17, 29), (18, 29), (18, 28), (18, 27), (17, 27), (16, 27), (15, 27), (15, 26), (15, 25), (14, 25), (14, 26), (15, 26), (15, 27), (16, 27), (17, 27), (17, 26), (18, 26), (19, 26), (20, 26), (21, 26), (21, 25), (22, 25), (23, 25), (24, 25), (25, 25), (26, 25), (27, 25), (27, 24), (27, 23), (28, 23), (29, 23), (29, 22), (30, 22), (30, 21), (31, 21), (31, 20), (31, 19), (31, 18), (31, 17), (31, 16), (31, 17), (30, 17), (29, 17), (29, 18), (28, 18), (27, 18), (26, 18), (26, 18)]}, 107)