

CBSS-C STATS
starts:[465, 242, 805]
targets:[438, 447, 862, 592, 694, 205, 749, 733, 229, 197, 122, 227, 221, 1016, 1001]
dests:[950, 451, 373]
ac_dict:{438: {0, 1}, 447: {1, 2}, 950: {0}, 451: {1}, 373: {2}}
clusters:[ 6  3  2  5  0 14  4  8  1 11  9  7 13 12 10]

round: 1
best_g_value: 206.0
open_list_size: 0
num_low_level_expanded: 527
search_success: 1
search_time: 0.13423061498906463
n_tsp_call: 1
n_tsp_time: 0.11247730899776798
n_roots: 1
num_conflicts: 0
target_assignment: {592: 0, 438: 0, 122: 0, 221: 0, 733: 0, 862: 0, 1016: 0, 205: 1, 197: 1, 227: 1, 229: 1, 1001: 2, 749: 2, 694: 2, 447: 2}
cluster_target_selection: {5: 592, 6: 438, 9: 122, 13: 221, 8: 733, 2: 862, 12: 1016, 14: 205, 11: 197, 7: 227, 1: 229, 10: 1001, 4: 749, 0: 694, 3: 447}
num_nodes_transformed_graph: 27
agent_paths:({0: [(17, 14), (17, 15), (18, 15), (18, 16), (18, 17), (17, 17), (17, 18), (16, 18), (17, 18), (17, 17), (18, 17), (18, 16), (18, 15), (18, 14), (18, 13), (19, 13), (20, 13), (21, 13), (22, 13), (22, 12), (22, 11), (22, 10), (22, 9), (23, 9), (24, 9), (25, 9), (25, 8), (25, 7), (25, 6), (25, 5), (26, 5), (27, 5), (27, 4), (27, 3), (26, 3), (27, 3), (27, 4), (27, 5), (27, 6), (28, 6), (29, 6), (29, 7), (30, 7), (31, 7), (31, 8), (31, 9), (31, 10), (31, 11), (31, 12), (31, 13), (31, 14), (31, 15), (31, 16), (31, 17), (31, 18), (31, 19), (31, 20), (31, 21), (30, 21), (29, 21), (29, 22), (30, 22), (30, 23), (30, 24), (30, 25), (30, 26), (30, 27), (31, 27), (31, 28), (31, 29), (30, 29), (29, 29), (29, 30), (29, 31), (28, 31), (27, 31), (26, 31), (25, 31), (24, 31), (23, 31), (22, 31), (22, 30), (22, 29), (22, 29)], 1: [(18, 7), (17, 7), (17, 6), (17, 5), (16, 5), (15, 5), (14, 5), (13, 5), (13, 6), (13, 5), (12, 5), (11, 5), (10, 5), (9, 5), (9, 6), (8, 6), (7, 6), (6, 6), (5, 6), (5, 5), (4, 5), (3, 5), (3, 6), (3, 7), (3, 6), (3, 5), (4, 5), (5, 5), (5, 6), (5, 7), (6, 7), (6, 8), (6, 9), (5, 9), (5, 10), (5, 11), (5, 12), (5, 13), (5, 14), (6, 14), (6, 15), (6, 16), (6, 17), (5, 17), (5, 18), (5, 19), (4, 19), (3, 19), (3, 18), (3, 17), (2, 17), (2, 16), (2, 15), (2, 14), (3, 14), (3, 14)], 2: [(5, 25), (5, 26), (4, 26), (3, 26), (3, 27), (3, 28), (3, 29), (3, 30), (4, 30), (5, 30), (6, 30), (7, 30), (8, 30), (9, 30), (9, 31), (9, 30), (9, 29), (10, 29), (10, 28), (10, 27), (10, 26), (10, 25), (11, 25), (11, 24), (11, 23), (12, 23), (13, 23), (13, 22), (14, 22), (15, 22), (16, 22), (17, 22), (17, 21), (18, 21), (19, 21), (20, 21), (21, 21), (22, 21), (22, 20), (22, 19), (22, 18), (23, 18), (24, 18), (25, 18), (25, 17), (26, 17), (27, 17), (27, 16), (27, 15), (27, 14), (28, 14), (29, 14), (29, 13), (30, 13), (31, 13), (31, 12), (31, 11), (30, 11), (29, 11), (29, 10), (28, 10), (27, 10), (26, 10), (25, 10), (25, 9), (24, 9), (23, 9), (22, 9), (21, 9), (21, 10), (21, 11), (21, 11)]}, 82)