

CBSS-C STATS
starts:[41, 203, 836, 46, 105, 882, 350, 993, 190, 383]
targets:[108, 873, 878, 349, 982, 191, 845, 842, 894, 370]
dests:[98, 565, 369, 950, 201, 262, 426, 523, 102, 200]
ac_dict:{108: {0, 1}, 873: {1, 2}, 878: {2, 3}, 349: {3, 4}, 982: {4, 5}, 191: {5, 6}, 845: {6, 7}, 842: {8, 7}, 894: {8, 9}, 98: {0}, 565: {1}, 369: {2}, 950: {3}, 201: {4}, 262: {5}, 426: {6}, 523: {7}, 102: {8}, 200: {9}}
clusters:[4 3 2 0 1 0 3 1 0 1]

round: 89
best_g_value: 316.0
open_list_size: 88
num_low_level_expanded: 33653
search_success: 1
search_time: 3.2610707078129053
n_tsp_call: 11
n_tsp_time: 1.110650080256164
n_roots: 1
num_conflicts: 88
target_assignment: {842: 7, 108: 1, 873: 2, 878: 2, 191: 6}
cluster_target_selection: {1: 842, 4: 108, 3: 873, 2: 878, 0: 191}
num_nodes_transformed_graph: 32
agent_paths:({0: [(9, 1), (8, 1), (7, 1), (6, 1), (6, 2), (6, 3), (6, 4), (6, 5), (5, 5), (4, 5), (3, 5), (3, 4), (3, 3), (2, 3), (2, 3)], 1: [(11, 6), (11, 5), (11, 4), (11, 3), (12, 3), (13, 3), (14, 3), (14, 4), (14, 5), (15, 5), (16, 5), (17, 5), (18, 5), (18, 6), (18, 7), (18, 8), (18, 9), (18, 10), (18, 11), (18, 12), (18, 13), (18, 14), (18, 15), (18, 16), (18, 17), (19, 17), (20, 17), (21, 17), (21, 17)], 2: [(4, 26), (3, 26), (3, 27), (3, 28), (3, 29), (3, 30), (4, 30), (5, 30), (6, 30), (7, 30), (8, 30), (9, 30), (9, 29), (10, 29), (10, 28), (10, 27), (9, 27), (10, 27), (11, 27), (12, 27), (13, 27), (14, 27), (14, 26), (14, 25), (15, 25), (15, 24), (15, 23), (15, 22), (16, 22), (17, 22), (17, 21), (18, 21), (19, 21), (20, 21), (21, 21), (22, 21), (22, 20), (22, 19), (22, 18), (22, 17), (22, 16), (22, 15), (21, 15), (21, 14), (21, 13), (20, 13), (19, 13), (18, 13), (18, 12), (18, 11), (17, 11), (17, 11)], 3: [(14, 1), (14, 2), (14, 3), (14, 4), (14, 5), (15, 5), (16, 5), (17, 5), (18, 5), (18, 6), (18, 7), (18, 8), (18, 9), (19, 9), (19, 10), (19, 11), (20, 11), (21, 11), (22, 11), (22, 12), (22, 13), (22, 14), (22, 15), (22, 16), (22, 17), (22, 18), (22, 19), (22, 20), (22, 21), (22, 22), (22, 23), (23, 23), (23, 24), (23, 25), (23, 26), (23, 27), (23, 28), (23, 29), (22, 29), (22, 29)], 4: [(9, 3), (10, 3), (10, 3), (10, 3), (11, 3), (11, 4), (11, 5), (10, 5), (9, 5), (9, 6), (9, 6)], 5: [(18, 27), (17, 27), (16, 27), (15, 27), (14, 27), (13, 27), (12, 27), (11, 27), (11, 26), (11, 25), (11, 24), (11, 23), (10, 23), (9, 23), (9, 22), (9, 21), (9, 20), (9, 19), (9, 18), (8, 18), (7, 18), (6, 18), (6, 17), (6, 16), (6, 15), (6, 14), (6, 13), (5, 13), (5, 12), (5, 11), (5, 10), (5, 9), (6, 9), (6, 8), (6, 8)], 6: [(30, 10), (30, 9), (31, 9), (31, 8), (31, 7), (31, 6), (31, 5), (30, 5), (29, 5), (29, 6), (28, 6), (27, 6), (26, 6), (25, 6), (25, 7), (25, 8), (25, 9), (24, 9), (23, 9), (22, 9), (21, 9), (21, 10), (21, 11), (20, 11), (19, 11), (18, 11), (18, 12), (18, 13), (17, 13), (17, 14), (16, 14), (15, 14), (14, 14), (13, 14), (12, 14), (11, 14), (10, 14), (10, 13), (10, 13)], 7: [(1, 31), (1, 30), (2, 30), (3, 30), (4, 30), (5, 30), (6, 30), (7, 30), (8, 30), (9, 30), (9, 29), (10, 29), (10, 28), (10, 27), (10, 26), (10, 25), (11, 25), (11, 24), (11, 23), (11, 22), (11, 21), (10, 21), (9, 21), (9, 20), (9, 19), (9, 18), (9, 17), (10, 17), (11, 17), (11, 16), (11, 16)], 8: [(30, 5), (30, 4), (30, 3), (29, 3), (29, 2), (28, 2), (27, 2), (26, 2), (25, 2), (25, 3), (24, 3), (23, 3), (22, 3), (21, 3), (21, 2), (21, 1), (20, 1), (19, 1), (18, 1), (17, 1), (17, 2), (16, 2), (15, 2), (14, 2), (13, 2), (13, 3), (12, 3), (11, 3), (10, 3), (9, 3), (9, 2), (9, 1), (8, 1), (7, 1), (6, 1), (6, 2), (6, 2), (6, 2), (6, 3), (6, 3)], 9: [(31, 11), (30, 11), (29, 11), (29, 10), (28, 10), (27, 10), (26, 10), (25, 10), (25, 9), (24, 9), (23, 9), (23, 8), (23, 7), (22, 7), (21, 7), (20, 7), (19, 7), (18, 7), (17, 7), (17, 6), (17, 5), (16, 5), (15, 5), (14, 5), (13, 5), (12, 5), (11, 5), (11, 4), (11, 3), (10, 3), (9, 3), (9, 2), (9, 1), (8, 1), (7, 1), (7, 2), (7, 3), (6, 3), (6, 4), (6, 5), (7, 5), (7, 6), (8, 6), (8, 6)]}, 50)