

CBSS-C STATS
starts:[77, 97]
targets:[199, 865, 714, 211, 957, 470, 362, 503, 51, 930]
dests:[455, 424]
ac_dict:{199: {0, 1}, 455: {0}, 424: {1}}
clusters:[2 8 9 6 3 0 1 7 4 5]

round: 1
best_g_value: 157.0
open_list_size: 0
num_low_level_expanded: 471
search_success: 1
search_time: 0.021558275999268517
n_tsp_call: 1
n_tsp_time: 0.009947229991666973
n_roots: 1
num_conflicts: 0
target_assignment: {51: 0, 211: 0, 470: 0, 503: 0, 957: 0, 930: 0, 865: 0, 714: 0, 199: 1, 362: 1}
cluster_target_selection: {4: 51, 6: 211, 0: 470, 7: 503, 3: 957, 5: 930, 8: 865, 9: 714, 2: 199, 1: 362}
num_nodes_transformed_graph: 24
agent_paths:({0: [(13, 2), (14, 2), (15, 2), (16, 2), (17, 2), (17, 1), (18, 1), (19, 1), (19, 2), (18, 2), (17, 2), (16, 2), (15, 2), (15, 3), (14, 3), (14, 4), (14, 5), (15, 5), (16, 5), (17, 5), (18, 5), (19, 5), (19, 6), (19, 7), (20, 7), (21, 7), (22, 7), (23, 7), (23, 8), (23, 9), (22, 9), (22, 10), (22, 11), (22, 12), (22, 13), (22, 14), (23, 14), (23, 15), (22, 15), (22, 16), (22, 17), (23, 17), (23, 18), (24, 18), (25, 18), (26, 18), (27, 18), (27, 19), (27, 20), (27, 21), (27, 22), (27, 23), (27, 24), (27, 25), (27, 26), (27, 27), (27, 28), (27, 29), (27, 30), (27, 31), (28, 31), (29, 31), (29, 30), (29, 29), (29, 30), (29, 31), (28, 31), (27, 31), (26, 31), (25, 31), (24, 31), (23, 31), (22, 31), (21, 31), (20, 31), (19, 31), (18, 31), (18, 30), (18, 29), (18, 28), (18, 27), (17, 27), (16, 27), (15, 27), (14, 27), (13, 27), (12, 27), (11, 27), (10, 27), (10, 28), (10, 29), (9, 29), (9, 30), (8, 30), (7, 30), (6, 30), (5, 30), (4, 30), (3, 30), (2, 30), (2, 29), (3, 29), (3, 28), (3, 27), (2, 27), (1, 27), (1, 26), (1, 25), (1, 24), (1, 23), (1, 22), (2, 22), (3, 22), (4, 22), (5, 22), (6, 22), (7, 22), (7, 21), (8, 21), (9, 21), (10, 21), (10, 22), (9, 22), (9, 21), (9, 20), (9, 19), (9, 18), (8, 18), (7, 18), (7, 17), (6, 17), (6, 16), (6, 15), (6, 14), (7, 14), (7, 14)], 1: [(1, 3), (2, 3), (3, 3), (3, 4), (3, 5), (4, 5), (5, 5), (6, 5), (7, 5), (7, 6), (7, 7), (6, 7), (6, 8), (6, 9), (7, 9), (8, 9), (9, 9), (10, 9), (10, 10), (10, 11), (9, 11), (9, 12), (9, 13), (8, 13), (8, 13)]}, 134)