

CBSS-C STATS
starts:[322, 725, 959, 802, 934]
targets:[189, 633, 754, 718, 739, 710, 895, 234, 34, 487, 464, 495, 878, 210, 131, 41, 178, 758, 893, 183]
dests:[634, 886, 371, 899, 829]
ac_dict:{189: {0, 1}, 633: {1, 2}, 754: {2, 3}, 718: {3, 4}, 634: {0}, 886: {1}, 371: {2}, 899: {3}, 829: {4}}
clusters:[4 0 1 7 3 6 9 7 4 0 2 7 2 5 6 8 1 7 7 4]

round: 1
best_g_value: 152.0
open_list_size: 0
num_low_level_expanded: 351
search_success: 1
search_time: 0.22635916713625193
n_tsp_call: 1
n_tsp_time: 0.2052190788090229
n_roots: 1
num_conflicts: 0
target_assignment: {41: 0, 178: 0, 210: 0, 183: 0, 895: 2, 633: 2, 758: 1, 710: 3, 739: 3, 878: 4}
cluster_target_selection: {8: 41, 1: 178, 5: 210, 4: 183, 9: 895, 0: 633, 7: 758, 6: 710, 3: 739, 2: 878}
num_nodes_transformed_graph: 52
agent_paths:({0: [(2, 10), (3, 10), (4, 10), (5, 10), (5, 9), (6, 9), (6, 8), (6, 7), (6, 6), (6, 5), (6, 4), (6, 3), (6, 2), (6, 1), (7, 1), (8, 1), (9, 1), (10, 1), (11, 1), (11, 2), (11, 3), (12, 3), (13, 3), (14, 3), (14, 4), (14, 5), (15, 5), (16, 5), (17, 5), (18, 5), (18, 6), (19, 6), (19, 7), (20, 7), (21, 7), (21, 6), (21, 5), (22, 5), (23, 5), (23, 6), (23, 7), (23, 8), (23, 9), (24, 9), (25, 9), (26, 9), (26, 10), (26, 11), (27, 11), (27, 12), (27, 13), (27, 14), (27, 15), (27, 16), (27, 17), (26, 17), (26, 18), (26, 19), (26, 19)], 1: [(21, 22), (22, 22), (22, 23), (23, 23), (23, 24), (23, 25), (22, 25), (22, 26), (22, 27), (22, 27)], 2: [(31, 29), (31, 28), (31, 27), (30, 27), (30, 26), (30, 25), (30, 24), (30, 23), (29, 23), (28, 23), (27, 23), (27, 22), (27, 21), (27, 20), (27, 19), (26, 19), (25, 19), (25, 18), (24, 18), (23, 18), (22, 18), (22, 17), (22, 16), (22, 15), (22, 14), (22, 13), (22, 12), (22, 11), (21, 11), (20, 11), (19, 11), (19, 11)], 3: [(2, 25), (1, 25), (1, 24), (1, 23), (1, 22), (2, 22), (3, 22), (4, 22), (5, 22), (6, 22), (5, 22), (4, 22), (3, 22), (3, 23), (2, 23), (1, 23), (1, 24), (1, 25), (2, 25), (3, 25), (3, 26), (3, 27), (3, 28), (3, 28)], 4: [(6, 29), (7, 29), (7, 30), (8, 30), (9, 30), (9, 29), (10, 29), (10, 28), (10, 27), (11, 27), (12, 27), (13, 27), (14, 27), (15, 27), (16, 27), (17, 27), (17, 26), (18, 26), (19, 26), (20, 26), (21, 26), (21, 25), (22, 25), (23, 25), (24, 25), (25, 25), (26, 25), (27, 25), (27, 24), (27, 23), (28, 23), (29, 23), (30, 23), (30, 24), (30, 25), (29, 25), (29, 25)]}, 57)