

CBSS-C STATS
starts:[567, 325]
targets:[358, 747, 38, 765, 639, 17, 303, 839, 876, 857]
dests:[443, 753]
ac_dict:{358: {0, 1}, 443: {0}, 753: {1}}
clusters:[1 5 0 9 7 4 8 3 2 6]

round: 1
best_g_value: 147.0
open_list_size: 0
num_low_level_expanded: 461
search_success: 1
search_time: 0.014654098005848937
n_tsp_call: 1
n_tsp_time: 0.0038199959963094443
n_roots: 1
num_conflicts: 0
target_assignment: {857: 0, 765: 0, 639: 0, 358: 1, 38: 1, 17: 1, 303: 1, 839: 1, 876: 1, 747: 1}
cluster_target_selection: {6: 857, 9: 765, 7: 639, 1: 358, 0: 38, 4: 17, 8: 303, 3: 839, 2: 876, 5: 747}
num_nodes_transformed_graph: 14
agent_paths:({0: [(23, 17), (23, 18), (23, 19), (22, 19), (22, 20), (22, 21), (23, 21), (23, 22), (23, 23), (23, 24), (23, 25), (24, 25), (25, 25), (25, 26), (25, 25), (26, 25), (27, 25), (27, 24), (27, 23), (28, 23), (29, 23), (29, 22), (29, 21), (30, 21), (31, 21), (31, 20), (31, 19), (30, 19), (29, 19), (29, 18), (28, 18), (27, 18), (27, 17), (27, 16), (27, 15), (27, 14), (27, 13), (27, 13)], 1: [(5, 10), (6, 10), (6, 11), (6, 10), (6, 9), (6, 8), (6, 7), (6, 6), (6, 5), (6, 4), (6, 3), (6, 2), (6, 1), (7, 1), (8, 1), (9, 1), (10, 1), (11, 1), (11, 2), (11, 3), (12, 3), (13, 3), (13, 2), (14, 2), (15, 2), (16, 2), (17, 2), (17, 1), (17, 0), (17, 1), (17, 2), (16, 2), (15, 2), (15, 3), (14, 3), (14, 4), (14, 5), (14, 6), (14, 7), (14, 8), (14, 9), (15, 9), (14, 9), (13, 9), (13, 10), (13, 11), (12, 11), (11, 11), (10, 11), (9, 11), (9, 12), (9, 13), (8, 13), (7, 13), (7, 14), (7, 15), (6, 15), (6, 16), (6, 17), (6, 18), (6, 19), (5, 19), (4, 19), (3, 19), (2, 19), (2, 20), (2, 21), (2, 22), (2, 23), (1, 23), (1, 24), (1, 25), (2, 25), (3, 25), (3, 26), (4, 26), (5, 26), (6, 26), (7, 26), (6, 26), (5, 26), (4, 26), (3, 26), (3, 27), (3, 28), (3, 29), (3, 30), (4, 30), (5, 30), (6, 30), (7, 30), (8, 30), (9, 30), (9, 29), (10, 29), (10, 28), (10, 27), (11, 27), (12, 27), (11, 27), (11, 26), (11, 25), (11, 24), (11, 23), (12, 23), (13, 23), (14, 23), (15, 23), (15, 22), (16, 22), (17, 22), (17, 23), (17, 23)]}, 111)