

CBSS-C STATS
starts:[464, 518, 819, 274, 429]
targets:[567, 497, 294, 431, 241, 465, 735, 170, 357, 979]
dests:[721, 176, 337, 750, 566]
ac_dict:{567: {0, 1}, 497: {1, 2}, 294: {2, 3}, 431: {3, 4}, 721: {0}, 176: {1}, 337: {2}, 750: {3}, 566: {4}}
clusters:[4 1 3 4 3 4 2 4 0 0]

round: 4
best_g_value: 133.0
open_list_size: 3
num_low_level_expanded: 1530
search_success: 1
search_time: 1.4538842011243105
n_tsp_call: 10
n_tsp_time: 1.334723669104278
n_roots: 1
num_conflicts: 3
target_assignment: {357: 1, 431: 4, 735: 2, 497: 2, 241: 3}
cluster_target_selection: {0: 357, 4: 431, 2: 735, 1: 497, 3: 241}
num_nodes_transformed_graph: 48
agent_paths:({0: [(16, 14), (17, 14), (17, 15), (18, 15), (18, 16), (18, 17), (19, 17), (20, 17), (21, 17), (21, 18), (21, 19), (22, 19), (22, 20), (22, 21), (21, 21), (20, 21), (19, 21), (18, 21), (17, 21), (17, 22), (17, 22)], 1: [(6, 16), (6, 15), (5, 15), (5, 14), (5, 13), (5, 12), (5, 11), (5, 10), (5, 9), (6, 9), (6, 8), (6, 7), (6, 6), (7, 6), (8, 6), (9, 6), (9, 5), (10, 5), (11, 5), (12, 5), (13, 5), (14, 5), (15, 5), (16, 5), (16, 5)], 2: [(19, 25), (19, 26), (20, 26), (21, 26), (21, 25), (22, 25), (23, 25), (24, 25), (25, 25), (26, 25), (27, 25), (27, 24), (27, 23), (28, 23), (29, 23), (29, 22), (30, 22), (31, 22), (31, 21), (31, 20), (31, 19), (30, 19), (29, 19), (29, 18), (28, 18), (27, 18), (26, 18), (25, 18), (24, 18), (23, 18), (22, 18), (21, 18), (21, 17), (20, 17), (19, 17), (18, 17), (18, 16), (18, 15), (17, 15), (17, 14), (17, 13), (18, 13), (18, 12), (18, 11), (17, 11), (17, 10), (17, 10)], 3: [(18, 8), (18, 7), (17, 7), (18, 7), (18, 8), (18, 9), (18, 10), (18, 11), (18, 12), (18, 13), (17, 13), (17, 14), (16, 14), (15, 14), (14, 14), (13, 14), (12, 14), (11, 14), (11, 15), (11, 16), (11, 17), (11, 18), (11, 19), (10, 19), (9, 19), (9, 20), (9, 21), (10, 21), (11, 21), (11, 22), (11, 23), (12, 23), (13, 23), (14, 23), (14, 23)], 4: [(13, 13), (14, 13), (15, 13), (15, 14), (16, 14), (17, 14), (18, 14), (18, 15), (18, 16), (18, 17), (19, 17), (20, 17), (21, 17), (22, 17), (22, 17)]}, 45)