

CBSS-C STATS
starts:[477, 785]
targets:[59, 163, 602, 999, 587, 51, 313, 943, 186, 29]
dests:[599, 613]
ac_dict:{59: {0, 1}, 599: {0}, 613: {1}}
clusters:[2 3 8 5 7 6 0 9 4 1]

round: 1
best_g_value: 163.0
open_list_size: 0
num_low_level_expanded: 360
search_success: 1
search_time: 0.20799437200184911
n_tsp_call: 1
n_tsp_time: 0.1963112800003728
n_roots: 1
num_conflicts: 0
target_assignment: {602: 0, 943: 1, 999: 1, 587: 1, 313: 1, 186: 1, 29: 1, 59: 1, 51: 1, 163: 1}
cluster_target_selection: {8: 602, 9: 943, 5: 999, 7: 587, 0: 313, 4: 186, 1: 29, 2: 59, 6: 51, 3: 163}
num_nodes_transformed_graph: 24
agent_paths:({0: [(29, 14), (28, 14), (27, 14), (27, 15), (27, 16), (27, 17), (26, 17), (26, 18), (25, 18), (24, 18), (23, 18), (23, 18)], 1: [(17, 24), (17, 25), (17, 26), (17, 27), (18, 27), (18, 28), (18, 29), (17, 29), (17, 30), (17, 31), (16, 31), (15, 31), (15, 30), (15, 29), (15, 30), (15, 31), (16, 31), (17, 31), (17, 30), (17, 29), (18, 29), (18, 28), (18, 27), (17, 27), (16, 27), (15, 27), (14, 27), (13, 27), (12, 27), (11, 27), (10, 27), (10, 28), (10, 29), (9, 29), (9, 30), (8, 30), (7, 30), (7, 31), (7, 30), (8, 30), (9, 30), (9, 29), (10, 29), (10, 28), (10, 27), (10, 26), (10, 25), (11, 25), (11, 24), (11, 23), (11, 22), (11, 21), (10, 21), (9, 21), (9, 20), (9, 19), (9, 18), (10, 18), (11, 18), (11, 17), (11, 16), (11, 15), (11, 14), (12, 14), (13, 14), (14, 14), (15, 14), (16, 14), (17, 14), (17, 13), (18, 13), (18, 12), (18, 11), (19, 11), (20, 11), (21, 11), (21, 10), (21, 9), (22, 9), (23, 9), (24, 9), (25, 9), (25, 8), (25, 7), (25, 6), (25, 5), (26, 5), (27, 5), (27, 4), (27, 3), (27, 2), (28, 2), (29, 2), (29, 1), (29, 0), (29, 1), (29, 2), (28, 2), (27, 2), (27, 1), (26, 1), (25, 1), (25, 2), (25, 3), (24, 3), (23, 3), (22, 3), (21, 3), (21, 2), (21, 1), (20, 1), (19, 1), (18, 1), (17, 1), (17, 2), (16, 2), (15, 2), (14, 2), (13, 2), (13, 3), (12, 3), (11, 3), (11, 4), (11, 5), (10, 5), (9, 5), (9, 6), (8, 6), (7, 6), (6, 6), (5, 6), (5, 5), (4, 5), (3, 5), (4, 5), (5, 5), (5, 6), (5, 7), (6, 7), (6, 8), (6, 9), (5, 9), (5, 10), (5, 11), (5, 12), (5, 13), (5, 14), (5, 15), (6, 15), (6, 16), (6, 17), (5, 17), (5, 18), (5, 19), (5, 19)]}, 153)