

CBSS-C STATS
starts:[92, 569, 682, 667, 677]
targets:[582, 599, 827, 42, 850, 163, 930, 463, 638, 125]
dests:[503, 297, 737, 755, 411]
ac_dict:{582: {0, 1}, 599: {1, 2}, 827: {2, 3}, 42: {3, 4}, 503: {0}, 297: {1}, 737: {2}, 755: {3}, 411: {4}}
clusters:[0 0 0 1 0 1 1 0 1 0]

round: 11
best_g_value: 119.0
open_list_size: 10
num_low_level_expanded: 2621
search_success: 1
search_time: 0.8096790332347155
n_tsp_call: 6
n_tsp_time: 0.5929250000044703
n_roots: 1
num_conflicts: 10
target_assignment: {638: 3, 599: 1}
cluster_target_selection: {1: 638, 0: 599}
num_nodes_transformed_graph: 48
agent_paths:({0: [(28, 2), (27, 2), (27, 3), (27, 4), (27, 5), (26, 5), (25, 5), (25, 6), (25, 7), (25, 8), (25, 9), (24, 9), (23, 9), (23, 10), (23, 11), (22, 11), (22, 12), (22, 13), (23, 13), (23, 14), (23, 15), (23, 15)], 1: [(25, 17), (25, 18), (24, 18), (23, 18), (22, 18), (21, 18), (21, 17), (20, 17), (19, 17), (18, 17), (18, 16), (18, 15), (17, 15), (17, 14), (16, 14), (15, 14), (14, 14), (13, 14), (12, 14), (11, 14), (10, 14), (9, 14), (9, 13), (9, 12), (9, 11), (9, 10), (9, 9), (9, 9)], 2: [(10, 21), (9, 21), (8, 21), (7, 21), (6, 21), (5, 21), (5, 22), (4, 22), (3, 22), (2, 22), (1, 22), (1, 23), (1, 23)], 3: [(27, 20), (27, 19), (27, 18), (28, 18), (29, 18), (30, 18), (30, 19), (29, 19), (29, 18), (28, 18), (27, 18), (26, 18), (25, 18), (24, 18), (23, 18), (22, 18), (22, 19), (22, 20), (22, 21), (21, 21), (20, 21), (19, 21), (19, 22), (19, 23), (19, 23)], 4: [(5, 21), (6, 21), (6, 22), (7, 22), (7, 21), (8, 21), (9, 21), (10, 21), (11, 21), (11, 22), (11, 23), (12, 23), (13, 23), (13, 22), (14, 22), (15, 22), (16, 22), (17, 22), (17, 21), (18, 21), (18, 21), (18, 21), (19, 21), (20, 21), (21, 21), (22, 21), (22, 20), (22, 19), (22, 18), (23, 18), (24, 18), (25, 18), (25, 17), (26, 17), (27, 17), (27, 16), (27, 15), (27, 14), (27, 13), (27, 12), (27, 12)]}, 39)