

CBSS-C STATS
starts:[571, 449, 741, 606, 731]
targets:[761, 876, 55, 806, 295, 649, 52, 559, 421, 989, 337, 470, 442, 362, 597, 270, 681, 735, 436, 313]
dests:[764, 190, 708, 217, 505]
ac_dict:{761: {0, 1}, 876: {1, 2}, 55: {2, 3}, 806: {3, 4}, 764: {0}, 190: {1}, 708: {2}, 217: {3}, 505: {4}}
clusters:[0 9 7 3 1 5 1 5 7 6 3 2 0 7 8 8 9 3 4 7]

round: 5
best_g_value: 139.0
open_list_size: 4
num_low_level_expanded: 1189
search_success: 1
search_time: 22.280079911928624
n_tsp_call: 15
n_tsp_time: 21.970010536257178
n_roots: 1
num_conflicts: 4
target_assignment: {989: 0, 295: 1, 270: 1, 337: 1, 436: 1, 470: 1, 649: 2, 681: 2, 442: 3, 313: 3}
cluster_target_selection: {6: 989, 1: 295, 8: 270, 3: 337, 4: 436, 2: 470, 5: 649, 9: 681, 0: 442, 7: 313}
num_nodes_transformed_graph: 98
agent_paths:({0: [(27, 17), (27, 18), (26, 18), (26, 19), (27, 19), (27, 20), (27, 21), (27, 22), (27, 23), (27, 24), (27, 25), (27, 26), (27, 27), (27, 28), (27, 29), (27, 30), (27, 31), (28, 31), (29, 31), (29, 30), (29, 29), (30, 29), (31, 29), (31, 28), (31, 27), (30, 27), (30, 26), (30, 25), (30, 24), (30, 23), (29, 23), (28, 23), (28, 23)], 1: [(1, 14), (2, 14), (2, 15), (2, 16), (2, 17), (3, 17), (3, 18), (3, 19), (4, 19), (5, 19), (5, 18), (5, 17), (6, 17), (6, 16), (6, 15), (6, 14), (6, 13), (5, 13), (5, 12), (5, 11), (5, 10), (5, 9), (6, 9), (7, 9), (8, 9), (9, 9), (10, 9), (11, 9), (11, 10), (11, 11), (12, 11), (13, 11), (13, 10), (13, 9), (14, 9), (14, 8), (14, 9), (15, 9), (16, 9), (17, 9), (17, 10), (18, 10), (18, 11), (18, 12), (18, 13), (19, 13), (20, 13), (21, 13), (22, 13), (22, 14), (22, 13), (22, 12), (22, 11), (22, 10), (22, 9), (23, 9), (24, 9), (25, 9), (25, 8), (25, 7), (26, 7), (26, 6), (27, 6), (28, 6), (29, 6), (29, 5), (30, 5), (30, 5)], 2: [(5, 23), (5, 22), (5, 21), (6, 21), (7, 21), (8, 21), (9, 21), (9, 20), (9, 21), (8, 21), (7, 21), (6, 21), (5, 21), (5, 22), (4, 22), (4, 22)], 3: [(30, 18), (29, 18), (28, 18), (27, 18), (27, 17), (27, 16), (27, 15), (26, 15), (26, 14), (26, 13), (27, 13), (27, 12), (27, 11), (26, 11), (25, 11), (25, 10), (25, 9), (25, 8), (25, 7), (25, 6), (25, 6)], 4: [(27, 22), (27, 21), (27, 20), (27, 19), (27, 18), (27, 17), (27, 16), (27, 15), (26, 15), (25, 15), (25, 15)]}, 66)