

CBSS-C STATS
starts:[230, 498, 974, 605, 713]
targets:[373, 838, 619, 977, 543, 41, 482, 227, 209, 305, 549, 730, 476, 47, 843, 638, 202, 734, 233, 123]
dests:[107, 981, 679, 454, 975]
ac_dict:{373: {0, 1}, 838: {1, 2}, 619: {2, 3}, 977: {3, 4}, 107: {0}, 981: {1}, 679: {2}, 454: {3}, 975: {4}}
clusters:[2 7 0 8 0 2 1 5 1 7 7 4 2 3 4 9 8 2 1 6]

round: 3
best_g_value: 164.0
open_list_size: 2
num_low_level_expanded: 648
search_success: 1
search_time: 2.1885424819774926
n_tsp_call: 15
n_tsp_time: 2.052685684990138
n_roots: 1
num_conflicts: 2
target_assignment: {227: 0, 41: 0, 977: 4, 638: 3, 543: 3, 123: 3, 47: 3, 209: 3, 305: 3, 843: 2}
cluster_target_selection: {5: 227, 2: 41, 8: 977, 9: 638, 0: 543, 6: 123, 3: 47, 1: 209, 7: 305, 4: 843}
num_nodes_transformed_graph: 53
agent_paths:({0: [(6, 7), (5, 7), (5, 6), (5, 5), (4, 5), (3, 5), (3, 6), (3, 7), (3, 6), (3, 5), (4, 5), (5, 5), (6, 5), (6, 4), (6, 3), (6, 2), (6, 1), (7, 1), (8, 1), (9, 1), (10, 1), (11, 1), (11, 2), (11, 3), (11, 3)], 1: [(18, 15), (18, 16), (18, 17), (19, 17), (20, 17), (21, 17), (21, 18), (21, 19), (22, 19), (22, 20), (22, 21), (22, 22), (22, 23), (23, 23), (23, 24), (23, 25), (23, 26), (23, 27), (23, 28), (23, 29), (22, 29), (21, 29), (21, 30), (21, 30)], 2: [(14, 30), (15, 30), (15, 31), (16, 31), (17, 31), (17, 30), (17, 29), (18, 29), (18, 28), (18, 27), (17, 27), (16, 27), (15, 27), (14, 27), (13, 27), (12, 27), (11, 27), (11, 26), (11, 25), (11, 24), (11, 23), (10, 23), (9, 23), (9, 22), (9, 21), (8, 21), (7, 21), (7, 21)], 3: [(29, 18), (30, 18), (30, 19), (30, 18), (30, 17), (31, 17), (31, 16), (31, 15), (31, 14), (31, 13), (31, 12), (31, 11), (31, 10), (31, 9), (31, 8), (31, 7), (30, 7), (29, 7), (29, 6), (28, 6), (27, 6), (27, 5), (27, 4), (27, 3), (26, 3), (25, 3), (24, 3), (23, 3), (22, 3), (21, 3), (21, 2), (21, 1), (20, 1), (19, 1), (18, 1), (17, 1), (17, 2), (16, 2), (15, 2), (15, 1), (15, 2), (15, 3), (14, 3), (14, 4), (14, 5), (15, 5), (16, 5), (17, 5), (17, 6), (17, 7), (18, 7), (18, 8), (18, 9), (17, 9), (16, 9), (15, 9), (14, 9), (13, 9), (13, 10), (13, 11), (12, 11), (11, 11), (10, 11), (9, 11), (9, 12), (9, 13), (8, 13), (7, 13), (6, 13), (6, 14), (6, 14)], 4: [(9, 22), (10, 22), (11, 22), (11, 23), (12, 23), (13, 23), (14, 23), (15, 23), (15, 24), (15, 25), (15, 26), (15, 26), (15, 26), (15, 27), (16, 27), (17, 27), (18, 27), (18, 28), (18, 29), (17, 29), (17, 30), (17, 31), (16, 31), (15, 31), (15, 30), (15, 30)]}, 69)