

CBSS-C STATS
starts:[179, 317, 475, 327, 874]
targets:[682, 118, 170, 363, 469, 42, 309, 821, 197, 274]
dests:[322, 709, 371, 837, 622]
ac_dict:{682: {0, 1}, 118: {1, 2}, 170: {2, 3}, 363: {3, 4}, 322: {0}, 709: {1}, 371: {2}, 837: {3}, 622: {4}}
clusters:[1 0 0 1 0 0 0 0 0 0]

round: 1
best_g_value: 138.0
open_list_size: 0
num_low_level_expanded: 654
search_success: 1
search_time: 0.06231367029249668
n_tsp_call: 1
n_tsp_time: 0.040444326121360064
n_roots: 1
num_conflicts: 0
target_assignment: {682: 1, 309: 2}
cluster_target_selection: {1: 682, 0: 309}
num_nodes_transformed_graph: 29
agent_paths:({0: [(19, 5), (18, 5), (17, 5), (16, 5), (15, 5), (14, 5), (13, 5), (12, 5), (11, 5), (10, 5), (9, 5), (9, 6), (8, 6), (7, 6), (6, 6), (6, 7), (6, 8), (6, 9), (5, 9), (5, 10), (4, 10), (3, 10), (2, 10), (2, 10)], 1: [(29, 9), (29, 10), (28, 10), (27, 10), (26, 10), (25, 10), (25, 9), (24, 9), (23, 9), (22, 9), (21, 9), (21, 10), (21, 11), (20, 11), (19, 11), (18, 11), (18, 12), (18, 13), (17, 13), (17, 14), (16, 14), (15, 14), (14, 14), (13, 14), (12, 14), (11, 14), (11, 15), (11, 16), (11, 17), (10, 17), (10, 18), (10, 19), (9, 19), (9, 20), (9, 21), (10, 21), (9, 21), (8, 21), (7, 21), (6, 21), (5, 21), (5, 22), (5, 22)], 2: [(27, 14), (27, 13), (27, 12), (27, 11), (26, 11), (25, 11), (25, 10), (25, 9), (24, 9), (23, 9), (22, 9), (21, 9), (21, 10), (21, 11), (20, 11), (19, 11), (19, 11)], 3: [(7, 10), (6, 10), (5, 10), (5, 11), (5, 12), (5, 13), (5, 14), (5, 15), (6, 15), (6, 16), (6, 17), (5, 17), (5, 18), (5, 19), (4, 19), (3, 19), (2, 19), (2, 20), (2, 21), (2, 22), (2, 23), (1, 23), (1, 24), (1, 25), (2, 25), (3, 25), (3, 26), (4, 26), (5, 26), (5, 26)], 4: [(10, 27), (10, 26), (10, 25), (11, 25), (11, 24), (11, 23), (12, 23), (13, 23), (13, 22), (14, 22), (15, 22), (16, 22), (17, 22), (17, 21), (18, 21), (19, 21), (20, 21), (21, 21), (22, 21), (22, 20), (22, 19), (21, 19), (21, 18), (21, 17), (20, 17), (19, 17), (18, 17), (17, 17), (17, 18), (16, 18), (15, 18), (14, 18), (14, 19), (14, 19)]}, 41)