

CBSS-C STATS
starts:[370, 92, 329, 894, 55]
targets:[895, 354, 852, 193, 471, 705, 355, 82, 986, 693]
dests:[815, 489, 52, 319, 690]
ac_dict:{895: {0, 1}, 354: {1, 2}, 852: {2, 3}, 193: {3, 4}, 815: {0}, 489: {1}, 52: {2}, 319: {3}, 690: {4}}
clusters:[2 0 1 3 3 4 2 1 0 0]

round: 1
best_g_value: 169.0
open_list_size: 0
num_low_level_expanded: 382
search_success: 1
search_time: 0.23913950193673372
n_tsp_call: 1
n_tsp_time: 0.21785205230116844
n_roots: 1
num_conflicts: 0
target_assignment: {705: 0, 471: 4, 693: 4, 355: 2, 82: 2}
cluster_target_selection: {4: 705, 3: 471, 0: 693, 2: 355, 1: 82}
num_nodes_transformed_graph: 48
agent_paths:({0: [(18, 11), (18, 12), (18, 13), (17, 13), (17, 14), (16, 14), (15, 14), (14, 14), (13, 14), (12, 14), (11, 14), (11, 15), (11, 16), (11, 17), (10, 17), (9, 17), (9, 18), (8, 18), (7, 18), (6, 18), (5, 18), (5, 19), (4, 19), (3, 19), (2, 19), (2, 20), (2, 21), (1, 21), (1, 22), (2, 22), (3, 22), (4, 22), (5, 22), (6, 22), (7, 22), (7, 21), (8, 21), (9, 21), (10, 21), (11, 21), (11, 22), (11, 23), (12, 23), (13, 23), (14, 23), (15, 23), (15, 24), (15, 25), (15, 25)], 1: [(28, 2), (27, 2), (27, 3), (27, 4), (27, 5), (26, 5), (25, 5), (25, 6), (25, 7), (25, 8), (25, 9), (24, 9), (23, 9), (22, 9), (21, 9), (21, 10), (21, 11), (20, 11), (19, 11), (18, 11), (18, 12), (18, 13), (17, 13), (17, 14), (16, 14), (15, 14), (14, 14), (13, 14), (12, 14), (11, 14), (10, 14), (9, 14), (9, 15), (9, 15)], 2: [(9, 10), (9, 9), (8, 9), (7, 9), (6, 9), (5, 9), (5, 10), (4, 10), (3, 10), (3, 11), (3, 10), (4, 10), (5, 10), (5, 9), (6, 9), (6, 8), (6, 7), (6, 6), (7, 6), (8, 6), (9, 6), (9, 5), (10, 5), (11, 5), (11, 4), (11, 3), (12, 3), (13, 3), (13, 2), (14, 2), (15, 2), (16, 2), (17, 2), (18, 2), (18, 1), (19, 1), (20, 1), (20, 1)], 3: [(30, 27), (30, 26), (30, 25), (30, 24), (30, 23), (30, 22), (30, 21), (31, 21), (31, 20), (31, 19), (31, 18), (31, 17), (31, 16), (31, 15), (31, 14), (31, 13), (31, 12), (31, 11), (31, 10), (31, 9), (31, 9)], 4: [(23, 1), (23, 2), (23, 3), (24, 3), (25, 3), (26, 3), (27, 3), (27, 4), (27, 5), (26, 5), (25, 5), (25, 6), (25, 7), (25, 8), (25, 9), (24, 9), (23, 9), (23, 10), (23, 11), (22, 11), (22, 12), (22, 13), (23, 13), (23, 14), (22, 14), (22, 15), (22, 16), (22, 17), (22, 18), (22, 19), (22, 20), (22, 21), (21, 21), (20, 21), (19, 21), (18, 21), (18, 21)]}, 47)