

CBSS-C STATS
starts:[639, 742, 92, 720, 945]
targets:[946, 453, 87, 575, 73, 379, 886, 523, 193, 435]
dests:[311, 462, 617, 954, 237]
ac_dict:{946: {0, 1}, 453: {1, 2}, 87: {2, 3}, 575: {3, 4}, 311: {0}, 462: {1}, 617: {2}, 954: {3}, 237: {4}}
clusters:[0 3 2 1 3 1 3 3 4 4]

round: 4
best_g_value: 172.0
open_list_size: 3
num_low_level_expanded: 1210
search_success: 1
search_time: 0.08244089828804135
n_tsp_call: 1
n_tsp_time: 0.04264862835407257
n_roots: 1
num_conflicts: 3
target_assignment: {379: 0, 87: 2, 946: 1, 523: 1, 435: 4}
cluster_target_selection: {1: 379, 2: 87, 0: 946, 3: 523, 4: 435}
num_nodes_transformed_graph: 28
agent_paths:({0: [(31, 19), (30, 19), (29, 19), (29, 18), (28, 18), (27, 18), (27, 17), (27, 16), (27, 15), (27, 14), (27, 13), (27, 12), (27, 11), (26, 11), (25, 11), (25, 10), (25, 9), (24, 9), (23, 9), (23, 9)], 1: [(6, 23), (7, 23), (7, 22), (7, 21), (8, 21), (9, 21), (10, 21), (11, 21), (11, 22), (11, 23), (12, 23), (13, 23), (14, 23), (15, 23), (15, 24), (15, 25), (15, 26), (15, 27), (16, 27), (17, 27), (18, 27), (18, 28), (18, 29), (18, 28), (18, 27), (17, 27), (16, 27), (15, 27), (14, 27), (13, 27), (12, 27), (11, 27), (11, 26), (11, 25), (11, 24), (11, 23), (11, 22), (11, 21), (10, 21), (9, 21), (9, 20), (9, 19), (10, 19), (10, 18), (10, 17), (11, 17), (11, 16), (11, 15), (11, 14), (12, 14), (13, 14), (14, 14), (14, 14)], 2: [(28, 2), (27, 2), (26, 2), (25, 2), (25, 3), (24, 3), (23, 3), (23, 2), (22, 2), (21, 2), (21, 1), (20, 1), (19, 1), (18, 1), (17, 1), (17, 2), (16, 2), (15, 2), (14, 2), (14, 3), (14, 4), (14, 5), (14, 6), (14, 7), (14, 8), (14, 9), (13, 9), (13, 10), (13, 11), (12, 11), (11, 11), (10, 11), (9, 11), (9, 12), (9, 13), (9, 14), (9, 15), (10, 15), (11, 15), (11, 16), (11, 17), (10, 17), (9, 17), (9, 18), (9, 19), (9, 19)], 3: [(16, 22), (17, 22), (17, 23), (17, 24), (17, 25), (17, 26), (18, 26), (19, 26), (20, 26), (21, 26), (22, 26), (23, 26), (23, 25), (24, 25), (25, 25), (26, 25), (26, 26), (26, 27), (27, 27), (27, 28), (27, 29), (26, 29), (26, 29)], 4: [(17, 29), (18, 29), (18, 28), (18, 27), (18, 26), (18, 25), (17, 25), (17, 24), (17, 23), (17, 22), (17, 21), (18, 21), (19, 21), (20, 21), (21, 21), (22, 21), (22, 20), (22, 19), (22, 18), (22, 17), (22, 16), (22, 15), (21, 15), (21, 14), (21, 13), (20, 13), (19, 13), (18, 13), (18, 12), (18, 11), (17, 11), (17, 10), (17, 9), (16, 9), (15, 9), (14, 9), (14, 8), (14, 7), (13, 7), (13, 7)]}, 51)