

CBSS-C STATS
starts:[464, 389, 312, 923, 186]
targets:[74, 497, 219, 235, 369, 893, 134, 1006, 34, 554, 958, 294, 585, 206, 683, 607, 178, 330, 21, 733]
dests:[288, 869, 709, 574, 991]
ac_dict:{74: {0, 1}, 497: {1, 2}, 219: {2, 3}, 235: {3, 4}, 288: {0}, 869: {1}, 709: {2}, 574: {3}, 991: {4}}
clusters:[ 8 12  5  3  7  6  0 14 10  4 11 18  2  1 19 17 13 16 15  9]

round: 1
best_g_value: 260.0
open_list_size: 0
num_low_level_expanded: 641
search_success: 1
search_time: 4.122821513010422
n_tsp_call: 1
n_tsp_time: 4.078048063995084
n_roots: 1
num_conflicts: 0
target_assignment: {369: 0, 178: 0, 206: 0, 74: 0, 134: 0, 34: 0, 294: 0, 733: 3, 607: 3, 219: 2, 497: 2, 554: 2, 585: 2, 21: 4, 235: 4, 330: 4, 683: 4, 1006: 4, 958: 4, 893: 4}
cluster_target_selection: {7: 369, 13: 178, 1: 206, 8: 74, 0: 134, 10: 34, 18: 294, 9: 733, 17: 607, 5: 219, 12: 497, 4: 554, 2: 585, 15: 21, 3: 235, 16: 330, 19: 683, 14: 1006, 11: 958, 6: 893}
num_nodes_transformed_graph: 98
agent_paths:({0: [(16, 14), (17, 14), (17, 13), (18, 13), (18, 12), (18, 11), (17, 11), (17, 10), (17, 9), (18, 9), (18, 8), (18, 7), (18, 6), (18, 5), (17, 5), (16, 5), (15, 5), (14, 5), (14, 6), (13, 6), (13, 5), (12, 5), (11, 5), (11, 4), (11, 3), (10, 3), (10, 2), (9, 2), (9, 1), (8, 1), (7, 1), (6, 1), (6, 2), (6, 3), (6, 4), (6, 5), (5, 5), (4, 5), (3, 5), (3, 4), (3, 3), (2, 3), (2, 2), (2, 1), (3, 1), (3, 2), (3, 3), (3, 4), (3, 5), (4, 5), (5, 5), (6, 5), (6, 6), (6, 7), (6, 8), (6, 9), (5, 9), (5, 10), (4, 10), (3, 10), (2, 10), (1, 10), (1, 9), (0, 9), (0, 9)], 1: [(5, 12), (5, 13), (5, 14), (5, 15), (6, 15), (6, 16), (6, 17), (5, 17), (5, 18), (5, 19), (4, 19), (3, 19), (2, 19), (2, 20), (2, 21), (2, 22), (2, 23), (1, 23), (1, 24), (1, 25), (2, 25), (3, 25), (3, 26), (4, 26), (5, 26), (5, 27), (5, 27)], 2: [(24, 9), (25, 9), (25, 8), (25, 7), (25, 6), (26, 6), (27, 6), (26, 6), (25, 6), (25, 7), (25, 8), (25, 9), (24, 9), (23, 9), (22, 9), (21, 9), (21, 10), (21, 11), (20, 11), (19, 11), (18, 11), (18, 12), (18, 13), (17, 13), (17, 14), (17, 15), (17, 14), (16, 14), (15, 14), (14, 14), (13, 14), (12, 14), (11, 14), (11, 15), (11, 16), (11, 17), (10, 17), (9, 17), (9, 18), (9, 19), (9, 20), (9, 21), (8, 21), (7, 21), (6, 21), (5, 21), (5, 22), (5, 22)], 3: [(27, 28), (27, 27), (27, 26), (27, 25), (27, 24), (27, 23), (28, 23), (29, 23), (29, 22), (29, 21), (30, 21), (31, 21), (31, 20), (31, 19), (31, 18), (30, 18), (30, 17), (30, 17)], 4: [(26, 5), (27, 5), (27, 4), (27, 3), (26, 3), (25, 3), (24, 3), (23, 3), (22, 3), (21, 3), (21, 2), (21, 1), (21, 0), (21, 1), (20, 1), (19, 1), (18, 1), (17, 1), (17, 2), (16, 2), (15, 2), (14, 2), (13, 2), (13, 3), (12, 3), (11, 3), (11, 4), (11, 5), (11, 6), (11, 7), (10, 7), (9, 7), (9, 6), (8, 6), (7, 6), (7, 7), (6, 7), (6, 8), (6, 9), (7, 9), (8, 9), (9, 9), (10, 9), (10, 10), (10, 11), (9, 11), (9, 12), (9, 13), (10, 13), (11, 13), (11, 14), (11, 15), (11, 16), (11, 17), (11, 18), (11, 19), (10, 19), (9, 19), (9, 20), (9, 21), (10, 21), (11, 21), (11, 22), (11, 23), (11, 24), (11, 25), (11, 26), (11, 27), (12, 27), (13, 27), (14, 27), (15, 27), (16, 27), (17, 27), (18, 27), (18, 28), (18, 29), (17, 29), (17, 30), (17, 31), (16, 31), (15, 31), (14, 31), (15, 31), (16, 31), (17, 31), (18, 31), (19, 31), (20, 31), (21, 31), (22, 31), (23, 31), (24, 31), (25, 31), (26, 31), (27, 31), (28, 31), (29, 31), (29, 30), (29, 29), (30, 29), (31, 29), (31, 28), (31, 27), (30, 27), (29, 27), (30, 27), (31, 27), (31, 28), (31, 29), (31, 30), (31, 30)]}, 110)