

CBSS-C STATS
starts:[485, 846, 464, 209, 881]
targets:[374, 52, 233, 582, 544, 617, 424, 845, 671, 843, 85, 445, 105, 166, 40, 481, 237, 366, 118, 914]
dests:[429, 295, 885, 870, 950]
ac_dict:{374: {0, 1}, 52: {1, 2}, 233: {2, 3}, 582: {3, 4}, 429: {0}, 295: {1}, 885: {2}, 870: {3}, 950: {4}}
clusters:[ 6  7  1 11 19  3 13  2 17 15 12  5 18  4 16  9 14  8 10  0]

round: 1
best_g_value: 227.0
open_list_size: 0
num_low_level_expanded: 557
search_success: 1
search_time: 1.889608015990234
n_tsp_call: 1
n_tsp_time: 1.8517449490027502
n_roots: 1
num_conflicts: 0
target_assignment: {424: 0, 233: 3, 237: 3, 366: 3, 582: 3, 544: 3, 481: 3, 845: 1, 843: 1, 617: 1, 374: 1, 118: 1, 85: 1, 52: 1, 105: 1, 40: 1, 166: 1, 445: 2, 671: 2, 914: 4}
cluster_target_selection: {13: 424, 1: 233, 14: 237, 8: 366, 11: 582, 19: 544, 9: 481, 2: 845, 15: 843, 3: 617, 6: 374, 10: 118, 12: 85, 7: 52, 18: 105, 16: 40, 4: 166, 5: 445, 17: 671, 0: 914}
num_nodes_transformed_graph: 98
agent_paths:({0: [(5, 15), (5, 14), (5, 13), (6, 13), (7, 13), (8, 13), (9, 13), (10, 13), (11, 13), (11, 14), (12, 14), (13, 14), (13, 13), (13, 13)], 1: [(14, 26), (13, 26), (13, 27), (12, 27), (11, 27), (11, 26), (11, 25), (11, 24), (11, 23), (10, 23), (9, 23), (9, 22), (9, 21), (9, 20), (9, 19), (9, 18), (9, 17), (10, 17), (11, 17), (11, 16), (11, 15), (11, 14), (12, 14), (13, 14), (14, 14), (15, 14), (16, 14), (17, 14), (17, 13), (18, 13), (18, 12), (18, 11), (19, 11), (20, 11), (21, 11), (22, 11), (22, 10), (22, 9), (23, 9), (24, 9), (25, 9), (25, 8), (25, 7), (25, 6), (25, 5), (26, 5), (27, 5), (27, 4), (27, 3), (26, 3), (25, 3), (24, 3), (23, 3), (22, 3), (21, 3), (21, 2), (21, 1), (20, 1), (19, 1), (18, 1), (17, 1), (17, 2), (16, 2), (15, 2), (14, 2), (13, 2), (13, 3), (12, 3), (11, 3), (10, 3), (9, 3), (9, 2), (9, 1), (8, 1), (7, 1), (6, 1), (6, 2), (6, 3), (6, 4), (6, 5), (6, 6), (6, 7), (6, 8), (6, 9), (7, 9), (7, 9)], 2: [(16, 14), (17, 14), (18, 14), (18, 15), (18, 16), (18, 17), (19, 17), (20, 17), (21, 17), (22, 17), (23, 17), (23, 18), (24, 18), (25, 18), (25, 17), (26, 17), (27, 17), (27, 16), (27, 15), (27, 14), (28, 14), (29, 14), (29, 13), (30, 13), (31, 13), (31, 14), (31, 15), (31, 16), (31, 17), (31, 18), (31, 19), (31, 20), (31, 21), (30, 21), (29, 21), (29, 22), (29, 23), (28, 23), (27, 23), (27, 24), (27, 25), (26, 25), (25, 25), (24, 25), (23, 25), (22, 25), (21, 25), (21, 26), (21, 27), (21, 27)], 3: [(17, 6), (17, 5), (16, 5), (15, 5), (14, 5), (13, 5), (12, 5), (11, 5), (10, 5), (9, 5), (9, 6), (9, 7), (10, 7), (11, 7), (11, 6), (11, 5), (12, 5), (13, 5), (13, 6), (13, 7), (14, 7), (14, 8), (14, 9), (14, 10), (14, 11), (13, 11), (12, 11), (11, 11), (10, 11), (9, 11), (9, 12), (9, 13), (8, 13), (7, 13), (6, 13), (6, 14), (6, 15), (6, 16), (6, 17), (6, 18), (5, 18), (5, 19), (4, 19), (3, 19), (2, 19), (1, 19), (1, 18), (1, 17), (0, 17), (1, 17), (2, 17), (2, 16), (2, 15), (1, 15), (2, 15), (2, 16), (2, 17), (2, 18), (2, 19), (2, 20), (2, 21), (2, 22), (2, 23), (1, 23), (1, 24), (1, 25), (2, 25), (3, 25), (3, 26), (4, 26), (5, 26), (6, 26), (6, 27), (6, 27)], 4: [(17, 27), (18, 27), (18, 28), (18, 29), (19, 29), (19, 30), (19, 31), (20, 31), (21, 31), (21, 30), (21, 29), (22, 29), (22, 29)]}, 84)