

CBSS-C STATS
starts:[575, 471, 710, 997, 215]
targets:[429, 71, 674, 490, 463, 480, 426, 29, 120, 1020]
dests:[673, 739, 115, 847, 446]
ac_dict:{429: {0, 1}, 71: {1, 2}, 674: {2, 3}, 490: {3, 4}, 673: {0}, 739: {1}, 115: {2}, 847: {3}, 446: {4}}
clusters:[3 2 2 4 4 4 1 0 0 3]

round: 1
best_g_value: 164.0
open_list_size: 0
num_low_level_expanded: 529
search_success: 1
search_time: 0.07776737306267023
n_tsp_call: 1
n_tsp_time: 0.06167953694239259
n_roots: 1
num_conflicts: 0
target_assignment: {463: 1, 429: 1, 674: 2, 426: 2, 120: 2}
cluster_target_selection: {4: 463, 3: 429, 2: 674, 1: 426, 0: 120}
num_nodes_transformed_graph: 28
agent_paths:({0: [(31, 17), (30, 17), (29, 17), (29, 18), (28, 18), (27, 18), (26, 18), (25, 18), (24, 18), (23, 18), (22, 18), (22, 19), (22, 20), (22, 21), (21, 21), (20, 21), (19, 21), (18, 21), (17, 21), (17, 22), (16, 22), (15, 22), (14, 22), (13, 22), (13, 23), (12, 23), (11, 23), (10, 23), (9, 23), (9, 22), (9, 21), (8, 21), (7, 21), (6, 21), (5, 21), (5, 22), (4, 22), (3, 22), (2, 22), (1, 22), (1, 21), (1, 21)], 1: [(23, 14), (22, 14), (21, 14), (21, 13), (20, 13), (19, 13), (18, 13), (17, 13), (17, 14), (16, 14), (15, 14), (14, 14), (13, 14), (13, 13), (13, 14), (12, 14), (11, 14), (11, 15), (11, 16), (11, 17), (10, 17), (9, 17), (9, 18), (9, 19), (9, 20), (9, 21), (8, 21), (7, 21), (6, 21), (5, 21), (5, 22), (4, 22), (3, 22), (3, 23), (3, 23)], 2: [(6, 22), (5, 22), (4, 22), (3, 22), (2, 22), (2, 21), (2, 20), (2, 19), (3, 19), (4, 19), (5, 19), (5, 18), (5, 17), (6, 17), (6, 16), (6, 15), (6, 14), (6, 13), (7, 13), (8, 13), (9, 13), (10, 13), (9, 13), (9, 12), (9, 11), (10, 11), (11, 11), (12, 11), (13, 11), (13, 10), (13, 9), (14, 9), (14, 8), (14, 7), (14, 6), (14, 5), (14, 4), (14, 3), (15, 3), (15, 2), (16, 2), (17, 2), (18, 2), (19, 2), (19, 1), (20, 1), (21, 1), (22, 1), (23, 1), (23, 2), (23, 3), (24, 3), (23, 3), (22, 3), (21, 3), (21, 2), (21, 1), (20, 1), (19, 1), (19, 2), (19, 3), (19, 3)], 3: [(5, 31), (5, 30), (6, 30), (7, 30), (8, 30), (9, 30), (9, 29), (10, 29), (10, 28), (10, 27), (11, 27), (12, 27), (13, 27), (13, 26), (14, 26), (15, 26), (15, 26)], 4: [(23, 6), (23, 7), (23, 8), (23, 9), (24, 9), (25, 9), (26, 9), (27, 9), (27, 10), (28, 10), (29, 10), (30, 10), (30, 11), (31, 11), (31, 12), (31, 13), (30, 13), (30, 13)]}, 60)