

CBSS-C STATS
starts:[885, 120, 197, 585, 826]
targets:[602, 445, 357, 482, 973, 1017, 40, 476, 43, 457]
dests:[986, 103, 615, 805, 210]
ac_dict:{602: {0, 1}, 445: {1, 2}, 357: {2, 3}, 482: {3, 4}, 986: {0}, 103: {1}, 615: {2}, 805: {3}, 210: {4}}
clusters:[0 0 0 1 0 1 1 0 1 1]

round: 1
best_g_value: 100.0
open_list_size: 0
num_low_level_expanded: 273
search_success: 1
search_time: 0.15928819682449102
n_tsp_call: 1
n_tsp_time: 0.1443527857773006
n_roots: 1
num_conflicts: 0
target_assignment: {1017: 0, 357: 2}
cluster_target_selection: {1: 1017, 0: 357}
num_nodes_transformed_graph: 48
agent_paths:({0: [(21, 27), (22, 27), (23, 27), (23, 28), (23, 29), (23, 30), (23, 31), (24, 31), (25, 31), (25, 30), (26, 30), (26, 30)], 1: [(24, 3), (23, 3), (22, 3), (21, 3), (21, 2), (21, 1), (20, 1), (19, 1), (18, 1), (17, 1), (17, 2), (16, 2), (15, 2), (14, 2), (13, 2), (13, 3), (12, 3), (11, 3), (10, 3), (9, 3), (9, 2), (9, 1), (8, 1), (7, 1), (7, 2), (7, 3), (7, 3)], 2: [(5, 6), (5, 7), (6, 7), (6, 8), (6, 9), (5, 9), (5, 10), (5, 11), (5, 12), (5, 13), (6, 13), (6, 14), (6, 15), (6, 16), (6, 17), (7, 17), (7, 18), (7, 19), (7, 19)], 3: [(9, 18), (9, 19), (9, 20), (9, 21), (8, 21), (7, 21), (6, 21), (5, 21), (5, 22), (4, 22), (3, 22), (3, 23), (2, 23), (1, 23), (1, 24), (1, 25), (2, 25), (3, 25), (3, 26), (4, 26), (5, 26), (5, 25), (5, 25)], 4: [(26, 25), (25, 25), (24, 25), (23, 25), (23, 24), (23, 23), (22, 23), (22, 22), (22, 21), (22, 20), (22, 19), (21, 19), (21, 18), (21, 17), (20, 17), (19, 17), (18, 17), (18, 16), (18, 15), (18, 14), (18, 13), (18, 12), (18, 11), (18, 10), (18, 9), (18, 8), (18, 7), (18, 6), (18, 6)]}, 27)