

CBSS-C STATS
starts:[415, 1018, 857]
targets:[702, 182, 255, 41, 318, 110, 334, 727, 211, 164, 692, 606, 131, 186, 242]
dests:[710, 962, 831]
ac_dict:{702: {0, 1}, 182: {1, 2}, 710: {0}, 962: {1}, 831: {2}}
clusters:[ 9  6  8 12  3 14 13  2  4 10  7 11  5  0  1]

round: 1
best_g_value: 203.0
open_list_size: 0
num_low_level_expanded: 474
search_success: 1
search_time: 0.13610654200601857
n_tsp_call: 1
n_tsp_time: 0.11472854799649213
n_roots: 1
num_conflicts: 0
target_assignment: {606: 0, 702: 0, 318: 0, 255: 0, 186: 0, 211: 0, 242: 0, 334: 0, 110: 0, 41: 0, 131: 0, 164: 0, 727: 2, 692: 2, 182: 2}
cluster_target_selection: {11: 606, 9: 702, 3: 318, 8: 255, 0: 186, 4: 211, 1: 242, 13: 334, 14: 110, 12: 41, 5: 131, 10: 164, 2: 727, 7: 692, 6: 182}
num_nodes_transformed_graph: 26
agent_paths:({0: [(31, 12), (31, 13), (31, 14), (31, 15), (31, 16), (31, 17), (30, 17), (30, 18), (30, 19), (31, 19), (31, 20), (31, 21), (30, 21), (31, 21), (31, 20), (31, 19), (31, 18), (31, 17), (31, 16), (31, 15), (31, 14), (31, 13), (31, 12), (31, 11), (30, 11), (30, 10), (30, 9), (31, 9), (31, 8), (31, 7), (30, 7), (29, 7), (29, 6), (28, 6), (27, 6), (26, 6), (26, 5), (25, 5), (25, 6), (25, 7), (25, 8), (25, 9), (24, 9), (23, 9), (23, 8), (23, 7), (22, 7), (21, 7), (20, 7), (19, 7), (19, 6), (18, 6), (18, 7), (18, 8), (18, 9), (17, 9), (16, 9), (15, 9), (14, 9), (14, 10), (14, 9), (14, 8), (14, 7), (14, 6), (14, 5), (14, 4), (14, 3), (13, 3), (12, 3), (11, 3), (10, 3), (9, 3), (9, 2), (9, 1), (8, 1), (7, 1), (6, 1), (6, 2), (6, 3), (6, 4), (6, 5), (5, 5), (4, 5), (3, 5), (3, 4), (3, 5), (4, 5), (5, 5), (6, 5), (6, 6), (6, 7), (6, 8), (6, 9), (6, 10), (6, 11), (5, 11), (5, 12), (5, 13), (6, 13), (6, 14), (6, 15), (6, 16), (6, 17), (6, 18), (7, 18), (8, 18), (9, 18), (9, 19), (9, 20), (9, 21), (8, 21), (7, 21), (6, 21), (6, 22), (6, 22)], 1: [(26, 31), (25, 31), (24, 31), (23, 31), (22, 31), (21, 31), (20, 31), (19, 31), (18, 31), (18, 30), (18, 29), (18, 28), (18, 27), (17, 27), (16, 27), (15, 27), (14, 27), (13, 27), (12, 27), (11, 27), (10, 27), (10, 28), (10, 29), (9, 29), (9, 30), (8, 30), (7, 30), (6, 30), (5, 30), (4, 30), (3, 30), (2, 30), (2, 30)], 2: [(25, 26), (25, 25), (24, 25), (23, 25), (23, 24), (23, 23), (23, 22), (22, 22), (21, 22), (21, 21), (20, 21), (21, 21), (22, 21), (22, 20), (22, 19), (22, 18), (22, 17), (22, 16), (22, 15), (22, 14), (22, 13), (22, 12), (22, 11), (22, 10), (22, 9), (23, 9), (23, 8), (23, 7), (22, 7), (22, 6), (22, 5), (23, 5), (23, 6), (23, 7), (23, 8), (23, 9), (24, 9), (25, 9), (26, 9), (27, 9), (27, 10), (27, 11), (27, 12), (27, 13), (27, 14), (27, 15), (27, 16), (27, 17), (27, 18), (27, 19), (27, 20), (27, 21), (27, 22), (27, 23), (28, 23), (29, 23), (30, 23), (30, 24), (30, 25), (31, 25), (31, 25)]}, 113)