

CBSS-C STATS
starts:[871, 225, 966, 869, 347]
targets:[570, 213, 630, 642, 565, 418, 557, 607, 825, 343, 837, 1012, 51, 549, 551, 94, 765, 83, 544, 358]
dests:[583, 814, 480, 371, 190]
ac_dict:{570: {0, 1}, 213: {1, 2}, 630: {2, 3}, 642: {3, 4}, 583: {0}, 814: {1}, 480: {2}, 371: {3}, 190: {4}}
clusters:[4 3 0 2 9 6 8 4 4 0 6 5 7 3 5 6 7 6 1 5]

round: 2
best_g_value: 190.0
open_list_size: 1
num_low_level_expanded: 714
search_success: 1
search_time: 19.584719472099096
n_tsp_call: 15
n_tsp_time: 19.308480207342654
n_roots: 1
num_conflicts: 1
target_assignment: {837: 0, 557: 1, 565: 1, 765: 1, 825: 1, 544: 2, 642: 3, 549: 3, 551: 3, 343: 4}
cluster_target_selection: {6: 837, 8: 557, 9: 565, 7: 765, 4: 825, 1: 544, 2: 642, 3: 549, 5: 551, 0: 343}
num_nodes_transformed_graph: 98
agent_paths:({0: [(7, 27), (6, 27), (5, 27), (5, 26), (4, 26), (3, 26), (3, 25), (2, 25), (1, 25), (1, 24), (1, 23), (1, 22), (1, 21), (2, 21), (2, 20), (2, 19), (3, 19), (4, 19), (5, 19), (5, 18), (6, 18), (6, 18), (7, 18), (7, 18)], 1: [(1, 7), (2, 7), (3, 7), (3, 6), (3, 5), (4, 5), (5, 5), (6, 5), (6, 6), (6, 7), (6, 8), (6, 9), (7, 9), (8, 9), (9, 9), (9, 10), (9, 11), (9, 12), (9, 13), (10, 13), (11, 13), (11, 14), (12, 14), (13, 14), (14, 14), (15, 14), (16, 14), (17, 14), (17, 15), (18, 15), (18, 16), (18, 17), (17, 17), (17, 18), (16, 18), (15, 18), (14, 18), (13, 18), (13, 17), (14, 17), (15, 17), (15, 18), (16, 18), (17, 18), (17, 17), (18, 17), (19, 17), (20, 17), (21, 17), (22, 17), (23, 17), (23, 18), (24, 18), (25, 18), (26, 18), (27, 18), (27, 19), (27, 20), (27, 21), (27, 22), (27, 23), (28, 23), (29, 23), (28, 23), (27, 23), (27, 24), (27, 25), (26, 25), (25, 25), (24, 25), (23, 25), (22, 25), (21, 25), (21, 26), (20, 26), (19, 26), (18, 26), (17, 26), (17, 27), (16, 27), (15, 27), (14, 27), (14, 26), (14, 25), (14, 25)], 2: [(6, 30), (5, 30), (4, 30), (3, 30), (3, 29), (3, 28), (3, 27), (2, 27), (1, 27), (1, 26), (1, 25), (1, 24), (1, 23), (1, 22), (1, 21), (2, 21), (2, 20), (2, 19), (1, 19), (1, 18), (1, 17), (0, 17), (1, 17), (2, 17), (2, 16), (2, 15), (1, 15), (0, 15), (0, 15)], 3: [(5, 27), (5, 26), (4, 26), (3, 26), (2, 26), (2, 25), (1, 25), (1, 24), (1, 23), (1, 22), (1, 21), (2, 21), (2, 20), (2, 19), (3, 19), (4, 19), (5, 19), (5, 18), (5, 17), (6, 17), (7, 17), (7, 18), (8, 18), (9, 18), (9, 17), (10, 17), (11, 17), (11, 16), (11, 15), (11, 14), (12, 14), (13, 14), (14, 14), (15, 14), (16, 14), (17, 14), (17, 13), (18, 13), (18, 12), (18, 11), (19, 11), (19, 11)], 4: [(27, 10), (26, 10), (25, 10), (25, 9), (24, 9), (23, 9), (23, 10), (23, 9), (24, 9), (25, 9), (25, 8), (25, 7), (25, 6), (26, 6), (27, 6), (28, 6), (29, 6), (29, 5), (30, 5), (30, 5)]}, 83)