

CBSS-C STATS
starts:[859, 131]
targets:[710, 589, 108, 766, 518, 805, 34, 54, 301, 707]
dests:[245, 671]
ac_dict:{710: {0, 1}, 245: {0}, 671: {1}}
clusters:[1 0 3 4 9 6 8 7 5 2]

round: 1
best_g_value: 179.0
open_list_size: 0
num_low_level_expanded: 363
search_success: 1
search_time: 0.16407344400067814
n_tsp_call: 1
n_tsp_time: 0.14771447199746035
n_roots: 1
num_conflicts: 0
target_assignment: {766: 0, 589: 0, 710: 0, 707: 0, 805: 0, 518: 0, 301: 0, 34: 1, 108: 1, 54: 1}
cluster_target_selection: {4: 766, 0: 589, 1: 710, 2: 707, 6: 805, 9: 518, 5: 301, 8: 34, 3: 108, 7: 54}
num_nodes_transformed_graph: 24
agent_paths:({0: [(27, 26), (27, 25), (27, 24), (27, 23), (28, 23), (29, 23), (30, 23), (29, 23), (28, 23), (27, 23), (27, 22), (27, 21), (27, 20), (27, 19), (26, 19), (25, 19), (25, 18), (24, 18), (23, 18), (22, 18), (21, 18), (21, 17), (20, 17), (19, 17), (18, 17), (17, 17), (17, 18), (16, 18), (15, 18), (14, 18), (13, 18), (14, 18), (15, 18), (16, 18), (17, 18), (17, 17), (18, 17), (18, 16), (18, 15), (17, 15), (17, 14), (16, 14), (15, 14), (14, 14), (13, 14), (12, 14), (11, 14), (11, 15), (11, 16), (11, 17), (10, 17), (9, 17), (9, 18), (9, 19), (9, 20), (9, 21), (8, 21), (7, 21), (6, 21), (6, 22), (5, 22), (4, 22), (3, 22), (3, 23), (2, 23), (1, 23), (1, 24), (1, 25), (2, 25), (3, 25), (3, 26), (4, 26), (5, 26), (5, 25), (5, 26), (4, 26), (3, 26), (3, 25), (2, 25), (1, 25), (1, 24), (1, 23), (1, 22), (1, 21), (2, 21), (2, 20), (2, 19), (3, 19), (4, 19), (5, 19), (5, 18), (5, 17), (6, 17), (6, 16), (6, 15), (6, 14), (6, 13), (7, 13), (8, 13), (9, 13), (9, 12), (9, 11), (10, 11), (11, 11), (12, 11), (13, 11), (13, 10), (13, 9), (14, 9), (15, 9), (16, 9), (17, 9), (18, 9), (18, 8), (18, 7), (19, 7), (20, 7), (21, 7), (21, 7)], 1: [(3, 4), (3, 3), (2, 3), (2, 2), (2, 1), (3, 1), (3, 2), (3, 3), (3, 4), (3, 5), (4, 5), (5, 5), (6, 5), (7, 5), (7, 6), (8, 6), (9, 6), (9, 5), (10, 5), (11, 5), (11, 4), (11, 3), (12, 3), (13, 3), (13, 2), (14, 2), (15, 2), (16, 2), (17, 2), (17, 1), (18, 1), (19, 1), (20, 1), (21, 1), (22, 1), (23, 1), (23, 2), (23, 3), (24, 3), (25, 3), (26, 3), (27, 3), (27, 4), (27, 5), (27, 6), (28, 6), (29, 6), (30, 6), (31, 6), (31, 7), (31, 8), (31, 9), (31, 10), (31, 11), (31, 12), (31, 13), (31, 14), (31, 15), (31, 16), (31, 17), (31, 18), (31, 19), (31, 20), (31, 20)]}, 117)