

CBSS-C STATS
starts:[1005, 167, 627, 475, 99]
targets:[725, 614, 299, 832, 306, 861, 889, 701, 435, 599, 79, 383, 304, 346, 622, 591, 221, 178, 579, 887]
dests:[974, 81, 649, 179, 449]
ac_dict:{725: {0, 1}, 614: {1, 2}, 299: {2, 3}, 832: {3, 4}, 974: {0}, 81: {1}, 649: {2}, 179: {3}, 449: {4}}
clusters:[ 2 12  5 10 13  1 15 14  7  3 11 18  9 16 17  6 19  8  4  0]

round: 2
best_g_value: 235.0
open_list_size: 15
num_low_level_expanded: 6460
search_success: 1
search_time: 210.66035214799922
n_tsp_call: 125
n_tsp_time: 207.9510086930386
n_roots: 8
num_conflicts: 8
target_assignment: {346: 3, 591: 2, 622: 2, 304: 2, 299: 2, 614: 2, 178: 1, 306: 1, 435: 1, 599: 1, 725: 1, 887: 1, 889: 1, 861: 1, 701: 1, 383: 1, 221: 1, 79: 1, 832: 4, 579: 4}
cluster_target_selection: {16: 346, 6: 591, 17: 622, 9: 304, 5: 299, 12: 614, 8: 178, 13: 306, 7: 435, 3: 599, 2: 725, 0: 887, 15: 889, 1: 861, 14: 701, 18: 383, 19: 221, 11: 79, 10: 832, 4: 579}
num_nodes_transformed_graph: 98
agent_paths:({0: [(13, 31), (13, 30), (14, 30), (14, 30)], 1: [(7, 5), (7, 6), (8, 6), (9, 6), (9, 5), (10, 5), (11, 5), (12, 5), (13, 5), (14, 5), (15, 5), (16, 5), (17, 5), (18, 5), (18, 6), (18, 7), (18, 8), (18, 9), (18, 10), (18, 10), (18, 11), (18, 12), (18, 13), (19, 13), (20, 13), (21, 13), (22, 13), (22, 14), (22, 15), (22, 16), (22, 17), (23, 17), (23, 18), (22, 18), (22, 19), (22, 20), (22, 21), (21, 21), (21, 22), (22, 22), (23, 22), (23, 23), (23, 24), (23, 25), (23, 26), (23, 27), (23, 26), (23, 25), (24, 25), (25, 25), (25, 26), (25, 27), (25, 26), (26, 26), (27, 26), (27, 25), (27, 24), (27, 23), (28, 23), (29, 23), (30, 23), (30, 24), (30, 25), (29, 25), (29, 26), (29, 25), (30, 25), (30, 24), (30, 23), (29, 23), (29, 22), (29, 21), (30, 21), (31, 21), (31, 20), (31, 19), (31, 18), (31, 17), (31, 16), (31, 15), (31, 14), (31, 13), (31, 12), (31, 11), (31, 10), (31, 9), (31, 8), (31, 7), (30, 7), (29, 7), (29, 6), (28, 6), (27, 6), (27, 5), (27, 4), (27, 3), (26, 3), (25, 3), (24, 3), (23, 3), (22, 3), (21, 3), (21, 2), (21, 1), (20, 1), (19, 1), (18, 1), (17, 1), (17, 2), (16, 2), (15, 2), (16, 2), (17, 2), (17, 2)], 2: [(19, 19), (18, 19), (17, 19), (17, 18), (16, 18), (15, 18), (14, 18), (14, 19), (14, 18), (15, 18), (16, 18), (17, 18), (17, 17), (18, 17), (18, 16), (18, 15), (18, 14), (18, 13), (18, 12), (18, 11), (17, 11), (17, 10), (17, 9), (16, 9), (15, 9), (14, 9), (13, 9), (13, 10), (13, 11), (12, 11), (11, 11), (11, 10), (11, 9), (10, 9), (9, 9), (9, 10), (9, 11), (9, 12), (9, 13), (8, 13), (7, 13), (6, 13), (6, 14), (6, 15), (6, 16), (6, 17), (6, 18), (6, 19), (7, 19), (7, 18), (8, 18), (9, 18), (9, 19), (9, 20), (9, 20)], 3: [(27, 14), (27, 13), (27, 12), (27, 11), (26, 11), (26, 10), (25, 10), (25, 9), (24, 9), (23, 9), (23, 8), (23, 7), (22, 7), (21, 7), (20, 7), (19, 7), (19, 6), (19, 5), (19, 5)], 4: [(3, 3), (3, 4), (3, 5), (4, 5), (5, 5), (5, 6), (5, 7), (6, 7), (6, 8), (6, 9), (5, 9), (5, 10), (5, 11), (5, 12), (5, 13), (5, 14), (5, 15), (6, 15), (6, 16), (6, 17), (5, 17), (5, 18), (5, 19), (4, 19), (3, 19), (2, 19), (2, 20), (2, 21), (1, 21), (1, 22), (1, 23), (1, 24), (1, 25), (1, 26), (0, 26), (1, 26), (1, 25), (1, 24), (1, 23), (1, 22), (1, 21), (2, 21), (2, 20), (2, 19), (2, 18), (3, 18), (2, 18), (2, 17), (2, 16), (2, 15), (1, 15), (1, 14), (1, 14)]}, 112)