

CBSS-C STATS
starts:[767, 692, 223, 743, 421]
targets:[626, 38, 649, 682, 49, 823, 436, 702, 218, 865, 354, 594, 17, 21, 255, 983, 254, 974, 418, 449]
dests:[249, 697, 190, 514, 851]
ac_dict:{626: {0, 1}, 38: {1, 2}, 649: {2, 3}, 682: {3, 4}, 249: {0}, 697: {1}, 190: {2}, 514: {3}, 851: {4}}
clusters:[3 4 9 7 7 6 7 6 6 1 4 9 9 6 7 0 7 5 2 8]

round: 1
best_g_value: 156.0
open_list_size: 0
num_low_level_expanded: 425
search_success: 1
search_time: 2.2343961698934436
n_tsp_call: 1
n_tsp_time: 2.2012523459270597
n_roots: 1
num_conflicts: 0
target_assignment: {702: 0, 865: 3, 449: 3, 418: 3, 354: 4, 682: 4, 974: 4, 983: 4, 594: 1, 626: 1}
cluster_target_selection: {6: 702, 1: 865, 8: 449, 2: 418, 4: 354, 7: 682, 5: 974, 0: 983, 9: 594, 3: 626}
num_nodes_transformed_graph: 98
agent_paths:({0: [(31, 23), (30, 23), (30, 22), (30, 21), (31, 21), (31, 20), (31, 19), (30, 19), (29, 19), (29, 18), (28, 18), (27, 18), (27, 17), (27, 16), (27, 15), (27, 14), (27, 13), (27, 12), (27, 11), (26, 11), (25, 11), (25, 10), (25, 9), (25, 8), (25, 7), (25, 7)], 1: [(20, 21), (21, 21), (22, 21), (22, 20), (22, 19), (21, 19), (21, 18), (21, 17), (20, 17), (19, 17), (18, 17), (18, 18), (18, 19), (19, 19), (19, 18), (19, 17), (20, 17), (21, 17), (22, 17), (23, 17), (23, 18), (24, 18), (25, 18), (25, 19), (26, 19), (27, 19), (27, 20), (27, 21), (26, 21), (25, 21), (25, 21)], 2: [(31, 6), (30, 6), (30, 5), (30, 5)], 3: [(7, 23), (6, 23), (5, 23), (5, 22), (4, 22), (3, 22), (2, 22), (1, 22), (1, 23), (1, 24), (1, 25), (1, 26), (1, 27), (1, 26), (1, 25), (1, 24), (1, 23), (1, 22), (1, 21), (2, 21), (2, 20), (2, 19), (2, 18), (2, 17), (2, 16), (2, 15), (1, 15), (1, 14), (1, 13), (2, 13), (2, 14), (2, 15), (2, 16), (2, 16)], 4: [(5, 13), (5, 12), (5, 11), (5, 10), (4, 10), (3, 10), (2, 10), (2, 11), (3, 11), (3, 10), (4, 10), (5, 10), (5, 11), (5, 12), (5, 13), (6, 13), (6, 14), (6, 15), (6, 16), (6, 17), (7, 17), (7, 18), (8, 18), (9, 18), (9, 19), (9, 20), (9, 21), (10, 21), (11, 21), (11, 22), (11, 23), (11, 24), (11, 25), (11, 26), (11, 27), (12, 27), (13, 27), (14, 27), (15, 27), (16, 27), (17, 27), (18, 27), (18, 28), (18, 29), (17, 29), (17, 30), (17, 31), (16, 31), (15, 31), (14, 31), (14, 30), (15, 30), (15, 31), (16, 31), (17, 31), (18, 31), (19, 31), (20, 31), (21, 31), (21, 30), (22, 30), (23, 30), (23, 29), (23, 28), (23, 27), (22, 27), (21, 27), (21, 26), (20, 26), (19, 26), (19, 26)]}, 69)