

CBSS-C STATS
starts:[187, 833, 357, 564, 978]
targets:[251, 274, 510, 221, 464, 270, 78, 722, 443, 347]
dests:[295, 327, 315, 832, 167]
ac_dict:{251: {0, 1}, 274: {1, 2}, 510: {2, 3}, 221: {3, 4}, 295: {0}, 327: {1}, 315: {2}, 832: {3}, 167: {4}}
clusters:[1 1 0 1 0 0 1 0 0 0]

round: 3
best_g_value: 163.0
open_list_size: 2
num_low_level_expanded: 1128
search_success: 1
search_time: 0.3594217807985842
n_tsp_call: 7
n_tsp_time: 0.2798741930164397
n_roots: 1
num_conflicts: 2
target_assignment: {251: 0, 464: 2}
cluster_target_selection: {1: 251, 0: 464}
num_nodes_transformed_graph: 29
agent_paths:({0: [(27, 5), (27, 6), (27, 7), (26, 7), (25, 7), (25, 8), (25, 9), (24, 9), (23, 9), (22, 9), (21, 9), (21, 10), (21, 11), (20, 11), (19, 11), (18, 11), (17, 11), (17, 10), (17, 9), (16, 9), (15, 9), (14, 9), (13, 9), (13, 10), (13, 11), (12, 11), (11, 11), (10, 11), (9, 11), (9, 10), (9, 9), (8, 9), (7, 9), (7, 9)], 1: [(1, 26), (1, 25), (1, 24), (1, 23), (1, 22), (1, 21), (2, 21), (2, 20), (2, 19), (3, 19), (4, 19), (5, 19), (5, 18), (5, 17), (6, 17), (6, 16), (6, 15), (6, 14), (6, 13), (5, 13), (5, 12), (5, 11), (5, 10), (6, 10), (7, 10), (7, 10)], 2: [(5, 11), (5, 12), (5, 13), (6, 13), (7, 13), (8, 13), (9, 13), (10, 13), (11, 13), (11, 14), (12, 14), (13, 14), (14, 14), (15, 14), (16, 14), (17, 14), (17, 13), (18, 13), (18, 12), (18, 11), (19, 11), (20, 11), (21, 11), (21, 10), (21, 9), (22, 9), (23, 9), (24, 9), (25, 9), (26, 9), (27, 9), (27, 9)], 3: [(20, 17), (21, 17), (21, 18), (21, 19), (22, 19), (22, 20), (22, 21), (21, 21), (20, 21), (19, 21), (18, 21), (17, 21), (17, 22), (16, 22), (15, 22), (14, 22), (13, 22), (13, 23), (12, 23), (11, 23), (10, 23), (9, 23), (9, 22), (9, 21), (8, 21), (7, 21), (6, 21), (5, 21), (5, 22), (4, 22), (3, 22), (2, 22), (1, 22), (1, 23), (1, 24), (1, 25), (1, 26), (0, 26), (0, 26)], 4: [(18, 30), (18, 29), (18, 28), (18, 27), (17, 27), (16, 27), (15, 27), (14, 27), (13, 27), (12, 27), (11, 27), (11, 26), (11, 25), (11, 24), (11, 23), (10, 23), (9, 23), (9, 22), (9, 21), (9, 20), (9, 19), (9, 18), (8, 18), (7, 18), (7, 17), (6, 17), (6, 16), (6, 15), (6, 14), (6, 13), (5, 13), (5, 12), (5, 11), (5, 10), (5, 9), (6, 9), (6, 8), (6, 7), (6, 6), (6, 5), (7, 5), (7, 5)]}, 40)