

CBSS-C STATS
starts:[321, 181, 731]
targets:[473, 296, 347, 115, 754, 477, 634, 341, 433, 449, 490, 461, 849, 895, 298]
dests:[959, 317, 981]
ac_dict:{473: {0, 1}, 296: {1, 2}, 959: {0}, 317: {1}, 981: {2}}
clusters:[12 14 10  8  0 13  7  5  2  9  6  3  1 11  4]

round: 1
best_g_value: 197.0
open_list_size: 0
num_low_level_expanded: 555
search_success: 1
search_time: 0.24620782199781388
n_tsp_call: 1
n_tsp_time: 0.22279545001219958
n_roots: 1
num_conflicts: 0
target_assignment: {449: 0, 490: 0, 461: 0, 433: 0, 341: 0, 347: 0, 473: 0, 477: 0, 895: 0, 298: 1, 296: 1, 115: 1, 634: 2, 754: 2, 849: 2}
cluster_target_selection: {9: 449, 6: 490, 3: 461, 2: 433, 5: 341, 10: 347, 12: 473, 13: 477, 11: 895, 4: 298, 14: 296, 8: 115, 7: 634, 0: 754, 1: 849}
num_nodes_transformed_graph: 49
agent_paths:({0: [(1, 10), (2, 10), (3, 10), (4, 10), (5, 10), (5, 11), (5, 12), (5, 13), (5, 14), (6, 14), (6, 15), (6, 16), (6, 17), (5, 17), (5, 18), (5, 19), (4, 19), (3, 19), (2, 19), (2, 18), (2, 17), (2, 16), (2, 15), (1, 15), (1, 14), (2, 14), (2, 15), (2, 16), (2, 17), (3, 17), (3, 18), (3, 19), (4, 19), (5, 19), (5, 18), (6, 18), (7, 18), (8, 18), (9, 18), (9, 17), (10, 17), (11, 17), (11, 16), (11, 15), (10, 15), (10, 14), (11, 14), (12, 14), (13, 14), (14, 14), (15, 14), (16, 14), (17, 14), (17, 13), (18, 13), (18, 12), (18, 11), (19, 11), (20, 11), (21, 11), (21, 10), (22, 10), (23, 10), (23, 9), (24, 9), (25, 9), (26, 9), (27, 9), (27, 10), (27, 11), (27, 12), (27, 13), (26, 13), (25, 13), (25, 14), (26, 14), (27, 14), (28, 14), (29, 14), (30, 14), (31, 14), (31, 15), (31, 16), (31, 17), (31, 18), (31, 19), (31, 20), (31, 21), (31, 22), (31, 23), (30, 23), (30, 24), (30, 25), (31, 25), (31, 26), (31, 27), (31, 28), (31, 29), (31, 29)], 1: [(21, 5), (21, 6), (21, 7), (20, 7), (19, 7), (18, 7), (18, 8), (18, 9), (17, 9), (16, 9), (15, 9), (14, 9), (13, 9), (13, 10), (13, 11), (12, 11), (11, 11), (10, 11), (10, 10), (10, 9), (9, 9), (8, 9), (9, 9), (10, 9), (11, 9), (11, 10), (11, 11), (12, 11), (13, 11), (13, 10), (13, 9), (14, 9), (14, 8), (14, 7), (14, 6), (14, 5), (14, 4), (14, 3), (15, 3), (15, 2), (16, 2), (17, 2), (18, 2), (19, 2), (19, 3), (19, 2), (19, 1), (20, 1), (21, 1), (22, 1), (23, 1), (23, 2), (23, 3), (24, 3), (25, 3), (26, 3), (27, 3), (27, 4), (27, 5), (27, 6), (28, 6), (29, 6), (29, 7), (30, 7), (31, 7), (31, 8), (31, 9), (30, 9), (29, 9), (29, 9)], 2: [(27, 22), (27, 21), (27, 20), (27, 19), (26, 19), (25, 19), (25, 18), (24, 18), (23, 18), (22, 18), (22, 19), (22, 20), (22, 21), (21, 21), (20, 21), (19, 21), (18, 21), (18, 22), (18, 23), (17, 23), (17, 24), (17, 25), (17, 26), (18, 26), (18, 27), (18, 28), (18, 29), (19, 29), (19, 30), (19, 31), (20, 31), (21, 31), (21, 30), (21, 30)]}, 97)