

CBSS-C STATS
starts:[181, 758, 566, 514, 466, 123, 358, 639, 312, 891]
targets:[711, 142, 65, 819, 110, 617, 586, 957, 933, 490, 709, 731, 642, 698, 549]
dests:[831, 720, 719, 983, 319, 214, 705, 764, 955, 489]
ac_dict:{711: {0, 1}, 142: {1, 2}, 65: {2, 3}, 819: {3, 4}, 110: {4, 5}, 617: {5, 6}, 586: {6, 7}, 957: {8, 7}, 933: {8, 9}, 831: {0}, 720: {1}, 719: {2}, 983: {3}, 319: {4}, 214: {5}, 705: {6}, 764: {7}, 955: {8}, 489: {9}}
clusters:[4 8 7 6 7 1 8 0 7 4 9 3 9 2 5]

round: 80
best_g_value: 259.0
open_list_size: 79
num_low_level_expanded: 21538
search_success: 1
search_time: 5.819063861388713
n_tsp_call: 14
n_tsp_time: 3.545154746621847
n_roots: 1
num_conflicts: 79
target_assignment: {698: 0, 731: 0, 549: 6, 586: 6, 617: 6, 709: 6, 490: 9, 110: 5, 819: 3, 957: 8}
cluster_target_selection: {2: 698, 3: 731, 5: 549, 8: 586, 1: 617, 9: 709, 4: 490, 7: 110, 6: 819, 0: 957}
num_nodes_transformed_graph: 55
agent_paths:({0: [(21, 5), (22, 5), (23, 5), (23, 6), (23, 7), (23, 8), (23, 9), (24, 9), (25, 9), (26, 9), (26, 10), (26, 11), (27, 11), (27, 12), (27, 13), (27, 14), (27, 15), (27, 16), (27, 17), (27, 18), (27, 19), (27, 20), (27, 21), (26, 21), (27, 21), (27, 22), (27, 21), (27, 20), (27, 19), (27, 18), (28, 18), (29, 18), (30, 18), (31, 18), (31, 19), (31, 20), (31, 21), (31, 22), (31, 23), (30, 23), (30, 24), (30, 25), (31, 25), (31, 25)], 1: [(22, 23), (21, 23), (21, 22), (21, 21), (20, 21), (19, 21), (18, 21), (17, 21), (17, 21), (17, 21), (17, 21), (17, 22), (16, 22), (16, 22)], 2: [(22, 17), (22, 18), (22, 19), (22, 20), (22, 21), (21, 21), (20, 21), (19, 21), (18, 21), (18, 22), (17, 22), (16, 22), (15, 22), (15, 22)], 3: [(2, 16), (2, 17), (2, 18), (2, 19), (2, 20), (2, 21), (3, 21), (3, 22), (4, 22), (5, 22), (6, 22), (7, 22), (7, 21), (8, 21), (9, 21), (10, 21), (11, 21), (11, 22), (11, 23), (12, 23), (13, 23), (14, 23), (15, 23), (15, 24), (15, 25), (15, 26), (15, 27), (16, 27), (17, 27), (17, 26), (17, 25), (18, 25), (19, 25), (19, 26), (20, 26), (21, 26), (22, 26), (23, 26), (23, 27), (23, 28), (23, 29), (23, 30), (23, 30)], 4: [(18, 14), (18, 13), (18, 12), (18, 11), (19, 11), (20, 11), (21, 11), (21, 10), (21, 9), (22, 9), (23, 9), (24, 9), (25, 9), (26, 9), (27, 9), (27, 10), (28, 10), (29, 10), (29, 9), (30, 9), (31, 9), (31, 9)], 5: [(27, 3), (26, 3), (25, 3), (24, 3), (23, 3), (22, 3), (21, 3), (21, 2), (21, 1), (20, 1), (19, 1), (18, 1), (17, 1), (17, 2), (16, 2), (15, 2), (14, 2), (14, 3), (14, 4), (14, 5), (15, 5), (16, 5), (17, 5), (18, 5), (19, 5), (19, 6), (19, 7), (20, 7), (21, 7), (21, 6), (22, 6), (22, 6)], 6: [(6, 11), (5, 11), (5, 12), (5, 13), (5, 14), (5, 15), (6, 15), (6, 16), (6, 17), (5, 17), (6, 17), (7, 17), (7, 18), (8, 18), (9, 18), (10, 18), (9, 18), (9, 19), (9, 20), (9, 21), (8, 21), (7, 21), (6, 21), (5, 21), (5, 22), (4, 22), (3, 22), (2, 22), (1, 22), (1, 22)], 7: [(31, 19), (31, 20), (31, 21), (30, 21), (29, 21), (29, 22), (29, 23), (28, 23), (28, 23)], 8: [(24, 9), (25, 9), (26, 9), (27, 9), (27, 10), (27, 11), (27, 12), (27, 13), (27, 14), (27, 15), (27, 16), (27, 17), (27, 18), (27, 19), (27, 20), (27, 21), (27, 22), (27, 23), (27, 24), (27, 25), (27, 26), (27, 27), (27, 28), (27, 29), (27, 30), (27, 31), (28, 31), (29, 31), (29, 30), (29, 29), (29, 30), (29, 31), (28, 31), (27, 31), (27, 30), (27, 29), (27, 29)], 9: [(27, 27), (26, 27), (25, 27), (25, 26), (25, 25), (24, 25), (23, 25), (23, 24), (23, 23), (22, 23), (22, 22), (22, 21), (22, 20), (22, 19), (21, 19), (21, 18), (21, 17), (20, 17), (19, 17), (18, 17), (18, 16), (18, 15), (17, 15), (17, 14), (16, 14), (15, 14), (14, 14), (13, 14), (12, 14), (11, 14), (10, 14), (10, 15), (9, 15), (9, 15)]}, 42)