

CBSS-C STATS
starts:[270, 553, 1011, 685, 686]
targets:[346, 849, 586, 436, 247, 869, 546, 45, 310, 109, 349, 762, 501, 889, 464, 763, 375, 619, 355, 559]
dests:[858, 718, 39, 1002, 75]
ac_dict:{346: {0, 1}, 849: {1, 2}, 586: {2, 3}, 436: {3, 4}, 858: {0}, 718: {1}, 39: {2}, 1002: {3}, 75: {4}}
clusters:[1 0 6 8 2 4 6 3 5 8 4 8 8 2 2 2 9 5 7 2]

round: 3
best_g_value: 165.0
open_list_size: 2
num_low_level_expanded: 687
search_success: 1
search_time: 1.378496004268527
n_tsp_call: 1
n_tsp_time: 1.3371586347930133
n_roots: 1
num_conflicts: 2
target_assignment: {375: 0, 346: 0, 349: 0, 763: 0, 849: 2, 586: 2, 355: 2, 619: 4, 109: 4, 45: 4}
cluster_target_selection: {9: 375, 1: 346, 4: 349, 2: 763, 0: 849, 6: 586, 7: 355, 5: 619, 8: 109, 3: 45}
num_nodes_transformed_graph: 98
agent_paths:({0: [(14, 8), (14, 9), (15, 9), (16, 9), (17, 9), (18, 9), (19, 9), (19, 10), (19, 11), (20, 11), (21, 11), (22, 11), (23, 11), (23, 10), (23, 9), (24, 9), (25, 9), (26, 9), (26, 10), (27, 10), (28, 10), (29, 10), (28, 10), (27, 10), (27, 11), (27, 12), (27, 13), (27, 14), (27, 15), (27, 16), (27, 17), (27, 18), (27, 19), (27, 20), (27, 21), (27, 22), (27, 23), (27, 24), (27, 25), (26, 25), (26, 26), (26, 26)], 1: [(9, 17), (9, 18), (9, 19), (9, 20), (9, 21), (10, 21), (10, 22), (11, 22), (11, 23), (12, 23), (13, 23), (13, 22), (14, 22), (14, 22)], 2: [(19, 31), (18, 31), (18, 30), (18, 29), (18, 28), (18, 27), (17, 27), (17, 26), (17, 25), (17, 24), (17, 23), (17, 22), (16, 22), (15, 22), (15, 23), (14, 23), (13, 23), (12, 23), (11, 23), (10, 23), (10, 22), (10, 21), (9, 21), (9, 20), (9, 19), (9, 18), (10, 18), (9, 18), (8, 18), (7, 18), (6, 18), (6, 17), (6, 16), (6, 15), (5, 15), (5, 14), (5, 13), (5, 12), (5, 11), (5, 10), (4, 10), (3, 10), (3, 11), (3, 10), (4, 10), (5, 10), (5, 9), (6, 9), (6, 8), (6, 7), (6, 6), (6, 5), (6, 4), (6, 3), (6, 2), (6, 1), (7, 1), (7, 1)], 3: [(13, 21), (13, 22), (13, 23), (12, 23), (11, 23), (11, 24), (11, 25), (10, 25), (10, 26), (10, 27), (10, 28), (10, 29), (10, 30), (10, 31), (10, 31)], 4: [(14, 21), (13, 21), (13, 22), (13, 23), (12, 23), (11, 23), (11, 22), (11, 21), (10, 21), (9, 21), (9, 20), (9, 19), (10, 19), (11, 19), (11, 18), (11, 17), (11, 16), (11, 15), (11, 14), (11, 13), (10, 13), (9, 13), (9, 12), (9, 11), (10, 11), (11, 11), (12, 11), (13, 11), (13, 10), (13, 9), (14, 9), (14, 8), (14, 7), (14, 6), (14, 5), (14, 4), (14, 3), (13, 3), (13, 2), (13, 1), (13, 2), (13, 3), (12, 3), (11, 3), (11, 2), (11, 2)]}, 56)