

CBSS-C STATS
starts:[219, 739, 87, 827, 493]
targets:[853, 824, 78, 245, 430, 639, 841, 1014, 389, 45]
dests:[999, 375, 197, 630, 735]
ac_dict:{853: {0, 1}, 824: {1, 2}, 78: {2, 3}, 245: {3, 4}, 999: {0}, 375: {1}, 197: {2}, 630: {3}, 735: {4}}
clusters:[4 3 1 1 0 3 4 3 2 2]

round: 5
best_g_value: 149.0
open_list_size: 4
num_low_level_expanded: 1479
search_success: 1
search_time: 1.1468374799005687
n_tsp_call: 10
n_tsp_time: 1.0106171020306647
n_roots: 1
num_conflicts: 4
target_assignment: {841: 0, 430: 1, 639: 4, 78: 2, 45: 2}
cluster_target_selection: {4: 841, 0: 430, 3: 639, 1: 78, 2: 45}
num_nodes_transformed_graph: 48
agent_paths:({0: [(27, 6), (26, 6), (25, 6), (25, 7), (25, 8), (25, 9), (24, 9), (23, 9), (22, 9), (21, 9), (21, 10), (21, 11), (20, 11), (19, 11), (18, 11), (18, 12), (18, 13), (17, 13), (17, 14), (16, 14), (15, 14), (14, 14), (13, 14), (12, 14), (11, 14), (11, 15), (11, 16), (11, 17), (10, 17), (9, 17), (9, 18), (9, 19), (9, 20), (9, 21), (9, 22), (9, 23), (10, 23), (11, 23), (11, 24), (11, 25), (10, 25), (9, 25), (9, 26), (9, 27), (10, 27), (10, 28), (10, 29), (9, 29), (9, 30), (8, 30), (7, 30), (7, 31), (7, 31)], 1: [(3, 23), (3, 22), (4, 22), (5, 22), (5, 21), (6, 21), (7, 21), (8, 21), (9, 21), (9, 20), (9, 19), (9, 18), (9, 17), (10, 17), (11, 17), (11, 16), (11, 15), (11, 14), (12, 14), (13, 14), (13, 13), (14, 13), (15, 13), (15, 14), (16, 14), (17, 14), (17, 13), (18, 13), (18, 12), (18, 11), (19, 11), (20, 11), (21, 11), (22, 11), (23, 11), (23, 11)], 2: [(23, 2), (22, 2), (21, 2), (21, 1), (20, 1), (19, 1), (18, 1), (17, 1), (17, 2), (16, 2), (15, 2), (14, 2), (13, 2), (13, 1), (13, 2), (13, 3), (12, 3), (11, 3), (11, 4), (11, 5), (10, 5), (9, 5), (9, 6), (8, 6), (7, 6), (6, 6), (5, 6), (5, 6)], 3: [(27, 25), (26, 25), (25, 25), (24, 25), (23, 25), (23, 24), (23, 23), (22, 23), (22, 22), (22, 21), (22, 20), (22, 19), (22, 19)], 4: [(13, 15), (14, 15), (15, 15), (15, 14), (16, 14), (17, 14), (18, 14), (18, 15), (18, 16), (18, 17), (19, 17), (20, 17), (21, 17), (22, 17), (23, 17), (23, 18), (24, 18), (25, 18), (26, 18), (27, 18), (28, 18), (29, 18), (30, 18), (31, 18), (31, 19), (31, 20), (31, 21), (31, 22), (31, 22)]}, 51)