

CBSS-C STATS
starts:[721, 305, 53, 103, 348, 839, 66, 749, 965, 85]
targets:[111, 57, 574, 73, 191, 761, 227, 829, 182, 294]
dests:[899, 999, 964, 578, 334, 101, 438, 470, 879, 50]
ac_dict:{111: {0, 1}, 57: {1, 2}, 574: {2, 3}, 73: {3, 4}, 191: {4, 5}, 761: {5, 6}, 227: {6, 7}, 829: {8, 7}, 182: {8, 9}, 899: {0}, 999: {1}, 964: {2}, 578: {3}, 334: {4}, 101: {5}, 438: {6}, 470: {7}, 879: {8}, 50: {9}}
clusters:[4 1 4 3 2 2 4 1 4 0]

round: 12
best_g_value: 303.0
open_list_size: 11
num_low_level_expanded: 4788
search_success: 1
search_time: 2.054345785174519
n_tsp_call: 13
n_tsp_time: 1.4874909617938101
n_roots: 1
num_conflicts: 11
target_assignment: {227: 6, 57: 2, 73: 3, 294: 3, 191: 4}
cluster_target_selection: {4: 227, 1: 57, 3: 73, 0: 294, 2: 191}
num_nodes_transformed_graph: 34
agent_paths:({0: [(17, 22), (16, 22), (15, 22), (14, 22), (13, 22), (13, 23), (12, 23), (11, 23), (11, 24), (11, 25), (10, 25), (10, 26), (10, 27), (10, 28), (10, 29), (9, 29), (9, 30), (8, 30), (7, 30), (6, 30), (5, 30), (4, 30), (3, 30), (3, 29), (3, 28), (3, 28)], 1: [(17, 9), (17, 10), (17, 11), (18, 11), (18, 12), (18, 13), (17, 13), (17, 14), (16, 14), (15, 14), (14, 14), (13, 14), (12, 14), (11, 14), (11, 15), (11, 16), (11, 17), (10, 17), (9, 17), (9, 18), (9, 19), (9, 20), (9, 21), (9, 22), (9, 23), (10, 23), (11, 23), (11, 24), (11, 25), (10, 25), (10, 26), (10, 27), (10, 28), (10, 29), (9, 29), (9, 30), (8, 30), (7, 30), (7, 31), (7, 31)], 2: [(21, 1), (22, 1), (23, 1), (23, 2), (23, 3), (24, 3), (25, 3), (25, 2), (25, 1), (25, 2), (25, 3), (26, 3), (27, 3), (27, 4), (27, 5), (26, 5), (25, 5), (25, 6), (25, 7), (25, 8), (25, 9), (24, 9), (23, 9), (22, 9), (22, 10), (22, 11), (22, 12), (22, 13), (21, 13), (21, 14), (21, 15), (22, 15), (22, 16), (22, 17), (22, 18), (22, 19), (22, 20), (22, 21), (21, 21), (20, 21), (19, 21), (18, 21), (17, 21), (17, 22), (16, 22), (15, 22), (14, 22), (13, 22), (13, 23), (12, 23), (11, 23), (11, 24), (11, 25), (10, 25), (10, 26), (10, 27), (10, 28), (10, 29), (9, 29), (9, 30), (8, 30), (7, 30), (6, 30), (5, 30), (4, 30), (4, 30)], 3: [(7, 3), (7, 2), (7, 1), (8, 1), (9, 1), (9, 2), (9, 1), (8, 1), (7, 1), (6, 1), (6, 2), (6, 3), (6, 4), (6, 5), (6, 6), (6, 7), (6, 8), (6, 9), (5, 9), (5, 10), (5, 11), (5, 12), (5, 13), (6, 13), (6, 14), (6, 15), (6, 16), (6, 17), (5, 17), (5, 18), (5, 19), (4, 19), (3, 19), (2, 19), (2, 18), (2, 18)], 4: [(28, 10), (29, 10), (29, 9), (30, 9), (31, 9), (31, 8), (31, 7), (31, 6), (31, 5), (30, 5), (29, 5), (29, 6), (28, 6), (27, 6), (26, 6), (25, 6), (25, 7), (25, 8), (25, 9), (24, 9), (23, 9), (22, 9), (21, 9), (21, 10), (21, 11), (20, 11), (19, 11), (18, 11), (17, 11), (17, 10), (17, 9), (16, 9), (15, 9), (14, 9), (14, 10), (14, 10)], 5: [(7, 26), (6, 26), (5, 26), (4, 26), (3, 26), (3, 25), (2, 25), (1, 25), (1, 24), (1, 23), (1, 22), (1, 21), (2, 21), (2, 20), (2, 19), (3, 19), (4, 19), (5, 19), (5, 18), (5, 17), (6, 17), (6, 16), (6, 15), (5, 15), (5, 14), (5, 13), (5, 12), (5, 11), (5, 10), (5, 9), (6, 9), (6, 8), (6, 7), (6, 6), (6, 5), (6, 4), (6, 3), (5, 3), (5, 3)], 6: [(2, 2), (3, 2), (3, 3), (3, 4), (3, 5), (3, 6), (3, 7), (3, 6), (3, 5), (4, 5), (5, 5), (6, 5), (6, 6), (6, 7), (6, 8), (6, 9), (7, 9), (8, 9), (9, 9), (9, 10), (9, 11), (9, 12), (9, 13), (10, 13), (11, 13), (11, 14), (12, 14), (13, 14), (14, 14), (15, 14), (16, 14), (17, 14), (17, 13), (18, 13), (19, 13), (20, 13), (21, 13), (22, 13), (22, 13)], 7: [(13, 23), (14, 23), (15, 23), (15, 22), (16, 22), (17, 22), (17, 21), (18, 21), (19, 21), (20, 21), (21, 21), (22, 21), (22, 20), (22, 19), (22, 18), (22, 17), (22, 16), (22, 15), (22, 14), (22, 14)], 8: [(5, 30), (6, 30), (7, 30), (8, 30), (9, 30), (9, 29), (10, 29), (10, 28), (10, 27), (11, 27), (12, 27), (13, 27), (14, 27), (15, 27), (15, 27)], 9: [(21, 2), (21, 1), (20, 1), (19, 1), (18, 1), (18, 1)]}, 64)