

CBSS-C STATS
starts:[478, 850, 577, 805, 697]
targets:[161, 351, 103, 818, 281, 115, 490, 244, 1005, 802, 427, 810, 602, 121, 467, 174, 241, 764, 78, 219]
dests:[814, 369, 487, 491, 691]
ac_dict:{161: {0, 1}, 351: {1, 2}, 103: {2, 3}, 818: {3, 4}, 814: {0}, 369: {1}, 487: {2}, 491: {3}, 691: {4}}
clusters:[18  4  8 17  7  2 16  0 19  6 11  1 13 10  5 14 12 15  3  9]

round: 1
best_g_value: 262.0
open_list_size: 0
num_low_level_expanded: 599
search_success: 1
search_time: 6.707899526008987
n_tsp_call: 1
n_tsp_time: 6.660807259002468
n_roots: 1
num_conflicts: 0
target_assignment: {602: 0, 1005: 1, 810: 1, 161: 1, 174: 1, 78: 1, 115: 1, 121: 1, 219: 1, 351: 1, 281: 1, 244: 1, 241: 1, 467: 1, 764: 4, 818: 4, 802: 3, 103: 3, 427: 3, 490: 3}
cluster_target_selection: {13: 602, 19: 1005, 1: 810, 18: 161, 14: 174, 3: 78, 2: 115, 10: 121, 9: 219, 4: 351, 7: 281, 0: 244, 12: 241, 5: 467, 15: 764, 17: 818, 6: 802, 8: 103, 11: 427, 16: 490}
num_nodes_transformed_graph: 98
agent_paths:({0: [(30, 14), (29, 14), (28, 14), (27, 14), (27, 15), (27, 16), (27, 17), (26, 17), (26, 18), (25, 18), (24, 18), (23, 18), (22, 18), (22, 19), (22, 20), (22, 21), (21, 21), (20, 21), (19, 21), (18, 21), (17, 21), (17, 22), (16, 22), (15, 22), (15, 23), (15, 24), (15, 25), (14, 25), (14, 25)], 1: [(18, 26), (18, 27), (18, 28), (18, 29), (17, 29), (17, 30), (17, 31), (16, 31), (15, 31), (14, 31), (13, 31), (14, 31), (15, 31), (16, 31), (17, 31), (17, 30), (17, 29), (18, 29), (18, 28), (18, 27), (17, 27), (16, 27), (15, 27), (14, 27), (13, 27), (12, 27), (11, 27), (10, 27), (10, 26), (10, 25), (11, 25), (11, 24), (11, 23), (10, 23), (9, 23), (9, 22), (9, 21), (9, 20), (9, 19), (9, 18), (8, 18), (7, 18), (6, 18), (6, 17), (6, 16), (6, 15), (5, 15), (5, 14), (5, 13), (5, 12), (5, 11), (5, 10), (5, 9), (6, 9), (6, 8), (6, 7), (5, 7), (5, 6), (5, 5), (4, 5), (3, 5), (2, 5), (1, 5), (2, 5), (3, 5), (4, 5), (5, 5), (6, 5), (7, 5), (7, 6), (8, 6), (9, 6), (9, 5), (10, 5), (11, 5), (12, 5), (13, 5), (14, 5), (14, 4), (14, 3), (14, 2), (15, 2), (16, 2), (17, 2), (18, 2), (19, 2), (19, 3), (19, 2), (19, 1), (20, 1), (21, 1), (22, 1), (23, 1), (23, 2), (23, 3), (24, 3), (25, 3), (26, 3), (27, 3), (27, 4), (27, 5), (27, 6), (28, 6), (29, 6), (30, 6), (31, 6), (31, 7), (31, 8), (31, 9), (31, 10), (30, 10), (29, 10), (28, 10), (27, 10), (26, 10), (25, 10), (25, 9), (25, 8), (25, 9), (24, 9), (23, 9), (23, 8), (23, 7), (22, 7), (21, 7), (20, 7), (19, 7), (18, 7), (17, 7), (18, 7), (18, 8), (18, 9), (18, 10), (18, 11), (18, 12), (18, 13), (19, 13), (19, 14), (18, 14), (18, 13), (18, 12), (18, 11), (17, 11), (17, 11)], 2: [(1, 18), (2, 18), (3, 18), (3, 19), (4, 19), (5, 19), (5, 18), (5, 17), (6, 17), (6, 16), (6, 15), (7, 15), (7, 15)], 3: [(5, 25), (5, 26), (4, 26), (3, 26), (2, 26), (2, 25), (1, 25), (1, 24), (1, 23), (1, 22), (1, 21), (2, 21), (2, 20), (2, 19), (3, 19), (4, 19), (5, 19), (5, 18), (5, 17), (6, 17), (6, 16), (6, 15), (6, 14), (6, 13), (5, 13), (5, 12), (5, 11), (5, 10), (5, 9), (6, 9), (6, 8), (6, 7), (6, 6), (6, 5), (6, 4), (6, 3), (7, 3), (6, 3), (6, 4), (6, 5), (6, 6), (6, 7), (6, 8), (6, 9), (7, 9), (8, 9), (9, 9), (9, 10), (9, 11), (9, 12), (9, 13), (10, 13), (11, 13), (10, 13), (10, 14), (10, 15), (11, 15), (11, 15)], 4: [(25, 21), (26, 21), (27, 21), (27, 22), (27, 23), (28, 23), (27, 23), (27, 24), (27, 25), (26, 25), (25, 25), (24, 25), (23, 25), (22, 25), (21, 25), (21, 26), (20, 26), (19, 26), (18, 26), (18, 25), (17, 25), (17, 24), (17, 23), (17, 22), (17, 21), (18, 21), (19, 21), (19, 21)]}, 142)