

CBSS-C STATS
starts:[514, 930, 333, 625, 715]
targets:[971, 499, 210, 429, 220, 894, 377, 1022, 315, 497, 622, 255, 818, 437, 195, 592, 182, 523, 959, 1013]
dests:[950, 339, 570, 558, 567]
ac_dict:{971: {0, 1}, 499: {1, 2}, 210: {2, 3}, 429: {3, 4}, 950: {0}, 339: {1}, 570: {2}, 558: {3}, 567: {4}}
clusters:[2 3 2 0 7 9 8 6 9 5 4 8 8 6 0 7 9 1 7 5]

round: 1
best_g_value: 151.0
open_list_size: 0
num_low_level_expanded: 464
search_success: 1
search_time: 0.1614515851251781
n_tsp_call: 1
n_tsp_time: 0.1359964068979025
n_roots: 1
num_conflicts: 0
target_assignment: {818: 0, 592: 3, 622: 3, 210: 2, 315: 2, 497: 1, 499: 1, 523: 4, 429: 4, 437: 4}
cluster_target_selection: {8: 818, 7: 592, 4: 622, 2: 210, 9: 315, 5: 497, 3: 499, 1: 523, 0: 429, 6: 437}
num_nodes_transformed_graph: 53
agent_paths:({0: [(2, 16), (2, 17), (2, 18), (2, 19), (2, 20), (2, 21), (3, 21), (3, 22), (4, 22), (5, 22), (6, 22), (7, 22), (7, 21), (8, 21), (9, 21), (10, 21), (11, 21), (11, 22), (11, 23), (12, 23), (13, 23), (14, 23), (15, 23), (15, 22), (16, 22), (17, 22), (17, 23), (17, 24), (17, 25), (18, 25), (19, 25), (19, 26), (20, 26), (21, 26), (22, 26), (22, 27), (23, 27), (23, 28), (23, 29), (22, 29), (22, 29)], 1: [(2, 29), (3, 29), (3, 28), (3, 27), (3, 26), (3, 25), (2, 25), (1, 25), (1, 24), (1, 23), (1, 22), (1, 21), (2, 21), (2, 20), (2, 19), (3, 19), (4, 19), (5, 19), (5, 18), (6, 18), (7, 18), (8, 18), (9, 18), (9, 17), (10, 17), (11, 17), (11, 16), (11, 15), (11, 14), (12, 14), (13, 14), (14, 14), (15, 14), (16, 14), (17, 14), (17, 15), (18, 15), (19, 15), (19, 14), (19, 13), (18, 13), (18, 12), (18, 11), (18, 10), (19, 10), (19, 10)], 2: [(13, 10), (13, 9), (14, 9), (15, 9), (16, 9), (17, 9), (18, 9), (18, 8), (18, 7), (18, 6), (19, 6), (19, 7), (20, 7), (21, 7), (22, 7), (23, 7), (23, 8), (23, 9), (24, 9), (25, 9), (26, 9), (27, 9), (27, 10), (27, 11), (27, 12), (27, 13), (27, 14), (27, 15), (27, 16), (27, 17), (26, 17), (26, 17)], 3: [(17, 19), (17, 18), (16, 18), (15, 18), (14, 18), (14, 19), (14, 18), (14, 17), (14, 17)], 4: [(11, 22), (11, 21), (10, 21), (9, 21), (9, 20), (9, 19), (9, 18), (9, 17), (10, 17), (11, 17), (11, 16), (11, 15), (11, 14), (12, 14), (13, 14), (13, 13), (14, 13), (15, 13), (15, 14), (16, 14), (17, 14), (17, 13), (18, 13), (19, 13), (20, 13), (21, 13), (22, 13), (22, 14), (22, 15), (22, 16), (22, 17), (23, 17), (23, 17)]}, 44)