

CBSS-C STATS
starts:[859, 131]
targets:[710, 589, 108, 766, 518, 805, 34, 54, 301, 707]
dests:[245, 671]
ac_dict:{710: {0, 1}, 245: {0}, 671: {1}}
clusters:[1 0 3 4 9 6 8 7 5 2]

round: 1
best_g_value: 181.0
open_list_size: 0
num_low_level_expanded: 552
search_success: 1
search_time: 0.020888344995910302
n_tsp_call: 1
n_tsp_time: 0.0049158250039909035
n_roots: 1
num_conflicts: 0
target_assignment: {766: 0, 34: 1, 108: 1, 54: 1, 301: 1, 518: 1, 805: 1, 707: 1, 710: 1, 589: 1}
cluster_target_selection: {4: 766, 8: 34, 3: 108, 7: 54, 5: 301, 9: 518, 6: 805, 2: 707, 1: 710, 0: 589}
num_nodes_transformed_graph: 14
agent_paths:({0: [(27, 26), (27, 25), (27, 24), (27, 23), (28, 23), (29, 23), (30, 23), (29, 23), (28, 23), (27, 23), (27, 22), (27, 21), (27, 20), (27, 19), (27, 18), (27, 17), (27, 16), (27, 15), (27, 14), (27, 13), (27, 12), (27, 11), (26, 11), (25, 11), (25, 10), (25, 9), (24, 9), (23, 9), (23, 8), (23, 7), (22, 7), (21, 7), (21, 7)], 1: [(3, 4), (3, 3), (2, 3), (2, 2), (2, 1), (3, 1), (3, 2), (3, 3), (3, 4), (3, 5), (4, 5), (5, 5), (6, 5), (7, 5), (7, 6), (8, 6), (9, 6), (9, 5), (10, 5), (11, 5), (11, 4), (11, 3), (12, 3), (13, 3), (13, 2), (14, 2), (15, 2), (16, 2), (17, 2), (17, 1), (18, 1), (19, 1), (20, 1), (21, 1), (22, 1), (21, 1), (20, 1), (19, 1), (18, 1), (17, 1), (17, 2), (16, 2), (15, 2), (14, 2), (14, 3), (14, 4), (14, 5), (14, 6), (14, 7), (14, 8), (14, 9), (13, 9), (13, 10), (13, 11), (12, 11), (11, 11), (10, 11), (9, 11), (9, 12), (9, 13), (8, 13), (7, 13), (6, 13), (6, 14), (6, 15), (6, 16), (6, 17), (5, 17), (5, 18), (5, 19), (4, 19), (3, 19), (2, 19), (2, 20), (2, 21), (2, 22), (2, 23), (1, 23), (1, 24), (1, 25), (2, 25), (3, 25), (3, 26), (4, 26), (5, 26), (5, 25), (5, 26), (4, 26), (3, 26), (3, 25), (2, 25), (1, 25), (1, 24), (1, 23), (1, 22), (2, 22), (3, 22), (4, 22), (5, 22), (6, 22), (6, 21), (7, 21), (8, 21), (9, 21), (9, 20), (9, 19), (9, 18), (10, 18), (11, 18), (11, 17), (11, 16), (11, 15), (11, 14), (12, 14), (13, 14), (14, 14), (15, 14), (16, 14), (17, 14), (17, 15), (18, 15), (18, 16), (18, 17), (17, 17), (17, 18), (16, 18), (15, 18), (14, 18), (13, 18), (14, 18), (15, 18), (16, 18), (17, 18), (18, 18), (19, 18), (19, 17), (20, 17), (21, 17), (22, 17), (23, 17), (23, 18), (24, 18), (25, 18), (26, 18), (27, 18), (28, 18), (29, 18), (30, 18), (31, 18), (31, 19), (31, 20), (31, 20)]}, 150)