

CBSS-C STATS
starts:[831, 502, 457, 858, 50, 158, 753]
targets:[245, 675, 969, 49, 1016, 938, 121, 719, 341, 604]
dests:[374, 98, 746, 327, 162, 231, 721]
ac_dict:{245: {0, 1}, 675: {1, 2}, 969: {2, 3}, 49: {3, 4}, 1016: {4, 5}, 938: {5, 6}, 374: {0}, 98: {1}, 746: {2}, 327: {3}, 162: {4}, 231: {5}, 721: {6}}
clusters:[6 1 4 9 7 5 0 2 8 3]

round: 2
best_g_value: 281.0
open_list_size: 1
num_low_level_expanded: 1098
search_success: 1
search_time: 0.13300979899941012
n_tsp_call: 1
n_tsp_time: 0.08758037599909585
n_roots: 1
num_conflicts: 1
target_assignment: {121: 5, 604: 5, 1016: 5, 341: 1, 245: 1, 49: 4, 675: 2, 969: 3, 938: 6, 719: 6}
cluster_target_selection: {0: 121, 3: 604, 7: 1016, 8: 341, 6: 245, 9: 49, 1: 675, 4: 969, 5: 938, 2: 719}
num_nodes_transformed_graph: 31
agent_paths:({0: [(31, 25), (30, 25), (30, 24), (30, 23), (29, 23), (28, 23), (27, 23), (27, 22), (27, 21), (27, 20), (27, 19), (26, 19), (25, 19), (25, 18), (24, 18), (23, 18), (22, 18), (22, 17), (22, 16), (22, 15), (22, 14), (22, 13), (22, 12), (22, 11), (22, 11)], 1: [(22, 15), (22, 14), (22, 13), (22, 12), (22, 11), (21, 11), (21, 10), (21, 9), (22, 9), (23, 9), (23, 8), (23, 7), (22, 7), (21, 7), (20, 7), (19, 7), (18, 7), (17, 7), (17, 6), (17, 5), (16, 5), (15, 5), (14, 5), (13, 5), (12, 5), (11, 5), (10, 5), (9, 5), (9, 6), (8, 6), (7, 6), (6, 6), (5, 6), (5, 5), (4, 5), (3, 5), (3, 4), (3, 3), (2, 3), (2, 3)], 2: [(9, 14), (9, 13), (8, 13), (7, 13), (6, 13), (6, 14), (6, 15), (6, 16), (6, 17), (5, 17), (5, 18), (5, 19), (4, 19), (3, 19), (2, 19), (2, 20), (2, 21), (3, 21), (3, 22), (4, 22), (5, 22), (6, 22), (7, 22), (7, 21), (8, 21), (9, 21), (10, 21), (10, 22), (10, 23), (10, 23)], 3: [(26, 26), (25, 26), (25, 25), (24, 25), (23, 25), (22, 25), (21, 25), (21, 26), (20, 26), (19, 26), (18, 26), (17, 26), (17, 27), (16, 27), (15, 27), (14, 27), (13, 27), (12, 27), (11, 27), (10, 27), (10, 28), (10, 29), (9, 29), (9, 30), (9, 29), (10, 29), (10, 28), (10, 27), (10, 26), (10, 25), (11, 25), (11, 24), (11, 23), (11, 22), (10, 22), (9, 22), (9, 21), (9, 20), (9, 19), (9, 18), (8, 18), (7, 18), (7, 17), (6, 17), (6, 16), (6, 15), (6, 14), (6, 13), (5, 13), (5, 12), (5, 11), (5, 10), (6, 10), (7, 10), (7, 10)], 4: [(18, 1), (17, 1), (17, 2), (16, 2), (15, 2), (14, 2), (13, 2), (13, 3), (12, 3), (11, 3), (11, 4), (11, 5), (10, 5), (9, 5), (9, 6), (8, 6), (7, 6), (6, 6), (5, 6), (5, 5), (4, 5), (3, 5), (2, 5), (2, 5)], 5: [(30, 4), (30, 3), (29, 3), (29, 2), (28, 2), (27, 2), (26, 2), (25, 2), (25, 3), (26, 3), (27, 3), (27, 4), (27, 5), (27, 6), (27, 7), (26, 7), (25, 7), (25, 8), (25, 9), (26, 9), (27, 9), (27, 10), (27, 11), (27, 12), (27, 13), (27, 14), (27, 15), (27, 16), (27, 17), (27, 18), (28, 18), (27, 18), (27, 19), (27, 20), (27, 21), (27, 22), (27, 23), (27, 24), (27, 25), (27, 26), (27, 27), (27, 28), (27, 29), (26, 29), (25, 29), (25, 30), (25, 31), (24, 31), (23, 31), (23, 30), (23, 29), (23, 28), (23, 27), (23, 26), (23, 25), (23, 24), (23, 23), (22, 23), (22, 22), (22, 21), (22, 20), (22, 19), (21, 19), (21, 18), (21, 17), (20, 17), (19, 17), (18, 17), (18, 16), (18, 15), (17, 15), (17, 14), (16, 14), (15, 14), (14, 14), (13, 14), (12, 14), (11, 14), (10, 14), (9, 14), (9, 13), (9, 12), (9, 11), (9, 10), (9, 9), (8, 9), (7, 9), (6, 9), (6, 8), (6, 7), (7, 7), (7, 7)], 6: [(17, 23), (17, 24), (17, 25), (17, 26), (17, 27), (16, 27), (15, 27), (14, 27), (13, 27), (12, 27), (11, 27), (10, 27), (10, 28), (10, 29), (10, 28), (10, 27), (10, 26), (10, 25), (11, 25), (11, 24), (11, 23), (12, 23), (13, 23), (13, 22), (14, 22), (15, 22), (16, 22), (17, 22), (17, 22)]}, 90)