

CBSS-C STATS
starts:[587, 507, 779]
targets:[436, 182, 41, 938, 935, 869, 589, 482, 101, 57, 171, 365, 179, 474, 185]
dests:[877, 426, 829]
ac_dict:{436: {0, 1}, 182: {1, 2}, 877: {0}, 426: {1}, 829: {2}}
clusters:[10 12  8 14  6 13  3  9  1  0  4  7  2 11  5]

round: 1
best_g_value: 207.0
open_list_size: 0
num_low_level_expanded: 534
search_success: 1
search_time: 0.3929569250030909
n_tsp_call: 1
n_tsp_time: 0.36902976500277873
n_roots: 1
num_conflicts: 0
target_assignment: {482: 0, 869: 0, 935: 0, 938: 0, 474: 1, 589: 1, 436: 1, 185: 1, 57: 1, 182: 1, 179: 1, 171: 1, 41: 1, 101: 1, 365: 1}
cluster_target_selection: {9: 482, 13: 869, 6: 935, 14: 938, 11: 474, 3: 589, 10: 436, 5: 185, 0: 57, 12: 182, 2: 179, 4: 171, 8: 41, 1: 101, 7: 365}
num_nodes_transformed_graph: 49
agent_paths:({0: [(11, 18), (10, 18), (9, 18), (8, 18), (7, 18), (6, 18), (5, 18), (5, 19), (4, 19), (3, 19), (2, 19), (2, 18), (2, 17), (2, 16), (2, 15), (2, 16), (2, 17), (2, 18), (2, 19), (2, 20), (2, 21), (2, 22), (2, 23), (1, 23), (1, 24), (1, 25), (2, 25), (3, 25), (3, 26), (4, 26), (5, 26), (5, 27), (5, 26), (4, 26), (3, 26), (3, 27), (3, 28), (3, 29), (3, 30), (4, 30), (5, 30), (5, 29), (6, 29), (7, 29), (7, 30), (8, 30), (9, 30), (9, 29), (10, 29), (10, 28), (10, 27), (11, 27), (12, 27), (13, 27), (13, 27)], 1: [(27, 15), (26, 15), (26, 14), (26, 15), (27, 15), (27, 16), (27, 17), (26, 17), (25, 17), (25, 18), (24, 18), (23, 18), (22, 18), (21, 18), (21, 17), (20, 17), (19, 17), (18, 17), (17, 17), (17, 18), (16, 18), (15, 18), (14, 18), (13, 18), (14, 18), (15, 18), (16, 18), (17, 18), (17, 17), (18, 17), (18, 16), (18, 15), (18, 14), (18, 13), (19, 13), (20, 13), (21, 13), (22, 13), (22, 12), (22, 11), (22, 10), (22, 9), (23, 9), (24, 9), (25, 9), (25, 8), (25, 7), (25, 6), (25, 5), (26, 5), (27, 5), (27, 4), (27, 3), (26, 3), (25, 3), (25, 2), (25, 1), (25, 2), (25, 3), (26, 3), (27, 3), (27, 4), (27, 5), (26, 5), (25, 5), (25, 6), (25, 7), (25, 8), (25, 9), (24, 9), (23, 9), (23, 8), (23, 7), (22, 7), (22, 6), (22, 5), (21, 5), (21, 6), (21, 7), (20, 7), (19, 7), (19, 6), (19, 5), (18, 5), (17, 5), (16, 5), (15, 5), (14, 5), (13, 5), (12, 5), (11, 5), (11, 4), (11, 3), (10, 3), (9, 3), (9, 2), (9, 1), (8, 1), (7, 1), (6, 1), (5, 1), (5, 2), (5, 3), (6, 3), (6, 4), (6, 5), (6, 6), (6, 7), (6, 8), (6, 9), (7, 9), (8, 9), (9, 9), (10, 9), (11, 9), (11, 10), (11, 11), (12, 11), (13, 11), (12, 11), (11, 11), (10, 11), (9, 11), (9, 12), (9, 13), (10, 13), (10, 13)], 2: [(11, 24), (11, 25), (11, 26), (11, 27), (12, 27), (13, 27), (14, 27), (15, 27), (16, 27), (17, 27), (17, 26), (18, 26), (19, 26), (20, 26), (21, 26), (21, 25), (22, 25), (23, 25), (24, 25), (25, 25), (26, 25), (27, 25), (27, 24), (27, 23), (28, 23), (29, 23), (30, 23), (30, 24), (30, 25), (29, 25), (29, 25)]}, 125)