

CBSS-C STATS
starts:[1014, 739, 91]
targets:[1007, 742, 281, 101, 463, 593, 836, 951, 974, 378, 431, 87, 553, 446, 166]
dests:[567, 375, 422]
ac_dict:{1007: {0, 1}, 742: {1, 2}, 567: {0}, 375: {1}, 422: {2}}
clusters:[12  9  5  1  3 11  8  4  6  0 10  2 14  7 13]

round: 2
best_g_value: 165.0
open_list_size: 1
num_low_level_expanded: 888
search_success: 1
search_time: 0.2758770850050496
n_tsp_call: 1
n_tsp_time: 0.24578576200292446
n_roots: 1
num_conflicts: 1
target_assignment: {1007: 0, 974: 0, 951: 0, 836: 1, 742: 1, 553: 1, 431: 1, 463: 1, 593: 1, 446: 1, 378: 1, 281: 1, 87: 2, 101: 2, 166: 2}
cluster_target_selection: {12: 1007, 6: 974, 4: 951, 8: 836, 9: 742, 14: 553, 10: 431, 3: 463, 11: 593, 7: 446, 0: 378, 5: 281, 2: 87, 1: 101, 13: 166}
num_nodes_transformed_graph: 49
agent_paths:({0: [(22, 31), (21, 31), (20, 31), (19, 31), (18, 31), (17, 31), (16, 31), (15, 31), (14, 31), (14, 30), (15, 30), (15, 31), (16, 31), (17, 31), (18, 31), (19, 31), (20, 31), (21, 31), (21, 30), (21, 29), (22, 29), (23, 29), (23, 28), (23, 27), (23, 26), (23, 25), (23, 24), (23, 23), (23, 22), (23, 21), (22, 21), (22, 20), (22, 19), (22, 18), (22, 17), (23, 17), (23, 17)], 1: [(3, 23), (2, 23), (1, 23), (1, 24), (1, 25), (2, 25), (3, 25), (3, 26), (4, 26), (3, 26), (3, 25), (2, 25), (1, 25), (1, 24), (1, 23), (2, 23), (3, 23), (3, 22), (4, 22), (5, 22), (6, 22), (6, 23), (6, 22), (6, 21), (7, 21), (8, 21), (9, 21), (9, 20), (9, 19), (9, 18), (9, 17), (10, 17), (11, 17), (11, 16), (11, 15), (11, 14), (12, 14), (13, 14), (13, 13), (14, 13), (15, 13), (15, 14), (16, 14), (17, 14), (17, 15), (18, 15), (18, 16), (18, 17), (17, 17), (17, 18), (17, 17), (18, 17), (19, 17), (20, 17), (21, 17), (22, 17), (22, 18), (23, 18), (24, 18), (25, 18), (25, 17), (26, 17), (27, 17), (27, 16), (27, 15), (27, 14), (28, 14), (29, 14), (29, 13), (30, 13), (29, 13), (29, 14), (28, 14), (27, 14), (27, 13), (27, 12), (27, 11), (26, 11), (25, 11), (25, 10), (25, 9), (25, 8), (25, 9), (24, 9), (23, 9), (23, 10), (23, 11), (23, 11)], 2: [(27, 2), (26, 2), (25, 2), (25, 3), (24, 3), (23, 3), (23, 2), (22, 2), (21, 2), (21, 1), (20, 1), (19, 1), (18, 1), (17, 1), (17, 2), (16, 2), (15, 2), (14, 2), (13, 2), (13, 3), (12, 3), (11, 3), (10, 3), (9, 3), (9, 2), (9, 1), (8, 1), (7, 1), (6, 1), (5, 1), (5, 2), (5, 3), (6, 3), (6, 4), (6, 5), (6, 6), (6, 7), (6, 8), (6, 9), (6, 10), (6, 11), (5, 11), (5, 12), (5, 13), (6, 13), (6, 13)]}, 86)