

CBSS-C STATS
starts:[678, 347, 350, 281, 702, 70, 783, 450, 993, 802]
targets:[746, 854, 103, 983, 507, 855, 751, 83, 166, 478]
dests:[279, 554, 491, 239, 941, 169, 436, 981, 599, 490]
ac_dict:{746: {0, 1}, 854: {1, 2}, 103: {2, 3}, 983: {3, 4}, 507: {4, 5}, 855: {5, 6}, 751: {6, 7}, 83: {8, 7}, 166: {8, 9}, 279: {0}, 554: {1}, 491: {2}, 239: {3}, 941: {4}, 169: {5}, 436: {6}, 981: {7}, 599: {8}, 490: {9}}
clusters:[2 0 0 3 0 0 4 4 4 1]

round: 4
best_g_value: 274.0
open_list_size: 1
num_low_level_expanded: 1137
search_success: 1
search_time: 3.099112257361412
n_tsp_call: 14
n_tsp_time: 2.656009750906378
n_roots: 1
num_conflicts: 3
target_assignment: {746: 0, 983: 4, 855: 6, 478: 2, 751: 7}
cluster_target_selection: {2: 746, 3: 983, 0: 855, 1: 478, 4: 751}
num_nodes_transformed_graph: 48
agent_paths:({0: [(6, 21), (7, 21), (8, 21), (9, 21), (10, 21), (10, 22), (10, 23), (11, 23), (12, 23), (13, 23), (13, 22), (14, 22), (15, 22), (16, 22), (17, 22), (17, 21), (18, 21), (19, 21), (20, 21), (21, 21), (22, 21), (22, 20), (22, 19), (22, 18), (22, 17), (22, 16), (22, 15), (22, 14), (22, 13), (22, 12), (22, 11), (22, 10), (22, 9), (23, 9), (23, 8), (23, 8)], 1: [(27, 10), (26, 10), (25, 10), (25, 9), (24, 9), (23, 9), (22, 9), (21, 9), (21, 10), (21, 11), (20, 11), (19, 11), (18, 11), (18, 12), (18, 13), (17, 13), (17, 14), (16, 14), (15, 14), (14, 14), (13, 14), (12, 14), (11, 14), (11, 15), (11, 16), (11, 17), (10, 17), (10, 17)], 2: [(30, 10), (30, 11), (31, 11), (31, 12), (31, 13), (30, 13), (30, 14), (29, 14), (28, 14), (27, 14), (27, 15), (27, 16), (27, 17), (26, 17), (25, 17), (25, 18), (24, 18), (23, 18), (22, 18), (21, 18), (21, 17), (20, 17), (19, 17), (18, 17), (18, 16), (18, 15), (17, 15), (17, 14), (16, 14), (15, 14), (14, 14), (13, 14), (12, 14), (11, 14), (11, 15), (11, 15)], 3: [(25, 8), (25, 9), (24, 9), (23, 9), (23, 8), (23, 7), (22, 7), (21, 7), (20, 7), (19, 7), (18, 7), (17, 7), (17, 6), (17, 5), (16, 5), (15, 5), (15, 6), (15, 7), (15, 7)], 4: [(30, 21), (29, 21), (29, 22), (29, 23), (28, 23), (27, 23), (27, 24), (27, 25), (27, 26), (27, 27), (27, 28), (27, 29), (26, 29), (25, 29), (25, 30), (25, 31), (24, 31), (23, 31), (23, 30), (22, 30), (21, 30), (21, 31), (20, 31), (19, 31), (18, 31), (17, 31), (16, 31), (15, 31), (14, 31), (13, 31), (13, 30), (13, 29), (13, 29)], 5: [(6, 2), (6, 3), (6, 4), (6, 5), (7, 5), (7, 6), (8, 6), (9, 6), (9, 5), (9, 5)], 6: [(15, 24), (15, 25), (15, 26), (15, 27), (16, 27), (17, 27), (17, 26), (18, 26), (19, 26), (20, 26), (21, 26), (22, 26), (23, 26), (23, 25), (23, 24), (23, 23), (22, 23), (22, 22), (22, 21), (22, 20), (22, 19), (22, 18), (22, 17), (22, 16), (22, 15), (21, 15), (21, 14), (21, 13), (20, 13), (20, 13)], 7: [(2, 14), (2, 15), (2, 16), (2, 17), (3, 17), (3, 18), (3, 19), (4, 19), (5, 19), (6, 19), (7, 19), (7, 18), (8, 18), (9, 18), (9, 19), (9, 20), (9, 21), (10, 21), (11, 21), (11, 22), (11, 23), (12, 23), (13, 23), (14, 23), (15, 23), (15, 24), (15, 25), (15, 26), (15, 27), (16, 27), (17, 27), (18, 27), (18, 28), (18, 29), (19, 29), (19, 30), (19, 31), (20, 31), (21, 31), (21, 30), (21, 30)], 8: [(1, 31), (1, 30), (2, 30), (3, 30), (4, 30), (5, 30), (6, 30), (7, 30), (8, 30), (9, 30), (9, 29), (10, 29), (10, 28), (10, 27), (10, 26), (10, 25), (11, 25), (11, 24), (11, 23), (12, 23), (13, 23), (13, 22), (14, 22), (15, 22), (16, 22), (17, 22), (17, 21), (18, 21), (19, 21), (20, 21), (21, 21), (22, 21), (22, 20), (22, 19), (22, 18), (23, 18), (23, 18)], 9: [(2, 25), (1, 25), (1, 24), (1, 23), (1, 22), (1, 21), (2, 21), (2, 20), (2, 19), (3, 19), (4, 19), (5, 19), (5, 18), (6, 18), (7, 18), (8, 18), (9, 18), (9, 17), (10, 17), (11, 17), (11, 16), (11, 15), (10, 15), (10, 15)]}, 39)