

CBSS-C STATS
starts:[530, 582, 955, 447, 754]
targets:[337, 1007, 190, 662, 827, 131, 333, 753, 963, 829]
dests:[377, 173, 193, 406, 38]
ac_dict:{337: {0, 1}, 1007: {1, 2}, 190: {2, 3}, 662: {3, 4}, 377: {0}, 173: {1}, 193: {2}, 406: {3}, 38: {4}}
clusters:[1 0 1 0 1 0 0 1 0 1]

round: 2
best_g_value: 144.0
open_list_size: 1
num_low_level_expanded: 660
search_success: 1
search_time: 0.6651703920215368
n_tsp_call: 7
n_tsp_time: 0.5759288840927184
n_roots: 1
num_conflicts: 1
target_assignment: {753: 4, 333: 1}
cluster_target_selection: {1: 753, 0: 333}
num_nodes_transformed_graph: 48
agent_paths:({0: [(18, 16), (18, 15), (18, 14), (18, 13), (18, 12), (18, 11), (19, 11), (20, 11), (21, 11), (22, 11), (23, 11), (23, 10), (23, 10), (23, 9), (24, 9), (25, 9), (25, 10), (25, 11), (25, 11)], 1: [(6, 18), (6, 17), (6, 16), (6, 15), (6, 14), (6, 13), (7, 13), (8, 13), (9, 13), (9, 12), (9, 11), (10, 11), (11, 11), (12, 11), (13, 11), (13, 10), (13, 9), (14, 9), (14, 8), (14, 7), (13, 7), (13, 6), (13, 5), (13, 5)], 2: [(27, 29), (27, 28), (27, 27), (26, 27), (25, 27), (25, 26), (25, 25), (24, 25), (23, 25), (23, 24), (23, 23), (22, 23), (22, 22), (22, 21), (22, 20), (22, 19), (21, 19), (21, 18), (21, 17), (20, 17), (19, 17), (18, 17), (18, 16), (18, 15), (17, 15), (17, 14), (16, 14), (15, 14), (14, 14), (13, 14), (12, 14), (11, 14), (10, 14), (9, 14), (9, 13), (9, 12), (9, 11), (9, 10), (9, 9), (8, 9), (7, 9), (6, 9), (6, 8), (6, 7), (5, 7), (5, 6), (5, 5), (4, 5), (3, 5), (2, 5), (1, 5), (1, 6), (1, 6)], 3: [(31, 13), (31, 12), (31, 11), (30, 11), (29, 11), (29, 10), (28, 10), (27, 10), (26, 10), (25, 10), (25, 9), (24, 9), (23, 9), (22, 9), (22, 10), (22, 11), (22, 12), (22, 12)], 4: [(18, 23), (17, 23), (17, 22), (16, 22), (15, 22), (14, 22), (13, 22), (13, 23), (12, 23), (11, 23), (10, 23), (9, 23), (9, 22), (9, 21), (9, 20), (9, 19), (9, 18), (8, 18), (7, 18), (6, 18), (6, 17), (6, 16), (6, 15), (6, 14), (6, 13), (5, 13), (5, 12), (5, 11), (5, 10), (5, 9), (6, 9), (6, 8), (6, 7), (6, 6), (6, 5), (6, 4), (6, 3), (6, 2), (6, 1), (6, 1)]}, 51)