

CBSS-C STATS
starts:[450, 702]
targets:[464, 581, 725, 721, 622, 471, 37, 13, 234, 29]
dests:[870, 426]
ac_dict:{464: {0, 1}, 870: {0}, 426: {1}}
clusters:[6 0 4 5 7 9 3 1 8 2]

round: 1
best_g_value: 173.0
open_list_size: 0
num_low_level_expanded: 457
search_success: 1
search_time: 0.17787890300678555
n_tsp_call: 1
n_tsp_time: 0.16263528699346352
n_roots: 1
num_conflicts: 0
target_assignment: {581: 0, 725: 1, 721: 1, 622: 1, 464: 1, 471: 1, 29: 1, 13: 1, 234: 1, 37: 1}
cluster_target_selection: {0: 581, 4: 725, 5: 721, 7: 622, 6: 464, 9: 471, 2: 29, 1: 13, 8: 234, 3: 37}
num_nodes_transformed_graph: 24
agent_paths:({0: [(2, 14), (2, 15), (2, 16), (2, 17), (3, 17), (3, 18), (3, 19), (4, 19), (5, 19), (5, 18), (5, 19), (4, 19), (3, 19), (2, 19), (2, 20), (2, 21), (2, 22), (2, 23), (1, 23), (1, 24), (1, 25), (2, 25), (3, 25), (3, 26), (4, 26), (5, 26), (6, 26), (6, 27), (6, 27)], 1: [(30, 21), (29, 21), (29, 22), (29, 23), (28, 23), (27, 23), (27, 24), (27, 25), (26, 25), (25, 25), (24, 25), (23, 25), (23, 24), (23, 23), (22, 23), (21, 23), (21, 22), (21, 21), (20, 21), (19, 21), (18, 21), (17, 21), (17, 22), (17, 21), (18, 21), (19, 21), (20, 21), (21, 21), (22, 21), (22, 20), (22, 19), (21, 19), (21, 18), (21, 17), (20, 17), (19, 17), (18, 17), (17, 17), (17, 18), (16, 18), (15, 18), (14, 18), (14, 19), (14, 18), (15, 18), (16, 18), (17, 18), (17, 17), (18, 17), (18, 16), (18, 15), (17, 15), (17, 14), (16, 14), (17, 14), (18, 14), (19, 14), (19, 13), (20, 13), (21, 13), (22, 13), (23, 13), (23, 14), (23, 13), (22, 13), (22, 12), (22, 11), (22, 10), (22, 9), (23, 9), (24, 9), (25, 9), (25, 8), (25, 7), (25, 6), (25, 5), (26, 5), (27, 5), (27, 4), (27, 3), (27, 2), (28, 2), (29, 2), (29, 1), (29, 0), (29, 1), (29, 2), (28, 2), (27, 2), (26, 2), (25, 2), (25, 3), (24, 3), (23, 3), (22, 3), (21, 3), (21, 2), (21, 1), (20, 1), (19, 1), (18, 1), (17, 1), (17, 2), (16, 2), (15, 2), (14, 2), (13, 2), (13, 1), (13, 0), (13, 1), (13, 2), (13, 3), (12, 3), (11, 3), (11, 4), (11, 5), (10, 5), (10, 6), (10, 7), (9, 7), (9, 6), (8, 6), (7, 6), (6, 6), (6, 5), (6, 4), (6, 3), (5, 3), (5, 2), (5, 1), (6, 1), (6, 2), (6, 3), (6, 4), (6, 5), (6, 6), (6, 7), (6, 8), (6, 9), (7, 9), (8, 9), (9, 9), (9, 10), (9, 11), (9, 12), (9, 13), (10, 13), (10, 13)]}, 146)