

CBSS-C STATS
starts:[70, 559, 165, 25, 493]
targets:[65, 207, 887, 201, 194, 990, 378, 1017, 791, 735]
dests:[685, 592, 67, 687, 970]
ac_dict:{65: {0, 1}, 207: {1, 2}, 887: {2, 3}, 201: {3, 4}, 685: {0}, 592: {1}, 67: {2}, 687: {3}, 970: {4}}
clusters:[1 0 1 1 0 0 0 1 0 0]

round: 1
best_g_value: 112.0
open_list_size: 0
num_low_level_expanded: 344
search_success: 1
search_time: 0.08307237597182393
n_tsp_call: 1
n_tsp_time: 0.06671295501291752
n_roots: 1
num_conflicts: 0
target_assignment: {791: 3, 887: 3}
cluster_target_selection: {0: 791, 1: 887}
num_nodes_transformed_graph: 29
agent_paths:({0: [(6, 2), (6, 3), (6, 4), (6, 5), (6, 6), (6, 7), (6, 8), (6, 9), (6, 10), (6, 11), (5, 11), (5, 12), (5, 13), (6, 13), (6, 14), (6, 15), (6, 16), (6, 17), (7, 17), (7, 18), (8, 18), (9, 18), (9, 19), (9, 20), (9, 21), (10, 21), (11, 21), (11, 22), (11, 23), (12, 23), (13, 23), (13, 22), (13, 21), (13, 21)], 1: [(15, 17), (15, 18), (16, 18), (16, 18)], 2: [(5, 5), (4, 5), (3, 5), (3, 4), (3, 3), (3, 2), (3, 2)], 3: [(25, 0), (25, 1), (25, 2), (25, 3), (26, 3), (27, 3), (27, 4), (27, 5), (26, 5), (25, 5), (25, 6), (25, 7), (25, 8), (25, 9), (24, 9), (23, 9), (23, 10), (23, 11), (22, 11), (22, 12), (22, 13), (22, 14), (22, 15), (22, 16), (22, 17), (22, 18), (22, 19), (22, 20), (22, 21), (23, 21), (23, 22), (23, 23), (23, 24), (23, 25), (23, 26), (23, 27), (22, 27), (21, 27), (21, 26), (20, 26), (19, 26), (18, 26), (17, 26), (17, 25), (17, 24), (17, 23), (17, 22), (16, 22), (15, 22), (15, 21), (15, 21)], 4: [(13, 15), (13, 14), (12, 14), (11, 14), (11, 15), (11, 16), (11, 17), (10, 17), (10, 18), (10, 19), (9, 19), (9, 20), (9, 21), (10, 21), (10, 22), (10, 23), (11, 23), (11, 24), (11, 25), (10, 25), (10, 26), (10, 27), (10, 28), (10, 29), (10, 30), (10, 30)]}, 49)