

CBSS-C STATS
starts:[587, 372, 814]
targets:[465, 1020, 34, 189, 847, 883, 600, 249, 299, 849, 243, 822, 430, 994, 678]
dests:[677, 629, 798]
ac_dict:{465: {0, 1}, 1020: {1, 2}, 677: {0}, 629: {1}, 798: {2}}
clusters:[ 5 13  8  0 12 11  4  3  7  2 14  6  1  9 10]

round: 1
best_g_value: 185.0
open_list_size: 0
num_low_level_expanded: 429
search_success: 1
search_time: 0.07408619100169744
n_tsp_call: 1
n_tsp_time: 0.05469688899756875
n_roots: 1
num_conflicts: 0
target_assignment: {678: 0, 994: 0, 249: 1, 189: 1, 243: 1, 34: 1, 299: 1, 430: 1, 465: 1, 600: 1, 847: 2, 849: 2, 883: 2, 822: 2, 1020: 2}
cluster_target_selection: {10: 678, 9: 994, 3: 249, 0: 189, 14: 243, 8: 34, 7: 299, 1: 430, 5: 465, 4: 600, 12: 847, 2: 849, 11: 883, 6: 822, 13: 1020}
num_nodes_transformed_graph: 27
agent_paths:({0: [(11, 18), (10, 18), (9, 18), (9, 19), (9, 20), (9, 21), (8, 21), (7, 21), (6, 21), (5, 21), (5, 22), (4, 22), (3, 22), (2, 22), (2, 23), (1, 23), (1, 24), (1, 25), (2, 25), (2, 26), (2, 27), (3, 27), (3, 28), (3, 29), (2, 29), (2, 30), (2, 31), (2, 30), (2, 29), (3, 29), (3, 28), (3, 27), (3, 26), (3, 25), (2, 25), (1, 25), (1, 24), (1, 23), (1, 22), (2, 22), (3, 22), (4, 22), (5, 22), (5, 21), (5, 21)], 1: [(20, 11), (21, 11), (21, 10), (21, 9), (22, 9), (23, 9), (24, 9), (25, 9), (25, 8), (25, 7), (25, 6), (26, 6), (27, 6), (28, 6), (29, 6), (29, 5), (29, 6), (28, 6), (27, 6), (26, 6), (25, 6), (25, 7), (25, 8), (25, 9), (24, 9), (23, 9), (23, 8), (23, 7), (22, 7), (21, 7), (20, 7), (19, 7), (18, 7), (17, 7), (17, 6), (17, 5), (16, 5), (15, 5), (14, 5), (13, 5), (12, 5), (11, 5), (10, 5), (9, 5), (9, 6), (8, 6), (7, 6), (6, 6), (5, 6), (5, 5), (4, 5), (3, 5), (3, 4), (3, 3), (2, 3), (2, 2), (2, 1), (3, 1), (3, 2), (3, 3), (3, 4), (3, 5), (4, 5), (5, 5), (6, 5), (6, 6), (6, 7), (6, 8), (6, 9), (7, 9), (8, 9), (9, 9), (10, 9), (11, 9), (11, 10), (11, 11), (10, 11), (9, 11), (9, 12), (9, 13), (10, 13), (11, 13), (11, 14), (12, 14), (13, 14), (13, 13), (14, 13), (15, 13), (15, 14), (16, 14), (17, 14), (18, 14), (18, 15), (18, 16), (18, 17), (19, 17), (20, 17), (21, 17), (22, 17), (23, 17), (23, 18), (24, 18), (23, 18), (22, 18), (21, 18), (21, 19), (21, 19)], 2: [(14, 25), (15, 25), (15, 26), (15, 27), (16, 27), (17, 27), (17, 26), (18, 26), (19, 26), (19, 27), (19, 26), (20, 26), (21, 26), (21, 25), (22, 25), (23, 25), (24, 25), (25, 25), (26, 25), (27, 25), (27, 26), (27, 27), (27, 28), (27, 29), (27, 30), (27, 31), (28, 31), (29, 31), (29, 30), (29, 29), (30, 29), (31, 29), (31, 28), (31, 27), (30, 27), (30, 26), (30, 25), (30, 24), (30, 24)]}, 105)