

CBSS-C STATS
starts:[642, 453, 120, 459, 1014, 581, 593]
targets:[746, 850, 818, 825, 674, 381, 85, 342, 78, 986]
dests:[46, 687, 214, 706, 858, 301, 578]
ac_dict:{746: {0, 1}, 850: {1, 2}, 818: {2, 3}, 825: {3, 4}, 674: {4, 5}, 381: {5, 6}, 46: {0}, 687: {1}, 214: {2}, 706: {3}, 858: {4}, 301: {5}, 578: {6}}
clusters:[1 7 4 8 3 6 9 0 2 5]

round: 6
best_g_value: 247.0
open_list_size: 7
num_low_level_expanded: 2468
search_success: 1
search_time: 1.9622647280048113
n_tsp_call: 21
n_tsp_time: 1.6068518630199833
n_roots: 2
num_conflicts: 6
target_assignment: {78: 0, 818: 3, 674: 5, 85: 2, 986: 4, 825: 4, 342: 6, 381: 6, 746: 1, 850: 1}
cluster_target_selection: {2: 78, 4: 818, 3: 674, 9: 85, 5: 986, 8: 825, 0: 342, 6: 381, 1: 746, 7: 850}
num_nodes_transformed_graph: 34
agent_paths:({0: [(2, 20), (2, 19), (2, 18), (3, 18), (3, 19), (4, 19), (5, 19), (5, 18), (5, 17), (6, 17), (6, 16), (6, 15), (6, 14), (6, 13), (7, 13), (8, 13), (9, 13), (9, 12), (9, 11), (10, 11), (11, 11), (12, 11), (13, 11), (13, 10), (13, 9), (14, 9), (14, 8), (14, 7), (14, 6), (14, 5), (14, 4), (14, 3), (14, 2), (14, 1), (14, 1)], 1: [(5, 14), (6, 14), (6, 15), (6, 16), (6, 17), (7, 17), (7, 18), (8, 18), (9, 18), (9, 19), (9, 20), (9, 21), (10, 21), (10, 22), (10, 23), (11, 23), (12, 23), (13, 23), (14, 23), (15, 23), (15, 24), (15, 25), (15, 26), (15, 27), (16, 27), (17, 27), (17, 26), (18, 26), (17, 26), (17, 25), (17, 24), (17, 23), (17, 22), (16, 22), (15, 22), (15, 21), (15, 21)], 2: [(24, 3), (23, 3), (22, 3), (21, 3), (21, 2), (22, 2), (22, 3), (23, 3), (24, 3), (25, 3), (26, 3), (27, 3), (27, 4), (27, 5), (26, 5), (25, 5), (25, 6), (25, 7), (25, 8), (25, 9), (24, 9), (23, 9), (23, 8), (23, 7), (22, 7), (22, 6), (22, 6)], 3: [(11, 14), (11, 15), (11, 16), (11, 17), (11, 18), (11, 19), (10, 19), (9, 19), (9, 20), (9, 21), (10, 21), (11, 21), (11, 22), (11, 23), (12, 23), (13, 23), (14, 23), (15, 23), (15, 22), (16, 22), (17, 22), (17, 23), (17, 24), (17, 25), (18, 25), (17, 25), (17, 24), (17, 23), (17, 22), (16, 22), (15, 22), (14, 22), (13, 22), (13, 23), (12, 23), (11, 23), (10, 23), (9, 23), (9, 22), (9, 21), (8, 21), (7, 21), (6, 21), (5, 21), (5, 22), (4, 22), (3, 22), (2, 22), (2, 22)], 4: [(22, 31), (23, 31), (24, 31), (25, 31), (25, 30), (26, 30), (26, 29), (27, 29), (27, 28), (27, 27), (26, 27), (25, 27), (25, 26), (25, 25), (26, 25), (26, 26), (26, 26)], 5: [(5, 18), (5, 19), (4, 19), (3, 19), (2, 19), (2, 20), (2, 21), (2, 20), (2, 19), (3, 19), (4, 19), (5, 19), (5, 18), (5, 17), (6, 17), (6, 16), (6, 15), (6, 14), (6, 13), (7, 13), (8, 13), (9, 13), (9, 12), (9, 11), (10, 11), (11, 11), (12, 11), (13, 11), (13, 10), (13, 9), (13, 9)], 6: [(17, 18), (17, 17), (18, 17), (18, 16), (18, 15), (18, 14), (18, 13), (18, 12), (18, 11), (19, 11), (20, 11), (21, 11), (21, 10), (22, 10), (23, 10), (23, 9), (24, 9), (25, 9), (26, 9), (27, 9), (27, 10), (28, 10), (29, 10), (29, 11), (29, 10), (28, 10), (27, 10), (26, 10), (25, 10), (25, 9), (24, 9), (23, 9), (22, 9), (21, 9), (21, 10), (21, 11), (20, 11), (19, 11), (18, 11), (18, 12), (18, 13), (17, 13), (17, 14), (16, 14), (15, 14), (14, 14), (13, 14), (12, 14), (11, 14), (11, 15), (11, 16), (11, 17), (10, 17), (9, 17), (9, 18), (8, 18), (7, 18), (6, 18), (5, 18), (5, 19), (4, 19), (3, 19), (2, 19), (2, 18), (2, 18)]}, 63)