

CBSS-C STATS
starts:[220, 40, 13, 553, 817]
targets:[419, 949, 362, 262, 339, 699, 453, 305, 79, 823, 364, 680, 720, 255, 638, 446, 229, 514, 741, 319]
dests:[348, 1018, 450, 709, 355]
ac_dict:{419: {0, 1}, 949: {1, 2}, 362: {2, 3}, 262: {3, 4}, 348: {0}, 1018: {1}, 450: {2}, 709: {3}, 355: {4}}
clusters:[16  4 19  7 18  3  1  8  6 15 14  0 17  5 11  9 10  2 13 12]

round: 98
best_g_value: 223.0
open_list_size: 191
num_low_level_expanded: 95948
search_success: 1
search_time: 317.43949102000624
n_tsp_call: 572
n_tsp_time: 293.41370087592804
n_roots: 48
num_conflicts: 144
target_assignment: {255: 0, 319: 0, 79: 2, 362: 2, 514: 2, 823: 4, 699: 4, 638: 4, 446: 4, 339: 4, 305: 4, 364: 4, 262: 4, 680: 3, 741: 3, 229: 1, 453: 1, 419: 1, 720: 1, 949: 1}
cluster_target_selection: {5: 255, 12: 319, 6: 79, 19: 362, 2: 514, 15: 823, 3: 699, 11: 638, 9: 446, 18: 339, 8: 305, 14: 364, 7: 262, 0: 680, 13: 741, 10: 229, 1: 453, 16: 419, 17: 720, 4: 949}
num_nodes_transformed_graph: 98
agent_paths:({0: [(28, 6), (29, 6), (30, 6), (31, 6), (31, 7), (31, 8), (31, 9), (30, 9), (29, 9), (29, 10), (28, 10), (28, 10)], 1: [(8, 1), (7, 1), (6, 1), (6, 2), (6, 3), (6, 4), (6, 5), (5, 5), (5, 6), (5, 7), (6, 7), (6, 8), (6, 9), (5, 9), (5, 10), (5, 11), (5, 12), (5, 13), (5, 14), (6, 14), (6, 15), (6, 16), (6, 17), (5, 17), (5, 18), (5, 19), (4, 19), (3, 19), (3, 18), (3, 17), (2, 17), (2, 16), (2, 15), (2, 14), (2, 13), (3, 13), (3, 14), (3, 15), (3, 15), (2, 15), (2, 16), (2, 17), (3, 17), (3, 18), (3, 19), (4, 19), (5, 19), (6, 19), (7, 19), (7, 18), (8, 18), (9, 18), (9, 19), (9, 20), (9, 21), (10, 21), (11, 21), (11, 22), (11, 23), (12, 23), (13, 23), (13, 22), (14, 22), (15, 22), (16, 22), (17, 22), (17, 23), (17, 24), (17, 25), (18, 25), (19, 25), (19, 26), (20, 26), (21, 26), (21, 27), (22, 27), (23, 27), (23, 28), (23, 29), (22, 29), (21, 29), (22, 29), (23, 29), (23, 30), (23, 31), (24, 31), (25, 31), (26, 31), (26, 31)], 2: [(13, 0), (13, 1), (14, 1), (15, 1), (15, 2), (14, 2), (14, 3), (14, 4), (14, 5), (14, 6), (14, 7), (14, 8), (14, 9), (13, 9), (13, 10), (13, 11), (12, 11), (11, 11), (10, 11), (9, 11), (9, 12), (9, 13), (8, 13), (7, 13), (6, 13), (6, 14), (6, 15), (6, 16), (6, 17), (5, 17), (5, 18), (5, 19), (4, 19), (3, 19), (2, 19), (2, 18), (2, 17), (2, 16), (2, 15), (2, 14), (2, 14)], 3: [(9, 17), (9, 18), (9, 19), (9, 20), (9, 21), (8, 21), (7, 21), (6, 21), (5, 21), (5, 22), (5, 23), (5, 22), (5, 22)], 4: [(17, 25), (18, 25), (19, 25), (19, 26), (20, 26), (21, 26), (21, 25), (22, 25), (23, 25), (24, 25), (25, 25), (26, 25), (27, 25), (27, 24), (27, 23), (27, 22), (27, 21), (27, 20), (27, 19), (27, 18), (28, 18), (29, 18), (30, 18), (30, 19), (30, 18), (30, 17), (31, 17), (31, 16), (31, 15), (30, 15), (30, 14), (30, 13), (29, 13), (29, 14), (28, 14), (27, 14), (27, 13), (27, 12), (27, 11), (26, 11), (25, 11), (25, 10), (25, 9), (24, 9), (23, 9), (22, 9), (21, 9), (21, 10), (21, 11), (20, 11), (19, 11), (19, 10), (18, 10), (17, 10), (17, 9), (16, 9), (15, 9), (14, 9), (13, 9), (13, 10), (13, 11), (12, 11), (11, 11), (10, 11), (9, 11), (9, 10), (9, 9), (8, 9), (7, 9), (6, 9), (6, 8), (6, 9), (5, 9), (5, 10), (4, 10), (3, 10), (3, 11), (3, 11)]}, 87)