

CBSS-C STATS
starts:[638, 417, 67, 449, 839]
targets:[934, 402, 544, 467, 483, 589, 764, 334, 315, 748]
dests:[573, 701, 594, 866, 80]
ac_dict:{934: {0, 1}, 402: {1, 2}, 544: {2, 3}, 467: {3, 4}, 573: {0}, 701: {1}, 594: {2}, 866: {3}, 80: {4}}
clusters:[4 3 0 0 3 1 4 0 1 2]

round: 1
best_g_value: 157.0
open_list_size: 0
num_low_level_expanded: 545
search_success: 1
search_time: 0.08631400484591722
n_tsp_call: 1
n_tsp_time: 0.06658819736912847
n_roots: 1
num_conflicts: 0
target_assignment: {334: 4, 483: 1, 748: 1, 764: 1, 589: 2}
cluster_target_selection: {0: 334, 3: 483, 2: 748, 4: 764, 1: 589}
num_nodes_transformed_graph: 29
agent_paths:({0: [(30, 19), (29, 19), (29, 18), (29, 17), (29, 17)], 1: [(1, 13), (2, 13), (3, 13), (3, 14), (3, 15), (2, 15), (2, 16), (2, 17), (2, 18), (2, 19), (2, 20), (2, 21), (3, 21), (3, 22), (4, 22), (5, 22), (6, 22), (7, 22), (7, 21), (8, 21), (9, 21), (10, 21), (11, 21), (11, 22), (11, 23), (12, 23), (13, 23), (14, 23), (15, 23), (15, 22), (16, 22), (17, 22), (18, 22), (19, 22), (19, 21), (20, 21), (21, 21), (22, 21), (23, 21), (23, 22), (23, 23), (23, 24), (23, 25), (24, 25), (25, 25), (26, 25), (27, 25), (27, 24), (27, 23), (28, 23), (29, 23), (29, 22), (29, 21), (29, 21)], 2: [(3, 2), (3, 3), (3, 4), (3, 5), (4, 5), (5, 5), (6, 5), (6, 6), (6, 7), (6, 8), (6, 9), (7, 9), (8, 9), (9, 9), (9, 10), (9, 11), (9, 12), (9, 13), (10, 13), (11, 13), (11, 14), (12, 14), (13, 14), (14, 14), (15, 14), (16, 14), (17, 14), (17, 15), (18, 15), (18, 16), (18, 17), (17, 17), (17, 18), (16, 18), (15, 18), (14, 18), (13, 18), (14, 18), (15, 18), (16, 18), (17, 18), (18, 18), (18, 18)], 3: [(1, 14), (2, 14), (2, 15), (2, 16), (2, 17), (2, 18), (2, 19), (2, 20), (2, 21), (2, 22), (2, 23), (1, 23), (1, 24), (1, 25), (2, 25), (2, 26), (2, 27), (2, 27)], 4: [(7, 26), (6, 26), (5, 26), (4, 26), (3, 26), (3, 25), (2, 25), (1, 25), (1, 24), (1, 23), (1, 22), (1, 21), (2, 21), (2, 20), (2, 19), (3, 19), (4, 19), (5, 19), (5, 18), (5, 17), (6, 17), (6, 16), (6, 15), (6, 14), (6, 13), (7, 13), (8, 13), (9, 13), (9, 12), (9, 11), (10, 11), (11, 11), (12, 11), (13, 11), (13, 10), (14, 10), (14, 9), (14, 8), (14, 7), (14, 6), (14, 5), (14, 4), (14, 3), (14, 2), (15, 2), (16, 2), (16, 2)]}, 52)