

CBSS-C STATS
starts:[511, 347, 829, 343, 785]
targets:[451, 845, 190, 943, 982, 630, 642, 203, 90, 838, 566, 383, 67, 577, 365, 367, 914, 890, 990, 767]
dests:[539, 599, 545, 322, 819]
ac_dict:{451: {0, 1}, 845: {1, 2}, 190: {2, 3}, 943: {3, 4}, 539: {0}, 599: {1}, 545: {2}, 322: {3}, 819: {4}}
clusters:[ 6  2  9  3  1 17 19 14  0 13 18 12 16  7  4 10 11  5 15  8]

round: 2
best_g_value: 276.0
open_list_size: 11
num_low_level_expanded: 7402
search_success: 1
search_time: 18.864475479000248
n_tsp_call: 91
n_tsp_time: 17.234074935957324
n_roots: 6
num_conflicts: 6
target_assignment: {367: 1, 365: 1, 451: 1, 566: 1, 630: 1, 943: 4, 914: 4, 383: 3, 190: 3, 90: 3, 203: 3, 67: 3, 767: 2, 890: 2, 990: 2, 982: 2, 845: 2, 838: 2, 642: 2, 577: 2}
cluster_target_selection: {10: 367, 4: 365, 6: 451, 18: 566, 17: 630, 3: 943, 11: 914, 12: 383, 9: 190, 0: 90, 14: 203, 16: 67, 8: 767, 5: 890, 15: 990, 1: 982, 2: 845, 13: 838, 19: 642, 7: 577}
num_nodes_transformed_graph: 49
agent_paths:({0: [(31, 15), (30, 15), (29, 15), (29, 14), (28, 14), (27, 14), (27, 15), (27, 16), (27, 16)], 1: [(27, 10), (26, 10), (25, 10), (25, 10), (25, 9), (24, 9), (23, 9), (22, 9), (21, 9), (21, 10), (21, 11), (20, 11), (19, 11), (18, 11), (17, 11), (17, 10), (17, 9), (16, 9), (15, 9), (15, 10), (15, 11), (14, 11), (13, 11), (12, 11), (11, 11), (10, 11), (9, 11), (9, 12), (9, 13), (8, 13), (7, 13), (6, 13), (6, 14), (6, 15), (6, 16), (6, 17), (5, 17), (5, 18), (5, 19), (4, 19), (3, 19), (3, 18), (3, 17), (2, 17), (2, 16), (2, 15), (2, 14), (3, 14), (3, 15), (2, 15), (2, 16), (2, 17), (3, 17), (3, 18), (3, 19), (4, 19), (5, 19), (5, 18), (6, 18), (7, 18), (8, 18), (9, 18), (9, 17), (10, 17), (11, 17), (11, 16), (11, 15), (11, 14), (12, 14), (13, 14), (14, 14), (15, 14), (16, 14), (17, 14), (18, 14), (18, 15), (18, 16), (18, 17), (19, 17), (20, 17), (21, 17), (22, 17), (22, 18), (22, 19), (22, 18), (23, 18), (23, 18)], 2: [(29, 25), (30, 25), (30, 24), (30, 23), (31, 23), (30, 23), (29, 23), (28, 23), (27, 23), (27, 24), (27, 25), (26, 25), (26, 26), (26, 27), (27, 27), (27, 28), (27, 29), (27, 30), (27, 31), (28, 31), (29, 31), (29, 30), (30, 30), (29, 30), (29, 31), (28, 31), (27, 31), (26, 31), (25, 31), (24, 31), (23, 31), (22, 31), (22, 30), (21, 30), (21, 31), (20, 31), (19, 31), (18, 31), (18, 30), (18, 29), (18, 28), (18, 27), (17, 27), (16, 27), (15, 27), (14, 27), (13, 27), (13, 26), (13, 27), (12, 27), (11, 27), (10, 27), (10, 28), (10, 29), (9, 29), (9, 30), (8, 30), (7, 30), (6, 30), (5, 30), (4, 30), (3, 30), (3, 29), (3, 28), (3, 27), (3, 26), (4, 26), (5, 26), (6, 26), (5, 26), (4, 26), (3, 26), (2, 26), (2, 25), (1, 25), (1, 24), (1, 23), (1, 22), (1, 21), (2, 21), (2, 20), (2, 19), (1, 19), (1, 18), (1, 17), (1, 17)], 3: [(23, 10), (23, 9), (24, 9), (25, 9), (26, 9), (27, 9), (27, 10), (28, 10), (29, 10), (30, 10), (31, 10), (31, 11), (31, 10), (31, 9), (31, 8), (31, 7), (30, 7), (30, 6), (30, 5), (30, 4), (30, 3), (29, 3), (29, 2), (28, 2), (27, 2), (26, 2), (25, 2), (25, 3), (24, 3), (23, 3), (22, 3), (21, 3), (21, 2), (21, 1), (20, 1), (19, 1), (18, 1), (17, 1), (17, 2), (16, 2), (15, 2), (14, 2), (13, 2), (13, 3), (12, 3), (11, 3), (11, 4), (11, 5), (11, 6), (10, 6), (9, 6), (8, 6), (7, 6), (6, 6), (5, 6), (5, 5), (4, 5), (3, 5), (3, 4), (3, 3), (3, 2), (3, 3), (3, 4), (3, 5), (4, 5), (5, 5), (5, 6), (5, 7), (6, 7), (6, 8), (6, 9), (5, 9), (5, 10), (4, 10), (3, 10), (2, 10), (2, 10)], 4: [(17, 24), (17, 25), (17, 26), (17, 27), (18, 27), (18, 28), (18, 29), (17, 29), (17, 30), (17, 31), (16, 31), (15, 31), (15, 30), (15, 29), (15, 30), (15, 31), (16, 31), (17, 31), (17, 30), (17, 29), (18, 29), (18, 28), (18, 27), (18, 26), (18, 25), (19, 25), (19, 25)]}, 85)