

CBSS-C STATS
starts:[312, 229, 677]
targets:[475, 45, 375, 969, 567, 1022, 539, 43, 720, 708, 85, 90, 731, 3, 245]
dests:[985, 942, 211]
ac_dict:{475: {0, 1}, 45: {1, 2}, 985: {0}, 942: {1}, 211: {2}}
clusters:[ 7 12  3  1  8  4  0  9 14 11 10 13  6  5  2]

round: 3
best_g_value: 207.0
open_list_size: 4
num_low_level_expanded: 2560
search_success: 1
search_time: 1.2084703919972526
n_tsp_call: 33
n_tsp_time: 1.0454685160075314
n_roots: 2
num_conflicts: 3
target_assignment: {375: 0, 567: 0, 475: 0, 539: 0, 731: 0, 1022: 0, 708: 2, 3: 2, 43: 2, 45: 2, 85: 2, 90: 2, 245: 2, 969: 1, 720: 1}
cluster_target_selection: {3: 375, 8: 567, 7: 475, 0: 539, 6: 731, 4: 1022, 11: 708, 5: 3, 9: 43, 12: 45, 10: 85, 13: 90, 2: 245, 1: 969, 14: 720}
num_nodes_transformed_graph: 27
agent_paths:({0: [(24, 9), (23, 9), (23, 10), (23, 11), (22, 11), (22, 12), (22, 13), (22, 14), (22, 15), (22, 16), (22, 17), (23, 17), (23, 18), (24, 18), (25, 18), (25, 17), (26, 17), (27, 17), (27, 16), (27, 15), (27, 14), (27, 15), (27, 16), (27, 17), (27, 18), (27, 19), (27, 20), (27, 21), (27, 22), (27, 23), (27, 24), (27, 25), (27, 26), (27, 27), (27, 28), (27, 29), (27, 30), (27, 31), (28, 31), (29, 31), (30, 31), (29, 31), (28, 31), (27, 31), (26, 31), (25, 31), (25, 30), (25, 30)], 1: [(5, 7), (6, 7), (6, 8), (6, 9), (6, 10), (6, 11), (5, 11), (5, 12), (5, 13), (6, 13), (6, 14), (6, 15), (6, 16), (6, 17), (7, 17), (7, 18), (8, 18), (9, 18), (9, 19), (9, 20), (9, 21), (9, 22), (9, 23), (10, 23), (11, 23), (11, 24), (11, 25), (10, 25), (10, 26), (10, 27), (10, 28), (10, 29), (9, 29), (9, 30), (9, 29), (10, 29), (10, 28), (10, 27), (10, 26), (10, 25), (11, 25), (11, 24), (11, 23), (12, 23), (13, 23), (13, 22), (14, 22), (15, 22), (16, 22), (17, 22), (17, 23), (17, 24), (17, 25), (17, 26), (17, 27), (18, 27), (18, 28), (18, 29), (17, 29), (17, 30), (17, 31), (16, 31), (15, 31), (14, 31), (14, 30), (14, 29), (14, 29)], 2: [(5, 21), (5, 22), (4, 22), (3, 22), (3, 21), (2, 21), (2, 20), (2, 19), (3, 19), (4, 19), (5, 19), (5, 18), (5, 17), (5, 17), (6, 17), (6, 16), (6, 15), (5, 15), (5, 14), (5, 13), (5, 12), (5, 11), (5, 10), (5, 9), (6, 9), (6, 8), (6, 7), (5, 7), (5, 6), (5, 5), (4, 5), (3, 5), (3, 4), (3, 3), (3, 2), (3, 1), (3, 0), (3, 1), (3, 2), (3, 3), (3, 4), (3, 5), (4, 5), (5, 5), (6, 5), (6, 4), (6, 3), (6, 2), (6, 1), (7, 1), (8, 1), (9, 1), (10, 1), (11, 1), (11, 2), (11, 3), (12, 3), (13, 3), (13, 2), (13, 1), (14, 1), (15, 1), (15, 2), (16, 2), (17, 2), (18, 2), (19, 2), (19, 1), (20, 1), (21, 1), (21, 2), (22, 2), (23, 2), (23, 3), (24, 3), (25, 3), (25, 2), (26, 2), (26, 3), (27, 3), (27, 4), (27, 5), (26, 5), (25, 5), (25, 6), (25, 7), (25, 8), (25, 9), (24, 9), (23, 9), (23, 8), (23, 7), (22, 7), (21, 7), (20, 7), (19, 7), (19, 6), (19, 6)]}, 96)