

CBSS-C STATS
starts:[738, 973, 343, 639, 211]
targets:[826, 102, 439, 357, 689, 79, 227, 593, 589, 433, 139, 307, 822, 502, 215, 381, 127, 611, 791, 971]
dests:[331, 497, 945, 748, 251]
ac_dict:{826: {0, 1}, 102: {1, 2}, 439: {2, 3}, 357: {3, 4}, 331: {0}, 497: {1}, 945: {2}, 748: {3}, 251: {4}}
clusters:[5 6 5 6 6 1 2 9 4 1 2 2 8 3 5 0 7 5 5 5]

round: 4
best_g_value: 165.0
open_list_size: 3
num_low_level_expanded: 904
search_success: 1
search_time: 10.85529835196212
n_tsp_call: 15
n_tsp_time: 10.589189768303186
n_roots: 1
num_conflicts: 3
target_assignment: {502: 2, 822: 2, 791: 1, 589: 1, 593: 1, 433: 1, 689: 3, 307: 4, 381: 4, 127: 4}
cluster_target_selection: {3: 502, 8: 822, 5: 791, 4: 589, 9: 593, 1: 433, 6: 689, 2: 307, 0: 381, 7: 127}
num_nodes_transformed_graph: 98
agent_paths:({0: [(2, 23), (2, 22), (2, 21), (2, 20), (2, 19), (3, 19), (4, 19), (5, 19), (5, 18), (5, 17), (6, 17), (6, 16), (6, 15), (6, 14), (6, 13), (7, 13), (8, 13), (9, 13), (9, 12), (9, 11), (9, 10), (10, 10), (11, 10), (11, 10)], 1: [(13, 30), (14, 30), (15, 30), (15, 31), (16, 31), (17, 31), (17, 30), (17, 29), (18, 29), (18, 28), (18, 27), (18, 26), (19, 26), (20, 26), (21, 26), (22, 26), (23, 26), (23, 26), (23, 25), (23, 24), (23, 23), (22, 23), (22, 22), (22, 21), (22, 20), (22, 19), (21, 19), (21, 18), (21, 17), (20, 17), (19, 17), (18, 17), (17, 17), (17, 18), (16, 18), (15, 18), (14, 18), (13, 18), (14, 18), (15, 18), (16, 18), (17, 18), (17, 17), (18, 17), (18, 16), (18, 15), (17, 15), (17, 14), (17, 13), (17, 14), (17, 15), (17, 15)], 2: [(23, 10), (22, 10), (22, 11), (22, 12), (22, 13), (22, 14), (22, 15), (22, 16), (22, 17), (22, 18), (22, 19), (22, 20), (22, 21), (22, 22), (22, 23), (23, 23), (23, 24), (23, 25), (22, 25), (21, 25), (21, 26), (20, 26), (19, 26), (18, 26), (18, 27), (18, 28), (18, 29), (17, 29), (17, 29)], 3: [(31, 19), (30, 19), (29, 19), (29, 18), (28, 18), (27, 18), (26, 18), (25, 18), (24, 18), (23, 18), (22, 18), (22, 19), (22, 20), (22, 21), (21, 21), (20, 21), (19, 21), (18, 21), (17, 21), (17, 22), (16, 22), (15, 22), (14, 22), (13, 22), (13, 23), (12, 23), (12, 23)], 4: [(19, 6), (19, 7), (18, 7), (18, 8), (18, 9), (19, 9), (19, 10), (19, 11), (20, 11), (21, 11), (22, 11), (23, 11), (23, 10), (23, 9), (24, 9), (25, 9), (26, 9), (27, 9), (27, 10), (28, 10), (29, 10), (29, 11), (29, 10), (29, 9), (30, 9), (31, 9), (31, 8), (31, 7), (31, 6), (31, 5), (30, 5), (30, 4), (30, 3), (31, 3), (30, 3), (30, 4), (30, 5), (29, 5), (29, 6), (28, 6), (27, 6), (27, 7), (27, 7)]}, 50)