

CBSS-C STATS
starts:[464, 609, 1016]
targets:[203, 600, 662, 371, 329, 367, 815, 77, 95, 558, 34, 173, 421, 737, 626]
dests:[721, 622, 578]
ac_dict:{203: {0, 1}, 600: {1, 2}, 721: {0}, 622: {1}, 578: {2}}
clusters:[14  9  5  2  4  0 11  3  7 12 10  8  1  6 13]

round: 1
best_g_value: 207.0
open_list_size: 0
num_low_level_expanded: 465
search_success: 1
search_time: 0.06973984598880634
n_tsp_call: 1
n_tsp_time: 0.05011264298809692
n_roots: 1
num_conflicts: 0
target_assignment: {371: 0, 95: 0, 662: 0, 421: 1, 329: 1, 34: 1, 203: 1, 77: 1, 173: 1, 367: 1, 600: 1, 626: 1, 558: 1, 815: 2, 737: 2}
cluster_target_selection: {2: 371, 7: 95, 5: 662, 1: 421, 4: 329, 10: 34, 14: 203, 3: 77, 8: 173, 0: 367, 9: 600, 13: 626, 12: 558, 11: 815, 6: 737}
num_nodes_transformed_graph: 26
agent_paths:({0: [(16, 14), (17, 14), (17, 13), (18, 13), (18, 12), (18, 11), (19, 11), (20, 11), (21, 11), (21, 10), (21, 9), (22, 9), (23, 9), (24, 9), (25, 9), (25, 8), (25, 7), (25, 6), (25, 5), (26, 5), (27, 5), (27, 4), (27, 3), (27, 2), (28, 2), (29, 2), (30, 2), (31, 2), (30, 2), (29, 2), (28, 2), (27, 2), (27, 3), (27, 4), (27, 5), (26, 5), (25, 5), (25, 6), (25, 7), (25, 8), (25, 9), (24, 9), (23, 9), (22, 9), (22, 10), (22, 11), (22, 12), (22, 13), (22, 14), (22, 15), (22, 16), (22, 17), (22, 18), (22, 19), (22, 20), (22, 21), (21, 21), (20, 21), (19, 21), (18, 21), (17, 21), (17, 22), (17, 22)], 1: [(1, 19), (2, 19), (3, 19), (4, 19), (5, 19), (5, 18), (5, 17), (6, 17), (6, 16), (6, 15), (5, 15), (5, 14), (5, 13), (6, 13), (7, 13), (8, 13), (9, 13), (9, 12), (9, 11), (9, 10), (9, 9), (8, 9), (7, 9), (6, 9), (6, 8), (6, 7), (5, 7), (5, 6), (5, 5), (4, 5), (3, 5), (3, 4), (3, 3), (2, 3), (2, 2), (2, 1), (3, 1), (3, 2), (3, 3), (3, 4), (3, 5), (4, 5), (5, 5), (6, 5), (7, 5), (7, 6), (8, 6), (9, 6), (10, 6), (11, 6), (11, 5), (11, 4), (11, 3), (12, 3), (13, 3), (13, 2), (13, 3), (14, 3), (14, 4), (14, 5), (13, 5), (14, 5), (14, 6), (14, 7), (14, 8), (14, 9), (15, 9), (15, 10), (15, 11), (15, 10), (15, 9), (16, 9), (17, 9), (18, 9), (19, 9), (19, 10), (19, 11), (20, 11), (21, 11), (22, 11), (22, 12), (22, 13), (22, 14), (22, 15), (22, 16), (22, 17), (23, 17), (23, 18), (24, 18), (23, 18), (22, 18), (21, 18), (21, 17), (20, 17), (19, 17), (18, 17), (18, 18), (18, 19), (17, 19), (17, 18), (16, 18), (15, 18), (14, 18), (14, 17), (14, 18), (14, 19), (14, 19)], 2: [(24, 31), (23, 31), (22, 31), (21, 31), (20, 31), (19, 31), (18, 31), (18, 30), (18, 29), (18, 28), (18, 27), (17, 27), (16, 27), (15, 27), (15, 26), (15, 25), (15, 24), (15, 23), (14, 23), (13, 23), (12, 23), (11, 23), (10, 23), (9, 23), (9, 22), (9, 21), (8, 21), (7, 21), (6, 21), (5, 21), (5, 22), (4, 22), (3, 22), (2, 22), (1, 22), (1, 23), (1, 22), (1, 21), (2, 21), (2, 20), (2, 19), (2, 18), (2, 18)]}, 105)