

CBSS-C STATS
starts:[426, 879]
targets:[762, 53, 447, 827, 494, 463, 824, 947, 170, 989]
dests:[42, 455]
ac_dict:{762: {0, 1}, 42: {0}, 455: {1}}
clusters:[5 2 8 6 1 0 9 4 7 3]

round: 1
best_g_value: 135.0
open_list_size: 0
num_low_level_expanded: 360
search_success: 1
search_time: 0.08919488100218587
n_tsp_call: 1
n_tsp_time: 0.07715313798689749
n_roots: 1
num_conflicts: 0
target_assignment: {170: 0, 53: 0, 947: 1, 989: 1, 824: 1, 827: 1, 762: 1, 447: 1, 463: 1, 494: 1}
cluster_target_selection: {7: 170, 2: 53, 4: 947, 3: 989, 9: 824, 6: 827, 5: 762, 8: 447, 0: 463, 1: 494}
num_nodes_transformed_graph: 24
agent_paths:({0: [(10, 13), (9, 13), (9, 12), (9, 11), (9, 10), (9, 9), (8, 9), (7, 9), (6, 9), (6, 8), (6, 7), (6, 6), (7, 6), (8, 6), (9, 6), (9, 5), (10, 5), (11, 5), (11, 4), (11, 3), (12, 3), (13, 3), (13, 2), (14, 2), (15, 2), (16, 2), (17, 2), (17, 1), (18, 1), (19, 1), (20, 1), (21, 1), (20, 1), (19, 1), (18, 1), (17, 1), (17, 2), (16, 2), (15, 2), (14, 2), (13, 2), (13, 3), (12, 3), (11, 3), (10, 3), (10, 2), (10, 1), (10, 1)], 1: [(15, 27), (16, 27), (17, 27), (18, 27), (18, 28), (18, 29), (19, 29), (19, 30), (19, 31), (20, 31), (21, 31), (22, 31), (23, 31), (24, 31), (25, 31), (26, 31), (27, 31), (28, 31), (29, 31), (29, 30), (29, 31), (28, 31), (27, 31), (27, 30), (27, 29), (27, 28), (27, 27), (26, 27), (25, 27), (25, 26), (25, 25), (24, 25), (25, 25), (26, 25), (27, 25), (27, 24), (27, 23), (26, 23), (26, 22), (26, 21), (27, 21), (27, 20), (27, 19), (27, 18), (27, 17), (27, 16), (27, 15), (27, 14), (28, 14), (29, 14), (29, 13), (30, 13), (31, 13), (30, 13), (29, 13), (29, 14), (28, 14), (27, 14), (27, 15), (27, 16), (27, 17), (26, 17), (25, 17), (25, 18), (24, 18), (23, 18), (22, 18), (21, 18), (21, 17), (20, 17), (19, 17), (18, 17), (18, 16), (18, 15), (17, 15), (17, 14), (16, 14), (15, 14), (14, 14), (14, 15), (13, 15), (13, 14), (12, 14), (11, 14), (10, 14), (9, 14), (9, 13), (8, 13), (7, 13), (7, 14), (7, 14)]}, 89)