

CBSS-C STATS
starts:[639, 123]
targets:[77, 534, 893, 462, 727, 341, 297, 598, 965, 110]
dests:[454, 186]
ac_dict:{77: {0, 1}, 454: {0}, 186: {1}}
clusters:[6 7 0 3 8 1 4 5 9 2]

round: 1
best_g_value: 143.0
open_list_size: 0
num_low_level_expanded: 413
search_success: 1
search_time: 0.14461286799632944
n_tsp_call: 1
n_tsp_time: 0.13210543199966196
n_roots: 1
num_conflicts: 0
target_assignment: {893: 0, 727: 0, 598: 0, 534: 0, 341: 0, 110: 0, 77: 0, 297: 0, 462: 0, 965: 0}
cluster_target_selection: {0: 893, 8: 727, 5: 598, 7: 534, 1: 341, 2: 110, 6: 77, 4: 297, 3: 462, 9: 965}
num_nodes_transformed_graph: 24
agent_paths:({0: [(31, 19), (31, 20), (31, 21), (30, 21), (30, 22), (30, 23), (30, 24), (30, 25), (29, 25), (29, 26), (29, 27), (29, 26), (29, 25), (30, 25), (30, 24), (30, 23), (29, 23), (28, 23), (27, 23), (27, 24), (27, 25), (26, 25), (25, 25), (24, 25), (23, 25), (23, 24), (23, 23), (23, 22), (22, 22), (22, 21), (22, 20), (22, 19), (22, 18), (22, 17), (22, 16), (22, 15), (22, 14), (22, 13), (22, 12), (22, 11), (21, 11), (21, 10), (21, 11), (20, 11), (19, 11), (18, 11), (17, 11), (17, 10), (17, 9), (16, 9), (15, 9), (14, 9), (14, 8), (14, 7), (14, 6), (14, 5), (14, 4), (14, 3), (13, 3), (13, 2), (13, 3), (12, 3), (11, 3), (11, 4), (11, 5), (10, 5), (9, 5), (9, 6), (8, 6), (7, 6), (7, 7), (6, 7), (6, 8), (6, 9), (7, 9), (8, 9), (9, 9), (9, 10), (9, 11), (9, 12), (9, 13), (10, 13), (11, 13), (11, 14), (12, 14), (13, 14), (14, 14), (13, 14), (12, 14), (11, 14), (11, 15), (11, 16), (11, 17), (10, 17), (9, 17), (9, 18), (9, 19), (9, 20), (9, 21), (9, 22), (9, 23), (10, 23), (11, 23), (11, 24), (11, 25), (10, 25), (10, 26), (10, 27), (10, 28), (10, 29), (9, 29), (9, 30), (8, 30), (7, 30), (6, 30), (5, 30), (4, 30), (3, 30), (3, 29), (3, 28), (3, 27), (3, 26), (3, 25), (2, 25), (1, 25), (1, 24), (1, 23), (1, 22), (1, 21), (2, 21), (2, 20), (2, 19), (3, 19), (4, 19), (5, 19), (5, 18), (5, 17), (6, 17), (6, 16), (6, 15), (6, 14), (6, 14)], 1: [(27, 3), (27, 4), (27, 5), (26, 5), (26, 5)]}, 140)