

CBSS-C STATS
starts:[607, 246]
targets:[633, 725, 830, 89, 592, 353, 879, 37, 687, 1022]
dests:[626, 993]
ac_dict:{633: {0, 1}, 626: {0}, 993: {1}}
clusters:[3 7 4 2 0 1 8 9 6 5]

round: 1
best_g_value: 175.0
open_list_size: 0
num_low_level_expanded: 429
search_success: 1
search_time: 0.018661920999875292
n_tsp_call: 1
n_tsp_time: 0.0042156569979852065
n_roots: 1
num_conflicts: 0
target_assignment: {830: 0, 1022: 0, 633: 0, 592: 0, 89: 1, 37: 1, 353: 1, 725: 1, 687: 1, 879: 1}
cluster_target_selection: {4: 830, 5: 1022, 3: 633, 0: 592, 2: 89, 9: 37, 1: 353, 7: 725, 6: 687, 8: 879}
num_nodes_transformed_graph: 14
agent_paths:({0: [(31, 18), (31, 19), (31, 20), (31, 21), (30, 21), (30, 22), (30, 23), (30, 24), (30, 25), (30, 26), (30, 27), (31, 27), (31, 28), (31, 29), (30, 29), (30, 30), (30, 31), (29, 31), (28, 31), (27, 31), (27, 30), (27, 29), (27, 28), (27, 27), (27, 26), (27, 25), (27, 24), (27, 23), (27, 22), (27, 21), (27, 20), (27, 19), (26, 19), (25, 19), (25, 18), (24, 18), (23, 18), (22, 18), (21, 18), (21, 17), (20, 17), (19, 17), (18, 17), (17, 17), (17, 18), (16, 18), (17, 18), (18, 18), (18, 19), (18, 19)], 1: [(22, 7), (23, 7), (23, 8), (23, 9), (24, 9), (25, 9), (25, 8), (25, 7), (25, 6), (25, 5), (26, 5), (27, 5), (27, 4), (27, 3), (26, 3), (25, 3), (25, 2), (25, 3), (24, 3), (23, 3), (22, 3), (21, 3), (21, 2), (21, 1), (20, 1), (19, 1), (18, 1), (17, 1), (17, 2), (16, 2), (15, 2), (14, 2), (13, 2), (13, 3), (12, 3), (11, 3), (10, 3), (9, 3), (9, 2), (9, 1), (8, 1), (7, 1), (6, 1), (5, 1), (5, 2), (5, 3), (6, 3), (6, 4), (6, 5), (6, 6), (6, 7), (6, 8), (6, 9), (5, 9), (5, 10), (4, 10), (3, 10), (2, 10), (1, 10), (1, 11), (2, 11), (3, 11), (3, 10), (4, 10), (5, 10), (5, 11), (5, 12), (5, 13), (6, 13), (7, 13), (8, 13), (9, 13), (10, 13), (11, 13), (11, 14), (12, 14), (13, 14), (14, 14), (15, 14), (16, 14), (17, 14), (18, 14), (18, 15), (18, 16), (18, 17), (19, 17), (20, 17), (21, 17), (21, 18), (21, 19), (22, 19), (22, 20), (22, 21), (21, 21), (21, 22), (21, 21), (20, 21), (19, 21), (18, 21), (17, 21), (17, 22), (16, 22), (15, 22), (15, 21), (15, 22), (15, 23), (15, 24), (15, 25), (15, 26), (15, 27), (14, 27), (13, 27), (12, 27), (11, 27), (10, 27), (10, 28), (10, 29), (9, 29), (9, 30), (8, 30), (7, 30), (6, 30), (5, 30), (4, 30), (3, 30), (2, 30), (1, 30), (1, 31), (1, 31)]}, 127)