

CBSS-C STATS
starts:[989, 935]
targets:[618, 214, 758, 914, 67, 735, 51, 846, 92, 555]
dests:[883, 706]
ac_dict:{618: {0, 1}, 883: {0}, 706: {1}}
clusters:[8 5 2 3 7 4 6 9 1 0]

round: 1
best_g_value: 177.0
open_list_size: 0
num_low_level_expanded: 420
search_success: 1
search_time: 0.0327856240037363
n_tsp_call: 1
n_tsp_time: 0.017975498994928785
n_roots: 1
num_conflicts: 0
target_assignment: {735: 0, 92: 0, 51: 0, 67: 0, 214: 0, 758: 0, 846: 0, 914: 0, 618: 1, 555: 1}
cluster_target_selection: {4: 735, 1: 92, 6: 51, 7: 67, 5: 214, 2: 758, 9: 846, 3: 914, 8: 618, 0: 555}
num_nodes_transformed_graph: 14
agent_paths:({0: [(29, 30), (29, 29), (30, 29), (31, 29), (31, 28), (31, 27), (31, 26), (31, 25), (30, 25), (30, 24), (30, 23), (30, 22), (31, 22), (31, 21), (31, 20), (31, 19), (31, 18), (31, 17), (31, 16), (31, 15), (31, 14), (31, 13), (31, 12), (31, 11), (31, 10), (31, 9), (31, 8), (31, 7), (30, 7), (30, 6), (30, 5), (30, 4), (30, 3), (29, 3), (29, 2), (28, 2), (27, 2), (26, 2), (25, 2), (25, 3), (24, 3), (23, 3), (22, 3), (21, 3), (21, 2), (21, 1), (20, 1), (19, 1), (18, 1), (17, 1), (17, 2), (16, 2), (15, 2), (14, 2), (13, 2), (13, 3), (12, 3), (11, 3), (11, 4), (11, 5), (10, 5), (9, 5), (9, 6), (8, 6), (7, 6), (6, 6), (5, 6), (5, 5), (4, 5), (3, 5), (3, 4), (3, 3), (3, 2), (3, 3), (3, 4), (3, 5), (4, 5), (5, 5), (6, 5), (7, 5), (7, 6), (8, 6), (9, 6), (10, 6), (11, 6), (11, 5), (12, 5), (13, 5), (14, 5), (15, 5), (16, 5), (17, 5), (18, 5), (19, 5), (19, 6), (19, 7), (20, 7), (21, 7), (21, 6), (22, 6), (22, 7), (23, 7), (23, 8), (23, 9), (22, 9), (22, 10), (22, 11), (22, 12), (22, 13), (22, 14), (22, 15), (22, 16), (22, 17), (22, 18), (22, 19), (22, 20), (22, 21), (22, 22), (22, 23), (23, 23), (23, 24), (23, 25), (22, 25), (21, 25), (21, 26), (20, 26), (19, 26), (18, 26), (17, 26), (17, 27), (16, 27), (15, 27), (14, 27), (14, 26), (15, 26), (15, 27), (16, 27), (17, 27), (18, 27), (18, 28), (18, 27), (19, 27), (19, 27)], 1: [(7, 29), (7, 30), (8, 30), (9, 30), (9, 29), (10, 29), (10, 28), (10, 27), (10, 26), (10, 25), (11, 25), (11, 24), (11, 23), (10, 23), (10, 22), (10, 21), (9, 21), (9, 20), (9, 19), (10, 19), (10, 18), (10, 17), (11, 17), (10, 17), (9, 17), (9, 18), (8, 18), (7, 18), (6, 18), (5, 18), (5, 19), (4, 19), (3, 19), (2, 19), (2, 20), (2, 21), (2, 22), (2, 22)]}, 141)