

CBSS-C STATS
starts:[310, 231, 218, 562, 139]
targets:[715, 107, 733, 783, 955, 735, 621, 505, 824, 818]
dests:[158, 838, 919, 1005, 523]
ac_dict:{715: {0, 1}, 107: {1, 2}, 733: {2, 3}, 783: {3, 4}, 158: {0}, 838: {1}, 919: {2}, 1005: {3}, 523: {4}}
clusters:[4 2 4 1 0 3 1 0 2 2]

round: 2
best_g_value: 143.0
open_list_size: 1
num_low_level_expanded: 584
search_success: 1
search_time: 0.49457333190366626
n_tsp_call: 10
n_tsp_time: 0.42979687824845314
n_roots: 1
num_conflicts: 1
target_assignment: {505: 2, 735: 2, 733: 2, 824: 2, 783: 3}
cluster_target_selection: {0: 505, 3: 735, 4: 733, 2: 824, 1: 783}
num_nodes_transformed_graph: 29
agent_paths:({0: [(22, 9), (23, 9), (24, 9), (24, 9), (24, 9), (25, 9), (25, 8), (25, 7), (25, 6), (26, 6), (27, 6), (28, 6), (29, 6), (29, 5), (30, 5), (30, 4), (30, 4)], 1: [(7, 7), (6, 7), (6, 8), (6, 9), (6, 10), (6, 11), (5, 11), (5, 12), (5, 13), (6, 13), (6, 14), (6, 15), (6, 16), (6, 17), (6, 18), (6, 19), (5, 19), (4, 19), (3, 19), (2, 19), (2, 20), (2, 21), (2, 22), (2, 23), (1, 23), (1, 24), (1, 25), (2, 25), (3, 25), (3, 26), (4, 26), (5, 26), (6, 26), (6, 26)], 2: [(26, 6), (25, 6), (25, 7), (25, 8), (25, 9), (25, 10), (25, 11), (26, 11), (27, 11), (27, 12), (27, 13), (26, 13), (25, 13), (25, 14), (25, 15), (26, 15), (27, 15), (27, 16), (27, 17), (27, 18), (28, 18), (29, 18), (30, 18), (31, 18), (31, 19), (31, 20), (31, 21), (31, 22), (30, 22), (29, 22), (29, 23), (28, 23), (27, 23), (27, 24), (27, 25), (26, 25), (25, 25), (24, 25), (23, 25), (23, 26), (23, 27), (23, 28), (23, 28)], 3: [(18, 17), (19, 17), (20, 17), (21, 17), (21, 18), (21, 19), (22, 19), (22, 20), (22, 21), (21, 21), (20, 21), (19, 21), (18, 21), (17, 21), (17, 22), (16, 22), (15, 22), (15, 23), (15, 24), (15, 25), (15, 26), (15, 27), (16, 27), (17, 27), (18, 27), (18, 28), (18, 29), (17, 29), (17, 30), (17, 31), (16, 31), (15, 31), (14, 31), (13, 31), (13, 31)], 4: [(11, 4), (11, 5), (12, 5), (13, 5), (13, 6), (13, 7), (14, 7), (14, 8), (14, 9), (13, 9), (13, 10), (13, 11), (12, 11), (11, 11), (10, 11), (9, 11), (9, 12), (9, 13), (10, 13), (11, 13), (11, 14), (11, 15), (11, 16), (11, 16)]}, 41)