

CBSS-C STATS
starts:[951, 346, 671]
targets:[342, 979, 389, 450, 686, 80, 779, 210, 758, 933, 119, 173, 110, 441, 363]
dests:[1009, 553, 270]
ac_dict:{342: {0, 1}, 979: {1, 2}, 1009: {0}, 553: {1}, 270: {2}}
clusters:[ 5  8  7  2  0 11 10 14  9  6  3  4  1 13 12]

round: 1
best_g_value: 197.0
open_list_size: 0
num_low_level_expanded: 441
search_success: 1
search_time: 0.07241463000536896
n_tsp_call: 1
n_tsp_time: 0.052138746992568485
n_roots: 1
num_conflicts: 0
target_assignment: {441: 2, 119: 2, 80: 2, 110: 2, 173: 2, 210: 2, 342: 1, 758: 1, 979: 1, 686: 1, 779: 1, 933: 1, 450: 1, 389: 1, 363: 1}
cluster_target_selection: {13: 441, 3: 119, 11: 80, 1: 110, 4: 173, 14: 210, 5: 342, 9: 758, 8: 979, 0: 686, 10: 779, 6: 933, 2: 450, 7: 389, 12: 363}
num_nodes_transformed_graph: 26
agent_paths:({0: [(23, 29), (22, 29), (21, 29), (21, 30), (21, 31), (20, 31), (19, 31), (18, 31), (17, 31), (17, 31)], 1: [(26, 10), (25, 10), (25, 9), (24, 9), (23, 9), (22, 9), (22, 10), (22, 11), (22, 12), (22, 13), (22, 14), (22, 15), (22, 16), (22, 17), (22, 18), (22, 19), (22, 20), (22, 21), (22, 22), (22, 23), (23, 23), (23, 24), (23, 25), (23, 26), (23, 27), (23, 28), (23, 29), (22, 29), (21, 29), (21, 30), (21, 31), (20, 31), (19, 31), (19, 30), (18, 30), (18, 29), (18, 28), (18, 27), (17, 27), (16, 27), (15, 27), (15, 26), (15, 25), (15, 24), (15, 23), (14, 23), (14, 22), (14, 21), (13, 21), (13, 22), (13, 23), (12, 23), (11, 23), (11, 24), (11, 25), (10, 25), (10, 26), (10, 27), (10, 28), (10, 29), (9, 29), (9, 30), (8, 30), (7, 30), (6, 30), (5, 30), (5, 29), (5, 30), (4, 30), (3, 30), (3, 29), (3, 28), (3, 27), (2, 27), (2, 26), (2, 25), (1, 25), (1, 24), (1, 23), (1, 22), (1, 21), (2, 21), (2, 20), (2, 19), (2, 18), (2, 17), (2, 16), (2, 15), (2, 14), (2, 15), (2, 16), (2, 17), (3, 17), (3, 18), (3, 19), (4, 19), (5, 19), (5, 18), (5, 17), (6, 17), (6, 16), (6, 15), (5, 15), (5, 14), (5, 13), (5, 12), (5, 13), (6, 13), (7, 13), (8, 13), (9, 13), (9, 12), (9, 11), (10, 11), (11, 11), (10, 11), (9, 11), (9, 12), (9, 13), (9, 14), (9, 15), (10, 15), (11, 15), (11, 16), (11, 17), (10, 17), (9, 17), (9, 17)], 2: [(31, 20), (31, 19), (30, 19), (29, 19), (29, 18), (28, 18), (27, 18), (27, 17), (27, 16), (27, 15), (26, 15), (25, 15), (25, 14), (25, 13), (26, 13), (27, 13), (27, 12), (27, 11), (26, 11), (25, 11), (25, 10), (25, 9), (25, 8), (25, 7), (25, 6), (25, 5), (26, 5), (27, 5), (27, 4), (27, 3), (26, 3), (25, 3), (24, 3), (23, 3), (22, 3), (21, 3), (21, 2), (21, 1), (20, 1), (19, 1), (18, 1), (17, 1), (17, 2), (16, 2), (15, 2), (14, 2), (14, 3), (14, 4), (14, 5), (13, 5), (14, 5), (15, 5), (16, 5), (17, 5), (18, 5), (18, 6), (18, 7), (18, 8), (18, 9), (17, 9), (16, 9), (15, 9), (14, 9), (14, 8), (14, 8)]}, 126)