

CBSS-C STATS
starts:[489, 58, 855, 353, 566]
targets:[964, 191, 673, 182, 439, 218, 231, 378, 743, 885, 226, 869, 318, 361, 55, 973, 997, 801, 115, 750]
dests:[301, 453, 47, 199, 678]
ac_dict:{964: {0, 1}, 191: {1, 2}, 673: {2, 3}, 182: {3, 4}, 301: {0}, 453: {1}, 47: {2}, 199: {3}, 678: {4}}
clusters:[ 4  9  7 13  1 18 17 19 15  8  5  0 11 16 10  6  2  3 14 12]

round: 2
best_g_value: 294.0
open_list_size: 1
num_low_level_expanded: 1790
search_success: 1
search_time: 0.7600629610096803
n_tsp_call: 1
n_tsp_time: 0.7125861279928358
n_roots: 1
num_conflicts: 1
target_assignment: {361: 0, 885: 2, 973: 2, 743: 2, 673: 2, 55: 2, 115: 2, 218: 1, 191: 1, 318: 1, 378: 1, 750: 1, 997: 1, 964: 1, 869: 1, 801: 1, 439: 4, 182: 4, 231: 3, 226: 3}
cluster_target_selection: {16: 361, 8: 885, 6: 973, 15: 743, 7: 673, 10: 55, 14: 115, 18: 218, 9: 191, 11: 318, 19: 378, 12: 750, 2: 997, 4: 964, 0: 869, 3: 801, 1: 439, 13: 182, 17: 231, 5: 226}
num_nodes_transformed_graph: 52
agent_paths:({0: [(9, 15), (9, 14), (9, 13), (9, 12), (9, 11), (10, 11), (11, 11), (12, 11), (13, 11), (13, 10), (13, 9), (13, 9)], 1: [(26, 1), (26, 2), (26, 3), (27, 3), (27, 4), (27, 5), (26, 5), (26, 6), (27, 6), (28, 6), (29, 6), (29, 5), (30, 5), (31, 5), (31, 6), (31, 7), (31, 8), (31, 9), (30, 9), (29, 9), (29, 10), (28, 10), (27, 10), (26, 10), (26, 11), (27, 11), (27, 12), (27, 13), (27, 14), (27, 15), (27, 16), (27, 17), (26, 17), (25, 17), (25, 18), (24, 18), (23, 18), (22, 18), (22, 19), (22, 20), (22, 21), (21, 21), (20, 21), (19, 21), (18, 21), (17, 21), (17, 22), (16, 22), (15, 22), (14, 22), (14, 23), (13, 23), (12, 23), (11, 23), (11, 24), (11, 25), (10, 25), (10, 26), (10, 27), (10, 28), (10, 29), (9, 29), (9, 30), (8, 30), (7, 30), (6, 30), (5, 30), (5, 31), (5, 30), (4, 30), (3, 30), (3, 29), (3, 28), (3, 27), (3, 26), (4, 26), (5, 26), (5, 27), (5, 26), (4, 26), (3, 26), (2, 26), (1, 26), (1, 25), (1, 24), (1, 23), (1, 22), (1, 21), (2, 21), (2, 20), (2, 19), (3, 19), (4, 19), (5, 19), (5, 18), (5, 17), (6, 17), (6, 16), (6, 15), (5, 15), (5, 14), (5, 14)], 2: [(23, 26), (22, 26), (21, 26), (21, 27), (21, 26), (20, 26), (19, 26), (18, 26), (18, 27), (18, 28), (18, 29), (17, 29), (17, 30), (17, 31), (16, 31), (15, 31), (14, 31), (13, 31), (13, 30), (14, 30), (15, 30), (15, 31), (16, 31), (17, 31), (17, 30), (17, 29), (18, 29), (18, 28), (18, 27), (17, 27), (16, 27), (15, 27), (14, 27), (13, 27), (12, 27), (11, 27), (11, 26), (11, 25), (11, 24), (11, 23), (10, 23), (9, 23), (9, 22), (9, 21), (8, 21), (7, 21), (7, 22), (7, 23), (6, 23), (5, 23), (5, 22), (4, 22), (3, 22), (2, 22), (1, 22), (1, 21), (2, 21), (2, 20), (2, 19), (3, 19), (4, 19), (5, 19), (5, 18), (5, 17), (6, 17), (6, 16), (6, 15), (6, 14), (6, 13), (7, 13), (8, 13), (9, 13), (9, 12), (9, 11), (10, 11), (11, 11), (12, 11), (13, 11), (13, 10), (14, 10), (14, 9), (14, 8), (14, 7), (14, 6), (14, 5), (14, 4), (14, 3), (14, 2), (15, 2), (16, 2), (17, 2), (17, 1), (18, 1), (19, 1), (20, 1), (21, 1), (22, 1), (23, 1), (22, 1), (21, 1), (20, 1), (19, 1), (19, 2), (19, 3), (18, 3), (17, 3), (17, 2), (16, 2), (15, 2), (15, 1), (15, 1)], 3: [(1, 11), (1, 10), (2, 10), (3, 10), (4, 10), (5, 10), (5, 9), (6, 9), (6, 8), (6, 7), (7, 7), (6, 7), (5, 7), (5, 6), (5, 5), (4, 5), (3, 5), (2, 5), (2, 6), (2, 7), (2, 6), (3, 6), (3, 5), (4, 5), (5, 5), (6, 5), (7, 5), (7, 6), (7, 6)], 4: [(22, 17), (22, 16), (22, 15), (22, 14), (22, 13), (23, 13), (22, 13), (22, 12), (22, 11), (22, 10), (22, 9), (23, 9), (23, 8), (23, 7), (22, 7), (22, 6), (22, 5), (21, 5), (21, 6), (21, 7), (20, 7), (19, 7), (18, 7), (18, 8), (18, 9), (18, 10), (18, 11), (18, 12), (18, 13), (17, 13), (17, 14), (16, 14), (15, 14), (14, 14), (13, 14), (12, 14), (11, 14), (11, 15), (11, 16), (11, 17), (10, 17), (9, 17), (9, 18), (9, 19), (9, 20), (9, 21), (8, 21), (7, 21), (6, 21), (6, 21)]}, 109)