

CBSS-C STATS
starts:[510, 730, 211, 489, 494]
targets:[274, 630, 597, 923, 86, 824, 594, 94, 878, 720]
dests:[161, 227, 205, 662, 447]
ac_dict:{274: {0, 1}, 630: {1, 2}, 597: {2, 3}, 923: {3, 4}, 161: {0}, 227: {1}, 205: {2}, 662: {3}, 447: {4}}
clusters:[0 0 1 1 0 0 1 0 0 0]

round: 4
best_g_value: 144.0
open_list_size: 3
num_low_level_expanded: 1544
search_success: 1
search_time: 0.3401903612539172
n_tsp_call: 7
n_tsp_time: 0.25240001548081636
n_roots: 1
num_conflicts: 3
target_assignment: {274: 0, 597: 3}
cluster_target_selection: {0: 274, 1: 597}
num_nodes_transformed_graph: 28
agent_paths:({0: [(30, 15), (29, 15), (29, 14), (28, 14), (27, 14), (27, 13), (27, 12), (27, 11), (26, 11), (25, 11), (25, 10), (25, 9), (24, 9), (23, 9), (23, 8), (23, 7), (22, 7), (21, 7), (20, 7), (19, 7), (18, 7), (18, 8), (18, 7), (17, 7), (17, 6), (17, 5), (16, 5), (15, 5), (14, 5), (13, 5), (12, 5), (11, 5), (10, 5), (9, 5), (9, 6), (8, 6), (7, 6), (6, 6), (5, 6), (5, 5), (4, 5), (3, 5), (2, 5), (1, 5), (1, 5)], 1: [(26, 22), (26, 21), (27, 21), (27, 20), (27, 19), (26, 19), (25, 19), (25, 18), (24, 18), (23, 18), (22, 18), (22, 17), (22, 16), (22, 15), (21, 15), (21, 14), (21, 13), (20, 13), (19, 13), (18, 13), (17, 13), (17, 14), (16, 14), (15, 14), (14, 14), (13, 14), (12, 14), (11, 14), (10, 14), (9, 14), (9, 13), (9, 12), (9, 11), (9, 10), (9, 9), (8, 9), (7, 9), (6, 9), (6, 8), (6, 7), (5, 7), (5, 6), (5, 5), (4, 5), (3, 5), (3, 6), (3, 7), (3, 7)], 2: [(19, 6), (18, 6), (17, 6), (17, 5), (16, 5), (15, 5), (14, 5), (13, 5), (13, 6), (13, 6)], 3: [(9, 15), (10, 15), (11, 15), (11, 14), (12, 14), (13, 14), (14, 14), (15, 14), (16, 14), (17, 14), (18, 14), (18, 15), (18, 16), (18, 17), (19, 17), (20, 17), (21, 17), (21, 18), (22, 18), (22, 19), (22, 20), (22, 20)], 4: [(14, 15), (14, 14), (15, 14), (16, 14), (17, 14), (17, 13), (18, 13), (19, 13), (20, 13), (21, 13), (22, 13), (22, 12), (22, 11), (23, 11), (23, 10), (23, 9), (24, 9), (25, 9), (26, 9), (27, 9), (27, 10), (28, 10), (29, 10), (30, 10), (31, 10), (31, 11), (31, 12), (31, 13), (31, 13)]}, 46)