

CBSS-C STATS
starts:[485, 581, 85, 836, 177, 439, 637]
targets:[854, 685, 769, 745, 190, 117, 429, 824, 711, 249]
dests:[553, 883, 370, 1009, 374, 969, 692]
ac_dict:{854: {0, 1}, 685: {1, 2}, 769: {2, 3}, 745: {3, 4}, 190: {4, 5}, 117: {5, 6}, 553: {0}, 883: {1}, 370: {2}, 1009: {3}, 374: {4}, 969: {5}, 692: {6}}
clusters:[9 2 6 7 8 0 3 5 4 1]

round: 1
best_g_value: 218.0
open_list_size: 0
num_low_level_expanded: 543
search_success: 1
search_time: 0.1661635960044805
n_tsp_call: 1
n_tsp_time: 0.1405926110019209
n_roots: 1
num_conflicts: 0
target_assignment: {429: 0, 249: 5, 117: 5, 190: 5, 824: 5, 769: 3, 711: 3, 745: 3, 685: 1, 854: 1}
cluster_target_selection: {3: 429, 1: 249, 0: 117, 8: 190, 5: 824, 6: 769, 4: 711, 7: 745, 2: 685, 9: 854}
num_nodes_transformed_graph: 34
agent_paths:({0: [(5, 15), (5, 14), (5, 13), (6, 13), (7, 13), (8, 13), (9, 13), (10, 13), (11, 13), (11, 14), (12, 14), (13, 14), (13, 13), (13, 14), (12, 14), (11, 14), (11, 15), (11, 16), (11, 17), (10, 17), (9, 17), (9, 17)], 1: [(5, 18), (6, 18), (7, 18), (8, 18), (9, 18), (9, 19), (9, 20), (9, 21), (10, 21), (11, 21), (11, 22), (11, 23), (12, 23), (13, 23), (13, 22), (13, 21), (14, 21), (15, 21), (15, 22), (16, 22), (17, 22), (17, 23), (17, 24), (17, 25), (18, 25), (19, 25), (19, 26), (20, 26), (21, 26), (22, 26), (21, 26), (20, 26), (19, 26), (19, 27), (19, 27)], 2: [(21, 2), (21, 1), (20, 1), (19, 1), (18, 1), (18, 2), (17, 2), (16, 2), (15, 2), (15, 3), (14, 3), (14, 4), (14, 5), (15, 5), (16, 5), (17, 5), (18, 5), (18, 6), (18, 7), (18, 8), (18, 9), (18, 10), (18, 11), (18, 11)], 3: [(4, 26), (3, 26), (2, 26), (1, 26), (1, 25), (1, 24), (1, 23), (1, 22), (2, 22), (3, 22), (4, 22), (5, 22), (6, 22), (7, 22), (7, 21), (8, 21), (9, 21), (9, 22), (9, 23), (10, 23), (11, 23), (12, 23), (13, 23), (14, 23), (15, 23), (15, 24), (15, 25), (15, 26), (15, 27), (16, 27), (17, 27), (18, 27), (18, 28), (18, 29), (17, 29), (17, 30), (17, 31), (17, 31)], 4: [(17, 5), (18, 5), (18, 6), (18, 7), (18, 8), (18, 9), (19, 9), (19, 10), (19, 11), (20, 11), (21, 11), (22, 11), (22, 11)], 5: [(23, 13), (22, 13), (22, 12), (22, 11), (22, 10), (22, 9), (23, 9), (24, 9), (25, 9), (25, 8), (25, 7), (25, 6), (25, 5), (26, 5), (27, 5), (27, 4), (27, 3), (26, 3), (25, 3), (24, 3), (23, 3), (22, 3), (21, 3), (22, 3), (23, 3), (24, 3), (25, 3), (26, 3), (27, 3), (27, 4), (27, 5), (27, 6), (28, 6), (29, 6), (29, 5), (30, 5), (30, 6), (30, 7), (31, 7), (31, 8), (31, 9), (30, 9), (29, 9), (29, 10), (28, 10), (27, 10), (27, 11), (27, 12), (27, 13), (27, 14), (27, 15), (27, 16), (27, 17), (27, 18), (27, 19), (27, 20), (27, 21), (27, 22), (27, 23), (27, 24), (27, 25), (26, 25), (25, 25), (24, 25), (23, 25), (22, 25), (21, 25), (21, 26), (20, 26), (19, 26), (18, 26), (17, 26), (17, 27), (16, 27), (15, 27), (14, 27), (13, 27), (12, 27), (11, 27), (10, 27), (10, 28), (10, 29), (9, 29), (9, 30), (9, 30)], 6: [(29, 19), (29, 18), (28, 18), (27, 18), (26, 18), (25, 18), (24, 18), (23, 18), (22, 18), (22, 19), (22, 20), (22, 21), (21, 21), (20, 21), (20, 21)]}, 83)