

CBSS-C STATS
starts:[430, 114]
targets:[199, 479, 977, 200, 565, 710, 1022, 637, 317, 122]
dests:[550, 573]
ac_dict:{199: {0, 1}, 550: {0}, 573: {1}}
clusters:[8 0 9 3 6 1 2 7 5 4]

round: 1
best_g_value: 155.0
open_list_size: 0
num_low_level_expanded: 397
search_success: 1
search_time: 0.02875600999686867
n_tsp_call: 1
n_tsp_time: 0.014605798001866788
n_roots: 1
num_conflicts: 0
target_assignment: {199: 0, 200: 0, 710: 0, 122: 1, 317: 1, 479: 1, 1022: 1, 977: 1, 565: 1, 637: 1}
cluster_target_selection: {8: 199, 3: 200, 1: 710, 4: 122, 5: 317, 0: 479, 2: 1022, 9: 977, 6: 565, 7: 637}
num_nodes_transformed_graph: 14
agent_paths:({0: [(14, 13), (13, 13), (13, 14), (12, 14), (11, 14), (10, 14), (9, 14), (9, 13), (9, 12), (9, 11), (9, 10), (9, 9), (8, 9), (7, 9), (6, 9), (6, 8), (6, 7), (6, 6), (7, 6), (8, 6), (7, 6), (6, 6), (6, 7), (6, 8), (6, 9), (6, 10), (6, 11), (5, 11), (5, 12), (5, 13), (6, 13), (6, 14), (6, 15), (6, 16), (6, 17), (6, 18), (7, 18), (8, 18), (9, 18), (9, 19), (9, 20), (9, 21), (8, 21), (7, 21), (6, 21), (6, 22), (6, 21), (7, 21), (8, 21), (9, 21), (9, 20), (9, 19), (9, 18), (8, 18), (7, 18), (6, 18), (6, 17), (6, 17)], 1: [(18, 3), (19, 3), (19, 2), (19, 1), (20, 1), (21, 1), (22, 1), (23, 1), (23, 2), (23, 3), (24, 3), (25, 3), (26, 3), (27, 3), (27, 4), (27, 5), (27, 6), (28, 6), (29, 6), (29, 7), (30, 7), (31, 7), (31, 8), (31, 9), (30, 9), (29, 9), (30, 9), (31, 9), (31, 10), (31, 11), (31, 12), (31, 13), (31, 14), (31, 15), (31, 16), (31, 17), (31, 18), (31, 19), (31, 20), (31, 21), (30, 21), (30, 22), (30, 23), (30, 24), (30, 25), (30, 26), (30, 27), (31, 27), (31, 28), (31, 29), (30, 29), (30, 30), (30, 31), (29, 31), (28, 31), (27, 31), (26, 31), (25, 31), (24, 31), (23, 31), (22, 31), (21, 31), (20, 31), (19, 31), (18, 31), (17, 31), (17, 30), (17, 29), (18, 29), (18, 28), (18, 27), (18, 26), (18, 25), (17, 25), (17, 24), (17, 23), (17, 22), (17, 21), (18, 21), (19, 21), (20, 21), (21, 21), (22, 21), (22, 20), (22, 19), (21, 19), (21, 18), (21, 17), (22, 17), (23, 17), (23, 18), (24, 18), (25, 18), (26, 18), (27, 18), (28, 18), (29, 18), (29, 19), (29, 18), (29, 17), (29, 17)]}, 99)