

CBSS-C STATS
starts:[21, 611, 173, 707, 470]
targets:[246, 619, 751, 310, 785, 383, 889, 530, 635, 747]
dests:[61, 163, 539, 366, 594]
ac_dict:{246: {0, 1}, 619: {1, 2}, 751: {2, 3}, 310: {3, 4}, 61: {0}, 163: {1}, 539: {2}, 366: {3}, 594: {4}}
clusters:[1 0 1 0 0 0 1 0 1 1]

round: 1
best_g_value: 100.0
open_list_size: 0
num_low_level_expanded: 323
search_success: 1
search_time: 0.05400766525417566
n_tsp_call: 1
n_tsp_time: 0.04130219388753176
n_roots: 1
num_conflicts: 0
target_assignment: {635: 2, 530: 4}
cluster_target_selection: {1: 635, 0: 530}
num_nodes_transformed_graph: 29
agent_paths:({0: [(21, 0), (21, 1), (22, 1), (23, 1), (23, 2), (23, 3), (24, 3), (25, 3), (25, 2), (26, 2), (27, 2), (28, 2), (29, 2), (29, 1), (29, 1)], 1: [(3, 19), (4, 19), (5, 19), (5, 18), (5, 17), (6, 17), (6, 16), (6, 15), (5, 15), (5, 14), (5, 13), (5, 12), (5, 11), (5, 10), (5, 9), (6, 9), (6, 8), (6, 7), (5, 7), (5, 6), (5, 5), (4, 5), (3, 5), (3, 5)], 2: [(13, 5), (14, 5), (15, 5), (16, 5), (17, 5), (18, 5), (19, 5), (19, 6), (19, 7), (20, 7), (21, 7), (22, 7), (23, 7), (23, 8), (23, 9), (24, 9), (25, 9), (26, 9), (27, 9), (27, 10), (27, 11), (27, 12), (27, 13), (27, 14), (27, 15), (27, 16), (27, 17), (27, 18), (27, 19), (27, 18), (27, 17), (27, 16), (27, 16)], 3: [(3, 22), (3, 21), (2, 21), (2, 20), (2, 19), (3, 19), (4, 19), (5, 19), (5, 18), (5, 17), (6, 17), (6, 16), (6, 15), (6, 14), (6, 13), (7, 13), (8, 13), (9, 13), (9, 12), (9, 11), (10, 11), (11, 11), (12, 11), (13, 11), (14, 11), (14, 11)], 4: [(22, 14), (22, 15), (22, 16), (22, 17), (21, 17), (20, 17), (19, 17), (18, 17), (18, 16), (18, 17), (18, 18), (18, 18)]}, 31)