

CBSS-C STATS
starts:[467, 879, 950, 1015, 165]
targets:[817, 206, 498, 417, 359, 255, 831, 850, 426, 431, 421, 221, 197, 475, 678, 534, 435, 181, 989, 305]
dests:[93, 202, 369, 61, 880]
ac_dict:{817: {0, 1}, 206: {1, 2}, 498: {2, 3}, 417: {3, 4}, 93: {0}, 202: {1}, 369: {2}, 61: {3}, 880: {4}}
clusters:[ 8  2 11 10 15 16  6  3 17 19 14  9 13  1  4  0 12 18  7  5]

round: 2
best_g_value: 228.0
open_list_size: 1
num_low_level_expanded: 724
search_success: 1
search_time: 0.19660111000121105
n_tsp_call: 1
n_tsp_time: 0.16815375599253457
n_roots: 1
num_conflicts: 1
target_assignment: {435: 0, 181: 0, 221: 0, 850: 1, 817: 1, 534: 1, 305: 1, 206: 1, 498: 2, 431: 2, 197: 4, 359: 4, 421: 4, 426: 4, 417: 4, 678: 4, 989: 3, 831: 3, 475: 3, 255: 3}
cluster_target_selection: {12: 435, 18: 181, 9: 221, 3: 850, 8: 817, 0: 534, 5: 305, 2: 206, 11: 498, 19: 431, 13: 197, 15: 359, 14: 421, 17: 426, 10: 417, 4: 678, 7: 989, 6: 831, 1: 475, 16: 255}
num_nodes_transformed_graph: 50
agent_paths:({0: [(19, 14), (19, 13), (18, 13), (18, 12), (18, 11), (18, 10), (18, 9), (18, 8), (18, 7), (19, 7), (20, 7), (21, 7), (21, 6), (21, 5), (22, 5), (23, 5), (23, 6), (23, 7), (23, 8), (23, 9), (24, 9), (25, 9), (25, 8), (25, 7), (25, 6), (26, 6), (27, 6), (28, 6), (29, 6), (29, 5), (30, 5), (30, 4), (30, 3), (29, 3), (29, 2), (29, 2)], 1: [(15, 27), (16, 27), (17, 27), (17, 26), (18, 26), (17, 26), (17, 25), (17, 24), (17, 23), (17, 22), (17, 21), (18, 21), (19, 21), (20, 21), (21, 21), (22, 21), (22, 20), (22, 19), (22, 18), (22, 17), (22, 16), (22, 15), (21, 15), (21, 14), (21, 13), (20, 13), (19, 13), (18, 13), (18, 12), (18, 11), (17, 11), (17, 10), (17, 9), (16, 9), (15, 9), (14, 9), (14, 8), (14, 7), (14, 6), (13, 6), (13, 5), (12, 5), (11, 5), (10, 5), (10, 6), (10, 6)], 2: [(22, 29), (23, 29), (23, 28), (23, 27), (23, 26), (23, 25), (23, 24), (23, 23), (22, 23), (22, 22), (22, 21), (22, 20), (22, 19), (21, 19), (21, 18), (21, 17), (20, 17), (19, 17), (18, 17), (18, 16), (18, 15), (17, 15), (17, 14), (16, 14), (15, 14), (15, 13), (15, 14), (16, 14), (17, 14), (17, 13), (18, 13), (18, 12), (18, 11), (17, 11), (17, 11)], 3: [(23, 31), (24, 31), (25, 31), (26, 31), (27, 31), (28, 31), (29, 31), (29, 30), (29, 29), (30, 29), (31, 29), (31, 28), (31, 27), (31, 26), (31, 25), (30, 25), (30, 24), (30, 23), (29, 23), (28, 23), (27, 23), (27, 22), (27, 21), (27, 20), (27, 19), (27, 18), (27, 17), (27, 16), (27, 15), (27, 14), (27, 13), (27, 12), (27, 11), (27, 10), (28, 10), (29, 10), (29, 9), (30, 9), (31, 9), (31, 8), (31, 7), (30, 7), (30, 6), (30, 5), (30, 4), (30, 3), (30, 2), (30, 1), (29, 1), (29, 1)], 4: [(5, 5), (5, 6), (6, 6), (6, 7), (6, 8), (6, 9), (7, 9), (7, 10), (7, 11), (6, 11), (5, 11), (5, 12), (5, 13), (6, 13), (7, 13), (8, 13), (9, 13), (10, 13), (9, 13), (8, 13), (7, 13), (6, 13), (6, 14), (6, 15), (6, 16), (6, 17), (5, 17), (5, 18), (5, 19), (4, 19), (3, 19), (2, 19), (2, 18), (2, 17), (2, 16), (2, 15), (1, 15), (1, 14), (1, 13), (2, 13), (2, 14), (2, 15), (2, 16), (2, 17), (2, 18), (2, 19), (2, 20), (2, 21), (3, 21), (3, 22), (4, 22), (5, 22), (5, 21), (6, 21), (7, 21), (8, 21), (9, 21), (10, 21), (11, 21), (11, 22), (11, 23), (12, 23), (13, 23), (14, 23), (15, 23), (15, 24), (15, 25), (15, 26), (15, 27), (16, 27), (16, 27)]}, 69)