

CBSS-C STATS
starts:[590, 742, 930]
targets:[457, 490, 333, 767, 464, 475, 467, 718, 927, 85, 454, 678, 834, 561, 754]
dests:[1015, 50, 589]
ac_dict:{457: {0, 1}, 490: {1, 2}, 1015: {0}, 50: {1}, 589: {2}}
clusters:[ 7  1 12  4  2  3  5  9  8  0 13  6 14 11 10]

round: 1
best_g_value: 168.0
open_list_size: 0
num_low_level_expanded: 425
search_success: 1
search_time: 0.5522619660041528
n_tsp_call: 1
n_tsp_time: 0.5311589729972184
n_roots: 1
num_conflicts: 0
target_assignment: {561: 0, 475: 0, 767: 0, 927: 0, 834: 2, 678: 2, 718: 2, 754: 2, 467: 2, 464: 2, 454: 1, 457: 1, 490: 1, 333: 1, 85: 1}
cluster_target_selection: {11: 561, 3: 475, 4: 767, 8: 927, 14: 834, 6: 678, 9: 718, 10: 754, 5: 467, 2: 464, 13: 454, 7: 457, 1: 490, 12: 333, 0: 85}
num_nodes_transformed_graph: 49
agent_paths:({0: [(14, 18), (15, 18), (16, 18), (17, 18), (17, 17), (18, 17), (19, 17), (20, 17), (21, 17), (22, 17), (23, 17), (23, 18), (24, 18), (25, 18), (25, 17), (26, 17), (27, 17), (27, 16), (27, 15), (27, 14), (28, 14), (29, 14), (30, 14), (31, 14), (31, 15), (31, 16), (31, 17), (31, 18), (31, 19), (31, 20), (31, 21), (31, 22), (31, 23), (30, 23), (30, 24), (30, 25), (31, 25), (31, 26), (31, 27), (31, 28), (31, 29), (30, 29), (29, 29), (29, 30), (29, 31), (28, 31), (27, 31), (26, 31), (25, 31), (24, 31), (23, 31), (23, 31)], 1: [(6, 23), (6, 22), (6, 21), (7, 21), (8, 21), (9, 21), (9, 20), (9, 19), (9, 18), (8, 18), (7, 18), (6, 18), (6, 17), (6, 16), (6, 15), (6, 14), (7, 14), (7, 13), (8, 13), (9, 13), (9, 14), (10, 14), (10, 15), (10, 14), (10, 13), (9, 13), (9, 12), (9, 11), (10, 11), (11, 11), (12, 11), (13, 11), (13, 10), (13, 9), (14, 9), (14, 8), (14, 7), (14, 6), (14, 5), (14, 4), (14, 3), (14, 2), (15, 2), (16, 2), (17, 2), (18, 2), (19, 2), (19, 1), (20, 1), (21, 1), (21, 2), (21, 1), (20, 1), (19, 1), (18, 1), (18, 1)], 2: [(2, 29), (3, 29), (3, 28), (3, 27), (2, 27), (2, 26), (2, 25), (1, 25), (1, 24), (1, 23), (1, 22), (2, 22), (3, 22), (4, 22), (5, 22), (5, 21), (6, 21), (7, 21), (8, 21), (9, 21), (10, 21), (11, 21), (11, 22), (11, 23), (12, 23), (13, 23), (13, 22), (14, 22), (15, 22), (16, 22), (17, 22), (18, 22), (18, 23), (18, 22), (18, 21), (19, 21), (20, 21), (21, 21), (22, 21), (22, 20), (22, 19), (22, 18), (22, 17), (22, 16), (22, 15), (21, 15), (21, 14), (21, 13), (20, 13), (19, 13), (19, 14), (18, 14), (17, 14), (16, 14), (17, 14), (17, 15), (18, 15), (18, 16), (18, 17), (17, 17), (17, 18), (16, 18), (15, 18), (14, 18), (13, 18), (13, 18)]}, 64)