

CBSS-C STATS
starts:[350, 852, 164, 307, 50]
targets:[742, 331, 573, 243, 830, 462, 241, 5, 103, 481, 165, 805, 295, 183, 374, 205, 226, 717, 245, 375]
dests:[862, 347, 486, 29, 841]
ac_dict:{742: {0, 1}, 331: {1, 2}, 573: {2, 3}, 243: {3, 4}, 862: {0}, 347: {1}, 486: {2}, 29: {3}, 841: {4}}
clusters:[14 19 12 15  7 13  2  0  5 17  1 11 10  3 18  6  9  4 16  8]

round: 2
best_g_value: 270.0
open_list_size: 1
num_low_level_expanded: 1010
search_success: 1
search_time: 0.536943238999811
n_tsp_call: 1
n_tsp_time: 0.4931017999915639
n_roots: 1
num_conflicts: 1
target_assignment: {830: 0, 717: 1, 742: 1, 462: 1, 374: 1, 375: 1, 241: 3, 243: 3, 245: 3, 183: 3, 573: 3, 205: 4, 226: 2, 165: 2, 103: 2, 5: 2, 295: 2, 331: 2, 805: 2, 481: 2}
cluster_target_selection: {7: 830, 4: 717, 14: 742, 13: 462, 18: 374, 8: 375, 2: 241, 15: 243, 16: 245, 3: 183, 12: 573, 6: 205, 9: 226, 1: 165, 5: 103, 0: 5, 10: 295, 19: 331, 11: 805, 17: 481}
num_nodes_transformed_graph: 50
agent_paths:({0: [(30, 10), (30, 11), (31, 11), (31, 12), (31, 13), (31, 14), (31, 15), (31, 16), (31, 17), (31, 18), (31, 19), (31, 20), (31, 21), (30, 21), (30, 22), (30, 23), (30, 24), (30, 25), (30, 26), (30, 26)], 1: [(20, 26), (19, 26), (18, 26), (17, 26), (17, 25), (17, 24), (17, 23), (17, 22), (16, 22), (15, 22), (14, 22), (13, 22), (13, 23), (12, 23), (11, 23), (10, 23), (9, 23), (9, 22), (9, 21), (8, 21), (7, 21), (6, 21), (6, 22), (6, 23), (6, 22), (6, 21), (7, 21), (8, 21), (9, 21), (9, 20), (9, 19), (10, 19), (10, 18), (10, 17), (11, 17), (11, 16), (11, 15), (11, 14), (12, 14), (13, 14), (14, 14), (15, 14), (16, 14), (17, 14), (17, 13), (18, 13), (18, 12), (18, 11), (19, 11), (20, 11), (21, 11), (22, 11), (23, 11), (23, 10), (23, 9), (24, 9), (25, 9), (26, 9), (27, 9), (27, 10), (27, 10)], 2: [(4, 5), (3, 5), (2, 5), (2, 6), (2, 7), (2, 6), (2, 5), (3, 5), (4, 5), (5, 5), (6, 5), (6, 4), (6, 3), (7, 3), (6, 3), (5, 3), (5, 2), (5, 1), (5, 0), (5, 1), (6, 1), (6, 2), (6, 3), (6, 4), (6, 5), (6, 6), (6, 7), (6, 8), (6, 9), (7, 9), (8, 9), (9, 9), (10, 9), (11, 9), (11, 10), (10, 10), (9, 10), (9, 11), (9, 12), (9, 13), (8, 13), (7, 13), (6, 13), (6, 14), (6, 15), (6, 16), (6, 17), (5, 17), (5, 18), (5, 19), (4, 19), (3, 19), (2, 19), (2, 20), (2, 21), (2, 22), (2, 23), (1, 23), (1, 24), (1, 25), (2, 25), (3, 25), (3, 26), (4, 26), (5, 26), (5, 25), (5, 26), (4, 26), (3, 26), (2, 26), (1, 26), (1, 25), (1, 24), (1, 23), (1, 22), (1, 21), (2, 21), (2, 20), (2, 19), (2, 18), (2, 17), (2, 16), (2, 15), (1, 15), (2, 15), (2, 16), (2, 17), (3, 17), (3, 18), (3, 19), (4, 19), (5, 19), (5, 18), (5, 17), (6, 17), (6, 16), (6, 15), (6, 15)], 3: [(19, 9), (18, 9), (18, 8), (18, 7), (17, 7), (18, 7), (19, 7), (20, 7), (21, 7), (21, 6), (21, 5), (22, 5), (23, 5), (23, 6), (23, 7), (23, 8), (23, 9), (24, 9), (25, 9), (26, 9), (27, 9), (27, 10), (27, 11), (27, 12), (27, 13), (27, 14), (27, 15), (27, 16), (27, 17), (27, 18), (28, 18), (29, 18), (29, 17), (30, 17), (31, 17), (31, 16), (31, 15), (31, 14), (31, 13), (31, 12), (31, 11), (31, 10), (31, 9), (31, 8), (31, 7), (30, 7), (30, 6), (30, 5), (30, 4), (30, 3), (29, 3), (29, 2), (29, 1), (29, 0), (29, 0)], 4: [(18, 1), (17, 1), (17, 2), (16, 2), (15, 2), (14, 2), (14, 3), (14, 4), (14, 5), (13, 5), (13, 6), (13, 7), (14, 7), (14, 8), (14, 9), (13, 9), (13, 10), (13, 11), (12, 11), (11, 11), (10, 11), (9, 11), (9, 12), (9, 13), (9, 14), (9, 15), (10, 15), (11, 15), (11, 16), (11, 17), (10, 17), (9, 17), (9, 18), (9, 19), (9, 20), (9, 21), (9, 22), (9, 23), (10, 23), (11, 23), (11, 24), (11, 25), (10, 25), (9, 25), (9, 26), (9, 26)]}, 96)