

CBSS-C STATS
starts:[605, 718, 727, 1005, 989]
targets:[55, 175, 421, 470, 741, 245, 823, 814, 74, 594, 982, 389, 919, 761, 382, 194, 255, 302, 751, 299]
dests:[649, 867, 865, 795, 835]
ac_dict:{55: {0, 1}, 175: {1, 2}, 421: {2, 3}, 470: {3, 4}, 649: {0}, 867: {1}, 865: {2}, 795: {3}, 835: {4}}
clusters:[5 6 2 6 2 8 0 7 7 5 5 4 1 9 7 4 6 3 0 0]

round: 10
best_g_value: 192.0
open_list_size: 9
num_low_level_expanded: 4408
search_success: 1
search_time: 2.4527301071211696
n_tsp_call: 14
n_tsp_time: 2.142919206060469
n_roots: 1
num_conflicts: 9
target_assignment: {751: 1, 814: 1, 245: 2, 175: 2, 302: 2, 421: 2, 389: 2, 982: 3, 919: 3, 761: 3}
cluster_target_selection: {0: 751, 7: 814, 8: 245, 6: 175, 3: 302, 2: 421, 4: 389, 5: 982, 1: 919, 9: 761}
num_nodes_transformed_graph: 54
agent_paths:({0: [(29, 18), (28, 18), (27, 18), (26, 18), (25, 18), (24, 18), (23, 18), (22, 18), (22, 19), (22, 20), (22, 21), (21, 21), (20, 21), (19, 21), (18, 21), (17, 21), (17, 22), (16, 22), (15, 22), (14, 22), (13, 22), (13, 23), (12, 23), (11, 23), (10, 23), (9, 23), (9, 22), (9, 21), (9, 20), (9, 20)], 1: [(14, 22), (15, 22), (15, 23), (15, 24), (15, 25), (14, 25), (13, 25), (13, 26), (13, 27), (12, 27), (11, 27), (10, 27), (10, 28), (10, 29), (9, 29), (9, 30), (8, 30), (7, 30), (6, 30), (5, 30), (4, 30), (3, 30), (3, 29), (3, 28), (3, 27), (3, 27)], 2: [(23, 22), (22, 22), (22, 21), (22, 20), (22, 19), (22, 18), (22, 17), (22, 16), (22, 15), (22, 14), (22, 13), (22, 12), (22, 11), (22, 10), (22, 9), (23, 9), (23, 8), (23, 7), (22, 7), (21, 7), (20, 7), (19, 7), (18, 7), (17, 7), (17, 6), (17, 5), (16, 5), (15, 5), (14, 5), (14, 6), (14, 7), (14, 8), (14, 9), (13, 9), (13, 10), (13, 11), (12, 11), (11, 11), (10, 11), (9, 11), (9, 12), (9, 13), (8, 13), (7, 13), (6, 13), (5, 13), (5, 12), (5, 13), (5, 14), (5, 15), (6, 15), (6, 16), (6, 17), (5, 17), (5, 18), (5, 19), (4, 19), (3, 19), (2, 19), (2, 20), (2, 21), (1, 21), (1, 22), (1, 23), (1, 24), (1, 25), (1, 26), (1, 27), (1, 27)], 3: [(13, 31), (14, 31), (15, 31), (16, 31), (17, 31), (18, 31), (19, 31), (20, 31), (21, 31), (21, 30), (22, 30), (22, 29), (23, 29), (23, 28), (23, 27), (23, 26), (23, 25), (24, 25), (25, 25), (26, 25), (27, 25), (27, 24), (27, 23), (26, 23), (25, 23), (26, 23), (27, 23), (27, 24), (27, 24)], 4: [(29, 30), (29, 31), (28, 31), (27, 31), (26, 31), (25, 31), (24, 31), (23, 31), (22, 31), (21, 31), (20, 31), (19, 31), (18, 31), (18, 30), (18, 29), (18, 28), (18, 27), (17, 27), (16, 27), (15, 27), (14, 27), (13, 27), (12, 27), (11, 27), (11, 26), (11, 25), (11, 24), (11, 23), (10, 23), (9, 23), (9, 22), (9, 21), (8, 21), (7, 21), (6, 21), (5, 21), (5, 22), (4, 22), (3, 22), (3, 23), (2, 23), (1, 23), (1, 24), (1, 25), (2, 25), (3, 25), (3, 26), (3, 26)]}, 67)