

CBSS-C STATS
starts:[200, 963]
targets:[324, 1013, 313, 194, 1015, 38, 683, 595, 791, 369]
dests:[58, 301]
ac_dict:{324: {0, 1}, 58: {0}, 301: {1}}
clusters:[9 3 1 4 7 6 2 8 0 5]

round: 1
best_g_value: 140.0
open_list_size: 0
num_low_level_expanded: 300
search_success: 1
search_time: 0.08189716799824964
n_tsp_call: 1
n_tsp_time: 0.06887530500534922
n_roots: 1
num_conflicts: 0
target_assignment: {324: 0, 194: 0, 38: 0, 313: 0, 683: 1, 1013: 1, 1015: 1, 791: 1, 595: 1, 369: 1}
cluster_target_selection: {9: 324, 4: 194, 6: 38, 1: 313, 2: 683, 3: 1013, 7: 1015, 0: 791, 8: 595, 5: 369}
num_nodes_transformed_graph: 24
agent_paths:({0: [(8, 6), (7, 6), (6, 6), (6, 7), (6, 8), (6, 9), (5, 9), (5, 10), (4, 10), (5, 10), (5, 9), (6, 9), (6, 8), (6, 7), (5, 7), (5, 6), (5, 5), (4, 5), (3, 5), (2, 5), (2, 6), (2, 5), (3, 5), (4, 5), (5, 5), (6, 5), (6, 4), (6, 3), (6, 2), (6, 1), (7, 1), (8, 1), (9, 1), (10, 1), (11, 1), (11, 2), (11, 3), (12, 3), (13, 3), (14, 3), (14, 4), (14, 5), (15, 5), (16, 5), (17, 5), (18, 5), (19, 5), (19, 6), (19, 7), (20, 7), (21, 7), (22, 7), (23, 7), (23, 8), (23, 9), (24, 9), (25, 9), (25, 8), (25, 7), (25, 6), (25, 5), (26, 5), (27, 5), (27, 4), (27, 3), (26, 3), (26, 2), (26, 1), (26, 1)], 1: [(3, 30), (4, 30), (5, 30), (6, 30), (7, 30), (8, 30), (9, 30), (9, 29), (10, 29), (10, 28), (10, 27), (10, 26), (10, 25), (11, 25), (11, 24), (11, 23), (11, 22), (11, 21), (11, 22), (11, 23), (12, 23), (13, 23), (14, 23), (15, 23), (15, 24), (15, 25), (15, 26), (15, 27), (16, 27), (17, 27), (18, 27), (18, 28), (18, 29), (19, 29), (19, 30), (19, 31), (20, 31), (21, 31), (22, 31), (23, 31), (23, 30), (23, 29), (23, 28), (23, 27), (23, 26), (23, 25), (23, 24), (23, 23), (22, 23), (22, 22), (22, 21), (22, 20), (22, 19), (21, 19), (21, 18), (21, 17), (20, 17), (19, 17), (19, 18), (18, 18), (18, 17), (18, 16), (18, 15), (18, 14), (18, 13), (18, 12), (18, 11), (17, 11), (17, 10), (17, 9), (16, 9), (15, 9), (14, 9), (13, 9), (13, 9)]}, 73)