

CBSS-C STATS
starts:[296, 317, 945, 502, 499]
targets:[176, 577, 1020, 934, 836, 667, 890, 554, 633, 102]
dests:[749, 736, 69, 373, 327]
ac_dict:{176: {0, 1}, 577: {1, 2}, 1020: {2, 3}, 934: {3, 4}, 749: {0}, 736: {1}, 69: {2}, 373: {3}, 327: {4}}
clusters:[2 2 4 3 0 0 1 0 3 2]

round: 1
best_g_value: 179.0
open_list_size: 0
num_low_level_expanded: 539
search_success: 1
search_time: 0.13786218408495188
n_tsp_call: 1
n_tsp_time: 0.11550772143527865
n_roots: 1
num_conflicts: 0
target_assignment: {102: 2, 890: 3, 1020: 3, 667: 3, 633: 3}
cluster_target_selection: {2: 102, 1: 890, 4: 1020, 0: 667, 3: 633}
num_nodes_transformed_graph: 29
agent_paths:({0: [(8, 9), (9, 9), (9, 10), (9, 11), (9, 12), (9, 13), (10, 13), (11, 13), (11, 14), (11, 15), (11, 16), (11, 17), (11, 18), (11, 19), (10, 19), (9, 19), (9, 20), (9, 21), (10, 21), (11, 21), (11, 22), (11, 23), (12, 23), (13, 23), (13, 23)], 1: [(29, 9), (29, 10), (28, 10), (27, 10), (26, 10), (25, 10), (25, 9), (24, 9), (23, 9), (22, 9), (21, 9), (21, 10), (21, 11), (20, 11), (19, 11), (18, 11), (18, 12), (18, 13), (17, 13), (17, 14), (16, 14), (15, 14), (14, 14), (13, 14), (12, 14), (11, 14), (11, 15), (11, 16), (11, 17), (10, 17), (9, 17), (9, 18), (8, 18), (7, 18), (6, 18), (5, 18), (5, 19), (4, 19), (3, 19), (2, 19), (2, 20), (2, 21), (1, 21), (1, 22), (1, 23), (0, 23), (0, 23)], 2: [(17, 29), (18, 29), (18, 28), (18, 27), (17, 27), (16, 27), (15, 27), (14, 27), (13, 27), (12, 27), (11, 27), (11, 26), (11, 25), (11, 24), (11, 23), (10, 23), (9, 23), (9, 22), (9, 21), (9, 20), (9, 19), (9, 18), (8, 18), (7, 18), (6, 18), (6, 17), (6, 16), (6, 15), (6, 14), (6, 13), (5, 13), (5, 12), (5, 11), (5, 10), (5, 9), (6, 9), (6, 8), (6, 7), (6, 6), (6, 5), (6, 4), (6, 3), (5, 3), (5, 2), (5, 2)], 3: [(22, 15), (22, 16), (22, 17), (22, 18), (22, 19), (22, 20), (22, 21), (23, 21), (23, 22), (23, 23), (23, 24), (23, 25), (24, 25), (25, 25), (26, 25), (26, 26), (26, 27), (27, 27), (27, 28), (27, 29), (27, 30), (27, 31), (28, 31), (27, 31), (27, 30), (27, 29), (27, 28), (27, 27), (27, 26), (27, 25), (27, 24), (27, 23), (27, 22), (27, 21), (27, 20), (27, 19), (26, 19), (25, 19), (25, 18), (24, 18), (23, 18), (22, 18), (22, 17), (22, 16), (22, 15), (22, 14), (22, 13), (22, 12), (22, 11), (21, 11), (21, 11)], 4: [(19, 15), (18, 15), (17, 15), (17, 14), (16, 14), (15, 14), (14, 14), (13, 14), (12, 14), (11, 14), (10, 14), (9, 14), (9, 13), (9, 12), (9, 11), (9, 10), (9, 9), (8, 9), (7, 9), (7, 10), (7, 10)]}, 49)