

CBSS-C STATS
starts:[483, 176, 566]
targets:[43, 865, 597, 460, 894, 997, 587, 689, 52, 829, 841, 687, 683, 487, 415]
dests:[464, 662, 291]
ac_dict:{43: {0, 1}, 865: {1, 2}, 464: {0}, 662: {1}, 291: {2}}
clusters:[ 5 14 12  2  4  6  9 13 11  7  1  3 10  0  8]

round: 1
best_g_value: 182.0
open_list_size: 0
num_low_level_expanded: 356
search_success: 1
search_time: 0.15285336101078428
n_tsp_call: 1
n_tsp_time: 0.13312558800680563
n_roots: 1
num_conflicts: 0
target_assignment: {587: 0, 460: 0, 689: 2, 687: 2, 683: 2, 841: 2, 997: 2, 865: 2, 487: 2, 43: 1, 52: 1, 415: 1, 829: 1, 894: 1, 597: 1}
cluster_target_selection: {9: 587, 2: 460, 13: 689, 3: 687, 10: 683, 1: 841, 6: 997, 14: 865, 0: 487, 5: 43, 11: 52, 8: 415, 7: 829, 4: 894, 12: 597}
num_nodes_transformed_graph: 49
agent_paths:({0: [(3, 15), (2, 15), (2, 16), (2, 17), (3, 17), (3, 18), (3, 19), (4, 19), (5, 19), (5, 18), (6, 18), (7, 18), (8, 18), (9, 18), (10, 18), (11, 18), (11, 17), (11, 16), (11, 15), (11, 14), (12, 14), (13, 14), (14, 14), (15, 14), (16, 14), (16, 14)], 1: [(16, 5), (15, 5), (14, 5), (13, 5), (12, 5), (11, 5), (11, 4), (11, 3), (11, 2), (11, 1), (11, 2), (11, 3), (12, 3), (13, 3), (13, 2), (14, 2), (15, 2), (16, 2), (17, 2), (17, 1), (18, 1), (19, 1), (20, 1), (21, 1), (22, 1), (23, 1), (23, 2), (23, 3), (24, 3), (25, 3), (26, 3), (27, 3), (27, 4), (27, 5), (27, 6), (28, 6), (29, 6), (30, 6), (31, 6), (31, 7), (31, 8), (31, 9), (31, 10), (31, 11), (31, 12), (31, 13), (31, 14), (31, 15), (31, 16), (31, 17), (31, 18), (31, 19), (31, 20), (31, 21), (30, 21), (30, 22), (30, 23), (30, 24), (30, 25), (29, 25), (30, 25), (30, 26), (30, 27), (30, 26), (30, 25), (30, 24), (30, 23), (29, 23), (28, 23), (27, 23), (27, 22), (27, 21), (27, 20), (27, 19), (26, 19), (25, 19), (25, 18), (24, 18), (23, 18), (22, 18), (21, 18), (22, 18), (22, 19), (22, 20), (22, 20)], 2: [(22, 17), (22, 18), (22, 19), (22, 20), (22, 21), (21, 21), (20, 21), (19, 21), (18, 21), (17, 21), (17, 22), (16, 22), (15, 22), (15, 21), (14, 21), (13, 21), (13, 22), (13, 23), (12, 23), (11, 23), (11, 22), (11, 21), (11, 22), (11, 23), (11, 24), (11, 25), (10, 25), (9, 25), (9, 26), (9, 27), (10, 27), (10, 28), (10, 29), (9, 29), (9, 30), (8, 30), (7, 30), (6, 30), (5, 30), (5, 31), (5, 30), (4, 30), (3, 30), (3, 29), (3, 28), (3, 27), (2, 27), (1, 27), (1, 26), (1, 25), (1, 24), (1, 23), (1, 22), (1, 21), (2, 21), (2, 20), (2, 19), (3, 19), (4, 19), (5, 19), (5, 18), (5, 17), (6, 17), (6, 16), (6, 15), (7, 15), (6, 15), (5, 15), (5, 14), (5, 13), (5, 12), (5, 11), (5, 10), (4, 10), (3, 10), (3, 9), (3, 9)]}, 83)