

CBSS-C STATS
starts:[475, 703, 798, 58, 545]
targets:[59, 754, 591, 763, 836, 747, 54, 458, 164, 547]
dests:[179, 810, 83, 604, 953]
ac_dict:{59: {0, 1}, 754: {1, 2}, 591: {2, 3}, 763: {3, 4}, 179: {0}, 810: {1}, 83: {2}, 604: {3}, 953: {4}}
clusters:[4 3 2 4 1 0 1 2 3 2]

round: 2
best_g_value: 160.0
open_list_size: 1
num_low_level_expanded: 906
search_success: 1
search_time: 0.1586859030649066
n_tsp_call: 1
n_tsp_time: 0.13014667807146907
n_roots: 1
num_conflicts: 1
target_assignment: {754: 1, 747: 1, 54: 2, 547: 4, 763: 4}
cluster_target_selection: {3: 754, 0: 747, 1: 54, 2: 547, 4: 763}
num_nodes_transformed_graph: 48
agent_paths:({0: [(27, 14), (27, 13), (27, 12), (27, 11), (26, 11), (25, 11), (25, 10), (25, 9), (24, 9), (23, 9), (23, 8), (23, 7), (22, 7), (21, 7), (20, 7), (19, 7), (19, 6), (19, 5), (19, 5)], 1: [(31, 21), (31, 20), (31, 19), (30, 19), (29, 19), (29, 18), (28, 18), (27, 18), (26, 18), (25, 18), (24, 18), (23, 18), (22, 18), (22, 19), (22, 20), (22, 21), (21, 21), (20, 21), (19, 21), (18, 21), (18, 22), (18, 23), (17, 23), (17, 22), (16, 22), (15, 22), (14, 22), (13, 22), (13, 23), (12, 23), (11, 23), (11, 24), (11, 25), (10, 25), (10, 25)], 2: [(30, 24), (30, 23), (30, 22), (30, 21), (31, 21), (31, 20), (31, 19), (31, 18), (31, 17), (31, 16), (31, 15), (31, 14), (31, 13), (31, 12), (31, 11), (31, 10), (31, 9), (31, 8), (31, 7), (30, 7), (29, 7), (29, 6), (28, 6), (27, 6), (27, 5), (27, 4), (27, 3), (26, 3), (25, 3), (24, 3), (23, 3), (22, 3), (22, 2), (22, 1), (21, 1), (20, 1), (19, 1), (19, 2), (19, 2)], 3: [(26, 1), (27, 1), (27, 2), (27, 3), (27, 4), (27, 5), (27, 6), (27, 7), (26, 7), (25, 7), (25, 8), (25, 9), (26, 9), (27, 9), (27, 10), (27, 11), (27, 12), (27, 13), (27, 14), (27, 15), (27, 16), (27, 17), (27, 18), (28, 18), (28, 18)], 4: [(1, 17), (2, 17), (3, 17), (3, 18), (3, 19), (4, 19), (5, 19), (6, 19), (7, 19), (7, 18), (8, 18), (9, 18), (9, 19), (9, 20), (9, 21), (10, 21), (11, 21), (11, 22), (11, 23), (12, 23), (13, 23), (14, 23), (15, 23), (15, 24), (15, 25), (15, 26), (15, 27), (16, 27), (17, 27), (17, 26), (18, 26), (19, 26), (20, 26), (21, 26), (21, 25), (22, 25), (23, 25), (24, 25), (25, 25), (26, 25), (27, 25), (27, 24), (27, 23), (27, 24), (27, 25), (27, 26), (27, 27), (27, 28), (27, 29), (26, 29), (25, 29), (25, 29)]}, 50)