

CBSS-C STATS
starts:[203, 481, 170, 459, 296]
targets:[759, 364, 125, 937, 211, 77, 769, 66, 262, 815]
dests:[171, 86, 92, 938, 585]
ac_dict:{759: {0, 1}, 364: {1, 2}, 125: {2, 3}, 937: {3, 4}, 171: {0}, 86: {1}, 92: {2}, 938: {3}, 585: {4}}
clusters:[0 1 0 1 1 0 0 0 0 0]

round: 2
best_g_value: 105.0
open_list_size: 1
num_low_level_expanded: 326
search_success: 1
search_time: 0.32714863307774067
n_tsp_call: 6
n_tsp_time: 0.24060388142243028
n_roots: 1
num_conflicts: 1
target_assignment: {77: 2, 364: 1}
cluster_target_selection: {0: 77, 1: 364}
num_nodes_transformed_graph: 29
agent_paths:({0: [(11, 6), (11, 6), (11, 5), (11, 5)], 1: [(1, 15), (2, 15), (2, 16), (2, 17), (3, 17), (3, 18), (3, 19), (4, 19), (5, 19), (5, 18), (5, 17), (6, 17), (6, 16), (6, 15), (6, 14), (6, 13), (7, 13), (8, 13), (9, 13), (9, 12), (9, 11), (10, 11), (11, 11), (12, 11), (13, 11), (13, 10), (13, 9), (14, 9), (14, 8), (14, 7), (14, 6), (14, 5), (14, 4), (14, 3), (14, 2), (15, 2), (16, 2), (17, 2), (18, 2), (19, 2), (19, 1), (20, 1), (21, 1), (22, 1), (22, 2), (22, 2)], 2: [(10, 5), (11, 5), (11, 4), (11, 3), (12, 3), (13, 3), (13, 2), (14, 2), (15, 2), (16, 2), (17, 2), (18, 2), (19, 2), (19, 1), (20, 1), (21, 1), (22, 1), (23, 1), (23, 2), (23, 3), (24, 3), (25, 3), (25, 2), (26, 2), (27, 2), (28, 2), (28, 2)], 3: [(11, 14), (11, 15), (11, 16), (11, 17), (10, 17), (10, 18), (10, 19), (9, 19), (9, 20), (9, 21), (10, 21), (10, 22), (10, 23), (11, 23), (11, 24), (11, 25), (10, 25), (10, 26), (10, 27), (10, 28), (10, 29), (10, 29)], 4: [(8, 9), (9, 9), (9, 10), (9, 11), (9, 12), (9, 13), (9, 14), (9, 15), (10, 15), (11, 15), (11, 16), (11, 17), (10, 17), (9, 17), (9, 18), (9, 18)]}, 44)