

CBSS-C STATS
starts:[370, 464]
targets:[543, 821, 80, 41, 818, 763, 566, 979, 339, 594]
dests:[191, 885]
ac_dict:{543: {0, 1}, 191: {0}, 885: {1}}
clusters:[6 3 7 9 0 5 2 8 4 1]

round: 1
best_g_value: 115.0
open_list_size: 0
num_low_level_expanded: 245
search_success: 1
search_time: 0.04376975000195671
n_tsp_call: 1
n_tsp_time: 0.03293920500436798
n_roots: 1
num_conflicts: 0
target_assignment: {339: 0, 41: 0, 80: 0, 594: 1, 566: 1, 543: 1, 763: 1, 821: 1, 979: 1, 818: 1}
cluster_target_selection: {4: 339, 9: 41, 7: 80, 1: 594, 2: 566, 6: 543, 5: 763, 3: 821, 8: 979, 0: 818}
num_nodes_transformed_graph: 24
agent_paths:({0: [(18, 11), (18, 10), (19, 10), (18, 10), (17, 10), (17, 9), (16, 9), (15, 9), (14, 9), (14, 8), (14, 7), (13, 7), (13, 6), (13, 5), (12, 5), (11, 5), (11, 4), (11, 3), (10, 3), (9, 3), (9, 2), (9, 1), (10, 1), (11, 1), (11, 2), (11, 3), (12, 3), (13, 3), (13, 2), (14, 2), (15, 2), (16, 2), (17, 2), (18, 2), (19, 2), (19, 1), (20, 1), (21, 1), (22, 1), (23, 1), (23, 2), (23, 3), (24, 3), (25, 3), (26, 3), (27, 3), (27, 4), (27, 5), (27, 6), (28, 6), (29, 6), (29, 5), (30, 5), (31, 5), (31, 5)], 1: [(16, 14), (17, 14), (18, 14), (18, 15), (18, 16), (18, 17), (18, 18), (18, 17), (19, 17), (20, 17), (21, 17), (22, 17), (23, 17), (23, 18), (24, 18), (25, 18), (26, 18), (27, 18), (28, 18), (29, 18), (29, 17), (30, 17), (31, 17), (31, 16), (31, 17), (30, 17), (29, 17), (29, 18), (28, 18), (27, 18), (27, 19), (27, 20), (27, 21), (27, 22), (27, 23), (27, 24), (27, 25), (26, 25), (25, 25), (24, 25), (23, 25), (22, 25), (21, 25), (21, 26), (20, 26), (19, 26), (19, 27), (18, 27), (18, 28), (18, 29), (19, 29), (19, 30), (18, 30), (18, 29), (18, 28), (18, 27), (18, 26), (18, 25), (19, 25), (19, 26), (20, 26), (21, 26), (21, 27), (21, 27)]}, 62)