

CBSS-C STATS
starts:[573, 731]
targets:[807, 181, 498, 306, 503, 600, 966, 534, 85, 735]
dests:[317, 505]
ac_dict:{807: {0, 1}, 317: {0}, 505: {1}}
clusters:[9 0 6 4 8 5 7 2 3 1]

round: 1
best_g_value: 175.0
open_list_size: 0
num_low_level_expanded: 497
search_success: 1
search_time: 0.018607697988045402
n_tsp_call: 1
n_tsp_time: 0.0042350639996584505
n_roots: 1
num_conflicts: 0
target_assignment: {735: 0, 85: 0, 966: 1, 807: 1, 498: 1, 306: 1, 181: 1, 503: 1, 534: 1, 600: 1}
cluster_target_selection: {1: 735, 3: 85, 7: 966, 9: 807, 6: 498, 4: 306, 0: 181, 8: 503, 2: 534, 5: 600}
num_nodes_transformed_graph: 14
agent_paths:({0: [(29, 17), (30, 17), (31, 17), (31, 18), (31, 19), (31, 20), (31, 21), (31, 22), (31, 21), (31, 20), (31, 19), (31, 18), (31, 17), (31, 16), (31, 15), (31, 14), (31, 13), (31, 12), (31, 11), (31, 10), (31, 9), (31, 8), (31, 7), (30, 7), (29, 7), (29, 6), (28, 6), (27, 6), (27, 5), (27, 4), (27, 3), (26, 3), (25, 3), (24, 3), (23, 3), (22, 3), (21, 3), (21, 2), (22, 2), (23, 2), (23, 3), (24, 3), (25, 3), (26, 3), (27, 3), (27, 4), (27, 5), (27, 6), (28, 6), (29, 6), (29, 7), (30, 7), (31, 7), (31, 8), (31, 9), (30, 9), (29, 9), (29, 9)], 1: [(27, 22), (27, 23), (27, 24), (27, 25), (26, 25), (25, 25), (24, 25), (23, 25), (22, 25), (21, 25), (21, 26), (20, 26), (19, 26), (18, 26), (17, 26), (17, 27), (16, 27), (15, 27), (14, 27), (13, 27), (12, 27), (11, 27), (10, 27), (10, 28), (10, 29), (9, 29), (9, 30), (8, 30), (7, 30), (6, 30), (5, 30), (4, 30), (3, 30), (3, 29), (3, 28), (3, 27), (3, 26), (4, 26), (5, 26), (5, 25), (6, 25), (7, 25), (6, 25), (5, 25), (5, 26), (4, 26), (3, 26), (3, 25), (2, 25), (1, 25), (1, 24), (1, 23), (1, 22), (1, 21), (2, 21), (2, 20), (2, 19), (3, 19), (4, 19), (5, 19), (5, 18), (6, 18), (7, 18), (8, 18), (9, 18), (9, 17), (10, 17), (11, 17), (11, 16), (11, 15), (11, 14), (12, 14), (13, 14), (14, 14), (15, 14), (16, 14), (17, 14), (18, 14), (18, 15), (18, 14), (18, 13), (18, 12), (18, 11), (18, 10), (18, 9), (18, 8), (18, 7), (19, 7), (20, 7), (21, 7), (21, 6), (21, 5), (22, 5), (23, 5), (23, 6), (23, 7), (23, 8), (23, 9), (23, 10), (23, 11), (22, 11), (22, 12), (22, 13), (23, 13), (23, 14), (23, 15), (22, 15), (22, 16), (22, 17), (23, 17), (23, 18), (24, 18), (25, 18), (25, 17), (26, 17), (27, 17), (27, 16), (27, 15), (26, 15), (25, 15), (25, 15)]}, 119)