

CBSS-C STATS
starts:[705, 895, 638, 495, 218, 118, 574, 983, 333, 42]
targets:[318, 210, 74, 290, 197, 82, 847, 189, 9, 170]
dests:[1007, 235, 573, 175, 563, 814, 855, 435, 581, 109]
ac_dict:{318: {0, 1}, 210: {1, 2}, 74: {2, 3}, 290: {3, 4}, 197: {4, 5}, 82: {5, 6}, 847: {6, 7}, 189: {8, 7}, 9: {8, 9}, 1007: {0}, 235: {1}, 573: {2}, 175: {3}, 563: {4}, 814: {5}, 855: {6}, 435: {7}, 581: {8}, 109: {9}}
clusters:[0 3 4 0 3 0 0 4 1 2]

round: 22
best_g_value: 244.0
open_list_size: 21
num_low_level_expanded: 5798
search_success: 1
search_time: 1.993484272621572
n_tsp_call: 13
n_tsp_time: 1.4438524609431624
n_roots: 1
num_conflicts: 21
target_assignment: {9: 9, 318: 1, 210: 1, 74: 3, 170: 3}
cluster_target_selection: {1: 9, 0: 318, 3: 210, 4: 74, 2: 170}
num_nodes_transformed_graph: 34
agent_paths:({0: [(1, 22), (2, 22), (3, 22), (4, 22), (5, 22), (6, 22), (7, 22), (7, 21), (8, 21), (9, 21), (10, 21), (11, 21), (11, 22), (11, 23), (12, 23), (13, 23), (14, 23), (15, 23), (15, 24), (15, 25), (15, 26), (15, 27), (16, 27), (17, 27), (18, 27), (18, 28), (18, 29), (17, 29), (17, 30), (17, 31), (16, 31), (15, 31), (15, 31)], 1: [(31, 27), (30, 27), (30, 26), (30, 25), (30, 24), (30, 23), (30, 22), (30, 21), (31, 21), (31, 20), (31, 19), (31, 18), (31, 17), (31, 16), (31, 15), (31, 14), (31, 13), (31, 12), (31, 11), (30, 11), (30, 10), (30, 9), (29, 9), (29, 10), (28, 10), (27, 10), (26, 10), (25, 10), (25, 9), (24, 9), (23, 9), (23, 8), (23, 7), (22, 7), (21, 7), (20, 7), (19, 7), (18, 7), (18, 6), (18, 7), (18, 8), (18, 9), (17, 9), (16, 9), (15, 9), (14, 9), (14, 8), (14, 7), (13, 7), (13, 6), (13, 5), (12, 5), (11, 5), (11, 6), (11, 7), (11, 7)], 2: [(30, 19), (30, 18), (30, 17), (29, 17), (29, 17)], 3: [(15, 15), (15, 14), (16, 14), (17, 14), (17, 13), (18, 13), (18, 12), (18, 11), (17, 11), (17, 10), (17, 9), (16, 9), (15, 9), (14, 9), (14, 8), (14, 7), (13, 7), (13, 6), (13, 5), (12, 5), (11, 5), (11, 4), (11, 3), (10, 3), (10, 2), (10, 3), (11, 3), (11, 4), (11, 5), (10, 5), (11, 5), (12, 5), (13, 5), (14, 5), (15, 5), (15, 5)], 4: [(26, 6), (25, 6), (25, 7), (25, 8), (25, 9), (24, 9), (23, 9), (22, 9), (22, 10), (22, 11), (22, 12), (22, 13), (21, 13), (20, 13), (19, 13), (19, 14), (19, 15), (18, 15), (18, 16), (18, 17), (19, 17), (19, 17)], 5: [(22, 3), (23, 3), (24, 3), (25, 3), (26, 3), (27, 3), (27, 4), (27, 5), (26, 5), (25, 5), (25, 6), (25, 7), (25, 8), (25, 9), (24, 9), (23, 9), (22, 9), (22, 10), (22, 11), (22, 12), (22, 13), (22, 14), (22, 15), (22, 16), (22, 17), (22, 18), (22, 19), (22, 20), (22, 21), (21, 21), (20, 21), (19, 21), (18, 21), (17, 21), (17, 22), (16, 22), (15, 22), (15, 23), (15, 24), (15, 25), (14, 25), (14, 25)], 6: [(30, 17), (29, 17), (29, 18), (28, 18), (27, 18), (27, 19), (27, 20), (27, 21), (27, 22), (27, 23), (27, 24), (27, 25), (26, 25), (25, 25), (24, 25), (23, 25), (23, 26), (23, 26)], 7: [(23, 30), (23, 29), (23, 28), (23, 27), (23, 26), (23, 25), (23, 24), (23, 23), (22, 23), (22, 22), (22, 21), (22, 20), (22, 19), (22, 18), (22, 17), (22, 16), (22, 15), (21, 15), (21, 14), (21, 13), (20, 13), (19, 13), (19, 13)], 8: [(13, 10), (13, 11), (12, 11), (11, 11), (10, 11), (9, 11), (9, 12), (9, 13), (8, 13), (7, 13), (6, 13), (6, 14), (6, 15), (6, 16), (6, 17), (5, 17), (5, 18), (5, 18)], 9: [(10, 1), (9, 1), (9, 0), (9, 1), (10, 1), (11, 1), (11, 2), (11, 3), (12, 3), (13, 3), (13, 3)]}, 54)