

CBSS-C STATS
starts:[67, 446, 190]
targets:[47, 578, 155, 424, 455, 1023, 623, 181, 993, 611, 942, 584, 182, 557, 894]
dests:[609, 575, 102]
ac_dict:{47: {0, 1}, 578: {1, 2}, 609: {0}, 575: {1}, 102: {2}}
clusters:[ 4 12  3 11 14  6  8 10  5  1  0  2  7 13  9]

round: 1
best_g_value: 232.0
open_list_size: 0
num_low_level_expanded: 562
search_success: 1
search_time: 1.5451477260066895
n_tsp_call: 1
n_tsp_time: 1.5199101410107687
n_roots: 1
num_conflicts: 0
target_assignment: {47: 0, 424: 0, 455: 0, 584: 0, 611: 0, 155: 2, 182: 2, 181: 2, 557: 2, 623: 2, 894: 2, 1023: 2, 942: 2, 993: 2, 578: 2}
cluster_target_selection: {4: 47, 11: 424, 14: 455, 2: 584, 1: 611, 3: 155, 7: 182, 10: 181, 13: 557, 8: 623, 9: 894, 6: 1023, 0: 942, 5: 993, 12: 578}
num_nodes_transformed_graph: 49
agent_paths:({0: [(3, 2), (3, 3), (3, 4), (3, 5), (4, 5), (5, 5), (6, 5), (7, 5), (7, 6), (8, 6), (9, 6), (9, 5), (10, 5), (11, 5), (11, 4), (11, 3), (12, 3), (13, 3), (13, 2), (13, 1), (14, 1), (15, 1), (14, 1), (14, 2), (14, 3), (14, 4), (14, 5), (14, 6), (14, 7), (14, 8), (14, 9), (13, 9), (13, 10), (13, 11), (12, 11), (11, 11), (10, 11), (9, 11), (9, 12), (9, 13), (8, 13), (7, 13), (7, 14), (7, 15), (6, 15), (6, 16), (6, 17), (7, 17), (7, 18), (8, 18), (7, 18), (6, 18), (5, 18), (5, 19), (4, 19), (3, 19), (2, 19), (1, 19), (1, 19)], 1: [(30, 13), (31, 13), (31, 14), (31, 15), (31, 16), (31, 17), (31, 17)], 2: [(30, 5), (29, 5), (29, 6), (28, 6), (27, 6), (27, 5), (27, 4), (27, 5), (26, 5), (25, 5), (25, 6), (25, 7), (25, 8), (25, 9), (24, 9), (23, 9), (23, 8), (23, 7), (22, 7), (22, 6), (22, 5), (21, 5), (21, 6), (21, 7), (20, 7), (19, 7), (18, 7), (18, 8), (18, 9), (18, 10), (18, 11), (18, 12), (18, 13), (18, 14), (18, 15), (18, 16), (18, 17), (17, 17), (17, 18), (16, 18), (15, 18), (14, 18), (13, 18), (13, 17), (14, 17), (15, 17), (15, 18), (15, 19), (15, 18), (16, 18), (17, 18), (18, 18), (19, 18), (19, 17), (20, 17), (21, 17), (22, 17), (23, 17), (23, 18), (24, 18), (25, 18), (26, 18), (27, 18), (27, 19), (27, 20), (27, 21), (27, 22), (27, 23), (28, 23), (29, 23), (30, 23), (30, 24), (30, 25), (30, 26), (30, 27), (31, 27), (31, 28), (31, 29), (31, 30), (31, 31), (30, 31), (29, 31), (28, 31), (27, 31), (26, 31), (25, 31), (24, 31), (23, 31), (22, 31), (21, 31), (20, 31), (19, 31), (18, 31), (17, 31), (16, 31), (15, 31), (14, 31), (14, 30), (14, 29), (14, 30), (14, 31), (15, 31), (16, 31), (17, 31), (17, 30), (17, 29), (18, 29), (18, 28), (18, 27), (17, 27), (16, 27), (15, 27), (14, 27), (13, 27), (12, 27), (11, 27), (10, 27), (10, 28), (10, 29), (9, 29), (9, 30), (8, 30), (7, 30), (6, 30), (5, 30), (4, 30), (3, 30), (2, 30), (1, 30), (1, 31), (1, 30), (1, 29), (2, 29), (3, 29), (3, 28), (3, 27), (2, 27), (2, 26), (2, 25), (1, 25), (1, 24), (1, 23), (1, 22), (1, 21), (2, 21), (2, 20), (2, 19), (2, 18), (3, 18), (3, 19), (4, 19), (5, 19), (5, 18), (5, 17), (6, 17), (6, 16), (6, 15), (6, 14), (6, 13), (5, 13), (5, 12), (5, 11), (5, 10), (5, 9), (6, 9), (6, 8), (6, 7), (6, 6), (6, 5), (6, 4), (6, 3), (6, 3)]}, 170)