

CBSS-C STATS
starts:[806, 175, 231, 74, 730]
targets:[815, 102, 719, 769, 462, 331, 315, 40, 155, 839]
dests:[317, 131, 507, 474, 938]
ac_dict:{815: {0, 1}, 102: {1, 2}, 719: {2, 3}, 769: {3, 4}, 317: {0}, 131: {1}, 507: {2}, 474: {3}, 938: {4}}
clusters:[0 0 0 0 1 0 0 1 0 0]

round: 1
best_g_value: 155.0
open_list_size: 0
num_low_level_expanded: 455
search_success: 1
search_time: 0.05583887826651335
n_tsp_call: 1
n_tsp_time: 0.035943720024079084
n_roots: 1
num_conflicts: 0
target_assignment: {462: 0, 315: 3}
cluster_target_selection: {1: 462, 0: 315}
num_nodes_transformed_graph: 27
agent_paths:({0: [(6, 25), (5, 25), (5, 26), (4, 26), (3, 26), (3, 25), (2, 25), (1, 25), (1, 24), (1, 23), (1, 22), (1, 21), (2, 21), (2, 20), (2, 19), (3, 19), (4, 19), (5, 19), (5, 18), (6, 18), (7, 18), (8, 18), (9, 18), (9, 17), (10, 17), (11, 17), (11, 16), (11, 15), (11, 14), (12, 14), (13, 14), (14, 14), (15, 14), (16, 14), (17, 14), (17, 13), (18, 13), (18, 12), (18, 11), (19, 11), (20, 11), (21, 11), (21, 10), (21, 9), (22, 9), (23, 9), (24, 9), (25, 9), (26, 9), (27, 9), (27, 10), (28, 10), (29, 10), (29, 9), (29, 9)], 1: [(15, 5), (14, 5), (13, 5), (12, 5), (11, 5), (10, 5), (9, 5), (9, 6), (8, 6), (7, 6), (6, 6), (5, 6), (5, 5), (4, 5), (3, 5), (3, 4), (3, 4)], 2: [(7, 7), (7, 6), (8, 6), (9, 6), (10, 6), (11, 6), (11, 5), (12, 5), (13, 5), (14, 5), (15, 5), (16, 5), (17, 5), (18, 5), (19, 5), (19, 6), (19, 7), (20, 7), (21, 7), (22, 7), (23, 7), (23, 8), (23, 9), (24, 9), (25, 9), (26, 9), (27, 9), (27, 10), (27, 11), (27, 12), (27, 13), (27, 14), (27, 15), (27, 15)], 3: [(10, 2), (11, 2), (11, 3), (12, 3), (13, 3), (14, 3), (14, 4), (14, 5), (15, 5), (16, 5), (17, 5), (18, 5), (19, 5), (19, 6), (19, 7), (20, 7), (21, 7), (22, 7), (23, 7), (23, 8), (23, 9), (24, 9), (25, 9), (26, 9), (27, 9), (27, 10), (27, 11), (27, 12), (27, 13), (26, 13), (26, 14), (26, 14)], 4: [(26, 22), (26, 23), (27, 23), (27, 24), (27, 25), (26, 25), (25, 25), (24, 25), (23, 25), (22, 25), (21, 25), (21, 26), (20, 26), (19, 26), (18, 26), (17, 26), (17, 27), (16, 27), (15, 27), (14, 27), (13, 27), (12, 27), (11, 27), (10, 27), (10, 28), (10, 29), (10, 29)]}, 53)