{'starts': [6248, 3825, 12238, 11969, 12566, 19032, 9479, 19524, 6051, 15915, 21141, 8479], 'targets': [14327, 8642, 9944, 11781, 5926], 'dests': [6219, 8028, 15815, 8168, 11065, 12791, 8521, 14632, 16712, 9316, 15425, 20490], 'clusters': array([1, 1, 0, 1, 2]), 'grids': array([[1., 1., 1., ..., 1., 1., 1.],
       [1., 1., 1., ..., 1., 1., 1.],
       [1., 1., 1., ..., 1., 1., 1.],
       ...,
       [1., 1., 1., ..., 1., 1., 1.],
       [1., 1., 1., ..., 1., 1., 1.],
       [1., 1., 1., ..., 1., 1., 1.]]), 'ac_dict': {14327: {0, 1}, 8642: {1, 2}, 9944: {2, 3}, 11781: {3, 4}, 5926: {4, 5}, 6219: {0}, 8028: {1}, 15815: {2}, 8168: {3}, 11065: {4}, 12791: {5}, 8521: {6}, 14632: {7}, 16712: {8}, 9316: {9}, 15425: {10}, 20490: {11}}, 'eps': 0.0, 'spMat': array([[  0.,  68.,  51.,  86.,  49., 121.,  39., 130.,  36., 125., 137.,
         61.,  81.,  61.,  93.,  59.,   4.,  29.,  29.,  68.,  50.,  83.,
        103.,  19., 102., 131.,  39., 126., 130.],
       [ 68.,   0., 119., 154., 117., 189., 107., 198.,  56., 155., 205.,
        129., 149., 129., 161., 127.,  68.,  51.,  97., 136., 118., 151.,
        171.,  87., 170., 153., 107., 148., 198.],
       [ 51., 119.,   0.,  57.,   6.,  88.,  22.,  97.,  87.,  92., 104.,
         56.,  30.,  54.,  76.,  32.,  51.,  80.,  28.,  35.,  45.,  64.,
         70.,  32.,  51., 108.,  24.,  99.,  97.],
       [ 86., 154.,  57.,   0.,  55., 127.,  75., 136., 122., 131., 143.,
        109.,  87., 107., 133.,  27.,  86., 115.,  77.,  68.,  98., 121.,
         17.,  67., 108., 147.,  77., 138., 136.],
       [ 49., 117.,   6.,  55.,   0.,  82.,  28.,  91.,  85.,  86.,  98.,
         62.,  32.,  60.,  78.,  30.,  49.,  78.,  30.,  29.,  51.,  66.,
         68.,  30.,  53., 102.,  30.,  93.,  91.],
       [121., 189.,  88., 127.,  82.,   0., 110.,   9., 157.,  58.,  16.,
        144.,  94., 142., 146., 102., 121., 150., 112.,  61., 133., 134.,
        140., 102., 115.,  66., 112.,  65.,   9.],
       [ 39., 107.,  22.,  75.,  28., 110.,   0., 119.,  75., 114., 126.,
         34.,  42.,  32.,  60.,  48.,  39.,  68.,  16.,  57.,  23.,  50.,
         92.,  20.,  63., 130.,   2., 121., 119.],
       [130., 198.,  97., 136.,  91.,   9., 119.,   0., 166.,  67.,  13.,
        153., 103., 151., 155., 111., 130., 159., 121.,  70., 142., 143.,
        149., 111., 124.,  75., 121.,  74.,  12.],
       [ 36.,  56.,  87., 122.,  85., 157.,  75., 166.,   0.,  99., 173.,
         97., 117.,  97., 129.,  95.,  38.,   7.,  65., 104.,  86., 119.,
        139.,  55., 138.,  97.,  75.,  92., 166.],
       [125., 155.,  92., 131.,  86.,  58., 114.,  67.,  99.,   0.,  74.,
        148.,  98., 146., 150., 106., 125., 104., 116.,  65., 137., 138.,
        144., 106., 119.,  18., 116.,   7.,  67.],
       [137., 205., 104., 143.,  98.,  16., 126.,  13., 173.,  74.,   0.,
        160., 110., 158., 162., 118., 137., 166., 128.,  77., 149., 150.,
        156., 118., 131.,  82., 128.,  81.,   7.],
       [ 61., 129.,  56., 109.,  62., 144.,  34., 153.,  97., 148., 160.,
          0.,  56.,   2.,  32.,  82.,  61.,  90.,  38.,  91.,  15.,  22.,
        126.,  42.,  41., 164.,  32., 155., 153.],
       [ 81., 149.,  30.,  87.,  32.,  94.,  42., 103., 117.,  98., 110.,
         56.,   0.,  56.,  54.,  62.,  81., 110.,  58.,  41.,  53.,  42.,
        100.,  62.,  21., 114.,  42., 105., 103.],
       [ 61., 129.,  54., 107.,  60., 142.,  32., 151.,  97., 146., 158.,
          2.,  56.,   0.,  32.,  80.,  61.,  90.,  38.,  89.,  15.,  22.,
        124.,  42.,  41., 162.,  30., 153., 151.],
       [ 93., 161.,  76., 133.,  78., 146.,  60., 155., 129., 150., 162.,
         32.,  54.,  32.,   0., 108.,  93., 122.,  70.,  93.,  47.,  20.,
        146.,  74.,  39., 166.,  58., 157., 155.],
       [ 59., 127.,  32.,  27.,  30., 102.,  48., 111.,  95., 106., 118.,
         82.,  62.,  80., 108.,   0.,  59.,  88.,  50.,  43.,  71.,  96.,
         44.,  40.,  83., 122.,  50., 113., 111.],
       [  4.,  68.,  51.,  86.,  49., 121.,  39., 130.,  38., 125., 137.,
         61.,  81.,  61.,  93.,  59.,   0.,  33.,  29.,  68.,  50.,  83.,
        103.,  19., 102., 135.,  39., 130., 130.],
       [ 29.,  51.,  80., 115.,  78., 150.,  68., 159.,   7., 104., 166.,
         90., 110.,  90., 122.,  88.,  33.,   0.,  58.,  97.,  79., 112.,
        132.,  48., 131., 102.,  68.,  97., 159.],
       [ 29.,  97.,  28.,  77.,  30., 112.,  16., 121.,  65., 116., 128.,
         38.,  58.,  38.,  70.,  50.,  29.,  58.,   0.,  59.,  23.,  60.,
         94.,  10.,  79., 132.,  16., 123., 121.],
       [ 68., 136.,  35.,  68.,  29.,  61.,  57.,  70., 104.,  65.,  77.,
         91.,  41.,  89.,  93.,  43.,  68.,  97.,  59.,   0.,  80.,  81.,
         81.,  49.,  62.,  81.,  59.,  72.,  70.],
       [ 50., 118.,  45.,  98.,  51., 133.,  23., 142.,  86., 137., 149.,
         15.,  53.,  15.,  47.,  71.,  50.,  79.,  23.,  80.,   0.,  37.,
        115.,  31.,  56., 153.,  21., 144., 142.],
       [ 83., 151.,  64., 121.,  66., 134.,  50., 143., 119., 138., 150.,
         22.,  42.,  22.,  20.,  96.,  83., 112.,  60.,  81.,  37.,   0.,
        134.,  64.,  25., 154.,  48., 145., 143.],
       [103., 171.,  70.,  17.,  68., 140.,  92., 149., 139., 144., 156.,
        126., 100., 124., 146.,  44., 103., 132.,  94.,  81., 115., 134.,
          0.,  84., 121., 160.,  94., 151., 149.],
       [ 19.,  87.,  32.,  67.,  30., 102.,  20., 111.,  55., 106., 118.,
         42.,  62.,  42.,  74.,  40.,  19.,  48.,  10.,  49.,  31.,  64.,
         84.,   0.,  83., 122.,  20., 113., 111.],
       [102., 170.,  51., 108.,  53., 115.,  63., 124., 138., 119., 131.,
         41.,  21.,  41.,  39.,  83., 102., 131.,  79.,  62.,  56.,  25.,
        121.,  83.,   0., 135.,  63., 126., 124.],
       [131., 153., 108., 147., 102.,  66., 130.,  75.,  97.,  18.,  82.,
        164., 114., 162., 166., 122., 135., 102., 132.,  81., 153., 154.,
        160., 122., 135.,   0., 132.,  17.,  75.],
       [ 39., 107.,  24.,  77.,  30., 112.,   2., 121.,  75., 116., 128.,
         32.,  42.,  30.,  58.,  50.,  39.,  68.,  16.,  59.,  21.,  48.,
         94.,  20.,  63., 132.,   0., 123., 121.],
       [126., 148.,  99., 138.,  93.,  65., 121.,  74.,  92.,   7.,  81.,
        155., 105., 153., 157., 113., 130.,  97., 123.,  72., 144., 145.,
        151., 113., 126.,  17., 123.,   0.,  74.],
       [130., 198.,  97., 136.,  91.,   9., 119.,  12., 166.,  67.,   7.,
        153., 103., 151., 155., 111., 130., 159., 121.,  70., 142., 143.,
        149., 111., 124.,  75., 121.,  74.,   0.]]), 'is_heuristic': False, 'total_time': 4.5739452838897705, 'ntsp': 2.064493498997763, 'cost': 1214.0, 'agent_paths': {0: [(92, 38), (91, 38), (90, 38), (89, 38), (88, 38), (87, 38), (86, 38), (85, 38), (84, 38), (83, 38), (82, 38), (81, 38), (80, 38), (79, 38), (78, 38), (77, 38), (76, 38), (75, 38), (74, 38), (73, 38), (72, 38), (71, 38), (70, 38), (69, 38), (68, 38), (67, 38), (66, 38), (65, 38), (64, 38), (63, 38), (63, 38)], 1: [(99, 23), (98, 23), (97, 23), (96, 23), (95, 23), (94, 23), (93, 23), (92, 23), (91, 23), (90, 23), (90, 24), (90, 25), (90, 26), (90, 27), (90, 28), (90, 29), (90, 30), (90, 31), (89, 31), (88, 31), (87, 31), (86, 31), (85, 31), (84, 31), (83, 31), (82, 31), (81, 31), (80, 31), (79, 31), (78, 31), (77, 31), (76, 31), (75, 31), (74, 31), (73, 31), (72, 31), (71, 31), (70, 31), (69, 31), (69, 32), (69, 33), (69, 34), (69, 35), (69, 36), (70, 36), (71, 36), (72, 36), (73, 36), (74, 36), (75, 36), (76, 36), (77, 36), (78, 36), (79, 36), (80, 36), (81, 36), (82, 36), (83, 36), (84, 36), (85, 36), (86, 36), (87, 36), (88, 36), (89, 36), (90, 36), (90, 37), (90, 38), (90, 39), (90, 40), (91, 40), (92, 40), (93, 40), (94, 40), (95, 40), (96, 40), (97, 40), (97, 41), (97, 42), (97, 43), (97, 44), (97, 45), (97, 46), (97, 47), (97, 48), (97, 49), (98, 49), (98, 50), (98, 51), (98, 52), (98, 53), (97, 53), (96, 53), (95, 53), (94, 53), (93, 53), (92, 53), (91, 53), (90, 53), (90, 52), (90, 51), (90, 50), (90, 49), (90, 49)], 2: [(88, 75), (89, 75), (90, 75), (91, 75), (92, 75), (93, 75), (94, 75), (95, 75), (96, 75), (97, 75), (98, 75), (99, 75), (100, 75), (100, 76), (100, 77), (100, 78), (100, 79), (100, 80), (100, 81), (100, 82), (100, 83), (100, 84), (100, 85), (100, 86), (100, 87), (100, 88), (100, 89), (100, 90), (100, 91), (100, 92), (100, 93), (100, 94), (100, 95), (100, 96), (100, 97), (101, 97), (101, 97)], 3: [(143, 73), (142, 73), (141, 73), (140, 73), (139, 73), (138, 73), (137, 73), (136, 73), (135, 73), (134, 73), (133, 73), (132, 73), (131, 73), (130, 73), (129, 73), (128, 73), (127, 73), (126, 73), (125, 73), (124, 73), (123, 73), (122, 73), (121, 73), (120, 73), (119, 73), (118, 73), (117, 73), (117, 72), (116, 72), (115, 72), (114, 72), (113, 72), (112, 72), (111, 72), (110, 72), (109, 72), (108, 72), (107, 72), (106, 72), (105, 72), (104, 72), (103, 72), (102, 72), (101, 72), (100, 72), (99, 72), (98, 72), (97, 72), (96, 72), (95, 72), (94, 72), (93, 72), (92, 72), (91, 72), (90, 72), (89, 72), (88, 72), (87, 72), (86, 72), (85, 72), (84, 72), (83, 72), (82, 72), (81, 72), (80, 72), (79, 72), (78, 72), (77, 72), (77, 71), (77, 70), (77, 69), (77, 68), (77, 67), (77, 66), (77, 65), (77, 64), (77, 63), (77, 62), (77, 61), (77, 60), (77, 59), (77, 58), (77, 57), (77, 56), (77, 55), (76, 55), (75, 55), (74, 55), (73, 55), (72, 55), (71, 55), (70, 55), (69, 55), (68, 55), (67, 55), (66, 55), (65, 55), (64, 55), (63, 55), (62, 55), (61, 55), (60, 55), (59, 55), (58, 55), (57, 55), (56, 55), (55, 55), (54, 55), (53, 55), (53, 56), (53, 57), (53, 58), (53, 59), (53, 60), (53, 61), (53, 62), (53, 63), (53, 64), (54, 64), (54, 65), (54, 66), (54, 67), (55, 67), (56, 67), (57, 67), (57, 66), (57, 65), (57, 64), (57, 63), (57, 62), (57, 61), (58, 61), (59, 61), (60, 61), (61, 61), (62, 61), (61, 61), (60, 61), (59, 61), (58, 61), (57, 61), (57, 62), (57, 63), (57, 64), (57, 65), (57, 66), (57, 67), (56, 67), (55, 67), (54, 67), (54, 66), (54, 65), (54, 64), (53, 64), (53, 63), (53, 62), (53, 61), (53, 60), (53, 59), (53, 58), (53, 57), (53, 56), (53, 55), (53, 54), (53, 53), (53, 52), (53, 51), (53, 50), (54, 50), (55, 50), (56, 50), (57, 50), (58, 50), (59, 50), (60, 50), (61, 50), (62, 50), (63, 50), (64, 50), (65, 50), (66, 50), (67, 50), (68, 50), (68, 50)], 4: [(92, 77), (92, 76), (92, 75), (92, 74), (92, 73), (92, 72), (92, 71), (92, 70), (92, 69), (92, 68), (92, 67), (92, 66), (92, 65), (92, 64), (92, 63), (92, 62), (92, 61), (92, 60), (92, 59), (92, 58), (92, 57), (92, 56), (92, 55), (92, 54), (92, 53), (93, 53), (94, 53), (95, 53), (96, 53), (97, 53), (98, 53), (98, 52), (98, 51), (97, 51), (97, 50), (97, 49), (97, 48), (97, 47), (97, 46), (97, 45), (97, 44), (97, 43), (97, 42), (97, 41), (97, 40), (96, 40), (95, 40), (94, 40), (94, 39), (94, 38), (94, 37), (94, 36), (94, 37), (94, 38), (94, 39), (94, 40), (95, 40), (96, 40), (97, 40), (97, 41), (97, 42), (97, 43), (97, 44), (97, 45), (97, 46), (97, 47), (97, 48), (97, 49), (97, 50), (97, 51), (98, 51), (98, 52), (98, 53), (97, 53), (96, 53), (95, 53), (94, 53), (93, 53), (92, 53), (91, 53), (90, 53), (89, 53), (88, 53), (87, 53), (86, 53), (85, 53), (84, 53), (83, 53), (82, 53), (81, 53), (80, 53), (79, 53), (78, 53), (77, 53), (76, 53), (75, 53), (74, 53), (73, 53), (72, 53), (71, 53), (70, 53), (69, 53), (68, 53), (67, 53), (66, 53), (65, 53), (64, 53), (63, 53), (62, 53), (61, 53), (60, 53), (59, 53), (58, 53), (57, 53), (56, 53), (55, 53), (54, 53), (53, 53), (52, 53), (51, 53), (50, 53), (50, 54), (50, 55), (50, 56), (50, 57), (50, 58), (50, 59), (50, 60), (50, 61), (50, 62), (50, 63), (50, 64), (49, 64), (49, 65), (49, 66), (49, 67), (49, 68), (49, 68)], 5: [(78, 117), (78, 116), (78, 115), (78, 114), (78, 113), (78, 112), (78, 111), (78, 110), (78, 109), (78, 108), (77, 108), (76, 108), (75, 108), (74, 108), (73, 108), (72, 108), (71, 108), (70, 108), (69, 108), (69, 107), (69, 106), (69, 105), (69, 104), (69, 103), (69, 102), (69, 101), (69, 100), (69, 99), (70, 99), (71, 99), (72, 99), (73, 99), (74, 99), (75, 99), (76, 99), (77, 99), (78, 99), (79, 99), (80, 99), (81, 99), (82, 99), (83, 99), (84, 99), (85, 99), (86, 99), (87, 99), (88, 99), (89, 99), (90, 99), (91, 99), (92, 99), (93, 99), (94, 99), (95, 99), (96, 99), (97, 99), (97, 98), (97, 97), (97, 96), (97, 95), (97, 94), (97, 93), (97, 92), (97, 91), (97, 90), (97, 89), (97, 88), (97, 87), (97, 86), (97, 85), (97, 84), (97, 83), (97, 82), (97, 81), (97, 80), (97, 79), (97, 78), (98, 78), (99, 78), (100, 78), (101, 78), (102, 78), (103, 78), (104, 78), (105, 78), (106, 78), (107, 78), (107, 77), (107, 76), (108, 76), (108, 75), (109, 75), (110, 75), (111, 75), (112, 75), (113, 75), (114, 75), (115, 75), (116, 75), (117, 75), (118, 75), (119, 75), (120, 75), (121, 75), (122, 75), (123, 75), (124, 75), (125, 75), (126, 75), (127, 75), (128, 75), (129, 75), (130, 75), (131, 75), (132, 75), (133, 75), (134, 75), (135, 75), (136, 75), (137, 75), (138, 75), (139, 75), (140, 75), (141, 75), (142, 75), (143, 75), (144, 75), (145, 75), (146, 75), (147, 75), (148, 75), (149, 75), (150, 75), (151, 75), (152, 75), (153, 75), (154, 75), (155, 75), (155, 76), (155, 77), (155, 78), (155, 78)], 6: [(83, 58), (83, 57), (83, 56), (83, 55), (83, 54), (83, 53), (83, 52), (84, 52), (85, 52), (86, 52), (87, 52), (88, 52), (89, 52), (90, 52), (91, 52), (92, 52), (93, 52), (94, 52), (95, 52), (96, 52), (97, 52), (97, 52)], 7: [(84, 120), (83, 120), (82, 120), (81, 120), (80, 120), (79, 120), (78, 120), (77, 120), (76, 120), (75, 120), (74, 120), (73, 120), (72, 120), (71, 120), (70, 120), (69, 120), (69, 119), (69, 118), (69, 117), (69, 116), (69, 115), (69, 114), (69, 113), (69, 112), (69, 111), (69, 110), (69, 109), (69, 108), (69, 107), (69, 106), (69, 105), (69, 104), (69, 103), (69, 102), (69, 101), (69, 100), (69, 99), (70, 99), (71, 99), (72, 99), (73, 99), (74, 99), (75, 99), (76, 99), (77, 99), (78, 99), (79, 99), (80, 99), (81, 99), (82, 99), (83, 99), (84, 99), (85, 99), (86, 99), (87, 99), (88, 99), (89, 99), (90, 99), (91, 99), (92, 99), (93, 99), (94, 99), (95, 99), (96, 99), (97, 99), (97, 98), (97, 97), (97, 96), (97, 95), (97, 94), (97, 93), (97, 92), (97, 91), (97, 90), (97, 89), (97, 88), (97, 87), (96, 87), (95, 87), (94, 87), (93, 87), (92, 87), (91, 87), (90, 87), (89, 87), (88, 87), (87, 87), (86, 87), (85, 87), (84, 87), (83, 87), (82, 87), (81, 87), (80, 87), (79, 87), (78, 87), (77, 87), (76, 87), (75, 87), (74, 87), (73, 87), (72, 87), (71, 87), (70, 87), (69, 87), (68, 87), (67, 87), (66, 87), (65, 87), (64, 87), (63, 87), (62, 87), (61, 87), (60, 87), (59, 87), (58, 87), (57, 87), (56, 87), (55, 87), (54, 87), (53, 87), (52, 87), (52, 88), (52, 89), (52, 90), (52, 90)], 8: [(57, 37), (56, 37), (55, 37), (54, 37), (53, 37), (52, 37), (51, 37), (50, 37), (49, 37), (48, 37), (47, 37), (46, 37), (45, 37), (44, 37), (43, 37), (42, 37), (41, 37), (40, 37), (39, 37), (38, 37), (37, 37), (36, 37), (35, 37), (34, 37), (33, 37), (32, 37), (31, 37), (30, 37), (29, 37), (28, 37), (27, 37), (26, 37), (26, 38), (26, 39), (26, 40), (26, 41), (26, 42), (26, 43), (26, 44), (26, 45), (26, 46), (26, 47), (26, 48), (26, 49), (26, 50), (26, 51), (26, 52), (26, 53), (26, 54), (26, 55), (26, 56), (26, 57), (26, 58), (26, 59), (26, 60), (26, 61), (26, 62), (26, 63), (26, 64), (26, 65), (26, 66), (26, 67), (26, 68), (26, 69), (26, 70), (26, 71), (26, 72), (26, 73), (26, 74), (26, 75), (26, 76), (26, 77), (26, 78), (26, 79), (26, 80), (26, 81), (26, 82), (26, 83), (26, 84), (26, 85), (26, 86), (26, 87), (26, 88), (26, 89), (26, 90), (26, 91), (26, 92), (26, 93), (26, 94), (26, 95), (26, 96), (26, 97), (26, 98), (26, 99), (26, 100), (26, 101), (26, 102), (26, 103), (26, 103)], 9: [(39, 98), (40, 98), (41, 98), (42, 98), (43, 98), (44, 98), (45, 98), (46, 98), (46, 99), (47, 99), (48, 99), (49, 99), (50, 99), (51, 99), (52, 99), (53, 99), (54, 99), (55, 99), (56, 99), (57, 99), (58, 99), (59, 99), (60, 99), (61, 99), (62, 99), (63, 99), (64, 99), (65, 99), (66, 99), (67, 99), (68, 99), (69, 99), (70, 99), (71, 99), (72, 99), (73, 99), (74, 99), (75, 99), (76, 99), (77, 99), (78, 99), (79, 99), (80, 99), (81, 99), (82, 99), (83, 99), (84, 99), (85, 99), (86, 99), (87, 99), (88, 99), (89, 99), (90, 99), (91, 99), (92, 99), (93, 99), (94, 99), (95, 99), (96, 99), (97, 99), (97, 98), (97, 97), (97, 96), (97, 95), (97, 94), (97, 93), (97, 92), (97, 91), (97, 90), (97, 89), (97, 88), (97, 87), (96, 87), (95, 87), (94, 87), (93, 87), (92, 87), (91, 87), (90, 87), (89, 87), (88, 87), (87, 87), (86, 87), (85, 87), (84, 87), (83, 87), (82, 87), (82, 86), (82, 85), (82, 84), (82, 83), (82, 82), (82, 81), (82, 80), (82, 79), (82, 78), (82, 77), (82, 76), (82, 75), (82, 74), (82, 73), (82, 72), (82, 71), (82, 70), (82, 69), (82, 68), (82, 67), (82, 66), (82, 65), (82, 64), (82, 63), (82, 62), (82, 61), (82, 60), (82, 59), (82, 58), (82, 57), (82, 57)], 10: [(81, 130), (80, 130), (79, 130), (78, 130), (77, 130), (76, 130), (75, 130), (74, 130), (73, 130), (72, 130), (71, 130), (70, 130), (70, 129), (69, 129), (68, 129), (67, 129), (66, 129), (66, 128), (66, 127), (66, 126), (66, 125), (66, 124), (66, 123), (66, 122), (66, 121), (66, 120), (66, 119), (65, 119), (64, 119), (63, 119), (62, 119), (61, 119), (60, 119), (59, 119), (58, 119), (57, 119), (56, 119), (55, 119), (54, 119), (53, 119), (52, 119), (51, 119), (50, 119), (50, 118), (50, 117), (50, 116), (50, 115), (50, 114), (50, 113), (50, 112), (50, 111), (50, 110), (50, 109), (50, 108), (50, 107), (50, 106), (50, 105), (50, 104), (49, 104), (48, 104), (48, 103), (47, 103), (46, 103), (45, 103), (44, 103), (43, 103), (42, 103), (41, 103), (40, 103), (39, 103), (38, 103), (37, 103), (36, 103), (35, 103), (35, 102), (35, 101), (35, 100), (35, 99), (35, 98), (35, 97), (35, 96), (35, 95), (35, 95)], 11: [(55, 52), (56, 52), (57, 52), (58, 52), (59, 52), (60, 52), (61, 52), (62, 52), (63, 52), (64, 52), (65, 52), (66, 52), (67, 52), (68, 52), (69, 52), (70, 52), (71, 52), (72, 52), (73, 52), (74, 52), (75, 52), (76, 52), (77, 52), (77, 53), (77, 54), (77, 55), (77, 56), (77, 57), (77, 58), (77, 59), (77, 60), (77, 61), (77, 62), (77, 63), (77, 64), (77, 65), (77, 66), (77, 67), (77, 68), (77, 69), (77, 70), (77, 71), (77, 72), (77, 73), (77, 74), (77, 75), (77, 76), (77, 77), (77, 78), (77, 79), (77, 80), (77, 81), (77, 82), (77, 83), (77, 84), (78, 84), (78, 85), (78, 86), (79, 86), (80, 86), (81, 86), (82, 86), (83, 86), (84, 86), (85, 86), (86, 86), (87, 86), (88, 86), (89, 86), (90, 86), (91, 86), (92, 86), (93, 86), (94, 86), (95, 86), (96, 86), (97, 86), (97, 87), (97, 88), (97, 89), (97, 90), (97, 91), (97, 92), (97, 93), (97, 94), (97, 95), (97, 96), (97, 97), (97, 98), (97, 99), (96, 99), (95, 99), (94, 99), (93, 99), (92, 99), (91, 99), (90, 99), (89, 99), (88, 99), (87, 99), (86, 99), (85, 99), (84, 99), (83, 99), (82, 99), (81, 99), (80, 99), (79, 99), (78, 99), (78, 100), (78, 101), (78, 102), (78, 103), (77, 103), (76, 103), (75, 103), (74, 103), (73, 103), (72, 103), (71, 103), (70, 103), (69, 103), (69, 104), (69, 105), (69, 106), (69, 107), (69, 108), (70, 108), (71, 108), (72, 108), (73, 108), (74, 108), (75, 108), (76, 108), (77, 108), (78, 108), (78, 109), (78, 110), (78, 111), (78, 112), (78, 113), (78, 114), (78, 115), (78, 116), (78, 117), (78, 118), (78, 119), (78, 120), (78, 121), (78, 122), (78, 123), (78, 124), (78, 125), (78, 126), (78, 126)]}, 'target_assignment': {6219: {0}, 15815: {2}, 15425: {10}, 16712: {8}, 12791: {5}, 14632: {7}, 9316: {9}, 20490: {11}, 8028: {1}, 11781: {3}, 9944: {3}, 8168: {3}, 5926: {4}, 11065: {4}, 8521: {6}}, 'cluster_target_selection': {1: 11781, 0: 9944, 2: 5926}, 'num_nodes': 10, 'max_step': 182, 'Astar_time': 6.37493371963501, 'num_conflicts': 12}