{'starts': [11223, 14677, 5064, 13909, 7524, 7384], 'targets': [11278, 8880, 1700, 16725, 12572], 'dests': [9851, 10330, 11282, 18075, 13986, 3780], 'clusters': array([2, 1, 2, 2, 0]), 'grids': array([[1., 1., 1., ..., 1., 1., 1.],
       [1., 1., 1., ..., 1., 1., 1.],
       [1., 1., 1., ..., 1., 1., 1.],
       ...,
       [1., 1., 1., ..., 1., 1., 1.],
       [1., 1., 1., ..., 1., 1., 1.],
       [1., 1., 1., ..., 1., 1., 1.]]), 'ac_dict': {11278: {0, 1}, 8880: {1, 2}, 1700: {2, 3}, 16725: {3, 4}, 12572: {4, 5}, 9851: {0}, 10330: {1}, 11282: {2}, 18075: {3}, 13986: {4}, 3780: {5}}, 'eps': 0.0, 'spMat': array([[  0.,  73., 145., 128.,  50.,  73.,  83., 120., 150., 144.,  75.,
        113., 103.,  87., 146.,  26., 141.],
       [ 73.,   0., 114.,  67.,  69.,  48.,  24.,  71., 119.,  71.,  14.,
         64.,  54.,  28.,  73.,  47., 110.],
       [145., 114.,   0., 151., 107.,  86.,  96., 133.,  59., 111., 102.,
        126., 116., 100., 173., 153.,  20.],
       [128.,  67., 151.,   0., 106.,  85.,  55.,  42., 156., 138.,  53.,
         35.,  37.,  51., 140., 106., 147.],
       [ 50.,  69., 107., 106.,   0.,  23.,  51.,  88., 112., 140.,  57.,
         81.,  71.,  55., 142.,  60., 103.],
       [ 73.,  48.,  86.,  85.,  23.,   0.,  30.,  67.,  91., 119.,  36.,
         60.,  50.,  34., 121.,  81.,  82.],
       [ 83.,  24.,  96.,  55.,  51.,  30.,   0.,  47., 101.,  95.,  10.,
         40.,  30.,   4.,  97.,  63.,  92.],
       [120.,  71., 133.,  42.,  88.,  67.,  47.,   0., 138., 142.,  57.,
          9.,  17.,  43., 144., 110., 129.],
       [150., 119.,  59., 156., 112.,  91., 101., 138.,   0., 154., 107.,
        131., 121., 105., 192., 158.,  39.],
       [144.,  71., 111., 138., 140., 119.,  95., 142., 154.,   0.,  85.,
        135., 125.,  99.,  62., 118., 115.],
       [ 75.,  14., 102.,  53.,  57.,  36.,  10.,  57., 107.,  85.,   0.,
         50.,  40.,  14.,  87.,  53.,  98.],
       [113.,  64., 126.,  35.,  81.,  60.,  40.,   9., 131., 135.,  50.,
          0.,  10.,  36., 137., 103., 122.],
       [103.,  54., 116.,  37.,  71.,  50.,  30.,  17., 121., 125.,  40.,
         10.,   0.,  26., 127.,  93., 112.],
       [ 87.,  28., 100.,  51.,  55.,  34.,   4.,  43., 105.,  99.,  14.,
         36.,  26.,   0., 101.,  67.,  96.],
       [146.,  73., 173., 140., 142., 121.,  97., 144., 192.,  62.,  87.,
        137., 127., 101.,   0., 120., 177.],
       [ 26.,  47., 153., 106.,  60.,  81.,  63., 110., 158., 118.,  53.,
        103.,  93.,  67., 120.,   0., 149.],
       [141., 110.,  20., 147., 103.,  82.,  92., 129.,  39., 115.,  98.,
        122., 112.,  96., 177., 149.,   0.]]), 'is_heuristic': True, 'total_time': 0.21577882766723633, 'ntsp': 0.027395303011871874, 'cost': 633.0, 'agent_paths': {0: [(45, 69), (45, 68), (45, 67), (46, 67), (47, 67), (48, 67), (49, 67), (49, 66), (49, 65), (49, 64), (50, 64), (50, 63), (50, 62), (50, 61), (50, 60), (51, 60), (52, 60), (53, 60), (53, 59), (53, 58), (53, 57), (53, 56), (53, 55), (54, 55), (55, 55), (56, 55), (57, 55), (58, 55), (59, 55), (60, 55), (61, 55), (62, 55), (63, 55), (64, 55), (65, 55), (66, 55), (67, 55), (68, 55), (69, 55), (70, 55), (71, 55), (72, 55), (73, 55), (74, 55), (75, 55), (76, 55), (77, 55), (78, 55), (79, 55), (80, 55), (81, 55), (82, 55), (83, 55), (84, 55), (85, 55), (86, 55), (87, 55), (88, 55), (89, 55), (90, 55), (91, 55), (92, 55), (93, 55), (94, 55), (95, 55), (96, 55), (97, 55), (98, 55), (99, 55), (100, 55), (101, 55), (101, 56), (101, 57), (101, 58), (101, 59), (101, 60), (102, 60), (103, 60), (104, 60), (105, 60), (106, 60), (107, 60), (107, 61), (107, 62), (108, 62), (108, 63), (109, 63), (109, 64), (110, 64), (111, 64), (112, 64), (112, 63), (113, 63), (114, 63), (115, 63), (115, 62), (116, 62), (116, 61), (116, 60), (117, 60), (118, 60), (119, 60), (120, 60), (121, 60), (122, 60), (123, 60), (124, 60), (125, 60), (126, 60), (127, 60), (128, 60), (129, 60), (130, 60), (131, 60), (131, 60)], 1: [(97, 90), (97, 89), (97, 88), (97, 87), (97, 86), (97, 85), (97, 84), (97, 83), (97, 82), (97, 81), (97, 80), (97, 79), (97, 78), (97, 77), (97, 76), (97, 75), (97, 74), (97, 73), (97, 72), (97, 71), (97, 70), (97, 69), (98, 69), (99, 69), (100, 69), (100, 68), (100, 67), (100, 66), (100, 65), (100, 64), (101, 64), (102, 64), (103, 64), (104, 64), (105, 64), (106, 64), (107, 64), (108, 64), (109, 64), (110, 64), (111, 64), (112, 64), (112, 63), (113, 63), (114, 63), (115, 63), (115, 62), (116, 62), (116, 61), (116, 60), (117, 60), (118, 60), (119, 60), (120, 60), (121, 60), (122, 60), (123, 60), (124, 60), (125, 60), (125, 59), (125, 58), (125, 57), (125, 56), (125, 55), (125, 54), (126, 54), (127, 54), (128, 54), (129, 54), (130, 54), (131, 54), (132, 54), (131, 54), (130, 54), (129, 54), (128, 54), (127, 54), (126, 54), (125, 54), (125, 55), (125, 56), (125, 57), (125, 58), (125, 59), (125, 60), (124, 60), (124, 61), (124, 62), (124, 63), (124, 63)], 2: [(42, 31), (43, 31), (44, 31), (45, 31), (46, 31), (47, 31), (48, 31), (49, 31), (50, 31), (51, 31), (52, 31), (53, 31), (54, 31), (54, 32), (54, 33), (54, 34), (54, 35), (54, 36), (55, 36), (56, 36), (57, 36), (58, 36), (59, 36), (60, 36), (61, 36), (62, 36), (63, 36), (64, 36), (65, 36), (66, 36), (67, 36), (68, 36), (69, 36), (70, 36), (71, 36), (72, 36), (73, 36), (74, 36), (75, 36), (76, 36), (77, 36), (78, 36), (79, 36), (80, 36), (81, 36), (82, 36), (83, 36), (84, 36), (85, 36), (86, 36), (87, 36), (88, 36), (89, 36), (90, 36), (91, 36), (92, 36), (93, 36), (94, 36), (95, 36), (96, 36), (97, 36), (98, 36), (99, 36), (100, 36), (100, 37), (100, 38), (100, 39), (100, 40), (100, 41), (100, 42), (100, 43), (100, 44), (100, 45), (100, 46), (100, 47), (100, 48), (100, 49), (101, 49), (101, 50), (101, 51), (101, 52), (101, 53), (101, 54), (101, 55), (101, 56), (101, 57), (101, 58), (101, 59), (101, 60), (102, 60), (103, 60), (104, 60), (104, 61), (104, 62), (104, 63), (104, 64), (104, 65), (104, 66), (104, 67), (104, 68), (104, 69), (104, 69)], 3: [(139, 85), (138, 85), (137, 85), (136, 85), (135, 85), (134, 85), (133, 85), (132, 85), (131, 85), (130, 85), (129, 85), (128, 85), (127, 85), (126, 85), (125, 85), (125, 84), (125, 83), (125, 82), (125, 81), (125, 80), (124, 80), (123, 80), (122, 80), (121, 80), (120, 80), (120, 79), (119, 79), (118, 79), (117, 79), (116, 79), (116, 78), (115, 78), (115, 77), (115, 76), (114, 76), (114, 75), (113, 75), (112, 75), (111, 75), (110, 75), (109, 75), (108, 75), (107, 75), (106, 75), (105, 75), (104, 75), (103, 75), (102, 75), (101, 75), (100, 75), (99, 75), (98, 75), (97, 75), (97, 76), (97, 77), (97, 78), (97, 79), (97, 80), (97, 81), (97, 82), (97, 83), (97, 84), (97, 85), (97, 86), (97, 87), (97, 88), (97, 89), (97, 90), (97, 91), (97, 92), (97, 93), (97, 94), (97, 95), (97, 96), (97, 97), (97, 98), (97, 99), (96, 99), (95, 99), (94, 99), (93, 99), (93, 100), (93, 101), (93, 102), (93, 103), (92, 103), (91, 103), (90, 103), (89, 103), (88, 103), (87, 103), (86, 103), (85, 103), (84, 103), (83, 103), (82, 103), (81, 103), (80, 103), (79, 103), (78, 103), (77, 103), (76, 103), (75, 103), (74, 103), (73, 103), (72, 103), (71, 103), (70, 103), (69, 103), (69, 104), (69, 105), (69, 106), (69, 107), (69, 108), (70, 108), (71, 108), (72, 108), (73, 108), (74, 108), (75, 108), (76, 108), (77, 108), (78, 108), (79, 108), (80, 108), (81, 108), (82, 108), (83, 108), (84, 108), (85, 108), (86, 108), (87, 108), (88, 108), (89, 108), (90, 108), (91, 108), (92, 108), (93, 108), (93, 109), (93, 110), (93, 111), (93, 111)], 4: [(72, 46), (73, 46), (74, 46), (75, 46), (76, 46), (77, 46), (78, 46), (79, 46), (80, 46), (81, 46), (82, 46), (83, 46), (84, 46), (85, 46), (86, 46), (87, 46), (88, 46), (89, 46), (90, 46), (91, 46), (92, 46), (93, 46), (94, 46), (94, 47), (94, 48), (94, 49), (94, 50), (94, 51), (94, 52), (95, 52), (96, 52), (97, 52), (98, 52), (98, 53), (98, 54), (98, 55), (98, 56), (98, 57), (98, 58), (98, 59), (98, 60), (98, 61), (98, 62), (98, 63), (98, 64), (98, 65), (98, 66), (98, 67), (98, 68), (98, 69), (98, 70), (98, 71), (98, 72), (98, 73), (98, 74), (98, 75), (98, 76), (98, 77), (97, 77), (96, 77), (95, 77), (94, 77), (93, 77), (92, 77), (91, 77), (90, 77), (89, 77), (88, 77), (87, 77), (86, 77), (85, 77), (84, 77), (83, 77), (82, 77), (81, 77), (80, 77), (79, 77), (78, 77), (77, 77), (77, 78), (77, 79), (77, 80), (77, 81), (77, 82), (76, 82), (76, 83), (75, 83), (75, 84), (74, 84), (73, 84), (72, 84), (71, 84), (70, 84), (69, 84), (68, 84), (67, 84), (66, 84), (65, 84), (64, 84), (63, 84), (62, 84), (61, 84), (60, 84), (59, 84), (58, 84), (57, 84), (56, 84), (55, 84), (54, 84), (54, 85), (54, 86), (54, 86)], 5: [(94, 45), (94, 46), (94, 47), (94, 48), (94, 49), (94, 50), (94, 51), (94, 52), (95, 52), (96, 52), (97, 52), (97, 51), (97, 50), (97, 49), (97, 48), (97, 47), (97, 46), (97, 45), (97, 44), (97, 43), (97, 42), (97, 41), (97, 40), (96, 40), (95, 40), (94, 40), (93, 40), (92, 40), (91, 40), (90, 40), (89, 40), (88, 40), (87, 40), (86, 40), (85, 40), (84, 40), (83, 40), (82, 40), (81, 40), (80, 40), (79, 40), (78, 40), (77, 40), (76, 40), (75, 40), (74, 40), (73, 40), (72, 40), (71, 40), (70, 40), (69, 40), (68, 40), (67, 40), (66, 40), (65, 40), (64, 40), (63, 40), (62, 40), (61, 40), (60, 40), (59, 40), (58, 40), (57, 40), (56, 40), (55, 40), (54, 40), (54, 39), (54, 38), (54, 37), (54, 36), (54, 35), (54, 34), (54, 33), (54, 32), (54, 31), (54, 30), (54, 29), (54, 28), (54, 27), (54, 26), (54, 25), (54, 24), (54, 23), (54, 23)]}, 'target_assignment': {9851: {0}, 3780: {5}, 11278: {1}, 8880: {1}, 10330: {1}, 18075: {3}, 12572: {4}, 13986: {4}, 11282: {2}}, 'cluster_target_selection': {2: 11278, 1: 8880, 0: 12572}, 'num_nodes': 6, 'max_step': 140, 'Astar_time': 1.8223659992218018, 'num_conflicts': 0}