

CBSS-C STATS
starts:[202, 664, 888, 104, 185]
targets:[632, 658, 834, 499, 700, 742, 287, 800, 744, 439]
dests:[526, 203, 766, 612, 145]
ac_dict:{632: {0, 1}, 658: {1, 2}, 834: {2, 3}, 499: {3, 4}, 526: {0}, 203: {1}, 766: {2}, 612: {3}, 145: {4}}
clusters:[0 1 1 0 0 0 0 0 0 0]

round: 1
best_g_value: 82.0
open_list_size: 0
num_low_level_expanded: 256
search_success: 1
search_time: 0.06160983396694064
n_tsp_call: 1
n_tsp_time: 0.04902573861181736
n_roots: 1
num_conflicts: 0
target_assignment: {632: 1, 658: 1}
cluster_target_selection: {0: 632, 1: 658}
num_nodes_transformed_graph: 29
agent_paths:({0: [(10, 6), (11, 6), (12, 6), (13, 6), (13, 7), (13, 8), (13, 9), (14, 9), (14, 10), (14, 11), (14, 12), (14, 13), (14, 14), (14, 15), (14, 16), (14, 16)], 1: [(24, 20), (24, 19), (23, 19), (22, 19), (21, 19), (20, 19), (19, 19), (18, 19), (18, 20), (17, 20), (16, 20), (15, 20), (14, 20), (13, 20), (12, 20), (12, 19), (12, 18), (12, 17), (12, 16), (12, 15), (12, 14), (12, 13), (12, 12), (12, 11), (11, 11), (11, 10), (11, 9), (11, 8), (11, 7), (11, 6), (11, 6)], 2: [(24, 27), (24, 26), (24, 25), (24, 24), (25, 24), (26, 24), (27, 24), (28, 24), (29, 24), (29, 23), (30, 23), (30, 23)], 3: [(8, 3), (7, 3), (7, 4), (7, 5), (7, 6), (7, 7), (7, 8), (7, 9), (6, 9), (6, 10), (6, 11), (6, 12), (6, 13), (5, 13), (5, 14), (5, 15), (4, 15), (4, 16), (4, 17), (4, 18), (4, 19), (4, 19)], 4: [(25, 5), (24, 5), (23, 5), (23, 4), (22, 4), (21, 4), (20, 4), (19, 4), (18, 4), (17, 4), (17, 4)]}, 29)