

CBSS-C STATS
starts:[913, 151, 824, 481, 317]
targets:[921, 928, 843, 58, 886, 527, 535, 592, 792, 627, 291, 987, 946, 350, 749, 945, 332, 561, 493, 267, 523, 69, 1014, 179, 728, 126, 624, 24, 338, 161, 164, 534, 283, 30, 600, 32, 362, 889, 292, 790]
dests:[137, 608, 8, 943, 969]
ac_dict:{921: {0, 1}, 928: {1, 2}, 843: {2, 3}, 58: {3, 4}, 137: {0}, 608: {1}, 8: {2}, 943: {3}, 969: {4}}
clusters:[ 6  6  9  5 10  8 11  2 23  0 13 19 18  4 21 13 24  7  4  7 15 16 12 22
  2  3  5 14  1  3 12 10 20  9 11  8 14  1  0 17]

round: 1
best_g_value: 214.0
open_list_size: 0
num_low_level_expanded: 569
search_success: 1
search_time: 17.974401229999785
n_tsp_call: 1
n_tsp_time: 17.892022885999722
n_roots: 1
num_conflicts: 0
target_assignment: {945: 0, 946: 0, 987: 0, 921: 0, 889: 0, 886: 0, 790: 0, 627: 0, 592: 0, 527: 0, 493: 0, 332: 0, 523: 3, 843: 3, 179: 1, 69: 1, 164: 1, 161: 1, 792: 2, 362: 2, 283: 4, 535: 4, 561: 4, 624: 4, 749: 4}
cluster_target_selection: {13: 945, 18: 946, 19: 987, 6: 921, 1: 889, 10: 886, 17: 790, 0: 627, 2: 592, 8: 527, 4: 493, 24: 332, 15: 523, 9: 843, 22: 179, 16: 69, 12: 164, 3: 161, 23: 792, 14: 362, 20: 283, 11: 535, 7: 561, 5: 624, 21: 749}
num_nodes_transformed_graph: 198
agent_paths:({0: [(17, 28), (17, 29), (18, 29), (19, 29), (20, 29), (21, 29), (21, 30), (22, 30), (23, 30), (24, 30), (25, 30), (26, 30), (27, 30), (26, 30), (25, 30), (25, 29), (25, 28), (25, 27), (24, 27), (23, 27), (22, 27), (22, 26), (22, 25), (22, 24), (22, 23), (21, 23), (21, 22), (20, 22), (19, 22), (19, 21), (19, 20), (19, 19), (18, 19), (17, 19), (16, 19), (16, 18), (16, 17), (15, 17), (15, 16), (14, 16), (13, 16), (13, 15), (12, 15), (12, 14), (12, 13), (12, 12), (12, 11), (12, 10), (11, 10), (10, 10), (10, 9), (10, 8), (10, 7), (10, 6), (10, 5), (10, 4), (9, 4), (9, 4)], 1: [(23, 4), (22, 4), (21, 4), (20, 4), (19, 4), (19, 5), (18, 5), (17, 5), (16, 5), (15, 5), (14, 5), (13, 5), (12, 5), (11, 5), (10, 5), (10, 4), (9, 4), (8, 4), (7, 4), (6, 4), (5, 4), (5, 3), (5, 2), (4, 2), (4, 3), (4, 4), (4, 5), (3, 5), (2, 5), (1, 5), (1, 6), (1, 7), (1, 8), (1, 9), (1, 10), (1, 11), (1, 12), (1, 13), (1, 14), (1, 15), (1, 16), (1, 17), (2, 17), (2, 18), (2, 19), (1, 19), (0, 19), (0, 19)], 2: [(24, 25), (24, 24), (23, 24), (22, 24), (22, 23), (21, 23), (21, 22), (20, 22), (19, 22), (18, 22), (17, 22), (16, 22), (15, 22), (15, 21), (14, 21), (13, 21), (12, 21), (11, 21), (10, 21), (10, 20), (10, 19), (10, 18), (10, 17), (10, 16), (10, 15), (10, 14), (10, 13), (10, 12), (10, 11), (10, 10), (10, 9), (10, 8), (10, 7), (10, 6), (10, 5), (10, 4), (9, 4), (9, 3), (9, 2), (9, 1), (8, 1), (8, 0), (8, 0)], 3: [(1, 15), (2, 15), (3, 15), (4, 15), (5, 15), (6, 15), (7, 15), (7, 16), (8, 16), (9, 16), (10, 16), (11, 16), (11, 17), (11, 18), (11, 19), (11, 20), (11, 21), (11, 22), (11, 23), (11, 24), (11, 25), (11, 26), (12, 26), (13, 26), (13, 27), (14, 27), (15, 27), (15, 28), (15, 29), (15, 29)], 4: [(29, 9), (28, 9), (27, 9), (27, 8), (27, 9), (27, 10), (26, 10), (25, 10), (24, 10), (23, 10), (23, 11), (23, 12), (23, 13), (23, 14), (23, 15), (23, 16), (22, 16), (21, 16), (20, 16), (19, 16), (19, 17), (18, 17), (17, 17), (16, 17), (16, 18), (16, 19), (15, 19), (14, 19), (13, 19), (13, 20), (13, 21), (13, 22), (13, 23), (12, 23), (11, 23), (10, 23), (10, 24), (10, 25), (10, 26), (10, 27), (10, 28), (10, 29), (10, 30), (9, 30), (9, 30)]}, 56)