

CBSS-C STATS
starts:[331, 70, 891, 947, 651]
targets:[141, 75, 14, 19, 727, 971, 730, 349, 749, 710, 223, 194, 791, 483, 583, 925, 472, 130, 697, 715, 388, 953, 854, 260, 339, 239, 237, 38, 164, 451, 693, 40, 151, 696, 181, 876, 601, 556, 193, 28]
dests:[642, 564, 820, 403, 490]
ac_dict:{141: {0, 1}, 75: {1, 2}, 14: {2, 3}, 19: {3, 4}, 642: {0}, 564: {1}, 820: {2}, 403: {3}, 490: {4}}
clusters:[16  1 12  1 13  3  6 21 11  4 10  7 11 23 12  4  2  8 22 14 20 10  9 14
 13  2  7  6  0 17 24  8 18  0  5 15  5  9 19  3]

round: 1
best_g_value: 160.0
open_list_size: 0
num_low_level_expanded: 393
search_success: 1
search_time: 3.2628009680001924
n_tsp_call: 1
n_tsp_time: 3.22276611199959
n_roots: 1
num_conflicts: 0
target_assignment: {194: 0, 193: 0, 260: 0, 388: 0, 451: 0, 483: 0, 925: 2, 953: 2, 854: 2, 971: 3, 876: 3, 749: 3, 38: 1, 40: 1, 75: 1, 141: 1, 151: 1, 349: 1, 472: 1, 601: 1, 697: 1, 696: 1, 727: 1, 693: 1, 583: 4}
cluster_target_selection: {7: 194, 19: 193, 14: 260, 20: 388, 17: 451, 23: 483, 4: 925, 10: 953, 9: 854, 3: 971, 15: 876, 11: 749, 6: 38, 8: 40, 1: 75, 16: 141, 18: 151, 21: 349, 2: 472, 5: 601, 22: 697, 0: 696, 13: 727, 24: 693, 12: 583}
num_nodes_transformed_graph: 98
agent_paths:({0: [(11, 10), (10, 10), (9, 10), (8, 10), (7, 10), (6, 10), (5, 10), (4, 10), (3, 10), (3, 9), (3, 8), (3, 7), (2, 7), (2, 6), (1, 6), (2, 6), (3, 6), (3, 7), (4, 7), (4, 8), (4, 9), (4, 10), (4, 11), (4, 12), (3, 12), (3, 13), (3, 14), (3, 15), (2, 15), (2, 16), (2, 17), (2, 18), (2, 19), (2, 20), (2, 20)], 1: [(6, 2), (6, 1), (7, 1), (8, 1), (9, 1), (10, 1), (11, 1), (11, 2), (12, 2), (13, 2), (13, 3), (13, 4), (14, 4), (14, 5), (15, 5), (16, 5), (16, 4), (17, 4), (18, 4), (19, 4), (20, 4), (21, 4), (22, 4), (23, 4), (23, 5), (24, 5), (25, 5), (26, 5), (27, 5), (28, 5), (29, 5), (29, 6), (29, 7), (29, 8), (29, 9), (29, 10), (28, 10), (27, 10), (26, 10), (25, 10), (24, 10), (24, 11), (24, 12), (24, 13), (24, 14), (25, 14), (25, 15), (25, 16), (25, 17), (25, 18), (25, 19), (25, 20), (25, 21), (24, 21), (23, 21), (23, 22), (23, 21), (22, 21), (21, 21), (20, 21), (20, 20), (20, 19), (20, 18), (20, 17), (20, 17)], 2: [(27, 27), (28, 27), (29, 27), (29, 28), (28, 28), (27, 28), (26, 28), (25, 28), (25, 29), (24, 29), (23, 29), (23, 28), (23, 27), (22, 27), (22, 26), (22, 25), (21, 25), (20, 25), (20, 25)], 3: [(19, 29), (18, 29), (17, 29), (16, 29), (15, 29), (14, 29), (13, 29), (12, 29), (11, 29), (11, 30), (11, 29), (11, 28), (11, 27), (12, 27), (12, 26), (12, 25), (12, 24), (12, 23), (13, 23), (13, 22), (13, 21), (13, 20), (13, 19), (13, 18), (13, 17), (13, 16), (13, 15), (13, 14), (13, 13), (14, 13), (14, 12), (15, 12), (16, 12), (17, 12), (18, 12), (19, 12), (19, 12)], 4: [(11, 20), (10, 20), (9, 20), (8, 20), (7, 20), (7, 19), (7, 18), (7, 17), (7, 16), (8, 16), (9, 16), (9, 15), (10, 15), (10, 15)]}, 63)