

CBSS-C STATS
starts:[177, 190, 31, 0, 328]
targets:[353, 570, 809, 549, 673, 329, 497, 898, 435, 457]
dests:[902, 911, 907, 520, 961]
ac_dict:{353: {0, 1}, 570: {1, 2}, 809: {2, 3}, 549: {3, 4}, 902: {0}, 911: {1}, 907: {2}, 520: {3}, 961: {4}}
clusters:[1 3 3 2 2 4 4 0 4 2]

round: 1
best_g_value: 181.0
open_list_size: 0
num_low_level_expanded: 773
search_success: 1
search_time: 0.13081625429913402
n_tsp_call: 1
n_tsp_time: 0.10173137811943889
n_roots: 1
num_conflicts: 0
target_assignment: {353: 0, 549: 4, 898: 4, 435: 1, 570: 2}
cluster_target_selection: {1: 353, 2: 549, 0: 898, 4: 435, 3: 570}
num_nodes_transformed_graph: 48
agent_paths:({0: [(17, 5), (16, 5), (15, 5), (14, 5), (13, 5), (12, 5), (11, 5), (10, 5), (10, 6), (9, 6), (8, 6), (7, 6), (7, 7), (6, 7), (5, 7), (4, 7), (3, 7), (2, 7), (1, 7), (1, 8), (1, 9), (1, 10), (1, 11), (2, 11), (2, 12), (2, 13), (2, 14), (2, 15), (2, 16), (2, 17), (2, 18), (2, 19), (2, 20), (3, 20), (3, 21), (3, 22), (4, 22), (4, 23), (4, 24), (4, 25), (5, 25), (6, 25), (6, 26), (6, 27), (6, 28), (6, 28)], 1: [(30, 5), (29, 5), (28, 5), (27, 5), (26, 5), (25, 5), (24, 5), (23, 5), (23, 6), (22, 6), (21, 6), (20, 6), (20, 7), (20, 8), (20, 9), (19, 9), (19, 10), (19, 11), (19, 12), (19, 13), (18, 13), (17, 13), (16, 13), (16, 14), (16, 15), (16, 16), (16, 17), (16, 18), (16, 19), (15, 19), (15, 20), (15, 21), (15, 22), (15, 23), (15, 24), (15, 25), (15, 26), (15, 27), (15, 28), (15, 28)], 2: [(31, 0), (30, 0), (29, 0), (28, 0), (27, 0), (27, 1), (27, 2), (27, 3), (27, 4), (27, 5), (27, 6), (27, 7), (27, 8), (27, 9), (27, 10), (26, 10), (26, 11), (26, 12), (26, 13), (26, 14), (26, 15), (26, 16), (26, 17), (25, 17), (24, 17), (23, 17), (22, 17), (21, 17), (20, 17), (19, 17), (18, 17), (17, 17), (16, 17), (15, 17), (14, 17), (13, 17), (12, 17), (11, 17), (11, 18), (11, 19), (11, 20), (11, 21), (11, 22), (11, 23), (11, 24), (11, 25), (11, 26), (11, 27), (11, 28), (11, 28)], 3: [(0, 0), (1, 0), (2, 0), (3, 0), (4, 0), (5, 0), (5, 1), (5, 2), (5, 3), (5, 4), (5, 5), (5, 6), (5, 7), (5, 8), (5, 9), (6, 9), (6, 10), (6, 11), (6, 12), (6, 13), (6, 14), (6, 15), (7, 15), (7, 16), (8, 16), (8, 16)], 4: [(8, 10), (7, 10), (6, 10), (6, 11), (6, 12), (6, 13), (5, 13), (5, 14), (5, 15), (5, 16), (5, 17), (4, 17), (3, 17), (2, 17), (2, 18), (2, 19), (2, 20), (2, 21), (2, 22), (2, 23), (2, 24), (2, 25), (2, 26), (2, 27), (2, 28), (1, 28), (1, 29), (1, 30), (1, 30)]}, 48)