

CBSS-C STATS
starts:[484, 100, 103, 313, 522, 618, 991, 768, 972, 792]
targets:[23, 483, 990, 130, 984, 967, 969, 1008, 339, 567]
dests:[933, 222, 378, 466, 551, 308, 620, 1012, 1007, 348]
ac_dict:{23: {0, 1}, 483: {1, 2}, 990: {2, 3}, 130: {3, 4}, 984: {4, 5}, 967: {5, 6}, 969: {6, 7}, 1008: {8, 7}, 339: {8, 9}, 933: {0}, 222: {1}, 378: {2}, 466: {3}, 551: {4}, 308: {5}, 620: {6}, 1012: {7}, 1007: {8}, 348: {9}}
clusters:[0 3 1 0 3 3 0 1 4 2]

round: 12
best_g_value: 213.0
open_list_size: 11
num_low_level_expanded: 3033
search_success: 1
search_time: 3.2332833618856966
n_tsp_call: 15
n_tsp_time: 2.893737700302154
n_roots: 1
num_conflicts: 11
target_assignment: {969: 7, 1008: 7, 967: 6, 567: 9, 339: 9}
cluster_target_selection: {0: 969, 1: 1008, 3: 967, 2: 567, 4: 339}
num_nodes_transformed_graph: 48
agent_paths:({0: [(4, 15), (5, 15), (5, 16), (5, 17), (5, 18), (5, 19), (5, 20), (5, 21), (5, 22), (5, 23), (4, 23), (4, 24), (4, 25), (5, 25), (5, 26), (5, 27), (5, 28), (5, 29), (5, 29)], 1: [(4, 3), (5, 3), (6, 3), (7, 3), (8, 3), (9, 3), (10, 3), (11, 3), (12, 3), (13, 3), (14, 3), (14, 4), (14, 5), (15, 5), (16, 5), (17, 5), (18, 5), (19, 5), (19, 6), (20, 6), (21, 6), (22, 6), (23, 6), (24, 6), (25, 6), (26, 6), (27, 6), (28, 6), (29, 6), (30, 6), (30, 6)], 2: [(7, 3), (8, 3), (9, 3), (10, 3), (11, 3), (12, 3), (13, 3), (14, 3), (14, 4), (14, 5), (15, 5), (16, 5), (17, 5), (18, 5), (19, 5), (19, 6), (20, 6), (21, 6), (22, 6), (22, 7), (22, 8), (23, 8), (24, 8), (24, 9), (24, 10), (24, 11), (25, 11), (26, 11), (26, 11)], 3: [(25, 9), (24, 9), (23, 9), (22, 9), (21, 9), (20, 9), (19, 9), (18, 9), (18, 10), (18, 11), (18, 12), (18, 13), (18, 14), (18, 14)], 4: [(10, 16), (9, 16), (8, 16), (7, 16), (7, 17), (7, 17)], 5: [(10, 19), (10, 18), (10, 17), (10, 16), (10, 15), (10, 14), (10, 13), (10, 12), (10, 11), (10, 10), (11, 10), (12, 10), (13, 10), (13, 9), (14, 9), (15, 9), (16, 9), (17, 9), (18, 9), (19, 9), (20, 9), (20, 9)], 6: [(31, 30), (30, 30), (29, 30), (28, 30), (27, 30), (26, 30), (25, 30), (24, 30), (23, 30), (22, 30), (21, 30), (20, 30), (19, 30), (18, 30), (17, 30), (16, 30), (16, 29), (15, 29), (14, 29), (13, 29), (12, 29), (11, 29), (10, 29), (10, 30), (9, 30), (8, 30), (7, 30), (7, 29), (7, 28), (8, 28), (8, 27), (8, 26), (8, 25), (8, 24), (8, 23), (8, 22), (8, 21), (8, 20), (8, 19), (9, 19), (10, 19), (11, 19), (12, 19), (12, 19)], 7: [(0, 24), (1, 24), (2, 24), (3, 24), (4, 24), (4, 25), (5, 25), (6, 25), (7, 25), (8, 25), (8, 26), (8, 27), (8, 28), (8, 29), (8, 30), (9, 30), (10, 30), (11, 30), (12, 30), (13, 30), (14, 30), (14, 29), (15, 29), (16, 29), (16, 30), (16, 31), (17, 31), (18, 31), (19, 31), (20, 31), (20, 31)], 8: [(12, 30), (13, 30), (14, 30), (14, 31), (15, 31), (15, 31)], 9: [(24, 24), (24, 23), (24, 22), (23, 22), (23, 21), (23, 20), (23, 19), (23, 18), (23, 17), (22, 17), (21, 17), (20, 17), (19, 17), (19, 16), (19, 15), (19, 14), (19, 13), (19, 12), (19, 11), (19, 10), (20, 10), (21, 10), (22, 10), (23, 10), (23, 10), (24, 10), (25, 10), (26, 10), (27, 10), (28, 10), (28, 10)]}, 42)