

CBSS-C STATS
starts:[985, 309, 52, 332, 618]
targets:[400, 646, 357, 657, 613, 242, 216, 934, 990, 861]
dests:[799, 422, 163, 731, 273]
ac_dict:{400: {0, 1}, 646: {1, 2}, 357: {2, 3}, 657: {3, 4}, 799: {0}, 422: {1}, 163: {2}, 731: {3}, 273: {4}}
clusters:[4 0 1 0 1 4 4 4 2 3]

round: 2
best_g_value: 111.0
open_list_size: 1
num_low_level_expanded: 526
search_success: 1
search_time: 0.08916776301339269
n_tsp_call: 1
n_tsp_time: 0.06956609198823571
n_roots: 1
num_conflicts: 1
target_assignment: {990: 0, 861: 0, 657: 3, 242: 2, 357: 2}
cluster_target_selection: {2: 990, 3: 861, 0: 657, 4: 242, 1: 357}
num_nodes_transformed_graph: 29
agent_paths:({0: [(25, 30), (26, 30), (27, 30), (28, 30), (29, 30), (30, 30), (29, 30), (29, 29), (29, 28), (29, 27), (29, 26), (29, 25), (29, 24), (30, 24), (31, 24), (31, 24)], 1: [(21, 9), (20, 9), (19, 9), (18, 9), (17, 9), (16, 9), (15, 9), (14, 9), (13, 9), (13, 10), (12, 10), (11, 10), (10, 10), (9, 10), (8, 10), (7, 10), (6, 10), (6, 11), (6, 12), (6, 13), (6, 13)], 2: [(20, 1), (20, 2), (20, 3), (19, 3), (18, 3), (18, 4), (18, 5), (18, 6), (18, 7), (17, 7), (16, 7), (15, 7), (14, 7), (13, 7), (12, 7), (11, 7), (10, 7), (9, 7), (9, 8), (8, 8), (7, 8), (7, 9), (6, 9), (5, 9), (5, 10), (5, 11), (4, 11), (3, 11), (3, 10), (3, 9), (3, 8), (3, 7), (3, 6), (3, 5), (3, 5)], 3: [(12, 10), (13, 10), (14, 10), (15, 10), (16, 10), (16, 11), (16, 12), (16, 13), (16, 14), (16, 15), (16, 16), (16, 17), (16, 18), (16, 19), (17, 19), (17, 20), (18, 20), (19, 20), (20, 20), (21, 20), (22, 20), (23, 20), (24, 20), (25, 20), (26, 20), (27, 20), (27, 21), (27, 22), (27, 22)], 4: [(10, 19), (10, 18), (10, 17), (10, 16), (10, 15), (10, 14), (10, 13), (10, 12), (10, 11), (11, 11), (12, 11), (12, 10), (13, 10), (13, 9), (14, 9), (15, 9), (16, 9), (16, 8), (17, 8), (17, 8)]}, 33)