

CBSS-C STATS
starts:[342, 931, 977, 961, 627]
targets:[449, 56, 349, 21, 551, 181, 1011, 747, 981, 466]
dests:[93, 555, 154, 295, 110]
ac_dict:{449: {0, 1}, 56: {1, 2}, 349: {2, 3}, 21: {3, 4}, 93: {0}, 555: {1}, 154: {2}, 295: {3}, 110: {4}}
clusters:[1 0 0 1 1 1 0 1 1 0]

round: 1
best_g_value: 118.0
open_list_size: 0
num_low_level_expanded: 508
search_success: 1
search_time: 0.07567411381751299
n_tsp_call: 1
n_tsp_time: 0.06229005288332701
n_roots: 1
num_conflicts: 0
target_assignment: {551: 1, 466: 4}
cluster_target_selection: {1: 551, 0: 466}
num_nodes_transformed_graph: 29
agent_paths:({0: [(22, 10), (22, 9), (22, 8), (22, 7), (22, 6), (23, 6), (23, 5), (23, 4), (23, 3), (24, 3), (25, 3), (26, 3), (27, 3), (27, 2), (28, 2), (29, 2), (29, 2)], 1: [(3, 29), (4, 29), (4, 28), (4, 27), (4, 26), (4, 25), (4, 24), (4, 23), (4, 22), (5, 22), (5, 21), (5, 20), (5, 19), (5, 18), (5, 17), (6, 17), (7, 17), (8, 17), (9, 17), (10, 17), (11, 17), (11, 17)], 2: [(17, 30), (17, 29), (17, 28), (17, 27), (17, 26), (17, 25), (17, 24), (17, 23), (17, 22), (17, 21), (17, 20), (17, 19), (18, 19), (18, 18), (18, 17), (19, 17), (19, 16), (19, 15), (19, 14), (19, 13), (19, 12), (19, 11), (19, 10), (19, 9), (20, 9), (20, 8), (20, 7), (20, 6), (21, 6), (22, 6), (23, 6), (23, 5), (24, 5), (25, 5), (25, 4), (26, 4), (26, 4)], 3: [(1, 30), (1, 29), (1, 28), (1, 27), (2, 27), (2, 26), (2, 25), (2, 24), (2, 23), (2, 22), (2, 21), (2, 20), (2, 19), (2, 18), (2, 17), (2, 16), (2, 15), (2, 14), (2, 13), (2, 12), (2, 11), (2, 10), (2, 9), (3, 9), (4, 9), (5, 9), (6, 9), (7, 9), (7, 9)], 4: [(19, 19), (19, 18), (19, 17), (19, 16), (19, 15), (18, 15), (18, 14), (17, 14), (16, 14), (16, 13), (16, 12), (16, 11), (16, 10), (16, 9), (16, 8), (16, 7), (15, 7), (14, 7), (14, 6), (14, 5), (14, 4), (14, 3), (14, 3)]}, 35)