

CBSS-C STATS
starts:[379, 647, 321, 794, 356]
targets:[861, 466, 230, 1016, 906, 662, 187, 1019, 171, 946, 326, 319, 864, 1011, 955, 49, 141, 295, 28, 285, 432, 529, 511, 51, 819, 404, 744, 307, 137, 817, 753, 721, 461, 962, 921, 118, 851, 654, 589, 847]
dests:[110, 310, 208, 561, 535]
ac_dict:{861: {0, 1}, 466: {1, 2}, 230: {2, 3}, 1016: {3, 4}, 110: {0}, 310: {1}, 208: {2}, 561: {3}, 535: {4}}
clusters:[17  7  8  1 11  3 14  9  9 24  5 22  0 13 23  5  2 18 12 15 11  6 12  1
  6 19 10 14 20  0  4  2  8  3  7 21 16 10  4 13]

round: 1
best_g_value: 172.0
open_list_size: 0
num_low_level_expanded: 406
search_success: 1
search_time: 17.814092353000433
n_tsp_call: 1
n_tsp_time: 17.739166109000053
n_roots: 1
num_conflicts: 0
target_assignment: {319: 0, 285: 0, 187: 0, 118: 0, 51: 0, 326: 2, 295: 2, 137: 2, 171: 2, 662: 3, 654: 1, 721: 1, 753: 1, 817: 1, 819: 1, 851: 1, 946: 1, 1011: 1, 921: 1, 955: 1, 861: 1, 511: 1, 461: 4, 432: 4, 404: 4}
cluster_target_selection: {22: 319, 15: 285, 14: 187, 21: 118, 1: 51, 5: 326, 18: 295, 20: 137, 9: 171, 3: 662, 10: 654, 2: 721, 4: 753, 0: 817, 6: 819, 16: 851, 24: 946, 13: 1011, 7: 921, 23: 955, 17: 861, 12: 511, 8: 461, 11: 432, 19: 404}
num_nodes_transformed_graph: 198
agent_paths:({0: [(27, 11), (27, 10), (27, 9), (28, 9), (29, 9), (30, 9), (31, 9), (30, 9), (29, 9), (29, 8), (28, 8), (27, 8), (27, 7), (27, 6), (27, 5), (26, 5), (25, 5), (24, 5), (23, 5), (23, 4), (22, 4), (22, 3), (21, 3), (20, 3), (20, 2), (20, 1), (19, 1), (18, 1), (17, 1), (16, 1), (15, 1), (14, 1), (14, 2), (14, 3), (14, 3)], 1: [(7, 20), (8, 20), (9, 20), (10, 20), (11, 20), (12, 20), (13, 20), (14, 20), (15, 20), (16, 20), (17, 20), (17, 21), (17, 22), (17, 23), (17, 24), (17, 25), (18, 25), (19, 25), (19, 26), (18, 26), (18, 27), (18, 28), (18, 29), (19, 29), (19, 30), (19, 31), (19, 30), (20, 30), (21, 30), (22, 30), (23, 30), (23, 29), (23, 28), (24, 28), (25, 28), (26, 28), (27, 28), (27, 29), (27, 28), (27, 27), (28, 27), (29, 27), (29, 26), (29, 25), (29, 24), (29, 23), (29, 22), (29, 21), (29, 20), (29, 19), (29, 18), (29, 17), (29, 16), (29, 15), (30, 15), (31, 15), (30, 15), (29, 15), (28, 15), (27, 15), (26, 15), (25, 15), (24, 15), (23, 15), (22, 15), (22, 14), (22, 13), (22, 12), (22, 11), (22, 10), (22, 9), (22, 9)], 2: [(1, 10), (2, 10), (3, 10), (4, 10), (5, 10), (6, 10), (6, 9), (7, 9), (7, 8), (7, 7), (7, 6), (7, 5), (7, 4), (8, 4), (9, 4), (10, 4), (11, 4), (11, 5), (12, 5), (13, 5), (14, 5), (15, 5), (16, 5), (16, 6), (16, 6)], 3: [(26, 24), (25, 24), (24, 24), (24, 23), (24, 22), (23, 22), (23, 21), (22, 21), (22, 20), (21, 20), (20, 20), (19, 20), (18, 20), (18, 19), (18, 18), (18, 17), (17, 17), (17, 17)], 4: [(4, 11), (5, 11), (6, 11), (6, 12), (6, 13), (7, 13), (8, 13), (8, 12), (9, 12), (10, 12), (10, 13), (10, 14), (11, 14), (12, 14), (13, 14), (13, 13), (14, 13), (15, 13), (16, 13), (16, 12), (17, 12), (18, 12), (19, 12), (20, 12), (21, 12), (22, 12), (23, 12), (23, 13), (23, 14), (23, 15), (23, 16), (23, 16)]}, 70)