

CBSS-C STATS
starts:[35, 436, 245, 811, 48]
targets:[623, 787, 597, 879, 685, 541, 2, 526, 537, 806, 983, 115, 9, 617, 711, 160, 22, 76, 724, 65, 581, 227, 387, 134, 828, 939, 986, 149, 981, 51, 45, 945, 163, 223, 709, 55, 998, 653, 73, 114]
dests:[765, 839, 492, 625, 67]
ac_dict:{623: {0, 1}, 787: {1, 2}, 597: {2, 3}, 879: {3, 4}, 765: {0}, 839: {1}, 492: {2}, 625: {3}, 67: {4}}
clusters:[ 3 18 12 10 12  1  5 13  7  2  8 11  2 14  7 15 11  0  1 14  9  3 22 21
 17  4 23 13  4  9 20 24  8 16 10  5  0  6 19  6]

round: 1
best_g_value: 187.0
open_list_size: 0
num_low_level_expanded: 412
search_success: 1
search_time: 3.22743252500004
n_tsp_call: 1
n_tsp_time: 3.1793808339998577
n_roots: 1
num_conflicts: 0
target_assignment: {2: 0, 65: 0, 160: 0, 227: 0, 387: 0, 685: 0, 945: 0, 981: 0, 983: 0, 986: 0, 828: 0, 114: 4, 115: 4, 51: 4, 45: 4, 76: 4, 73: 4, 134: 4, 787: 1, 806: 1, 879: 3, 223: 2, 541: 2, 537: 2, 526: 2}
cluster_target_selection: {5: 2, 14: 65, 15: 160, 3: 227, 22: 387, 12: 685, 24: 945, 4: 981, 8: 983, 23: 986, 17: 828, 6: 114, 11: 115, 9: 51, 20: 45, 0: 76, 19: 73, 21: 134, 18: 787, 2: 806, 10: 879, 16: 223, 1: 541, 7: 537, 13: 526}
num_nodes_transformed_graph: 100
agent_paths:({0: [(3, 1), (2, 1), (2, 0), (1, 0), (1, 1), (1, 2), (1, 3), (1, 4), (1, 5), (0, 5), (1, 5), (2, 5), (3, 5), (3, 6), (3, 7), (3, 8), (3, 9), (3, 10), (3, 11), (3, 12), (4, 12), (4, 13), (5, 13), (6, 13), (6, 14), (6, 15), (7, 15), (7, 16), (8, 16), (9, 16), (10, 16), (11, 16), (12, 16), (13, 16), (13, 17), (13, 18), (13, 19), (13, 20), (13, 21), (14, 21), (15, 21), (16, 21), (17, 21), (17, 22), (17, 23), (17, 24), (17, 25), (17, 26), (17, 27), (17, 28), (17, 29), (18, 29), (19, 29), (20, 29), (21, 29), (21, 30), (22, 30), (23, 30), (24, 30), (25, 30), (26, 30), (26, 29), (26, 28), (26, 27), (26, 26), (26, 25), (27, 25), (28, 25), (28, 24), (29, 24), (29, 23), (29, 23)], 1: [(20, 13), (19, 13), (19, 14), (19, 15), (19, 16), (19, 17), (19, 18), (19, 19), (19, 20), (19, 21), (19, 22), (19, 23), (19, 24), (18, 24), (17, 24), (16, 24), (15, 24), (14, 24), (13, 24), (12, 24), (11, 24), (10, 24), (9, 24), (8, 24), (7, 24), (7, 25), (6, 25), (7, 25), (7, 26), (7, 26)], 2: [(21, 7), (21, 6), (22, 6), (23, 6), (24, 6), (25, 6), (26, 6), (27, 6), (28, 6), (29, 6), (30, 6), (31, 6), (30, 6), (29, 6), (29, 7), (29, 8), (29, 9), (29, 10), (29, 11), (29, 12), (29, 13), (29, 14), (29, 15), (29, 16), (28, 16), (27, 16), (26, 16), (25, 16), (24, 16), (23, 16), (22, 16), (21, 16), (20, 16), (19, 16), (19, 15), (18, 15), (17, 15), (16, 15), (16, 16), (15, 16), (14, 16), (13, 16), (12, 16), (12, 15), (12, 15)], 3: [(11, 25), (12, 25), (13, 25), (14, 25), (15, 25), (15, 26), (15, 27), (15, 26), (15, 25), (15, 24), (15, 23), (15, 22), (15, 21), (15, 20), (15, 19), (16, 19), (17, 19), (17, 19)], 4: [(16, 1), (17, 1), (17, 2), (17, 3), (18, 3), (19, 3), (20, 3), (20, 2), (20, 1), (19, 1), (18, 1), (17, 1), (16, 1), (15, 1), (14, 1), (13, 1), (12, 1), (12, 2), (11, 2), (10, 2), (9, 2), (9, 3), (8, 3), (7, 3), (6, 3), (6, 4), (5, 4), (4, 4), (3, 4), (3, 3), (3, 2), (3, 2)]}, 70)