

CBSS-C STATS
starts:[476, 606, 348, 652, 28]
targets:[226, 43, 876, 730, 531, 255, 457, 50, 190, 758, 635, 614, 804, 272, 984, 677, 144, 323, 1, 924, 795, 101, 228, 552, 602, 617, 778, 783, 568, 994, 225, 601, 739, 170, 32, 661, 631, 728, 990, 919, 564, 370, 47, 925, 558, 721, 141, 106, 179, 64]
dests:[625, 877, 809, 68, 375]
ac_dict:{226: {0, 1}, 43: {1, 2}, 876: {2, 3}, 730: {3, 4}, 625: {0}, 877: {1}, 809: {2}, 68: {3}, 375: {4}}
clusters:[17 13  9  1 10  9 36 35  7 32 31 24  0  4 30  6 38 12 39  7  5  0 28  3
 29  1 20  2 27  4 23 33 15  6 37 25 18 16 19 14  2  8 34 11 26 22 21  3
  5  8]

round: 1
best_g_value: 234.0
open_list_size: 0
num_low_level_expanded: 448
search_success: 1
search_time: 49.64303282699984
n_tsp_call: 1
n_tsp_time: 49.52546449100009
n_roots: 1
num_conflicts: 0
target_assignment: {568: 0, 728: 0, 758: 0, 721: 0, 558: 3, 141: 3, 106: 3, 101: 3, 602: 1, 601: 1, 631: 1, 661: 1, 564: 1, 531: 1, 370: 1, 272: 1, 144: 1, 50: 1, 47: 1, 43: 1, 32: 1, 1: 1, 225: 1, 226: 1, 228: 1, 323: 1, 457: 1, 617: 1, 614: 1, 677: 1, 739: 1, 778: 1, 635: 2, 795: 2, 924: 2, 925: 2, 990: 2, 984: 2, 919: 2, 876: 2}
cluster_target_selection: {27: 568, 16: 728, 32: 758, 22: 721, 26: 558, 21: 141, 3: 106, 0: 101, 29: 602, 33: 601, 18: 631, 25: 661, 2: 564, 10: 531, 8: 370, 4: 272, 38: 144, 35: 50, 34: 47, 13: 43, 37: 32, 39: 1, 23: 225, 17: 226, 28: 228, 12: 323, 36: 457, 1: 617, 24: 614, 6: 677, 15: 739, 20: 778, 31: 635, 5: 795, 7: 924, 11: 925, 19: 990, 30: 984, 14: 919, 9: 876}
num_nodes_transformed_graph: 248
agent_paths:({0: [(28, 14), (27, 14), (26, 14), (25, 14), (24, 14), (24, 15), (24, 16), (24, 17), (24, 18), (24, 19), (24, 20), (24, 21), (24, 22), (24, 23), (24, 24), (23, 24), (22, 24), (22, 23), (21, 23), (21, 22), (20, 22), (19, 22), (18, 22), (17, 22), (17, 21), (17, 20), (17, 19), (17, 19)], 1: [(30, 18), (29, 18), (28, 18), (27, 18), (26, 18), (25, 18), (24, 18), (23, 18), (23, 19), (22, 19), (21, 19), (21, 20), (20, 20), (20, 19), (20, 18), (20, 17), (19, 17), (19, 16), (19, 15), (18, 15), (18, 14), (18, 13), (18, 12), (18, 11), (17, 11), (16, 11), (16, 10), (16, 9), (16, 8), (16, 7), (16, 6), (16, 5), (16, 4), (16, 3), (16, 2), (16, 1), (17, 1), (18, 1), (17, 1), (16, 1), (15, 1), (14, 1), (13, 1), (12, 1), (11, 1), (10, 1), (9, 1), (8, 1), (7, 1), (6, 1), (5, 1), (4, 1), (3, 1), (2, 1), (1, 1), (0, 1), (0, 0), (1, 0), (1, 1), (1, 2), (1, 3), (1, 4), (1, 5), (1, 6), (1, 7), (2, 7), (3, 7), (4, 7), (3, 7), (3, 8), (3, 9), (3, 10), (4, 10), (5, 10), (6, 10), (7, 10), (8, 10), (9, 10), (9, 11), (9, 12), (10, 12), (10, 13), (10, 14), (9, 14), (9, 15), (9, 16), (9, 17), (9, 18), (9, 19), (8, 19), (7, 19), (6, 19), (5, 19), (5, 20), (5, 21), (5, 22), (4, 22), (3, 22), (3, 23), (4, 23), (5, 23), (6, 23), (7, 23), (8, 23), (9, 23), (10, 23), (10, 24), (11, 24), (12, 24), (13, 24), (13, 25), (13, 26), (13, 27), (13, 27)], 2: [(28, 10), (28, 11), (28, 12), (28, 13), (27, 13), (27, 14), (27, 15), (27, 16), (27, 17), (27, 18), (27, 19), (27, 20), (27, 21), (27, 22), (27, 23), (27, 24), (27, 25), (27, 26), (27, 27), (28, 27), (28, 28), (29, 28), (30, 28), (30, 29), (30, 30), (29, 30), (28, 30), (27, 30), (26, 30), (25, 30), (24, 30), (23, 30), (23, 29), (23, 28), (23, 27), (22, 27), (21, 27), (20, 27), (19, 27), (18, 27), (17, 27), (16, 27), (15, 27), (14, 27), (13, 27), (12, 27), (11, 27), (10, 27), (9, 27), (9, 26), (9, 25), (9, 25)], 3: [(12, 20), (12, 19), (12, 18), (12, 17), (13, 17), (14, 17), (14, 16), (14, 15), (14, 14), (14, 13), (14, 12), (14, 11), (14, 10), (13, 10), (13, 9), (13, 8), (13, 7), (13, 6), (13, 5), (13, 4), (12, 4), (11, 4), (10, 4), (10, 3), (9, 3), (8, 3), (7, 3), (6, 3), (5, 3), (4, 3), (4, 2), (4, 2)], 4: [(28, 0), (27, 0), (27, 1), (27, 2), (27, 3), (26, 3), (25, 3), (25, 4), (25, 5), (25, 6), (25, 7), (25, 8), (24, 8), (23, 8), (23, 9), (23, 10), (23, 11), (23, 11)]}, 112)