

CBSS-C STATS
starts:[226, 612, 571, 724, 465]
targets:[650, 371, 124, 802, 893, 532, 67, 741, 414, 447]
dests:[56, 658, 563, 1016, 939]
ac_dict:{650: {0, 1}, 371: {1, 2}, 124: {2, 3}, 802: {3, 4}, 56: {0}, 658: {1}, 563: {2}, 1016: {3}, 939: {4}}
clusters:[0 1 1 1 0 1 1 1 1 1]

round: 1
best_g_value: 87.0
open_list_size: 0
num_low_level_expanded: 291
search_success: 1
search_time: 0.052399978041648865
n_tsp_call: 1
n_tsp_time: 0.039079357869923115
n_roots: 1
num_conflicts: 0
target_assignment: {650: 1, 532: 2}
cluster_target_selection: {0: 650, 1: 532}
num_nodes_transformed_graph: 29
agent_paths:({0: [(2, 7), (3, 7), (4, 7), (5, 7), (6, 7), (7, 7), (7, 6), (8, 6), (9, 6), (10, 6), (10, 5), (11, 5), (12, 5), (13, 5), (14, 5), (15, 5), (16, 5), (16, 4), (16, 3), (17, 3), (18, 3), (19, 3), (20, 3), (20, 2), (21, 2), (22, 2), (22, 1), (23, 1), (24, 1), (24, 1)], 1: [(4, 19), (5, 19), (6, 19), (7, 19), (8, 19), (9, 19), (10, 19), (10, 20), (11, 20), (12, 20), (13, 20), (14, 20), (15, 20), (16, 20), (17, 20), (18, 20), (18, 20)], 2: [(27, 17), (26, 17), (25, 17), (24, 17), (23, 17), (22, 17), (21, 17), (20, 17), (20, 16), (19, 16), (19, 17), (19, 17)], 3: [(20, 22), (21, 22), (21, 23), (22, 23), (22, 24), (23, 24), (24, 24), (24, 25), (24, 26), (24, 27), (24, 28), (24, 29), (24, 30), (24, 31), (24, 31)], 4: [(17, 14), (16, 14), (15, 14), (14, 14), (13, 14), (12, 14), (11, 14), (11, 15), (11, 16), (11, 17), (11, 18), (11, 19), (11, 20), (11, 21), (11, 22), (11, 23), (11, 24), (11, 25), (11, 26), (11, 27), (11, 28), (11, 29), (11, 29)]}, 28)