

CBSS-C STATS
starts:[293, 699, 173, 252, 771]
targets:[97, 517, 753, 424, 353, 1016, 186, 123, 656, 907]
dests:[244, 892, 89, 9, 225]
ac_dict:{97: {0, 1}, 517: {1, 2}, 753: {2, 3}, 424: {3, 4}, 244: {0}, 892: {1}, 89: {2}, 9: {3}, 225: {4}}
clusters:[0 0 1 0 0 1 0 0 0 1]

round: 1
best_g_value: 98.0
open_list_size: 0
num_low_level_expanded: 239
search_success: 1
search_time: 0.05578583898022771
n_tsp_call: 1
n_tsp_time: 0.047747695818543434
n_roots: 1
num_conflicts: 0
target_assignment: {186: 3, 1016: 1}
cluster_target_selection: {0: 186, 1: 1016}
num_nodes_transformed_graph: 28
agent_paths:({0: [(5, 9), (6, 9), (7, 9), (7, 8), (8, 8), (9, 8), (9, 7), (10, 7), (11, 7), (12, 7), (13, 7), (14, 7), (15, 7), (16, 7), (17, 7), (18, 7), (19, 7), (20, 7), (20, 7)], 1: [(27, 21), (26, 21), (25, 21), (24, 21), (24, 22), (24, 23), (24, 24), (24, 25), (24, 26), (24, 27), (24, 28), (24, 29), (24, 30), (24, 31), (24, 30), (24, 29), (24, 28), (24, 27), (25, 27), (26, 27), (27, 27), (28, 27), (28, 27)], 2: [(13, 5), (14, 5), (15, 5), (16, 5), (16, 4), (16, 3), (17, 3), (18, 3), (19, 3), (20, 3), (20, 2), (21, 2), (22, 2), (23, 2), (24, 2), (25, 2), (25, 2)], 3: [(28, 7), (27, 7), (26, 7), (26, 6), (26, 5), (25, 5), (24, 5), (23, 5), (23, 4), (22, 4), (21, 4), (20, 4), (19, 4), (18, 4), (17, 4), (16, 4), (16, 3), (16, 2), (16, 1), (15, 1), (14, 1), (13, 1), (12, 1), (11, 1), (10, 1), (9, 1), (9, 0), (9, 0)], 4: [(3, 24), (2, 24), (2, 23), (2, 22), (2, 21), (2, 20), (2, 19), (2, 18), (2, 17), (1, 17), (1, 16), (1, 15), (1, 14), (1, 13), (1, 12), (1, 11), (1, 10), (1, 9), (1, 8), (1, 7), (1, 7)]}, 26)