

CBSS-C STATS
starts:[686, 510, 999, 20, 627]
targets:[667, 913, 21, 215, 997, 862, 639, 626, 193, 211, 674, 388, 355, 775, 301, 539, 751, 1023, 671, 641, 584, 521, 804, 1007, 792, 329, 990, 78, 394, 492, 740, 392, 218, 932, 413, 224, 837, 993, 531, 466, 39, 70, 3, 298, 367, 37, 433, 840, 1001, 985]
dests:[735, 542, 478, 657, 841]
ac_dict:{667: {0, 1}, 913: {1, 2}, 21: {2, 3}, 215: {3, 4}, 735: {0}, 542: {1}, 478: {2}, 657: {3}, 841: {4}}
clusters:[34 23 31 29  4  4  9  3  8 14  5  3 33  2  1 20  2 10 26 18 17 12 28 19
  8  5  6  7 39 30 13 35  9 22  1 38  0 11  0 24 21 36 15 32 27 25 16  6
 37  7]

round: 1
best_g_value: 229.0
open_list_size: 0
num_low_level_expanded: 462
search_success: 1
search_time: 43.325325866999265
n_tsp_call: 1
n_tsp_time: 43.205924025998684
n_roots: 1
num_conflicts: 0
target_assignment: {667: 0, 21: 3, 215: 3, 211: 3, 367: 3, 433: 3, 466: 3, 531: 3, 626: 3, 1001: 2, 1007: 2, 913: 2, 985: 2, 1023: 2, 862: 2, 671: 2, 639: 2, 539: 2, 413: 2, 584: 4, 521: 4, 492: 4, 392: 4, 394: 4, 298: 4, 39: 4, 70: 4, 37: 4, 3: 4, 193: 4, 224: 4, 355: 4, 641: 4, 674: 4, 993: 4, 932: 4, 804: 4, 740: 4, 775: 4, 840: 4}
cluster_target_selection: {34: 667, 31: 21, 29: 215, 14: 211, 27: 367, 16: 433, 24: 466, 0: 531, 3: 626, 37: 1001, 19: 1007, 23: 913, 7: 985, 10: 1023, 4: 862, 26: 671, 9: 639, 20: 539, 1: 413, 17: 584, 12: 521, 30: 492, 35: 392, 39: 394, 32: 298, 21: 39, 36: 70, 25: 37, 15: 3, 8: 193, 38: 224, 33: 355, 18: 641, 5: 674, 11: 993, 22: 932, 28: 804, 13: 740, 2: 775, 6: 840}
num_nodes_transformed_graph: 248
agent_paths:({0: [(14, 21), (14, 20), (15, 20), (16, 20), (17, 20), (18, 20), (19, 20), (20, 20), (21, 20), (22, 20), (23, 20), (24, 20), (25, 20), (26, 20), (27, 20), (28, 20), (29, 20), (29, 21), (29, 22), (30, 22), (31, 22), (31, 22)], 1: [(30, 15), (30, 16), (30, 16)], 2: [(7, 31), (8, 31), (9, 31), (10, 31), (11, 31), (12, 31), (13, 31), (14, 31), (15, 31), (16, 31), (16, 30), (16, 29), (16, 28), (17, 28), (18, 28), (19, 28), (20, 28), (20, 29), (21, 29), (21, 30), (22, 30), (23, 30), (24, 30), (25, 30), (26, 30), (27, 30), (28, 30), (29, 30), (30, 30), (31, 30), (31, 31), (30, 31), (30, 30), (30, 29), (30, 28), (30, 27), (30, 26), (30, 25), (30, 24), (30, 23), (30, 22), (29, 22), (29, 21), (29, 20), (30, 20), (31, 20), (31, 19), (30, 19), (29, 19), (29, 18), (28, 18), (27, 18), (27, 17), (27, 16), (27, 15), (27, 14), (27, 13), (28, 13), (28, 12), (29, 12), (29, 13), (29, 14), (30, 14), (30, 14)], 3: [(20, 0), (21, 0), (22, 0), (23, 0), (23, 1), (23, 2), (23, 3), (23, 4), (23, 5), (23, 6), (22, 6), (21, 6), (20, 6), (19, 6), (18, 6), (17, 6), (16, 6), (16, 7), (16, 8), (16, 9), (15, 9), (15, 10), (15, 11), (16, 11), (17, 11), (17, 12), (17, 13), (18, 13), (18, 14), (19, 14), (19, 15), (19, 16), (19, 17), (18, 17), (18, 18), (18, 19), (17, 19), (17, 20), (17, 20)], 4: [(19, 19), (18, 19), (17, 19), (16, 19), (15, 19), (14, 19), (13, 19), (12, 19), (11, 19), (10, 19), (9, 19), (8, 19), (8, 18), (8, 17), (8, 16), (9, 16), (9, 15), (10, 15), (11, 15), (12, 15), (11, 15), (10, 15), (10, 14), (10, 13), (10, 12), (9, 12), (8, 12), (9, 12), (10, 12), (10, 11), (10, 10), (10, 9), (10, 8), (10, 7), (10, 6), (10, 5), (10, 4), (9, 4), (9, 3), (9, 2), (9, 1), (8, 1), (7, 1), (6, 1), (6, 2), (5, 2), (5, 1), (4, 1), (3, 1), (3, 0), (2, 0), (1, 0), (1, 1), (1, 2), (1, 3), (1, 4), (1, 5), (1, 6), (1, 7), (0, 7), (1, 7), (2, 7), (3, 7), (3, 8), (3, 9), (3, 10), (3, 11), (2, 11), (2, 12), (2, 13), (2, 14), (2, 15), (2, 16), (2, 17), (2, 18), (2, 19), (1, 19), (1, 20), (2, 20), (2, 21), (2, 22), (2, 23), (2, 24), (2, 25), (2, 26), (2, 27), (1, 27), (1, 28), (1, 29), (1, 30), (1, 31), (1, 30), (1, 29), (2, 29), (3, 29), (4, 29), (4, 28), (4, 27), (4, 26), (4, 25), (4, 24), (4, 23), (5, 23), (6, 23), (7, 23), (7, 24), (8, 24), (8, 25), (8, 26), (9, 26), (9, 26)]}, 109)