

CBSS-C STATS
starts:[471, 348]
targets:[0, 261, 612, 527, 377, 830, 724, 605, 993, 608, 907, 1, 181, 19, 64, 762, 792, 392, 23, 698, 885, 195, 342, 317, 802, 520, 303, 370, 568, 127, 618, 620, 223, 1016, 534, 978, 862, 929, 174, 494, 678, 866, 356, 315, 970, 655, 943, 617, 335, 972, 325, 43, 691, 460, 167, 301, 549, 579, 97, 884, 971, 6, 535, 892, 253, 716, 137, 220, 150, 674, 742, 62, 288, 475, 522, 526, 956, 403, 598, 212, 783, 886, 951, 408, 323, 454, 120, 9, 856, 119, 664, 252, 21, 848, 873, 881, 281, 609, 185, 324]
dests:[481, 38]
ac_dict:{0: {0, 1}, 481: {0}, 38: {1}}
clusters:[24 27  5  4  9  6  3 15  7 12  9 36 34 30 23 28 29 39  8  8 28 28 17  1
 22 30 11 16 17 33  0 35 32 23 14  1 35 22  2 17  1 16 33 32 38 12  1 35
 10  5 17 36 36  9 35 29 20  3 15  6  9 28 33  3 32 16  0  8 26  1  4  0
 21 28 34 13 37 25 34 21 17  8 31 39 14 24 35  6 18  2 17 29 34 23 23 14
 12 35 19  4]

round: 1
best_g_value: 444.0
open_list_size: 0
num_low_level_expanded: 306
search_success: 1
search_time: 46.30475345400191
n_tsp_call: 1
n_tsp_time: 46.12604592899879
n_roots: 1
num_conflicts: 0
target_assignment: {408: 0, 792: 0, 856: 0, 892: 0, 956: 0, 951: 0, 886: 0, 884: 0, 881: 0, 943: 0, 972: 0, 971: 0, 970: 0, 929: 0, 993: 0, 315: 1, 281: 1, 185: 1, 120: 1, 119: 1, 150: 1, 212: 1, 403: 1, 370: 1, 303: 1, 335: 1, 526: 1, 618: 1, 522: 1, 520: 1, 549: 1, 356: 1, 324: 1, 325: 1, 261: 1, 97: 1, 64: 1, 0: 1, 1: 1, 6: 1}
cluster_target_selection: {39: 408, 29: 792, 18: 856, 3: 892, 37: 956, 31: 951, 8: 886, 6: 884, 14: 881, 1: 943, 5: 972, 9: 971, 38: 970, 22: 929, 7: 993, 32: 315, 12: 281, 19: 185, 35: 120, 2: 119, 26: 150, 21: 212, 25: 403, 16: 370, 11: 303, 10: 335, 13: 526, 0: 618, 34: 522, 30: 520, 20: 549, 33: 356, 4: 324, 17: 325, 27: 261, 15: 97, 23: 64, 24: 0, 36: 1, 28: 6}
num_nodes_transformed_graph: 204
agent_paths:({0: [(23, 14), (23, 13), (23, 12), (24, 12), (24, 13), (24, 14), (24, 15), (24, 16), (24, 17), (24, 18), (24, 19), (24, 20), (24, 21), (24, 22), (24, 23), (24, 24), (24, 25), (24, 26), (25, 26), (26, 26), (27, 26), (27, 27), (28, 27), (28, 28), (28, 29), (27, 29), (26, 29), (25, 29), (24, 29), (23, 29), (23, 28), (23, 27), (22, 27), (21, 27), (20, 27), (19, 27), (18, 27), (17, 27), (16, 27), (15, 27), (15, 28), (15, 29), (14, 29), (13, 29), (12, 29), (12, 30), (11, 30), (10, 30), (9, 30), (8, 30), (7, 30), (6, 30), (5, 30), (5, 29), (4, 29), (3, 29), (2, 29), (1, 29), (1, 30), (1, 31), (1, 30), (1, 29), (1, 28), (1, 27), (2, 27), (2, 26), (2, 25), (2, 24), (2, 23), (2, 22), (2, 21), (2, 20), (2, 19), (2, 18), (2, 17), (1, 17), (1, 16), (1, 15), (1, 15)], 1: [(28, 10), (27, 10), (27, 9), (27, 8), (27, 7), (26, 7), (25, 7), (25, 8), (25, 7), (25, 6), (25, 5), (25, 4), (25, 3), (24, 3), (23, 3), (22, 3), (22, 4), (21, 4), (21, 5), (21, 6), (20, 6), (20, 7), (20, 8), (20, 9), (19, 9), (19, 10), (19, 11), (19, 12), (18, 12), (18, 11), (17, 11), (16, 11), (15, 11), (15, 10), (15, 9), (15, 10), (14, 10), (14, 11), (14, 12), (14, 13), (14, 14), (14, 15), (14, 16), (13, 16), (12, 16), (11, 16), (10, 16), (10, 17), (10, 18), (10, 19), (10, 18), (10, 17), (10, 16), (9, 16), (8, 16), (7, 16), (6, 16), (5, 16), (5, 17), (5, 16), (5, 15), (5, 14), (5, 13), (4, 13), (4, 12), (4, 11), (4, 10), (5, 10), (5, 9), (5, 8), (4, 8), (3, 8), (3, 7), (2, 7), (1, 7), (1, 6), (1, 5), (1, 4), (1, 3), (0, 3), (0, 2), (0, 1), (0, 0), (1, 0), (2, 0), (3, 0), (4, 0), (5, 0), (6, 0), (6, 1), (6, 1)]}, 89)