

CBSS-C STATS
starts:[526, 166, 946, 1, 584]
targets:[256, 887, 211, 875, 579, 30, 311, 237, 573, 351, 3, 1008, 1001, 329, 784, 346, 643, 517, 626, 864, 633, 127, 339, 630, 944, 321, 935, 222, 35, 101, 848, 856, 694, 931, 954, 540, 350, 813, 506, 43, 274, 102, 213, 815, 791, 795, 21, 752, 541, 172]
dests:[553, 220, 999, 547, 570]
ac_dict:{256: {0, 1}, 887: {1, 2}, 211: {2, 3}, 875: {3, 4}, 553: {0}, 220: {1}, 999: {2}, 547: {3}, 570: {4}}
clusters:[16 18 19 25  3  5  7  9 28 18  8  1 10  1 26 15 17 19 13 22  3 24 12  5
 11  8 21  2 11 10 12  7  0  4 17  9  0  6  4 15 27 14 23 29 20 13 14  6
 16  2]

round: 1
best_g_value: 170.0
open_list_size: 0
num_low_level_expanded: 330
search_success: 1
search_time: 32.55294487100036
n_tsp_call: 1
n_tsp_time: 32.4434386009998
n_roots: 1
num_conflicts: 0
target_assignment: {517: 4, 579: 4, 643: 4, 864: 4, 931: 4, 935: 4, 875: 4, 813: 4, 815: 4, 784: 4, 848: 4, 791: 4, 795: 4, 573: 4, 541: 4, 102: 1, 172: 1, 237: 1, 274: 1, 213: 1, 311: 1, 346: 1, 350: 1, 351: 1, 127: 1, 30: 1, 321: 3, 944: 2, 1008: 2, 1001: 2}
cluster_target_selection: {19: 517, 3: 579, 17: 643, 22: 864, 4: 931, 21: 935, 25: 875, 6: 813, 29: 815, 26: 784, 12: 848, 20: 791, 13: 795, 28: 573, 16: 541, 14: 102, 2: 172, 9: 237, 27: 274, 23: 213, 7: 311, 15: 346, 0: 350, 18: 351, 24: 127, 5: 30, 8: 321, 11: 944, 1: 1008, 10: 1001}
num_nodes_transformed_graph: 248
agent_paths:({0: [(14, 16), (13, 16), (12, 16), (11, 16), (10, 16), (9, 16), (9, 17), (9, 17)], 1: [(6, 5), (6, 4), (6, 3), (7, 3), (8, 3), (9, 3), (10, 3), (11, 3), (12, 3), (12, 4), (12, 5), (13, 5), (13, 6), (13, 7), (14, 7), (15, 7), (16, 7), (17, 7), (18, 7), (18, 8), (18, 7), (18, 6), (19, 6), (20, 6), (21, 6), (22, 6), (22, 7), (22, 8), (23, 8), (23, 9), (24, 9), (25, 9), (25, 10), (26, 10), (27, 10), (28, 10), (29, 10), (30, 10), (31, 10), (31, 9), (31, 8), (31, 7), (31, 6), (31, 5), (31, 4), (31, 3), (30, 3), (30, 2), (30, 1), (30, 0), (29, 0), (28, 0), (28, 1), (28, 2), (28, 3), (28, 4), (28, 5), (28, 6), (28, 6)], 2: [(18, 29), (17, 29), (16, 29), (16, 30), (16, 31), (15, 31), (14, 31), (13, 31), (12, 31), (11, 31), (10, 31), (9, 31), (8, 31), (7, 31), (7, 31)], 3: [(1, 0), (1, 1), (1, 2), (1, 3), (1, 4), (1, 5), (1, 6), (1, 7), (1, 8), (1, 9), (1, 10), (2, 10), (3, 10), (3, 11), (3, 12), (3, 13), (3, 14), (3, 15), (3, 16), (3, 17), (3, 17)], 4: [(8, 18), (7, 18), (7, 17), (6, 17), (5, 17), (5, 16), (4, 16), (3, 16), (3, 17), (3, 18), (2, 18), (2, 19), (2, 20), (3, 20), (2, 20), (1, 20), (1, 21), (1, 22), (1, 23), (0, 23), (0, 24), (0, 25), (0, 26), (0, 27), (1, 27), (2, 27), (2, 28), (2, 29), (3, 29), (4, 29), (5, 29), (6, 29), (7, 29), (7, 28), (8, 28), (8, 27), (9, 27), (10, 27), (11, 27), (11, 26), (11, 25), (12, 25), (13, 25), (14, 25), (15, 25), (15, 24), (16, 24), (16, 25), (16, 26), (16, 25), (17, 25), (18, 25), (19, 25), (20, 25), (21, 25), (22, 25), (22, 24), (23, 24), (24, 24), (25, 24), (26, 24), (27, 24), (27, 23), (27, 22), (27, 21), (27, 20), (27, 19), (27, 18), (28, 18), (29, 18), (29, 17), (29, 16), (28, 16), (27, 16), (26, 16), (26, 17), (26, 17)]}, 75)