

CBSS-C STATS
starts:[529, 77, 95, 724, 978]
targets:[777, 388, 301, 245, 685, 221, 635, 970, 878, 720]
dests:[357, 617, 435, 20, 102]
ac_dict:{777: {0, 1}, 388: {1, 2}, 301: {2, 3}, 245: {3, 4}, 357: {0}, 617: {1}, 435: {2}, 20: {3}, 102: {4}}
clusters:[0 4 2 0 3 0 1 0 4 4]

round: 1
best_g_value: 148.0
open_list_size: 0
num_low_level_expanded: 533
search_success: 1
search_time: 0.07957265712320805
n_tsp_call: 1
n_tsp_time: 0.058378292713314295
n_roots: 1
num_conflicts: 0
target_assignment: {635: 3, 878: 4, 685: 4, 221: 2, 301: 2}
cluster_target_selection: {1: 635, 4: 878, 3: 685, 0: 221, 2: 301}
num_nodes_transformed_graph: 28
agent_paths:({0: [(17, 16), (16, 16), (15, 16), (14, 16), (13, 16), (12, 16), (11, 16), (10, 16), (9, 16), (8, 16), (7, 16), (6, 16), (6, 15), (6, 14), (6, 13), (6, 12), (6, 11), (5, 11), (5, 11)], 1: [(13, 2), (12, 2), (11, 2), (10, 2), (10, 3), (10, 4), (10, 5), (10, 6), (10, 7), (10, 8), (10, 9), (10, 10), (10, 11), (10, 12), (10, 13), (10, 14), (9, 14), (9, 15), (9, 16), (9, 17), (9, 18), (9, 19), (9, 19)], 2: [(31, 2), (30, 2), (30, 3), (30, 4), (29, 4), (29, 5), (29, 6), (28, 6), (27, 6), (26, 6), (25, 6), (24, 6), (23, 6), (22, 6), (21, 6), (20, 6), (19, 6), (18, 6), (17, 6), (16, 6), (15, 6), (14, 6), (13, 6), (13, 7), (13, 8), (13, 9), (14, 9), (15, 9), (16, 9), (17, 9), (18, 9), (19, 9), (19, 10), (19, 11), (19, 12), (19, 13), (19, 13)], 3: [(20, 22), (20, 21), (20, 20), (21, 20), (22, 20), (23, 20), (24, 20), (25, 20), (26, 20), (27, 20), (27, 19), (27, 18), (26, 18), (25, 18), (24, 18), (23, 18), (22, 18), (21, 18), (21, 17), (21, 16), (21, 15), (21, 14), (21, 13), (21, 12), (21, 11), (21, 10), (21, 9), (21, 8), (21, 7), (21, 6), (21, 5), (21, 4), (20, 4), (20, 3), (20, 2), (20, 1), (20, 0), (20, 0)], 4: [(18, 30), (17, 30), (16, 30), (16, 29), (15, 29), (14, 29), (14, 28), (14, 27), (13, 27), (13, 26), (13, 25), (13, 24), (13, 23), (13, 22), (13, 21), (12, 21), (11, 21), (10, 21), (10, 20), (10, 19), (10, 18), (10, 17), (10, 16), (10, 15), (10, 14), (10, 13), (10, 12), (9, 12), (9, 11), (9, 10), (8, 10), (7, 10), (7, 9), (7, 8), (7, 7), (7, 6), (7, 5), (6, 5), (6, 4), (6, 3), (6, 3)]}, 39)