

CBSS-C STATS
starts:[382, 869, 420, 47, 330]
targets:[690, 735, 277, 5, 164, 41, 437, 489, 36, 287, 141, 272, 708, 199, 358, 340, 107, 643, 699, 804]
dests:[137, 799, 560, 413, 237]
ac_dict:{690: {0, 1}, 735: {1, 2}, 277: {2, 3}, 5: {3, 4}, 137: {0}, 799: {1}, 560: {2}, 413: {3}, 237: {4}}
clusters:[9 2 4 4 1 3 9 7 3 3 6 8 6 8 2 1 8 0 7 5]

round: 1
best_g_value: 124.0
open_list_size: 0
num_low_level_expanded: 252
search_success: 1
search_time: 1.589294251985848
n_tsp_call: 1
n_tsp_time: 1.5615609157830477
n_roots: 1
num_conflicts: 0
target_assignment: {287: 0, 141: 0, 272: 3, 277: 3, 340: 3, 804: 1, 643: 1, 690: 1, 699: 1, 735: 1}
cluster_target_selection: {3: 287, 6: 141, 8: 272, 4: 277, 1: 340, 5: 804, 0: 643, 9: 690, 7: 699, 2: 735}
num_nodes_transformed_graph: 98
agent_paths:({0: [(30, 11), (30, 10), (30, 9), (30, 8), (31, 8), (30, 8), (29, 8), (28, 8), (27, 8), (27, 7), (26, 7), (25, 7), (25, 6), (24, 6), (23, 6), (22, 6), (21, 6), (20, 6), (19, 6), (18, 6), (17, 6), (16, 6), (15, 6), (14, 6), (13, 6), (13, 5), (13, 4), (12, 4), (11, 4), (10, 4), (9, 4), (9, 4)], 1: [(5, 27), (4, 27), (4, 26), (4, 25), (3, 25), (3, 24), (3, 23), (3, 22), (3, 21), (3, 20), (3, 21), (3, 22), (4, 22), (5, 22), (5, 21), (6, 21), (7, 21), (8, 21), (9, 21), (10, 21), (11, 21), (12, 21), (13, 21), (14, 21), (15, 21), (16, 21), (17, 21), (18, 21), (19, 21), (20, 21), (21, 21), (22, 21), (23, 21), (24, 21), (25, 21), (26, 21), (27, 21), (28, 21), (29, 21), (29, 22), (30, 22), (31, 22), (31, 23), (31, 24), (31, 24)], 2: [(4, 13), (5, 13), (6, 13), (6, 14), (6, 15), (7, 15), (7, 16), (8, 16), (9, 16), (10, 16), (11, 16), (12, 16), (13, 16), (14, 16), (15, 16), (16, 16), (16, 17), (16, 17)], 3: [(15, 1), (16, 1), (16, 2), (16, 3), (16, 4), (16, 5), (16, 6), (16, 7), (16, 8), (17, 8), (18, 8), (18, 7), (19, 7), (20, 7), (21, 7), (21, 8), (20, 8), (20, 9), (20, 10), (21, 10), (22, 10), (23, 10), (24, 10), (25, 10), (26, 10), (27, 10), (28, 10), (29, 10), (29, 11), (29, 12), (29, 12)], 4: [(10, 10), (10, 9), (10, 8), (10, 7), (11, 7), (12, 7), (13, 7), (13, 7)]}, 43)