

CBSS-C STATS
starts:[243, 952, 371, 769, 350]
targets:[238, 65, 547, 998, 121, 574, 659, 947, 119, 686]
dests:[266, 130, 560, 758, 115]
ac_dict:{238: {0, 1}, 65: {1, 2}, 547: {2, 3}, 998: {3, 4}, 266: {0}, 130: {1}, 560: {2}, 758: {3}, 115: {4}}
clusters:[0 0 1 1 1 1 0 1 1 0]

round: 1
best_g_value: 108.0
open_list_size: 0
num_low_level_expanded: 665
search_success: 1
search_time: 0.1690458282828331
n_tsp_call: 1
n_tsp_time: 0.14703418593853712
n_roots: 1
num_conflicts: 0
target_assignment: {238: 0, 119: 4}
cluster_target_selection: {0: 238, 1: 119}
num_nodes_transformed_graph: 48
agent_paths:({0: [(19, 7), (18, 7), (17, 7), (16, 7), (15, 7), (14, 7), (13, 7), (12, 7), (11, 7), (10, 7), (10, 8), (10, 8)], 1: [(24, 29), (23, 29), (23, 28), (23, 27), (22, 27), (21, 27), (20, 27), (19, 27), (18, 27), (17, 27), (16, 27), (15, 27), (14, 27), (13, 27), (12, 27), (11, 27), (10, 27), (9, 27), (8, 27), (8, 26), (7, 26), (7, 25), (7, 24), (7, 23), (6, 23), (5, 23), (5, 22), (5, 21), (5, 20), (5, 19), (4, 19), (4, 18), (3, 18), (3, 17), (3, 16), (3, 15), (3, 14), (3, 13), (3, 12), (3, 11), (3, 10), (3, 9), (3, 8), (3, 7), (2, 7), (2, 6), (2, 5), (2, 4), (2, 4)], 2: [(19, 11), (18, 11), (17, 11), (16, 11), (16, 12), (16, 13), (16, 14), (16, 15), (16, 16), (16, 17), (16, 17)], 3: [(1, 24), (1, 23), (2, 23), (3, 23), (4, 23), (5, 23), (6, 23), (7, 23), (8, 23), (9, 23), (10, 23), (11, 23), (12, 23), (13, 23), (14, 23), (15, 23), (16, 23), (17, 23), (18, 23), (19, 23), (19, 22), (20, 22), (21, 22), (21, 23), (22, 23), (22, 23)], 4: [(30, 10), (29, 10), (28, 10), (27, 10), (26, 10), (25, 10), (25, 9), (25, 8), (25, 7), (25, 6), (24, 6), (23, 6), (23, 5), (23, 4), (23, 3), (22, 3), (21, 3), (20, 3), (19, 3), (19, 3)]}, 47)