

CBSS-C STATS
starts:[978, 723, 770, 786, 284]
targets:[670, 981, 231, 475, 19, 880, 962, 485, 307, 81, 998, 48, 355, 744, 101, 829, 828, 690, 653, 340]
dests:[444, 518, 589, 409, 544]
ac_dict:{670: {0, 1}, 981: {1, 2}, 231: {2, 3}, 475: {3, 4}, 444: {0}, 518: {1}, 589: {2}, 409: {3}, 544: {4}}
clusters:[6 5 5 0 1 3 4 7 7 7 2 6 8 9 1 4 0 2 8 9]

round: 1
best_g_value: 155.0
open_list_size: 0
num_low_level_expanded: 526
search_success: 1
search_time: 0.6156989191658795
n_tsp_call: 1
n_tsp_time: 0.5895582437515259
n_roots: 1
num_conflicts: 0
target_assignment: {828: 0, 829: 0, 670: 0, 101: 4, 485: 4, 981: 1, 880: 1, 690: 3, 744: 2, 653: 2}
cluster_target_selection: {0: 828, 4: 829, 6: 670, 1: 101, 7: 485, 5: 981, 3: 880, 2: 690, 9: 744, 8: 653}
num_nodes_transformed_graph: 54
agent_paths:({0: [(18, 30), (18, 29), (18, 28), (18, 27), (18, 26), (18, 25), (19, 25), (20, 25), (21, 25), (22, 25), (23, 25), (24, 25), (25, 25), (26, 25), (27, 25), (28, 25), (29, 25), (29, 24), (29, 23), (29, 22), (29, 21), (29, 20), (30, 20), (29, 20), (29, 19), (29, 18), (29, 17), (29, 16), (28, 16), (28, 15), (28, 14), (28, 13), (28, 13)], 1: [(19, 22), (19, 23), (19, 24), (20, 24), (20, 25), (20, 26), (20, 27), (20, 28), (20, 29), (21, 29), (21, 30), (20, 30), (19, 30), (18, 30), (17, 30), (16, 30), (16, 29), (16, 28), (16, 27), (15, 27), (14, 27), (13, 27), (12, 27), (11, 27), (10, 27), (9, 27), (8, 27), (8, 26), (7, 26), (7, 25), (7, 24), (7, 23), (7, 22), (7, 21), (7, 20), (7, 19), (7, 18), (7, 17), (6, 17), (6, 16), (6, 16)], 2: [(2, 24), (2, 23), (3, 23), (4, 23), (5, 23), (6, 23), (7, 23), (8, 23), (8, 22), (8, 21), (8, 20), (9, 20), (10, 20), (11, 20), (12, 20), (13, 20), (13, 19), (13, 18), (13, 18)], 3: [(18, 24), (18, 23), (18, 22), (18, 21), (18, 20), (18, 19), (18, 18), (18, 17), (19, 17), (19, 16), (19, 15), (19, 14), (19, 13), (19, 12), (20, 12), (21, 12), (22, 12), (23, 12), (24, 12), (25, 12), (25, 12)], 4: [(28, 8), (27, 8), (27, 7), (26, 7), (25, 7), (25, 6), (24, 6), (23, 6), (22, 6), (21, 6), (20, 6), (19, 6), (18, 6), (17, 6), (16, 6), (15, 6), (14, 6), (13, 6), (12, 6), (11, 6), (10, 6), (9, 6), (8, 6), (7, 6), (7, 5), (6, 5), (5, 5), (5, 4), (5, 3), (5, 4), (5, 5), (5, 6), (5, 7), (5, 8), (5, 9), (5, 10), (5, 11), (4, 11), (4, 12), (4, 13), (5, 13), (5, 14), (5, 15), (4, 15), (3, 15), (2, 15), (1, 15), (1, 16), (1, 17), (0, 17), (0, 17)]}, 49)