

CBSS-C STATS
starts:[326, 499]
targets:[241, 263, 532, 922, 565, 78, 59, 867, 513, 599, 784, 396, 663, 935, 214, 288, 824, 911, 787, 999, 625, 344, 280, 981, 782, 375, 758, 605, 584, 566, 978, 274, 21, 517, 971, 934, 807, 836, 478, 996, 424, 453, 953, 763, 707, 724, 32, 108, 986, 377, 334, 382, 706, 243, 138, 508, 845, 167, 854, 693, 119, 613, 120, 586, 137, 423, 745, 537, 522, 581, 933, 519, 585, 877, 743, 98, 291, 856, 135, 574, 554, 675, 939, 620, 827, 526, 734, 614, 735, 840, 66, 285, 409, 904, 618, 786, 31, 461, 225, 896]
dests:[347, 674]
ac_dict:{241: {0, 1}, 347: {0}, 674: {1}}
clusters:[ 3  4 31 12 13  8 14 35 10 10 29 21  8 27 21 31 15 26 12 38 39 25 34  3
 30 30 22  8 39 29 23 37 34  1  5  5  2 20 34 36 15 28 20  9 30 23  3 13
 19  9 21  8  3  0 37 23 16 24  6 34 37 23 37  3 34 26 16  0  9 14 35  1
 31 10 20 34 24  7 18  1 36 33 17  9 12 11 18 35 21 13 36 36 15  7 36 10
 13 34 32 14]

round: 1
best_g_value: 420.0
open_list_size: 0
num_low_level_expanded: 281
search_success: 1
search_time: 47.168987422999635
n_tsp_call: 1
n_tsp_time: 46.99468039900239
n_roots: 1
num_conflicts: 0
target_assignment: {263: 0, 135: 0, 167: 0, 225: 0, 453: 0, 517: 0, 581: 0, 613: 0, 614: 0, 584: 0, 586: 0, 554: 0, 522: 0, 526: 0, 334: 0, 274: 0, 243: 0, 280: 0, 344: 0, 532: 1, 565: 1, 566: 1, 599: 1, 663: 1, 758: 1, 854: 1, 824: 1, 856: 1, 922: 1, 986: 1, 911: 1, 939: 1, 999: 1, 935: 1, 934: 1, 807: 1, 743: 1, 745: 1, 707: 1, 675: 1}
cluster_target_selection: {4: 263, 18: 135, 24: 167, 32: 225, 28: 453, 1: 517, 14: 581, 23: 613, 35: 614, 39: 584, 3: 586, 36: 554, 9: 522, 11: 526, 21: 334, 37: 274, 0: 243, 34: 280, 25: 344, 31: 532, 13: 565, 29: 566, 10: 599, 8: 663, 22: 758, 6: 854, 15: 824, 7: 856, 12: 922, 19: 986, 26: 911, 17: 939, 38: 999, 27: 935, 5: 934, 2: 807, 20: 743, 16: 745, 30: 707, 33: 675}
num_nodes_transformed_graph: 204
agent_paths:({0: [(6, 10), (6, 9), (7, 9), (7, 8), (7, 7), (7, 6), (7, 5), (7, 4), (7, 5), (6, 5), (5, 5), (4, 5), (3, 5), (2, 5), (1, 5), (1, 6), (1, 7), (2, 7), (3, 7), (4, 7), (4, 8), (4, 9), (4, 10), (4, 11), (4, 12), (4, 13), (5, 13), (5, 14), (5, 15), (5, 16), (5, 17), (5, 18), (5, 19), (6, 19), (7, 19), (7, 18), (8, 18), (9, 18), (10, 18), (10, 17), (10, 16), (11, 16), (12, 16), (13, 16), (14, 16), (14, 15), (14, 14), (14, 13), (14, 12), (14, 11), (14, 10), (14, 9), (15, 9), (16, 9), (16, 8), (17, 8), (18, 8), (18, 7), (19, 7), (20, 7), (21, 7), (22, 7), (22, 8), (23, 8), (24, 8), (24, 9), (24, 10), (25, 10), (26, 10), (27, 10), (27, 10)], 1: [(19, 15), (19, 16), (20, 16), (21, 16), (21, 17), (22, 17), (23, 17), (23, 18), (23, 19), (23, 20), (22, 20), (22, 21), (21, 21), (21, 22), (21, 23), (22, 23), (22, 24), (22, 25), (22, 26), (22, 25), (23, 25), (24, 25), (24, 26), (25, 26), (26, 26), (26, 27), (26, 28), (26, 29), (26, 30), (25, 30), (24, 30), (23, 30), (22, 30), (21, 30), (20, 30), (19, 30), (18, 30), (17, 30), (16, 30), (16, 29), (15, 29), (15, 28), (14, 28), (13, 28), (12, 28), (11, 28), (11, 29), (10, 29), (10, 30), (9, 30), (8, 30), (7, 30), (7, 31), (7, 30), (7, 29), (6, 29), (6, 28), (6, 27), (6, 26), (6, 25), (7, 25), (7, 24), (7, 23), (8, 23), (9, 23), (8, 23), (7, 23), (6, 23), (5, 23), (4, 23), (3, 23), (3, 22), (3, 21), (2, 21), (2, 21)]}, 73)