

CBSS-C STATS
starts:[891, 145, 874, 805, 687]
targets:[1016, 52, 767, 203, 44, 506, 267, 683, 763, 493, 948, 236, 959, 565, 589, 705, 559, 69, 194, 161]
dests:[102, 986, 811, 440, 305]
ac_dict:{1016: {0, 1}, 52: {1, 2}, 767: {2, 3}, 203: {3, 4}, 102: {0}, 986: {1}, 811: {2}, 440: {3}, 305: {4}}
clusters:[9 4 3 5 2 8 1 7 8 9 6 2 4 6 4 9 8 1 8 0]

round: 4
best_g_value: 168.0
open_list_size: 3
num_low_level_expanded: 1261
search_success: 1
search_time: 4.313609958160669
n_tsp_call: 14
n_tsp_time: 4.020188273396343
n_roots: 1
num_conflicts: 3
target_assignment: {683: 0, 194: 0, 161: 0, 948: 1, 767: 3, 589: 4, 493: 4, 267: 4, 203: 4, 236: 4}
cluster_target_selection: {7: 683, 8: 194, 0: 161, 6: 948, 3: 767, 4: 589, 9: 493, 1: 267, 5: 203, 2: 236}
num_nodes_transformed_graph: 54
agent_paths:({0: [(27, 27), (26, 27), (25, 27), (24, 27), (23, 27), (22, 27), (21, 27), (20, 27), (19, 27), (18, 27), (17, 27), (16, 27), (15, 27), (14, 27), (13, 27), (12, 27), (12, 26), (12, 25), (12, 24), (11, 24), (11, 23), (11, 22), (11, 21), (10, 21), (9, 21), (8, 21), (7, 21), (6, 21), (5, 21), (5, 20), (5, 19), (4, 19), (4, 18), (3, 18), (3, 17), (3, 16), (3, 15), (3, 14), (3, 13), (3, 12), (3, 11), (3, 10), (3, 9), (3, 8), (3, 7), (2, 7), (2, 6), (1, 6), (1, 5), (1, 4), (1, 3), (2, 3), (3, 3), (4, 3), (5, 3), (6, 3), (6, 3)], 1: [(17, 4), (18, 4), (18, 5), (18, 6), (18, 7), (18, 8), (18, 9), (19, 9), (19, 10), (19, 11), (19, 12), (19, 13), (19, 14), (19, 15), (19, 16), (19, 17), (19, 18), (19, 19), (19, 20), (19, 21), (19, 22), (19, 23), (19, 24), (20, 24), (20, 25), (20, 26), (20, 27), (20, 28), (20, 29), (21, 29), (21, 30), (22, 30), (23, 30), (24, 30), (25, 30), (26, 30), (26, 30)], 2: [(10, 27), (10, 26), (10, 25), (11, 25), (11, 25)], 3: [(5, 25), (6, 25), (7, 25), (7, 24), (8, 24), (9, 24), (10, 24), (11, 24), (12, 24), (13, 24), (14, 24), (15, 24), (16, 24), (17, 24), (18, 24), (19, 24), (20, 24), (20, 25), (21, 25), (22, 25), (22, 24), (23, 24), (24, 24), (25, 24), (26, 24), (27, 24), (28, 24), (29, 24), (29, 23), (30, 23), (31, 23), (30, 23), (29, 23), (29, 22), (28, 22), (27, 22), (26, 22), (26, 21), (25, 21), (24, 21), (24, 20), (24, 19), (24, 18), (24, 17), (24, 16), (24, 15), (24, 14), (24, 13), (24, 13)], 4: [(15, 21), (14, 21), (13, 21), (13, 20), (13, 19), (13, 18), (13, 17), (13, 16), (13, 15), (12, 15), (12, 14), (12, 13), (12, 12), (12, 11), (11, 11), (11, 10), (11, 9), (11, 8), (11, 7), (11, 6), (12, 6), (12, 7), (13, 7), (14, 7), (15, 7), (16, 7), (17, 7), (17, 8), (17, 9), (17, 9)]}, 55)