

CBSS-C STATS
starts:[649, 151, 20, 992, 342]
targets:[516, 11, 321, 199, 685, 558, 711, 826, 183, 912, 546, 606, 1000, 285, 254, 184, 413, 211, 305, 161]
dests:[97, 129, 457, 848, 332]
ac_dict:{516: {0, 1}, 11: {1, 2}, 321: {2, 3}, 199: {3, 4}, 97: {0}, 129: {1}, 457: {2}, 848: {3}, 332: {4}}
clusters:[7 1 3 4 2 3 8 5 6 0 7 5 2 3 1 9 6 7 9 1]

round: 4
best_g_value: 161.0
open_list_size: 3
num_low_level_expanded: 1328
search_success: 1
search_time: 24.025417547207326
n_tsp_call: 15
n_tsp_time: 23.749944880139083
n_roots: 1
num_conflicts: 3
target_assignment: {711: 0, 161: 0, 1000: 3, 912: 3, 211: 4, 199: 4, 183: 2, 184: 2, 606: 2, 558: 2}
cluster_target_selection: {8: 711, 1: 161, 2: 1000, 0: 912, 7: 211, 4: 199, 6: 183, 9: 184, 5: 606, 3: 558}
num_nodes_transformed_graph: 98
agent_paths:({0: [(9, 20), (8, 20), (7, 20), (7, 21), (7, 22), (6, 22), (5, 22), (4, 22), (3, 22), (2, 22), (2, 21), (2, 20), (2, 19), (2, 18), (2, 17), (1, 17), (1, 16), (1, 15), (1, 14), (1, 13), (1, 12), (1, 11), (1, 10), (1, 9), (1, 8), (1, 7), (1, 6), (1, 5), (2, 5), (2, 4), (2, 3), (1, 3), (1, 3)], 1: [(23, 4), (22, 4), (21, 4), (20, 4), (19, 4), (18, 4), (17, 4), (16, 4), (16, 5), (15, 5), (14, 5), (13, 5), (12, 5), (11, 5), (10, 5), (10, 4), (9, 4), (8, 4), (7, 4), (6, 4), (5, 4), (4, 4), (3, 4), (2, 4), (1, 4), (1, 4)], 2: [(20, 0), (21, 0), (22, 0), (23, 0), (23, 1), (23, 2), (23, 3), (23, 4), (23, 5), (24, 5), (25, 5), (26, 5), (27, 5), (28, 5), (29, 5), (29, 6), (29, 7), (29, 8), (29, 9), (29, 10), (29, 11), (29, 12), (29, 13), (29, 14), (30, 14), (30, 15), (30, 16), (30, 17), (30, 18), (29, 18), (28, 18), (27, 18), (26, 18), (25, 18), (24, 18), (23, 18), (22, 18), (21, 18), (20, 18), (19, 18), (18, 18), (18, 17), (17, 17), (16, 17), (15, 17), (14, 17), (13, 17), (12, 17), (11, 17), (10, 17), (9, 17), (9, 16), (9, 15), (9, 14), (9, 14)], 3: [(0, 31), (1, 31), (2, 31), (2, 30), (3, 30), (3, 29), (4, 29), (5, 29), (6, 29), (7, 29), (8, 29), (8, 30), (8, 31), (8, 30), (8, 29), (8, 28), (9, 28), (10, 28), (11, 28), (12, 28), (13, 28), (14, 28), (15, 28), (16, 28), (16, 27), (16, 26), (16, 26)], 4: [(22, 10), (21, 10), (20, 10), (20, 9), (20, 8), (20, 7), (19, 7), (19, 6), (18, 6), (17, 6), (16, 6), (15, 6), (14, 6), (13, 6), (12, 6), (11, 6), (10, 6), (9, 6), (8, 6), (7, 6), (8, 6), (9, 6), (10, 6), (11, 6), (11, 7), (11, 8), (11, 9), (11, 10), (12, 10), (12, 10)]}, 53)