

CBSS-C STATS
starts:[897, 832, 304, 869, 562]
targets:[862, 47, 249, 643, 285, 44, 766, 948, 449, 305]
dests:[460, 602, 161, 274, 707]
ac_dict:{862: {0, 1}, 47: {1, 2}, 249: {2, 3}, 643: {3, 4}, 460: {0}, 602: {1}, 161: {2}, 274: {3}, 707: {4}}
clusters:[1 2 0 3 3 4 3 2 3 0]

round: 1
best_g_value: 148.0
open_list_size: 0
num_low_level_expanded: 569
search_success: 1
search_time: 0.076434135902673
n_tsp_call: 1
n_tsp_time: 0.05347593920305371
n_roots: 1
num_conflicts: 0
target_assignment: {305: 3, 47: 2, 44: 2, 862: 1, 766: 1}
cluster_target_selection: {0: 305, 2: 47, 4: 44, 1: 862, 3: 766}
num_nodes_transformed_graph: 27
agent_paths:({0: [(1, 28), (1, 27), (2, 27), (2, 26), (2, 25), (2, 24), (2, 23), (2, 22), (2, 21), (2, 20), (2, 19), (2, 18), (2, 17), (2, 16), (3, 16), (4, 16), (5, 16), (6, 16), (7, 16), (8, 16), (9, 16), (9, 15), (9, 14), (10, 14), (11, 14), (12, 14), (12, 14)], 1: [(0, 26), (0, 25), (1, 25), (2, 25), (3, 25), (4, 25), (5, 25), (6, 25), (7, 25), (8, 25), (9, 25), (10, 25), (11, 25), (12, 25), (13, 25), (14, 25), (15, 25), (16, 25), (17, 25), (18, 25), (19, 25), (20, 25), (21, 25), (22, 25), (23, 25), (24, 25), (25, 25), (26, 25), (27, 25), (28, 25), (29, 25), (30, 25), (30, 26), (30, 25), (30, 24), (30, 23), (29, 23), (29, 22), (28, 22), (27, 22), (27, 21), (27, 20), (27, 19), (27, 18), (26, 18), (26, 18)], 2: [(16, 9), (16, 8), (16, 7), (16, 6), (16, 5), (16, 4), (16, 3), (16, 2), (16, 1), (15, 1), (14, 1), (13, 1), (12, 1), (11, 1), (10, 1), (9, 1), (8, 1), (7, 1), (6, 1), (5, 1), (4, 1), (3, 1), (2, 1), (1, 1), (1, 2), (1, 3), (1, 4), (1, 5), (1, 5)], 3: [(5, 27), (5, 26), (5, 25), (6, 25), (7, 25), (7, 24), (7, 23), (7, 22), (7, 21), (7, 20), (7, 19), (7, 18), (7, 17), (7, 16), (8, 16), (9, 16), (9, 15), (9, 14), (10, 14), (10, 13), (10, 12), (10, 11), (10, 10), (11, 10), (12, 10), (13, 10), (13, 9), (14, 9), (15, 9), (16, 9), (17, 9), (17, 8), (18, 8), (18, 8)], 4: [(18, 17), (17, 17), (16, 17), (15, 17), (14, 17), (13, 17), (12, 17), (11, 17), (10, 17), (9, 17), (8, 17), (7, 17), (6, 17), (5, 17), (5, 18), (5, 19), (5, 20), (5, 21), (5, 22), (4, 22), (3, 22), (3, 22)]}, 44)