

CBSS-C STATS
starts:[174, 885, 823, 974, 650, 709, 69, 252, 220, 752]
targets:[373, 1018, 760, 785, 598, 620, 434, 487, 656, 877, 206, 921, 445, 448, 806]
dests:[132, 92, 780, 581, 793, 393, 857, 354, 179, 312]
ac_dict:{373: {0, 1}, 1018: {1, 2}, 760: {2, 3}, 785: {3, 4}, 598: {4, 5}, 620: {5, 6}, 434: {6, 7}, 487: {8, 7}, 656: {8, 9}, 132: {0}, 92: {1}, 780: {2}, 581: {3}, 793: {4}, 393: {5}, 857: {6}, 354: {7}, 179: {8}, 312: {9}}
clusters:[9 3 4 7 8 5 2 9 1 0 4 7 6 1 5]

round: 4
best_g_value: 241.0
open_list_size: 3
num_low_level_expanded: 2093
search_success: 1
search_time: 0.42976879980415106
n_tsp_call: 1
n_tsp_time: 0.34750517224892974
n_roots: 1
num_conflicts: 3
target_assignment: {877: 3, 806: 3, 598: 4, 206: 6, 434: 6, 487: 7, 656: 9, 921: 1, 1018: 1, 445: 1}
cluster_target_selection: {0: 877, 5: 806, 8: 598, 4: 206, 2: 434, 9: 487, 1: 656, 7: 921, 3: 1018, 6: 445}
num_nodes_transformed_graph: 57
agent_paths:({0: [(14, 5), (13, 5), (12, 5), (11, 5), (10, 5), (10, 4), (9, 4), (8, 4), (7, 4), (6, 4), (5, 4), (4, 4), (4, 4)], 1: [(21, 27), (22, 27), (23, 27), (24, 27), (25, 27), (25, 28), (26, 28), (26, 29), (26, 30), (26, 31), (26, 30), (26, 29), (26, 28), (26, 27), (26, 26), (26, 25), (26, 24), (26, 23), (26, 22), (26, 21), (26, 20), (27, 20), (27, 19), (27, 18), (27, 17), (27, 16), (27, 15), (27, 14), (27, 13), (28, 13), (29, 13), (28, 13), (28, 12), (28, 11), (28, 10), (28, 9), (28, 8), (28, 7), (28, 6), (28, 5), (28, 4), (28, 3), (28, 2), (28, 2)], 2: [(23, 25), (22, 25), (21, 25), (20, 25), (19, 25), (18, 25), (17, 25), (16, 25), (15, 25), (14, 25), (13, 25), (12, 25), (12, 24), (12, 24)], 3: [(14, 30), (13, 30), (13, 29), (13, 28), (13, 27), (12, 27), (11, 27), (10, 27), (9, 27), (8, 27), (8, 26), (7, 26), (6, 26), (6, 25), (5, 25), (4, 25), (4, 24), (4, 23), (4, 22), (5, 22), (5, 21), (5, 20), (5, 19), (5, 18), (5, 18)], 4: [(10, 20), (10, 19), (11, 19), (12, 19), (13, 19), (14, 19), (15, 19), (16, 19), (17, 19), (18, 19), (18, 18), (19, 18), (20, 18), (21, 18), (22, 18), (23, 18), (24, 18), (24, 19), (24, 20), (24, 21), (24, 22), (24, 23), (24, 24), (25, 24), (25, 24)], 5: [(5, 22), (5, 21), (5, 20), (5, 19), (5, 18), (5, 17), (5, 16), (5, 15), (5, 14), (5, 13), (6, 13), (7, 13), (8, 13), (8, 12), (9, 12), (9, 12)], 6: [(5, 2), (6, 2), (6, 3), (7, 3), (8, 3), (9, 3), (10, 3), (11, 3), (12, 3), (13, 3), (14, 3), (14, 4), (14, 5), (14, 6), (15, 6), (16, 6), (17, 6), (18, 6), (18, 7), (18, 8), (18, 9), (18, 10), (18, 11), (18, 12), (18, 13), (19, 13), (20, 13), (21, 13), (22, 13), (23, 13), (24, 13), (24, 14), (24, 15), (24, 16), (24, 17), (24, 18), (24, 19), (24, 20), (24, 21), (24, 22), (24, 23), (24, 24), (24, 25), (25, 25), (25, 26), (25, 26)], 7: [(28, 7), (27, 7), (26, 7), (25, 7), (25, 8), (24, 8), (23, 8), (22, 8), (21, 8), (20, 8), (20, 9), (19, 9), (18, 9), (17, 9), (16, 9), (15, 9), (14, 9), (13, 9), (13, 10), (12, 10), (11, 10), (10, 10), (10, 11), (10, 12), (10, 13), (10, 14), (9, 14), (9, 15), (9, 16), (8, 16), (7, 16), (7, 15), (6, 15), (5, 15), (4, 15), (3, 15), (2, 15), (2, 14), (2, 13), (2, 12), (2, 11), (2, 11)], 8: [(28, 6), (27, 6), (26, 6), (25, 6), (24, 6), (23, 6), (22, 6), (21, 6), (20, 6), (19, 6), (19, 5), (19, 5)], 9: [(16, 23), (16, 22), (16, 21), (16, 20), (16, 19), (16, 18), (16, 17), (16, 16), (16, 15), (16, 14), (16, 13), (16, 12), (16, 11), (17, 11), (18, 11), (18, 10), (18, 9), (19, 9), (20, 9), (21, 9), (22, 9), (23, 9), (24, 9), (24, 9)]}, 44)