

CBSS-C STATS
starts:[491, 864, 881, 622, 738]
targets:[840, 976, 552, 64, 1008, 66, 887, 332, 503, 478, 492, 788, 471, 338, 320, 1016, 875, 700, 43, 943, 340, 648, 172, 116, 708, 322, 85, 948, 13, 170, 745, 570, 339, 580, 287, 845, 457, 106, 579, 157]
dests:[800, 344, 585, 423, 164]
ac_dict:{840: {0, 1}, 976: {1, 2}, 552: {2, 3}, 64: {3, 4}, 800: {0}, 344: {1}, 585: {2}, 423: {3}, 164: {4}}
clusters:[ 7 18 21 12  1  5 10  2  9  3 23  8 13 11  4  6  7  9  6 14 17 24 16 11
 12  0 20 19 22 14  4  2  5  3  1 15  0 13 10  8]

round: 1
best_g_value: 176.0
open_list_size: 0
num_low_level_expanded: 390
search_success: 1
search_time: 32.22045200299999
n_tsp_call: 1
n_tsp_time: 32.14487899000005
n_roots: 1
num_conflicts: 0
target_assignment: {580: 0, 579: 0, 322: 4, 552: 3, 708: 1, 648: 1, 492: 1, 332: 1, 172: 1, 43: 1, 13: 1, 85: 1, 116: 1, 340: 1, 339: 1, 471: 1, 503: 1, 788: 2, 948: 2, 1008: 2, 976: 2, 943: 2, 845: 2, 875: 2, 745: 2}
cluster_target_selection: {3: 580, 10: 579, 0: 322, 21: 552, 12: 708, 24: 648, 23: 492, 2: 332, 16: 172, 6: 43, 22: 13, 20: 85, 11: 116, 17: 340, 5: 339, 13: 471, 9: 503, 8: 788, 19: 948, 1: 1008, 18: 976, 14: 943, 15: 845, 7: 875, 4: 745}
num_nodes_transformed_graph: 198
agent_paths:({0: [(11, 15), (10, 15), (9, 15), (9, 16), (8, 16), (7, 16), (6, 16), (5, 16), (4, 16), (4, 17), (4, 18), (3, 18), (2, 18), (2, 19), (1, 19), (1, 20), (1, 21), (1, 22), (1, 23), (0, 23), (0, 24), (0, 25), (0, 25)], 1: [(0, 27), (0, 26), (0, 25), (0, 24), (0, 23), (1, 23), (1, 22), (2, 22), (3, 22), (4, 22), (5, 22), (5, 21), (5, 20), (6, 20), (7, 20), (8, 20), (8, 19), (8, 18), (8, 17), (8, 16), (9, 16), (9, 15), (10, 15), (11, 15), (12, 15), (12, 14), (12, 13), (12, 12), (12, 11), (12, 10), (11, 10), (11, 9), (11, 8), (11, 7), (11, 6), (11, 5), (12, 5), (11, 5), (11, 4), (11, 3), (11, 2), (11, 1), (11, 0), (12, 0), (13, 0), (14, 0), (15, 0), (16, 0), (16, 1), (17, 1), (18, 1), (19, 1), (20, 1), (20, 2), (21, 2), (20, 2), (20, 3), (20, 4), (19, 4), (19, 5), (19, 6), (20, 6), (20, 7), (20, 8), (20, 9), (20, 10), (19, 10), (20, 10), (21, 10), (22, 10), (23, 10), (23, 11), (23, 12), (23, 13), (23, 14), (23, 15), (23, 14), (23, 13), (23, 12), (23, 11), (23, 10), (24, 10), (24, 10)], 2: [(17, 27), (17, 26), (17, 25), (17, 24), (18, 24), (19, 24), (20, 24), (20, 25), (20, 26), (20, 27), (20, 28), (20, 29), (19, 29), (18, 29), (17, 29), (16, 29), (16, 30), (16, 31), (16, 30), (16, 29), (15, 29), (14, 29), (13, 29), (13, 28), (13, 27), (13, 26), (12, 26), (11, 26), (11, 27), (10, 27), (9, 27), (9, 26), (9, 25), (9, 24), (9, 23), (9, 22), (9, 21), (9, 20), (9, 19), (9, 18), (9, 18)], 3: [(14, 19), (13, 19), (12, 19), (11, 19), (10, 19), (9, 19), (8, 19), (8, 18), (8, 17), (7, 17), (7, 16), (7, 15), (6, 15), (6, 14), (6, 13), (7, 13), (7, 13)], 4: [(2, 23), (2, 22), (2, 21), (2, 20), (2, 19), (2, 18), (2, 17), (2, 16), (2, 15), (2, 14), (2, 13), (2, 12), (2, 11), (2, 10), (2, 9), (3, 9), (3, 8), (3, 7), (3, 6), (3, 5), (4, 5), (4, 5)]}, 81)