

CBSS-C STATS
starts:[898, 443, 88, 642, 791, 750, 269, 407, 521, 326]
targets:[670, 367, 181, 977, 1016, 684, 483, 645, 588, 934, 75, 971, 880, 921, 494]
dests:[23, 375, 772, 366, 69, 570, 203, 5, 955, 15]
ac_dict:{670: {0, 1}, 367: {1, 2}, 181: {2, 3}, 977: {3, 4}, 1016: {4, 5}, 684: {5, 6}, 483: {6, 7}, 645: {8, 7}, 588: {8, 9}, 23: {0}, 375: {1}, 772: {2}, 366: {3}, 69: {4}, 570: {5}, 203: {6}, 5: {7}, 955: {8}, 15: {9}}
clusters:[3 3 8 5 6 9 2 7 3 1 0 0 9 4 0]

round: 4
best_g_value: 298.0
open_list_size: 3
num_low_level_expanded: 2494
search_success: 1
search_time: 0.45123328687623143
n_tsp_call: 1
n_tsp_time: 0.3786365310661495
n_roots: 1
num_conflicts: 3
target_assignment: {934: 0, 75: 9, 645: 8, 880: 8, 921: 8, 1016: 4, 977: 4, 181: 2, 367: 2, 483: 7}
cluster_target_selection: {1: 934, 0: 75, 7: 645, 9: 880, 4: 921, 6: 1016, 5: 977, 8: 181, 3: 367, 2: 483}
num_nodes_transformed_graph: 57
agent_paths:({0: [(2, 28), (2, 29), (3, 29), (4, 29), (5, 29), (6, 29), (6, 28), (6, 27), (6, 26), (6, 25), (7, 25), (7, 24), (7, 23), (7, 22), (7, 21), (7, 20), (7, 19), (7, 18), (7, 17), (8, 17), (8, 16), (9, 16), (9, 15), (9, 14), (10, 14), (10, 13), (10, 12), (10, 11), (10, 10), (10, 9), (10, 8), (10, 7), (10, 6), (10, 5), (10, 4), (10, 3), (10, 2), (10, 1), (11, 1), (12, 1), (13, 1), (14, 1), (15, 1), (16, 1), (17, 1), (18, 1), (19, 1), (19, 0), (20, 0), (21, 0), (22, 0), (23, 0), (23, 0)], 1: [(27, 13), (26, 13), (25, 13), (24, 13), (23, 13), (23, 12), (23, 11), (23, 11)], 2: [(24, 2), (23, 2), (22, 2), (21, 2), (21, 3), (21, 4), (21, 5), (21, 6), (20, 6), (19, 6), (18, 6), (17, 6), (16, 6), (16, 7), (16, 8), (16, 9), (15, 9), (15, 10), (15, 11), (15, 12), (15, 13), (14, 13), (13, 13), (12, 13), (12, 14), (11, 14), (10, 14), (9, 14), (9, 15), (9, 16), (8, 16), (7, 16), (6, 16), (5, 16), (5, 17), (5, 18), (5, 19), (5, 20), (5, 21), (5, 22), (4, 22), (4, 23), (4, 24), (4, 24)], 3: [(2, 20), (2, 19), (2, 18), (2, 17), (2, 16), (3, 16), (4, 16), (5, 16), (6, 16), (7, 16), (8, 16), (9, 16), (9, 15), (10, 15), (11, 15), (11, 14), (12, 14), (12, 13), (13, 13), (14, 13), (14, 12), (14, 11), (14, 11)], 4: [(23, 24), (24, 24), (24, 25), (24, 26), (24, 27), (24, 28), (24, 29), (24, 30), (24, 31), (24, 30), (23, 30), (22, 30), (21, 30), (20, 30), (19, 30), (18, 30), (17, 30), (16, 30), (16, 29), (15, 29), (14, 29), (13, 29), (12, 29), (11, 29), (10, 29), (10, 28), (9, 28), (8, 28), (8, 27), (8, 26), (7, 26), (7, 25), (7, 24), (7, 23), (7, 22), (7, 21), (7, 20), (7, 19), (7, 18), (7, 17), (6, 17), (6, 16), (6, 15), (6, 14), (6, 13), (6, 12), (6, 11), (5, 11), (5, 10), (5, 9), (5, 8), (5, 7), (5, 6), (5, 5), (5, 4), (5, 3), (5, 2), (5, 2)], 5: [(14, 23), (15, 23), (15, 22), (15, 21), (15, 20), (15, 19), (16, 19), (16, 18), (16, 17), (17, 17), (18, 17), (19, 17), (20, 17), (21, 17), (22, 17), (23, 17), (24, 17), (25, 17), (26, 17), (26, 17)], 6: [(13, 8), (13, 7), (12, 7), (11, 7), (11, 6), (11, 6)], 7: [(23, 12), (22, 12), (21, 12), (20, 12), (19, 12), (18, 12), (17, 12), (16, 12), (15, 12), (14, 12), (14, 13), (13, 13), (12, 13), (12, 14), (11, 14), (10, 14), (9, 14), (9, 15), (9, 16), (8, 16), (7, 16), (6, 16), (5, 16), (4, 16), (3, 16), (3, 15), (3, 14), (3, 13), (3, 12), (3, 11), (3, 10), (3, 9), (3, 8), (3, 7), (3, 6), (3, 5), (3, 4), (3, 3), (3, 2), (3, 1), (3, 0), (4, 0), (5, 0), (5, 0)], 8: [(9, 16), (8, 16), (7, 16), (6, 16), (5, 16), (5, 17), (5, 18), (5, 19), (5, 20), (6, 20), (7, 20), (8, 20), (9, 20), (10, 20), (11, 20), (12, 20), (13, 20), (14, 20), (15, 20), (16, 20), (16, 21), (16, 22), (16, 23), (16, 24), (16, 25), (16, 26), (16, 27), (17, 27), (18, 27), (19, 27), (20, 27), (21, 27), (22, 27), (23, 27), (24, 27), (25, 27), (25, 28), (26, 28), (27, 28), (27, 29), (27, 29)], 9: [(6, 10), (6, 9), (7, 9), (7, 8), (7, 7), (7, 6), (7, 5), (7, 4), (7, 3), (8, 3), (9, 3), (9, 2), (10, 2), (11, 2), (11, 1), (11, 0), (12, 0), (13, 0), (14, 0), (15, 0), (15, 0)]}, 56)