

CBSS-C STATS
starts:[118, 470, 813, 443, 821, 799, 96, 765, 631, 31]
targets:[592, 508, 424, 255, 643, 732, 559, 92, 1019, 254, 889, 949, 672, 221, 40]
dests:[649, 579, 10, 380, 602, 652, 680, 486, 812, 74]
ac_dict:{592: {0, 1}, 508: {1, 2}, 424: {2, 3}, 255: {3, 4}, 643: {4, 5}, 732: {5, 6}, 559: {6, 7}, 92: {8, 7}, 1019: {8, 9}, 649: {0}, 579: {1}, 10: {2}, 380: {3}, 602: {4}, 652: {5}, 680: {6}, 486: {7}, 812: {8}, 74: {9}}
clusters:[6 4 8 4 8 3 3 9 2 2 6 5 0 7 1]

round: 1
best_g_value: 288.0
open_list_size: 0
num_low_level_expanded: 983
search_success: 1
search_time: 0.6169756292365491
n_tsp_call: 1
n_tsp_time: 0.5702160107903183
n_roots: 1
num_conflicts: 0
target_assignment: {592: 0, 732: 5, 424: 2, 40: 2, 672: 6, 254: 7, 221: 7, 92: 7, 508: 1, 949: 8}
cluster_target_selection: {6: 592, 3: 732, 8: 424, 1: 40, 0: 672, 2: 254, 7: 221, 9: 92, 4: 508, 5: 949}
num_nodes_transformed_graph: 58
agent_paths:({0: [(22, 3), (21, 3), (20, 3), (19, 3), (18, 3), (17, 3), (16, 3), (16, 4), (16, 5), (16, 6), (16, 7), (16, 8), (16, 9), (16, 10), (16, 11), (16, 12), (16, 13), (16, 14), (16, 15), (16, 16), (16, 17), (16, 18), (16, 19), (15, 19), (14, 19), (13, 19), (12, 19), (11, 19), (10, 19), (9, 19), (9, 20), (9, 20)], 1: [(22, 14), (23, 14), (24, 14), (25, 14), (26, 14), (27, 14), (28, 14), (28, 15), (27, 15), (26, 15), (25, 15), (24, 15), (23, 15), (22, 15), (21, 15), (21, 16), (20, 16), (19, 16), (19, 17), (18, 17), (17, 17), (16, 17), (15, 17), (14, 17), (13, 17), (12, 17), (11, 17), (10, 17), (9, 17), (8, 17), (7, 17), (6, 17), (5, 17), (4, 17), (3, 17), (3, 18), (3, 18)], 2: [(13, 25), (12, 25), (11, 25), (10, 25), (10, 24), (10, 23), (10, 22), (10, 21), (10, 20), (10, 19), (10, 18), (10, 17), (10, 16), (10, 15), (10, 14), (10, 13), (10, 12), (9, 12), (8, 12), (8, 13), (8, 12), (9, 12), (9, 11), (9, 10), (9, 9), (9, 8), (9, 7), (9, 6), (8, 6), (8, 5), (8, 4), (8, 3), (9, 3), (9, 2), (9, 1), (8, 1), (8, 0), (9, 0), (10, 0), (10, 0)], 3: [(27, 13), (28, 13), (28, 12), (28, 11), (28, 11)], 4: [(21, 25), (22, 25), (22, 24), (23, 24), (24, 24), (24, 23), (24, 22), (24, 21), (24, 20), (24, 19), (24, 18), (25, 18), (26, 18), (26, 18)], 5: [(31, 24), (30, 24), (29, 24), (29, 23), (29, 22), (28, 22), (27, 22), (26, 22), (26, 21), (25, 21), (24, 21), (23, 21), (22, 21), (21, 21), (20, 21), (19, 21), (18, 21), (17, 21), (16, 21), (15, 21), (14, 21), (13, 21), (12, 21), (12, 20), (12, 20)], 6: [(0, 3), (1, 3), (1, 4), (1, 5), (1, 6), (1, 7), (1, 8), (1, 9), (1, 10), (1, 11), (1, 12), (1, 13), (1, 14), (1, 15), (1, 16), (1, 17), (2, 17), (2, 18), (2, 19), (1, 19), (0, 19), (0, 20), (0, 21), (1, 21), (2, 21), (3, 21), (3, 22), (4, 22), (5, 22), (5, 21), (6, 21), (7, 21), (8, 21), (8, 21)], 7: [(29, 23), (29, 22), (29, 21), (29, 20), (29, 19), (29, 18), (29, 17), (29, 16), (29, 15), (29, 14), (29, 13), (29, 12), (29, 11), (29, 10), (29, 9), (29, 8), (29, 7), (30, 7), (29, 7), (29, 6), (28, 6), (28, 5), (28, 4), (28, 3), (28, 2), (27, 2), (27, 3), (26, 3), (25, 3), (24, 3), (23, 3), (22, 3), (21, 3), (20, 3), (19, 3), (18, 3), (17, 3), (16, 3), (16, 4), (16, 5), (15, 5), (14, 5), (13, 5), (12, 5), (11, 5), (10, 5), (10, 6), (9, 6), (8, 6), (7, 6), (7, 7), (7, 8), (7, 9), (6, 9), (6, 10), (6, 11), (6, 12), (6, 13), (6, 14), (6, 15), (6, 15)], 8: [(23, 19), (22, 19), (21, 19), (21, 20), (21, 21), (21, 22), (21, 23), (22, 23), (22, 24), (22, 25), (22, 26), (22, 27), (21, 27), (20, 27), (20, 28), (20, 29), (21, 29), (20, 29), (19, 29), (18, 29), (17, 29), (16, 29), (15, 29), (14, 29), (13, 29), (12, 29), (12, 28), (12, 27), (12, 26), (12, 25), (12, 25)], 9: [(31, 0), (30, 0), (29, 0), (28, 0), (27, 0), (27, 1), (27, 2), (27, 3), (26, 3), (25, 3), (24, 3), (23, 3), (22, 3), (21, 3), (20, 3), (19, 3), (18, 3), (17, 3), (16, 3), (16, 2), (16, 1), (15, 1), (14, 1), (13, 1), (12, 1), (11, 1), (10, 1), (10, 2), (10, 2)]}, 59)