

CBSS-C STATS
starts:[118, 542, 1011, 910, 993]
targets:[768, 971, 51, 467, 1000, 832, 179, 887, 781, 241]
dests:[351, 915, 1022, 932, 742]
ac_dict:{768: {0, 1}, 971: {1, 2}, 51: {2, 3}, 467: {3, 4}, 351: {0}, 915: {1}, 1022: {2}, 932: {3}, 742: {4}}
clusters:[0 2 3 3 4 1 3 4 0 4]

round: 1
best_g_value: 108.0
open_list_size: 0
num_low_level_expanded: 346
search_success: 1
search_time: 0.2926809638738632
n_tsp_call: 1
n_tsp_time: 0.2761018620803952
n_roots: 1
num_conflicts: 0
target_assignment: {179: 0, 1000: 3, 832: 4, 781: 1, 971: 1}
cluster_target_selection: {3: 179, 4: 1000, 1: 832, 0: 781, 2: 971}
num_nodes_transformed_graph: 48
agent_paths:({0: [(22, 3), (21, 3), (20, 3), (19, 3), (19, 4), (19, 5), (19, 6), (20, 6), (21, 6), (22, 6), (23, 6), (24, 6), (25, 6), (26, 6), (27, 6), (28, 6), (29, 6), (30, 6), (31, 6), (31, 7), (31, 8), (31, 9), (31, 10), (31, 10)], 1: [(30, 16), (29, 16), (28, 16), (27, 16), (26, 16), (25, 16), (24, 16), (23, 16), (22, 16), (21, 16), (20, 16), (19, 16), (19, 17), (18, 17), (17, 17), (16, 17), (15, 17), (14, 17), (13, 17), (13, 18), (13, 19), (13, 20), (13, 21), (13, 22), (13, 23), (13, 24), (12, 24), (11, 24), (11, 25), (11, 26), (11, 27), (11, 28), (11, 29), (11, 30), (11, 29), (11, 28), (12, 28), (13, 28), (14, 28), (15, 28), (16, 28), (17, 28), (18, 28), (19, 28), (19, 28)], 2: [(19, 31), (20, 31), (21, 31), (22, 31), (22, 30), (23, 30), (24, 30), (25, 30), (26, 30), (27, 30), (28, 30), (29, 30), (30, 30), (30, 31), (30, 31)], 3: [(14, 28), (13, 28), (12, 28), (11, 28), (10, 28), (9, 28), (8, 28), (8, 29), (8, 30), (8, 31), (7, 31), (6, 31), (5, 31), (5, 30), (5, 29), (4, 29), (4, 29)], 4: [(1, 31), (0, 31), (0, 30), (0, 29), (0, 28), (0, 27), (0, 26), (0, 25), (0, 24), (0, 23), (1, 23), (2, 23), (3, 23), (4, 23), (5, 23), (6, 23), (6, 23)]}, 43)