

CBSS-C STATS
starts:[22, 439, 914, 701, 539, 570, 976, 54, 157, 457]
targets:[656, 763, 351, 133, 438, 788, 184, 769, 541, 108]
dests:[126, 405, 73, 978, 496, 43, 934, 470, 441, 965]
ac_dict:{656: {0, 1}, 763: {1, 2}, 351: {2, 3}, 133: {3, 4}, 438: {4, 5}, 788: {5, 6}, 184: {6, 7}, 769: {8, 7}, 541: {8, 9}, 126: {0}, 405: {1}, 73: {2}, 978: {3}, 496: {4}, 43: {5}, 934: {6}, 470: {7}, 441: {8}, 965: {9}}
clusters:[0 1 2 1 4 4 2 3 3 1]

round: 7
best_g_value: 208.0
open_list_size: 6
num_low_level_expanded: 1857
search_success: 1
search_time: 2.996222077868879
n_tsp_call: 13
n_tsp_time: 2.3654072866775095
n_roots: 1
num_conflicts: 6
target_assignment: {541: 8, 656: 1, 108: 2, 184: 7, 438: 5}
cluster_target_selection: {3: 541, 0: 656, 1: 108, 2: 184, 4: 438}
num_nodes_transformed_graph: 48
agent_paths:({0: [(22, 0), (23, 0), (24, 0), (24, 1), (24, 2), (25, 2), (25, 3), (26, 3), (27, 3), (28, 3), (28, 2), (29, 2), (30, 2), (30, 3), (30, 3)], 1: [(23, 13), (22, 13), (21, 13), (20, 13), (19, 13), (18, 13), (17, 13), (16, 13), (16, 14), (16, 15), (16, 16), (16, 17), (16, 18), (16, 19), (16, 20), (16, 19), (16, 18), (16, 17), (16, 16), (17, 16), (17, 15), (17, 14), (17, 13), (17, 12), (18, 12), (19, 12), (20, 12), (21, 12), (21, 12)], 2: [(18, 28), (17, 28), (16, 28), (15, 28), (15, 27), (15, 26), (15, 25), (15, 24), (15, 23), (15, 22), (15, 21), (14, 21), (14, 20), (14, 19), (14, 18), (14, 17), (14, 16), (14, 15), (14, 14), (14, 13), (14, 12), (14, 11), (14, 10), (13, 10), (13, 9), (13, 8), (13, 7), (12, 7), (12, 6), (12, 5), (12, 4), (12, 3), (11, 3), (10, 3), (9, 3), (9, 2), (9, 2)], 3: [(29, 21), (28, 21), (27, 21), (26, 21), (25, 21), (24, 21), (23, 21), (22, 21), (21, 21), (20, 21), (19, 21), (18, 21), (18, 22), (18, 23), (18, 24), (18, 25), (18, 26), (18, 27), (18, 28), (18, 29), (18, 30), (18, 30)], 4: [(27, 16), (26, 16), (25, 16), (24, 16), (23, 16), (23, 16), (22, 16), (21, 16), (20, 16), (19, 16), (19, 15), (18, 15), (17, 15), (16, 15), (16, 15)], 5: [(26, 17), (25, 17), (24, 17), (23, 17), (22, 17), (22, 16), (22, 15), (22, 14), (22, 13), (21, 13), (20, 13), (19, 13), (18, 13), (17, 13), (16, 13), (15, 13), (14, 13), (13, 13), (12, 13), (12, 12), (12, 11), (11, 11), (11, 10), (11, 9), (11, 8), (11, 7), (11, 6), (11, 5), (11, 4), (11, 3), (11, 2), (11, 1), (11, 1)], 6: [(16, 30), (16, 29), (15, 29), (14, 29), (13, 29), (12, 29), (11, 29), (10, 29), (10, 28), (9, 28), (8, 28), (7, 28), (6, 28), (6, 29), (6, 29)], 7: [(22, 1), (23, 1), (23, 2), (23, 3), (23, 4), (23, 5), (24, 5), (23, 5), (23, 6), (22, 6), (22, 7), (22, 8), (22, 9), (22, 10), (22, 11), (22, 12), (22, 13), (22, 14), (22, 14)], 8: [(29, 4), (29, 5), (29, 6), (29, 7), (29, 8), (29, 9), (29, 10), (29, 11), (29, 12), (29, 13), (29, 14), (29, 15), (29, 16), (28, 16), (27, 16), (26, 16), (25, 16), (25, 15), (25, 14), (25, 13), (25, 13)], 9: [(9, 14), (9, 15), (9, 16), (8, 16), (7, 16), (7, 17), (7, 18), (7, 19), (7, 20), (7, 21), (7, 22), (7, 23), (7, 24), (7, 25), (6, 25), (5, 25), (5, 26), (5, 27), (5, 28), (5, 29), (5, 30), (5, 30)]}, 35)