

CBSS-C STATS
starts:[569, 46, 174, 607, 114]
targets:[244, 439, 665, 461, 571, 333, 643, 70, 326, 112, 624, 992, 291, 212, 579, 144, 560, 627, 685, 830, 269, 437, 835, 552, 35, 909, 666, 959, 77, 238, 370, 357, 679, 637, 998, 874, 257, 757, 147, 668, 235, 228, 688, 22, 525, 203, 601, 597, 42, 281]
dests:[542, 515, 164, 823, 630]
ac_dict:{244: {0, 1}, 439: {1, 2}, 665: {2, 3}, 461: {3, 4}, 542: {0}, 515: {1}, 164: {2}, 823: {3}, 630: {4}}
clusters:[ 1 23  2  8 24  8  6 21  5 19  0 12 11  4  4 13 17  6 16 27 12 18  9 19
 14  3 15 14  0  2 28 20 16 10 26 25  7 22  9 13 18  7 10 17  5 15 29 11
  1  3]

round: 1
best_g_value: 169.0
open_list_size: 0
num_low_level_expanded: 332
search_success: 1
search_time: 50.613725572000476
n_tsp_call: 1
n_tsp_time: 50.50246992299981
n_roots: 1
num_conflicts: 0
target_assignment: {601: 0, 666: 0, 571: 0, 238: 2, 269: 2, 333: 2, 326: 2, 357: 2, 228: 2, 35: 2, 70: 2, 112: 1, 144: 1, 147: 1, 212: 1, 244: 1, 437: 1, 439: 1, 597: 1, 757: 1, 909: 1, 874: 1, 998: 1, 679: 1, 637: 3, 830: 3, 370: 4, 560: 4, 624: 4, 627: 4}
cluster_target_selection: {29: 601, 15: 666, 24: 571, 2: 238, 12: 269, 8: 333, 5: 326, 20: 357, 7: 228, 14: 35, 21: 70, 19: 112, 13: 144, 9: 147, 4: 212, 1: 244, 18: 437, 23: 439, 11: 597, 22: 757, 3: 909, 25: 874, 26: 998, 16: 679, 10: 637, 27: 830, 28: 370, 17: 560, 0: 624, 6: 627}
num_nodes_transformed_graph: 248
agent_paths:({0: [(25, 17), (25, 18), (25, 19), (25, 20), (26, 20), (27, 20), (27, 19), (27, 18), (27, 17), (27, 16), (28, 16), (29, 16), (30, 16), (30, 16)], 1: [(14, 1), (15, 1), (16, 1), (16, 2), (16, 3), (16, 4), (17, 4), (18, 4), (19, 4), (19, 5), (19, 6), (20, 6), (20, 7), (21, 7), (21, 8), (21, 9), (21, 10), (21, 11), (21, 12), (21, 13), (22, 13), (23, 13), (22, 13), (21, 13), (21, 14), (21, 15), (21, 16), (21, 17), (21, 18), (21, 19), (21, 20), (21, 21), (21, 22), (21, 23), (21, 22), (20, 22), (19, 22), (18, 22), (17, 22), (16, 22), (15, 22), (15, 23), (14, 23), (13, 23), (13, 24), (13, 25), (13, 26), (13, 27), (13, 28), (12, 28), (11, 28), (10, 28), (10, 27), (9, 27), (8, 27), (8, 28), (7, 28), (6, 28), (6, 29), (6, 30), (6, 31), (6, 30), (6, 29), (6, 28), (6, 27), (6, 26), (6, 25), (7, 25), (7, 24), (7, 23), (7, 22), (7, 21), (6, 21), (5, 21), (5, 20), (5, 19), (4, 19), (4, 18), (3, 18), (3, 17), (3, 16), (3, 16)], 2: [(14, 5), (14, 6), (14, 7), (13, 7), (13, 8), (13, 9), (13, 10), (12, 10), (11, 10), (10, 10), (9, 10), (8, 10), (7, 10), (6, 10), (5, 10), (5, 11), (4, 11), (4, 10), (4, 9), (4, 8), (4, 7), (3, 7), (3, 6), (3, 5), (3, 4), (3, 3), (3, 2), (3, 1), (4, 1), (5, 1), (6, 1), (6, 2), (5, 2), (4, 2), (4, 3), (4, 4), (4, 5), (4, 5)], 3: [(31, 18), (30, 18), (29, 18), (29, 19), (29, 20), (29, 21), (29, 22), (30, 22), (30, 23), (30, 24), (30, 25), (29, 25), (28, 25), (27, 25), (26, 25), (25, 25), (24, 25), (23, 25), (23, 25)], 4: [(18, 3), (18, 4), (18, 5), (18, 6), (18, 7), (18, 8), (18, 9), (18, 10), (18, 11), (17, 11), (16, 11), (16, 12), (16, 13), (16, 14), (16, 15), (16, 16), (16, 17), (16, 18), (16, 19), (17, 19), (18, 19), (19, 19), (20, 19), (21, 19), (22, 19), (22, 19)]}, 80)