

CBSS-C STATS
starts:[574, 615, 146, 639, 469]
targets:[316, 663, 155, 804, 462, 148, 133, 581, 394, 200, 137, 905, 363, 765, 924, 557, 335, 632, 941, 1000, 655, 578, 163, 29, 787, 142, 938, 558, 40, 845, 923, 798, 1019, 592, 215, 166, 491, 897, 332, 579]
dests:[2, 328, 613, 559, 311]
ac_dict:{316: {0, 1}, 663: {1, 2}, 155: {2, 3}, 804: {3, 4}, 2: {0}, 328: {1}, 613: {2}, 559: {3}, 311: {4}}
clusters:[23 19 14  8  6 17 20  2 12  8 24  0  2 14 12  5  4 11  6 11  7  4 16 21
 10  1 13  0  9  9 15  3  3 13 22  5  1 18  7 10]

round: 2
best_g_value: 204.0
open_list_size: 1
num_low_level_expanded: 898
search_success: 1
search_time: 6.42086554000025
n_tsp_call: 1
n_tsp_time: 6.36002084599977
n_roots: 1
num_conflicts: 1
target_assignment: {316: 0, 29: 0, 148: 0, 142: 0, 137: 0, 133: 0, 163: 0, 765: 3, 798: 3, 924: 3, 923: 3, 845: 3, 941: 3, 938: 3, 897: 3, 804: 3, 557: 3, 558: 3, 215: 2, 632: 2, 663: 2, 655: 2, 581: 2, 578: 2, 579: 2}
cluster_target_selection: {23: 316, 21: 29, 17: 148, 1: 142, 24: 137, 20: 133, 16: 163, 14: 765, 3: 798, 12: 924, 15: 923, 9: 845, 6: 941, 13: 938, 18: 897, 8: 804, 5: 557, 0: 558, 22: 215, 11: 632, 19: 663, 7: 655, 2: 581, 4: 578, 10: 579}
num_nodes_transformed_graph: 100
agent_paths:({0: [(30, 17), (29, 17), (29, 16), (28, 16), (28, 15), (28, 14), (28, 13), (28, 12), (28, 11), (28, 10), (28, 9), (28, 8), (28, 7), (28, 6), (28, 5), (28, 4), (28, 3), (28, 2), (28, 1), (28, 0), (29, 0), (28, 0), (27, 0), (27, 1), (27, 2), (27, 3), (26, 3), (25, 3), (24, 3), (23, 3), (22, 3), (21, 3), (20, 3), (20, 4), (19, 4), (18, 4), (17, 4), (16, 4), (16, 5), (15, 5), (14, 5), (14, 4), (13, 4), (12, 4), (11, 4), (10, 4), (9, 4), (8, 4), (7, 4), (6, 4), (5, 4), (4, 4), (3, 4), (3, 5), (2, 5), (2, 4), (2, 3), (2, 2), (2, 1), (2, 0), (2, 0)], 1: [(7, 19), (7, 18), (7, 17), (7, 16), (7, 15), (6, 15), (6, 14), (6, 13), (6, 12), (6, 11), (6, 10), (7, 10), (8, 10), (8, 10)], 2: [(18, 4), (19, 4), (20, 4), (21, 4), (22, 4), (23, 4), (23, 5), (23, 6), (24, 6), (25, 6), (25, 7), (25, 8), (24, 8), (24, 9), (24, 10), (24, 11), (24, 12), (24, 13), (24, 14), (24, 15), (24, 16), (24, 17), (24, 18), (24, 19), (23, 19), (23, 20), (22, 20), (21, 20), (20, 20), (19, 20), (18, 20), (17, 20), (16, 20), (15, 20), (14, 20), (13, 20), (12, 20), (11, 20), (10, 20), (9, 20), (8, 20), (7, 20), (6, 20), (5, 20), (5, 19), (5, 18), (4, 18), (3, 18), (2, 18), (3, 18), (4, 18), (5, 18), (5, 19), (5, 19)], 3: [(31, 19), (30, 19), (29, 19), (29, 20), (29, 21), (29, 22), (29, 23), (30, 23), (30, 24), (29, 24), (29, 25), (29, 26), (29, 27), (28, 27), (28, 28), (27, 28), (26, 28), (25, 28), (24, 28), (23, 28), (23, 27), (22, 27), (21, 27), (20, 27), (19, 27), (18, 27), (17, 27), (16, 27), (15, 27), (14, 27), (13, 27), (13, 26), (13, 27), (13, 28), (13, 29), (12, 29), (11, 29), (10, 29), (10, 28), (9, 28), (8, 28), (7, 28), (6, 28), (5, 28), (4, 28), (4, 27), (3, 27), (2, 27), (1, 27), (1, 28), (1, 27), (2, 27), (2, 26), (2, 25), (3, 25), (4, 25), (4, 24), (4, 23), (4, 22), (5, 22), (5, 21), (5, 20), (6, 20), (6, 19), (7, 19), (7, 18), (7, 17), (8, 17), (9, 17), (10, 17), (11, 17), (12, 17), (13, 17), (14, 17), (15, 17), (15, 17)], 4: [(21, 14), (21, 13), (21, 12), (21, 11), (21, 10), (21, 9), (22, 9), (23, 9), (23, 9)]}, 74)