

CBSS-C STATS
starts:[680, 250, 445, 86, 848]
targets:[595, 464, 306, 39, 320, 886, 754, 113, 951, 728, 222, 52, 133, 841, 648, 432, 438, 527, 817, 370]
dests:[431, 483, 963, 836, 494]
ac_dict:{595: {0, 1}, 464: {1, 2}, 306: {2, 3}, 39: {3, 4}, 431: {0}, 483: {1}, 963: {2}, 836: {3}, 494: {4}}
clusters:[1 2 4 9 4 7 7 5 0 5 8 8 3 9 4 8 4 6 0 0]

round: 2
best_g_value: 158.0
open_list_size: 1
num_low_level_expanded: 713
search_success: 1
search_time: 2.021827307064086
n_tsp_call: 1
n_tsp_time: 1.9787138937972486
n_roots: 1
num_conflicts: 1
target_assignment: {648: 0, 595: 0, 370: 1, 432: 1, 464: 1, 754: 2, 841: 2, 527: 4, 113: 3, 133: 3}
cluster_target_selection: {4: 648, 1: 595, 0: 370, 8: 432, 2: 464, 7: 754, 9: 841, 6: 527, 5: 113, 3: 133}
num_nodes_transformed_graph: 98
agent_paths:({0: [(8, 21), (8, 20), (8, 19), (9, 19), (10, 19), (11, 19), (12, 19), (13, 19), (14, 19), (15, 19), (16, 19), (17, 19), (18, 19), (18, 18), (19, 18), (19, 17), (18, 17), (17, 17), (16, 17), (16, 16), (16, 15), (16, 14), (15, 14), (15, 13), (15, 13)], 1: [(26, 7), (25, 7), (25, 8), (24, 8), (23, 8), (22, 8), (21, 8), (20, 8), (20, 9), (19, 9), (18, 9), (18, 10), (18, 11), (17, 11), (16, 11), (16, 12), (16, 13), (16, 14), (15, 14), (14, 14), (13, 14), (12, 14), (11, 14), (10, 14), (9, 14), (9, 15), (9, 16), (8, 16), (7, 16), (6, 16), (5, 16), (4, 16), (3, 16), (3, 15), (3, 15)], 2: [(29, 13), (28, 13), (27, 13), (26, 13), (25, 13), (24, 13), (23, 13), (22, 13), (21, 13), (20, 13), (19, 13), (19, 14), (19, 15), (19, 16), (19, 17), (18, 17), (18, 18), (18, 19), (18, 20), (18, 21), (18, 22), (18, 23), (17, 23), (16, 23), (15, 23), (14, 23), (13, 23), (12, 23), (11, 23), (10, 23), (9, 23), (9, 24), (9, 25), (9, 26), (8, 26), (7, 26), (6, 26), (5, 26), (4, 26), (4, 27), (4, 28), (4, 29), (3, 29), (3, 30), (3, 30)], 3: [(22, 2), (21, 2), (20, 2), (20, 3), (19, 3), (18, 3), (17, 3), (16, 3), (16, 4), (16, 5), (15, 5), (14, 5), (13, 5), (12, 5), (11, 5), (10, 5), (10, 4), (9, 4), (8, 4), (7, 4), (6, 4), (5, 4), (5, 5), (5, 6), (5, 7), (4, 7), (4, 8), (4, 9), (4, 10), (4, 11), (4, 12), (4, 13), (5, 13), (5, 14), (5, 15), (5, 16), (5, 17), (5, 18), (5, 19), (5, 20), (5, 21), (5, 22), (4, 22), (4, 23), (4, 24), (4, 25), (4, 26), (4, 26)], 4: [(16, 26), (16, 25), (16, 24), (16, 23), (16, 22), (16, 21), (16, 20), (16, 19), (16, 18), (16, 17), (15, 17), (15, 16), (14, 16), (14, 15), (14, 15)]}, 46)