

CBSS-C STATS
starts:[75, 137, 301, 388, 533]
targets:[117, 279, 894, 513, 1018, 150, 462, 659, 494, 501]
dests:[952, 252, 866, 635, 602]
ac_dict:{117: {0, 1}, 279: {1, 2}, 894: {2, 3}, 513: {3, 4}, 952: {0}, 252: {1}, 866: {2}, 635: {3}, 602: {4}}
clusters:[1 3 0 0 4 2 3 1 0 3]

round: 15
best_g_value: 139.0
open_list_size: 14
num_low_level_expanded: 3529
search_success: 1
search_time: 1.1522923586890101
n_tsp_call: 10
n_tsp_time: 0.9685018975287676
n_roots: 1
num_conflicts: 14
target_assignment: {462: 0, 494: 0, 659: 0, 1018: 0, 150: 1}
cluster_target_selection: {3: 462, 0: 494, 1: 659, 4: 1018, 2: 150}
num_nodes_transformed_graph: 48
agent_paths:({0: [(11, 2), (12, 2), (13, 2), (13, 3), (13, 4), (13, 5), (13, 6), (13, 7), (13, 8), (13, 9), (14, 9), (14, 10), (14, 11), (14, 12), (14, 13), (14, 14), (14, 15), (14, 16), (15, 16), (16, 16), (17, 16), (17, 17), (18, 17), (19, 17), (19, 18), (19, 19), (19, 20), (20, 20), (21, 20), (22, 20), (23, 20), (24, 20), (25, 20), (26, 20), (26, 21), (26, 22), (26, 23), (26, 24), (26, 25), (26, 26), (26, 27), (26, 28), (26, 29), (26, 30), (26, 31), (25, 31), (24, 31), (24, 30), (24, 29), (24, 29)], 1: [(9, 4), (10, 4), (11, 4), (12, 4), (12, 4), (13, 4), (14, 4), (14, 5), (15, 5), (16, 5), (16, 4), (17, 4), (18, 4), (19, 4), (20, 4), (21, 4), (22, 4), (23, 4), (23, 5), (24, 5), (25, 5), (26, 5), (27, 5), (28, 5), (28, 6), (28, 7), (28, 7)], 2: [(13, 9), (13, 10), (12, 10), (11, 10), (10, 10), (9, 10), (8, 10), (7, 10), (6, 10), (5, 10), (4, 10), (3, 10), (2, 10), (2, 11), (2, 12), (2, 13), (2, 14), (2, 15), (2, 16), (2, 17), (2, 18), (2, 19), (2, 20), (2, 21), (2, 22), (2, 23), (2, 24), (2, 25), (2, 26), (2, 27), (2, 27)], 3: [(4, 12), (4, 13), (5, 13), (6, 13), (6, 14), (6, 15), (7, 15), (7, 16), (8, 16), (9, 16), (10, 16), (11, 16), (12, 16), (13, 16), (14, 16), (15, 16), (16, 16), (17, 16), (17, 17), (18, 17), (19, 17), (20, 17), (21, 17), (22, 17), (23, 17), (24, 17), (25, 17), (26, 17), (27, 17), (27, 18), (27, 19), (27, 19)], 4: [(21, 16), (22, 16), (23, 16), (24, 16), (25, 16), (26, 16), (26, 17), (26, 18), (26, 18)]}, 48)