

CBSS-C STATS
starts:[865, 431]
targets:[299, 368, 518, 976, 573, 97, 919, 451, 778, 356, 385, 447, 119, 367, 406, 344, 837, 852, 653, 769, 665, 409, 250, 655, 973, 977, 630, 381, 122, 407, 183, 861, 750, 47, 623, 740, 310, 856, 671, 615, 70, 237, 434, 166, 173, 552, 954, 816, 474, 301, 484, 294, 827, 289, 610, 426, 44, 607, 220, 207, 91, 994, 117, 889, 787, 241, 355, 749, 278, 449, 529, 5, 708, 746, 730, 971, 197, 132, 949, 463, 382, 107, 66, 662, 334, 558, 544, 565, 155, 11, 684, 190, 716, 873, 978, 915, 492, 223, 613, 432]
dests:[694, 274]
ac_dict:{299: {0, 1}, 694: {0}, 274: {1}}
clusters:[ 1 16 27 38 21 14 37 23  7 37 22 17  4 26 27 14 14 11 21 10  5 13 10  3
  3 15  6 35 13  8 32 35  1 19 33 34 15  9  4 34 13 27 36 16 30 37 38 25
  8 27  7 36 33 25 21 13 27 26 39  8  2 38  9 19 32  7  2 34 39  2  9 33
 35 16  8  7 18 28  1 34  9 15 20 15 10  0 38  3 24 25 23 26 38 34  8 31
 12 29 19  2]

round: 1
best_g_value: 449.0
open_list_size: 0
num_low_level_expanded: 328
search_success: 1
search_time: 10.89088346099743
n_tsp_call: 1
n_tsp_time: 10.786668323002232
n_roots: 1
num_conflicts: 0
target_assignment: {769: 0, 610: 0, 449: 0, 385: 0, 289: 0, 97: 0, 66: 0, 132: 0, 197: 0, 166: 0, 492: 0, 558: 0, 623: 0, 655: 0, 684: 0, 716: 0, 749: 0, 750: 0, 787: 0, 915: 0, 852: 0, 919: 0, 889: 0, 665: 0, 630: 0, 662: 0, 434: 1, 474: 1, 447: 1, 381: 1, 382: 1, 190: 1, 223: 1, 220: 1, 155: 1, 122: 1, 119: 1, 173: 1, 237: 1, 241: 1}
cluster_target_selection: {10: 769, 21: 610, 2: 449, 22: 385, 25: 289, 14: 97, 20: 66, 28: 132, 18: 197, 16: 166, 12: 492, 0: 558, 33: 623, 3: 655, 23: 684, 38: 716, 34: 749, 1: 750, 32: 787, 31: 915, 11: 852, 37: 919, 19: 889, 5: 665, 6: 630, 15: 662, 36: 434, 8: 474, 17: 447, 35: 381, 9: 382, 26: 190, 29: 223, 39: 220, 24: 155, 13: 122, 4: 119, 30: 173, 27: 237, 7: 241}
num_nodes_transformed_graph: 104
agent_paths:({0: [(1, 27), (0, 27), (0, 26), (0, 25), (0, 24), (1, 24), (1, 23), (1, 22), (1, 21), (1, 20), (1, 19), (2, 19), (2, 18), (2, 17), (1, 17), (1, 16), (1, 15), (1, 14), (1, 13), (1, 12), (1, 11), (1, 10), (1, 9), (1, 8), (1, 7), (1, 6), (1, 5), (1, 4), (1, 3), (1, 2), (2, 2), (3, 2), (4, 2), (4, 3), (4, 4), (5, 4), (5, 5), (5, 6), (5, 5), (6, 5), (7, 5), (8, 5), (8, 6), (9, 6), (10, 6), (11, 6), (11, 7), (11, 8), (11, 9), (11, 10), (12, 10), (12, 11), (12, 12), (12, 13), (12, 14), (12, 15), (13, 15), (14, 15), (14, 16), (14, 17), (14, 18), (14, 19), (15, 19), (15, 20), (14, 20), (13, 20), (12, 20), (12, 21), (12, 22), (13, 22), (13, 23), (14, 23), (15, 23), (16, 23), (17, 23), (18, 23), (19, 23), (19, 24), (19, 25), (19, 26), (19, 27), (19, 28), (19, 27), (19, 26), (20, 26), (20, 27), (21, 27), (22, 27), (23, 27), (23, 28), (23, 27), (24, 27), (25, 27), (25, 26), (25, 25), (25, 24), (24, 24), (24, 23), (24, 22), (24, 21), (24, 20), (25, 20), (24, 20), (23, 20), (22, 20), (22, 19), (22, 20), (22, 21), (22, 21)], 1: [(15, 13), (16, 13), (17, 13), (18, 13), (19, 13), (20, 13), (21, 13), (22, 13), (23, 13), (24, 13), (25, 13), (26, 13), (26, 14), (27, 14), (28, 14), (29, 14), (30, 14), (31, 14), (31, 13), (31, 14), (30, 14), (29, 14), (29, 13), (29, 12), (29, 11), (30, 11), (30, 10), (30, 9), (30, 8), (30, 7), (30, 6), (30, 5), (31, 5), (31, 6), (30, 6), (29, 6), (28, 6), (27, 6), (27, 5), (27, 4), (26, 4), (26, 3), (25, 3), (24, 3), (23, 3), (22, 3), (21, 3), (20, 3), (19, 3), (18, 3), (17, 3), (16, 3), (16, 4), (16, 5), (15, 5), (14, 5), (13, 5), (13, 6), (13, 7), (14, 7), (15, 7), (16, 7), (17, 7), (18, 7), (18, 8), (18, 8)]}, 107)