

CBSS-C STATS
starts:[989, 200, 658, 978, 298, 458, 21, 234, 504, 474]
targets:[403, 41, 794, 381, 668]
dests:[540, 664, 656, 220, 806, 613, 418, 637, 511, 29]
ac_dict:{403: {0, 1}, 41: {1, 2}, 794: {2, 3}, 381: {3, 4}, 668: {4, 5}, 540: {0}, 664: {1}, 656: {2}, 220: {3}, 806: {4}, 613: {5}, 418: {6}, 637: {7}, 511: {8}, 29: {9}}
clusters:[0 1 1 1 1]

round: 1
best_g_value: 198.0
open_list_size: 0
num_low_level_expanded: 829
search_success: 1
search_time: 0.12570016365498304
n_tsp_call: 1
n_tsp_time: 0.0939708361402154
n_roots: 1
num_conflicts: 0
target_assignment: {794: 3, 403: 1}
cluster_target_selection: {1: 794, 0: 403}
num_nodes_transformed_graph: 30
agent_paths:({0: [(29, 30), (29, 29), (29, 28), (29, 27), (29, 26), (29, 25), (29, 24), (29, 23), (29, 22), (29, 21), (29, 20), (29, 19), (29, 18), (29, 17), (29, 16), (28, 16), (28, 16)], 1: [(8, 6), (9, 6), (10, 6), (11, 6), (12, 6), (13, 6), (14, 6), (15, 6), (16, 6), (17, 6), (18, 6), (18, 7), (18, 8), (18, 9), (19, 9), (19, 10), (19, 11), (19, 12), (20, 12), (21, 12), (22, 12), (23, 12), (24, 12), (24, 13), (24, 14), (24, 15), (24, 16), (24, 17), (24, 18), (24, 19), (24, 20), (24, 20)], 2: [(18, 20), (17, 20), (16, 20), (16, 20)], 3: [(18, 30), (18, 29), (18, 28), (18, 27), (18, 26), (18, 25), (19, 25), (20, 25), (21, 25), (22, 25), (22, 24), (23, 24), (24, 24), (25, 24), (26, 24), (26, 23), (26, 22), (26, 21), (26, 20), (27, 20), (27, 19), (27, 18), (27, 17), (27, 16), (27, 15), (27, 14), (27, 13), (28, 13), (28, 12), (28, 11), (28, 10), (28, 9), (28, 8), (28, 7), (28, 6), (28, 6)], 4: [(10, 9), (10, 10), (10, 11), (10, 12), (10, 13), (10, 14), (9, 14), (9, 15), (9, 16), (8, 16), (7, 16), (7, 17), (7, 18), (7, 19), (7, 20), (7, 21), (7, 22), (7, 23), (7, 24), (7, 25), (6, 25), (6, 25)], 5: [(10, 14), (9, 14), (9, 15), (9, 16), (8, 16), (7, 16), (6, 16), (5, 16), (5, 17), (5, 18), (5, 19), (5, 19)], 6: [(21, 0), (20, 0), (19, 0), (19, 1), (18, 1), (17, 1), (16, 1), (15, 1), (14, 1), (13, 1), (12, 1), (11, 1), (10, 1), (9, 1), (8, 1), (7, 1), (6, 1), (5, 1), (4, 1), (3, 1), (3, 2), (3, 3), (3, 4), (3, 5), (3, 6), (3, 7), (3, 8), (3, 9), (2, 9), (2, 10), (2, 11), (2, 12), (2, 13), (2, 13)], 7: [(10, 7), (11, 7), (12, 7), (13, 7), (14, 7), (15, 7), (16, 7), (17, 7), (18, 7), (19, 7), (20, 7), (21, 7), (22, 7), (22, 8), (23, 8), (24, 8), (25, 8), (25, 9), (25, 10), (26, 10), (27, 10), (28, 10), (29, 10), (29, 11), (29, 12), (29, 13), (29, 14), (29, 15), (29, 16), (29, 17), (29, 18), (29, 19), (29, 19)], 8: [(24, 15), (25, 15), (26, 15), (27, 15), (28, 15), (29, 15), (30, 15), (31, 15), (31, 15)], 9: [(26, 14), (26, 13), (26, 12), (26, 11), (26, 10), (27, 10), (27, 9), (27, 8), (27, 7), (27, 6), (27, 5), (27, 4), (27, 3), (27, 2), (27, 1), (27, 0), (28, 0), (29, 0), (29, 0)]}, 34)