

CBSS-C STATS
starts:[739, 21, 678, 881, 277]
targets:[354, 973, 511, 594, 548, 905, 628, 487, 41, 245]
dests:[329, 324, 1002, 633, 505]
ac_dict:{354: {0, 1}, 973: {1, 2}, 511: {2, 3}, 594: {3, 4}, 329: {0}, 324: {1}, 1002: {2}, 633: {3}, 505: {4}}
clusters:[4 3 2 2 3 4 1 4 0 1]

round: 1
best_g_value: 91.0
open_list_size: 0
num_low_level_expanded: 222
search_success: 1
search_time: 0.10708952276036143
n_tsp_call: 1
n_tsp_time: 0.09332176297903061
n_roots: 1
num_conflicts: 0
target_assignment: {548: 0, 41: 1, 905: 2, 594: 3, 628: 3}
cluster_target_selection: {3: 548, 0: 41, 4: 905, 2: 594, 1: 628}
num_nodes_transformed_graph: 48
agent_paths:({0: [(3, 23), (3, 22), (3, 21), (3, 20), (2, 20), (2, 19), (2, 18), (2, 17), (3, 17), (4, 17), (4, 16), (4, 15), (5, 15), (5, 14), (5, 13), (6, 13), (6, 12), (6, 11), (6, 10), (7, 10), (8, 10), (9, 10), (9, 10)], 1: [(21, 0), (20, 0), (19, 0), (19, 1), (18, 1), (17, 1), (16, 1), (15, 1), (14, 1), (13, 1), (12, 1), (11, 1), (10, 1), (9, 1), (8, 1), (7, 1), (6, 1), (5, 1), (5, 2), (5, 3), (5, 4), (5, 5), (5, 6), (5, 7), (4, 7), (4, 8), (4, 9), (4, 10), (4, 10)], 2: [(6, 21), (7, 21), (8, 21), (9, 21), (9, 22), (9, 23), (9, 24), (9, 25), (9, 26), (9, 27), (9, 28), (10, 28), (10, 29), (10, 30), (10, 31), (10, 31)], 3: [(17, 27), (17, 26), (17, 25), (17, 24), (17, 23), (17, 22), (17, 21), (17, 20), (17, 19), (18, 19), (18, 18), (19, 18), (20, 18), (20, 19), (21, 19), (22, 19), (23, 19), (24, 19), (25, 19), (25, 19)], 4: [(21, 8), (22, 8), (23, 8), (24, 8), (25, 8), (25, 9), (25, 10), (25, 11), (25, 12), (25, 13), (25, 14), (25, 15), (25, 15)]}, 27)