

CBSS-C STATS
starts:[816, 423]
targets:[81, 454, 344, 272, 597, 997, 857, 587, 287, 279, 184, 575, 51, 237, 28, 928, 45, 414, 652, 94, 437, 449, 772, 865, 471, 688, 777, 859, 419, 748, 58, 936, 212, 153, 714, 968, 210, 41, 499, 387, 757, 440, 1014, 74, 546, 274, 190, 227, 61, 1019, 586, 95, 438, 93, 616, 560, 367, 55, 110, 841, 843, 336, 637, 328, 66, 60, 993, 334, 100, 549, 916, 222, 179, 976, 39, 36, 156, 594, 557, 357, 842, 849, 596, 292, 786, 599, 992, 167, 951, 223, 235, 689, 662, 76, 721, 99, 352, 181, 892, 903]
dests:[162, 709]
ac_dict:{81: {0, 1}, 162: {0}, 709: {1}}
clusters:[31 25 23 14 10  7  9 24  9 38 37 12  8 30  8 15 14 34 27  7  3  1  5 32
 37 13  5  4  6 17 25 19 30 29 38 19  8 20 12 21 34 21 35 18 21 38 37 14
 38  1 31 37 21 22 14  4 26  0 20 35 31 14  2 31 15 11 13 33 39 35 14 14
 28 21 27  2 19 16 22  5  2 38 20 33  5  0  8 14  5 19 36  2 21 32  8 10
 32 21 38 26]

round: 1
best_g_value: 463.0
open_list_size: 0
num_low_level_expanded: 565
search_success: 1
search_time: 9.427522799000144
n_tsp_call: 1
n_tsp_time: 9.301751192004303
n_roots: 1
num_conflicts: 0
target_assignment: {419: 1, 449: 1, 66: 1, 99: 1, 100: 1, 74: 1, 76: 1, 235: 1, 237: 1, 334: 1, 367: 1, 272: 1, 274: 1, 210: 1, 179: 1, 55: 1, 153: 1, 58: 1, 60: 1, 93: 1, 94: 1, 190: 1, 223: 1, 287: 1, 414: 1, 344: 1, 438: 1, 437: 1, 499: 1, 596: 1, 594: 1, 688: 1, 560: 1, 587: 1, 652: 1, 748: 1, 843: 1, 842: 1, 841: 1, 777: 1}
cluster_target_selection: {6: 419, 1: 449, 15: 66, 10: 99, 39: 100, 18: 74, 32: 76, 36: 235, 30: 237, 33: 334, 26: 367, 14: 272, 38: 274, 8: 210, 28: 179, 0: 55, 29: 153, 25: 58, 11: 60, 22: 93, 7: 94, 37: 190, 19: 223, 9: 287, 34: 414, 23: 344, 21: 438, 3: 437, 12: 499, 20: 596, 16: 594, 13: 688, 4: 560, 24: 587, 27: 652, 17: 748, 31: 843, 2: 842, 35: 841, 5: 777}
num_nodes_transformed_graph: 104
agent_paths:({0: [(16, 25), (15, 25), (14, 25), (13, 25), (12, 25), (11, 25), (10, 25), (9, 25), (8, 25), (7, 25), (7, 24), (7, 23), (6, 23), (5, 23), (5, 22), (5, 21), (5, 20), (5, 19), (4, 19), (4, 18), (3, 18), (3, 17), (3, 16), (3, 15), (3, 14), (3, 13), (3, 12), (3, 11), (3, 10), (3, 9), (3, 8), (3, 7), (2, 7), (2, 6), (2, 5), (2, 5)], 1: [(7, 13), (6, 13), (5, 13), (4, 13), (3, 13), (2, 13), (1, 13), (1, 14), (1, 13), (1, 12), (1, 11), (1, 10), (1, 9), (1, 8), (1, 7), (1, 6), (1, 5), (1, 4), (1, 3), (1, 2), (2, 2), (3, 2), (3, 3), (4, 3), (5, 3), (6, 3), (7, 3), (8, 3), (9, 3), (9, 2), (10, 2), (11, 2), (12, 2), (11, 2), (11, 3), (11, 4), (11, 5), (11, 6), (11, 7), (12, 7), (13, 7), (13, 8), (13, 9), (14, 9), (14, 10), (15, 10), (15, 11), (15, 10), (15, 9), (16, 9), (16, 8), (17, 8), (18, 8), (18, 7), (18, 6), (18, 5), (19, 5), (19, 4), (19, 3), (20, 3), (20, 2), (21, 2), (22, 2), (22, 1), (23, 1), (24, 1), (24, 2), (25, 2), (25, 3), (25, 4), (25, 3), (26, 3), (27, 3), (27, 2), (27, 1), (26, 1), (27, 1), (28, 1), (29, 1), (29, 2), (30, 2), (30, 3), (30, 4), (30, 5), (31, 5), (31, 6), (31, 7), (31, 8), (30, 8), (30, 9), (30, 10), (30, 11), (30, 12), (29, 12), (28, 12), (28, 11), (27, 11), (26, 11), (25, 11), (24, 11), (24, 10), (23, 10), (22, 10), (22, 11), (22, 12), (22, 13), (21, 13), (20, 13), (19, 13), (19, 14), (19, 15), (19, 16), (20, 16), (20, 17), (20, 18), (19, 18), (18, 18), (18, 19), (17, 19), (16, 19), (16, 20), (16, 21), (16, 20), (16, 19), (16, 18), (16, 17), (15, 17), (14, 17), (13, 17), (12, 17), (11, 17), (11, 18), (12, 18), (12, 19), (12, 20), (12, 21), (12, 22), (12, 23), (11, 23), (11, 24), (11, 25), (11, 26), (10, 26), (9, 26), (9, 25), (9, 24), (8, 24), (7, 24), (7, 23), (6, 23), (5, 23), (5, 22), (5, 22)]}, 151)