

CBSS-C STATS
starts:[134, 40, 974, 548, 414]
targets:[680, 875, 709, 981, 727, 799, 867, 497, 531, 586]
dests:[173, 752, 385, 234, 673]
ac_dict:{680: {0, 1}, 875: {1, 2}, 709: {2, 3}, 981: {3, 4}, 173: {0}, 752: {1}, 385: {2}, 234: {3}, 673: {4}}
clusters:[0 0 0 0 0 0 1 1 0 1]

round: 1
best_g_value: 123.0
open_list_size: 0
num_low_level_expanded: 482
search_success: 1
search_time: 0.19439195282757282
n_tsp_call: 1
n_tsp_time: 0.1757648391649127
n_roots: 1
num_conflicts: 0
target_assignment: {497: 4, 709: 2}
cluster_target_selection: {1: 497, 0: 709}
num_nodes_transformed_graph: 48
agent_paths:({0: [(6, 4), (7, 4), (8, 4), (9, 4), (10, 4), (11, 4), (12, 4), (13, 4), (13, 5), (13, 5)], 1: [(8, 1), (9, 1), (10, 1), (11, 1), (12, 1), (13, 1), (14, 1), (15, 1), (16, 1), (16, 2), (16, 3), (16, 4), (16, 5), (16, 6), (16, 7), (16, 8), (16, 9), (16, 10), (16, 11), (16, 12), (16, 13), (16, 14), (16, 15), (16, 16), (16, 17), (16, 18), (16, 19), (16, 20), (16, 21), (16, 22), (16, 23), (16, 23)], 2: [(14, 30), (13, 30), (12, 30), (11, 30), (10, 30), (9, 30), (8, 30), (8, 29), (8, 28), (8, 27), (8, 26), (7, 26), (7, 25), (7, 24), (7, 23), (6, 23), (5, 23), (5, 22), (4, 22), (3, 22), (2, 22), (2, 21), (2, 20), (2, 19), (2, 18), (2, 17), (1, 17), (1, 16), (1, 15), (1, 14), (1, 13), (1, 12), (1, 12)], 3: [(4, 17), (4, 16), (4, 15), (5, 15), (5, 14), (5, 13), (6, 13), (6, 12), (6, 11), (6, 10), (6, 9), (7, 9), (7, 8), (8, 8), (9, 8), (9, 7), (10, 7), (10, 7)], 4: [(30, 12), (29, 12), (28, 12), (28, 13), (27, 13), (26, 13), (25, 13), (24, 13), (23, 13), (22, 13), (21, 13), (20, 13), (19, 13), (18, 13), (17, 13), (17, 14), (17, 15), (16, 15), (16, 16), (15, 16), (14, 16), (13, 16), (12, 16), (11, 16), (10, 16), (9, 16), (8, 16), (7, 16), (6, 16), (5, 16), (4, 16), (3, 16), (2, 16), (2, 17), (2, 18), (2, 19), (1, 19), (1, 20), (1, 21), (1, 21)]}, 38)