

CBSS-C STATS
starts:[615, 313, 639, 96, 562]
targets:[963, 701, 828, 561, 374, 698, 769, 581, 966, 528, 537, 483, 868, 906, 939, 821, 949, 907, 251, 187, 767, 667, 609, 574, 882, 857, 460, 67, 290, 843, 327, 134, 508, 999, 807, 283, 11, 569, 368, 834, 110, 816, 706, 344, 73, 654, 404, 385, 797, 33]
dests:[744, 466, 680, 795, 399]
ac_dict:{963: {0, 1}, 701: {1, 2}, 828: {2, 3}, 561: {3, 4}, 744: {0}, 466: {1}, 680: {2}, 795: {3}, 399: {4}}
clusters:[24  2  9 37 11 38 31  9 35  7  6 10 14  4  1  8 21  3 25  3  8 12 30  4
  2 13 18 20  5 23  0  1 32 29 17 28 34 33  7  0 22 36  5 15 19 26 27  6
 39 16]

round: 1
best_g_value: 200.0
open_list_size: 0
num_low_level_expanded: 386
search_success: 1
search_time: 6.611528743000235
n_tsp_call: 1
n_tsp_time: 6.55178142800105
n_roots: 1
num_conflicts: 0
target_assignment: {581: 0, 483: 0, 609: 0, 706: 0, 769: 0, 834: 0, 868: 0, 963: 0, 966: 0, 999: 0, 939: 0, 907: 0, 843: 0, 807: 0, 561: 4, 528: 4, 574: 2, 508: 2, 537: 2, 569: 2, 667: 2, 698: 2, 251: 1, 283: 1, 344: 1, 374: 1, 404: 1, 33: 3, 67: 3, 73: 3, 11: 3, 110: 3, 460: 3, 654: 3, 816: 3, 882: 3, 949: 3, 821: 3, 857: 3, 797: 3}
cluster_target_selection: {9: 581, 10: 483, 30: 609, 5: 706, 31: 769, 0: 834, 14: 868, 24: 963, 35: 966, 29: 999, 1: 939, 3: 907, 23: 843, 17: 807, 37: 561, 7: 528, 4: 574, 32: 508, 6: 537, 33: 569, 12: 667, 38: 698, 25: 251, 28: 283, 15: 344, 11: 374, 27: 404, 16: 33, 20: 67, 19: 73, 34: 11, 22: 110, 18: 460, 26: 654, 36: 816, 2: 882, 21: 949, 8: 821, 13: 857, 39: 797}
num_nodes_transformed_graph: 127
agent_paths:({0: [(7, 19), (6, 19), (5, 19), (5, 18), (4, 18), (3, 18), (3, 17), (3, 16), (3, 15), (2, 15), (2, 16), (2, 17), (2, 18), (2, 19), (1, 19), (2, 19), (2, 20), (2, 21), (2, 22), (1, 22), (1, 23), (1, 24), (2, 24), (2, 25), (2, 26), (3, 26), (4, 26), (4, 27), (4, 28), (4, 29), (3, 29), (3, 30), (3, 29), (4, 29), (5, 29), (6, 29), (6, 30), (7, 30), (7, 31), (7, 30), (8, 30), (9, 30), (10, 30), (10, 29), (11, 29), (11, 28), (11, 27), (11, 26), (10, 26), (9, 26), (8, 26), (7, 26), (7, 25), (7, 24), (7, 23), (8, 23), (8, 23)], 1: [(25, 9), (25, 8), (25, 7), (26, 7), (27, 7), (27, 8), (27, 9), (27, 10), (26, 10), (25, 10), (24, 10), (23, 10), (22, 10), (22, 11), (21, 11), (21, 12), (20, 12), (19, 12), (18, 12), (18, 13), (18, 14), (18, 14)], 2: [(31, 19), (30, 19), (30, 18), (30, 17), (29, 17), (29, 16), (28, 16), (28, 15), (27, 15), (26, 15), (25, 15), (25, 16), (25, 17), (26, 17), (27, 17), (27, 18), (27, 19), (27, 20), (26, 20), (26, 21), (25, 21), (24, 21), (23, 21), (22, 21), (21, 21), (20, 21), (19, 21), (18, 21), (17, 21), (16, 21), (15, 21), (14, 21), (13, 21), (12, 21), (11, 21), (10, 21), (9, 21), (8, 21), (8, 21)], 3: [(0, 3), (0, 2), (0, 1), (1, 1), (2, 1), (3, 1), (3, 2), (4, 2), (5, 2), (6, 2), (6, 1), (7, 1), (8, 1), (9, 1), (9, 2), (9, 1), (9, 0), (10, 0), (11, 0), (12, 0), (13, 0), (14, 0), (14, 1), (14, 2), (14, 3), (13, 3), (13, 4), (13, 5), (13, 6), (13, 7), (13, 8), (13, 9), (13, 10), (12, 10), (12, 11), (12, 12), (12, 13), (12, 14), (13, 14), (14, 14), (14, 15), (14, 16), (14, 17), (14, 18), (14, 19), (14, 20), (15, 20), (16, 20), (16, 21), (16, 22), (16, 23), (16, 24), (16, 25), (17, 25), (18, 25), (18, 26), (18, 27), (19, 27), (20, 27), (20, 28), (20, 29), (21, 29), (20, 29), (20, 28), (20, 27), (20, 26), (20, 25), (21, 25), (22, 25), (23, 25), (24, 25), (25, 25), (25, 26), (25, 25), (25, 24), (26, 24), (27, 24), (28, 24), (29, 24), (28, 24), (27, 24), (27, 24)], 4: [(18, 17), (17, 17), (16, 17), (16, 16), (16, 15), (16, 14), (15, 14), (15, 13), (15, 12), (15, 12)]}, 80)