

CBSS-C STATS
starts:[401, 896, 999, 826, 835]
targets:[402, 205, 259, 321, 514, 700, 670, 497, 240, 851, 993, 420, 903, 294, 818, 58, 184, 682, 463, 779, 541, 685, 692, 312, 404, 199, 840, 1007, 146, 40, 433, 869, 558, 526, 1000, 775, 158, 836, 985, 25]
dests:[286, 605, 633, 887, 131]
ac_dict:{402: {0, 1}, 205: {1, 2}, 259: {2, 3}, 321: {3, 4}, 286: {0}, 605: {1}, 633: {2}, 887: {3}, 131: {4}}
clusters:[ 0  1  3 12 10  6  9 23  8 10 17 20  6  4 14 13  2 14 24  9  8  5  7 11
 18  4 15 22 16  1  0 12 13  2 19 11  7  5 21  3]

round: 1
best_g_value: 177.0
open_list_size: 0
num_low_level_expanded: 342
search_success: 1
search_time: 6.299275652000688
n_tsp_call: 1
n_tsp_time: 6.218236040000193
n_roots: 1
num_conflicts: 0
target_assignment: {402: 0, 404: 0, 146: 0, 25: 0, 158: 0, 1000: 2, 1007: 2, 985: 2, 514: 4, 420: 4, 294: 4, 40: 4, 993: 1, 869: 1, 903: 1, 840: 1, 775: 1, 779: 1, 682: 1, 685: 1, 558: 1, 526: 1, 463: 1, 497: 1, 541: 1}
cluster_target_selection: {0: 402, 18: 404, 16: 146, 3: 25, 7: 158, 19: 1000, 22: 1007, 21: 985, 10: 514, 20: 420, 4: 294, 1: 40, 17: 993, 12: 869, 6: 903, 15: 840, 11: 775, 9: 779, 14: 682, 5: 685, 13: 558, 2: 526, 24: 463, 23: 497, 8: 541}
num_nodes_transformed_graph: 198
agent_paths:({0: [(17, 12), (18, 12), (19, 12), (20, 12), (19, 12), (18, 12), (18, 11), (18, 10), (18, 9), (18, 8), (18, 7), (18, 6), (18, 5), (18, 4), (18, 3), (19, 3), (20, 3), (20, 2), (20, 1), (20, 0), (21, 0), (22, 0), (23, 0), (24, 0), (25, 0), (24, 0), (24, 1), (24, 2), (25, 2), (25, 3), (26, 3), (27, 3), (28, 3), (28, 4), (29, 4), (30, 4), (30, 5), (30, 6), (30, 7), (30, 8), (30, 8)], 1: [(0, 28), (1, 28), (1, 29), (1, 30), (1, 31), (1, 30), (1, 29), (1, 28), (1, 27), (2, 27), (3, 27), (4, 27), (5, 27), (6, 27), (6, 28), (7, 28), (8, 28), (8, 27), (8, 26), (7, 26), (7, 25), (7, 24), (8, 24), (9, 24), (10, 24), (11, 24), (10, 24), (10, 23), (10, 22), (10, 21), (11, 21), (12, 21), (13, 21), (13, 20), (13, 19), (13, 18), (13, 17), (14, 17), (14, 16), (14, 15), (14, 14), (15, 14), (16, 14), (17, 14), (17, 15), (18, 15), (19, 15), (19, 16), (20, 16), (21, 16), (22, 16), (23, 16), (24, 16), (25, 16), (26, 16), (27, 16), (28, 16), (29, 16), (29, 17), (29, 18), (29, 18)], 2: [(7, 31), (8, 31), (9, 31), (10, 31), (11, 31), (12, 31), (13, 31), (14, 31), (15, 31), (16, 31), (16, 30), (17, 30), (18, 30), (19, 30), (20, 30), (21, 30), (22, 30), (23, 30), (24, 30), (25, 30), (25, 29), (25, 28), (25, 27), (25, 26), (25, 25), (25, 24), (24, 24), (24, 23), (24, 22), (24, 21), (24, 20), (24, 19), (25, 19), (25, 19)], 3: [(26, 25), (25, 25), (24, 25), (23, 25), (23, 26), (23, 27), (23, 27)], 4: [(3, 26), (2, 26), (2, 25), (2, 24), (2, 23), (2, 22), (2, 21), (2, 20), (2, 19), (2, 18), (2, 17), (2, 16), (2, 15), (2, 14), (2, 13), (3, 13), (4, 13), (4, 12), (4, 11), (4, 10), (4, 9), (5, 9), (6, 9), (7, 9), (7, 8), (7, 7), (7, 6), (7, 5), (7, 4), (7, 3), (8, 3), (9, 3), (9, 2), (9, 1), (8, 1), (7, 1), (6, 1), (5, 1), (4, 1), (3, 1), (3, 2), (3, 3), (3, 4), (3, 4)]}, 59)