

CBSS-C STATS
starts:[546, 499, 216, 44, 717]
targets:[664, 313, 803, 514, 418, 747, 940, 829, 938, 748, 119, 623, 983, 371, 573, 583, 932, 939, 55, 170]
dests:[227, 436, 589, 298, 438]
ac_dict:{664: {0, 1}, 313: {1, 2}, 803: {2, 3}, 514: {3, 4}, 227: {0}, 436: {1}, 589: {2}, 298: {3}, 438: {4}}
clusters:[0 9 8 3 3 2 3 7 4 5 6 9 2 3 0 9 0 8 1 1]

round: 1
best_g_value: 107.0
open_list_size: 0
num_low_level_expanded: 270
search_success: 1
search_time: 3.5132514107972383
n_tsp_call: 1
n_tsp_time: 3.4868920110166073
n_roots: 1
num_conflicts: 0
target_assignment: {119: 2, 371: 2, 623: 2, 748: 4, 747: 4, 939: 4, 938: 4, 829: 4, 573: 4, 170: 3}
cluster_target_selection: {6: 119, 3: 371, 9: 623, 5: 748, 2: 747, 8: 939, 4: 938, 7: 829, 0: 573, 1: 170}
num_nodes_transformed_graph: 98
agent_paths:({0: [(2, 17), (2, 16), (2, 15), (2, 14), (2, 13), (2, 12), (2, 11), (2, 10), (2, 9), (3, 9), (3, 8), (3, 7), (3, 7)], 1: [(19, 15), (19, 14), (19, 13), (20, 13), (20, 13)], 2: [(24, 6), (23, 6), (23, 5), (23, 4), (23, 3), (22, 3), (21, 3), (21, 4), (21, 5), (21, 6), (20, 6), (20, 7), (20, 8), (20, 9), (19, 9), (19, 10), (19, 11), (18, 11), (17, 11), (16, 11), (16, 12), (16, 13), (16, 14), (16, 15), (16, 16), (16, 17), (16, 18), (16, 19), (15, 19), (14, 19), (13, 19), (13, 18), (13, 18)], 3: [(12, 1), (11, 1), (10, 1), (10, 2), (10, 3), (10, 4), (10, 5), (10, 6), (10, 7), (10, 8), (10, 9), (10, 9)], 4: [(13, 22), (12, 22), (12, 23), (11, 23), (11, 24), (11, 25), (11, 26), (11, 27), (11, 28), (11, 29), (10, 29), (10, 28), (10, 27), (10, 26), (10, 25), (11, 25), (12, 25), (13, 25), (14, 25), (15, 25), (16, 25), (17, 25), (18, 25), (19, 25), (20, 25), (21, 25), (22, 25), (23, 25), (24, 25), (25, 25), (26, 25), (27, 25), (28, 25), (29, 25), (29, 24), (29, 23), (29, 22), (29, 21), (29, 20), (29, 19), (29, 18), (29, 17), (29, 16), (28, 16), (27, 16), (26, 16), (25, 16), (24, 16), (23, 16), (22, 16), (22, 15), (22, 14), (22, 13), (22, 13)]}, 52)