

CBSS-C STATS
starts:[350, 906, 882, 67, 539]
targets:[880, 86, 58, 481, 782, 501, 492, 338, 330, 888]
dests:[486, 392, 546, 597, 1003]
ac_dict:{880: {0, 1}, 86: {1, 2}, 58: {2, 3}, 481: {3, 4}, 486: {0}, 392: {1}, 546: {2}, 597: {3}, 1003: {4}}
clusters:[0 0 4 0 1 4 3 2 0 4]

round: 1
best_g_value: 140.0
open_list_size: 0
num_low_level_expanded: 481
search_success: 1
search_time: 0.05996479094028473
n_tsp_call: 1
n_tsp_time: 0.041261641308665276
n_roots: 1
num_conflicts: 0
target_assignment: {338: 0, 492: 0, 330: 3, 888: 4, 782: 2}
cluster_target_selection: {2: 338, 3: 492, 0: 330, 4: 888, 1: 782}
num_nodes_transformed_graph: 26
agent_paths:({0: [(30, 10), (29, 10), (28, 10), (27, 10), (26, 10), (25, 10), (24, 10), (23, 10), (22, 10), (21, 10), (20, 10), (19, 10), (18, 10), (18, 11), (17, 11), (16, 11), (15, 11), (14, 11), (14, 12), (14, 13), (13, 13), (12, 13), (12, 14), (12, 15), (11, 15), (10, 15), (9, 15), (9, 16), (8, 16), (7, 16), (6, 16), (6, 15), (6, 15)], 1: [(10, 28), (10, 27), (10, 26), (10, 25), (10, 24), (10, 23), (10, 22), (10, 21), (10, 20), (10, 19), (10, 18), (10, 17), (10, 16), (10, 15), (10, 14), (10, 13), (10, 12), (9, 12), (8, 12), (8, 12)], 2: [(18, 27), (17, 27), (16, 27), (15, 27), (15, 26), (15, 25), (14, 25), (14, 24), (13, 24), (12, 24), (11, 24), (10, 24), (9, 24), (8, 24), (7, 24), (7, 23), (6, 23), (5, 23), (4, 23), (3, 23), (2, 23), (2, 22), (2, 21), (2, 20), (2, 19), (2, 18), (2, 17), (2, 17)], 3: [(3, 2), (4, 2), (5, 2), (6, 2), (6, 3), (7, 3), (8, 3), (9, 3), (10, 3), (10, 4), (10, 5), (10, 6), (10, 7), (10, 8), (10, 9), (10, 10), (11, 10), (12, 10), (13, 10), (14, 10), (15, 10), (16, 10), (16, 11), (17, 11), (18, 11), (19, 11), (19, 12), (20, 12), (21, 12), (21, 13), (21, 14), (21, 15), (21, 16), (21, 17), (21, 18), (21, 18)], 4: [(27, 16), (26, 16), (25, 16), (24, 16), (24, 17), (24, 18), (24, 19), (24, 20), (24, 21), (24, 22), (24, 23), (24, 24), (24, 25), (24, 26), (24, 27), (23, 27), (22, 27), (21, 27), (20, 27), (19, 27), (18, 27), (17, 27), (16, 27), (15, 27), (14, 27), (13, 27), (12, 27), (11, 27), (11, 28), (11, 29), (11, 30), (11, 31), (11, 31)]}, 34)