

CBSS-C STATS
starts:[688, 723, 336, 147, 11]
targets:[804, 321, 817, 748, 298, 994, 107, 401, 68, 963, 619, 1014, 997, 523, 157, 267, 105, 903, 14, 779, 517, 354, 906, 927, 40, 722, 972, 538, 996, 608, 851, 683, 179, 193, 902, 66, 290, 25, 184, 22, 503, 730, 590, 711, 43, 641, 768, 261, 758, 780]
dests:[223, 291, 137, 148, 363]
ac_dict:{804: {0, 1}, 321: {1, 2}, 817: {2, 3}, 748: {3, 4}, 223: {0}, 291: {1}, 137: {2}, 148: {3}, 363: {4}}
clusters:[ 5 23 19  6 15  0  0  3  9  4 29 26  2  9 11 20  6 25  8  7  8 17  3  7
 16 15 11 10 12 12  1 13  2 18 22 18 19  5 28 10 27  4 21 14 13 17 16 24
 14  1]

round: 1
best_g_value: 172.0
open_list_size: 0
num_low_level_expanded: 323
search_success: 1
search_time: 6.38993959399977
n_tsp_call: 1
n_tsp_time: 6.334328631000062
n_roots: 1
num_conflicts: 0
target_assignment: {590: 0, 503: 0, 538: 0, 184: 0, 43: 4, 40: 4, 105: 4, 107: 4, 267: 4, 758: 1, 1014: 1, 972: 1, 906: 1, 903: 1, 902: 1, 996: 1, 997: 1, 963: 1, 804: 1, 779: 1, 780: 1, 619: 1, 523: 1, 517: 1, 261: 1, 193: 1, 321: 1, 354: 1, 290: 1, 298: 2}
cluster_target_selection: {21: 590, 27: 503, 10: 538, 28: 184, 13: 43, 16: 40, 6: 105, 0: 107, 20: 267, 14: 758, 26: 1014, 11: 972, 3: 906, 25: 903, 22: 902, 12: 996, 2: 997, 4: 963, 5: 804, 7: 779, 1: 780, 29: 619, 9: 523, 8: 517, 24: 261, 18: 193, 23: 321, 17: 354, 19: 290, 15: 298}
num_nodes_transformed_graph: 125
agent_paths:({0: [(16, 21), (15, 21), (14, 21), (14, 20), (14, 19), (14, 18), (14, 17), (15, 17), (16, 17), (17, 17), (18, 17), (19, 17), (19, 16), (20, 16), (21, 16), (21, 15), (22, 15), (23, 15), (24, 15), (25, 15), (26, 15), (26, 16), (25, 16), (25, 15), (25, 14), (25, 13), (25, 12), (25, 11), (25, 10), (25, 9), (25, 8), (25, 7), (25, 6), (24, 6), (24, 5), (25, 5), (26, 5), (27, 5), (28, 5), (29, 5), (30, 5), (31, 5), (31, 6), (31, 6)], 1: [(19, 22), (20, 22), (21, 22), (21, 23), (22, 23), (22, 24), (22, 25), (22, 26), (22, 27), (23, 27), (23, 28), (23, 29), (23, 30), (22, 30), (22, 31), (21, 31), (20, 31), (19, 31), (18, 31), (17, 31), (16, 31), (15, 31), (14, 31), (13, 31), (12, 31), (12, 30), (11, 30), (10, 30), (10, 29), (10, 28), (9, 28), (8, 28), (7, 28), (6, 28), (5, 28), (5, 29), (5, 30), (5, 31), (4, 31), (5, 31), (5, 30), (5, 29), (4, 29), (3, 29), (3, 30), (3, 29), (4, 29), (4, 28), (4, 27), (4, 26), (4, 25), (5, 25), (6, 25), (7, 25), (7, 24), (8, 24), (9, 24), (10, 24), (11, 24), (12, 24), (11, 24), (11, 23), (11, 22), (11, 21), (11, 20), (11, 19), (11, 18), (11, 17), (11, 16), (10, 16), (9, 16), (8, 16), (7, 16), (6, 16), (5, 16), (5, 15), (5, 14), (5, 13), (4, 13), (4, 12), (4, 11), (4, 10), (4, 9), (4, 8), (5, 8), (4, 8), (3, 8), (3, 7), (2, 7), (1, 7), (1, 6), (1, 7), (1, 8), (1, 9), (1, 10), (2, 10), (2, 11), (2, 10), (2, 9), (3, 9), (3, 9)], 2: [(16, 10), (15, 10), (14, 10), (13, 10), (12, 10), (11, 10), (10, 10), (10, 9), (10, 8), (10, 7), (10, 6), (10, 5), (10, 4), (9, 4), (9, 4)], 3: [(19, 4), (20, 4), (20, 4)], 4: [(11, 0), (11, 1), (10, 1), (9, 1), (8, 1), (9, 1), (9, 2), (9, 3), (10, 3), (11, 3), (11, 4), (11, 5), (11, 6), (11, 7), (11, 8), (11, 9), (11, 10), (11, 11), (11, 11)]}, 99)