

CBSS-C STATS
starts:[579, 317]
targets:[866, 460, 385, 904, 855, 812, 945, 574, 494, 994, 293, 330, 615, 56, 195, 727, 672, 4, 711, 868, 632, 851, 235, 931, 790, 631, 613, 998, 199, 752, 122, 64, 664, 426, 374, 265, 215, 969, 948, 906, 376, 562, 843, 241, 130, 303, 606, 802, 930, 963, 732, 694, 445, 155, 138, 260, 458, 936, 21, 628, 481, 124, 624, 89, 161, 101, 301, 938, 609, 565, 266, 295, 320, 412, 126, 902, 560, 442, 100, 699, 523, 828, 992, 928, 186, 661, 865, 68, 788, 504, 525, 233, 22, 369, 103, 638, 537, 959, 114, 618]
dests:[923, 754]
ac_dict:{866: {0, 1}, 923: {0}, 754: {1}}
clusters:[27  8 18  4 18  7 18 31 16 15  9 22 28 12  2 33 17 23 23  2 24  9 29 27
  1 28 29 26 33 28  7 33 39 36  8 32 11 15  1  5 19 37  0  5  7  1 36 39
 14 12  2 23 24 10  2 33  7 18 38 34 21 30 32 19  0 25  5 39  0  2 20 15
  3  7  2  5  3  0 19 36 23 13 31 22 27 24 36 31 16 24 33  6 21 23  4 35
 25 15 13  8]

round: 1
best_g_value: 441.0
open_list_size: 0
num_low_level_expanded: 308
search_success: 1
search_time: 7.5987284910006565
n_tsp_call: 1
n_tsp_time: 7.489483425000799
n_roots: 1
num_conflicts: 0
target_assignment: {609: 0, 672: 0, 802: 0, 866: 0, 930: 0, 998: 0, 969: 0, 936: 0, 904: 0, 906: 0, 851: 0, 788: 0, 790: 0, 732: 0, 574: 0, 638: 0, 828: 0, 155: 1, 124: 1, 89: 1, 56: 1, 21: 1, 22: 1, 215: 1, 235: 1, 233: 1, 265: 1, 266: 1, 330: 1, 426: 1, 458: 1, 460: 1, 523: 1, 525: 1, 560: 1, 562: 1, 537: 1, 632: 1, 631: 1, 628: 1}
cluster_target_selection: {0: 609, 17: 672, 39: 802, 27: 866, 14: 930, 26: 998, 15: 969, 18: 936, 4: 904, 5: 906, 9: 851, 16: 788, 1: 790, 2: 732, 31: 574, 35: 638, 13: 828, 10: 155, 30: 124, 19: 89, 12: 56, 38: 21, 21: 22, 11: 215, 29: 235, 6: 233, 32: 265, 20: 266, 22: 330, 36: 426, 7: 458, 8: 460, 23: 523, 33: 525, 3: 560, 37: 562, 25: 537, 24: 632, 28: 631, 34: 628}
num_nodes_transformed_graph: 104
agent_paths:({0: [(3, 18), (2, 18), (2, 19), (1, 19), (0, 19), (0, 20), (0, 21), (1, 21), (2, 21), (2, 22), (2, 23), (2, 24), (2, 25), (2, 26), (2, 27), (2, 28), (2, 29), (3, 29), (4, 29), (5, 29), (6, 29), (6, 30), (6, 31), (6, 30), (7, 30), (8, 30), (9, 30), (8, 30), (8, 29), (8, 28), (9, 28), (10, 28), (10, 27), (11, 27), (12, 27), (13, 27), (14, 27), (15, 27), (15, 26), (16, 26), (17, 26), (18, 26), (19, 26), (19, 25), (19, 24), (20, 24), (20, 25), (21, 25), (22, 25), (22, 24), (23, 24), (24, 24), (25, 24), (26, 24), (26, 23), (26, 22), (27, 22), (28, 22), (28, 21), (28, 20), (29, 20), (29, 19), (29, 18), (29, 17), (30, 17), (30, 18), (30, 19), (29, 19), (29, 20), (29, 21), (29, 22), (29, 23), (29, 24), (28, 24), (28, 25), (27, 25), (27, 26), (27, 27), (27, 28), (27, 28)], 1: [(29, 9), (28, 9), (27, 9), (27, 8), (27, 7), (27, 6), (27, 5), (27, 4), (27, 3), (28, 3), (27, 3), (26, 3), (25, 3), (25, 2), (24, 2), (24, 1), (23, 1), (22, 1), (22, 0), (21, 0), (22, 0), (23, 0), (23, 1), (23, 2), (23, 3), (23, 4), (23, 5), (23, 6), (22, 6), (21, 6), (20, 6), (19, 6), (18, 6), (17, 6), (16, 6), (15, 6), (14, 6), (13, 6), (12, 6), (11, 6), (11, 7), (10, 7), (9, 7), (9, 8), (10, 8), (10, 9), (10, 10), (10, 11), (10, 12), (10, 13), (10, 14), (11, 14), (12, 14), (11, 14), (11, 15), (11, 16), (12, 16), (13, 16), (14, 16), (15, 16), (16, 16), (16, 17), (17, 17), (18, 17), (19, 17), (19, 16), (20, 16), (21, 16), (22, 16), (23, 16), (24, 16), (25, 16), (24, 16), (24, 17), (24, 18), (24, 19), (23, 19), (22, 19), (21, 19), (20, 19), (19, 19), (18, 19), (18, 20), (18, 21), (18, 22), (18, 23), (18, 23)]}, 85)