

CBSS-C STATS
starts:[374, 877]
targets:[40, 256, 722, 843, 228, 708, 14, 474, 536, 959, 794, 37, 356, 430, 875, 784, 845, 281, 450, 838, 775, 286, 316, 570, 685, 297, 306, 832, 96, 602, 54, 819, 501, 166, 368, 696, 6, 1000, 47, 510, 25, 226, 307, 101, 787, 242, 542, 662, 179, 377, 237, 555, 1019, 876, 948, 849, 499, 596, 672, 376, 795, 114, 574, 288, 234, 762, 183, 635, 321, 667, 148, 728, 132, 998, 218, 777, 168, 731, 475, 823, 334, 325, 60, 341, 29, 485, 561, 382, 511, 74, 1009, 186, 752, 386, 468, 390, 273, 609, 492, 855]
dests:[497, 519]
ac_dict:{40: {0, 1}, 497: {0}, 519: {1}}
clusters:[28 33  5 13  3 30 13 15 22 38 20 12 18 15 32 31 27  0 11 38 25 22 37 30
  6 34  6 18 28  8 31 30 30 19 22  8 31 20  9 10  8 29 36 27 15 28 35 36
 25 34  2 13 26 37 26 29 14 25 36 16 11 33 26 39 15  0  3 35 29 12  1 17
 39  8 23 37 16  4 21  5 25  7 15 37 28 21  4 37 26 24 32 17 38 30 17 21
 27 23 33  3]

round: 1
best_g_value: 430.0
open_list_size: 0
num_low_level_expanded: 271
search_success: 1
search_time: 10.590311271000246
n_tsp_call: 1
n_tsp_time: 10.484874480003782
n_roots: 1
num_conflicts: 0
target_assignment: {307: 0, 306: 0, 242: 0, 237: 0, 234: 0, 166: 0, 132: 0, 101: 0, 74: 0, 47: 0, 114: 0, 148: 0, 183: 0, 186: 0, 218: 0, 281: 0, 377: 0, 376: 0, 536: 0, 510: 0, 542: 0, 574: 0, 602: 0, 667: 0, 731: 0, 795: 0, 794: 0, 819: 0, 849: 0, 784: 0, 752: 0, 722: 0, 499: 0, 876: 1, 875: 1, 843: 1, 775: 1, 325: 1, 356: 1, 390: 1}
cluster_target_selection: {36: 307, 6: 306, 28: 242, 2: 237, 15: 234, 19: 166, 39: 132, 27: 101, 24: 74, 9: 47, 33: 114, 1: 148, 3: 183, 17: 186, 23: 218, 0: 281, 34: 377, 16: 376, 22: 536, 10: 510, 35: 542, 26: 574, 8: 602, 12: 667, 4: 731, 11: 795, 20: 794, 30: 819, 29: 849, 31: 784, 38: 752, 5: 722, 14: 499, 37: 876, 32: 875, 13: 843, 25: 775, 7: 325, 18: 356, 21: 390}
num_nodes_transformed_graph: 104
agent_paths:({0: [(22, 11), (21, 11), (21, 10), (20, 10), (19, 10), (19, 9), (18, 9), (18, 8), (18, 7), (17, 7), (16, 7), (15, 7), (14, 7), (13, 7), (12, 7), (11, 7), (10, 7), (9, 7), (9, 6), (8, 6), (7, 6), (7, 5), (6, 5), (5, 5), (4, 5), (4, 4), (4, 3), (5, 3), (6, 3), (7, 3), (8, 3), (9, 3), (9, 2), (10, 2), (10, 1), (11, 1), (12, 1), (13, 1), (14, 1), (15, 1), (16, 1), (17, 1), (17, 2), (17, 3), (18, 3), (19, 3), (20, 3), (20, 4), (21, 4), (22, 4), (23, 4), (23, 5), (24, 5), (25, 5), (26, 5), (26, 6), (25, 6), (25, 7), (25, 8), (25, 9), (25, 10), (25, 11), (24, 11), (24, 12), (24, 13), (24, 14), (24, 15), (24, 16), (24, 15), (25, 15), (26, 15), (27, 15), (28, 15), (29, 15), (30, 15), (30, 16), (30, 17), (29, 17), (29, 18), (28, 18), (27, 18), (26, 18), (27, 18), (27, 19), (27, 20), (27, 21), (27, 22), (27, 23), (27, 24), (26, 24), (25, 24), (24, 24), (23, 24), (22, 24), (22, 25), (21, 25), (20, 25), (19, 25), (18, 25), (17, 25), (17, 26), (16, 26), (16, 25), (16, 24), (16, 23), (16, 22), (17, 22), (18, 22), (18, 21), (18, 20), (18, 19), (18, 18), (18, 17), (19, 17), (19, 16), (19, 15), (18, 15), (17, 15), (17, 15)], 1: [(13, 27), (12, 27), (11, 27), (11, 26), (10, 26), (9, 26), (8, 26), (7, 26), (7, 25), (7, 24), (7, 23), (7, 22), (7, 21), (7, 20), (7, 19), (7, 18), (7, 17), (6, 17), (6, 16), (6, 15), (6, 14), (6, 13), (6, 12), (6, 11), (5, 11), (5, 10), (4, 10), (4, 11), (5, 11), (6, 11), (6, 12), (6, 13), (6, 14), (6, 15), (7, 15), (7, 16), (7, 16)]}, 117)