

CBSS-C STATS
starts:[902, 69, 913, 269, 945]
targets:[388, 966, 999, 600, 124, 52, 39, 548, 709, 613]
dests:[599, 601, 480, 424, 491]
ac_dict:{388: {0, 1}, 966: {1, 2}, 999: {2, 3}, 600: {3, 4}, 599: {0}, 601: {1}, 480: {2}, 424: {3}, 491: {4}}
clusters:[0 2 4 2 0 1 3 3 4 1]

round: 1
best_g_value: 131.0
open_list_size: 0
num_low_level_expanded: 468
search_success: 1
search_time: 0.09120307397097349
n_tsp_call: 1
n_tsp_time: 0.07059078384190798
n_roots: 1
num_conflicts: 0
target_assignment: {388: 1, 966: 2, 709: 2, 613: 2, 548: 2}
cluster_target_selection: {0: 388, 2: 966, 4: 709, 1: 613, 3: 548}
num_nodes_transformed_graph: 29
agent_paths:({0: [(6, 28), (6, 27), (6, 26), (6, 25), (7, 25), (7, 24), (7, 23), (7, 22), (7, 21), (7, 20), (7, 19), (8, 19), (9, 19), (10, 19), (11, 19), (12, 19), (13, 19), (14, 19), (15, 19), (16, 19), (17, 19), (18, 19), (18, 18), (19, 18), (20, 18), (21, 18), (22, 18), (23, 18), (23, 18)], 1: [(5, 2), (5, 3), (5, 4), (5, 5), (5, 6), (5, 7), (4, 7), (4, 8), (4, 9), (4, 10), (4, 11), (4, 12), (4, 13), (5, 13), (6, 13), (6, 14), (6, 15), (7, 15), (7, 16), (8, 16), (9, 16), (10, 16), (11, 16), (12, 16), (13, 16), (14, 16), (15, 16), (16, 16), (17, 16), (17, 17), (18, 17), (19, 17), (20, 17), (21, 17), (22, 17), (23, 17), (24, 17), (25, 17), (25, 18), (25, 18)], 2: [(17, 28), (16, 28), (15, 28), (14, 28), (13, 28), (12, 28), (11, 28), (10, 28), (9, 28), (8, 28), (7, 28), (6, 28), (6, 29), (6, 30), (5, 30), (5, 29), (5, 28), (5, 27), (5, 26), (5, 25), (4, 25), (4, 24), (4, 23), (4, 22), (5, 22), (5, 21), (5, 20), (5, 19), (4, 19), (4, 18), (4, 17), (3, 17), (2, 17), (1, 17), (1, 16), (1, 15), (0, 15), (0, 15)], 3: [(13, 8), (13, 9), (13, 10), (12, 10), (11, 10), (10, 10), (9, 10), (9, 11), (9, 12), (8, 12), (8, 13), (8, 13)], 4: [(17, 29), (16, 29), (15, 29), (14, 29), (13, 29), (12, 29), (11, 29), (11, 28), (11, 27), (11, 26), (11, 25), (11, 24), (11, 23), (11, 22), (11, 21), (11, 20), (11, 19), (11, 18), (11, 17), (11, 16), (11, 15), (11, 15)]}, 38)