

CBSS-C STATS
starts:[89, 797]
targets:[313, 561, 219, 177, 398, 914, 204, 426, 907, 546, 785, 670, 24, 557, 345, 492, 471, 955, 1003, 643, 990, 185, 791, 482, 805, 505, 528, 527, 14, 325, 51, 552, 25, 808, 1019, 1004, 771, 679, 458, 574, 513, 401, 41, 308, 191, 1008, 1009, 402, 654, 159, 10, 737, 923, 195, 651, 312, 866, 52, 97, 618, 839, 807, 1018, 376, 317, 469, 879, 366, 790, 996, 548, 921, 510, 535, 515, 147, 607, 242, 157, 948, 972, 723, 240, 677, 962, 243, 850, 855, 826, 30, 190, 394, 669, 710, 922, 13, 538, 161, 930, 148]
dests:[93, 878]
ac_dict:{313: {0, 1}, 93: {0}, 878: {1}}
clusters:[34 10  9  4  4 25 10 30 25 31  7 12  0 13 32 28 19  3 18 25  6 38  3  2
 14  6 20 33 27  5 32 25 26 15  8 30 23 22 17  2 22 36  2  1 17 31 36  3
 18  3 32  3 29  2 38  2 38 23 14 12 11 32 31 17 35 11  7 23 17  5 17  3
 28 17  2 39 16 28 24 30 21 18 24 37 39  2 14 35 19 15 16 16 28 38 24 26
 29 22 30  8]

round: 1
best_g_value: 426.0
open_list_size: 0
num_low_level_expanded: 269
search_success: 1
search_time: 50.595570579003834
n_tsp_call: 1
n_tsp_time: 50.42411996500596
n_roots: 1
num_conflicts: 0
target_assignment: {24: 0, 52: 0, 51: 0, 14: 0, 13: 0, 177: 0, 148: 0, 147: 0, 308: 0, 313: 0, 317: 0, 219: 0, 157: 0, 159: 0, 191: 0, 190: 0, 669: 1, 670: 1, 574: 1, 538: 1, 505: 1, 471: 1, 469: 1, 561: 1, 528: 1, 527: 1, 557: 1, 552: 1, 679: 1, 677: 1, 710: 1, 808: 1, 805: 1, 996: 1, 1003: 1, 1004: 1, 972: 1, 1009: 1, 1008: 1, 879: 1}
cluster_target_selection: {0: 24, 23: 52, 32: 51, 27: 14, 26: 13, 4: 177, 8: 148, 39: 147, 1: 308, 34: 313, 35: 317, 9: 219, 24: 157, 3: 159, 17: 191, 16: 190, 28: 669, 12: 670, 2: 574, 29: 538, 6: 505, 19: 471, 11: 469, 10: 561, 20: 528, 33: 527, 13: 557, 25: 552, 22: 679, 37: 677, 38: 710, 15: 808, 14: 805, 5: 996, 18: 1003, 30: 1004, 21: 972, 36: 1009, 31: 1008, 7: 879}
num_nodes_transformed_graph: 204
agent_paths:({0: [(25, 2), (24, 2), (24, 1), (24, 0), (23, 0), (22, 0), (21, 0), (20, 0), (20, 1), (19, 1), (18, 1), (17, 1), (16, 1), (15, 1), (14, 1), (14, 0), (13, 0), (14, 0), (15, 0), (16, 0), (16, 1), (17, 1), (17, 2), (17, 3), (17, 4), (17, 5), (17, 4), (18, 4), (19, 4), (20, 4), (19, 4), (19, 5), (19, 6), (20, 6), (20, 7), (20, 8), (20, 9), (21, 9), (22, 9), (23, 9), (24, 9), (25, 9), (25, 10), (26, 10), (27, 10), (27, 9), (28, 9), (29, 9), (28, 9), (27, 9), (27, 8), (27, 7), (27, 6), (27, 5), (27, 4), (28, 4), (29, 4), (30, 4), (31, 4), (31, 5), (30, 5), (30, 4), (30, 3), (30, 2), (29, 2), (29, 2)], 1: [(29, 24), (29, 23), (29, 22), (29, 21), (29, 20), (30, 20), (30, 19), (30, 18), (30, 17), (29, 17), (29, 16), (28, 16), (27, 16), (26, 16), (25, 16), (25, 15), (24, 15), (23, 15), (23, 14), (22, 14), (21, 14), (20, 14), (19, 14), (18, 14), (17, 14), (17, 15), (17, 16), (17, 17), (16, 17), (16, 16), (15, 16), (14, 16), (13, 16), (13, 17), (12, 17), (11, 17), (10, 17), (9, 17), (8, 17), (7, 17), (7, 18), (7, 19), (7, 20), (7, 21), (6, 21), (5, 21), (6, 21), (6, 22), (7, 22), (8, 22), (8, 23), (8, 24), (8, 25), (7, 25), (6, 25), (5, 25), (5, 26), (5, 27), (5, 28), (5, 29), (5, 30), (5, 31), (4, 31), (5, 31), (6, 31), (7, 31), (8, 31), (9, 31), (10, 31), (11, 31), (12, 31), (12, 30), (13, 30), (14, 30), (14, 31), (15, 31), (16, 31), (17, 31), (16, 31), (16, 30), (16, 29), (15, 29), (15, 28), (15, 27), (14, 27), (14, 27)]}, 84)