

CBSS-C STATS
starts:[590, 173, 886, 351, 481]
targets:[51, 276, 587, 305, 675, 594, 808, 149, 30, 402, 76, 151, 150, 43, 735, 385, 64, 67, 108, 317, 348, 472, 430, 5, 505, 336, 680, 47, 685, 110, 1007, 491, 437, 179, 930, 847, 350, 552, 862, 1]
dests:[618, 202, 311, 319, 745]
ac_dict:{51: {0, 1}, 276: {1, 2}, 587: {2, 3}, 305: {3, 4}, 618: {0}, 202: {1}, 311: {2}, 319: {3}, 745: {4}}
clusters:[16 24 11  8  6  2  9 20 14  7 18  4  3 13 15  4 17 12 12 13 10  8  2  0
 21 11 14  7 10  0  1  3  1  5 22  9 23  5 19  6]

round: 1
best_g_value: 155.0
open_list_size: 0
num_low_level_expanded: 301
search_success: 1
search_time: 4.681199083999672
n_tsp_call: 1
n_tsp_time: 4.641106668999782
n_roots: 1
num_conflicts: 0
target_assignment: {862: 2, 735: 2, 505: 2, 472: 2, 437: 2, 430: 2, 336: 2, 276: 2, 179: 1, 151: 1, 150: 1, 149: 1, 51: 1, 47: 1, 76: 1, 43: 1, 5: 1, 1: 1, 64: 1, 67: 1, 348: 3, 350: 3, 930: 4, 808: 4, 680: 4}
cluster_target_selection: {19: 862, 15: 735, 21: 505, 8: 472, 1: 437, 2: 430, 11: 336, 24: 276, 5: 179, 4: 151, 3: 150, 20: 149, 16: 51, 7: 47, 18: 76, 13: 43, 0: 5, 6: 1, 17: 64, 12: 67, 10: 348, 23: 350, 22: 930, 9: 808, 14: 680}
num_nodes_transformed_graph: 100
agent_paths:({0: [(14, 18), (13, 18), (12, 18), (11, 18), (10, 18), (10, 19), (10, 19)], 1: [(13, 5), (14, 5), (15, 5), (16, 5), (17, 5), (18, 5), (19, 5), (19, 4), (20, 4), (21, 4), (22, 4), (23, 4), (22, 4), (21, 4), (20, 4), (20, 3), (20, 2), (20, 1), (19, 1), (18, 1), (17, 1), (16, 1), (15, 1), (14, 1), (13, 1), (12, 1), (12, 2), (11, 2), (11, 1), (10, 1), (9, 1), (8, 1), (7, 1), (6, 1), (5, 1), (5, 0), (4, 0), (3, 0), (2, 0), (1, 0), (0, 0), (0, 1), (0, 2), (1, 2), (2, 2), (3, 2), (4, 2), (5, 2), (6, 2), (6, 3), (7, 3), (8, 3), (9, 3), (10, 3), (10, 4), (10, 5), (10, 6), (10, 6)], 2: [(22, 27), (23, 27), (24, 27), (25, 27), (26, 27), (27, 27), (28, 27), (29, 27), (29, 26), (30, 26), (30, 25), (30, 24), (30, 23), (30, 22), (31, 22), (30, 22), (29, 22), (28, 22), (27, 22), (26, 22), (26, 21), (25, 21), (25, 20), (25, 19), (25, 18), (25, 17), (25, 16), (25, 15), (24, 15), (24, 14), (23, 14), (22, 14), (21, 14), (21, 13), (20, 13), (19, 13), (18, 13), (17, 13), (16, 13), (15, 13), (14, 13), (14, 12), (14, 11), (14, 10), (15, 10), (16, 10), (16, 9), (17, 9), (18, 9), (19, 9), (20, 9), (20, 8), (21, 8), (22, 8), (23, 8), (23, 9), (23, 9)], 3: [(31, 10), (30, 10), (29, 10), (28, 10), (29, 10), (30, 10), (30, 9), (31, 9), (31, 9)], 4: [(1, 15), (2, 15), (2, 16), (2, 17), (2, 18), (2, 19), (2, 20), (2, 21), (2, 22), (2, 23), (2, 24), (2, 25), (2, 26), (2, 27), (2, 28), (2, 29), (2, 28), (2, 27), (2, 26), (2, 25), (3, 25), (4, 25), (5, 25), (6, 25), (7, 25), (8, 25), (8, 24), (8, 23), (8, 22), (8, 21), (9, 21), (9, 22), (9, 23), (9, 23)]}, 56)