

CBSS-C STATS
starts:[742, 342, 887, 13, 907]
targets:[420, 419, 801, 549, 619, 423, 334, 249, 810, 323, 949, 926, 701, 68, 872, 984, 195, 407, 279, 993, 433, 525, 44, 1008, 109, 405, 550, 793, 630, 349, 49, 65, 468, 54, 745, 624, 412, 287, 934, 883]
dests:[599, 639, 732, 177, 822]
ac_dict:{420: {0, 1}, 419: {1, 2}, 801: {2, 3}, 549: {3, 4}, 599: {0}, 639: {1}, 732: {2}, 177: {3}, 822: {4}}
clusters:[13 12 12 14 13  3  3  9 15  1 14  8  4 16 22 24  0  6  5  7 19  5  7  6
 10 11 17 23 21  1  9  0  2  4  2 11  8 10 20 18]

round: 1
best_g_value: 173.0
open_list_size: 0
num_low_level_expanded: 368
search_success: 1
search_time: 7.9741760349998
n_tsp_call: 1
n_tsp_time: 7.931573050000225
n_roots: 1
num_conflicts: 0
target_assignment: {934: 0, 872: 0, 810: 0, 745: 0, 619: 0, 624: 0, 630: 0, 109: 1, 68: 1, 195: 1, 323: 1, 419: 1, 423: 1, 550: 1, 525: 1, 433: 1, 407: 1, 412: 1, 44: 3, 49: 3, 793: 2, 701: 2, 883: 4, 949: 4, 984: 4}
cluster_target_selection: {20: 934, 22: 872, 15: 810, 2: 745, 13: 619, 11: 624, 21: 630, 10: 109, 16: 68, 0: 195, 1: 323, 12: 419, 3: 423, 17: 550, 5: 525, 19: 433, 6: 407, 8: 412, 7: 44, 9: 49, 23: 793, 4: 701, 18: 883, 14: 949, 24: 984}
num_nodes_transformed_graph: 103
agent_paths:({0: [(6, 23), (7, 23), (7, 24), (7, 25), (6, 25), (6, 26), (6, 27), (6, 28), (6, 29), (6, 28), (7, 28), (8, 28), (8, 27), (8, 26), (8, 25), (9, 25), (10, 25), (9, 25), (9, 24), (9, 23), (9, 22), (9, 21), (9, 20), (9, 19), (10, 19), (11, 19), (12, 19), (13, 19), (14, 19), (15, 19), (16, 19), (17, 19), (18, 19), (19, 19), (20, 19), (21, 19), (22, 19), (22, 18), (23, 18), (23, 18)], 1: [(22, 10), (21, 10), (20, 10), (19, 10), (18, 10), (18, 9), (17, 9), (16, 9), (15, 9), (14, 9), (13, 9), (13, 8), (13, 7), (13, 6), (13, 5), (13, 4), (13, 3), (12, 3), (11, 3), (10, 3), (9, 3), (8, 3), (7, 3), (6, 3), (5, 3), (4, 3), (4, 2), (3, 2), (3, 3), (3, 4), (3, 5), (3, 6), (3, 7), (3, 8), (3, 9), (3, 10), (3, 11), (3, 12), (3, 13), (4, 13), (5, 13), (6, 13), (7, 13), (6, 13), (6, 14), (6, 15), (6, 16), (6, 17), (6, 16), (7, 16), (8, 16), (9, 16), (10, 16), (11, 16), (12, 16), (13, 16), (13, 15), (13, 14), (13, 13), (14, 13), (15, 13), (16, 13), (17, 13), (17, 12), (18, 12), (19, 12), (20, 12), (21, 12), (22, 12), (23, 12), (24, 12), (25, 12), (26, 12), (26, 11), (27, 11), (28, 11), (28, 12), (29, 12), (29, 13), (29, 14), (30, 14), (30, 15), (30, 16), (30, 17), (31, 17), (31, 18), (31, 19), (31, 19)], 2: [(23, 27), (23, 26), (23, 25), (23, 24), (24, 24), (25, 24), (26, 24), (26, 23), (26, 22), (26, 21), (27, 21), (28, 21), (29, 21), (28, 21), (28, 22), (28, 22)], 3: [(13, 0), (12, 0), (12, 1), (13, 1), (14, 1), (15, 1), (16, 1), (17, 1), (17, 2), (17, 3), (17, 4), (17, 5), (17, 5)], 4: [(11, 28), (11, 27), (12, 27), (13, 27), (14, 27), (15, 27), (16, 27), (17, 27), (18, 27), (19, 27), (20, 27), (20, 28), (20, 29), (21, 29), (21, 30), (22, 30), (23, 30), (24, 30), (23, 30), (23, 29), (23, 28), (23, 27), (22, 27), (22, 26), (22, 25), (22, 25)]}, 86)