

CBSS-C STATS
starts:[963, 801, 750, 645, 616]
targets:[768, 476, 587, 971, 832, 561, 442, 473, 732, 269, 276, 951, 548, 558, 89, 836, 592, 628, 839, 481]
dests:[720, 1000, 15, 689, 953]
ac_dict:{768: {0, 1}, 476: {1, 2}, 587: {2, 3}, 971: {3, 4}, 720: {0}, 1000: {1}, 15: {2}, 689: {3}, 953: {4}}
clusters:[0 3 7 5 8 9 3 0 8 2 4 8 5 6 9 5 1 6 1 0]

round: 1
best_g_value: 130.0
open_list_size: 0
num_low_level_expanded: 330
search_success: 1
search_time: 1.9462536559440196
n_tsp_call: 1
n_tsp_time: 1.9169464157894254
n_roots: 1
num_conflicts: 0
target_assignment: {836: 0, 839: 0, 628: 4, 951: 4, 561: 2, 473: 2, 442: 2, 276: 2, 269: 2, 587: 3}
cluster_target_selection: {5: 836, 1: 839, 6: 628, 8: 951, 9: 561, 0: 473, 3: 442, 4: 276, 2: 269, 7: 587}
num_nodes_transformed_graph: 98
agent_paths:({0: [(3, 30), (3, 29), (4, 29), (4, 28), (4, 27), (4, 26), (5, 26), (6, 26), (7, 26), (7, 25), (7, 24), (7, 23), (8, 23), (9, 23), (10, 23), (11, 23), (12, 23), (13, 23), (14, 23), (15, 23), (15, 22), (16, 22), (16, 22)], 1: [(1, 25), (2, 25), (3, 25), (4, 25), (5, 25), (6, 25), (7, 25), (8, 25), (8, 26), (8, 27), (8, 28), (8, 29), (8, 30), (8, 31), (8, 31)], 2: [(14, 23), (15, 23), (15, 22), (15, 21), (15, 20), (15, 19), (16, 19), (16, 18), (16, 17), (17, 17), (17, 16), (17, 15), (17, 14), (18, 14), (19, 14), (20, 14), (21, 14), (22, 14), (23, 14), (24, 14), (25, 14), (25, 13), (26, 13), (25, 13), (24, 13), (23, 13), (22, 13), (21, 13), (21, 12), (21, 11), (21, 10), (20, 10), (20, 9), (20, 8), (20, 7), (19, 7), (18, 7), (17, 7), (16, 7), (15, 7), (14, 7), (13, 7), (13, 8), (13, 7), (13, 6), (13, 5), (13, 4), (13, 3), (13, 2), (13, 1), (13, 0), (14, 0), (15, 0), (15, 0)], 3: [(5, 20), (5, 19), (6, 19), (7, 19), (7, 18), (8, 18), (9, 18), (10, 18), (11, 18), (12, 18), (13, 18), (14, 18), (14, 19), (15, 19), (16, 19), (17, 19), (17, 20), (17, 21), (17, 21)], 4: [(8, 19), (9, 19), (10, 19), (11, 19), (12, 19), (13, 19), (14, 19), (15, 19), (16, 19), (17, 19), (18, 19), (19, 19), (20, 19), (21, 19), (21, 20), (21, 21), (21, 22), (21, 23), (22, 23), (22, 24), (23, 24), (23, 25), (23, 26), (23, 27), (23, 28), (23, 29), (24, 29), (25, 29), (25, 29)]}, 52)