

CBSS-C STATS
starts:[818, 635, 1001, 408, 723, 483, 51, 401, 267, 28]
targets:[560, 680, 217, 650, 686, 244, 622, 193, 810, 333]
dests:[400, 451, 243, 471, 291, 965, 222, 286, 607, 513]
ac_dict:{560: {0, 1}, 680: {1, 2}, 217: {2, 3}, 650: {3, 4}, 686: {4, 5}, 244: {5, 6}, 622: {6, 7}, 193: {8, 7}, 810: {8, 9}, 400: {0}, 451: {1}, 243: {2}, 471: {3}, 291: {4}, 965: {5}, 222: {6}, 286: {7}, 607: {8}, 513: {9}}
clusters:[3 1 2 0 1 2 4 0 4 3]

round: 2
best_g_value: 255.0
open_list_size: 1
num_low_level_expanded: 1571
search_success: 1
search_time: 0.2905479627661407
n_tsp_call: 1
n_tsp_time: 0.23990771500393748
n_roots: 1
num_conflicts: 1
target_assignment: {560: 0, 244: 6, 810: 8, 686: 4, 650: 4}
cluster_target_selection: {3: 560, 2: 244, 4: 810, 1: 686, 0: 650}
num_nodes_transformed_graph: 48
agent_paths:({0: [(18, 25), (17, 25), (16, 25), (16, 24), (16, 23), (16, 22), (16, 21), (16, 20), (16, 19), (16, 18), (16, 17), (16, 16), (16, 15), (16, 14), (16, 13), (16, 12), (16, 12)], 1: [(27, 19), (27, 18), (26, 18), (25, 18), (24, 18), (23, 18), (22, 18), (21, 18), (20, 18), (19, 18), (18, 18), (18, 17), (17, 17), (16, 17), (15, 17), (14, 17), (13, 17), (12, 17), (11, 17), (10, 17), (9, 17), (8, 17), (7, 17), (6, 17), (5, 17), (4, 17), (3, 17), (3, 16), (3, 15), (3, 14), (3, 14)], 2: [(9, 31), (9, 30), (10, 30), (10, 29), (10, 28), (10, 27), (10, 26), (10, 25), (10, 24), (10, 23), (10, 22), (10, 21), (11, 21), (11, 20), (11, 19), (11, 18), (11, 17), (11, 16), (11, 15), (11, 14), (12, 14), (12, 13), (12, 12), (12, 11), (12, 10), (13, 10), (13, 9), (13, 8), (13, 7), (14, 7), (15, 7), (16, 7), (17, 7), (18, 7), (19, 7), (19, 7)], 3: [(24, 12), (23, 12), (23, 13), (23, 14), (23, 14)], 4: [(19, 22), (18, 22), (17, 22), (16, 22), (15, 22), (15, 21), (14, 21), (13, 21), (12, 21), (11, 21), (10, 21), (10, 20), (9, 20), (8, 20), (7, 20), (6, 20), (5, 20), (5, 19), (4, 19), (4, 18), (3, 18), (3, 17), (3, 16), (3, 15), (3, 14), (3, 13), (3, 12), (3, 11), (3, 10), (3, 9), (3, 9)], 5: [(3, 15), (4, 15), (5, 15), (5, 16), (5, 17), (5, 18), (5, 19), (5, 20), (5, 21), (5, 22), (5, 23), (4, 23), (4, 24), (4, 25), (5, 25), (5, 26), (5, 27), (5, 28), (5, 29), (5, 30), (5, 30)], 6: [(19, 1), (20, 1), (20, 2), (20, 3), (20, 4), (19, 4), (19, 5), (19, 6), (20, 6), (20, 7), (20, 6), (21, 6), (22, 6), (23, 6), (24, 6), (25, 6), (26, 6), (27, 6), (28, 6), (29, 6), (30, 6), (30, 6)], 7: [(17, 12), (17, 11), (18, 11), (18, 10), (19, 10), (20, 10), (21, 10), (22, 10), (23, 10), (24, 10), (25, 10), (26, 10), (27, 10), (27, 9), (27, 8), (28, 8), (29, 8), (30, 8), (30, 8)], 8: [(11, 8), (10, 8), (10, 9), (10, 10), (10, 11), (10, 12), (10, 13), (10, 14), (10, 15), (10, 16), (10, 17), (10, 18), (10, 19), (10, 20), (10, 21), (10, 22), (10, 23), (10, 24), (10, 25), (10, 24), (10, 23), (10, 22), (10, 21), (10, 20), (10, 19), (11, 19), (12, 19), (13, 19), (14, 19), (15, 19), (16, 19), (17, 19), (18, 19), (18, 18), (19, 18), (20, 18), (21, 18), (22, 18), (23, 18), (24, 18), (25, 18), (26, 18), (27, 18), (28, 18), (29, 18), (30, 18), (31, 18), (31, 18)], 9: [(28, 0), (27, 0), (27, 1), (27, 2), (27, 3), (26, 3), (25, 3), (24, 3), (23, 3), (22, 3), (21, 3), (20, 3), (19, 3), (18, 3), (17, 3), (16, 3), (16, 4), (16, 5), (15, 5), (14, 5), (13, 5), (12, 5), (11, 5), (10, 5), (10, 6), (9, 6), (8, 6), (7, 6), (7, 7), (6, 7), (5, 7), (4, 7), (3, 7), (2, 7), (1, 7), (1, 8), (1, 9), (1, 10), (1, 11), (1, 12), (1, 13), (1, 14), (1, 15), (1, 16), (1, 16)]}, 46)