

CBSS-C STATS
starts:[714, 685, 612, 379, 870]
targets:[195, 843, 829, 81, 215, 999, 251, 895, 633, 431, 616, 689, 599, 705, 367, 55, 830, 173, 867, 627]
dests:[690, 967, 25, 529, 267]
ac_dict:{195: {0, 1}, 843: {1, 2}, 829: {2, 3}, 81: {3, 4}, 690: {0}, 967: {1}, 25: {2}, 529: {3}, 267: {4}}
clusters:[8 0 2 4 8 0 6 6 3 5 2 1 7 7 6 0 7 9 1 3]

round: 2
best_g_value: 131.0
open_list_size: 1
num_low_level_expanded: 466
search_success: 1
search_time: 0.5542459520511329
n_tsp_call: 1
n_tsp_time: 0.5321108638308942
n_roots: 1
num_conflicts: 1
target_assignment: {689: 0, 431: 4, 367: 4, 81: 4, 173: 4, 616: 2, 627: 2, 215: 2, 55: 2, 599: 3}
cluster_target_selection: {1: 689, 5: 431, 6: 367, 4: 81, 9: 173, 2: 616, 3: 627, 8: 215, 0: 55, 7: 599}
num_nodes_transformed_graph: 52
agent_paths:({0: [(10, 22), (11, 22), (12, 22), (12, 21), (13, 21), (14, 21), (15, 21), (16, 21), (17, 21), (18, 21), (18, 21)], 1: [(13, 21), (12, 21), (11, 21), (10, 21), (9, 21), (8, 21), (8, 22), (8, 23), (8, 24), (8, 25), (8, 26), (8, 27), (8, 28), (7, 28), (7, 29), (7, 30), (7, 30)], 2: [(4, 19), (5, 19), (6, 19), (7, 19), (8, 19), (9, 19), (10, 19), (11, 19), (12, 19), (13, 19), (14, 19), (15, 19), (16, 19), (17, 19), (18, 19), (19, 19), (19, 18), (19, 17), (19, 16), (19, 15), (19, 14), (19, 13), (19, 12), (19, 11), (19, 10), (19, 9), (20, 9), (20, 8), (20, 7), (20, 6), (21, 6), (22, 6), (23, 6), (23, 5), (23, 4), (23, 3), (23, 2), (23, 1), (23, 0), (24, 0), (25, 0), (25, 0)], 3: [(27, 11), (26, 11), (25, 11), (24, 11), (23, 11), (23, 12), (23, 13), (23, 14), (23, 15), (23, 16), (23, 17), (23, 18), (22, 18), (21, 18), (20, 18), (19, 18), (18, 18), (18, 17), (17, 17), (17, 16), (17, 16)], 4: [(6, 27), (6, 26), (6, 25), (7, 25), (7, 24), (7, 23), (7, 22), (7, 21), (7, 20), (7, 19), (7, 18), (7, 17), (7, 16), (8, 16), (9, 16), (9, 15), (9, 14), (10, 14), (11, 14), (12, 14), (12, 13), (13, 13), (14, 13), (15, 13), (15, 12), (15, 11), (15, 10), (15, 9), (16, 9), (16, 8), (16, 7), (16, 6), (16, 5), (16, 4), (16, 3), (16, 2), (17, 2), (16, 2), (16, 3), (16, 4), (16, 5), (15, 5), (14, 5), (13, 5), (12, 5), (11, 5), (11, 6), (11, 7), (11, 8), (11, 8)]}, 48)