

CBSS-C STATS
starts:[949, 479, 627, 350, 413, 15, 157, 398, 462, 394]
targets:[778, 213, 557, 962, 695, 406, 308, 284, 958, 116, 618, 645, 161, 200, 809]
dests:[895, 217, 420, 115, 358, 292, 891, 318, 540, 970]
ac_dict:{778: {0, 1}, 213: {1, 2}, 557: {2, 3}, 962: {3, 4}, 695: {4, 5}, 406: {5, 6}, 308: {6, 7}, 284: {8, 7}, 958: {8, 9}, 895: {0}, 217: {1}, 420: {2}, 115: {3}, 358: {4}, 292: {5}, 891: {6}, 318: {7}, 540: {8}, 970: {9}}
clusters:[6 5 0 1 4 3 3 5 5 7 0 9 0 2 8]

round: 3
best_g_value: 263.0
open_list_size: 2
num_low_level_expanded: 1109
search_success: 1
search_time: 0.38566567236557603
n_tsp_call: 1
n_tsp_time: 0.3346163211390376
n_roots: 1
num_conflicts: 2
target_assignment: {778: 0, 116: 3, 200: 5, 557: 2, 308: 7, 284: 7, 695: 4, 809: 4, 962: 4, 645: 4}
cluster_target_selection: {6: 778, 7: 116, 2: 200, 0: 557, 3: 308, 5: 284, 4: 695, 8: 809, 1: 962, 9: 645}
num_nodes_transformed_graph: 58
agent_paths:({0: [(21, 29), (20, 29), (19, 29), (18, 29), (17, 29), (16, 29), (15, 29), (14, 29), (13, 29), (12, 29), (11, 29), (11, 28), (11, 27), (11, 26), (11, 25), (10, 25), (10, 24), (11, 24), (12, 24), (13, 24), (14, 24), (15, 24), (16, 24), (17, 24), (18, 24), (19, 24), (20, 24), (20, 25), (21, 25), (22, 25), (23, 25), (24, 25), (25, 25), (26, 25), (27, 25), (28, 25), (29, 25), (30, 25), (30, 26), (30, 27), (31, 27), (31, 27)], 1: [(31, 14), (30, 14), (29, 14), (28, 14), (27, 14), (26, 14), (25, 14), (25, 13), (25, 12), (25, 11), (25, 10), (25, 9), (25, 8), (25, 7), (25, 6), (25, 6)], 2: [(19, 19), (18, 19), (17, 19), (16, 19), (15, 19), (14, 19), (13, 19), (13, 18), (13, 17), (12, 17), (11, 17), (10, 17), (9, 17), (8, 17), (7, 17), (6, 17), (5, 17), (5, 16), (5, 15), (5, 14), (5, 13), (4, 13), (4, 13)], 3: [(30, 10), (29, 10), (28, 10), (27, 10), (26, 10), (25, 10), (24, 10), (23, 10), (22, 10), (22, 9), (22, 8), (22, 7), (21, 7), (21, 6), (21, 5), (21, 4), (20, 4), (20, 3), (19, 3), (19, 3)], 4: [(29, 12), (28, 12), (28, 13), (27, 13), (26, 13), (25, 13), (24, 13), (23, 13), (23, 14), (23, 15), (23, 16), (23, 17), (23, 18), (23, 19), (23, 20), (23, 21), (22, 21), (21, 21), (20, 21), (19, 21), (18, 21), (17, 21), (16, 21), (15, 21), (14, 21), (13, 21), (12, 21), (11, 21), (10, 21), (9, 21), (9, 22), (9, 23), (9, 24), (9, 25), (8, 25), (7, 25), (6, 25), (5, 25), (4, 25), (3, 25), (2, 25), (2, 26), (2, 27), (2, 28), (2, 29), (2, 30), (2, 29), (2, 28), (2, 27), (2, 26), (2, 25), (2, 24), (2, 23), (2, 22), (3, 22), (4, 22), (5, 22), (5, 21), (5, 20), (5, 19), (5, 18), (5, 17), (5, 16), (5, 15), (5, 14), (5, 13), (6, 13), (6, 12), (6, 11), (6, 11)], 5: [(15, 0), (14, 0), (13, 0), (12, 0), (11, 0), (10, 0), (9, 0), (9, 1), (9, 2), (9, 3), (8, 3), (8, 4), (8, 5), (8, 6), (7, 6), (7, 7), (6, 7), (5, 7), (4, 7), (4, 8), (4, 9), (4, 9)], 6: [(29, 4), (28, 4), (28, 5), (28, 6), (28, 7), (28, 8), (28, 9), (28, 10), (28, 11), (28, 12), (28, 13), (27, 13), (27, 14), (27, 15), (27, 16), (27, 17), (27, 18), (27, 19), (27, 20), (27, 21), (27, 22), (27, 23), (27, 24), (27, 25), (27, 26), (27, 27), (27, 27)], 7: [(14, 12), (14, 11), (14, 10), (14, 9), (15, 9), (16, 9), (17, 9), (18, 9), (19, 9), (20, 9), (20, 8), (21, 8), (22, 8), (23, 8), (24, 8), (25, 8), (25, 7), (26, 7), (27, 7), (28, 7), (28, 8), (29, 8), (30, 8), (30, 9), (30, 9)], 8: [(14, 14), (15, 14), (16, 14), (17, 14), (18, 14), (19, 14), (20, 14), (21, 14), (22, 14), (23, 14), (24, 14), (25, 14), (26, 14), (27, 14), (28, 14), (28, 15), (28, 16), (28, 16)], 9: [(10, 12), (10, 13), (10, 14), (10, 15), (10, 16), (10, 17), (10, 18), (10, 19), (10, 20), (10, 21), (10, 22), (10, 23), (10, 24), (10, 25), (10, 26), (10, 27), (10, 28), (10, 29), (10, 30), (10, 30)]}, 68)