

CBSS-C STATS
starts:[998, 536, 234, 784, 669]
targets:[596, 700, 202, 475, 795, 307, 244, 692, 335, 312, 772, 301, 538, 710, 195, 578, 672, 207, 95, 399, 906, 749, 407, 694, 13, 333, 849, 341, 237, 570, 6, 544, 555, 935, 130, 941, 957, 485, 912, 1009, 414, 880, 377, 30, 210, 909, 144, 286, 902, 540]
dests:[487, 448, 878, 914, 379]
ac_dict:{596: {0, 1}, 700: {1, 2}, 202: {2, 3}, 475: {3, 4}, 487: {0}, 448: {1}, 878: {2}, 914: {3}, 379: {4}}
clusters:[ 9  8  9 25  7 10 27  1  0 12 36 31 32 33 14 11 30 34 28 17  0  4 19  6
  5  6 35  3 13 23 20  2 24 39 15  7 37 29  8 16 26  5 18  3 22 21 38  4
  2  1]

round: 1
best_g_value: 210.0
open_list_size: 0
num_low_level_expanded: 438
search_success: 1
search_time: 9.267401819999577
n_tsp_call: 1
n_tsp_time: 9.15092689300036
n_roots: 1
num_conflicts: 0
target_assignment: {935: 0, 902: 0, 772: 0, 710: 0, 672: 0, 578: 0, 485: 0, 202: 2, 237: 2, 301: 2, 333: 2, 335: 2, 399: 2, 555: 2, 909: 2, 407: 1, 377: 1, 312: 1, 341: 1, 307: 1, 244: 1, 210: 1, 207: 1, 144: 1, 6: 1, 130: 1, 195: 1, 849: 3, 880: 3, 912: 3, 1009: 3, 957: 4, 795: 4, 570: 4, 538: 4, 540: 4, 475: 4, 414: 4, 95: 4, 286: 4}
cluster_target_selection: {39: 935, 2: 902, 36: 772, 33: 710, 30: 672, 11: 578, 29: 485, 9: 202, 13: 237, 31: 301, 6: 333, 0: 335, 17: 399, 24: 555, 21: 909, 19: 407, 18: 377, 12: 312, 3: 341, 10: 307, 27: 244, 22: 210, 34: 207, 38: 144, 20: 6, 15: 130, 14: 195, 35: 849, 5: 880, 8: 912, 16: 1009, 37: 957, 7: 795, 23: 570, 32: 538, 1: 540, 25: 475, 26: 414, 28: 95, 4: 286}
num_nodes_transformed_graph: 248
agent_paths:({0: [(6, 31), (6, 30), (6, 29), (7, 29), (6, 29), (6, 28), (5, 28), (4, 28), (4, 27), (4, 26), (4, 25), (4, 24), (4, 23), (4, 22), (5, 22), (6, 22), (5, 22), (4, 22), (3, 22), (2, 22), (1, 22), (1, 21), (0, 21), (0, 20), (0, 19), (1, 19), (2, 19), (2, 18), (2, 17), (2, 16), (2, 15), (3, 15), (4, 15), (5, 15), (6, 15), (7, 15), (7, 15)], 1: [(24, 16), (23, 16), (23, 15), (23, 14), (23, 13), (23, 12), (23, 11), (24, 11), (25, 11), (24, 11), (24, 10), (24, 9), (23, 9), (22, 9), (21, 9), (21, 10), (20, 10), (19, 10), (19, 9), (20, 9), (20, 8), (20, 7), (19, 7), (18, 7), (18, 6), (17, 6), (16, 6), (15, 6), (15, 5), (16, 5), (16, 4), (16, 3), (16, 2), (16, 1), (15, 1), (14, 1), (13, 1), (12, 1), (11, 1), (10, 1), (9, 1), (8, 1), (7, 1), (6, 1), (6, 0), (5, 0), (4, 0), (3, 0), (2, 0), (2, 1), (2, 2), (2, 3), (2, 4), (3, 4), (3, 5), (3, 6), (2, 6), (1, 6), (1, 7), (1, 8), (1, 9), (1, 10), (1, 11), (1, 12), (1, 13), (1, 14), (0, 14), (0, 14)], 2: [(10, 7), (10, 6), (11, 6), (12, 6), (13, 6), (13, 7), (13, 8), (13, 9), (13, 10), (14, 10), (15, 10), (15, 11), (15, 12), (14, 12), (14, 13), (13, 13), (12, 13), (12, 14), (11, 14), (11, 15), (11, 16), (11, 17), (12, 17), (13, 17), (13, 18), (13, 19), (13, 20), (13, 21), (13, 22), (13, 23), (13, 24), (13, 25), (13, 26), (13, 27), (13, 28), (13, 27), (14, 27), (14, 27)], 3: [(16, 24), (17, 24), (17, 25), (17, 26), (16, 26), (16, 27), (16, 28), (17, 28), (17, 29), (17, 30), (17, 31), (17, 30), (17, 29), (17, 28), (18, 28), (18, 28)], 4: [(29, 20), (29, 21), (29, 22), (29, 23), (29, 24), (29, 25), (29, 26), (29, 27), (29, 28), (29, 29), (28, 29), (27, 29), (27, 28), (27, 27), (27, 26), (27, 25), (27, 24), (27, 23), (27, 22), (27, 21), (27, 20), (27, 19), (27, 18), (26, 18), (26, 17), (26, 16), (27, 16), (28, 16), (27, 16), (27, 15), (27, 14), (27, 13), (28, 13), (28, 12), (29, 12), (30, 12), (30, 11), (30, 10), (30, 9), (30, 8), (30, 7), (30, 6), (30, 5), (30, 4), (30, 3), (30, 2), (31, 2), (30, 2), (30, 3), (30, 4), (30, 5), (30, 6), (30, 7), (30, 8), (29, 8), (28, 8), (27, 8), (27, 9), (27, 10), (27, 11), (27, 11)]}, 66)