

CBSS-C STATS
starts:[482, 466, 617, 696, 347]
targets:[441, 838, 492, 877, 205, 370, 825, 629, 494, 185]
dests:[470, 474, 746, 826, 214]
ac_dict:{441: {0, 1}, 838: {1, 2}, 492: {2, 3}, 877: {3, 4}, 470: {0}, 474: {1}, 746: {2}, 826: {3}, 214: {4}}
clusters:[0 3 4 1 2 0 2 2 1 2]

round: 2
best_g_value: 79.0
open_list_size: 1
num_low_level_expanded: 371
search_success: 1
search_time: 0.06468338239938021
n_tsp_call: 1
n_tsp_time: 0.04919007094576955
n_roots: 1
num_conflicts: 1
target_assignment: {494: 0, 492: 2, 838: 2, 441: 1, 825: 3}
cluster_target_selection: {1: 494, 4: 492, 3: 838, 0: 441, 2: 825}
num_nodes_transformed_graph: 29
agent_paths:({0: [(2, 15), (3, 15), (4, 15), (5, 15), (6, 15), (7, 15), (7, 16), (8, 16), (9, 16), (10, 16), (10, 15), (11, 15), (12, 15), (13, 15), (14, 15), (14, 14), (15, 14), (16, 14), (17, 14), (18, 14), (19, 14), (20, 14), (21, 14), (22, 14), (22, 14)], 1: [(18, 14), (18, 13), (19, 13), (20, 13), (21, 13), (22, 13), (23, 13), (24, 13), (25, 13), (26, 13), (26, 14), (26, 14)], 2: [(9, 19), (9, 18), (9, 17), (9, 16), (9, 15), (10, 15), (11, 15), (12, 15), (11, 15), (10, 15), (9, 15), (9, 16), (8, 16), (7, 16), (7, 17), (7, 18), (7, 19), (7, 20), (7, 21), (7, 22), (7, 23), (7, 24), (7, 25), (6, 25), (6, 26), (6, 25), (7, 25), (7, 24), (7, 23), (8, 23), (9, 23), (10, 23), (10, 23)], 3: [(24, 21), (24, 22), (24, 23), (24, 24), (25, 24), (25, 25), (26, 25), (26, 25)], 4: [(27, 10), (26, 10), (25, 10), (24, 10), (23, 10), (22, 10), (22, 9), (22, 8), (22, 7), (22, 6), (22, 6)]}, 31)