

CBSS-C STATS
starts:[930, 482]
targets:[678, 176, 414, 885, 684, 574, 245, 490, 87, 54, 795, 978, 65, 42, 94, 919, 596, 856, 787, 645, 75, 284, 657, 124, 126, 401, 129, 641, 992, 867, 844, 1009, 815, 556, 471, 673, 677, 749, 85, 949, 498, 157, 588, 287, 6, 542, 840, 580, 333, 348, 43, 121, 161, 874, 687, 635, 529, 496, 824, 891, 981, 832, 1016, 191, 188, 656, 606, 179, 11, 685, 451, 548, 166, 123, 132, 230, 95, 585, 834, 104, 506, 168, 549, 777, 854, 994, 877, 768, 561, 535, 790, 711, 209, 317, 339, 159, 252, 259, 464, 177]
dests:[998, 36]
ac_dict:{678: {0, 1}, 998: {0}, 36: {1}}
clusters:[23  3  6 34 35 32 15 34 18  3  8 30  3 23 19  0 17 18 26 10 14 39 21 34
  0 30 34 23  3 37  5 15 12 28 21  1 35  6 31 29  1 38 22 27 16  7  2 20
 11 33 27  7  1 30  7 23 21  1 19  4 36 36 29 25 21 13 36 12  9 13 17  3
 25 30 28 39 23  3  0 24 31  6 16 29 26 15 27 37 26  5  6 23 17 35  6 11
 35  7 27 24]

round: 1
best_g_value: 428.0
open_list_size: 0
num_low_level_expanded: 261
search_success: 1
search_time: 64.93815381100285
n_tsp_call: 1
n_tsp_time: 64.76961590899737
n_roots: 1
num_conflicts: 0
target_assignment: {994: 0, 867: 0, 451: 1, 548: 1, 580: 1, 645: 1, 549: 1, 556: 1, 588: 1, 684: 1, 685: 1, 749: 1, 777: 1, 840: 1, 844: 1, 815: 1, 854: 1, 856: 1, 891: 1, 795: 1, 635: 1, 606: 1, 574: 1, 542: 1, 348: 1, 284: 1, 188: 1, 157: 1, 159: 1, 126: 1, 94: 1, 124: 1, 123: 1, 85: 1, 11: 1, 43: 1, 75: 1, 104: 1, 166: 1, 161: 1}
cluster_target_selection: {15: 994, 37: 867, 17: 451, 3: 548, 20: 580, 10: 645, 16: 549, 28: 556, 22: 588, 35: 684, 13: 685, 6: 749, 29: 777, 2: 840, 5: 844, 12: 815, 26: 854, 18: 856, 4: 891, 8: 795, 23: 635, 36: 606, 32: 574, 7: 542, 33: 348, 39: 284, 21: 188, 38: 157, 11: 159, 0: 126, 19: 94, 34: 124, 30: 123, 31: 85, 9: 11, 27: 43, 14: 75, 24: 104, 25: 166, 1: 161}
num_nodes_transformed_graph: 204
agent_paths:({0: [(2, 29), (2, 30), (2, 31), (2, 30), (2, 29), (2, 28), (2, 27), (3, 27), (4, 27), (5, 27), (6, 27), (6, 28), (6, 29), (6, 30), (6, 31), (6, 31)], 1: [(2, 15), (2, 14), (3, 14), (3, 15), (4, 15), (4, 16), (4, 17), (4, 18), (5, 18), (5, 19), (5, 20), (5, 19), (5, 18), (5, 17), (6, 17), (7, 17), (8, 17), (9, 17), (10, 17), (11, 17), (12, 17), (12, 18), (12, 19), (12, 20), (12, 21), (13, 21), (13, 22), (13, 23), (12, 23), (11, 23), (10, 23), (9, 23), (9, 24), (8, 24), (8, 25), (8, 26), (9, 26), (10, 26), (11, 26), (12, 26), (12, 25), (13, 25), (14, 25), (15, 25), (16, 25), (17, 25), (18, 25), (19, 25), (20, 25), (21, 25), (22, 25), (22, 26), (23, 26), (24, 26), (25, 26), (26, 26), (27, 26), (27, 27), (27, 26), (27, 25), (27, 24), (27, 23), (27, 22), (27, 21), (27, 20), (27, 19), (27, 18), (28, 18), (29, 18), (30, 18), (30, 17), (30, 16), (29, 16), (28, 16), (28, 15), (28, 14), (28, 13), (28, 12), (28, 11), (28, 10), (28, 9), (28, 8), (28, 7), (28, 6), (28, 5), (28, 4), (29, 4), (30, 4), (31, 4), (30, 4), (30, 3), (30, 2), (29, 2), (28, 2), (28, 3), (27, 3), (26, 3), (25, 3), (24, 3), (23, 3), (22, 3), (21, 3), (21, 2), (20, 2), (20, 1), (19, 1), (18, 1), (17, 1), (16, 1), (15, 1), (14, 1), (13, 1), (12, 1), (11, 1), (11, 0), (11, 1), (11, 2), (10, 2), (9, 2), (9, 3), (8, 3), (7, 3), (6, 3), (6, 4), (6, 5), (5, 5), (4, 5), (3, 5), (2, 5), (1, 5), (1, 4), (1, 3), (1, 2), (1, 1), (2, 1), (3, 1), (4, 1), (4, 1)]}, 136)