

CBSS-C STATS
starts:[290, 256, 693, 958, 528]
targets:[545, 976, 66, 723, 1010, 738, 681, 298, 159, 826]
dests:[790, 210, 760, 801, 95]
ac_dict:{545: {0, 1}, 976: {1, 2}, 66: {2, 3}, 723: {3, 4}, 790: {0}, 210: {1}, 760: {2}, 801: {3}, 95: {4}}
clusters:[1 0 1 1 1 1 1 1 1 0]

round: 1
best_g_value: 122.0
open_list_size: 0
num_low_level_expanded: 538
search_success: 1
search_time: 0.06327324826270342
n_tsp_call: 1
n_tsp_time: 0.04323825379833579
n_roots: 1
num_conflicts: 0
target_assignment: {826: 3, 159: 4}
cluster_target_selection: {0: 826, 1: 159}
num_nodes_transformed_graph: 28
agent_paths:({0: [(2, 9), (3, 9), (4, 9), (5, 9), (6, 9), (7, 9), (7, 10), (8, 10), (9, 10), (10, 10), (11, 10), (12, 10), (13, 10), (14, 10), (15, 10), (16, 10), (16, 11), (17, 11), (18, 11), (19, 11), (19, 12), (20, 12), (21, 12), (21, 13), (21, 14), (21, 15), (21, 16), (21, 17), (21, 18), (21, 19), (21, 20), (21, 21), (21, 22), (21, 23), (22, 23), (22, 24), (22, 24)], 1: [(0, 8), (0, 7), (1, 7), (2, 7), (3, 7), (4, 7), (5, 7), (6, 7), (7, 7), (7, 6), (8, 6), (9, 6), (10, 6), (11, 6), (12, 6), (13, 6), (14, 6), (15, 6), (16, 6), (17, 6), (18, 6), (18, 6)], 2: [(21, 21), (22, 21), (23, 21), (24, 21), (24, 22), (24, 23), (24, 23)], 3: [(30, 29), (29, 29), (28, 29), (27, 29), (26, 29), (26, 28), (26, 27), (26, 26), (26, 25), (25, 25), (24, 25), (23, 25), (22, 25), (21, 25), (20, 25), (19, 25), (18, 25), (17, 25), (16, 25), (15, 25), (14, 25), (13, 25), (12, 25), (11, 25), (10, 25), (9, 25), (8, 25), (7, 25), (6, 25), (5, 25), (4, 25), (3, 25), (2, 25), (1, 25), (1, 25)], 4: [(16, 16), (16, 15), (16, 14), (16, 13), (16, 12), (16, 11), (16, 10), (16, 9), (16, 8), (16, 7), (16, 6), (17, 6), (18, 6), (19, 6), (20, 6), (21, 6), (22, 6), (23, 6), (23, 5), (24, 5), (25, 5), (25, 4), (26, 4), (27, 4), (28, 4), (29, 4), (30, 4), (31, 4), (31, 3), (31, 2), (31, 2)]}, 35)