

CBSS-C STATS
starts:[930, 674, 503, 260, 786]
targets:[129, 816, 185, 984, 971, 121, 44, 55, 744, 911, 447, 571, 211, 506, 350, 972, 751, 505, 522, 681, 907, 430, 678, 159, 393, 162, 59, 799, 306, 269, 409, 34, 233, 823, 348, 668, 283, 345, 521, 2, 526, 309, 466, 682, 380, 841, 782, 485, 25, 375]
dests:[273, 807, 1017, 97, 705]
ac_dict:{129: {0, 1}, 816: {1, 2}, 185: {2, 3}, 984: {3, 4}, 273: {0}, 807: {1}, 1017: {2}, 97: {3}, 705: {4}}
clusters:[25  4 12 27  4  0 18  6 20 13  9 12  2  5  6 15 26 24  8 19 17  1  5 17
  2 19 10  7 14 10 29 22 15 18  0 14  7 16 11 21  8  3 23  3 13 11 16 28
  9  1]

round: 1
best_g_value: 202.0
open_list_size: 0
num_low_level_expanded: 417
search_success: 1
search_time: 11.935783016000642
n_tsp_call: 1
n_tsp_time: 11.87443419200008
n_roots: 1
num_conflicts: 0
target_assignment: {971: 0, 907: 0, 682: 0, 522: 0, 521: 0, 485: 0, 129: 0, 233: 0, 269: 0, 430: 0, 466: 0, 306: 0, 211: 0, 823: 4, 984: 4, 911: 4, 751: 4, 744: 4, 162: 3, 34: 3, 2: 3, 505: 2, 506: 2, 409: 2, 345: 2, 283: 2, 348: 2, 350: 2, 447: 2, 571: 2}
cluster_target_selection: {4: 971, 17: 907, 3: 682, 8: 522, 11: 521, 28: 485, 25: 129, 15: 233, 10: 269, 1: 430, 23: 466, 14: 306, 2: 211, 18: 823, 27: 984, 13: 911, 26: 751, 20: 744, 19: 162, 22: 34, 21: 2, 24: 505, 5: 506, 29: 409, 16: 345, 7: 283, 0: 348, 6: 350, 9: 447, 12: 571}
num_nodes_transformed_graph: 128
agent_paths:({0: [(2, 29), (3, 29), (4, 29), (5, 29), (6, 29), (7, 29), (8, 29), (8, 30), (9, 30), (10, 30), (11, 30), (11, 29), (11, 28), (10, 28), (10, 27), (10, 26), (10, 25), (10, 24), (10, 23), (10, 22), (10, 21), (10, 20), (10, 19), (10, 18), (10, 17), (10, 16), (9, 16), (8, 16), (7, 16), (6, 16), (5, 16), (5, 15), (4, 15), (3, 15), (2, 15), (1, 15), (1, 14), (1, 13), (1, 12), (1, 11), (1, 10), (1, 9), (1, 8), (1, 7), (1, 6), (1, 5), (1, 4), (2, 4), (3, 4), (4, 4), (5, 4), (6, 4), (7, 4), (8, 4), (8, 5), (8, 6), (9, 6), (9, 7), (10, 7), (11, 7), (12, 7), (13, 7), (13, 8), (13, 9), (14, 9), (14, 10), (14, 11), (14, 12), (14, 13), (15, 13), (16, 13), (17, 13), (18, 13), (18, 14), (18, 13), (18, 12), (18, 11), (18, 10), (18, 9), (18, 8), (18, 7), (18, 6), (19, 6), (18, 6), (17, 6), (17, 7), (17, 8), (17, 8)], 1: [(2, 21), (3, 21), (3, 22), (4, 22), (5, 22), (6, 22), (7, 22), (7, 23), (7, 24), (7, 25), (7, 25)], 2: [(23, 15), (24, 15), (25, 15), (26, 15), (25, 15), (25, 14), (25, 13), (25, 12), (25, 11), (25, 10), (26, 10), (27, 10), (27, 9), (27, 8), (28, 8), (28, 9), (28, 10), (29, 10), (30, 10), (30, 11), (30, 12), (29, 12), (29, 13), (29, 14), (30, 14), (31, 14), (31, 13), (31, 14), (30, 14), (29, 14), (28, 14), (27, 14), (27, 15), (27, 16), (27, 17), (27, 18), (27, 19), (27, 20), (26, 20), (26, 21), (26, 22), (26, 23), (26, 24), (25, 24), (25, 25), (25, 26), (25, 27), (25, 28), (25, 29), (25, 30), (25, 31), (25, 31)], 3: [(4, 8), (3, 8), (3, 7), (2, 7), (2, 6), (2, 5), (2, 4), (2, 3), (2, 2), (2, 1), (2, 0), (1, 0), (1, 1), (1, 2), (1, 3), (1, 3)], 4: [(18, 24), (19, 24), (20, 24), (20, 25), (21, 25), (22, 25), (23, 25), (24, 25), (24, 26), (24, 27), (24, 28), (24, 29), (24, 30), (23, 30), (22, 30), (21, 30), (20, 30), (19, 30), (18, 30), (17, 30), (16, 30), (16, 29), (15, 29), (15, 28), (15, 27), (15, 26), (15, 25), (15, 24), (15, 23), (14, 23), (13, 23), (12, 23), (11, 23), (10, 23), (9, 23), (8, 23), (7, 23), (6, 23), (5, 23), (4, 23), (3, 23), (2, 23), (1, 23), (1, 22), (1, 22)]}, 86)