

CBSS-C STATS
starts:[951, 603, 832, 373, 857, 219, 928, 955, 120, 905]
targets:[113, 119, 193, 297, 599, 454, 733, 554, 728, 506]
dests:[12, 419, 175, 442, 242, 429, 539, 794, 126, 283]
ac_dict:{113: {0, 1}, 119: {1, 2}, 193: {2, 3}, 297: {3, 4}, 599: {4, 5}, 454: {5, 6}, 733: {6, 7}, 554: {8, 7}, 728: {8, 9}, 12: {0}, 419: {1}, 175: {2}, 442: {3}, 242: {4}, 429: {5}, 539: {6}, 794: {7}, 126: {8}, 283: {9}}
clusters:[2 0 4 0 3 2 0 1 0 1]

round: 8
best_g_value: 257.0
open_list_size: 7
num_low_level_expanded: 4811
search_success: 1
search_time: 3.033637769985944
n_tsp_call: 9
n_tsp_time: 1.719895543064922
n_roots: 1
num_conflicts: 7
target_assignment: {113: 0, 728: 9, 506: 9, 599: 4, 193: 2}
cluster_target_selection: {2: 113, 0: 728, 1: 506, 3: 599, 4: 193}
num_nodes_transformed_graph: 48
agent_paths:({0: [(23, 29), (23, 28), (23, 27), (22, 27), (21, 27), (20, 27), (19, 27), (19, 26), (19, 25), (19, 24), (19, 23), (19, 22), (19, 21), (19, 20), (19, 19), (19, 18), (19, 17), (19, 16), (19, 15), (18, 15), (18, 14), (18, 13), (18, 12), (18, 11), (18, 10), (18, 9), (17, 9), (17, 8), (17, 7), (17, 6), (17, 5), (17, 4), (17, 3), (16, 3), (16, 2), (16, 1), (15, 1), (14, 1), (13, 1), (12, 1), (12, 0), (12, 0)], 1: [(27, 18), (26, 18), (25, 18), (24, 18), (23, 18), (22, 18), (21, 18), (20, 18), (19, 18), (18, 18), (18, 17), (17, 17), (16, 17), (15, 17), (14, 17), (13, 17), (12, 17), (11, 17), (10, 17), (9, 17), (9, 16), (8, 16), (7, 16), (6, 16), (5, 16), (4, 16), (3, 16), (3, 15), (3, 14), (3, 13), (3, 13)], 2: [(0, 26), (0, 25), (0, 24), (0, 23), (1, 23), (1, 22), (1, 21), (1, 20), (1, 19), (2, 19), (2, 18), (2, 17), (1, 17), (1, 16), (1, 15), (1, 14), (1, 13), (1, 12), (1, 11), (1, 10), (1, 9), (1, 8), (1, 7), (1, 6), (1, 5), (2, 5), (3, 5), (4, 5), (5, 5), (6, 5), (7, 5), (8, 5), (8, 4), (9, 4), (10, 4), (11, 4), (12, 4), (13, 4), (14, 4), (14, 5), (15, 5), (15, 5)], 3: [(21, 11), (22, 11), (23, 11), (24, 11), (25, 11), (26, 11), (26, 12), (26, 13), (26, 13)], 4: [(25, 26), (24, 26), (24, 25), (24, 24), (24, 23), (24, 22), (23, 22), (23, 21), (23, 20), (23, 19), (23, 18), (22, 18), (21, 18), (20, 18), (19, 18), (19, 17), (19, 16), (19, 15), (18, 15), (18, 14), (18, 13), (18, 12), (18, 11), (18, 10), (18, 9), (18, 8), (18, 7), (18, 7)], 5: [(27, 6), (26, 6), (25, 6), (24, 6), (23, 6), (22, 6), (21, 6), (20, 6), (19, 6), (18, 6), (17, 6), (16, 6), (16, 7), (16, 8), (16, 9), (15, 9), (14, 9), (14, 10), (14, 11), (14, 12), (14, 13), (13, 13), (13, 13)], 6: [(0, 29), (0, 28), (0, 27), (0, 26), (0, 25), (0, 24), (0, 23), (1, 23), (1, 22), (1, 21), (1, 20), (1, 19), (2, 19), (2, 18), (2, 17), (3, 17), (4, 17), (5, 17), (6, 17), (7, 17), (8, 17), (9, 17), (10, 17), (11, 17), (12, 17), (13, 17), (14, 17), (15, 17), (16, 17), (17, 17), (18, 17), (19, 17), (19, 16), (20, 16), (21, 16), (22, 16), (23, 16), (24, 16), (25, 16), (26, 16), (27, 16), (27, 16)], 7: [(27, 29), (26, 29), (26, 28), (26, 27), (26, 26), (26, 25), (26, 24), (26, 24)], 8: [(24, 3), (25, 3), (26, 3), (27, 3), (28, 3), (28, 2), (29, 2), (30, 2), (30, 3), (30, 3)], 9: [(9, 28), (9, 27), (9, 26), (9, 25), (10, 25), (11, 25), (12, 25), (13, 25), (14, 25), (15, 25), (16, 25), (17, 25), (18, 25), (19, 25), (20, 25), (21, 25), (22, 25), (22, 24), (23, 24), (24, 24), (24, 23), (24, 22), (24, 21), (24, 20), (24, 19), (24, 18), (24, 17), (24, 16), (24, 15), (25, 15), (26, 15), (26, 14), (27, 14), (27, 13), (28, 13), (28, 12), (28, 11), (27, 11), (27, 10), (27, 9), (27, 8), (27, 8)]}, 40)