

CBSS-C STATS
starts:[680, 250, 445, 86, 848]
targets:[595, 464, 306, 39, 320, 886, 754, 113, 951, 728, 222, 52, 133, 841, 648, 432, 438, 527, 817, 370]
dests:[431, 483, 963, 836, 494]
ac_dict:{595: {0, 1}, 464: {1, 2}, 306: {2, 3}, 39: {3, 4}, 431: {0}, 483: {1}, 963: {2}, 836: {3}, 494: {4}}
clusters:[1 2 4 9 4 7 7 5 0 5 8 8 3 9 4 8 4 6 0 0]

round: 3
best_g_value: 176.0
open_list_size: 2
num_low_level_expanded: 1427
search_success: 1
search_time: 0.5658021420240402
n_tsp_call: 1
n_tsp_time: 0.5234846090897918
n_roots: 1
num_conflicts: 2
target_assignment: {595: 1, 817: 4, 754: 4, 527: 4, 113: 3, 432: 3, 841: 3, 438: 2, 464: 2, 133: 2}
cluster_target_selection: {1: 595, 0: 817, 7: 754, 6: 527, 5: 113, 8: 432, 9: 841, 4: 438, 2: 464, 3: 133}
num_nodes_transformed_graph: 52
agent_paths:({0: [(8, 21), (8, 20), (8, 19), (8, 18), (8, 17), (8, 16), (9, 16), (9, 15), (9, 14), (10, 14), (11, 14), (12, 14), (12, 13), (13, 13), (14, 13), (15, 13), (15, 13)], 1: [(26, 7), (25, 7), (25, 8), (24, 8), (23, 8), (22, 8), (21, 8), (20, 8), (20, 9), (19, 9), (19, 10), (19, 11), (19, 12), (19, 13), (19, 14), (19, 15), (19, 16), (19, 17), (19, 18), (18, 18), (18, 17), (17, 17), (16, 17), (15, 17), (14, 17), (13, 17), (12, 17), (11, 17), (10, 17), (9, 17), (8, 17), (7, 17), (6, 17), (5, 17), (4, 17), (3, 17), (3, 16), (3, 15), (3, 15)], 2: [(29, 13), (28, 13), (27, 13), (26, 13), (25, 13), (24, 13), (23, 13), (22, 13), (21, 13), (20, 13), (19, 13), (18, 13), (17, 13), (16, 13), (16, 14), (15, 14), (14, 14), (13, 14), (12, 14), (11, 14), (10, 14), (10, 13), (10, 12), (9, 12), (9, 11), (9, 10), (8, 10), (7, 10), (6, 10), (5, 10), (5, 9), (5, 8), (5, 7), (5, 6), (5, 5), (5, 4), (4, 4), (3, 4), (3, 5), (3, 6), (3, 7), (3, 8), (3, 9), (3, 10), (3, 11), (3, 12), (3, 13), (3, 14), (2, 14), (2, 15), (2, 16), (2, 17), (2, 18), (2, 19), (2, 20), (2, 21), (2, 22), (2, 23), (2, 24), (2, 25), (2, 26), (2, 27), (2, 28), (2, 29), (3, 29), (3, 30), (3, 30)], 3: [(22, 2), (21, 2), (20, 2), (20, 3), (19, 3), (18, 3), (17, 3), (16, 3), (16, 4), (16, 5), (16, 6), (16, 7), (16, 8), (16, 9), (16, 10), (16, 11), (16, 12), (16, 13), (16, 14), (15, 14), (14, 14), (13, 14), (12, 14), (11, 14), (10, 14), (9, 14), (9, 15), (9, 16), (9, 17), (9, 18), (9, 19), (9, 20), (9, 21), (9, 22), (9, 23), (9, 24), (9, 25), (9, 26), (8, 26), (7, 26), (6, 26), (5, 26), (4, 26), (4, 26)], 4: [(16, 26), (16, 25), (17, 25), (17, 24), (17, 23), (18, 23), (17, 23), (16, 23), (16, 22), (16, 21), (16, 20), (16, 19), (16, 18), (16, 17), (15, 17), (15, 16), (14, 16), (14, 15), (14, 15)]}, 65)