

CBSS-C STATS
starts:[742, 629, 540, 750, 349, 266, 511, 1010, 531, 990]
targets:[12, 58, 321, 981, 21, 0, 669, 335, 731, 341]
dests:[291, 650, 1021, 331, 945, 925, 1016, 24, 420, 654]
ac_dict:{12: {0, 1}, 58: {1, 2}, 321: {2, 3}, 981: {3, 4}, 21: {4, 5}, 0: {5, 6}, 669: {6, 7}, 335: {8, 7}, 731: {8, 9}, 291: {0}, 650: {1}, 1021: {2}, 331: {3}, 945: {4}, 925: {5}, 1016: {6}, 24: {7}, 420: {8}, 654: {9}}
clusters:[3 2 1 0 2 4 0 3 1 3]

round: 4
best_g_value: 275.0
open_list_size: 3
num_low_level_expanded: 2157
search_success: 1
search_time: 0.3047143961302936
n_tsp_call: 1
n_tsp_time: 0.22034869017079473
n_roots: 1
num_conflicts: 3
target_assignment: {341: 7, 0: 5, 21: 5, 669: 6, 731: 9}
cluster_target_selection: {3: 341, 4: 0, 2: 21, 0: 669, 1: 731}
num_nodes_transformed_graph: 48
agent_paths:({0: [(6, 23), (5, 23), (5, 22), (5, 21), (5, 20), (5, 19), (4, 19), (4, 18), (3, 18), (3, 17), (3, 16), (3, 15), (3, 14), (3, 13), (3, 12), (3, 11), (3, 10), (3, 9), (3, 9)], 1: [(21, 19), (20, 19), (19, 19), (18, 19), (17, 19), (16, 19), (15, 19), (14, 19), (13, 19), (12, 19), (11, 19), (10, 19), (10, 20), (10, 20)], 2: [(28, 16), (29, 16), (29, 17), (29, 18), (29, 19), (29, 20), (29, 21), (29, 22), (29, 23), (29, 24), (29, 25), (29, 26), (29, 27), (29, 28), (29, 29), (29, 30), (29, 31), (29, 31)], 3: [(14, 23), (13, 23), (12, 23), (12, 22), (12, 21), (12, 20), (12, 19), (12, 18), (12, 17), (12, 16), (12, 15), (12, 14), (12, 13), (12, 12), (12, 11), (11, 11), (11, 10), (11, 10)], 4: [(29, 10), (28, 10), (27, 10), (26, 10), (25, 10), (24, 10), (23, 10), (22, 10), (21, 10), (21, 11), (21, 12), (21, 13), (21, 14), (21, 15), (21, 16), (20, 16), (20, 17), (19, 17), (18, 17), (18, 18), (18, 19), (17, 19), (17, 20), (17, 21), (17, 22), (17, 23), (17, 24), (17, 25), (17, 26), (17, 27), (17, 28), (17, 29), (17, 29)], 5: [(10, 8), (9, 8), (8, 8), (7, 8), (7, 7), (6, 7), (5, 7), (4, 7), (3, 7), (2, 7), (1, 7), (1, 6), (1, 5), (1, 4), (1, 3), (0, 3), (0, 2), (0, 1), (0, 0), (1, 0), (2, 0), (3, 0), (4, 0), (5, 0), (6, 0), (6, 1), (7, 1), (8, 1), (9, 1), (10, 1), (11, 1), (12, 1), (13, 1), (14, 1), (15, 1), (16, 1), (17, 1), (18, 1), (19, 1), (19, 0), (20, 0), (21, 0), (22, 0), (23, 0), (23, 1), (24, 1), (24, 2), (25, 2), (25, 3), (26, 3), (27, 3), (28, 3), (28, 4), (29, 4), (29, 5), (29, 6), (29, 7), (29, 8), (29, 9), (29, 10), (29, 11), (29, 12), (29, 13), (29, 14), (29, 15), (29, 16), (29, 17), (29, 18), (29, 19), (29, 20), (29, 21), (29, 22), (29, 23), (29, 24), (29, 25), (29, 26), (29, 27), (29, 28), (29, 28)], 6: [(31, 15), (30, 15), (29, 15), (29, 16), (29, 17), (29, 18), (29, 19), (29, 20), (28, 20), (27, 20), (26, 20), (25, 20), (24, 20), (24, 21), (24, 22), (24, 23), (24, 24), (24, 25), (24, 26), (24, 27), (24, 28), (24, 29), (24, 30), (24, 31), (24, 31)], 7: [(18, 31), (18, 30), (18, 29), (18, 28), (18, 27), (18, 26), (18, 25), (18, 24), (18, 23), (18, 22), (18, 21), (18, 20), (18, 19), (18, 18), (18, 17), (19, 17), (19, 16), (19, 15), (19, 14), (19, 13), (19, 12), (19, 11), (19, 10), (20, 10), (21, 10), (21, 9), (21, 8), (21, 7), (21, 6), (21, 5), (21, 4), (21, 3), (21, 2), (22, 2), (22, 1), (22, 0), (23, 0), (24, 0), (24, 0)], 8: [(19, 16), (19, 15), (18, 15), (17, 15), (16, 15), (16, 14), (15, 14), (14, 14), (13, 14), (12, 14), (11, 14), (10, 14), (10, 13), (10, 12), (9, 12), (8, 12), (8, 13), (7, 13), (6, 13), (5, 13), (4, 13), (4, 13)], 9: [(30, 30), (29, 30), (28, 30), (27, 30), (27, 29), (27, 28), (27, 27), (27, 26), (27, 25), (27, 24), (27, 23), (27, 22), (26, 22), (26, 21), (25, 21), (24, 21), (23, 21), (22, 21), (21, 21), (20, 21), (19, 21), (18, 21), (17, 21), (16, 21), (15, 21), (14, 21), (14, 20), (14, 20)]}, 77)