

CBSS-C STATS
starts:[369, 952, 85, 541, 625]
targets:[342, 478, 34, 938, 748, 612, 219, 496, 845, 545, 385, 30, 905, 677, 874, 850, 682, 778, 39, 889, 744, 957, 236, 709, 297, 996, 566, 139, 423, 487, 825, 467, 22, 976, 832, 25, 265, 689, 259, 441]
dests:[304, 75, 884, 54, 706]
ac_dict:{342: {0, 1}, 478: {1, 2}, 34: {2, 3}, 938: {3, 4}, 304: {0}, 75: {1}, 884: {2}, 54: {3}, 706: {4}}
clusters:[13  0 12 12  7  9 22 10  5 18  7 14  2  1  3  8 24  9  3 20 19 10 23  8
 21  2 13 16 11  0 15 14  1 11  5 17  6  4  4  6]

round: 1
best_g_value: 167.0
open_list_size: 0
num_low_level_expanded: 390
search_success: 1
search_time: 1.776438725999924
n_tsp_call: 1
n_tsp_time: 1.735127193000153
n_roots: 1
num_conflicts: 0
target_assignment: {689: 4, 845: 4, 874: 4, 938: 4, 905: 4, 744: 4, 709: 4, 612: 4, 545: 4, 889: 1, 825: 1, 748: 1, 682: 1, 487: 1, 423: 1, 297: 1, 265: 1, 236: 1, 139: 1, 467: 2, 496: 2, 566: 2, 219: 3, 25: 3, 22: 3}
cluster_target_selection: {4: 689, 5: 845, 3: 874, 12: 938, 2: 905, 19: 744, 8: 709, 9: 612, 18: 545, 20: 889, 15: 825, 7: 748, 24: 682, 0: 487, 11: 423, 21: 297, 6: 265, 23: 236, 16: 139, 14: 467, 10: 496, 13: 566, 22: 219, 17: 25, 1: 22}
num_nodes_transformed_graph: 96
agent_paths:({0: [(17, 11), (16, 11), (16, 10), (16, 9), (16, 9)], 1: [(24, 29), (24, 28), (24, 27), (25, 27), (25, 26), (25, 25), (24, 25), (23, 25), (22, 25), (21, 25), (20, 25), (19, 25), (18, 25), (17, 25), (16, 25), (15, 25), (14, 25), (13, 25), (12, 25), (12, 24), (12, 23), (11, 23), (10, 23), (10, 22), (10, 21), (9, 21), (8, 21), (7, 21), (7, 20), (7, 19), (7, 18), (7, 17), (7, 16), (7, 15), (6, 15), (6, 14), (6, 13), (7, 13), (8, 13), (8, 12), (9, 12), (9, 11), (9, 10), (9, 9), (9, 8), (9, 7), (10, 7), (11, 7), (12, 7), (11, 7), (11, 6), (11, 5), (11, 4), (11, 3), (11, 2), (11, 2)], 2: [(21, 2), (21, 3), (21, 4), (21, 5), (21, 6), (20, 6), (20, 7), (20, 8), (20, 9), (19, 9), (19, 10), (19, 11), (19, 12), (19, 13), (19, 14), (18, 14), (17, 14), (16, 14), (16, 15), (17, 15), (18, 15), (19, 15), (19, 16), (20, 16), (21, 16), (22, 16), (22, 17), (21, 17), (20, 17), (20, 18), (20, 19), (20, 20), (20, 21), (20, 22), (19, 22), (19, 23), (19, 24), (20, 24), (20, 25), (20, 26), (20, 27), (20, 27)], 3: [(29, 16), (28, 16), (28, 15), (28, 14), (28, 13), (28, 12), (28, 11), (27, 11), (27, 10), (27, 9), (27, 8), (27, 7), (27, 6), (26, 6), (25, 6), (25, 5), (25, 4), (25, 3), (25, 2), (24, 2), (24, 1), (24, 0), (25, 0), (24, 0), (23, 0), (22, 0), (22, 1), (22, 1)], 4: [(17, 19), (17, 20), (17, 21), (16, 21), (15, 21), (14, 21), (13, 21), (13, 22), (13, 23), (13, 24), (13, 25), (13, 26), (12, 26), (11, 26), (10, 26), (10, 27), (10, 28), (10, 29), (10, 28), (9, 28), (8, 28), (8, 27), (8, 26), (8, 25), (8, 24), (8, 23), (7, 23), (6, 23), (5, 23), (5, 22), (5, 21), (5, 20), (5, 19), (4, 19), (4, 18), (3, 18), (2, 18), (2, 17), (1, 17), (2, 17), (2, 18), (2, 19), (2, 20), (2, 21), (2, 22), (2, 22)]}, 54)