

CBSS-C STATS
starts:[245, 749, 653, 817, 498]
targets:[121, 919, 711, 499, 585, 668, 558, 539, 835, 76, 784, 656, 959, 928, 603, 394, 301, 454, 610, 407, 762, 157, 66, 252, 609, 250, 532, 462, 130, 336, 432, 119, 988, 992, 315, 699, 735, 305, 108, 669, 891, 893, 266, 949, 13, 815, 164, 401, 843, 894]
dests:[400, 963, 470, 47, 663]
ac_dict:{121: {0, 1}, 919: {1, 2}, 711: {2, 3}, 499: {3, 4}, 400: {0}, 963: {1}, 470: {2}, 47: {3}, 663: {4}}
clusters:[ 8  2 11 20  8 23  6  6 29 17 10 25  0 19 14 17  1 12  4  9 16 16 19  5
  0 26 10 24  3 14 12  1  9 18 15  3 18  2 15 13 13  7 11 22 28 21  7 27
  4  5]

round: 1
best_g_value: 160.0
open_list_size: 0
num_low_level_expanded: 289
search_success: 1
search_time: 7.505722617999709
n_tsp_call: 1
n_tsp_time: 7.456819193999763
n_roots: 1
num_conflicts: 0
target_assignment: {119: 0, 121: 0, 250: 0, 305: 0, 401: 0, 499: 4, 949: 4, 988: 4, 959: 4, 894: 4, 893: 4, 891: 4, 762: 4, 699: 4, 668: 4, 558: 2, 462: 2, 815: 3, 784: 3, 656: 3, 432: 3, 336: 3, 266: 3, 108: 3, 76: 3, 13: 3, 843: 1, 835: 1, 928: 1, 992: 1}
cluster_target_selection: {1: 119, 8: 121, 26: 250, 2: 305, 27: 401, 20: 499, 22: 949, 9: 988, 0: 959, 5: 894, 7: 893, 13: 891, 16: 762, 3: 699, 23: 668, 6: 558, 24: 462, 21: 815, 10: 784, 25: 656, 12: 432, 14: 336, 11: 266, 15: 108, 17: 76, 28: 13, 4: 843, 29: 835, 19: 928, 18: 992}
num_nodes_transformed_graph: 125
agent_paths:({0: [(21, 7), (21, 6), (21, 5), (21, 4), (21, 3), (22, 3), (23, 3), (24, 3), (25, 3), (26, 3), (26, 4), (26, 5), (26, 6), (26, 7), (25, 7), (25, 8), (24, 8), (23, 8), (22, 8), (21, 8), (20, 8), (20, 9), (19, 9), (18, 9), (17, 9), (16, 9), (16, 10), (16, 11), (17, 11), (17, 12), (16, 12), (16, 12)], 1: [(13, 23), (12, 23), (11, 23), (11, 24), (11, 25), (11, 26), (10, 26), (9, 26), (8, 26), (7, 26), (6, 26), (5, 26), (4, 26), (3, 26), (2, 26), (2, 27), (1, 27), (0, 27), (0, 28), (0, 29), (0, 30), (0, 31), (0, 30), (1, 30), (2, 30), (3, 30), (3, 30)], 2: [(13, 20), (13, 19), (13, 18), (13, 17), (14, 17), (14, 16), (14, 15), (14, 14), (15, 14), (16, 14), (17, 14), (18, 14), (19, 14), (20, 14), (21, 14), (22, 14), (22, 14)], 3: [(17, 25), (16, 25), (15, 25), (15, 24), (16, 24), (16, 23), (16, 22), (16, 21), (16, 20), (16, 19), (16, 18), (16, 17), (16, 16), (16, 15), (16, 14), (16, 13), (16, 12), (16, 11), (16, 10), (15, 10), (14, 10), (13, 10), (12, 10), (11, 10), (10, 10), (10, 9), (10, 8), (10, 7), (10, 6), (10, 5), (10, 4), (10, 3), (11, 3), (12, 3), (12, 2), (12, 1), (12, 0), (13, 0), (14, 0), (15, 0), (15, 1), (15, 1)], 4: [(18, 15), (19, 15), (19, 16), (19, 17), (19, 18), (19, 19), (19, 20), (19, 21), (19, 22), (19, 23), (19, 24), (20, 24), (20, 25), (20, 26), (20, 27), (20, 28), (20, 29), (21, 29), (21, 30), (22, 30), (23, 30), (24, 30), (25, 30), (26, 30), (27, 30), (28, 30), (28, 29), (29, 29), (30, 29), (31, 29), (30, 29), (30, 28), (30, 27), (29, 27), (28, 27), (27, 27), (26, 27), (26, 26), (26, 25), (26, 24), (26, 23), (26, 22), (26, 21), (27, 21), (27, 20), (28, 20), (27, 20), (26, 20), (25, 20), (24, 20), (23, 20), (23, 20)]}, 50)