

CBSS-C STATS
starts:[973, 421]
targets:[290, 583, 459, 525, 229, 948, 124, 1020, 972, 61, 982, 473, 723, 709, 156, 408, 901, 775, 803, 578, 32, 642, 641, 100, 888, 162, 850, 361, 123, 160, 815, 375, 97, 867, 542, 801, 710, 255, 799, 946, 136, 88, 793, 436, 117, 682, 62, 341, 190, 58, 562, 195, 981, 1006, 356, 323, 474, 343, 283, 430, 548, 898, 770, 56, 861, 719, 520, 151, 624, 1021, 696, 470, 721, 442, 781, 936, 623, 491, 316, 686, 541, 2, 524, 96, 35, 1010, 227, 36, 37, 856, 168, 215, 10, 523, 632, 607, 346, 931, 19, 490]
dests:[792, 207]
ac_dict:{290: {0, 1}, 792: {0}, 207: {1}}
clusters:[24 19  8 17 34 34 35 32 34 12  2 12 26 17 25 25 15 11 29  2 31  1 13 10
 15 17  6 19  7 13 12 28 37 19  4 25 29 27 39  9 32 36  0 18 28 17  8 26
 23 26 27 18  5 19  9 28 27  4 34 18  3 32 29 23 12 29 22  8 37 13 36  4
 16 36 39  9  6  8 14 33  4 34  0 39 32  7 21 11 31  3 20 23 30 38 10  0
  9  3 39 22]

round: 1
best_g_value: 428.0
open_list_size: 0
num_low_level_expanded: 262
search_success: 1
search_time: 11.176024177999352
n_tsp_call: 1
n_tsp_time: 11.07882234200224
n_roots: 1
num_conflicts: 0
target_assignment: {781: 0, 686: 0, 719: 0, 721: 0, 723: 0, 850: 0, 946: 0, 948: 0, 981: 0, 982: 0, 888: 0, 548: 1, 642: 1, 641: 1, 323: 1, 290: 1, 227: 1, 195: 1, 162: 1, 97: 1, 100: 1, 36: 1, 37: 1, 10: 1, 136: 1, 168: 1, 361: 1, 490: 1, 491: 1, 523: 1, 524: 1, 470: 1, 473: 1, 474: 1, 442: 1, 316: 1, 156: 1, 124: 1, 123: 1, 215: 1}
cluster_target_selection: {39: 781, 33: 686, 29: 719, 16: 721, 26: 723, 6: 850, 9: 946, 34: 948, 5: 981, 2: 982, 15: 888, 3: 548, 1: 642, 13: 641, 28: 323, 24: 290, 21: 227, 18: 195, 17: 162, 37: 97, 10: 100, 11: 36, 31: 37, 30: 10, 32: 136, 20: 168, 19: 361, 22: 490, 8: 491, 38: 523, 0: 524, 4: 470, 12: 473, 27: 474, 36: 442, 14: 316, 25: 156, 35: 124, 7: 123, 23: 215}
num_nodes_transformed_graph: 104
agent_paths:({0: [(13, 30), (13, 29), (13, 28), (13, 27), (13, 26), (13, 25), (13, 24), (13, 23), (13, 22), (13, 21), (14, 21), (15, 21), (15, 22), (16, 22), (17, 22), (18, 22), (19, 22), (18, 22), (18, 23), (18, 24), (18, 25), (18, 26), (18, 27), (18, 28), (18, 29), (19, 29), (20, 29), (21, 29), (21, 30), (22, 30), (23, 30), (23, 29), (23, 28), (23, 27), (24, 27), (24, 26), (24, 25), (24, 24), (24, 24)], 1: [(5, 13), (5, 14), (5, 15), (4, 15), (4, 16), (4, 17), (3, 17), (2, 17), (2, 18), (2, 19), (2, 20), (1, 20), (1, 19), (2, 19), (2, 18), (2, 17), (2, 16), (2, 15), (2, 14), (2, 13), (2, 12), (2, 11), (2, 10), (3, 10), (2, 10), (2, 9), (3, 9), (3, 8), (3, 7), (3, 6), (2, 6), (2, 5), (1, 5), (1, 4), (1, 3), (2, 3), (3, 3), (4, 3), (4, 2), (4, 1), (5, 1), (6, 1), (7, 1), (8, 1), (8, 0), (9, 0), (10, 0), (9, 0), (9, 1), (9, 2), (9, 3), (8, 3), (8, 4), (8, 5), (8, 6), (9, 6), (9, 7), (9, 8), (9, 9), (9, 10), (9, 11), (10, 11), (10, 12), (10, 13), (10, 14), (10, 15), (11, 15), (11, 16), (12, 16), (12, 15), (12, 14), (13, 14), (14, 14), (15, 14), (16, 14), (17, 14), (18, 14), (19, 14), (20, 14), (21, 14), (22, 14), (23, 14), (24, 14), (25, 14), (26, 14), (26, 13), (26, 12), (26, 11), (26, 10), (27, 10), (27, 9), (28, 9), (28, 8), (28, 7), (28, 6), (28, 5), (28, 4), (28, 3), (27, 3), (26, 3), (25, 3), (24, 3), (23, 3), (23, 4), (23, 5), (23, 6), (22, 6), (21, 6), (20, 6), (19, 6), (18, 6), (17, 6), (16, 6), (15, 6), (15, 6)]}, 113)