

CBSS-C STATS
starts:[3, 357, 934, 48, 424]
targets:[197, 736, 829, 315, 795, 331, 272, 44, 529, 824, 496, 921, 209, 107, 408, 502, 20, 707, 752, 618]
dests:[552, 479, 828, 351, 61]
ac_dict:{197: {0, 1}, 736: {1, 2}, 829: {2, 3}, 315: {3, 4}, 552: {0}, 479: {1}, 828: {2}, 351: {3}, 61: {4}}
clusters:[4 6 6 2 9 5 3 5 5 2 4 2 9 4 7 6 8 0 3 1]

round: 1
best_g_value: 160.0
open_list_size: 0
num_low_level_expanded: 414
search_success: 1
search_time: 0.28700369177386165
n_tsp_call: 1
n_tsp_time: 0.26198035571724176
n_roots: 1
num_conflicts: 0
target_assignment: {197: 0, 618: 0, 20: 3, 315: 3, 331: 1, 408: 1, 707: 2, 829: 2, 272: 4, 209: 4}
cluster_target_selection: {4: 197, 1: 618, 8: 20, 2: 315, 5: 331, 7: 408, 0: 707, 6: 829, 3: 272, 9: 209}
num_nodes_transformed_graph: 51
agent_paths:({0: [(3, 0), (4, 0), (5, 0), (5, 1), (5, 2), (5, 3), (5, 4), (5, 5), (5, 6), (5, 7), (6, 7), (7, 7), (7, 8), (8, 8), (9, 8), (10, 8), (10, 9), (10, 10), (10, 11), (10, 12), (10, 13), (10, 14), (10, 15), (10, 16), (10, 17), (10, 18), (10, 19), (9, 19), (8, 19), (8, 18), (8, 17), (8, 17)], 1: [(5, 11), (5, 10), (6, 10), (7, 10), (8, 10), (9, 10), (10, 10), (11, 10), (12, 10), (13, 10), (14, 10), (15, 10), (16, 10), (16, 11), (17, 11), (18, 11), (19, 11), (19, 12), (20, 12), (21, 12), (22, 12), (23, 12), (24, 12), (25, 12), (26, 12), (26, 13), (27, 13), (28, 13), (29, 13), (29, 14), (30, 14), (31, 14), (31, 14)], 2: [(6, 29), (5, 29), (4, 29), (4, 28), (4, 27), (3, 27), (3, 26), (3, 25), (3, 24), (3, 23), (3, 22), (4, 22), (5, 22), (6, 22), (7, 22), (8, 22), (9, 22), (10, 22), (11, 22), (12, 22), (13, 22), (13, 23), (14, 23), (15, 23), (16, 23), (17, 23), (18, 23), (19, 23), (19, 24), (20, 24), (20, 25), (21, 25), (22, 25), (23, 25), (24, 25), (25, 25), (26, 25), (27, 25), (28, 25), (29, 25), (28, 25), (28, 25)], 3: [(16, 1), (17, 1), (18, 1), (19, 1), (19, 0), (20, 0), (21, 0), (22, 0), (23, 0), (24, 0), (24, 1), (24, 2), (25, 2), (25, 3), (26, 3), (27, 3), (27, 4), (27, 5), (27, 6), (27, 7), (27, 8), (27, 9), (28, 9), (29, 9), (30, 9), (31, 9), (31, 10), (31, 10)], 4: [(8, 13), (8, 12), (9, 12), (9, 11), (9, 10), (10, 10), (11, 10), (12, 10), (13, 10), (13, 9), (14, 9), (15, 9), (16, 9), (16, 8), (16, 7), (16, 6), (17, 6), (17, 5), (17, 4), (17, 3), (18, 3), (19, 3), (20, 3), (21, 3), (22, 3), (23, 3), (24, 3), (25, 3), (26, 3), (27, 3), (27, 2), (27, 1), (28, 1), (29, 1), (29, 1)]}, 40)