

CBSS-C STATS
starts:[768, 81]
targets:[68, 515, 596, 990, 1, 30, 767, 225, 306, 238, 475, 265, 831, 285, 398, 426, 460, 326, 623, 77, 290, 589, 878, 212, 779, 98, 364, 699, 224, 564, 200, 231, 933, 855, 482, 912, 299, 730, 895, 122, 43, 161, 184, 2, 745, 1004, 37, 997, 780, 722, 817, 635, 814, 982, 786, 518, 630, 647, 706, 336, 583, 538, 716, 294, 130, 153, 519, 21, 75, 841, 437, 567, 679, 688, 604, 632, 244, 150, 206, 832, 815, 1006, 693, 561, 750, 527, 711, 980, 610, 802, 14, 371, 504, 765, 469, 368, 25, 847, 354, 287]
dests:[874, 176]
ac_dict:{68: {0, 1}, 874: {0}, 176: {1}}
clusters:[12  7 18  6  9 20 18 24 22  6 26 38  1 34  9  2 16  2 10  9 25 20  3  4
 11 38 33  8 18  3 26 12 37 24  9 32 13  8 10 36  4 12 22 20 37 15 25 18
 27  5  3 37 24 35 26 11 29 29 21 33 21 14 34 26  8 12 39 20 36  9 15  2
 16 22 20  5 18  0 25 14 19 10 31 23 25 10 28 29 32 37  9 30 17 20  0 31
 23  5 38 16]

round: 1
best_g_value: 425.0
open_list_size: 0
num_low_level_expanded: 240
search_success: 1
search_time: 54.166778114995395
n_tsp_call: 1
n_tsp_time: 53.99634929899912
n_roots: 1
num_conflicts: 0
target_assignment: {706: 0, 711: 0, 679: 0, 519: 0, 515: 0, 518: 0, 326: 0, 294: 0, 231: 0, 265: 0, 299: 0, 336: 0, 368: 0, 371: 0, 437: 0, 469: 0, 504: 0, 538: 0, 635: 0, 699: 0, 765: 0, 767: 0, 831: 0, 990: 0, 982: 0, 980: 0, 912: 0, 878: 0, 847: 0, 815: 0, 814: 0, 750: 0, 688: 0, 561: 0, 623: 0, 716: 0, 780: 0, 43: 1, 75: 1, 77: 1}
cluster_target_selection: {21: 706, 28: 711, 16: 679, 39: 519, 7: 515, 11: 518, 2: 326, 26: 294, 12: 231, 38: 265, 13: 299, 33: 336, 31: 368, 30: 371, 15: 437, 0: 469, 17: 504, 14: 538, 37: 635, 8: 699, 20: 765, 18: 767, 1: 831, 6: 990, 35: 982, 29: 980, 32: 912, 3: 878, 5: 847, 19: 815, 24: 814, 25: 750, 22: 688, 23: 561, 10: 623, 34: 716, 27: 780, 4: 43, 36: 75, 9: 77}
num_nodes_transformed_graph: 204
agent_paths:({0: [(0, 24), (0, 23), (1, 23), (1, 22), (2, 22), (3, 22), (4, 22), (5, 22), (6, 22), (7, 22), (7, 21), (7, 20), (7, 19), (7, 18), (7, 17), (7, 16), (6, 16), (5, 16), (4, 16), (3, 16), (4, 16), (5, 16), (6, 16), (6, 15), (6, 14), (6, 13), (6, 12), (6, 11), (6, 10), (6, 9), (7, 9), (7, 8), (7, 7), (7, 8), (8, 8), (9, 8), (10, 8), (11, 8), (11, 9), (11, 10), (12, 10), (13, 10), (14, 10), (15, 10), (16, 10), (16, 11), (17, 11), (18, 11), (19, 11), (19, 12), (20, 12), (21, 12), (21, 13), (21, 14), (22, 14), (23, 14), (24, 14), (24, 15), (25, 15), (26, 15), (26, 16), (27, 16), (27, 17), (27, 18), (27, 19), (27, 20), (27, 21), (28, 21), (29, 21), (29, 22), (29, 23), (30, 23), (31, 23), (31, 24), (31, 25), (30, 25), (30, 26), (30, 27), (30, 28), (30, 29), (30, 30), (29, 30), (28, 30), (27, 30), (26, 30), (25, 30), (24, 30), (23, 30), (22, 30), (21, 30), (20, 30), (19, 30), (18, 30), (17, 30), (16, 30), (16, 29), (16, 28), (15, 28), (14, 28), (14, 27), (15, 27), (15, 26), (15, 25), (14, 25), (14, 24), (14, 23), (15, 23), (15, 22), (15, 21), (16, 21), (16, 20), (16, 19), (16, 18), (16, 17), (17, 17), (16, 17), (16, 18), (16, 19), (15, 19), (14, 19), (13, 19), (12, 19), (12, 20), (12, 21), (12, 22), (12, 23), (12, 24), (11, 24), (10, 24), (10, 25), (10, 26), (10, 27), (10, 27)], 1: [(17, 2), (16, 2), (16, 1), (15, 1), (14, 1), (13, 1), (12, 1), (11, 1), (11, 2), (12, 2), (13, 2), (14, 2), (14, 3), (14, 4), (14, 5), (15, 5), (16, 5), (16, 5)]}, 131)