

CBSS-C STATS
starts:[574, 615, 146, 639, 469]
targets:[316, 663, 155, 804, 462, 148, 133, 581, 394, 200, 137, 905, 363, 765, 924, 557, 335, 632, 941, 1000, 655, 578, 163, 29, 787, 142, 938, 558, 40, 845, 923, 798, 1019, 592, 215, 166, 491, 897, 332, 579]
dests:[2, 328, 613, 559, 311]
ac_dict:{316: {0, 1}, 663: {1, 2}, 155: {2, 3}, 804: {3, 4}, 2: {0}, 328: {1}, 613: {2}, 559: {3}, 311: {4}}
clusters:[23 19 14  8  6 17 20  2 12  8 24  0  2 14 12  5  4 11  6 11  7  4 16 21
 10  1 13  0  9  9 15  3  3 13 22  5  1 18  7 10]

round: 2
best_g_value: 192.0
open_list_size: 1
num_low_level_expanded: 585
search_success: 1
search_time: 19.246851777000302
n_tsp_call: 1
n_tsp_time: 19.162690193000344
n_roots: 1
num_conflicts: 1
target_assignment: {316: 0, 29: 0, 148: 0, 142: 0, 137: 0, 200: 0, 166: 0, 133: 0, 163: 0, 215: 2, 663: 2, 655: 2, 845: 2, 941: 2, 905: 2, 897: 2, 578: 2, 579: 2, 581: 2, 765: 3, 798: 3, 924: 3, 923: 3, 632: 3, 592: 3}
cluster_target_selection: {23: 316, 21: 29, 17: 148, 1: 142, 24: 137, 8: 200, 5: 166, 20: 133, 16: 163, 22: 215, 19: 663, 7: 655, 9: 845, 6: 941, 0: 905, 18: 897, 4: 578, 10: 579, 2: 581, 14: 765, 3: 798, 12: 924, 15: 923, 11: 632, 13: 592}
num_nodes_transformed_graph: 198
agent_paths:({0: [(30, 17), (29, 17), (29, 16), (28, 16), (28, 15), (28, 14), (28, 13), (28, 12), (28, 11), (28, 10), (28, 9), (28, 8), (28, 7), (28, 6), (28, 5), (28, 4), (28, 3), (28, 2), (28, 1), (28, 0), (29, 0), (28, 0), (27, 0), (27, 1), (27, 2), (27, 3), (26, 3), (25, 3), (24, 3), (23, 3), (22, 3), (21, 3), (20, 3), (20, 4), (19, 4), (18, 4), (17, 4), (16, 4), (16, 5), (15, 5), (14, 5), (14, 4), (13, 4), (12, 4), (11, 4), (10, 4), (9, 4), (8, 4), (8, 5), (8, 6), (7, 6), (7, 5), (6, 5), (5, 5), (5, 4), (4, 4), (3, 4), (3, 5), (2, 5), (2, 4), (2, 3), (2, 2), (2, 1), (2, 0), (2, 0)], 1: [(7, 19), (7, 18), (7, 17), (7, 16), (7, 15), (6, 15), (6, 14), (6, 13), (6, 12), (6, 11), (6, 10), (7, 10), (8, 10), (8, 10)], 2: [(18, 4), (19, 4), (20, 4), (21, 4), (22, 4), (23, 4), (23, 5), (23, 6), (22, 6), (22, 7), (22, 8), (22, 9), (22, 10), (23, 10), (23, 11), (23, 12), (23, 13), (23, 14), (23, 15), (23, 16), (23, 17), (23, 18), (23, 19), (23, 20), (22, 20), (21, 20), (20, 20), (19, 20), (18, 20), (17, 20), (16, 20), (15, 20), (14, 20), (13, 20), (13, 21), (13, 22), (13, 23), (13, 24), (13, 25), (13, 26), (13, 27), (13, 28), (13, 29), (12, 29), (11, 29), (10, 29), (10, 28), (9, 28), (8, 28), (7, 28), (6, 28), (5, 28), (4, 28), (4, 27), (3, 27), (2, 27), (1, 27), (1, 28), (1, 27), (2, 27), (2, 26), (2, 25), (2, 24), (2, 23), (2, 22), (2, 21), (2, 20), (2, 19), (2, 18), (3, 18), (4, 18), (5, 18), (5, 19), (5, 19)], 3: [(31, 19), (30, 19), (29, 19), (29, 20), (29, 21), (29, 22), (29, 23), (30, 23), (30, 24), (29, 24), (29, 25), (29, 26), (29, 27), (28, 27), (28, 28), (27, 28), (26, 28), (25, 28), (24, 28), (24, 27), (24, 26), (24, 25), (24, 24), (24, 23), (24, 22), (24, 21), (24, 20), (24, 19), (23, 19), (22, 19), (21, 19), (20, 19), (19, 19), (18, 19), (17, 19), (16, 19), (16, 18), (16, 17), (15, 17), (15, 17)], 4: [(21, 14), (21, 13), (21, 12), (21, 11), (21, 10), (21, 9), (22, 9), (23, 9), (23, 9)]}, 72)