

CBSS-C STATS
starts:[379, 269, 784, 12, 267]
targets:[672, 923, 748, 674, 355, 963, 723, 931, 799, 757, 620, 465, 486, 669, 1001, 381, 403, 213, 668, 345]
dests:[614, 819, 318, 606, 580]
ac_dict:{672: {0, 1}, 923: {1, 2}, 748: {2, 3}, 674: {3, 4}, 614: {0}, 819: {1}, 318: {2}, 606: {3}, 580: {4}}
clusters:[5 8 8 8 7 7 0 1 2 6 0 9 4 0 4 3 5 4 2 5]

round: 2
best_g_value: 164.0
open_list_size: 0
num_low_level_expanded: 660
search_success: 1
search_time: 0.5727877947501838
n_tsp_call: 1
n_tsp_time: 0.5367171275429428
n_roots: 1
num_conflicts: 1
target_assignment: {465: 0, 355: 4, 674: 4, 931: 4, 213: 3, 345: 3, 723: 2, 757: 2, 668: 2, 381: 2}
cluster_target_selection: {9: 465, 7: 355, 8: 674, 1: 931, 4: 213, 5: 345, 0: 723, 6: 757, 2: 668, 3: 381}
num_nodes_transformed_graph: 51
agent_paths:({0: [(27, 11), (26, 11), (25, 11), (24, 11), (23, 11), (22, 11), (21, 11), (21, 12), (20, 12), (19, 12), (18, 12), (17, 12), (17, 13), (17, 14), (16, 14), (15, 14), (14, 14), (13, 14), (12, 14), (11, 14), (10, 14), (9, 14), (9, 15), (9, 16), (8, 16), (7, 16), (7, 17), (7, 18), (7, 19), (6, 19), (6, 19)], 1: [(13, 8), (13, 9), (14, 9), (15, 9), (16, 9), (17, 9), (18, 9), (19, 9), (19, 10), (19, 11), (19, 12), (19, 13), (19, 14), (19, 15), (19, 16), (19, 17), (19, 18), (19, 19), (19, 20), (19, 21), (19, 22), (19, 23), (19, 24), (19, 25), (19, 25)], 2: [(16, 24), (16, 23), (16, 22), (17, 22), (18, 22), (19, 22), (20, 22), (21, 22), (21, 23), (21, 22), (21, 21), (21, 20), (22, 20), (23, 20), (24, 20), (25, 20), (26, 20), (27, 20), (28, 20), (29, 20), (29, 19), (29, 18), (29, 17), (29, 16), (29, 15), (29, 14), (29, 13), (29, 12), (29, 11), (29, 10), (29, 9), (30, 9), (30, 9)], 3: [(12, 0), (13, 0), (14, 0), (15, 0), (16, 0), (16, 1), (17, 1), (18, 1), (19, 1), (20, 1), (20, 2), (21, 2), (21, 3), (21, 4), (21, 5), (21, 6), (22, 6), (23, 6), (24, 6), (25, 6), (25, 7), (25, 8), (25, 9), (25, 10), (26, 10), (27, 10), (28, 10), (28, 11), (28, 12), (29, 12), (29, 13), (29, 14), (30, 14), (30, 15), (30, 16), (30, 17), (30, 18), (30, 18)], 4: [(11, 8), (10, 8), (9, 8), (8, 8), (7, 8), (7, 9), (6, 9), (5, 9), (4, 9), (3, 9), (3, 10), (3, 11), (2, 11), (2, 12), (2, 13), (2, 14), (2, 15), (2, 16), (2, 17), (2, 18), (2, 19), (2, 20), (2, 21), (2, 22), (2, 23), (2, 24), (2, 25), (2, 26), (2, 27), (2, 28), (2, 29), (3, 29), (4, 29), (4, 28), (4, 27), (4, 26), (4, 25), (4, 24), (4, 23), (4, 22), (5, 22), (5, 21), (5, 20), (5, 19), (4, 19), (4, 18), (4, 18)]}, 45)