

CBSS-C STATS
starts:[171, 225, 847, 339, 857]
targets:[886, 447, 509, 925, 579, 473, 754, 941, 728, 51, 678, 736, 673, 971, 93, 422, 464, 158, 218, 460]
dests:[32, 954, 709, 350, 167]
ac_dict:{886: {0, 1}, 447: {1, 2}, 509: {2, 3}, 925: {3, 4}, 32: {0}, 954: {1}, 709: {2}, 350: {3}, 167: {4}}
clusters:[0 3 2 8 6 1 8 7 7 4 6 4 4 5 9 2 8 7 1 7]

round: 2
best_g_value: 174.0
open_list_size: 1
num_low_level_expanded: 1411
search_success: 1
search_time: 4.526737040374428
n_tsp_call: 1
n_tsp_time: 4.47694044187665
n_roots: 1
num_conflicts: 1
target_assignment: {51: 1, 93: 1, 447: 1, 473: 1, 728: 1, 886: 1, 754: 4, 422: 4, 971: 2, 678: 2}
cluster_target_selection: {4: 51, 9: 93, 3: 447, 1: 473, 7: 728, 0: 886, 8: 754, 2: 422, 5: 971, 6: 678}
num_nodes_transformed_graph: 98
agent_paths:({0: [(11, 5), (10, 5), (10, 4), (9, 4), (8, 4), (7, 4), (6, 4), (5, 4), (4, 4), (3, 4), (2, 4), (1, 4), (1, 3), (0, 3), (0, 2), (0, 1), (0, 1)], 1: [(1, 7), (1, 6), (1, 5), (1, 4), (1, 3), (1, 2), (1, 1), (2, 1), (3, 1), (4, 1), (5, 1), (6, 1), (7, 1), (8, 1), (9, 1), (10, 1), (11, 1), (12, 1), (13, 1), (14, 1), (15, 1), (16, 1), (17, 1), (18, 1), (19, 1), (20, 1), (20, 2), (21, 2), (22, 2), (23, 2), (24, 2), (25, 2), (25, 3), (26, 3), (27, 3), (27, 2), (28, 2), (29, 2), (30, 2), (30, 3), (30, 4), (30, 5), (30, 6), (30, 7), (30, 8), (30, 9), (29, 9), (29, 10), (29, 11), (29, 12), (29, 13), (29, 14), (30, 14), (31, 14), (31, 13), (31, 14), (30, 14), (29, 14), (28, 14), (27, 14), (26, 14), (25, 14), (24, 14), (24, 15), (24, 16), (24, 17), (24, 18), (24, 19), (24, 20), (24, 21), (24, 22), (24, 23), (24, 24), (23, 24), (22, 24), (22, 25), (22, 26), (22, 27), (23, 27), (24, 27), (25, 27), (26, 27), (26, 28), (26, 29), (26, 29)], 2: [(15, 26), (15, 27), (14, 27), (13, 27), (12, 27), (11, 27), (11, 28), (11, 29), (11, 30), (10, 30), (9, 30), (8, 30), (8, 29), (8, 28), (8, 27), (8, 26), (7, 26), (7, 25), (7, 24), (7, 23), (6, 23), (6, 22), (6, 21), (5, 21), (5, 22), (5, 22)], 3: [(19, 10), (20, 10), (21, 10), (22, 10), (23, 10), (24, 10), (25, 10), (26, 10), (27, 10), (28, 10), (29, 10), (30, 10), (30, 10)], 4: [(25, 26), (24, 26), (23, 26), (22, 26), (22, 25), (21, 25), (20, 25), (19, 25), (18, 25), (18, 24), (18, 23), (17, 23), (16, 23), (15, 23), (14, 23), (13, 23), (12, 23), (11, 23), (10, 23), (9, 23), (8, 23), (7, 23), (7, 22), (7, 21), (7, 20), (7, 19), (7, 18), (7, 17), (6, 17), (6, 16), (6, 15), (6, 14), (6, 13), (6, 12), (6, 11), (6, 10), (6, 9), (7, 9), (7, 8), (7, 7), (7, 6), (7, 5), (7, 5)]}, 83)