

CBSS-C STATS
starts:[1002, 170, 614, 604, 579]
targets:[477, 909, 714, 193, 93, 457, 700, 660, 373, 291, 537, 1019, 996, 471, 626, 553, 445, 1003, 607, 1018, 451, 654, 1020, 612, 216, 783, 771, 697, 380, 368, 792, 227, 680, 265, 766, 215, 23, 710, 139, 45, 5, 1021, 44, 532, 664, 469, 879, 927, 78, 470]
dests:[367, 943, 828, 529, 752]
ac_dict:{477: {0, 1}, 909: {1, 2}, 714: {2, 3}, 193: {3, 4}, 367: {0}, 943: {1}, 828: {2}, 529: {3}, 752: {4}}
clusters:[34  9 22  7  0  7 10 26 13 16  2  8 23 30 12 29 37 31  2 25 20 28  8  3
  5  4  4 24  9  0 33 27 14 17  5  1  6 32 19 15 36 39 18  1  3 11 21 38
  6 35]

round: 1
best_g_value: 221.0
open_list_size: 0
num_low_level_expanded: 442
search_success: 1
search_time: 22.769227327000408
n_tsp_call: 1
n_tsp_time: 22.644710603999556
n_roots: 1
num_conflicts: 0
target_assignment: {996: 0, 1003: 0, 1018: 0, 1020: 0, 1021: 0, 927: 0, 766: 0, 700: 0, 477: 0, 445: 0, 380: 0, 373: 0, 368: 0, 537: 3, 471: 3, 470: 3, 469: 3, 532: 3, 710: 2, 714: 2, 654: 2, 626: 2, 660: 2, 697: 2, 792: 2, 451: 4, 612: 4, 680: 4, 139: 1, 78: 1, 45: 1, 44: 1, 5: 1, 227: 1, 291: 1, 265: 1, 457: 1, 553: 1, 783: 1, 879: 1}
cluster_target_selection: {23: 996, 31: 1003, 25: 1018, 8: 1020, 39: 1021, 38: 927, 5: 766, 10: 700, 34: 477, 37: 445, 9: 380, 13: 373, 0: 368, 2: 537, 30: 471, 35: 470, 11: 469, 1: 532, 32: 710, 22: 714, 28: 654, 12: 626, 26: 660, 24: 697, 33: 792, 20: 451, 3: 612, 14: 680, 19: 139, 6: 78, 15: 45, 18: 44, 36: 5, 27: 227, 16: 291, 17: 265, 7: 457, 29: 553, 4: 783, 21: 879}
num_nodes_transformed_graph: 248
agent_paths:({0: [(10, 31), (9, 31), (8, 31), (7, 31), (6, 31), (5, 31), (4, 31), (5, 31), (6, 31), (7, 31), (8, 31), (9, 31), (10, 31), (11, 31), (12, 31), (13, 31), (14, 31), (15, 31), (16, 31), (17, 31), (18, 31), (19, 31), (20, 31), (21, 31), (22, 31), (22, 30), (23, 30), (24, 30), (25, 30), (26, 30), (26, 31), (27, 31), (28, 31), (29, 31), (29, 30), (29, 29), (29, 28), (30, 28), (31, 28), (30, 28), (30, 27), (30, 26), (30, 25), (30, 24), (30, 23), (29, 23), (29, 22), (28, 22), (28, 21), (28, 20), (29, 20), (29, 19), (29, 18), (29, 17), (29, 16), (29, 15), (29, 14), (29, 13), (28, 13), (28, 12), (28, 11), (27, 11), (26, 11), (25, 11), (24, 11), (23, 11), (22, 11), (21, 11), (21, 10), (20, 10), (19, 10), (18, 10), (18, 11), (17, 11), (16, 11), (15, 11), (15, 11)], 1: [(10, 5), (10, 4), (11, 4), (11, 3), (11, 2), (12, 2), (13, 2), (14, 2), (13, 2), (13, 1), (12, 1), (11, 1), (10, 1), (9, 1), (8, 1), (7, 1), (6, 1), (5, 1), (5, 0), (4, 0), (3, 0), (3, 1), (3, 2), (3, 3), (3, 4), (3, 5), (3, 6), (3, 7), (3, 8), (3, 9), (4, 9), (5, 9), (6, 9), (7, 9), (7, 8), (8, 8), (9, 8), (9, 9), (9, 10), (9, 11), (9, 12), (10, 12), (10, 13), (10, 14), (9, 14), (9, 15), (9, 16), (9, 17), (10, 17), (11, 17), (12, 17), (13, 17), (14, 17), (14, 18), (14, 19), (15, 19), (15, 20), (15, 21), (15, 22), (15, 23), (15, 24), (15, 25), (15, 26), (15, 27), (15, 28), (15, 29), (15, 29)], 2: [(6, 19), (6, 20), (6, 21), (6, 22), (7, 22), (8, 22), (9, 22), (10, 22), (10, 21), (10, 20), (11, 20), (12, 20), (13, 20), (14, 20), (14, 19), (15, 19), (16, 19), (17, 19), (18, 19), (19, 19), (20, 19), (20, 20), (21, 20), (22, 20), (23, 20), (24, 20), (25, 20), (25, 21), (24, 21), (24, 22), (24, 23), (24, 24), (25, 24), (26, 24), (27, 24), (28, 24), (28, 25), (28, 25)], 3: [(28, 18), (27, 18), (26, 18), (25, 18), (25, 17), (25, 16), (24, 16), (23, 16), (23, 15), (23, 14), (22, 14), (21, 14), (21, 15), (21, 16), (20, 16), (19, 16), (19, 15), (18, 15), (17, 15), (17, 16), (17, 16)], 4: [(3, 18), (3, 17), (3, 16), (3, 15), (3, 14), (3, 15), (4, 15), (4, 16), (4, 17), (4, 18), (4, 19), (5, 19), (6, 19), (7, 19), (8, 19), (8, 20), (8, 21), (9, 21), (10, 21), (11, 21), (12, 21), (13, 21), (14, 21), (15, 21), (16, 21), (16, 22), (16, 23), (16, 23)]}, 75)