

CBSS-C STATS
starts:[752, 405, 331, 800, 246]
targets:[445, 129, 286, 629, 736, 511, 641, 516, 161, 517, 137, 721, 119, 743, 840, 126, 784, 849, 492, 207, 344, 568, 392, 841, 249, 758, 818, 656, 1022, 225, 263, 924, 398, 1013, 206, 936, 145, 529, 731, 546, 628, 705, 745, 461, 786, 830, 378, 513, 1001, 708]
dests:[42, 816, 897, 342, 809]
ac_dict:{445: {0, 1}, 129: {1, 2}, 286: {2, 3}, 629: {3, 4}, 42: {0}, 816: {1}, 897: {2}, 342: {3}, 809: {4}}
clusters:[ 2 26 22  7  4 11 25 21 15  7 13 14 18 19 27  0  0 15  3  5  9  8 29  6
  3  1  1  6  2  8 11 18 17 10 20 16 23 16  4 10 28 12 14 12 17 13 19 24
  5  9]

round: 1
best_g_value: 212.0
open_list_size: 0
num_low_level_expanded: 608
search_success: 1
search_time: 41.32203012500031
n_tsp_call: 1
n_tsp_time: 41.19770236800014
n_roots: 1
num_conflicts: 0
target_assignment: {784: 0, 137: 0, 445: 1, 628: 1, 786: 1, 818: 1, 263: 2, 225: 2, 161: 2, 129: 2, 513: 2, 736: 3, 705: 3, 641: 3, 546: 3, 516: 3, 517: 3, 392: 3, 206: 3, 207: 3, 145: 3, 119: 3, 249: 3, 286: 3, 378: 3, 344: 3, 529: 4, 745: 4, 841: 4, 840: 4}
cluster_target_selection: {0: 784, 13: 137, 2: 445, 28: 628, 17: 786, 1: 818, 11: 263, 8: 225, 15: 161, 26: 129, 24: 513, 4: 736, 12: 705, 25: 641, 10: 546, 21: 516, 7: 517, 29: 392, 20: 206, 5: 207, 23: 145, 18: 119, 3: 249, 22: 286, 19: 378, 9: 344, 16: 529, 14: 745, 6: 841, 27: 840}
num_nodes_transformed_graph: 248
agent_paths:({0: [(16, 23), (16, 24), (15, 24), (14, 24), (13, 24), (12, 24), (11, 24), (10, 24), (10, 23), (10, 22), (10, 21), (10, 20), (10, 19), (10, 18), (10, 17), (10, 16), (10, 15), (10, 14), (10, 13), (10, 12), (10, 11), (10, 10), (10, 9), (10, 8), (10, 7), (10, 6), (10, 5), (10, 4), (9, 4), (9, 3), (9, 2), (9, 1), (10, 1), (10, 1)], 1: [(21, 12), (22, 12), (23, 12), (24, 12), (25, 12), (26, 12), (26, 13), (27, 13), (28, 13), (29, 13), (28, 13), (27, 13), (26, 13), (25, 13), (24, 13), (23, 13), (22, 13), (21, 13), (21, 14), (21, 15), (21, 16), (20, 16), (20, 17), (20, 18), (20, 19), (19, 19), (18, 19), (18, 20), (18, 21), (18, 22), (18, 23), (18, 24), (18, 25), (17, 25), (16, 25), (16, 25)], 2: [(11, 10), (10, 10), (9, 10), (8, 10), (7, 10), (7, 9), (7, 8), (7, 7), (6, 7), (5, 7), (4, 7), (3, 7), (2, 7), (1, 7), (1, 6), (1, 5), (1, 4), (1, 5), (1, 6), (1, 7), (1, 8), (1, 9), (1, 10), (1, 11), (1, 12), (1, 13), (1, 14), (1, 15), (1, 16), (1, 17), (2, 17), (2, 18), (2, 19), (2, 20), (2, 21), (2, 22), (2, 23), (2, 24), (2, 25), (2, 26), (2, 27), (1, 27), (1, 28), (1, 28)], 3: [(0, 25), (0, 24), (0, 23), (1, 23), (1, 22), (1, 21), (1, 20), (1, 19), (2, 19), (2, 18), (2, 17), (2, 16), (3, 16), (4, 16), (5, 16), (5, 15), (5, 14), (5, 13), (6, 13), (7, 13), (8, 13), (8, 12), (9, 12), (9, 11), (9, 10), (9, 9), (9, 8), (9, 7), (9, 6), (10, 6), (11, 6), (12, 6), (13, 6), (14, 6), (15, 6), (15, 5), (16, 5), (16, 4), (17, 4), (17, 3), (18, 3), (19, 3), (20, 3), (21, 3), (22, 3), (23, 3), (24, 3), (25, 3), (25, 4), (25, 5), (25, 6), (25, 7), (26, 7), (27, 7), (28, 7), (29, 7), (30, 7), (30, 8), (29, 8), (28, 8), (27, 8), (27, 9), (27, 10), (26, 10), (26, 11), (25, 11), (24, 11), (24, 10), (23, 10), (22, 10), (22, 10)], 4: [(22, 7), (21, 7), (20, 7), (19, 7), (18, 7), (18, 8), (18, 9), (18, 10), (18, 11), (17, 11), (17, 12), (17, 13), (17, 14), (17, 15), (17, 16), (16, 16), (15, 16), (14, 16), (13, 16), (12, 16), (11, 16), (10, 16), (9, 16), (9, 17), (9, 18), (9, 19), (9, 20), (9, 21), (9, 22), (9, 23), (9, 24), (9, 25), (9, 26), (8, 26), (8, 25), (9, 25), (9, 25)]}, 69)