

CBSS-C STATS
starts:[683, 596, 69, 735, 468]
targets:[659, 982, 363, 755, 284, 1008, 64, 304, 805, 315, 340, 509, 86, 213, 565, 474, 24, 354, 546, 670, 511, 225, 230, 52, 538, 753, 336, 635, 454, 449, 505, 952, 47, 58, 742, 191, 691, 889, 678, 37]
dests:[980, 599, 588, 626, 545]
ac_dict:{659: {0, 1}, 982: {1, 2}, 363: {2, 3}, 755: {3, 4}, 980: {0}, 599: {1}, 588: {2}, 626: {3}, 545: {4}}
clusters:[ 3  3  0  4  2 16 11  4  6 19 14  5 10 11 12 15 13 24 21  9 18  7  1  8
  5  0 14  2 23 10 20  7 12  1 17 13  9  8  6 22]

round: 1
best_g_value: 172.0
open_list_size: 0
num_low_level_expanded: 343
search_success: 1
search_time: 5.331341473000066
n_tsp_call: 1
n_tsp_time: 5.290019590999691
n_roots: 1
num_conflicts: 0
target_assignment: {678: 0, 742: 0, 753: 0, 1008: 0, 37: 2, 454: 2, 474: 4, 315: 4, 284: 4, 24: 4, 52: 4, 213: 4, 304: 4, 336: 4, 230: 4, 225: 4, 354: 4, 449: 4, 546: 4, 659: 1, 670: 3, 511: 3, 509: 3, 505: 3, 565: 3}
cluster_target_selection: {6: 678, 17: 742, 0: 753, 16: 1008, 22: 37, 23: 454, 15: 474, 19: 315, 2: 284, 13: 24, 8: 52, 11: 213, 4: 304, 14: 336, 1: 230, 7: 225, 24: 354, 10: 449, 21: 546, 3: 659, 9: 670, 18: 511, 5: 509, 20: 505, 12: 565}
num_nodes_transformed_graph: 102
agent_paths:({0: [(11, 21), (10, 21), (9, 21), (8, 21), (7, 21), (6, 21), (6, 22), (6, 23), (7, 23), (8, 23), (9, 23), (10, 23), (11, 23), (12, 23), (13, 23), (14, 23), (15, 23), (16, 23), (17, 23), (16, 23), (16, 24), (16, 25), (16, 26), (16, 27), (16, 28), (16, 29), (16, 30), (16, 31), (16, 30), (17, 30), (18, 30), (19, 30), (20, 30), (20, 30)], 1: [(20, 18), (19, 18), (19, 19), (19, 20), (19, 19), (19, 18), (20, 18), (21, 18), (22, 18), (23, 18), (23, 18)], 2: [(5, 2), (5, 1), (5, 2), (5, 3), (5, 4), (5, 5), (5, 6), (5, 7), (5, 8), (5, 9), (6, 9), (6, 10), (6, 11), (6, 12), (6, 13), (6, 14), (6, 15), (7, 15), (7, 16), (8, 16), (9, 16), (10, 16), (11, 16), (12, 16), (12, 17), (12, 18), (12, 18)], 3: [(31, 22), (30, 22), (29, 22), (29, 21), (29, 20), (30, 20), (30, 19), (30, 18), (30, 17), (30, 16), (30, 15), (31, 15), (30, 15), (29, 15), (28, 15), (27, 15), (26, 15), (25, 15), (24, 15), (23, 15), (22, 15), (21, 15), (21, 16), (21, 17), (20, 17), (19, 17), (18, 17), (18, 18), (18, 19), (18, 19)], 4: [(20, 14), (21, 14), (22, 14), (23, 14), (24, 14), (25, 14), (26, 14), (26, 13), (26, 12), (26, 11), (26, 10), (27, 10), (27, 9), (27, 8), (28, 8), (27, 8), (27, 7), (26, 7), (25, 7), (25, 6), (25, 5), (25, 4), (25, 3), (24, 3), (24, 2), (24, 1), (24, 0), (23, 0), (22, 0), (21, 0), (20, 0), (20, 1), (20, 2), (21, 2), (21, 3), (21, 4), (21, 5), (21, 6), (20, 6), (19, 6), (18, 6), (17, 6), (16, 6), (16, 7), (16, 8), (16, 9), (16, 10), (15, 10), (14, 10), (13, 10), (12, 10), (11, 10), (10, 10), (9, 10), (8, 10), (7, 10), (7, 9), (7, 8), (7, 7), (6, 7), (5, 7), (4, 7), (3, 7), (2, 7), (1, 7), (1, 8), (1, 9), (2, 9), (2, 10), (2, 11), (1, 11), (1, 12), (1, 13), (1, 14), (2, 14), (2, 15), (2, 16), (2, 17), (1, 17), (1, 17)]}, 78)