

CBSS-C STATS
starts:[738, 689, 993, 877, 783]
targets:[800, 20, 343, 906, 50, 977, 39, 473, 491, 285, 413, 263, 610, 381, 595, 692, 601, 711, 129, 506]
dests:[482, 930, 694, 878, 885]
ac_dict:{800: {0, 1}, 20: {1, 2}, 343: {2, 3}, 906: {3, 4}, 482: {0}, 930: {1}, 694: {2}, 878: {3}, 885: {4}}
clusters:[9 5 1 0 4 5 8 7 0 2 9 4 1 3 9 1 8 6 5 1]

round: 1
best_g_value: 128.0
open_list_size: 0
num_low_level_expanded: 345
search_success: 1
search_time: 6.447182619012892
n_tsp_call: 1
n_tsp_time: 6.418455359060317
n_roots: 1
num_conflicts: 0
target_assignment: {610: 0, 977: 1, 711: 2, 491: 2, 263: 2, 285: 2, 381: 2, 413: 2, 473: 2, 601: 2}
cluster_target_selection: {1: 610, 5: 977, 6: 711, 0: 491, 4: 263, 2: 285, 3: 381, 9: 413, 7: 473, 8: 601}
num_nodes_transformed_graph: 98
agent_paths:({0: [(2, 23), (2, 22), (2, 21), (2, 20), (2, 19), (2, 18), (2, 17), (2, 16), (2, 15), (2, 15)], 1: [(17, 21), (17, 22), (17, 23), (17, 24), (17, 25), (17, 26), (17, 27), (17, 28), (17, 29), (17, 30), (16, 30), (16, 29), (15, 29), (14, 29), (13, 29), (12, 29), (11, 29), (10, 29), (10, 28), (9, 28), (8, 28), (7, 28), (6, 28), (5, 28), (4, 28), (4, 29), (3, 29), (2, 29), (2, 29)], 2: [(1, 31), (1, 30), (1, 29), (1, 28), (1, 27), (2, 27), (2, 26), (2, 25), (2, 24), (2, 23), (2, 22), (3, 22), (4, 22), (5, 22), (6, 22), (7, 22), (7, 21), (7, 20), (7, 19), (7, 18), (7, 17), (7, 16), (8, 16), (9, 16), (9, 15), (10, 15), (11, 15), (10, 15), (10, 14), (10, 13), (10, 12), (9, 12), (9, 11), (9, 10), (8, 10), (7, 10), (7, 9), (7, 8), (8, 8), (9, 8), (10, 8), (11, 8), (11, 7), (12, 7), (13, 7), (14, 7), (15, 7), (16, 7), (17, 7), (18, 7), (19, 7), (20, 7), (21, 7), (22, 7), (22, 8), (23, 8), (24, 8), (25, 8), (25, 7), (26, 7), (27, 7), (28, 7), (29, 7), (29, 8), (29, 9), (29, 10), (29, 11), (29, 12), (28, 12), (28, 13), (27, 13), (26, 13), (25, 13), (25, 14), (25, 15), (25, 16), (25, 17), (25, 18), (24, 18), (23, 18), (22, 18), (22, 19), (22, 20), (22, 21), (22, 21)], 3: [(13, 27), (14, 27), (14, 27)], 4: [(15, 24), (16, 24), (17, 24), (18, 24), (19, 24), (20, 24), (20, 25), (20, 26), (20, 27), (21, 27), (21, 27)]}, 83)