

CBSS-C STATS
starts:[328, 566, 374, 503, 435, 555, 994, 949, 426, 561]
targets:[902, 974, 490, 955, 460, 54, 895, 832, 277, 155]
dests:[496, 864, 533, 210, 498, 149, 428, 387, 716, 16]
ac_dict:{902: {0, 1}, 974: {1, 2}, 490: {2, 3}, 955: {3, 4}, 460: {4, 5}, 54: {5, 6}, 895: {6, 7}, 832: {8, 7}, 277: {8, 9}, 496: {0}, 864: {1}, 533: {2}, 210: {3}, 498: {4}, 149: {5}, 428: {6}, 387: {7}, 716: {8}, 16: {9}}
clusters:[2 0 0 0 4 3 2 1 2 1]

round: 2
best_g_value: 203.0
open_list_size: 1
num_low_level_expanded: 785
search_success: 1
search_time: 0.13713795598596334
n_tsp_call: 1
n_tsp_time: 0.10852759890258312
n_roots: 1
num_conflicts: 1
target_assignment: {460: 5, 54: 5, 974: 1, 902: 1, 832: 7}
cluster_target_selection: {4: 460, 3: 54, 0: 974, 2: 902, 1: 832}
num_nodes_transformed_graph: 33
agent_paths:({0: [(8, 10), (9, 10), (10, 10), (11, 10), (12, 10), (13, 10), (14, 10), (15, 10), (15, 11), (16, 11), (16, 12), (16, 13), (16, 14), (16, 15), (16, 15)], 1: [(22, 17), (21, 17), (20, 17), (19, 17), (18, 17), (17, 17), (16, 17), (16, 18), (16, 19), (15, 19), (15, 20), (15, 21), (15, 22), (15, 23), (15, 24), (15, 25), (15, 26), (15, 27), (14, 27), (14, 28), (14, 29), (14, 30), (13, 30), (12, 30), (11, 30), (10, 30), (9, 30), (8, 30), (7, 30), (6, 30), (6, 29), (6, 28), (5, 28), (4, 28), (4, 27), (3, 27), (2, 27), (1, 27), (0, 27), (0, 27)], 2: [(22, 11), (21, 11), (21, 12), (21, 13), (21, 14), (21, 15), (21, 16), (21, 16)], 3: [(23, 15), (22, 15), (21, 15), (21, 14), (20, 14), (19, 14), (18, 14), (18, 13), (18, 12), (18, 11), (18, 10), (18, 9), (18, 8), (18, 7), (18, 6), (18, 6)], 4: [(19, 13), (18, 13), (18, 14), (18, 15), (18, 15)], 5: [(11, 17), (11, 16), (11, 15), (11, 14), (12, 14), (12, 13), (12, 12), (12, 11), (12, 10), (13, 10), (13, 9), (13, 8), (13, 7), (13, 6), (13, 5), (14, 5), (15, 5), (16, 5), (16, 4), (16, 3), (17, 3), (18, 3), (19, 3), (20, 3), (20, 2), (21, 2), (22, 2), (22, 1), (22, 2), (21, 2), (21, 3), (21, 4), (21, 4)], 6: [(2, 31), (2, 30), (2, 29), (2, 28), (2, 27), (2, 26), (2, 25), (2, 24), (2, 23), (2, 22), (2, 21), (2, 20), (2, 19), (2, 18), (2, 17), (2, 16), (3, 16), (4, 16), (5, 16), (6, 16), (7, 16), (8, 16), (9, 16), (9, 15), (9, 14), (10, 14), (11, 14), (12, 14), (12, 13), (12, 13)], 7: [(21, 29), (20, 29), (19, 29), (18, 29), (17, 29), (16, 29), (15, 29), (14, 29), (13, 29), (12, 29), (11, 29), (10, 29), (10, 28), (9, 28), (8, 28), (7, 28), (6, 28), (5, 28), (4, 28), (4, 27), (3, 27), (2, 27), (1, 27), (0, 27), (0, 26), (0, 25), (0, 24), (0, 23), (1, 23), (1, 22), (1, 21), (1, 20), (1, 19), (2, 19), (2, 18), (2, 17), (2, 16), (2, 15), (2, 14), (2, 13), (2, 12), (3, 12), (3, 12)], 8: [(10, 13), (10, 14), (11, 14), (12, 14), (12, 15), (12, 16), (12, 17), (12, 18), (12, 19), (12, 20), (12, 21), (12, 22), (12, 22)], 9: [(17, 17), (16, 17), (16, 16), (16, 15), (16, 14), (16, 13), (16, 12), (16, 11), (16, 10), (16, 9), (16, 8), (16, 7), (16, 6), (16, 5), (16, 4), (16, 3), (16, 2), (16, 1), (16, 0), (16, 0)]}, 41)