

CBSS-C STATS
starts:[797, 771, 341, 283, 865]
targets:[276, 417, 15, 696, 331, 346, 650, 106, 291, 114]
dests:[59, 879, 413, 33, 872]
ac_dict:{276: {0, 1}, 417: {1, 2}, 15: {2, 3}, 696: {3, 4}, 59: {0}, 879: {1}, 413: {2}, 33: {3}, 872: {4}}
clusters:[1 1 0 1 1 1 1 0 0 0]

round: 1
best_g_value: 92.0
open_list_size: 0
num_low_level_expanded: 207
search_success: 1
search_time: 0.1285576387308538
n_tsp_call: 1
n_tsp_time: 0.1186867207288742
n_roots: 1
num_conflicts: 0
target_assignment: {346: 2, 114: 3}
cluster_target_selection: {1: 346, 0: 114}
num_nodes_transformed_graph: 48
agent_paths:({0: [(29, 24), (29, 23), (29, 22), (29, 21), (29, 20), (29, 19), (29, 18), (29, 17), (29, 16), (28, 16), (28, 15), (28, 14), (28, 13), (28, 12), (28, 11), (27, 11), (27, 10), (27, 9), (27, 8), (27, 7), (27, 6), (27, 5), (27, 4), (27, 3), (27, 2), (27, 1), (27, 1)], 1: [(3, 24), (4, 24), (4, 25), (5, 25), (6, 25), (7, 25), (8, 25), (9, 25), (10, 25), (11, 25), (12, 25), (13, 25), (14, 25), (15, 25), (15, 26), (15, 27), (15, 27)], 2: [(21, 10), (22, 10), (23, 10), (24, 10), (25, 10), (26, 10), (27, 10), (28, 10), (29, 10), (29, 11), (29, 12), (29, 12)], 3: [(27, 8), (27, 7), (26, 7), (25, 7), (25, 6), (24, 6), (23, 6), (22, 6), (21, 6), (20, 6), (19, 6), (18, 6), (18, 5), (18, 4), (18, 3), (17, 3), (16, 3), (16, 2), (16, 1), (15, 1), (14, 1), (13, 1), (12, 1), (11, 1), (10, 1), (9, 1), (8, 1), (7, 1), (6, 1), (5, 1), (4, 1), (3, 1), (2, 1), (1, 1), (1, 1)], 4: [(1, 27), (2, 27), (3, 27), (4, 27), (5, 27), (6, 27), (6, 26), (7, 26), (8, 26), (8, 27), (8, 27)]}, 33)