

CBSS-C STATS
starts:[760, 514, 441, 881, 203]
targets:[39, 331, 628, 405, 215, 61, 578, 200, 305, 327, 941, 606, 830, 491, 955, 1005, 448, 478, 962, 1000, 575, 842, 997, 595, 819, 48, 333, 987, 832, 1010, 534, 940, 586, 377, 117, 719, 238, 683, 754, 520]
dests:[312, 931, 348, 450, 953]
ac_dict:{39: {0, 1}, 331: {1, 2}, 628: {2, 3}, 405: {3, 4}, 312: {0}, 931: {1}, 348: {2}, 450: {3}, 953: {4}}
clusters:[ 9  3 24  7 19  7 13  5  0  8  4 18  4  0 11  3  1 10 22 23  6 10 13 12
 14 12 11  1 16  6 15 14  8  2  9 20  5  2 21 17]

round: 1
best_g_value: 173.0
open_list_size: 0
num_low_level_expanded: 342
search_success: 1
search_time: 7.189832868999929
n_tsp_call: 1
n_tsp_time: 7.145204326000112
n_roots: 1
num_conflicts: 0
target_assignment: {578: 1, 832: 1, 962: 1, 377: 2, 941: 3, 940: 3, 1005: 3, 1000: 3, 842: 3, 719: 3, 754: 3, 595: 3, 628: 3, 586: 3, 491: 3, 520: 3, 238: 4, 215: 4, 117: 4, 405: 4, 534: 4, 575: 4, 606: 4, 987: 4, 955: 4}
cluster_target_selection: {13: 578, 16: 832, 22: 962, 2: 377, 4: 941, 14: 940, 3: 1005, 23: 1000, 10: 842, 20: 719, 21: 754, 12: 595, 24: 628, 8: 586, 0: 491, 17: 520, 5: 238, 19: 215, 9: 117, 7: 405, 15: 534, 6: 575, 18: 606, 1: 987, 11: 955}
num_nodes_transformed_graph: 104
agent_paths:({0: [(24, 23), (24, 22), (24, 21), (24, 20), (24, 19), (24, 18), (24, 17), (24, 16), (24, 15), (24, 14), (24, 13), (24, 12), (24, 11), (24, 10), (24, 9), (24, 9)], 1: [(2, 16), (2, 17), (2, 18), (2, 19), (1, 19), (1, 20), (1, 21), (1, 22), (1, 23), (0, 23), (0, 24), (0, 25), (0, 26), (0, 27), (1, 27), (2, 27), (2, 28), (2, 29), (2, 30), (2, 29), (3, 29), (3, 29)], 2: [(25, 13), (25, 12), (25, 11), (25, 10), (26, 10), (27, 10), (28, 10), (28, 10)], 3: [(17, 27), (16, 27), (15, 27), (14, 27), (13, 27), (13, 28), (13, 29), (12, 29), (13, 29), (13, 30), (13, 31), (12, 31), (11, 31), (10, 31), (9, 31), (8, 31), (8, 30), (8, 29), (8, 28), (8, 27), (8, 26), (9, 26), (10, 26), (10, 25), (10, 24), (10, 23), (11, 23), (12, 23), (13, 23), (14, 23), (15, 23), (15, 22), (16, 22), (17, 22), (18, 22), (18, 23), (18, 22), (18, 21), (18, 20), (18, 19), (18, 18), (19, 18), (20, 18), (20, 19), (19, 19), (18, 19), (17, 19), (16, 19), (15, 19), (14, 19), (13, 19), (12, 19), (11, 19), (10, 19), (10, 18), (10, 17), (10, 16), (10, 15), (11, 15), (10, 15), (9, 15), (9, 16), (8, 16), (7, 16), (6, 16), (5, 16), (4, 16), (3, 16), (2, 16), (2, 15), (2, 14), (2, 14)], 4: [(11, 6), (12, 6), (13, 6), (14, 6), (14, 7), (14, 6), (15, 6), (16, 6), (17, 6), (18, 6), (19, 6), (20, 6), (21, 6), (22, 6), (23, 6), (22, 6), (21, 6), (21, 5), (21, 4), (21, 3), (21, 4), (21, 5), (21, 6), (21, 7), (21, 8), (21, 9), (21, 10), (21, 11), (21, 12), (22, 12), (22, 13), (22, 14), (22, 15), (22, 16), (23, 16), (24, 16), (25, 16), (26, 16), (27, 16), (28, 16), (29, 16), (30, 16), (30, 17), (31, 17), (30, 17), (30, 18), (29, 18), (28, 18), (27, 18), (27, 19), (27, 20), (27, 21), (27, 22), (27, 23), (27, 24), (27, 25), (27, 26), (27, 27), (27, 28), (27, 29), (27, 30), (27, 29), (26, 29), (25, 29), (25, 29)]}, 70)