

CBSS-C STATS
starts:[361, 33, 944, 748, 401, 752, 443, 193, 78, 235]
targets:[957, 867, 51, 534, 215, 432, 780, 157, 735, 980]
dests:[993, 565, 256, 746, 755, 902, 715, 4, 387, 254]
ac_dict:{957: {0, 1}, 867: {1, 2}, 51: {2, 3}, 534: {3, 4}, 215: {4, 5}, 432: {5, 6}, 780: {6, 7}, 157: {8, 7}, 735: {8, 9}, 993: {0}, 565: {1}, 256: {2}, 746: {3}, 755: {4}, 902: {5}, 715: {6}, 4: {7}, 387: {8}, 254: {9}}
clusters:[2 3 0 3 3 2 4 1 1 1]

round: 5
best_g_value: 245.0
open_list_size: 4
num_low_level_expanded: 2194
search_success: 1
search_time: 0.3054371071048081
n_tsp_call: 1
n_tsp_time: 0.2292578569613397
n_roots: 1
num_conflicts: 4
target_assignment: {534: 4, 980: 2, 51: 2, 432: 6, 780: 6}
cluster_target_selection: {3: 534, 1: 980, 0: 51, 2: 432, 4: 780}
num_nodes_transformed_graph: 48
agent_paths:({0: [(9, 11), (9, 12), (8, 12), (8, 13), (7, 13), (6, 13), (5, 13), (4, 13), (3, 13), (2, 13), (2, 14), (2, 15), (2, 16), (2, 17), (2, 18), (2, 19), (2, 20), (2, 21), (2, 22), (2, 23), (2, 24), (2, 25), (2, 26), (2, 27), (1, 27), (1, 28), (1, 29), (1, 30), (1, 31), (1, 31)], 1: [(1, 1), (2, 1), (3, 1), (4, 1), (5, 1), (6, 1), (7, 1), (8, 1), (9, 1), (10, 1), (11, 1), (12, 1), (13, 1), (14, 1), (15, 1), (16, 1), (17, 1), (18, 1), (19, 1), (20, 1), (20, 2), (21, 2), (21, 3), (21, 4), (21, 5), (21, 6), (21, 7), (21, 8), (21, 9), (21, 10), (21, 11), (21, 12), (21, 13), (21, 14), (21, 15), (21, 16), (21, 17), (21, 17)], 2: [(16, 29), (17, 29), (18, 29), (19, 29), (20, 29), (20, 30), (19, 30), (19, 29), (19, 28), (19, 27), (19, 26), (19, 25), (19, 24), (19, 23), (19, 22), (19, 21), (19, 20), (19, 19), (19, 18), (19, 17), (19, 16), (19, 15), (19, 14), (19, 13), (19, 12), (19, 11), (19, 10), (19, 9), (18, 9), (18, 8), (18, 7), (18, 6), (18, 5), (18, 4), (18, 3), (19, 3), (20, 3), (20, 2), (20, 1), (19, 1), (18, 1), (17, 1), (16, 1), (15, 1), (14, 1), (13, 1), (12, 1), (11, 1), (10, 1), (9, 1), (8, 1), (7, 1), (6, 1), (5, 1), (4, 1), (3, 1), (2, 1), (1, 1), (1, 2), (1, 3), (1, 4), (1, 5), (1, 6), (1, 7), (0, 7), (0, 8), (0, 8)], 3: [(12, 23), (11, 23), (10, 23), (10, 23)], 4: [(17, 12), (18, 12), (19, 12), (20, 12), (21, 12), (22, 12), (22, 13), (22, 14), (22, 15), (22, 16), (21, 16), (20, 16), (20, 17), (20, 18), (20, 19), (20, 20), (20, 21), (19, 21), (19, 22), (19, 23), (19, 23)], 5: [(16, 23), (15, 23), (14, 23), (13, 23), (12, 23), (11, 23), (11, 24), (10, 24), (9, 24), (8, 24), (7, 24), (7, 25), (6, 25), (6, 26), (6, 27), (6, 28), (6, 28)], 6: [(27, 13), (26, 13), (25, 13), (24, 13), (23, 13), (22, 13), (21, 13), (20, 13), (19, 13), (18, 13), (17, 13), (16, 13), (15, 13), (14, 13), (13, 13), (12, 13), (12, 14), (12, 15), (12, 16), (12, 17), (12, 18), (12, 19), (12, 20), (12, 21), (12, 22), (12, 23), (12, 24), (11, 24), (11, 23), (11, 22), (11, 22)], 7: [(1, 6), (1, 5), (1, 4), (1, 3), (1, 2), (1, 1), (1, 0), (2, 0), (3, 0), (4, 0), (4, 0)], 8: [(14, 2), (13, 2), (12, 2), (11, 2), (10, 2), (9, 2), (9, 3), (8, 3), (7, 3), (6, 3), (5, 3), (4, 3), (3, 3), (3, 4), (3, 5), (3, 6), (3, 7), (3, 8), (3, 9), (3, 10), (3, 11), (3, 12), (3, 12)], 9: [(11, 7), (12, 7), (13, 7), (14, 7), (15, 7), (16, 7), (17, 7), (18, 7), (19, 7), (20, 7), (21, 7), (22, 7), (22, 6), (23, 6), (24, 6), (25, 6), (26, 6), (27, 6), (28, 6), (29, 6), (30, 6), (30, 7), (30, 7)]}, 65)