

CBSS-C STATS
starts:[682, 803, 113, 738, 550, 771, 671, 775, 503, 354]
targets:[551, 179, 315, 992, 404, 435, 710, 382, 461, 744, 167, 279, 29, 336, 238]
dests:[972, 597, 172, 797, 1003, 563, 606, 302, 557, 573]
ac_dict:{551: {0, 1}, 179: {1, 2}, 315: {2, 3}, 992: {3, 4}, 404: {4, 5}, 435: {5, 6}, 710: {6, 7}, 382: {8, 7}, 461: {8, 9}, 972: {0}, 597: {1}, 172: {2}, 797: {3}, 1003: {4}, 563: {5}, 606: {6}, 302: {7}, 557: {8}, 573: {9}}
clusters:[3 2 7 7 5 8 1 7 5 3 0 6 9 5 4]

round: 1
best_g_value: 247.0
open_list_size: 0
num_low_level_expanded: 826
search_success: 1
search_time: 1.547290189191699
n_tsp_call: 1
n_tsp_time: 1.5024358839727938
n_roots: 1
num_conflicts: 0
target_assignment: {710: 7, 461: 8, 167: 9, 238: 9, 279: 9, 29: 9, 744: 1, 435: 5, 992: 3, 179: 2}
cluster_target_selection: {1: 710, 5: 461, 0: 167, 4: 238, 6: 279, 9: 29, 3: 744, 8: 435, 7: 992, 2: 179}
num_nodes_transformed_graph: 98
agent_paths:({0: [(10, 21), (11, 21), (12, 21), (12, 22), (12, 23), (12, 24), (12, 25), (12, 26), (12, 27), (12, 28), (12, 29), (12, 30), (12, 30)], 1: [(3, 25), (3, 24), (3, 23), (4, 23), (5, 23), (6, 23), (7, 23), (8, 23), (8, 22), (8, 21), (8, 20), (8, 19), (9, 19), (10, 19), (11, 19), (12, 19), (13, 19), (14, 19), (15, 19), (16, 19), (17, 19), (18, 19), (18, 18), (19, 18), (20, 18), (21, 18), (21, 18)], 2: [(17, 3), (18, 3), (19, 3), (19, 4), (19, 5), (18, 5), (17, 5), (16, 5), (15, 5), (14, 5), (13, 5), (12, 5), (12, 5)], 3: [(2, 23), (1, 23), (0, 23), (0, 24), (0, 25), (0, 26), (0, 27), (0, 28), (0, 29), (0, 30), (0, 31), (0, 30), (0, 29), (0, 28), (0, 27), (0, 26), (0, 25), (1, 25), (2, 25), (3, 25), (4, 25), (5, 25), (6, 25), (7, 25), (8, 25), (9, 25), (10, 25), (11, 25), (12, 25), (13, 25), (14, 25), (15, 25), (16, 25), (17, 25), (18, 25), (19, 25), (20, 25), (21, 25), (22, 25), (22, 24), (23, 24), (24, 24), (25, 24), (26, 24), (27, 24), (28, 24), (29, 24), (29, 24)], 4: [(6, 17), (7, 17), (8, 17), (9, 17), (10, 17), (11, 17), (11, 18), (11, 19), (11, 20), (11, 21), (11, 22), (11, 23), (11, 24), (11, 25), (11, 26), (11, 27), (11, 28), (11, 29), (11, 30), (11, 31), (11, 31)], 5: [(3, 24), (3, 23), (3, 22), (4, 22), (5, 22), (5, 21), (5, 20), (5, 19), (5, 18), (5, 17), (5, 16), (6, 16), (7, 16), (8, 16), (9, 16), (9, 15), (9, 14), (10, 14), (11, 14), (12, 14), (12, 13), (13, 13), (14, 13), (15, 13), (16, 13), (17, 13), (18, 13), (19, 13), (19, 14), (19, 15), (19, 16), (19, 17), (19, 17)], 6: [(31, 20), (30, 20), (30, 19), (30, 18), (30, 18)], 7: [(7, 24), (7, 23), (6, 23), (6, 22), (6, 21), (6, 20), (6, 19), (7, 19), (7, 18), (7, 17), (7, 16), (8, 16), (9, 16), (9, 15), (9, 14), (10, 14), (10, 13), (10, 12), (10, 11), (10, 10), (11, 10), (12, 10), (13, 10), (13, 9), (14, 9), (14, 9)], 8: [(23, 15), (22, 15), (21, 15), (21, 14), (20, 14), (19, 14), (18, 14), (17, 14), (16, 14), (15, 14), (14, 14), (13, 14), (13, 15), (13, 16), (13, 17), (13, 17)], 9: [(2, 11), (2, 10), (2, 9), (3, 9), (3, 8), (3, 7), (3, 6), (3, 5), (4, 5), (5, 5), (6, 5), (7, 5), (8, 5), (8, 6), (9, 6), (10, 6), (11, 6), (12, 6), (13, 6), (14, 6), (14, 7), (15, 7), (16, 7), (17, 7), (18, 7), (19, 7), (20, 7), (21, 7), (22, 7), (22, 8), (23, 8), (24, 8), (25, 8), (25, 7), (25, 6), (25, 5), (25, 4), (25, 3), (26, 3), (27, 3), (27, 2), (27, 1), (27, 0), (28, 0), (29, 0), (29, 1), (29, 2), (28, 2), (28, 3), (28, 4), (29, 4), (29, 5), (29, 6), (29, 7), (29, 8), (29, 9), (29, 10), (29, 11), (29, 12), (29, 13), (29, 14), (29, 15), (29, 16), (29, 17), (29, 17)]}, 63)