

CBSS-C STATS
starts:[935, 265, 673, 936, 981]
targets:[246, 371, 668, 59, 120, 1001, 432, 393, 690, 674, 620, 66, 294, 4, 414, 86, 919, 747, 742, 102, 976, 820, 138, 799, 43, 813, 260, 822, 49, 104, 379, 953, 590, 787, 226, 130, 655, 222, 409, 367]
dests:[977, 892, 520, 628, 537]
ac_dict:{246: {0, 1}, 371: {1, 2}, 668: {2, 3}, 59: {3, 4}, 977: {0}, 892: {1}, 520: {2}, 628: {3}, 537: {4}}
clusters:[11  7  4 22  5  9 17 15  0 19  1  2 16  7 20  4  6 14  3 12 14 21  1  8
 24 10 10 13  3  5 11 18 13 12  6  0  2  9  8 23]

round: 1
best_g_value: 185.0
open_list_size: 0
num_low_level_expanded: 378
search_success: 1
search_time: 22.467588625000644
n_tsp_call: 1
n_tsp_time: 22.39014547000079
n_roots: 1
num_conflicts: 0
target_assignment: {1001: 0, 976: 0, 294: 1, 393: 1, 367: 1, 371: 1, 787: 1, 820: 1, 822: 1, 919: 1, 953: 1, 813: 3, 655: 3, 674: 2, 690: 4, 432: 4, 138: 4, 43: 4, 49: 4, 86: 4, 120: 4, 59: 4, 379: 4, 414: 4, 409: 4}
cluster_target_selection: {9: 1001, 14: 976, 16: 294, 15: 393, 23: 367, 7: 371, 12: 787, 21: 820, 13: 822, 6: 919, 18: 953, 10: 813, 2: 655, 19: 674, 0: 690, 17: 432, 1: 138, 24: 43, 3: 49, 4: 86, 5: 120, 22: 59, 11: 379, 20: 414, 8: 409}
num_nodes_transformed_graph: 198
agent_paths:({0: [(7, 29), (8, 29), (8, 30), (9, 30), (9, 31), (10, 31), (11, 31), (12, 31), (13, 31), (14, 31), (15, 31), (16, 31), (16, 30), (17, 30), (17, 30)], 1: [(9, 8), (8, 8), (7, 8), (7, 9), (6, 9), (7, 9), (7, 10), (8, 10), (9, 10), (9, 11), (9, 12), (9, 11), (10, 11), (11, 11), (12, 11), (12, 10), (13, 10), (14, 10), (15, 10), (15, 11), (16, 11), (17, 11), (18, 11), (19, 11), (19, 12), (19, 13), (19, 14), (19, 15), (19, 16), (19, 17), (19, 18), (19, 19), (19, 20), (19, 21), (19, 22), (19, 23), (19, 24), (20, 24), (20, 25), (21, 25), (22, 25), (23, 25), (23, 26), (23, 27), (23, 28), (24, 28), (25, 28), (25, 29), (25, 28), (25, 27), (26, 27), (27, 27), (28, 27), (28, 27)], 2: [(1, 21), (2, 21), (2, 20), (2, 19), (2, 18), (2, 17), (2, 16), (3, 16), (4, 16), (5, 16), (6, 16), (7, 16), (8, 16), (8, 16)], 3: [(8, 29), (8, 28), (8, 27), (8, 26), (8, 25), (9, 25), (10, 25), (11, 25), (12, 25), (13, 25), (13, 24), (13, 23), (13, 22), (13, 21), (13, 20), (14, 20), (15, 20), (15, 19), (16, 19), (17, 19), (18, 19), (19, 19), (20, 19), (20, 19)], 4: [(21, 30), (20, 30), (19, 30), (18, 30), (18, 29), (18, 28), (18, 27), (18, 26), (18, 25), (18, 24), (18, 23), (18, 22), (18, 21), (17, 21), (16, 21), (16, 20), (16, 19), (16, 18), (16, 17), (16, 16), (16, 15), (16, 14), (16, 13), (15, 13), (14, 13), (13, 13), (12, 13), (12, 12), (12, 11), (11, 11), (10, 11), (10, 10), (10, 9), (10, 8), (10, 7), (10, 6), (10, 5), (10, 4), (10, 3), (10, 2), (10, 1), (11, 1), (12, 1), (13, 1), (14, 1), (15, 1), (16, 1), (17, 1), (18, 1), (19, 1), (20, 1), (20, 2), (21, 2), (22, 2), (23, 2), (24, 2), (24, 3), (25, 3), (26, 3), (27, 3), (27, 2), (27, 1), (27, 2), (27, 3), (27, 4), (27, 5), (27, 6), (27, 7), (27, 8), (27, 9), (27, 10), (27, 11), (28, 11), (29, 11), (30, 11), (30, 12), (29, 12), (28, 12), (28, 11), (27, 11), (26, 11), (25, 11), (25, 12), (25, 13), (25, 14), (25, 15), (25, 16), (25, 16)]}, 86)