

CBSS-C STATS
starts:[470, 974, 767, 682, 799]
targets:[409, 194, 801, 595, 50, 884, 78, 123, 639, 356, 88, 73, 850, 76, 338, 100, 931, 316, 688, 147, 1022, 758, 797, 252, 310, 35, 965, 106, 569, 499, 39, 31, 490, 806, 951, 689, 855, 230, 972, 211, 864, 417, 163, 984, 1020, 461, 212, 815, 824, 34]
dests:[752, 109, 13, 234, 238]
ac_dict:{409: {0, 1}, 194: {1, 2}, 801: {2, 3}, 595: {3, 4}, 752: {0}, 109: {1}, 13: {2}, 234: {3}, 238: {4}}
clusters:[25 22 29  1 26 11 34  3  9  5 27 32 21  3 33 37  8  1  9 30 20 13  7  5
 23 36  6  6  0 12  0  4  7 19 39 10  8  2 28 15  2 31 24  4 18 16 17 35
 14 38]

round: 1
best_g_value: 234.0
open_list_size: 0
num_low_level_expanded: 464
search_success: 1
search_time: 27.95706490900011
n_tsp_call: 1
n_tsp_time: 27.835939921000318
n_roots: 1
num_conflicts: 0
target_assignment: {689: 0, 688: 0, 824: 4, 855: 4, 758: 4, 595: 4, 499: 4, 338: 4, 972: 1, 461: 1, 409: 1, 310: 1, 212: 1, 211: 1, 147: 1, 88: 1, 50: 1, 78: 1, 1022: 2, 1020: 2, 984: 2, 951: 2, 884: 2, 850: 2, 815: 2, 806: 2, 801: 2, 417: 2, 356: 2, 230: 2, 194: 2, 163: 2, 100: 2, 34: 2, 35: 2, 39: 2, 73: 2, 106: 2, 76: 2, 490: 3}
cluster_target_selection: {10: 689, 9: 688, 14: 824, 8: 855, 13: 758, 1: 595, 12: 499, 33: 338, 28: 972, 16: 461, 25: 409, 23: 310, 17: 212, 15: 211, 30: 147, 27: 88, 26: 50, 34: 78, 20: 1022, 18: 1020, 4: 984, 39: 951, 11: 884, 21: 850, 35: 815, 19: 806, 29: 801, 31: 417, 5: 356, 2: 230, 22: 194, 24: 163, 37: 100, 38: 34, 36: 35, 0: 39, 32: 73, 6: 106, 3: 76, 7: 490}
num_nodes_transformed_graph: 248
agent_paths:({0: [(22, 14), (21, 14), (20, 14), (19, 14), (19, 15), (19, 16), (19, 17), (18, 17), (18, 18), (18, 19), (17, 19), (17, 20), (17, 21), (16, 21), (16, 22), (16, 23), (16, 23)], 1: [(14, 30), (13, 30), (12, 30), (12, 29), (12, 28), (12, 27), (12, 26), (12, 25), (12, 24), (12, 23), (12, 22), (12, 21), (12, 20), (12, 19), (12, 18), (12, 17), (12, 16), (12, 15), (12, 14), (13, 14), (13, 13), (14, 13), (14, 12), (15, 12), (16, 12), (17, 12), (18, 12), (19, 12), (20, 12), (21, 12), (22, 12), (23, 12), (24, 12), (25, 12), (24, 12), (23, 12), (22, 12), (22, 11), (22, 10), (22, 9), (21, 9), (20, 9), (20, 8), (20, 7), (20, 6), (19, 6), (19, 5), (19, 4), (19, 3), (20, 3), (20, 2), (21, 2), (22, 2), (23, 2), (24, 2), (23, 2), (22, 2), (21, 2), (20, 2), (20, 1), (19, 1), (18, 1), (17, 1), (16, 1), (15, 1), (14, 1), (14, 2), (13, 2), (13, 3), (13, 3)], 2: [(31, 23), (30, 23), (30, 24), (30, 25), (30, 26), (30, 27), (30, 28), (30, 29), (30, 30), (30, 31), (29, 31), (28, 31), (27, 31), (26, 31), (25, 31), (24, 31), (24, 30), (23, 30), (23, 29), (23, 28), (23, 27), (22, 27), (21, 27), (20, 27), (19, 27), (18, 27), (18, 26), (17, 26), (16, 26), (15, 26), (15, 25), (14, 25), (13, 25), (12, 25), (11, 25), (10, 25), (9, 25), (8, 25), (7, 25), (6, 25), (5, 25), (4, 25), (3, 25), (2, 25), (1, 25), (1, 24), (1, 23), (1, 22), (1, 21), (1, 20), (1, 19), (2, 19), (2, 18), (2, 17), (1, 17), (1, 16), (1, 15), (1, 14), (1, 13), (1, 12), (1, 11), (2, 11), (3, 11), (4, 11), (4, 10), (4, 9), (4, 8), (4, 7), (5, 7), (6, 7), (5, 7), (4, 7), (3, 7), (2, 7), (2, 6), (2, 5), (3, 5), (3, 4), (3, 3), (4, 3), (3, 3), (2, 3), (2, 2), (2, 1), (3, 1), (4, 1), (5, 1), (6, 1), (7, 1), (8, 1), (9, 1), (9, 2), (10, 2), (10, 3), (10, 2), (11, 2), (12, 2), (12, 1), (12, 0), (13, 0), (13, 0)], 3: [(10, 21), (10, 20), (10, 19), (10, 18), (10, 17), (10, 16), (10, 15), (10, 14), (10, 13), (10, 12), (10, 11), (10, 10), (10, 9), (10, 8), (10, 7), (10, 7)], 4: [(31, 24), (30, 24), (29, 24), (28, 24), (27, 24), (26, 24), (25, 24), (24, 24), (24, 25), (23, 25), (23, 26), (22, 26), (22, 25), (22, 24), (22, 23), (21, 23), (21, 22), (20, 22), (19, 22), (19, 21), (19, 20), (19, 19), (19, 18), (19, 17), (19, 16), (19, 15), (18, 15), (18, 14), (18, 13), (18, 12), (18, 11), (18, 10), (18, 9), (17, 9), (16, 9), (16, 8), (16, 7), (15, 7), (14, 7), (14, 7)]}, 99)