

CBSS-C STATS
starts:[999, 458, 255, 267, 777]
targets:[880, 162, 280, 924, 707, 810, 200, 231, 14, 55, 750, 815, 453, 448, 642, 744, 921, 263, 132, 184, 77, 207, 678, 724, 521, 51, 460, 321, 363, 170, 241, 155, 647, 313, 968, 727, 787, 393, 91, 507, 38, 632, 477, 623, 680, 30, 75, 600, 701, 832]
dests:[21, 465, 333, 920, 149]
ac_dict:{880: {0, 1}, 162: {1, 2}, 280: {2, 3}, 924: {3, 4}, 21: {0}, 465: {1}, 333: {2}, 920: {3}, 149: {4}}
clusters:[ 6 14  0 10 29 13 18  2 15 18 24  8 17 11  8 27 20 16 26  0  1  7 10  5
  3  7  4 12  5 17  9 21 28 25 16 11 13  9 14 19  6 15 23 12 22  4  3 19
  2  1]

round: 4
best_g_value: 194.0
open_list_size: 3
num_low_level_expanded: 811
search_success: 1
search_time: 364.91138047799996
n_tsp_call: 35
n_tsp_time: 363.66715141499935
n_roots: 1
num_conflicts: 3
target_assignment: {968: 0, 744: 0, 680: 0, 647: 0, 678: 0, 707: 0, 453: 0, 231: 0, 200: 0, 132: 0, 38: 0, 75: 0, 77: 0, 51: 0, 91: 2, 155: 2, 280: 2, 313: 2, 363: 3, 460: 3, 477: 3, 600: 3, 632: 3, 727: 3, 921: 3, 810: 4, 815: 4, 750: 4, 623: 4, 241: 4}
cluster_target_selection: {16: 968, 27: 744, 22: 680, 28: 647, 10: 678, 29: 707, 17: 453, 2: 231, 18: 200, 26: 132, 6: 38, 3: 75, 1: 77, 7: 51, 14: 91, 21: 155, 0: 280, 25: 313, 5: 363, 4: 460, 23: 477, 19: 600, 15: 632, 11: 727, 20: 921, 13: 810, 8: 815, 24: 750, 12: 623, 9: 241}
num_nodes_transformed_graph: 248
agent_paths:({0: [(7, 31), (7, 30), (8, 30), (8, 29), (8, 28), (8, 27), (8, 26), (8, 25), (8, 24), (8, 23), (8, 22), (8, 21), (7, 21), (7, 20), (6, 20), (6, 21), (5, 21), (5, 22), (4, 22), (3, 22), (4, 22), (5, 22), (5, 21), (5, 20), (5, 19), (5, 18), (5, 17), (5, 16), (5, 15), (5, 14), (5, 13), (6, 13), (6, 12), (6, 11), (6, 10), (6, 9), (7, 9), (7, 8), (7, 7), (7, 6), (8, 6), (7, 6), (7, 5), (6, 5), (5, 5), (4, 5), (4, 4), (4, 3), (4, 2), (4, 1), (5, 1), (6, 1), (7, 1), (8, 1), (9, 1), (10, 1), (11, 1), (11, 2), (12, 2), (13, 2), (13, 1), (14, 1), (15, 1), (16, 1), (17, 1), (18, 1), (19, 1), (19, 0), (20, 0), (21, 0), (21, 0)], 1: [(10, 14), (11, 14), (12, 14), (13, 14), (14, 14), (15, 14), (16, 14), (17, 14), (17, 14)], 2: [(31, 7), (30, 7), (29, 7), (28, 7), (27, 7), (27, 6), (27, 5), (27, 4), (27, 3), (27, 2), (27, 3), (27, 4), (26, 4), (25, 4), (25, 5), (25, 6), (25, 7), (25, 8), (24, 8), (25, 8), (25, 9), (24, 9), (23, 9), (22, 9), (21, 9), (20, 9), (19, 9), (18, 9), (17, 9), (16, 9), (15, 9), (14, 9), (13, 9), (13, 10), (13, 10)], 3: [(11, 8), (11, 9), (11, 10), (11, 11), (12, 11), (12, 12), (12, 13), (12, 14), (13, 14), (14, 14), (15, 14), (16, 14), (16, 13), (17, 13), (18, 13), (19, 13), (20, 13), (21, 13), (22, 13), (23, 13), (24, 13), (25, 13), (26, 13), (27, 13), (28, 13), (29, 13), (29, 14), (28, 14), (27, 14), (26, 14), (25, 14), (24, 14), (24, 15), (24, 16), (24, 17), (24, 18), (24, 19), (23, 19), (23, 20), (23, 21), (23, 22), (24, 22), (24, 23), (24, 24), (25, 24), (25, 25), (25, 26), (25, 27), (25, 28), (24, 28), (24, 28)], 4: [(9, 24), (10, 24), (10, 25), (11, 25), (12, 25), (13, 25), (14, 25), (15, 25), (14, 25), (14, 24), (14, 23), (15, 23), (15, 22), (15, 21), (15, 20), (15, 19), (16, 19), (16, 18), (16, 17), (16, 16), (16, 15), (16, 14), (16, 13), (16, 12), (16, 11), (16, 10), (16, 9), (16, 8), (16, 7), (17, 7), (17, 6), (17, 5), (17, 4), (18, 4), (19, 4), (20, 4), (21, 4), (21, 4)]}, 69)