

CBSS-C STATS
starts:[967, 473, 5, 94, 513]
targets:[322, 509, 578, 34, 485, 1023, 921, 850, 235, 737, 54, 559, 645, 829, 909, 267, 76, 528, 46, 551, 367, 831, 811, 362, 552, 336, 430, 323, 223, 99, 100, 382, 546, 340, 659, 596, 10, 866, 35, 744, 926, 538, 58, 487, 269, 745, 216, 276, 537, 56]
dests:[736, 949, 872, 691, 87]
ac_dict:{322: {0, 1}, 509: {1, 2}, 578: {2, 3}, 34: {3, 4}, 736: {0}, 949: {1}, 872: {2}, 691: {3}, 87: {4}}
clusters:[ 9 13  7 35 27  8  3  7 11 38  2 30  4 22 17  2 15  4 16 25  5 19  0  5
 12 36 28 18 29 32  3 24 33  0 20  6  8 34 39  1 21  9  1  6 31 14 26 23
 37 10]

round: 1
best_g_value: 215.0
open_list_size: 0
num_low_level_expanded: 403
search_success: 1
search_time: 29.210958116000256
n_tsp_call: 1
n_tsp_time: 29.0951162450001
n_roots: 1
num_conflicts: 0
target_assignment: {866: 0, 737: 0, 35: 2, 99: 2, 323: 2, 578: 2, 546: 2, 485: 2, 487: 2, 551: 2, 552: 2, 744: 2, 745: 2, 811: 2, 909: 2, 223: 3, 216: 3, 276: 3, 235: 3, 269: 3, 336: 3, 367: 3, 430: 3, 559: 3, 528: 3, 659: 3, 537: 1, 538: 1, 382: 1, 509: 1, 829: 1, 831: 1, 926: 1, 921: 1, 34: 4, 10: 4, 76: 4, 46: 4, 54: 4, 56: 4}
cluster_target_selection: {34: 866, 38: 737, 39: 35, 32: 99, 18: 323, 7: 578, 33: 546, 27: 485, 6: 487, 25: 551, 12: 552, 1: 744, 14: 745, 0: 811, 17: 909, 29: 223, 26: 216, 23: 276, 11: 235, 31: 269, 36: 336, 5: 367, 28: 430, 30: 559, 4: 528, 20: 659, 37: 537, 9: 538, 24: 382, 13: 509, 22: 829, 19: 831, 21: 926, 3: 921, 35: 34, 8: 10, 15: 76, 16: 46, 2: 54, 10: 56}
num_nodes_transformed_graph: 248
agent_paths:({0: [(7, 30), (6, 30), (5, 30), (5, 29), (4, 29), (3, 29), (2, 29), (2, 28), (2, 27), (2, 26), (2, 25), (1, 25), (1, 24), (1, 23), (0, 23), (0, 23)], 1: [(25, 14), (25, 15), (25, 16), (26, 16), (26, 15), (26, 14), (26, 13), (26, 12), (26, 11), (27, 11), (28, 11), (29, 11), (30, 11), (29, 11), (29, 12), (29, 13), (29, 14), (29, 15), (29, 16), (29, 17), (29, 18), (29, 19), (29, 20), (29, 21), (29, 22), (29, 23), (29, 24), (29, 25), (30, 25), (31, 25), (30, 25), (30, 26), (30, 27), (30, 28), (29, 28), (28, 28), (27, 28), (26, 28), (25, 28), (24, 28), (23, 28), (23, 29), (23, 30), (22, 30), (21, 30), (21, 29), (21, 29)], 2: [(5, 0), (4, 0), (3, 0), (3, 1), (3, 2), (3, 3), (3, 4), (3, 5), (3, 6), (3, 7), (3, 8), (3, 9), (3, 10), (2, 10), (2, 11), (2, 12), (2, 13), (2, 14), (2, 15), (2, 16), (2, 17), (2, 18), (2, 17), (2, 16), (2, 15), (3, 15), (4, 15), (5, 15), (6, 15), (7, 15), (7, 16), (7, 17), (8, 17), (8, 18), (8, 19), (8, 20), (8, 21), (8, 22), (8, 23), (9, 23), (10, 23), (11, 23), (11, 24), (11, 25), (12, 25), (13, 25), (13, 26), (13, 27), (13, 28), (12, 28), (11, 28), (10, 28), (9, 28), (8, 28), (8, 27), (8, 27)], 3: [(30, 2), (31, 2), (31, 3), (31, 4), (31, 5), (31, 6), (30, 6), (29, 6), (28, 6), (27, 6), (26, 6), (25, 6), (24, 6), (23, 6), (22, 6), (21, 6), (20, 6), (20, 7), (20, 8), (20, 7), (19, 7), (18, 7), (17, 7), (16, 7), (15, 7), (14, 7), (13, 7), (12, 7), (11, 7), (12, 7), (13, 7), (13, 8), (13, 9), (14, 9), (15, 9), (16, 9), (16, 10), (15, 10), (15, 11), (14, 11), (14, 12), (14, 13), (14, 14), (14, 15), (14, 16), (15, 16), (15, 17), (15, 16), (16, 16), (17, 16), (17, 17), (18, 17), (19, 17), (19, 18), (19, 19), (19, 20), (19, 21), (19, 21)], 4: [(1, 16), (1, 15), (1, 14), (1, 13), (1, 12), (1, 11), (1, 10), (1, 9), (1, 8), (1, 7), (1, 6), (1, 5), (1, 4), (1, 3), (1, 2), (1, 1), (2, 1), (3, 1), (4, 1), (5, 1), (6, 1), (7, 1), (8, 1), (8, 0), (9, 0), (10, 0), (11, 0), (12, 0), (12, 1), (12, 2), (12, 1), (13, 1), (14, 1), (15, 1), (16, 1), (17, 1), (18, 1), (19, 1), (20, 1), (20, 0), (21, 0), (22, 0), (22, 1), (23, 1), (24, 1), (23, 1), (23, 2), (23, 2)]}, 56)