

CBSS-C STATS
starts:[418, 281, 708, 558, 320, 876, 496, 352, 890, 485]
targets:[625, 867, 1022, 431, 398]
dests:[307, 794, 749, 34, 822, 984, 901, 697, 1, 709]
ac_dict:{625: {0, 1}, 867: {1, 2}, 1022: {2, 3}, 431: {3, 4}, 398: {4, 5}, 307: {0}, 794: {1}, 749: {2}, 34: {3}, 822: {4}, 984: {5}, 901: {6}, 697: {7}, 1: {8}, 709: {9}}
clusters:[0 1 1 0 0]

round: 7
best_g_value: 256.0
open_list_size: 6
num_low_level_expanded: 4730
search_success: 1
search_time: 0.21417535608634353
n_tsp_call: 1
n_tsp_time: 0.07739250268787146
n_roots: 1
num_conflicts: 6
target_assignment: {431: 4, 867: 2}
cluster_target_selection: {0: 431, 1: 867}
num_nodes_transformed_graph: 25
agent_paths:({0: [(2, 13), (2, 12), (2, 11), (2, 10), (3, 10), (4, 10), (5, 10), (6, 10), (7, 10), (8, 10), (9, 10), (10, 10), (11, 10), (12, 10), (13, 10), (13, 9), (14, 9), (15, 9), (16, 9), (17, 9), (18, 9), (19, 9), (19, 9)], 1: [(25, 8), (25, 9), (25, 10), (25, 11), (25, 12), (25, 13), (25, 14), (25, 15), (25, 16), (25, 17), (25, 18), (25, 19), (25, 20), (26, 20), (26, 21), (26, 22), (26, 23), (26, 24), (26, 24)], 2: [(4, 22), (3, 22), (3, 23), (3, 24), (3, 25), (3, 26), (3, 27), (3, 26), (3, 25), (3, 24), (3, 23), (4, 23), (5, 23), (6, 23), (7, 23), (8, 23), (9, 23), (10, 23), (11, 23), (12, 23), (13, 23), (13, 23)], 3: [(14, 17), (13, 17), (12, 17), (11, 17), (10, 17), (9, 17), (8, 17), (7, 17), (6, 17), (5, 17), (4, 17), (3, 17), (3, 16), (3, 15), (3, 14), (3, 13), (3, 12), (3, 11), (3, 10), (3, 9), (3, 8), (3, 7), (2, 7), (2, 6), (2, 5), (2, 4), (2, 3), (2, 2), (2, 1), (2, 1)], 4: [(0, 10), (1, 10), (2, 10), (3, 10), (4, 10), (5, 10), (6, 10), (7, 10), (8, 10), (9, 10), (10, 10), (11, 10), (12, 10), (13, 10), (14, 10), (15, 10), (15, 11), (15, 12), (15, 13), (16, 13), (17, 13), (18, 13), (19, 13), (20, 13), (21, 13), (21, 14), (21, 15), (21, 16), (21, 17), (21, 18), (21, 19), (21, 20), (21, 21), (21, 22), (21, 23), (22, 23), (22, 24), (22, 25), (22, 25)], 5: [(12, 27), (13, 27), (14, 27), (15, 27), (16, 27), (17, 27), (18, 27), (19, 27), (20, 27), (21, 27), (22, 27), (23, 27), (24, 27), (24, 28), (24, 29), (24, 30), (24, 30)], 6: [(16, 15), (16, 16), (15, 16), (14, 16), (13, 16), (12, 16), (11, 16), (10, 16), (9, 16), (8, 16), (7, 16), (7, 17), (7, 18), (7, 19), (7, 20), (7, 21), (7, 22), (7, 23), (7, 24), (7, 25), (6, 25), (5, 25), (5, 26), (5, 27), (5, 28), (5, 28)], 7: [(0, 11), (1, 11), (1, 12), (2, 12), (3, 12), (4, 12), (4, 13), (5, 13), (6, 13), (6, 14), (6, 15), (7, 15), (7, 16), (8, 16), (9, 16), (10, 16), (11, 16), (12, 16), (13, 16), (14, 16), (15, 16), (16, 16), (17, 16), (17, 17), (18, 17), (19, 17), (20, 17), (21, 17), (22, 17), (23, 17), (24, 17), (25, 17), (25, 18), (25, 19), (25, 20), (25, 21), (25, 21)], 8: [(26, 27), (25, 27), (24, 27), (23, 27), (22, 27), (21, 27), (20, 27), (20, 26), (19, 26), (18, 26), (17, 26), (16, 26), (15, 26), (15, 25), (14, 25), (13, 25), (12, 25), (11, 25), (10, 25), (9, 25), (8, 25), (7, 25), (6, 25), (5, 25), (4, 25), (3, 25), (2, 25), (2, 24), (2, 23), (2, 22), (2, 21), (2, 20), (2, 19), (2, 18), (2, 17), (1, 17), (1, 16), (1, 15), (1, 14), (1, 13), (1, 12), (1, 11), (1, 10), (1, 9), (1, 8), (1, 7), (1, 6), (1, 5), (1, 4), (1, 3), (1, 2), (1, 1), (1, 0), (1, 0)], 9: [(5, 15), (5, 16), (5, 17), (5, 18), (5, 19), (5, 20), (5, 21), (5, 22), (5, 22)]}, 52)