

CBSS-C STATS
starts:[336, 588, 287, 66, 548, 394, 283, 848, 986, 790]
targets:[744, 1014, 599, 515, 69, 122, 739, 571, 949, 101]
dests:[787, 131, 264, 798, 88, 1017, 208, 202, 637, 362]
ac_dict:{744: {0, 1}, 1014: {1, 2}, 599: {2, 3}, 515: {3, 4}, 69: {4, 5}, 122: {5, 6}, 739: {6, 7}, 571: {8, 7}, 949: {8, 9}, 787: {0}, 131: {1}, 264: {2}, 798: {3}, 88: {4}, 1017: {5}, 208: {6}, 202: {7}, 637: {8}, 362: {9}}
clusters:[1 1 2 3 0 1 1 1 3 4]

round: 2
best_g_value: 272.0
open_list_size: 1
num_low_level_expanded: 1938
search_success: 1
search_time: 0.1906556892208755
n_tsp_call: 1
n_tsp_time: 0.12807034887373447
n_roots: 1
num_conflicts: 1
target_assignment: {599: 3, 515: 4, 101: 4, 69: 4, 571: 8}
cluster_target_selection: {2: 599, 3: 515, 4: 101, 0: 69, 1: 571}
num_nodes_transformed_graph: 34
agent_paths:({0: [(16, 10), (16, 11), (17, 11), (18, 11), (19, 11), (19, 12), (19, 13), (19, 14), (19, 15), (19, 16), (19, 17), (19, 18), (19, 19), (19, 20), (19, 21), (19, 22), (19, 23), (19, 24), (19, 24)], 1: [(12, 18), (11, 18), (10, 18), (9, 18), (8, 18), (7, 18), (7, 17), (6, 17), (5, 17), (4, 17), (3, 17), (3, 16), (3, 15), (3, 14), (3, 13), (3, 12), (3, 11), (3, 10), (3, 9), (3, 8), (3, 7), (3, 6), (3, 5), (3, 4), (3, 4)], 2: [(31, 8), (30, 8), (29, 8), (28, 8), (27, 8), (27, 7), (26, 7), (25, 7), (25, 8), (24, 8), (23, 8), (22, 8), (21, 8), (20, 8), (20, 7), (19, 7), (18, 7), (17, 7), (16, 7), (15, 7), (14, 7), (13, 7), (12, 7), (11, 7), (10, 7), (9, 7), (9, 8), (8, 8), (8, 8)], 3: [(2, 2), (3, 2), (4, 2), (5, 2), (6, 2), (6, 3), (7, 3), (8, 3), (9, 3), (10, 3), (11, 3), (12, 3), (13, 3), (14, 3), (14, 4), (14, 5), (15, 5), (16, 5), (17, 5), (18, 5), (19, 5), (19, 6), (20, 6), (21, 6), (22, 6), (22, 7), (22, 8), (23, 8), (23, 9), (23, 10), (23, 11), (23, 12), (23, 13), (23, 14), (23, 15), (23, 16), (23, 17), (23, 18), (24, 18), (25, 18), (26, 18), (27, 18), (27, 19), (27, 20), (28, 20), (29, 20), (29, 21), (29, 22), (30, 22), (30, 23), (30, 24), (30, 24)], 4: [(4, 17), (3, 17), (3, 16), (3, 15), (3, 14), (3, 13), (3, 12), (3, 11), (3, 10), (3, 9), (3, 8), (3, 7), (3, 6), (3, 5), (3, 4), (3, 3), (4, 3), (5, 3), (5, 2), (6, 2), (6, 1), (7, 1), (8, 1), (9, 1), (10, 1), (11, 1), (12, 1), (13, 1), (14, 1), (15, 1), (16, 1), (17, 1), (18, 1), (19, 1), (20, 1), (20, 2), (21, 2), (22, 2), (23, 2), (24, 2), (24, 2)], 5: [(10, 12), (10, 13), (10, 14), (11, 14), (12, 14), (13, 14), (14, 14), (15, 14), (16, 14), (17, 14), (18, 14), (19, 14), (20, 14), (21, 14), (22, 14), (23, 14), (24, 14), (24, 15), (24, 16), (24, 17), (24, 18), (24, 19), (24, 20), (24, 21), (24, 22), (24, 23), (24, 24), (25, 24), (25, 25), (25, 26), (25, 27), (25, 28), (25, 29), (25, 30), (25, 31), (25, 31)], 6: [(27, 8), (27, 7), (26, 7), (25, 7), (25, 6), (24, 6), (23, 6), (22, 6), (21, 6), (20, 6), (19, 6), (18, 6), (17, 6), (16, 6), (16, 6)], 7: [(16, 26), (15, 26), (15, 25), (14, 25), (13, 25), (12, 25), (11, 25), (10, 25), (10, 24), (10, 23), (10, 22), (10, 21), (10, 20), (10, 19), (10, 18), (10, 17), (10, 16), (10, 15), (10, 14), (10, 13), (10, 12), (10, 11), (10, 10), (10, 9), (10, 8), (10, 7), (10, 6), (10, 6)], 8: [(26, 30), (26, 29), (26, 28), (26, 27), (26, 26), (26, 25), (26, 24), (26, 23), (26, 22), (26, 21), (26, 20), (27, 20), (27, 19), (27, 18), (27, 17), (27, 18), (28, 18), (29, 18), (29, 19), (29, 19)], 9: [(22, 24), (22, 23), (21, 23), (21, 22), (20, 22), (19, 22), (18, 22), (17, 22), (16, 22), (15, 22), (15, 21), (14, 21), (13, 21), (12, 21), (11, 21), (10, 21), (10, 20), (10, 19), (10, 18), (10, 17), (10, 16), (10, 15), (10, 14), (10, 13), (10, 12), (10, 11), (10, 11)]}, 50)