

CBSS-C STATS
starts:[706, 567, 560, 49, 997]
targets:[41, 851, 130, 341, 985, 157, 864, 435, 824, 354]
dests:[327, 56, 825, 803, 138]
ac_dict:{41: {0, 1}, 851: {1, 2}, 130: {2, 3}, 341: {3, 4}, 327: {0}, 56: {1}, 825: {2}, 803: {3}, 138: {4}}
clusters:[4 2 1 4 3 0 2 1 1 1]

round: 1
best_g_value: 149.0
open_list_size: 0
num_low_level_expanded: 576
search_success: 1
search_time: 0.1651654220186174
n_tsp_call: 1
n_tsp_time: 0.14249397674575448
n_roots: 1
num_conflicts: 0
target_assignment: {157: 1, 851: 2, 985: 2, 341: 3, 435: 3}
cluster_target_selection: {0: 157, 2: 851, 3: 985, 4: 341, 1: 435}
num_nodes_transformed_graph: 48
agent_paths:({0: [(2, 22), (2, 21), (2, 20), (2, 19), (2, 18), (2, 17), (2, 16), (2, 15), (2, 14), (2, 13), (2, 12), (2, 11), (2, 10), (3, 10), (4, 10), (5, 10), (6, 10), (7, 10), (7, 10)], 1: [(23, 17), (23, 16), (23, 15), (23, 14), (23, 13), (23, 12), (23, 11), (23, 10), (23, 9), (23, 8), (24, 8), (25, 8), (25, 7), (25, 6), (25, 5), (25, 4), (26, 4), (27, 4), (28, 4), (29, 4), (28, 4), (27, 4), (26, 4), (25, 4), (25, 3), (24, 3), (24, 2), (24, 1), (24, 1)], 2: [(16, 17), (17, 17), (18, 17), (19, 17), (19, 18), (19, 19), (19, 20), (19, 21), (19, 22), (19, 23), (19, 24), (19, 25), (19, 26), (20, 26), (20, 27), (21, 27), (22, 27), (23, 27), (24, 27), (25, 27), (25, 28), (25, 29), (25, 30), (25, 29), (25, 28), (25, 27), (25, 26), (25, 25), (25, 25)], 3: [(17, 1), (18, 1), (19, 1), (20, 1), (20, 2), (21, 2), (21, 3), (21, 4), (21, 5), (21, 6), (21, 7), (21, 8), (21, 9), (21, 10), (20, 10), (19, 10), (19, 11), (19, 12), (19, 13), (18, 13), (17, 13), (16, 13), (15, 13), (14, 13), (13, 13), (12, 13), (12, 14), (11, 14), (10, 14), (9, 14), (9, 15), (9, 16), (8, 16), (7, 16), (6, 16), (5, 16), (5, 17), (5, 18), (5, 19), (5, 20), (5, 21), (5, 22), (4, 22), (3, 22), (3, 23), (3, 24), (3, 25), (3, 25)], 4: [(5, 31), (5, 30), (5, 29), (5, 28), (5, 27), (5, 26), (5, 25), (6, 25), (7, 25), (7, 24), (7, 23), (7, 22), (7, 21), (7, 20), (7, 19), (7, 18), (7, 17), (7, 16), (8, 16), (9, 16), (9, 15), (9, 14), (10, 14), (10, 13), (10, 12), (10, 11), (10, 10), (10, 9), (10, 8), (10, 7), (10, 6), (10, 5), (10, 4), (10, 4)]}, 46)