

CBSS-C STATS
starts:[974, 669, 129, 255, 95]
targets:[954, 784, 133, 673, 1014, 482, 246, 691, 236, 44, 868, 717, 612, 402, 785, 453, 967, 31, 486, 24]
dests:[578, 547, 388, 850, 902]
ac_dict:{954: {0, 1}, 784: {1, 2}, 133: {2, 3}, 673: {3, 4}, 578: {0}, 547: {1}, 388: {2}, 850: {3}, 902: {4}}
clusters:[4 0 5 9 0 7 3 7 2 2 8 6 3 7 7 1 6 7 4 5]

round: 4
best_g_value: 171.0
open_list_size: 3
num_low_level_expanded: 2207
search_success: 1
search_time: 3.1492804000154138
n_tsp_call: 15
n_tsp_time: 2.992970203049481
n_roots: 1
num_conflicts: 3
target_assignment: {868: 0, 246: 4, 236: 4, 453: 4, 486: 4, 673: 4, 133: 2, 691: 1, 784: 1, 717: 1}
cluster_target_selection: {8: 868, 3: 246, 2: 236, 1: 453, 4: 486, 9: 673, 5: 133, 7: 691, 0: 784, 6: 717}
num_nodes_transformed_graph: 52
agent_paths:({0: [(14, 30), (13, 30), (12, 30), (11, 30), (10, 30), (9, 30), (8, 30), (7, 30), (6, 30), (5, 30), (5, 29), (4, 29), (4, 28), (4, 27), (3, 27), (2, 27), (2, 26), (2, 25), (2, 24), (2, 23), (2, 22), (2, 21), (2, 20), (2, 19), (2, 18), (2, 18)], 1: [(29, 20), (28, 20), (27, 20), (26, 20), (25, 20), (24, 20), (23, 20), (22, 20), (21, 20), (20, 20), (19, 20), (19, 21), (18, 21), (17, 21), (16, 21), (16, 22), (16, 23), (16, 24), (15, 24), (14, 24), (13, 24), (13, 23), (13, 22), (12, 22), (11, 22), (10, 22), (9, 22), (8, 22), (7, 22), (6, 22), (5, 22), (5, 21), (5, 20), (5, 19), (4, 19), (4, 18), (3, 18), (3, 17), (3, 17)], 2: [(1, 4), (2, 4), (3, 4), (4, 4), (5, 4), (5, 5), (5, 6), (5, 7), (4, 7), (4, 8), (4, 9), (4, 10), (4, 11), (4, 12), (4, 12)], 3: [(31, 7), (30, 7), (29, 7), (28, 7), (27, 7), (26, 7), (25, 7), (25, 8), (24, 8), (23, 8), (22, 8), (21, 8), (20, 8), (20, 9), (19, 9), (19, 10), (19, 11), (19, 12), (19, 13), (19, 14), (19, 15), (19, 16), (19, 17), (18, 17), (18, 18), (18, 19), (18, 20), (18, 21), (18, 22), (18, 23), (18, 24), (18, 25), (18, 26), (18, 26)], 4: [(31, 2), (30, 2), (29, 2), (28, 2), (27, 2), (27, 3), (26, 3), (25, 3), (24, 3), (23, 3), (23, 4), (23, 5), (23, 6), (22, 6), (22, 7), (21, 7), (20, 7), (19, 7), (18, 7), (17, 7), (16, 7), (15, 7), (14, 7), (13, 7), (12, 7), (11, 7), (10, 7), (9, 7), (9, 8), (8, 8), (7, 8), (7, 9), (6, 9), (6, 10), (6, 11), (6, 12), (6, 13), (5, 13), (5, 14), (6, 14), (6, 15), (5, 15), (5, 16), (5, 17), (5, 18), (5, 19), (5, 20), (5, 21), (5, 22), (4, 22), (3, 22), (2, 22), (1, 22), (1, 21), (2, 21), (3, 21), (3, 22), (4, 22), (4, 23), (4, 24), (4, 25), (5, 25), (6, 25), (6, 26), (6, 27), (6, 28), (6, 28)]}, 65)