

CBSS-C STATS
starts:[429, 106, 968, 211, 1014]
targets:[38, 963, 974, 309, 376, 780, 877, 334, 492, 32, 292, 67, 19, 874, 527, 442, 409, 253, 356, 99, 185, 73, 157, 418, 929, 807, 792, 559, 976, 487, 56, 42, 362, 150, 55, 894, 188, 993, 313, 533, 538, 561, 140, 461, 428, 811, 747, 15, 320, 1010]
dests:[80, 775, 91, 353, 321]
ac_dict:{38: {0, 1}, 963: {1, 2}, 974: {2, 3}, 309: {3, 4}, 80: {0}, 775: {1}, 91: {2}, 353: {3}, 321: {4}}
clusters:[16  4  7 10 22  9  6 17  8 30 23  3  8 14 27 26  7 21  3 18 19 35 28  1
  0 34 37  5 38  2  1 25 39  4 13  0  2  9 33 11 20 29 15 12  6 24 31 32
 36  5]

round: 1
best_g_value: 238.0
open_list_size: 0
num_low_level_expanded: 456
search_success: 1
search_time: 6.508888611999282
n_tsp_call: 1
n_tsp_time: 6.446959578999667
n_roots: 1
num_conflicts: 0
target_assignment: {334: 0, 140: 0, 15: 0, 1010: 4, 976: 4, 561: 4, 527: 4, 461: 4, 492: 4, 428: 4, 362: 4, 320: 4, 309: 3, 963: 2, 929: 2, 874: 2, 811: 2, 747: 2, 780: 2, 792: 2, 533: 2, 538: 2, 442: 2, 409: 2, 376: 2, 313: 2, 253: 2, 157: 2, 185: 2, 55: 2, 56: 2, 42: 1, 73: 1, 38: 1, 32: 1, 67: 1, 99: 1, 292: 1, 487: 1, 807: 1}
cluster_target_selection: {17: 334, 15: 140, 32: 15, 5: 1010, 38: 976, 29: 561, 27: 527, 12: 461, 8: 492, 6: 428, 39: 362, 36: 320, 10: 309, 4: 963, 0: 929, 14: 874, 24: 811, 31: 747, 9: 780, 37: 792, 11: 533, 20: 538, 26: 442, 7: 409, 22: 376, 33: 313, 21: 253, 28: 157, 19: 185, 13: 55, 1: 56, 25: 42, 35: 73, 16: 38, 30: 32, 3: 67, 18: 99, 23: 292, 2: 487, 34: 807}
num_nodes_transformed_graph: 127
agent_paths:({0: [(13, 13), (14, 13), (14, 12), (14, 11), (14, 10), (13, 10), (13, 9), (13, 8), (13, 7), (12, 7), (12, 6), (12, 5), (12, 4), (12, 3), (12, 2), (12, 1), (12, 0), (13, 0), (14, 0), (15, 0), (16, 0), (16, 1), (16, 2), (16, 2)], 1: [(10, 3), (10, 2), (10, 1), (9, 1), (9, 2), (9, 1), (8, 1), (7, 1), (6, 1), (5, 1), (4, 1), (3, 1), (2, 1), (1, 1), (0, 1), (1, 1), (2, 1), (3, 1), (3, 2), (3, 3), (3, 4), (3, 5), (3, 6), (3, 7), (4, 7), (4, 8), (4, 9), (5, 9), (6, 9), (6, 10), (6, 11), (6, 12), (6, 13), (6, 14), (6, 15), (7, 15), (7, 16), (7, 17), (7, 18), (7, 19), (7, 20), (7, 21), (7, 22), (7, 23), (7, 24), (7, 25), (7, 24), (7, 24)], 2: [(8, 30), (7, 30), (6, 30), (5, 30), (5, 29), (4, 29), (3, 29), (3, 30), (2, 30), (1, 30), (1, 29), (2, 29), (3, 29), (4, 29), (4, 28), (5, 28), (6, 28), (7, 28), (8, 28), (8, 27), (9, 27), (10, 27), (10, 26), (10, 25), (11, 25), (11, 24), (11, 23), (12, 23), (12, 24), (13, 24), (14, 24), (15, 24), (16, 24), (17, 24), (18, 24), (19, 24), (20, 24), (20, 25), (21, 25), (22, 25), (22, 24), (23, 24), (24, 24), (23, 24), (22, 24), (22, 23), (21, 23), (21, 22), (21, 21), (21, 20), (21, 19), (21, 18), (21, 17), (21, 16), (22, 16), (23, 16), (24, 16), (25, 16), (26, 16), (26, 15), (26, 14), (26, 13), (25, 13), (25, 12), (24, 12), (24, 11), (24, 10), (24, 9), (25, 9), (25, 8), (25, 7), (26, 7), (27, 7), (28, 7), (29, 7), (29, 6), (29, 5), (29, 4), (28, 4), (27, 4), (26, 4), (25, 4), (25, 5), (24, 5), (23, 5), (23, 4), (23, 3), (23, 2), (23, 1), (24, 1), (24, 2), (25, 2), (25, 3), (26, 3), (27, 3), (27, 2), (27, 2)], 3: [(19, 6), (20, 6), (21, 6), (21, 7), (21, 8), (21, 9), (20, 9), (19, 9), (18, 9), (17, 9), (16, 9), (15, 9), (14, 9), (13, 9), (13, 10), (12, 10), (11, 10), (10, 10), (9, 10), (8, 10), (7, 10), (6, 10), (5, 10), (4, 10), (3, 10), (2, 10), (1, 10), (1, 11), (1, 11)], 4: [(22, 31), (21, 31), (20, 31), (19, 31), (18, 31), (17, 31), (16, 31), (16, 30), (16, 29), (16, 28), (16, 27), (16, 26), (16, 25), (16, 24), (16, 23), (16, 22), (16, 21), (16, 20), (16, 19), (16, 18), (16, 17), (17, 17), (16, 17), (15, 17), (15, 16), (14, 16), (13, 16), (13, 15), (13, 14), (12, 14), (12, 15), (12, 14), (12, 13), (12, 12), (12, 11), (11, 11), (10, 11), (9, 11), (9, 10), (8, 10), (7, 10), (6, 10), (5, 10), (4, 10), (3, 10), (2, 10), (1, 10), (0, 10), (1, 10), (1, 10)]}, 95)