

CBSS-C STATS
starts:[200, 545, 668, 434, 784]
targets:[783, 961, 78, 966, 700, 974, 708, 492, 241, 873]
dests:[733, 114, 412, 965, 320]
ac_dict:{783: {0, 1}, 961: {1, 2}, 78: {2, 3}, 966: {3, 4}, 733: {0}, 114: {1}, 412: {2}, 965: {3}, 320: {4}}
clusters:[0 0 1 0 1 1 0 0 1 0]

round: 1
best_g_value: 138.0
open_list_size: 0
num_low_level_expanded: 727
search_success: 1
search_time: 0.2420565919019282
n_tsp_call: 1
n_tsp_time: 0.21743464982137084
n_roots: 1
num_conflicts: 0
target_assignment: {241: 0, 492: 4}
cluster_target_selection: {1: 241, 0: 492}
num_nodes_transformed_graph: 48
agent_paths:({0: [(8, 6), (9, 6), (10, 6), (11, 6), (12, 6), (13, 6), (14, 6), (15, 6), (16, 6), (17, 6), (17, 7), (18, 7), (19, 7), (20, 7), (21, 7), (22, 7), (22, 8), (23, 8), (24, 8), (25, 8), (25, 9), (25, 10), (26, 10), (27, 10), (28, 10), (29, 10), (29, 11), (29, 12), (29, 13), (29, 14), (29, 15), (29, 16), (29, 17), (29, 18), (29, 19), (29, 20), (29, 21), (29, 22), (29, 22)], 1: [(1, 17), (1, 16), (1, 15), (1, 14), (1, 13), (1, 12), (1, 11), (1, 10), (1, 9), (1, 8), (1, 7), (2, 7), (3, 7), (4, 7), (5, 7), (6, 7), (7, 7), (7, 6), (8, 6), (9, 6), (10, 6), (10, 5), (11, 5), (12, 5), (13, 5), (14, 5), (15, 5), (16, 5), (16, 4), (16, 3), (17, 3), (18, 3), (18, 3)], 2: [(28, 20), (27, 20), (27, 19), (27, 18), (27, 17), (27, 16), (27, 15), (27, 14), (27, 13), (28, 13), (28, 12), (28, 12)], 3: [(18, 13), (17, 13), (16, 13), (15, 13), (14, 13), (13, 13), (12, 13), (12, 14), (11, 14), (10, 14), (9, 14), (9, 15), (9, 16), (8, 16), (7, 16), (7, 17), (7, 18), (7, 19), (7, 20), (7, 21), (7, 22), (7, 23), (7, 24), (7, 25), (6, 25), (5, 25), (5, 26), (5, 27), (5, 28), (5, 29), (5, 30), (5, 30)], 4: [(16, 24), (15, 24), (14, 24), (13, 24), (12, 24), (12, 23), (12, 22), (12, 21), (12, 20), (12, 19), (12, 18), (12, 17), (12, 16), (12, 15), (11, 15), (10, 15), (10, 14), (10, 13), (10, 12), (9, 12), (9, 11), (9, 10), (8, 10), (7, 10), (6, 10), (5, 10), (4, 10), (3, 10), (2, 10), (1, 10), (0, 10), (0, 10)]}, 37)