

CBSS-C STATS
starts:[921, 974, 138, 459, 712, 110, 486, 12, 681, 748]
targets:[763, 751, 792, 284, 45, 822, 249, 555, 114, 944, 959, 1008, 120, 336, 267]
dests:[16, 298, 75, 728, 421, 858, 844, 606, 546, 992]
ac_dict:{763: {0, 1}, 751: {1, 2}, 792: {2, 3}, 284: {3, 4}, 45: {4, 5}, 822: {5, 6}, 249: {6, 7}, 555: {8, 7}, 114: {8, 9}, 16: {0}, 298: {1}, 75: {2}, 728: {3}, 421: {4}, 858: {5}, 844: {6}, 606: {7}, 546: {8}, 992: {9}}
clusters:[5 1 3 0 2 9 7 3 4 8 6 7 0 0 0]

round: 1
best_g_value: 287.0
open_list_size: 0
num_low_level_expanded: 1305
search_success: 1
search_time: 0.5529615166597068
n_tsp_call: 1
n_tsp_time: 0.5022524311207235
n_roots: 1
num_conflicts: 0
target_assignment: {959: 0, 763: 0, 120: 7, 249: 7, 114: 8, 555: 8, 45: 5, 822: 5, 944: 1, 751: 1}
cluster_target_selection: {6: 959, 5: 763, 0: 120, 7: 249, 4: 114, 3: 555, 2: 45, 9: 822, 8: 944, 1: 751}
num_nodes_transformed_graph: 58
agent_paths:({0: [(25, 28), (26, 28), (27, 28), (28, 28), (29, 28), (30, 28), (31, 28), (31, 29), (30, 29), (29, 29), (28, 29), (27, 29), (27, 28), (27, 27), (27, 26), (27, 25), (27, 24), (27, 23), (26, 23), (26, 22), (26, 21), (25, 21), (24, 21), (23, 21), (22, 21), (21, 21), (20, 21), (19, 21), (18, 21), (17, 21), (16, 21), (16, 20), (16, 19), (16, 18), (16, 17), (16, 16), (16, 15), (16, 14), (16, 13), (16, 12), (16, 11), (16, 10), (16, 9), (16, 8), (16, 7), (16, 6), (16, 5), (16, 4), (16, 3), (16, 2), (16, 1), (16, 0), (16, 0)], 1: [(14, 30), (14, 29), (15, 29), (16, 29), (15, 29), (15, 28), (15, 27), (15, 26), (15, 25), (15, 24), (15, 23), (14, 23), (13, 23), (12, 23), (11, 23), (10, 23), (10, 22), (10, 21), (10, 20), (10, 19), (10, 18), (10, 17), (10, 16), (10, 15), (10, 14), (10, 13), (10, 12), (10, 11), (10, 10), (10, 9), (10, 9)], 2: [(10, 4), (10, 3), (10, 2), (11, 2), (11, 2)], 3: [(11, 14), (12, 14), (13, 14), (14, 14), (15, 14), (16, 14), (17, 14), (18, 14), (19, 14), (20, 14), (21, 14), (22, 14), (23, 14), (24, 14), (24, 15), (24, 16), (24, 17), (24, 18), (24, 19), (24, 20), (24, 21), (24, 22), (24, 22)], 4: [(8, 22), (7, 22), (6, 22), (5, 22), (5, 21), (5, 20), (5, 19), (5, 18), (5, 17), (5, 16), (5, 15), (5, 14), (5, 13), (5, 13)], 5: [(14, 3), (13, 3), (13, 2), (13, 1), (14, 1), (15, 1), (16, 1), (17, 1), (18, 1), (19, 1), (20, 1), (20, 2), (21, 2), (21, 3), (21, 4), (21, 5), (21, 6), (21, 7), (21, 8), (21, 9), (21, 10), (21, 11), (21, 12), (21, 13), (21, 14), (21, 15), (21, 16), (21, 17), (21, 18), (21, 19), (21, 20), (21, 21), (21, 22), (21, 23), (22, 23), (22, 24), (22, 25), (23, 25), (24, 25), (25, 25), (26, 25), (26, 26), (26, 26)], 6: [(6, 15), (7, 15), (7, 16), (8, 16), (9, 16), (10, 16), (11, 16), (12, 16), (12, 17), (12, 18), (12, 19), (12, 20), (12, 21), (12, 22), (12, 23), (12, 24), (12, 25), (12, 26), (12, 26)], 7: [(12, 0), (13, 0), (14, 0), (15, 0), (16, 0), (16, 1), (17, 1), (18, 1), (19, 1), (20, 1), (20, 2), (21, 2), (22, 2), (23, 2), (24, 2), (24, 3), (25, 3), (25, 4), (25, 5), (25, 6), (25, 7), (26, 7), (27, 7), (28, 7), (29, 7), (29, 8), (29, 9), (29, 10), (29, 11), (29, 12), (29, 13), (29, 14), (30, 14), (30, 15), (30, 16), (30, 17), (30, 18), (30, 18)], 8: [(9, 21), (9, 20), (9, 19), (9, 18), (9, 17), (9, 16), (9, 15), (9, 14), (10, 14), (10, 13), (10, 12), (10, 11), (10, 10), (10, 9), (10, 8), (10, 7), (10, 6), (10, 5), (11, 5), (12, 5), (13, 5), (14, 5), (15, 5), (16, 5), (16, 4), (16, 3), (17, 3), (18, 3), (17, 3), (16, 3), (16, 4), (16, 5), (15, 5), (14, 5), (13, 5), (13, 6), (13, 7), (13, 8), (13, 9), (13, 10), (12, 10), (12, 11), (12, 12), (12, 13), (12, 14), (11, 14), (11, 15), (11, 16), (11, 17), (10, 17), (9, 17), (8, 17), (7, 17), (6, 17), (5, 17), (4, 17), (3, 17), (2, 17), (2, 17)], 9: [(12, 23), (11, 23), (10, 23), (9, 23), (8, 23), (7, 23), (6, 23), (5, 23), (4, 23), (3, 23), (2, 23), (1, 23), (0, 23), (0, 24), (0, 25), (0, 26), (0, 27), (0, 28), (0, 29), (0, 30), (0, 31), (0, 31)]}, 57)