

CBSS-C STATS
starts:[1023, 809, 124, 132, 211, 1019, 404, 700, 988, 715]
targets:[154, 110, 668, 1016, 193]
dests:[353, 170, 356, 301, 144, 177, 898, 806, 375, 985]
ac_dict:{154: {0, 1}, 110: {1, 2}, 668: {2, 3}, 1016: {3, 4}, 193: {4, 5}, 353: {0}, 170: {1}, 356: {2}, 301: {3}, 144: {4}, 177: {5}, 898: {6}, 806: {7}, 375: {8}, 985: {9}}
clusters:[1 1 0 0 1]

round: 4
best_g_value: 298.0
open_list_size: 3
num_low_level_expanded: 2391
search_success: 1
search_time: 0.17075108736753464
n_tsp_call: 1
n_tsp_time: 0.07189380377531052
n_roots: 1
num_conflicts: 3
target_assignment: {154: 0, 668: 2}
cluster_target_selection: {1: 154, 0: 668}
num_nodes_transformed_graph: 25
agent_paths:({0: [(31, 31), (30, 31), (29, 31), (29, 30), (29, 29), (29, 28), (29, 27), (29, 26), (29, 25), (29, 24), (29, 23), (29, 22), (29, 21), (29, 20), (29, 19), (29, 18), (29, 17), (29, 16), (28, 16), (28, 15), (28, 14), (28, 13), (28, 12), (28, 11), (27, 11), (27, 10), (27, 9), (27, 8), (27, 7), (26, 7), (26, 6), (26, 5), (26, 4), (25, 4), (25, 5), (24, 5), (23, 5), (23, 6), (22, 6), (21, 6), (20, 6), (19, 6), (18, 6), (17, 6), (16, 6), (15, 6), (14, 6), (13, 6), (12, 6), (11, 6), (10, 6), (9, 6), (8, 6), (7, 6), (7, 7), (6, 7), (5, 7), (4, 7), (3, 7), (2, 7), (1, 7), (1, 8), (1, 9), (1, 10), (1, 11), (1, 11)], 1: [(9, 25), (9, 24), (9, 23), (9, 22), (9, 21), (9, 20), (9, 19), (9, 18), (9, 17), (9, 16), (9, 15), (9, 14), (10, 14), (10, 13), (10, 12), (10, 11), (10, 10), (10, 9), (10, 8), (10, 7), (10, 6), (10, 5), (10, 5)], 2: [(28, 3), (28, 4), (28, 5), (28, 6), (28, 7), (28, 8), (28, 9), (28, 10), (28, 11), (28, 12), (28, 13), (28, 14), (28, 15), (28, 16), (27, 16), (27, 17), (27, 18), (27, 19), (27, 20), (28, 20), (27, 20), (26, 20), (25, 20), (24, 20), (23, 20), (22, 20), (21, 20), (20, 20), (19, 20), (18, 20), (17, 20), (16, 20), (15, 20), (14, 20), (13, 20), (12, 20), (11, 20), (10, 20), (9, 20), (8, 20), (7, 20), (6, 20), (5, 20), (5, 19), (5, 18), (5, 17), (5, 16), (5, 15), (5, 14), (5, 13), (4, 13), (4, 12), (4, 11), (4, 11)], 3: [(4, 4), (5, 4), (6, 4), (7, 4), (8, 4), (9, 4), (10, 4), (11, 4), (12, 4), (13, 4), (13, 5), (13, 6), (13, 7), (13, 8), (13, 9), (13, 9)], 4: [(19, 6), (18, 6), (17, 6), (16, 6), (16, 5), (16, 4), (16, 4)], 5: [(27, 31), (26, 31), (25, 31), (24, 31), (24, 30), (23, 30), (22, 30), (21, 30), (20, 30), (19, 30), (19, 29), (19, 28), (19, 27), (19, 26), (19, 25), (19, 24), (19, 23), (19, 22), (19, 21), (19, 20), (19, 19), (19, 18), (19, 17), (19, 16), (19, 15), (18, 15), (18, 14), (18, 13), (18, 12), (18, 11), (18, 10), (18, 9), (17, 9), (17, 8), (17, 7), (17, 6), (17, 5), (17, 5)], 6: [(20, 12), (19, 12), (18, 12), (17, 12), (16, 12), (15, 12), (14, 12), (14, 13), (13, 13), (12, 13), (12, 14), (11, 14), (11, 15), (10, 15), (9, 15), (9, 16), (8, 16), (7, 16), (6, 16), (5, 16), (4, 16), (3, 16), (2, 16), (2, 17), (2, 18), (2, 19), (2, 20), (2, 21), (2, 22), (2, 23), (2, 24), (2, 25), (2, 26), (2, 27), (2, 28), (2, 28)], 7: [(28, 21), (27, 21), (26, 21), (25, 21), (24, 21), (23, 21), (22, 21), (21, 21), (20, 21), (19, 21), (18, 21), (17, 21), (16, 21), (15, 21), (14, 21), (13, 21), (12, 21), (11, 21), (10, 21), (9, 21), (8, 21), (7, 21), (7, 22), (7, 23), (7, 24), (7, 25), (6, 25), (6, 25)], 8: [(28, 30), (27, 30), (26, 30), (25, 30), (25, 29), (24, 29), (24, 28), (24, 27), (24, 26), (24, 25), (24, 24), (24, 23), (24, 22), (23, 22), (23, 21), (23, 20), (23, 19), (23, 18), (23, 17), (23, 16), (23, 15), (23, 14), (23, 13), (23, 12), (23, 11), (23, 11)], 9: [(11, 22), (12, 22), (13, 22), (13, 23), (14, 23), (15, 23), (16, 23), (17, 23), (18, 23), (19, 23), (19, 24), (20, 24), (20, 25), (21, 25), (22, 25), (23, 25), (24, 25), (25, 25), (25, 26), (25, 27), (25, 28), (25, 29), (25, 30), (25, 30)]}, 64)