

CBSS-C STATS
starts:[605, 438, 9, 531, 286]
targets:[122, 831, 470, 631, 616, 138, 463, 227, 689, 246, 355, 523, 70, 188, 909, 330, 589, 566, 190, 1016, 725, 584, 716, 609, 485, 968, 428, 51, 553, 437, 829, 229, 540, 932, 783, 364, 573, 166, 381, 331]
dests:[239, 962, 218, 335, 854]
ac_dict:{122: {0, 1}, 831: {1, 2}, 470: {2, 3}, 631: {3, 4}, 239: {0}, 962: {1}, 218: {2}, 335: {3}, 854: {4}}
clusters:[ 8  7 15  1 23  1  9 20 17 11 11  6  9 19  3  0  2 13  5 12  2 16 21  6
  3  0 10 24  8 14 12  4 13  7  5 14  4 22 10 18]

round: 1
best_g_value: 179.0
open_list_size: 0
num_low_level_expanded: 358
search_success: 1
search_time: 23.609270148000178
n_tsp_call: 1
n_tsp_time: 23.5370038559995
n_roots: 1
num_conflicts: 0
target_assignment: {566: 0, 523: 0, 553: 0, 584: 0, 616: 0, 485: 0, 355: 0, 227: 0, 229: 0, 166: 0, 138: 0, 330: 0, 331: 0, 51: 2, 470: 3, 463: 3, 190: 4, 188: 4, 381: 4, 829: 4, 437: 1, 725: 1, 689: 1, 716: 1, 932: 1}
cluster_target_selection: {13: 566, 6: 523, 8: 553, 16: 584, 23: 616, 3: 485, 11: 355, 20: 227, 4: 229, 22: 166, 1: 138, 0: 330, 18: 331, 24: 51, 15: 470, 9: 463, 5: 190, 19: 188, 10: 381, 12: 829, 14: 437, 2: 725, 17: 689, 21: 716, 7: 932}
num_nodes_transformed_graph: 198
agent_paths:({0: [(29, 18), (28, 18), (27, 18), (26, 18), (25, 18), (24, 18), (23, 18), (22, 18), (22, 17), (21, 17), (20, 17), (19, 17), (18, 17), (17, 17), (16, 17), (15, 17), (14, 17), (13, 17), (12, 17), (11, 17), (11, 16), (10, 16), (9, 16), (9, 17), (8, 17), (8, 18), (8, 19), (7, 19), (6, 19), (5, 19), (5, 18), (5, 17), (5, 16), (5, 15), (4, 15), (3, 15), (3, 14), (3, 13), (3, 12), (3, 11), (3, 10), (3, 9), (3, 8), (3, 7), (4, 7), (5, 7), (5, 6), (5, 5), (6, 5), (6, 4), (7, 4), (8, 4), (9, 4), (10, 4), (10, 5), (10, 6), (10, 7), (10, 8), (10, 9), (10, 10), (11, 10), (11, 9), (11, 8), (11, 7), (12, 7), (13, 7), (14, 7), (15, 7), (15, 7)], 1: [(22, 13), (21, 13), (21, 14), (21, 15), (21, 16), (21, 17), (21, 18), (21, 19), (21, 20), (21, 21), (21, 22), (20, 22), (19, 22), (18, 22), (17, 22), (17, 21), (16, 21), (15, 21), (14, 21), (13, 21), (12, 21), (12, 22), (11, 22), (10, 22), (9, 22), (8, 22), (7, 22), (6, 22), (5, 22), (4, 22), (4, 23), (4, 24), (4, 25), (4, 26), (4, 27), (4, 28), (4, 29), (3, 29), (2, 29), (2, 30), (2, 30)], 2: [(9, 0), (10, 0), (11, 0), (12, 0), (13, 0), (14, 0), (15, 0), (16, 0), (16, 1), (17, 1), (18, 1), (19, 1), (20, 1), (20, 2), (21, 2), (22, 2), (23, 2), (24, 2), (25, 2), (25, 3), (26, 3), (26, 4), (26, 5), (26, 6), (26, 6)], 3: [(19, 16), (19, 15), (19, 14), (20, 14), (21, 14), (22, 14), (21, 14), (20, 14), (19, 14), (18, 14), (17, 14), (16, 14), (15, 14), (15, 13), (15, 12), (15, 11), (15, 10), (15, 10)], 4: [(30, 8), (30, 7), (30, 6), (30, 5), (29, 5), (28, 5), (29, 5), (29, 6), (29, 7), (29, 8), (29, 9), (29, 10), (29, 11), (29, 12), (29, 13), (29, 14), (29, 15), (29, 16), (29, 17), (29, 18), (29, 19), (29, 20), (29, 21), (29, 22), (29, 23), (29, 24), (29, 25), (28, 25), (27, 25), (26, 25), (25, 25), (24, 25), (23, 25), (22, 25), (22, 26), (22, 26)]}, 67)