

CBSS-C STATS
starts:[323, 910, 6, 14, 249]
targets:[575, 522, 379, 509, 1011, 200, 226, 501, 681, 867, 97, 665, 875, 881, 967, 480, 646, 696, 893, 662, 132, 448, 124, 367, 31, 52, 708, 348, 741, 971, 319, 564, 921, 510, 393, 106, 259, 745, 740, 727, 584, 716, 959, 861, 447, 886, 691, 479, 934, 142]
dests:[387, 932, 546, 35, 10]
ac_dict:{575: {0, 1}, 522: {1, 2}, 379: {2, 3}, 509: {3, 4}, 387: {0}, 932: {1}, 546: {2}, 35: {3}, 10: {4}}
clusters:[18  0 38 35  2 28  2  1 10  7  9  1 22  3 11 14 33 36 16 34 32 39 29 26
 21  7 25 19  9 17 27  5 24 31  5 23 37 30  0 15  3 12  6  8 13 20  4  6
  4  8]

round: 1
best_g_value: 240.0
open_list_size: 0
num_low_level_expanded: 514
search_success: 1
search_time: 70.05581306599925
n_tsp_call: 1
n_tsp_time: 69.93781855700036
n_roots: 1
num_conflicts: 0
target_assignment: {142: 4, 106: 4, 881: 1, 886: 1, 921: 1, 893: 1, 575: 1, 665: 1, 696: 1, 727: 1, 662: 1, 716: 1, 681: 1, 646: 1, 708: 1, 740: 1, 741: 1, 745: 1, 875: 1, 971: 1, 967: 1, 934: 1, 52: 3, 124: 3, 31: 3, 319: 3, 348: 3, 379: 3, 479: 3, 447: 3, 510: 3, 509: 3, 367: 3, 393: 3, 200: 3, 132: 3, 259: 2, 226: 2, 448: 2, 480: 2}
cluster_target_selection: {8: 142, 23: 106, 3: 881, 20: 886, 24: 921, 16: 893, 18: 575, 1: 665, 36: 696, 15: 727, 34: 662, 12: 716, 10: 681, 33: 646, 25: 708, 0: 740, 9: 741, 30: 745, 22: 875, 17: 971, 11: 967, 4: 934, 7: 52, 29: 124, 21: 31, 27: 319, 19: 348, 38: 379, 6: 479, 13: 447, 31: 510, 35: 509, 26: 367, 5: 393, 28: 200, 32: 132, 37: 259, 2: 226, 39: 448, 14: 480}
num_nodes_transformed_graph: 248
agent_paths:({0: [(3, 10), (3, 11), (3, 12), (3, 12)], 1: [(14, 28), (14, 27), (15, 27), (16, 27), (17, 27), (18, 27), (19, 27), (20, 27), (21, 27), (22, 27), (23, 27), (24, 27), (25, 27), (25, 28), (25, 27), (26, 27), (27, 27), (28, 27), (29, 27), (29, 26), (29, 25), (29, 24), (29, 23), (29, 22), (29, 21), (29, 20), (29, 19), (29, 18), (29, 17), (30, 17), (31, 17), (30, 17), (29, 17), (29, 18), (28, 18), (27, 18), (26, 18), (25, 18), (25, 19), (25, 20), (24, 20), (24, 21), (23, 21), (23, 22), (23, 21), (22, 21), (22, 20), (21, 20), (20, 20), (19, 20), (18, 20), (17, 20), (16, 20), (15, 20), (14, 20), (13, 20), (12, 20), (12, 21), (12, 22), (11, 22), (10, 22), (9, 22), (9, 21), (8, 21), (7, 21), (6, 21), (6, 20), (5, 20), (5, 21), (5, 22), (4, 22), (4, 23), (5, 23), (6, 23), (7, 23), (8, 23), (9, 23), (10, 23), (11, 23), (11, 24), (11, 25), (11, 26), (11, 27), (11, 28), (11, 29), (11, 30), (10, 30), (9, 30), (8, 30), (7, 30), (6, 30), (6, 29), (5, 29), (4, 29), (4, 29)], 2: [(6, 0), (5, 0), (4, 0), (3, 0), (3, 1), (3, 2), (3, 3), (3, 4), (3, 5), (3, 6), (3, 7), (3, 8), (3, 7), (2, 7), (1, 7), (1, 8), (1, 9), (1, 10), (1, 11), (1, 12), (1, 13), (1, 14), (0, 14), (0, 15), (1, 15), (2, 15), (2, 16), (2, 17), (2, 17)], 3: [(14, 0), (15, 0), (16, 0), (16, 1), (17, 1), (18, 1), (19, 1), (20, 1), (20, 2), (21, 2), (22, 2), (23, 2), (24, 2), (25, 2), (25, 3), (26, 3), (27, 3), (28, 3), (28, 2), (28, 1), (28, 0), (29, 0), (30, 0), (31, 0), (30, 0), (30, 1), (30, 2), (31, 2), (31, 3), (31, 4), (31, 5), (31, 6), (31, 7), (31, 8), (31, 9), (30, 9), (29, 9), (28, 9), (28, 10), (27, 10), (27, 11), (28, 11), (29, 11), (29, 12), (29, 13), (29, 14), (30, 14), (31, 14), (31, 13), (31, 14), (30, 14), (30, 15), (29, 15), (28, 15), (27, 15), (26, 15), (25, 15), (24, 15), (23, 15), (22, 15), (21, 15), (21, 14), (20, 14), (19, 14), (18, 14), (17, 14), (16, 14), (15, 14), (15, 13), (15, 12), (15, 11), (14, 11), (14, 10), (13, 10), (12, 10), (11, 10), (10, 10), (9, 10), (9, 11), (9, 12), (9, 11), (9, 10), (9, 9), (9, 8), (9, 7), (9, 6), (8, 6), (7, 6), (7, 5), (6, 5), (5, 5), (4, 5), (4, 4), (3, 4), (3, 3), (3, 2), (3, 1), (3, 1)], 4: [(25, 7), (25, 6), (24, 6), (23, 6), (22, 6), (21, 6), (20, 6), (19, 6), (18, 6), (17, 6), (16, 6), (15, 6), (14, 6), (14, 5), (14, 4), (13, 4), (12, 4), (11, 4), (10, 4), (10, 3), (10, 2), (10, 1), (10, 0), (10, 0)]}, 96)