

CBSS-C STATS
starts:[96, 758, 680, 74, 640]
targets:[393, 230, 909, 760, 627, 763, 249, 596, 612, 308, 810, 3, 733, 15, 210, 32, 923, 710, 59, 227, 174, 409, 926, 250, 287, 418, 954, 338, 547, 64, 775, 477, 339, 716, 1010, 0, 165, 149, 955, 737, 429, 884, 223, 996, 162, 585, 628, 139, 740, 574]
dests:[183, 978, 366, 240, 100]
ac_dict:{393: {0, 1}, 230: {1, 2}, 909: {2, 3}, 760: {3, 4}, 183: {0}, 978: {1}, 366: {2}, 240: {3}, 100: {4}}
clusters:[31  2 18 24  7  6 37 22 11  5 21  9 34 32  1 39 29 38 36  0  3 12 14 26
  4 30  3 33 25  8 35  6  0 28 20 13 19  8 27  1 15 23  5  9 16  7  2 10
  4 17]

round: 1
best_g_value: 232.0
open_list_size: 0
num_low_level_expanded: 488
search_success: 1
search_time: 42.74244020900005
n_tsp_call: 1
n_tsp_time: 42.618941329001245
n_roots: 1
num_conflicts: 0
target_assignment: {64: 0, 32: 0, 0: 0, 3: 0, 165: 0, 393: 0, 308: 0, 710: 2, 740: 2, 775: 2, 810: 2, 909: 2, 716: 2, 429: 2, 884: 1, 1010: 1, 139: 3, 15: 3, 59: 3, 250: 3, 249: 3, 409: 3, 477: 3, 574: 3, 733: 3, 926: 3, 923: 3, 955: 3, 954: 3, 760: 3, 628: 3, 627: 3, 596: 3, 338: 3, 210: 3, 612: 4, 547: 4, 418: 4, 227: 4, 162: 4}
cluster_target_selection: {8: 64, 39: 32, 13: 0, 9: 3, 19: 165, 31: 393, 5: 308, 38: 710, 4: 740, 35: 775, 21: 810, 18: 909, 28: 716, 15: 429, 23: 884, 20: 1010, 10: 139, 32: 15, 36: 59, 26: 250, 37: 249, 12: 409, 6: 477, 17: 574, 34: 733, 14: 926, 29: 923, 27: 955, 3: 954, 24: 760, 2: 628, 7: 627, 22: 596, 33: 338, 1: 210, 11: 612, 25: 547, 30: 418, 0: 227, 16: 162}
num_nodes_transformed_graph: 248
agent_paths:({0: [(0, 3), (0, 2), (0, 1), (0, 0), (1, 0), (2, 0), (3, 0), (4, 0), (5, 0), (5, 1), (5, 2), (5, 3), (5, 4), (5, 5), (6, 5), (7, 5), (8, 5), (8, 6), (9, 6), (9, 7), (9, 8), (9, 9), (9, 10), (9, 11), (9, 12), (9, 11), (9, 10), (10, 10), (11, 10), (12, 10), (13, 10), (13, 9), (14, 9), (15, 9), (16, 9), (17, 9), (18, 9), (19, 9), (20, 9), (20, 8), (20, 7), (20, 6), (21, 6), (22, 6), (23, 6), (23, 5), (23, 5)], 1: [(22, 23), (22, 24), (22, 25), (21, 25), (20, 25), (20, 26), (20, 27), (19, 27), (18, 27), (18, 28), (18, 29), (18, 30), (18, 31), (18, 30), (18, 30)], 2: [(8, 21), (7, 21), (6, 21), (6, 22), (5, 22), (4, 22), (4, 23), (5, 23), (6, 23), (7, 23), (7, 24), (8, 24), (9, 24), (10, 24), (10, 25), (11, 25), (12, 25), (13, 25), (13, 26), (13, 27), (13, 28), (12, 28), (12, 27), (12, 26), (12, 25), (12, 24), (12, 23), (12, 22), (12, 21), (12, 20), (12, 19), (12, 18), (12, 17), (12, 16), (12, 15), (12, 14), (12, 13), (13, 13), (14, 13), (14, 12), (14, 11), (14, 11)], 3: [(10, 2), (11, 2), (11, 3), (11, 4), (11, 3), (11, 2), (11, 1), (11, 0), (12, 0), (13, 0), (14, 0), (15, 0), (16, 0), (16, 1), (17, 1), (18, 1), (19, 1), (20, 1), (20, 2), (21, 2), (22, 2), (23, 2), (24, 2), (25, 2), (25, 3), (26, 3), (27, 3), (27, 2), (27, 1), (27, 2), (27, 3), (26, 3), (26, 4), (26, 5), (26, 6), (26, 7), (25, 7), (25, 8), (25, 9), (25, 10), (25, 11), (25, 12), (26, 12), (26, 13), (27, 13), (28, 13), (29, 13), (29, 14), (30, 14), (30, 15), (30, 16), (30, 17), (29, 17), (29, 18), (29, 19), (29, 20), (29, 21), (29, 22), (30, 22), (30, 23), (30, 24), (30, 25), (30, 26), (30, 27), (30, 28), (29, 28), (28, 28), (27, 28), (27, 29), (26, 29), (25, 29), (24, 29), (24, 28), (24, 27), (24, 26), (24, 25), (24, 24), (24, 23), (24, 22), (23, 22), (23, 21), (22, 21), (21, 21), (20, 21), (20, 20), (20, 19), (19, 19), (19, 18), (20, 18), (19, 18), (19, 17), (19, 16), (19, 15), (18, 15), (18, 14), (18, 13), (18, 12), (18, 11), (18, 10), (18, 9), (18, 8), (18, 7), (18, 6), (17, 6), (16, 6), (16, 7), (16, 7)], 4: [(0, 20), (0, 19), (1, 19), (2, 19), (2, 18), (3, 18), (4, 18), (4, 19), (4, 18), (3, 18), (3, 17), (2, 17), (2, 16), (2, 15), (2, 14), (2, 13), (2, 12), (2, 11), (2, 10), (2, 9), (3, 9), (3, 8), (3, 7), (2, 7), (2, 6), (2, 5), (2, 4), (2, 3), (3, 3), (4, 3), (4, 3)]}, 105)