

CBSS-C STATS
starts:[32, 547, 949, 382, 750]
targets:[873, 476, 306, 109, 269, 370, 892, 991, 310, 503, 714, 541, 971, 744, 448, 493, 316, 667, 586, 711, 288, 960, 516, 377, 896, 596, 922, 840, 153, 66, 539, 177, 435, 733, 737, 640, 551, 719, 642, 230]
dests:[754, 408, 507, 297, 451]
ac_dict:{873: {0, 1}, 476: {1, 2}, 306: {2, 3}, 109: {3, 4}, 754: {0}, 408: {1}, 507: {2}, 297: {3}, 451: {4}}
clusters:[24 10 17  3  8 19  1 24 23  2 16 23  4  9 20  6  7  7  1 14  5  7 15 11
  0 24 22 12 23  1  8  1 19  2 21  6 13 18 18 20]

round: 1
best_g_value: 185.0
open_list_size: 0
num_low_level_expanded: 380
search_success: 1
search_time: 2.0710289519997787
n_tsp_call: 1
n_tsp_time: 2.0267708490000587
n_roots: 1
num_conflicts: 0
target_assignment: {288: 0, 448: 0, 516: 0, 551: 0, 711: 0, 744: 0, 714: 0, 971: 4, 840: 4, 896: 4, 737: 4, 640: 4, 642: 4, 922: 2, 667: 2, 539: 2, 476: 2, 596: 1, 503: 1, 377: 3, 310: 3, 370: 3, 306: 3, 177: 3, 109: 3}
cluster_target_selection: {5: 288, 20: 448, 15: 516, 13: 551, 14: 711, 9: 744, 16: 714, 4: 971, 12: 840, 0: 896, 21: 737, 6: 640, 18: 642, 22: 922, 7: 667, 8: 539, 10: 476, 24: 596, 2: 503, 11: 377, 23: 310, 19: 370, 17: 306, 1: 177, 3: 109}
num_nodes_transformed_graph: 102
agent_paths:({0: [(0, 1), (0, 2), (0, 3), (1, 3), (1, 4), (1, 5), (1, 6), (1, 7), (0, 7), (0, 8), (0, 9), (0, 10), (0, 11), (1, 11), (1, 12), (1, 13), (1, 14), (0, 14), (1, 14), (2, 14), (3, 14), (3, 15), (4, 15), (4, 16), (5, 16), (6, 16), (7, 16), (7, 17), (7, 18), (7, 19), (7, 20), (7, 21), (7, 22), (8, 22), (8, 23), (8, 22), (9, 22), (10, 22), (11, 22), (12, 22), (13, 22), (13, 23), (14, 23), (15, 23), (16, 23), (17, 23), (18, 23), (18, 23)], 1: [(3, 17), (4, 17), (5, 17), (6, 17), (7, 17), (8, 17), (9, 17), (10, 17), (11, 17), (12, 17), (13, 17), (14, 17), (15, 17), (16, 17), (17, 17), (18, 17), (19, 17), (20, 17), (20, 18), (20, 17), (20, 16), (21, 16), (21, 15), (22, 15), (23, 15), (23, 14), (23, 13), (23, 12), (24, 12), (24, 12)], 2: [(21, 29), (21, 30), (22, 30), (23, 30), (23, 29), (23, 28), (24, 28), (25, 28), (26, 28), (26, 27), (26, 26), (26, 25), (26, 24), (26, 23), (26, 22), (26, 21), (26, 20), (27, 20), (27, 19), (27, 18), (27, 17), (27, 16), (27, 15), (27, 14), (28, 14), (27, 14), (27, 15), (27, 15)], 3: [(30, 11), (29, 11), (28, 11), (27, 11), (26, 11), (25, 11), (24, 11), (23, 11), (22, 11), (22, 10), (22, 9), (21, 9), (20, 9), (19, 9), (18, 9), (18, 10), (18, 11), (18, 10), (18, 9), (17, 9), (17, 8), (17, 7), (17, 6), (17, 5), (16, 5), (15, 5), (14, 5), (13, 5), (13, 4), (13, 3), (12, 3), (11, 3), (10, 3), (10, 4), (10, 5), (10, 6), (9, 6), (9, 7), (9, 8), (9, 9), (9, 9)], 4: [(14, 23), (13, 23), (12, 23), (11, 23), (11, 24), (11, 25), (11, 26), (11, 27), (11, 28), (11, 29), (11, 30), (10, 30), (9, 30), (8, 30), (8, 29), (8, 28), (8, 27), (8, 26), (7, 26), (6, 26), (5, 26), (4, 26), (3, 26), (2, 26), (2, 27), (1, 27), (0, 27), (0, 28), (0, 27), (0, 26), (0, 25), (0, 24), (0, 23), (1, 23), (1, 22), (1, 21), (0, 21), (0, 20), (1, 20), (2, 20), (2, 19), (2, 18), (2, 17), (2, 16), (2, 15), (2, 14), (3, 14), (3, 14)]}, 46)