

CBSS-C STATS
starts:[55, 839, 655, 354, 42]
targets:[1010, 843, 961, 547, 876, 1004, 105, 857, 680, 560]
dests:[206, 1003, 321, 723, 178]
ac_dict:{1010: {0, 1}, 843: {1, 2}, 961: {2, 3}, 547: {3, 4}, 206: {0}, 1003: {1}, 321: {2}, 723: {3}, 178: {4}}
clusters:[3 0 1 2 3 4 1 3 1 4]

round: 1
best_g_value: 89.0
open_list_size: 0
num_low_level_expanded: 290
search_success: 1
search_time: 0.13616342097520828
n_tsp_call: 1
n_tsp_time: 0.12144255312159657
n_roots: 1
num_conflicts: 0
target_assignment: {547: 3, 680: 3, 843: 1, 876: 1, 1004: 1}
cluster_target_selection: {2: 547, 1: 680, 0: 843, 3: 876, 4: 1004}
num_nodes_transformed_graph: 48
agent_paths:({0: [(23, 1), (22, 1), (22, 2), (21, 2), (20, 2), (20, 3), (19, 3), (18, 3), (17, 3), (16, 3), (16, 4), (16, 5), (15, 5), (14, 5), (14, 6), (14, 6)], 1: [(7, 26), (8, 26), (9, 26), (10, 26), (11, 26), (12, 26), (12, 27), (12, 28), (12, 29), (12, 30), (12, 31), (11, 31), (11, 31)], 2: [(15, 20), (14, 20), (13, 20), (12, 20), (11, 20), (10, 20), (9, 20), (8, 20), (7, 20), (6, 20), (5, 20), (5, 19), (4, 19), (4, 18), (3, 18), (2, 18), (2, 17), (1, 17), (1, 16), (1, 15), (1, 14), (1, 13), (1, 12), (1, 11), (1, 10), (1, 10)], 3: [(2, 11), (3, 11), (3, 12), (3, 13), (3, 14), (3, 15), (3, 16), (3, 17), (4, 17), (5, 17), (6, 17), (7, 17), (8, 17), (8, 18), (8, 19), (8, 20), (8, 21), (9, 21), (10, 21), (11, 21), (12, 21), (13, 21), (14, 21), (15, 21), (16, 21), (17, 21), (18, 21), (19, 21), (19, 22), (19, 22)], 4: [(10, 1), (11, 1), (12, 1), (13, 1), (14, 1), (15, 1), (16, 1), (17, 1), (17, 2), (17, 3), (18, 3), (18, 4), (18, 5), (18, 5)]}, 28)