

CBSS-C STATS
starts:[1, 138, 49, 791, 518, 537, 187, 847, 970, 952]
targets:[824, 734, 692, 612, 11, 999, 796, 96, 915, 462]
dests:[307, 190, 749, 162, 715, 799, 212, 108, 858, 297]
ac_dict:{824: {0, 1}, 734: {1, 2}, 692: {2, 3}, 612: {3, 4}, 11: {4, 5}, 999: {5, 6}, 796: {6, 7}, 96: {8, 7}, 915: {8, 9}, 307: {0}, 190: {1}, 749: {2}, 162: {3}, 715: {4}, 799: {5}, 212: {6}, 108: {7}, 858: {8}, 297: {9}}
clusters:[1 2 3 0 1 0 3 3 1 4]

round: 3
best_g_value: 264.0
open_list_size: 2
num_low_level_expanded: 1615
search_success: 1
search_time: 0.17979124514386058
n_tsp_call: 1
n_tsp_time: 0.12421120097860694
n_roots: 1
num_conflicts: 2
target_assignment: {462: 1, 734: 1, 692: 3, 612: 3, 915: 8}
cluster_target_selection: {4: 462, 2: 734, 3: 692, 0: 612, 1: 915}
num_nodes_transformed_graph: 34
agent_paths:({0: [(1, 0), (2, 0), (3, 0), (4, 0), (5, 0), (6, 0), (6, 1), (7, 1), (8, 1), (9, 1), (10, 1), (11, 1), (12, 1), (13, 1), (14, 1), (15, 1), (16, 1), (17, 1), (17, 2), (17, 3), (18, 3), (18, 4), (18, 5), (18, 6), (18, 7), (18, 8), (18, 9), (19, 9), (19, 9)], 1: [(10, 4), (11, 4), (11, 5), (11, 6), (11, 7), (11, 8), (11, 9), (11, 10), (12, 10), (12, 11), (12, 12), (12, 13), (13, 13), (13, 14), (14, 14), (15, 14), (16, 14), (17, 14), (18, 14), (19, 14), (20, 14), (21, 14), (22, 14), (23, 14), (24, 14), (25, 14), (26, 14), (27, 14), (28, 14), (29, 14), (29, 15), (29, 16), (29, 17), (29, 18), (29, 19), (29, 20), (29, 21), (29, 22), (30, 22), (29, 22), (29, 21), (29, 20), (29, 19), (29, 18), (29, 17), (29, 16), (29, 15), (29, 14), (29, 13), (29, 12), (29, 11), (29, 10), (29, 9), (29, 8), (29, 7), (29, 6), (29, 5), (30, 5), (30, 5)], 2: [(17, 1), (16, 1), (16, 2), (16, 3), (16, 4), (16, 5), (16, 6), (16, 7), (16, 8), (16, 9), (15, 9), (15, 10), (15, 11), (15, 12), (15, 13), (14, 13), (13, 13), (13, 14), (13, 15), (13, 16), (13, 17), (13, 18), (13, 19), (13, 20), (13, 21), (13, 22), (13, 23), (13, 23)], 3: [(23, 24), (22, 24), (22, 23), (21, 23), (21, 22), (20, 22), (20, 21), (19, 21), (18, 21), (17, 21), (16, 21), (15, 21), (14, 21), (13, 21), (12, 21), (11, 21), (10, 21), (9, 21), (8, 21), (7, 21), (6, 21), (5, 21), (5, 20), (5, 19), (4, 19), (4, 18), (3, 18), (3, 17), (3, 16), (3, 15), (3, 14), (3, 13), (3, 12), (3, 11), (3, 10), (3, 9), (3, 8), (3, 7), (2, 7), (2, 6), (2, 5), (2, 5)], 4: [(6, 16), (7, 16), (8, 16), (9, 16), (10, 16), (11, 16), (11, 17), (11, 18), (11, 19), (11, 20), (11, 21), (11, 22), (11, 22)], 5: [(25, 16), (26, 16), (27, 16), (28, 16), (29, 16), (29, 17), (29, 18), (29, 19), (29, 20), (29, 21), (29, 22), (30, 22), (31, 22), (31, 23), (31, 24), (31, 24)], 6: [(27, 5), (26, 5), (25, 5), (24, 5), (23, 5), (23, 6), (22, 6), (21, 6), (20, 6), (20, 6)], 7: [(15, 26), (15, 25), (15, 24), (15, 23), (15, 22), (15, 21), (14, 21), (14, 20), (14, 19), (14, 18), (14, 17), (14, 16), (14, 15), (14, 14), (14, 13), (14, 12), (14, 11), (14, 10), (13, 10), (13, 9), (13, 8), (13, 7), (12, 7), (12, 6), (12, 5), (12, 4), (12, 3), (12, 3)], 8: [(10, 30), (10, 29), (10, 28), (11, 28), (12, 28), (13, 28), (14, 28), (15, 28), (16, 28), (17, 28), (18, 28), (19, 28), (19, 27), (20, 27), (21, 27), (22, 27), (22, 26), (23, 26), (24, 26), (25, 26), (26, 26), (26, 26)], 9: [(24, 29), (23, 29), (23, 28), (23, 27), (22, 27), (21, 27), (20, 27), (19, 27), (18, 27), (17, 27), (16, 27), (15, 27), (14, 27), (13, 27), (12, 27), (11, 27), (10, 27), (10, 26), (10, 25), (10, 24), (10, 23), (10, 22), (10, 21), (10, 20), (10, 19), (10, 18), (10, 17), (10, 16), (10, 15), (10, 14), (10, 13), (10, 12), (9, 12), (9, 11), (9, 10), (9, 9), (9, 9)]}, 57)