

CBSS-C STATS
starts:[982, 848, 378, 615, 595]
targets:[16, 517, 113, 963, 439, 89, 829, 174, 98, 519, 183, 830, 328, 959, 155, 131, 120, 348, 698, 278, 690, 522, 737, 612, 408, 812, 390, 566, 892, 770, 251, 962, 64, 880, 714, 885, 535, 334, 1007, 86, 34, 136, 78, 681, 719, 137, 9, 711, 2, 966]
dests:[25, 214, 438, 49, 189]
ac_dict:{16: {0, 1}, 517: {1, 2}, 113: {2, 3}, 963: {3, 4}, 25: {0}, 214: {1}, 438: {2}, 49: {3}, 189: {4}}
clusters:[19  7 14 10  4 29  7  9  2  0 13 18  3  1 18 17  0 23 22  3 24 16  2 17
  5 12  5 12 15  8 27  6 28  6 19 14 20 21 11  4  8 25  1  9 11 15 13 10
 26 16]

round: 1
best_g_value: 182.0
open_list_size: 0
num_low_level_expanded: 421
search_success: 1
search_time: 6.977638306999324
n_tsp_call: 1
n_tsp_time: 6.919336083000417
n_roots: 1
num_conflicts: 0
target_assignment: {892: 0, 829: 0, 698: 0, 348: 0, 155: 0, 120: 0, 89: 0, 880: 1, 719: 1, 690: 1, 278: 1, 566: 4, 535: 4, 439: 4, 251: 4, 711: 3, 714: 3, 681: 3, 522: 3, 334: 3, 136: 3, 131: 3, 98: 3, 64: 3, 34: 3, 2: 3, 9: 3, 78: 3, 113: 3, 408: 2}
cluster_target_selection: {15: 892, 7: 829, 22: 698, 23: 348, 18: 155, 0: 120, 29: 89, 6: 880, 11: 719, 24: 690, 3: 278, 12: 566, 20: 535, 4: 439, 27: 251, 10: 711, 19: 714, 9: 681, 16: 522, 21: 334, 25: 136, 17: 131, 2: 98, 28: 64, 8: 34, 26: 2, 13: 9, 1: 78, 14: 113, 5: 408}
num_nodes_transformed_graph: 125
agent_paths:({0: [(22, 30), (23, 30), (23, 29), (23, 28), (23, 27), (24, 27), (25, 27), (26, 27), (27, 27), (28, 27), (29, 27), (29, 26), (29, 25), (28, 25), (27, 25), (26, 25), (26, 24), (26, 23), (26, 22), (26, 21), (26, 20), (27, 20), (27, 19), (27, 18), (27, 17), (27, 16), (27, 15), (27, 14), (27, 13), (28, 13), (28, 12), (28, 11), (28, 10), (27, 10), (27, 9), (27, 8), (27, 7), (27, 6), (27, 5), (27, 4), (26, 4), (25, 4), (25, 3), (24, 3), (24, 2), (25, 2), (24, 2), (24, 1), (24, 0), (25, 0), (25, 0)], 1: [(16, 26), (16, 27), (15, 27), (15, 26), (15, 25), (15, 24), (15, 23), (15, 22), (15, 21), (16, 21), (17, 21), (18, 21), (18, 20), (18, 19), (18, 18), (18, 17), (19, 17), (19, 16), (19, 15), (19, 14), (19, 13), (19, 12), (19, 11), (19, 10), (19, 9), (20, 9), (20, 8), (21, 8), (22, 8), (22, 7), (22, 6), (22, 6)], 2: [(26, 11), (25, 11), (24, 11), (24, 12), (23, 12), (22, 12), (22, 13), (22, 13)], 3: [(7, 19), (7, 20), (7, 21), (7, 22), (8, 22), (9, 22), (10, 22), (9, 22), (9, 21), (9, 20), (9, 19), (9, 18), (9, 17), (9, 16), (10, 16), (10, 15), (10, 14), (10, 13), (10, 12), (10, 11), (10, 10), (11, 10), (12, 10), (13, 10), (14, 10), (13, 10), (12, 10), (11, 10), (10, 10), (9, 10), (9, 9), (9, 8), (9, 7), (9, 6), (8, 6), (8, 5), (8, 4), (7, 4), (6, 4), (5, 4), (4, 4), (3, 4), (2, 4), (2, 3), (1, 3), (0, 3), (0, 2), (0, 1), (1, 1), (2, 1), (2, 0), (3, 0), (4, 0), (5, 0), (6, 0), (6, 1), (7, 1), (8, 1), (8, 0), (9, 0), (10, 0), (11, 0), (12, 0), (13, 0), (14, 0), (14, 1), (14, 2), (14, 1), (15, 1), (16, 1), (17, 1), (17, 2), (17, 3), (17, 2), (17, 1), (17, 1)], 4: [(19, 18), (19, 17), (20, 17), (21, 17), (22, 17), (22, 16), (23, 16), (23, 15), (23, 14), (23, 13), (23, 12), (23, 11), (23, 10), (23, 9), (23, 8), (24, 8), (25, 8), (25, 7), (26, 7), (27, 7), (27, 6), (27, 5), (28, 5), (29, 5), (29, 5)]}, 74)