

CBSS-C STATS
starts:[289, 804, 668, 779, 586]
targets:[886, 107, 531, 941, 664, 856, 609, 103, 628, 98]
dests:[904, 735, 916, 861, 717]
ac_dict:{886: {0, 1}, 107: {1, 2}, 531: {2, 3}, 941: {3, 4}, 904: {0}, 735: {1}, 916: {2}, 861: {3}, 717: {4}}
clusters:[1 0 1 0 0 3 4 0 0 2]

round: 2
best_g_value: 119.0
open_list_size: 1
num_low_level_expanded: 437
search_success: 1
search_time: 0.25389232812449336
n_tsp_call: 1
n_tsp_time: 0.23309152200818062
n_roots: 1
num_conflicts: 1
target_assignment: {98: 0, 609: 0, 886: 1, 856: 1, 664: 2}
cluster_target_selection: {2: 98, 4: 609, 1: 886, 3: 856, 0: 664}
num_nodes_transformed_graph: 48
agent_paths:({0: [(1, 9), (1, 8), (1, 7), (1, 6), (1, 5), (1, 4), (1, 3), (2, 3), (1, 3), (1, 4), (1, 5), (1, 6), (1, 7), (1, 8), (1, 9), (1, 10), (1, 11), (1, 12), (1, 13), (1, 14), (1, 15), (1, 16), (1, 17), (2, 17), (2, 18), (2, 19), (1, 19), (2, 19), (2, 20), (3, 20), (3, 21), (3, 22), (4, 22), (5, 22), (6, 22), (7, 22), (8, 22), (8, 23), (8, 24), (8, 25), (8, 26), (8, 27), (8, 28), (8, 28)], 1: [(4, 25), (5, 25), (6, 25), (7, 25), (8, 25), (9, 25), (10, 25), (11, 25), (12, 25), (13, 25), (14, 25), (15, 25), (16, 25), (17, 25), (18, 25), (19, 25), (20, 25), (21, 25), (22, 25), (22, 26), (22, 27), (22, 26), (23, 26), (24, 26), (24, 25), (24, 24), (25, 24), (26, 24), (26, 23), (26, 22), (27, 22), (28, 22), (29, 22), (30, 22), (31, 22), (31, 22)], 2: [(28, 20), (27, 20), (26, 20), (25, 20), (24, 20), (24, 21), (24, 22), (24, 23), (24, 24), (23, 24), (23, 25), (23, 26), (22, 26), (22, 27), (21, 27), (20, 27), (20, 28), (20, 28)], 3: [(11, 24), (12, 24), (13, 24), (14, 24), (15, 24), (16, 24), (17, 24), (18, 24), (19, 24), (20, 24), (20, 25), (21, 25), (22, 25), (23, 25), (24, 25), (25, 25), (26, 25), (27, 25), (28, 25), (29, 25), (29, 26), (29, 26)], 4: [(10, 18), (11, 18), (12, 18), (13, 18), (13, 19), (13, 20), (13, 21), (13, 22), (13, 22)]}, 42)