

CBSS-C STATS
starts:[388, 935, 41, 185, 672, 424, 769, 622, 551, 141]
targets:[723, 712, 960, 217, 413, 163, 205, 841, 677, 957, 11, 319, 341, 22, 575]
dests:[385, 154, 62, 118, 698, 666, 998, 967, 857, 776]
ac_dict:{723: {0, 1}, 712: {1, 2}, 960: {2, 3}, 217: {3, 4}, 413: {4, 5}, 163: {5, 6}, 205: {6, 7}, 841: {8, 7}, 677: {8, 9}, 385: {0}, 154: {1}, 62: {2}, 118: {3}, 698: {4}, 666: {5}, 998: {6}, 967: {7}, 857: {8}, 776: {9}}
clusters:[8 9 0 0 5 4 1 6 1 2 8 7 6 3 6]

round: 6
best_g_value: 272.0
open_list_size: 5
num_low_level_expanded: 3259
search_success: 1
search_time: 1.0884571769274771
n_tsp_call: 1
n_tsp_time: 0.9671721267513931
n_roots: 1
num_conflicts: 5
target_assignment: {163: 5, 319: 5, 413: 5, 217: 3, 841: 7, 677: 8, 957: 8, 712: 1, 11: 2, 22: 2}
cluster_target_selection: {4: 163, 7: 319, 5: 413, 0: 217, 6: 841, 1: 677, 2: 957, 9: 712, 8: 11, 3: 22}
num_nodes_transformed_graph: 98
agent_paths:({0: [(4, 12), (3, 12), (2, 12), (1, 12), (1, 12)], 1: [(7, 29), (7, 28), (8, 28), (8, 27), (8, 26), (8, 25), (8, 24), (8, 23), (8, 22), (8, 21), (8, 20), (8, 19), (8, 18), (8, 17), (9, 17), (10, 17), (10, 16), (10, 15), (10, 14), (10, 13), (10, 12), (10, 11), (10, 10), (10, 9), (10, 8), (10, 7), (10, 6), (11, 6), (12, 6), (13, 6), (14, 6), (15, 6), (16, 6), (17, 6), (18, 6), (19, 6), (20, 6), (21, 6), (22, 6), (23, 6), (23, 5), (24, 5), (25, 5), (25, 4), (26, 4), (26, 4)], 2: [(9, 1), (9, 0), (10, 0), (11, 0), (12, 0), (13, 0), (14, 0), (15, 0), (16, 0), (16, 1), (17, 1), (18, 1), (19, 1), (19, 0), (20, 0), (21, 0), (22, 0), (23, 0), (24, 0), (24, 1), (24, 2), (25, 2), (25, 3), (26, 3), (27, 3), (27, 2), (27, 1), (28, 1), (29, 1), (30, 1), (30, 1)], 3: [(25, 5), (25, 6), (24, 6), (23, 6), (23, 5), (23, 4), (22, 4), (22, 3), (22, 3)], 4: [(0, 21), (1, 21), (2, 21), (3, 21), (3, 22), (4, 22), (5, 22), (5, 21), (6, 21), (7, 21), (8, 21), (9, 21), (10, 21), (11, 21), (12, 21), (13, 21), (14, 21), (15, 21), (16, 21), (17, 21), (18, 21), (19, 21), (20, 21), (21, 21), (22, 21), (23, 21), (24, 21), (25, 21), (26, 21), (26, 21)], 5: [(8, 13), (7, 13), (6, 13), (5, 13), (4, 13), (3, 13), (3, 12), (3, 11), (3, 10), (3, 9), (3, 8), (3, 7), (3, 6), (3, 5), (4, 5), (5, 5), (6, 5), (7, 5), (8, 5), (8, 6), (9, 6), (10, 6), (11, 6), (12, 6), (13, 6), (14, 6), (15, 6), (16, 6), (17, 6), (18, 6), (19, 6), (20, 6), (21, 6), (22, 6), (23, 6), (24, 6), (25, 6), (26, 6), (27, 6), (28, 6), (29, 6), (30, 6), (31, 6), (31, 7), (31, 8), (31, 9), (30, 9), (29, 9), (29, 10), (29, 11), (29, 12), (28, 12), (28, 13), (27, 13), (27, 14), (27, 15), (27, 16), (27, 17), (27, 18), (27, 19), (27, 20), (26, 20), (26, 20)], 6: [(1, 24), (2, 24), (3, 24), (4, 24), (4, 25), (5, 25), (6, 25), (6, 26), (6, 27), (6, 28), (6, 29), (6, 30), (6, 31), (6, 31)], 7: [(14, 19), (13, 19), (12, 19), (11, 19), (10, 19), (9, 19), (9, 20), (9, 21), (9, 22), (9, 23), (9, 24), (9, 25), (9, 26), (8, 26), (8, 27), (8, 28), (7, 28), (7, 29), (7, 30), (7, 30)], 8: [(7, 17), (6, 17), (5, 17), (5, 18), (5, 19), (5, 20), (5, 21), (6, 21), (7, 21), (7, 22), (8, 22), (9, 22), (10, 22), (11, 22), (12, 22), (13, 22), (13, 23), (14, 23), (15, 23), (16, 23), (17, 23), (18, 23), (19, 23), (19, 24), (20, 24), (20, 25), (21, 25), (22, 25), (23, 25), (24, 25), (25, 25), (26, 25), (27, 25), (28, 25), (29, 25), (29, 26), (29, 27), (29, 28), (29, 29), (28, 29), (27, 29), (26, 29), (25, 29), (25, 28), (25, 27), (25, 26), (25, 26)], 9: [(13, 4), (12, 4), (11, 4), (10, 4), (10, 5), (10, 6), (10, 7), (10, 8), (10, 9), (10, 10), (10, 11), (10, 12), (10, 13), (10, 14), (9, 14), (9, 15), (9, 16), (8, 16), (8, 17), (8, 18), (8, 19), (8, 20), (8, 21), (8, 22), (8, 23), (8, 24), (8, 24)]}, 61)