

CBSS-C STATS
starts:[955, 946]
targets:[603, 987, 313, 978, 235, 815, 981, 913, 804, 947, 525, 931, 563, 573, 578, 179, 711, 230, 808, 879, 744, 479, 843, 42, 77, 173, 723, 191, 619, 1019, 661, 777, 50, 245, 240, 657, 273, 364, 1009, 278, 450, 307, 974, 382, 592, 339, 699, 638, 539, 542, 891, 880, 673, 728, 501, 213, 798, 848, 44, 771, 22, 682, 163, 921, 354, 940, 5, 326, 316, 954, 796, 464, 476, 378, 408, 287, 294, 67, 538, 814, 432, 645, 241, 318, 529, 6, 435, 586, 332, 291, 885, 398, 505, 234, 185, 439, 653, 958, 894, 888]
dests:[754, 1012]
ac_dict:{603: {0, 1}, 754: {0}, 1012: {1}}
clusters:[31  2  6  9 21 26 29 32  1 16 10 19 25 28 21 24 15 36 35 13 19 31 17 28
 18 24  2 36 16 24 16 20  5  0  1 20 11 25 27 23 11  2  4 11 36  8 19 29
 17  0 25 38 29 32 33 23 36 25 26 30 17 20  6 37  4 12  7 30 10 14 21 16
 35 22 35  3 28 21  6 34  9 39  8 24  5 31 35 30 35 31  8  3 33 15 11 30
  0  3  4 13]

round: 1
best_g_value: 427.0
open_list_size: 0
num_low_level_expanded: 274
search_success: 1
search_time: 9.335690047999378
n_tsp_call: 1
n_tsp_time: 9.234372170001734
n_roots: 1
num_conflicts: 0
target_assignment: {954: 0, 921: 0, 888: 0, 885: 0, 913: 0, 880: 0, 848: 0, 814: 0, 940: 0, 843: 0, 777: 0, 744: 0, 711: 0, 645: 0, 450: 0, 354: 0, 67: 0, 5: 0, 6: 0, 42: 0, 44: 0, 77: 0, 173: 0, 240: 0, 245: 0, 278: 0, 313: 0, 378: 0, 408: 0, 439: 0, 501: 0, 464: 0, 398: 0, 525: 0, 529: 0, 592: 0, 723: 0, 1009: 1, 978: 1, 981: 1}
cluster_target_selection: {14: 954, 37: 921, 13: 888, 8: 885, 32: 913, 38: 880, 25: 848, 34: 814, 12: 940, 17: 843, 20: 777, 19: 744, 15: 711, 39: 645, 11: 450, 4: 354, 21: 67, 7: 5, 31: 6, 28: 42, 26: 44, 18: 77, 24: 173, 1: 240, 0: 245, 23: 278, 6: 313, 22: 378, 35: 408, 30: 439, 33: 501, 16: 464, 3: 398, 10: 525, 5: 529, 36: 592, 2: 723, 27: 1009, 9: 978, 29: 981}
num_nodes_transformed_graph: 104
agent_paths:({0: [(27, 29), (26, 29), (25, 29), (25, 28), (24, 28), (24, 27), (23, 27), (22, 27), (21, 27), (20, 27), (19, 27), (18, 27), (17, 27), (17, 28), (16, 28), (16, 27), (16, 26), (15, 26), (15, 25), (14, 25), (13, 25), (12, 25), (12, 26), (12, 27), (12, 28), (12, 29), (11, 29), (11, 28), (11, 27), (11, 26), (10, 26), (9, 26), (9, 25), (9, 24), (8, 24), (8, 23), (7, 23), (7, 22), (6, 22), (5, 22), (5, 21), (5, 20), (5, 19), (4, 19), (4, 18), (3, 18), (2, 18), (2, 17), (2, 16), (2, 15), (2, 14), (2, 13), (2, 12), (2, 11), (2, 10), (2, 9), (3, 9), (3, 8), (3, 7), (3, 6), (3, 5), (3, 4), (3, 3), (3, 2), (3, 1), (3, 0), (4, 0), (5, 0), (6, 0), (6, 1), (7, 1), (8, 1), (9, 1), (10, 1), (11, 1), (12, 1), (13, 1), (13, 2), (13, 3), (13, 4), (13, 5), (14, 5), (15, 5), (16, 5), (16, 6), (16, 7), (17, 7), (18, 7), (19, 7), (20, 7), (21, 7), (22, 7), (22, 8), (23, 8), (24, 8), (25, 8), (25, 9), (25, 10), (26, 10), (26, 11), (25, 11), (24, 11), (24, 12), (23, 12), (23, 13), (22, 13), (21, 13), (21, 14), (21, 15), (21, 14), (20, 14), (19, 14), (18, 14), (17, 14), (16, 14), (15, 14), (14, 14), (14, 13), (14, 12), (14, 13), (13, 13), (13, 14), (13, 15), (13, 16), (14, 16), (15, 16), (16, 16), (17, 16), (16, 16), (16, 17), (16, 18), (16, 19), (17, 19), (18, 19), (19, 19), (19, 20), (19, 21), (19, 22), (18, 22), (18, 23), (18, 23)], 1: [(18, 29), (17, 29), (17, 30), (17, 31), (17, 30), (18, 30), (19, 30), (20, 30), (21, 30), (20, 30), (20, 31), (20, 31)]}, 139)