

CBSS-C STATS
starts:[229, 6, 790, 474, 517, 799, 812, 479, 54, 558]
targets:[405, 1011, 630, 740, 367, 239, 510, 826, 88, 835, 971, 399, 445, 490, 887]
dests:[733, 897, 607, 529, 481, 551, 164, 823, 25, 173]
ac_dict:{405: {0, 1}, 1011: {1, 2}, 630: {2, 3}, 740: {3, 4}, 367: {4, 5}, 239: {5, 6}, 510: {6, 7}, 826: {8, 7}, 88: {8, 9}, 733: {0}, 897: {1}, 607: {2}, 529: {3}, 481: {4}, 551: {5}, 164: {6}, 823: {7}, 25: {8}, 173: {9}}
clusters:[0 4 5 7 7 9 0 2 3 9 5 6 3 1 8]

round: 2
best_g_value: 235.0
open_list_size: 1
num_low_level_expanded: 940
search_success: 1
search_time: 5.943710520863533
n_tsp_call: 15
n_tsp_time: 4.5658862316049635
n_roots: 1
num_conflicts: 1
target_assignment: {399: 0, 405: 0, 445: 0, 835: 1, 887: 2, 1011: 2, 630: 2, 367: 5, 490: 5, 826: 7}
cluster_target_selection: {6: 399, 0: 405, 3: 445, 9: 835, 8: 887, 4: 1011, 5: 630, 7: 367, 1: 490, 2: 826}
num_nodes_transformed_graph: 58
agent_paths:({0: [(5, 7), (6, 7), (7, 7), (7, 8), (8, 8), (9, 8), (10, 8), (11, 8), (11, 9), (11, 10), (12, 10), (13, 10), (14, 10), (15, 10), (15, 11), (15, 12), (16, 12), (17, 12), (18, 12), (19, 12), (20, 12), (21, 12), (22, 12), (23, 12), (24, 12), (25, 12), (26, 12), (26, 13), (27, 13), (28, 13), (29, 13), (29, 14), (29, 15), (29, 16), (29, 17), (29, 17), (29, 18), (29, 19), (29, 20), (29, 21), (29, 22), (29, 22)], 1: [(6, 0), (5, 0), (4, 0), (3, 0), (3, 1), (3, 2), (3, 3), (3, 4), (3, 5), (3, 6), (3, 7), (3, 8), (3, 9), (3, 10), (3, 11), (3, 12), (3, 13), (3, 14), (3, 15), (3, 16), (3, 17), (3, 18), (2, 18), (2, 19), (2, 20), (3, 20), (3, 21), (3, 22), (3, 23), (3, 24), (3, 25), (3, 26), (2, 26), (2, 27), (1, 27), (1, 28), (1, 28)], 2: [(22, 24), (23, 24), (23, 25), (23, 26), (23, 27), (22, 27), (21, 27), (20, 27), (19, 27), (19, 28), (19, 29), (19, 30), (19, 31), (19, 30), (19, 29), (19, 28), (19, 27), (19, 26), (19, 25), (19, 24), (19, 23), (19, 22), (19, 21), (19, 20), (19, 19), (20, 19), (21, 19), (22, 19), (22, 18), (23, 18), (24, 18), (25, 18), (26, 18), (27, 18), (28, 18), (29, 18), (30, 18), (31, 18), (31, 18)], 3: [(26, 14), (25, 14), (24, 14), (23, 14), (22, 14), (21, 14), (20, 14), (19, 14), (18, 14), (17, 14), (17, 15), (17, 16), (17, 16)], 4: [(5, 16), (4, 16), (3, 16), (2, 16), (1, 16), (1, 15), (1, 15)], 5: [(31, 24), (30, 24), (29, 24), (28, 24), (27, 24), (26, 24), (25, 24), (24, 24), (23, 24), (22, 24), (22, 23), (21, 23), (21, 22), (20, 22), (19, 22), (18, 22), (17, 22), (16, 22), (16, 21), (16, 20), (16, 19), (16, 18), (16, 17), (16, 16), (16, 15), (16, 14), (15, 14), (15, 13), (15, 12), (15, 11), (14, 11), (14, 12), (14, 13), (13, 13), (12, 13), (12, 14), (11, 14), (10, 14), (10, 15), (9, 15), (9, 16), (8, 16), (7, 16), (7, 17), (7, 17)], 6: [(12, 25), (11, 25), (10, 25), (9, 25), (8, 25), (7, 25), (7, 24), (7, 23), (7, 22), (7, 21), (7, 20), (7, 19), (7, 18), (7, 17), (6, 17), (6, 16), (6, 15), (6, 14), (6, 13), (6, 12), (6, 11), (5, 11), (5, 10), (5, 9), (5, 8), (5, 7), (5, 6), (5, 5), (4, 5), (4, 5)], 7: [(31, 14), (30, 14), (29, 14), (28, 14), (27, 14), (27, 15), (27, 16), (27, 17), (27, 18), (27, 19), (27, 20), (26, 20), (26, 21), (26, 22), (26, 23), (26, 24), (26, 25), (25, 25), (24, 25), (23, 25), (23, 25)], 8: [(22, 1), (22, 0), (23, 0), (24, 0), (25, 0), (25, 0)], 9: [(14, 17), (14, 16), (14, 15), (14, 14), (14, 13), (14, 12), (14, 11), (14, 10), (13, 10), (13, 9), (13, 8), (13, 7), (13, 6), (13, 5), (13, 5)]}, 43)