

CBSS-C STATS
starts:[564, 956, 75, 404, 876]
targets:[727, 942, 73, 549, 800, 776, 478, 509, 136, 730, 447, 882, 361, 1010, 609, 333, 200, 568, 847, 76, 255, 186, 84, 40, 970, 874, 477, 366, 450, 981, 537, 23, 721, 658, 510, 908, 188, 14, 791, 719, 810, 363, 407, 808, 31, 199, 465, 108, 696, 902]
dests:[309, 700, 289, 539, 630]
ac_dict:{727: {0, 1}, 942: {1, 2}, 73: {2, 3}, 549: {3, 4}, 309: {0}, 700: {1}, 289: {2}, 539: {3}, 630: {4}}
clusters:[29 10  9 15 17 19  0  6  0  1  1  9 14 26 14 24 12 13 16 18  3 19 20 12
 25 16 11  8 17 23 10  2  7 22 21 18  5 27  3  2  4  8  5 15  7 11 28  6
 13  4]

round: 1
best_g_value: 159.0
open_list_size: 0
num_low_level_expanded: 332
search_success: 1
search_time: 31.858027493999543
n_tsp_call: 1
n_tsp_time: 31.746499262000725
n_roots: 1
num_conflicts: 0
target_assignment: {465: 0, 73: 2, 40: 2, 14: 2, 84: 2, 333: 2, 363: 2, 361: 2, 450: 2, 407: 3, 537: 3, 510: 3, 478: 3, 477: 3, 509: 3, 908: 4, 970: 4, 874: 4, 810: 4, 808: 4, 776: 4, 719: 4, 721: 4, 658: 4, 1010: 1, 981: 1, 791: 1, 727: 1, 696: 1, 730: 1}
cluster_target_selection: {28: 465, 9: 73, 12: 40, 27: 14, 20: 84, 24: 333, 8: 363, 14: 361, 17: 450, 5: 407, 10: 537, 21: 510, 0: 478, 11: 477, 6: 509, 18: 908, 25: 970, 16: 874, 4: 810, 15: 808, 19: 776, 2: 719, 7: 721, 22: 658, 26: 1010, 23: 981, 3: 791, 29: 727, 13: 696, 1: 730}
num_nodes_transformed_graph: 248
agent_paths:({0: [(20, 17), (19, 17), (18, 17), (17, 17), (17, 16), (17, 15), (17, 14), (17, 13), (17, 12), (17, 11), (18, 11), (18, 10), (18, 9), (19, 9), (20, 9), (21, 9), (21, 9)], 1: [(28, 29), (27, 29), (26, 29), (25, 29), (24, 29), (23, 29), (23, 30), (22, 30), (21, 30), (20, 30), (19, 30), (18, 30), (18, 31), (18, 30), (19, 30), (20, 30), (21, 30), (22, 30), (23, 30), (23, 29), (23, 28), (23, 27), (23, 26), (23, 25), (23, 24), (24, 24), (24, 23), (24, 22), (23, 22), (23, 21), (24, 21), (25, 21), (26, 21), (26, 22), (26, 21), (27, 21), (28, 21), (28, 21)], 2: [(11, 2), (10, 2), (9, 2), (9, 1), (8, 1), (8, 0), (9, 0), (10, 0), (11, 0), (12, 0), (13, 0), (14, 0), (15, 0), (16, 0), (16, 1), (17, 1), (18, 1), (19, 1), (20, 1), (20, 2), (20, 3), (19, 3), (18, 3), (17, 3), (16, 3), (16, 4), (16, 5), (15, 5), (14, 5), (13, 5), (13, 6), (13, 7), (13, 8), (13, 9), (13, 10), (12, 10), (11, 10), (11, 11), (10, 11), (9, 11), (9, 12), (8, 12), (8, 13), (7, 13), (6, 13), (5, 13), (4, 13), (3, 13), (2, 13), (2, 14), (1, 14), (1, 13), (1, 12), (1, 11), (1, 10), (1, 9), (1, 9)], 3: [(20, 12), (21, 12), (22, 12), (23, 12), (24, 12), (25, 12), (25, 13), (25, 14), (25, 15), (25, 16), (25, 15), (26, 15), (27, 15), (28, 15), (29, 15), (30, 15), (30, 14), (29, 14), (29, 15), (28, 15), (27, 15), (27, 16), (27, 16)], 4: [(12, 27), (12, 28), (11, 28), (10, 28), (10, 29), (10, 30), (10, 29), (10, 28), (10, 27), (10, 26), (10, 25), (9, 25), (8, 25), (8, 24), (8, 23), (9, 23), (10, 23), (11, 23), (12, 23), (13, 23), (14, 23), (15, 23), (15, 22), (16, 22), (17, 22), (17, 21), (17, 20), (18, 20), (18, 19), (19, 19), (20, 19), (21, 19), (22, 19), (22, 19)]}, 55)