

CBSS-C STATS
starts:[179, 289, 962, 195, 408]
targets:[513, 753, 1008, 793, 641, 957, 130, 824, 818, 414]
dests:[746, 375, 176, 412, 693]
ac_dict:{513: {0, 1}, 753: {1, 2}, 1008: {2, 3}, 793: {3, 4}, 746: {0}, 375: {1}, 176: {2}, 412: {3}, 693: {4}}
clusters:[0 0 0 1 1 0 0 0 1 1]

round: 1
best_g_value: 141.0
open_list_size: 0
num_low_level_expanded: 521
search_success: 1
search_time: 0.07443369133397937
n_tsp_call: 1
n_tsp_time: 0.05313684605062008
n_roots: 1
num_conflicts: 0
target_assignment: {818: 2, 753: 2}
cluster_target_selection: {1: 818, 0: 753}
num_nodes_transformed_graph: 27
agent_paths:({0: [(19, 5), (18, 5), (17, 5), (16, 5), (15, 5), (14, 5), (13, 5), (12, 5), (11, 5), (10, 5), (10, 6), (10, 7), (10, 8), (10, 9), (10, 10), (10, 11), (10, 12), (10, 13), (10, 14), (10, 15), (10, 16), (10, 17), (10, 18), (10, 19), (10, 20), (10, 21), (10, 22), (10, 23), (10, 23)], 1: [(1, 9), (2, 9), (3, 9), (4, 9), (5, 9), (6, 9), (7, 9), (7, 10), (8, 10), (9, 10), (10, 10), (11, 10), (12, 10), (13, 10), (14, 10), (15, 10), (16, 10), (16, 11), (17, 11), (18, 11), (19, 11), (19, 10), (20, 10), (21, 10), (22, 10), (23, 10), (23, 11), (23, 11)], 2: [(2, 30), (2, 29), (2, 28), (2, 27), (2, 26), (2, 25), (3, 25), (4, 25), (5, 25), (6, 25), (7, 25), (8, 25), (9, 25), (10, 25), (11, 25), (12, 25), (13, 25), (14, 25), (15, 25), (16, 25), (17, 25), (18, 25), (17, 25), (17, 24), (17, 23), (16, 23), (16, 22), (16, 21), (16, 20), (16, 19), (16, 18), (16, 17), (16, 16), (16, 15), (16, 14), (16, 13), (16, 12), (16, 11), (16, 10), (16, 9), (16, 8), (16, 7), (16, 6), (16, 5), (16, 5)], 3: [(3, 6), (3, 7), (4, 7), (5, 7), (6, 7), (7, 7), (7, 8), (8, 8), (9, 8), (10, 8), (11, 8), (11, 9), (11, 10), (12, 10), (13, 10), (14, 10), (15, 10), (16, 10), (16, 11), (17, 11), (18, 11), (19, 11), (19, 12), (20, 12), (21, 12), (22, 12), (23, 12), (24, 12), (25, 12), (26, 12), (26, 11), (27, 11), (28, 11), (28, 12), (28, 12)], 4: [(24, 12), (23, 12), (22, 12), (21, 12), (21, 13), (21, 14), (21, 15), (21, 16), (21, 17), (21, 18), (21, 19), (21, 20), (21, 21), (21, 21)]}, 43)