

CBSS-C STATS
starts:[1004, 162, 825, 723, 629, 19, 668, 37, 492, 12]
targets:[617, 989, 971, 224, 347, 62, 597, 485, 89, 805]
dests:[183, 437, 27, 518, 677, 210, 745, 249, 299, 672]
ac_dict:{617: {0, 1}, 989: {1, 2}, 971: {2, 3}, 224: {3, 4}, 347: {4, 5}, 62: {5, 6}, 597: {6, 7}, 485: {8, 7}, 89: {8, 9}, 183: {0}, 437: {1}, 27: {2}, 518: {3}, 677: {4}, 210: {5}, 745: {6}, 249: {7}, 299: {8}, 672: {9}}
clusters:[2 0 4 0 4 3 0 2 0 1]

round: 3
best_g_value: 277.0
open_list_size: 2
num_low_level_expanded: 1899
search_success: 1
search_time: 0.1843003579415381
n_tsp_call: 1
n_tsp_time: 0.12703606765717268
n_roots: 1
num_conflicts: 2
target_assignment: {805: 0, 617: 0, 62: 5, 347: 5, 597: 6}
cluster_target_selection: {1: 805, 2: 617, 3: 62, 4: 347, 0: 597}
num_nodes_transformed_graph: 33
agent_paths:({0: [(12, 31), (11, 31), (10, 31), (9, 31), (8, 31), (7, 31), (6, 31), (5, 31), (5, 30), (5, 29), (5, 28), (5, 27), (5, 26), (5, 25), (6, 25), (7, 25), (7, 24), (7, 23), (7, 22), (7, 21), (7, 20), (7, 19), (8, 19), (9, 19), (9, 18), (9, 17), (9, 16), (9, 15), (9, 14), (10, 14), (10, 13), (10, 12), (10, 11), (10, 10), (10, 9), (10, 8), (10, 7), (11, 7), (12, 7), (13, 7), (14, 7), (15, 7), (16, 7), (17, 7), (18, 7), (19, 7), (19, 6), (20, 6), (21, 6), (22, 6), (23, 6), (23, 5), (23, 5)], 1: [(2, 5), (3, 5), (4, 5), (5, 5), (6, 5), (7, 5), (8, 5), (8, 6), (9, 6), (10, 6), (11, 6), (12, 6), (13, 6), (14, 6), (15, 6), (16, 6), (17, 6), (18, 6), (19, 6), (20, 6), (21, 6), (21, 7), (21, 8), (21, 9), (21, 10), (21, 11), (21, 12), (21, 13), (21, 13)], 2: [(25, 25), (25, 24), (26, 24), (26, 23), (26, 22), (26, 21), (26, 20), (27, 20), (27, 19), (27, 18), (27, 17), (27, 16), (27, 15), (27, 14), (27, 13), (28, 13), (28, 12), (28, 11), (28, 10), (28, 9), (28, 8), (28, 7), (28, 6), (28, 5), (27, 5), (27, 4), (27, 3), (27, 2), (27, 1), (27, 0), (27, 0)], 3: [(19, 22), (18, 22), (17, 22), (16, 22), (15, 22), (15, 21), (14, 21), (13, 21), (12, 21), (11, 21), (10, 21), (9, 21), (8, 21), (7, 21), (7, 20), (7, 19), (7, 18), (7, 17), (6, 17), (6, 16), (6, 16)], 4: [(21, 19), (20, 19), (19, 19), (18, 19), (17, 19), (16, 19), (15, 19), (14, 19), (13, 19), (12, 19), (11, 19), (10, 19), (9, 19), (8, 19), (7, 19), (6, 19), (5, 19), (5, 20), (5, 21), (5, 21)], 5: [(19, 0), (20, 0), (21, 0), (22, 0), (23, 0), (24, 0), (24, 1), (24, 2), (25, 2), (25, 3), (26, 3), (27, 3), (27, 2), (27, 1), (28, 1), (29, 1), (30, 1), (29, 1), (28, 1), (27, 1), (27, 2), (27, 3), (27, 4), (27, 5), (27, 6), (27, 7), (27, 8), (27, 9), (27, 10), (26, 10), (25, 10), (24, 10), (23, 10), (22, 10), (21, 10), (20, 10), (19, 10), (18, 10), (18, 9), (18, 8), (18, 7), (18, 6), (18, 6)], 6: [(28, 20), (27, 20), (26, 20), (25, 20), (24, 20), (23, 20), (22, 20), (21, 20), (21, 19), (21, 18), (20, 18), (19, 18), (18, 18), (18, 19), (17, 19), (16, 19), (15, 19), (14, 19), (13, 19), (12, 19), (11, 19), (10, 19), (9, 19), (9, 20), (9, 21), (9, 22), (9, 23), (9, 23)], 7: [(5, 1), (6, 1), (7, 1), (8, 1), (9, 1), (10, 1), (11, 1), (12, 1), (13, 1), (14, 1), (15, 1), (16, 1), (17, 1), (18, 1), (19, 1), (20, 1), (20, 2), (21, 2), (22, 2), (23, 2), (24, 2), (25, 2), (25, 3), (25, 4), (25, 5), (25, 6), (25, 7), (25, 7)], 8: [(12, 15), (12, 14), (12, 13), (12, 12), (12, 11), (11, 11), (11, 10), (11, 9), (11, 9)], 9: [(12, 0), (11, 0), (10, 0), (9, 0), (8, 0), (8, 1), (7, 1), (6, 1), (5, 1), (4, 1), (3, 1), (3, 2), (3, 3), (3, 4), (3, 5), (3, 6), (3, 7), (3, 8), (3, 9), (2, 9), (2, 10), (2, 11), (2, 12), (2, 13), (2, 14), (2, 15), (2, 16), (2, 17), (2, 18), (2, 19), (1, 19), (0, 19), (0, 20), (0, 21), (0, 21)]}, 51)