

CBSS-C STATS
starts:[186, 138, 838, 579, 136, 919, 199, 371, 827, 210]
targets:[825, 159, 709, 948, 215, 802, 161, 570, 692, 674, 606, 619, 308, 913, 293]
dests:[791, 285, 856, 566, 1014, 812, 550, 920, 805, 377]
ac_dict:{825: {0, 1}, 159: {1, 2}, 709: {2, 3}, 948: {3, 4}, 215: {4, 5}, 802: {5, 6}, 161: {6, 7}, 570: {8, 7}, 692: {8, 9}, 791: {0}, 285: {1}, 856: {2}, 566: {3}, 1014: {4}, 812: {5}, 550: {6}, 920: {7}, 805: {8}, 377: {9}}
clusters:[2 7 6 5 8 1 3 9 0 7 5 0 0 4 0]

round: 25
best_g_value: 272.0
open_list_size: 24
num_low_level_expanded: 6591
search_success: 1
search_time: 5.966218440793455
n_tsp_call: 17
n_tsp_time: 4.642966794315726
n_roots: 1
num_conflicts: 24
target_assignment: {825: 0, 674: 3, 709: 3, 161: 6, 215: 4, 308: 4, 948: 4, 913: 5, 802: 5, 570: 7}
cluster_target_selection: {2: 825, 7: 674, 6: 709, 3: 161, 8: 215, 0: 308, 5: 948, 4: 913, 1: 802, 9: 570}
num_nodes_transformed_graph: 55
agent_paths:({0: [(26, 5), (25, 5), (25, 6), (25, 7), (25, 8), (25, 9), (25, 10), (25, 11), (25, 12), (25, 13), (25, 14), (25, 15), (25, 16), (25, 17), (25, 18), (25, 19), (25, 20), (25, 21), (24, 21), (24, 22), (24, 23), (24, 24), (25, 24), (25, 25), (25, 24), (24, 24), (23, 24), (23, 24)], 1: [(10, 4), (11, 4), (12, 4), (13, 4), (14, 4), (14, 5), (15, 5), (16, 5), (17, 5), (18, 5), (19, 5), (19, 6), (20, 6), (21, 6), (22, 6), (23, 6), (24, 6), (25, 6), (26, 6), (27, 6), (28, 6), (29, 6), (29, 7), (29, 8), (29, 8)], 2: [(6, 26), (7, 26), (8, 26), (9, 26), (10, 26), (11, 26), (12, 26), (13, 26), (13, 27), (14, 27), (15, 27), (16, 27), (17, 27), (18, 27), (19, 27), (20, 27), (21, 27), (22, 27), (22, 26), (23, 26), (24, 26), (24, 26)], 3: [(3, 18), (2, 18), (2, 19), (2, 20), (2, 21), (3, 21), (3, 22), (4, 22), (5, 22), (5, 21), (5, 20), (5, 19), (5, 18), (5, 17), (6, 17), (7, 17), (8, 17), (9, 17), (10, 17), (11, 17), (12, 17), (13, 17), (14, 17), (15, 17), (16, 17), (17, 17), (18, 17), (19, 17), (20, 17), (21, 17), (22, 17), (22, 17)], 4: [(8, 4), (9, 4), (10, 4), (11, 4), (12, 4), (13, 4), (14, 4), (14, 5), (15, 5), (16, 5), (17, 5), (18, 5), (19, 5), (19, 6), (20, 6), (21, 6), (22, 6), (23, 6), (22, 6), (21, 6), (20, 6), (20, 7), (20, 8), (20, 9), (20, 10), (19, 10), (19, 11), (19, 12), (19, 13), (19, 14), (19, 15), (19, 16), (19, 17), (19, 18), (19, 19), (19, 20), (19, 21), (19, 22), (19, 23), (19, 24), (20, 24), (20, 25), (20, 26), (20, 27), (20, 28), (20, 29), (21, 29), (21, 30), (22, 30), (22, 31), (22, 31)], 5: [(23, 28), (23, 27), (22, 27), (21, 27), (20, 27), (19, 27), (18, 27), (17, 27), (17, 28), (16, 28), (15, 28), (14, 28), (13, 28), (12, 28), (11, 28), (10, 28), (9, 28), (8, 28), (7, 28), (6, 28), (5, 28), (4, 28), (4, 27), (3, 27), (2, 27), (2, 26), (2, 25), (3, 25), (4, 25), (4, 26), (5, 26), (6, 26), (6, 25), (7, 25), (8, 25), (9, 25), (10, 25), (11, 25), (12, 25), (12, 25)], 6: [(7, 6), (7, 5), (6, 5), (5, 5), (4, 5), (3, 5), (2, 5), (1, 5), (2, 5), (3, 5), (4, 5), (5, 5), (5, 6), (5, 7), (5, 8), (5, 9), (6, 9), (6, 10), (6, 11), (6, 12), (6, 13), (6, 14), (6, 15), (6, 16), (6, 17), (6, 17)], 7: [(19, 11), (19, 12), (20, 12), (21, 12), (22, 12), (23, 12), (24, 12), (25, 12), (26, 12), (26, 13), (26, 14), (26, 15), (26, 16), (26, 17), (25, 17), (24, 17), (24, 18), (24, 19), (24, 20), (24, 21), (24, 22), (24, 23), (24, 24), (24, 25), (23, 25), (23, 26), (23, 27), (24, 27), (24, 28), (24, 28)], 8: [(27, 25), (26, 25), (25, 25), (24, 25), (23, 25), (22, 25), (21, 25), (20, 25), (19, 25), (18, 25), (17, 25), (16, 25), (15, 25), (14, 25), (13, 25), (12, 25), (11, 25), (10, 25), (9, 25), (8, 25), (7, 25), (6, 25), (5, 25), (5, 25)], 9: [(18, 6), (19, 6), (20, 6), (21, 6), (22, 6), (23, 6), (24, 6), (25, 6), (25, 7), (25, 8), (25, 9), (25, 10), (25, 11), (25, 11)]}, 49)