

CBSS-C STATS
starts:[432, 652]
targets:[279, 812, 531, 94, 829, 991, 970, 755, 781, 213, 350, 1014, 242, 730, 16, 376, 824, 987, 272, 134, 130, 287, 598, 808, 55, 843, 509, 175, 822, 244, 150, 705, 956, 876, 954, 778, 444, 643, 882, 323, 121, 566, 758, 993, 405, 62, 286, 358, 386, 981, 1010, 867, 763, 477, 479, 797, 690, 483, 476, 564, 233, 2, 343, 484, 108, 881, 861, 435, 754, 945, 982, 112, 329, 318, 835, 546, 190, 721, 149, 857, 762, 528, 739, 891, 623, 535, 511, 406, 450, 632, 257, 197, 834, 333, 472, 321, 650, 827, 815, 747]
dests:[796, 68]
ac_dict:{279: {0, 1}, 796: {0}, 68: {1}}
clusters:[39 37 18 32 34 38 28 34 31 27 38 21 38 36 32 38 36 37 13  9 37 22 20 24
  7  0  6 13  2 12  3  3 39 32 17 38 22 27 16 33 14  3  7 10  8 34 14 23
 27  7 25 11 35 31 13  6 16  9 21 35 10 24  7  9  8  9 25  3 30 32  9 26
 17 29  5 35  7 29  5 15 16  1 18 14  9  6 31 11  5 23  7 25 23 34 23 19
  5  4 37 24]

round: 1
best_g_value: 429.0
open_list_size: 0
num_low_level_expanded: 275
search_success: 1
search_time: 10.859604345001571
n_tsp_call: 1
n_tsp_time: 10.761362712000846
n_roots: 1
num_conflicts: 0
target_assignment: {528: 0, 272: 0, 112: 0, 242: 0, 244: 0, 279: 0, 343: 0, 406: 0, 405: 0, 444: 0, 477: 0, 476: 0, 472: 0, 535: 0, 566: 0, 598: 0, 690: 0, 721: 0, 754: 0, 755: 0, 822: 0, 824: 0, 857: 0, 891: 0, 827: 0, 812: 1, 876: 1, 970: 1, 843: 1, 808: 1, 739: 1, 546: 1, 483: 1, 450: 1, 386: 1, 321: 1, 323: 1, 329: 1, 233: 1, 197: 1}
cluster_target_selection: {1: 528, 13: 272, 26: 112, 38: 242, 12: 244, 39: 279, 7: 343, 11: 406, 8: 405, 22: 444, 31: 477, 21: 476, 23: 472, 6: 535, 3: 566, 20: 598, 16: 690, 29: 721, 30: 754, 34: 755, 2: 822, 36: 824, 15: 857, 14: 891, 4: 827, 37: 812, 32: 876, 28: 970, 0: 843, 24: 808, 18: 739, 35: 546, 9: 483, 5: 450, 27: 386, 19: 321, 33: 323, 17: 329, 10: 233, 25: 197}
num_nodes_transformed_graph: 104
agent_paths:({0: [(16, 13), (16, 14), (16, 15), (16, 16), (16, 15), (16, 14), (16, 13), (16, 12), (16, 11), (16, 10), (16, 9), (16, 8), (16, 7), (16, 6), (16, 5), (16, 4), (16, 3), (17, 3), (18, 3), (18, 4), (18, 5), (18, 6), (18, 7), (19, 7), (20, 7), (21, 7), (22, 7), (22, 8), (23, 8), (23, 9), (23, 10), (22, 10), (22, 11), (22, 12), (21, 12), (22, 12), (23, 12), (24, 12), (25, 12), (26, 12), (26, 13), (27, 13), (28, 13), (29, 13), (29, 14), (28, 14), (27, 14), (26, 14), (25, 14), (24, 14), (23, 14), (23, 15), (23, 16), (22, 16), (22, 17), (22, 18), (21, 18), (20, 18), (19, 18), (18, 18), (18, 19), (18, 20), (18, 21), (17, 21), (17, 22), (18, 22), (18, 23), (19, 23), (19, 24), (20, 24), (20, 25), (21, 25), (22, 25), (23, 25), (24, 25), (25, 25), (25, 26), (26, 26), (27, 26), (27, 27), (27, 26), (27, 25), (27, 24), (28, 24), (28, 24)], 1: [(12, 20), (12, 21), (12, 22), (12, 23), (12, 24), (12, 25), (12, 26), (12, 27), (11, 27), (10, 27), (10, 28), (10, 29), (10, 30), (10, 29), (10, 28), (10, 27), (10, 26), (11, 26), (10, 26), (9, 26), (8, 26), (8, 25), (7, 25), (6, 25), (5, 25), (4, 25), (3, 25), (3, 24), (3, 23), (2, 23), (2, 22), (2, 21), (2, 20), (2, 19), (2, 18), (2, 17), (2, 16), (2, 15), (3, 15), (2, 15), (2, 14), (2, 13), (2, 12), (1, 12), (1, 11), (1, 10), (2, 10), (3, 10), (4, 10), (5, 10), (6, 10), (7, 10), (8, 10), (9, 10), (9, 9), (9, 8), (9, 7), (9, 6), (8, 6), (7, 6), (7, 5), (6, 5), (5, 5), (5, 6), (5, 5), (4, 5), (4, 4), (4, 3), (4, 2), (4, 2)]}, 83)