

CBSS-C STATS
starts:[104, 436, 739, 953, 472]
targets:[766, 962, 587, 561, 755, 505, 399, 743, 317, 42]
dests:[108, 321, 364, 420, 80]
ac_dict:{766: {0, 1}, 962: {1, 2}, 587: {2, 3}, 561: {3, 4}, 108: {0}, 321: {1}, 364: {2}, 420: {3}, 80: {4}}
clusters:[1 1 0 0 1 1 0 1 0 0]

round: 1
best_g_value: 104.0
open_list_size: 0
num_low_level_expanded: 489
search_success: 1
search_time: 0.08988245809450746
n_tsp_call: 1
n_tsp_time: 0.07226270530372858
n_roots: 1
num_conflicts: 0
target_assignment: {743: 2, 587: 2}
cluster_target_selection: {1: 743, 0: 587}
num_nodes_transformed_graph: 29
agent_paths:({0: [(8, 3), (9, 3), (10, 3), (11, 3), (12, 3), (12, 3)], 1: [(20, 13), (19, 13), (18, 13), (17, 13), (16, 13), (15, 13), (14, 13), (13, 13), (12, 13), (12, 12), (12, 11), (11, 11), (10, 11), (9, 11), (9, 10), (8, 10), (7, 10), (6, 10), (5, 10), (4, 10), (3, 10), (2, 10), (1, 10), (1, 10)], 2: [(3, 23), (4, 23), (5, 23), (6, 23), (7, 23), (7, 22), (7, 21), (7, 20), (7, 19), (7, 18), (8, 18), (9, 18), (10, 18), (11, 18), (11, 17), (11, 16), (11, 15), (11, 14), (12, 14), (12, 13), (12, 12), (12, 11), (12, 11)], 3: [(25, 29), (24, 29), (23, 29), (23, 28), (23, 27), (22, 27), (21, 27), (20, 27), (19, 27), (18, 27), (17, 27), (16, 27), (15, 27), (14, 27), (13, 27), (12, 27), (11, 27), (10, 27), (9, 27), (8, 27), (8, 26), (7, 26), (7, 25), (7, 24), (7, 23), (6, 23), (5, 23), (5, 22), (5, 21), (5, 20), (5, 19), (5, 18), (5, 17), (5, 16), (5, 15), (5, 14), (5, 13), (4, 13), (4, 13)], 4: [(24, 14), (23, 14), (22, 14), (21, 14), (20, 14), (19, 14), (18, 14), (17, 14), (16, 14), (16, 13), (16, 12), (16, 11), (16, 10), (16, 9), (16, 8), (16, 7), (16, 6), (16, 5), (16, 4), (16, 3), (16, 2), (16, 2)]}, 37)