

CBSS-C STATS
starts:[695, 662, 772, 900, 28]
targets:[1022, 966, 223, 879, 276, 862, 952, 977, 751, 100, 460, 569, 898, 481, 371, 581, 993, 828, 651, 650, 55, 839, 400, 88, 428, 612, 597, 641, 295, 642, 457, 451, 857, 60, 586, 445, 525, 418, 429, 133, 40, 866, 461, 107, 224, 373, 984, 771, 213, 836]
dests:[893, 528, 163, 171, 191]
ac_dict:{1022: {0, 1}, 966: {1, 2}, 223: {2, 3}, 879: {3, 4}, 893: {0}, 528: {1}, 163: {2}, 171: {3}, 191: {4}}
clusters:[ 5  3 10  6  8 18  0 29  4 12  7 13 16 15 26  9  8  2 27 12 19 24  7 11
 17  9 14 10  1 16  2 13  1 28  6 23  5 11 14 25  4 22 18 21 20 19 15  0
  3 17]

round: 1
best_g_value: 172.0
open_list_size: 0
num_low_level_expanded: 358
search_success: 1
search_time: 44.70848288999969
n_tsp_call: 1
n_tsp_time: 44.596718873999635
n_roots: 1
num_conflicts: 0
target_assignment: {857: 0, 828: 0, 866: 3, 836: 3, 839: 3, 879: 3, 977: 3, 751: 3, 650: 3, 651: 3, 525: 3, 461: 3, 429: 3, 107: 3, 60: 4, 771: 2, 641: 2, 642: 2, 581: 2, 481: 2, 418: 2, 224: 2, 133: 2, 569: 1, 445: 1, 373: 1, 213: 1, 276: 1, 371: 1, 400: 1}
cluster_target_selection: {1: 857, 2: 828, 22: 866, 17: 836, 24: 839, 6: 879, 29: 977, 4: 751, 12: 650, 27: 651, 5: 525, 18: 461, 14: 429, 21: 107, 28: 60, 0: 771, 10: 641, 16: 642, 9: 581, 15: 481, 11: 418, 20: 224, 25: 133, 13: 569, 23: 445, 19: 373, 3: 213, 8: 276, 26: 371, 7: 400}
num_nodes_transformed_graph: 248
agent_paths:({0: [(23, 21), (24, 21), (24, 22), (24, 23), (24, 24), (25, 24), (25, 25), (25, 26), (25, 25), (26, 25), (27, 25), (28, 25), (29, 25), (29, 26), (29, 27), (29, 27)], 1: [(22, 20), (22, 19), (22, 18), (22, 17), (23, 17), (24, 17), (25, 17), (25, 16), (25, 15), (25, 14), (25, 13), (26, 13), (27, 13), (28, 13), (29, 13), (28, 13), (27, 13), (26, 13), (25, 13), (24, 13), (23, 13), (22, 13), (21, 13), (21, 12), (21, 11), (21, 10), (21, 9), (21, 8), (21, 7), (21, 6), (20, 6), (20, 7), (20, 8), (20, 9), (19, 9), (19, 10), (19, 11), (18, 11), (17, 11), (16, 11), (16, 12), (16, 13), (16, 14), (16, 15), (16, 16), (16, 16)], 2: [(4, 24), (3, 24), (2, 24), (1, 24), (1, 23), (1, 22), (1, 21), (1, 20), (2, 20), (2, 19), (2, 18), (3, 18), (4, 18), (5, 18), (4, 18), (3, 18), (2, 18), (2, 17), (1, 17), (1, 16), (1, 15), (1, 14), (1, 13), (2, 13), (1, 13), (1, 12), (1, 11), (0, 11), (0, 10), (0, 9), (0, 8), (0, 7), (1, 7), (1, 6), (1, 5), (1, 4), (2, 4), (3, 4), (4, 4), (5, 4), (4, 4), (3, 4), (3, 5), (3, 5)], 3: [(4, 28), (4, 27), (3, 27), (2, 27), (2, 26), (3, 26), (4, 26), (5, 26), (6, 26), (7, 26), (8, 26), (9, 26), (10, 26), (11, 26), (12, 26), (13, 26), (13, 27), (14, 27), (15, 27), (16, 27), (17, 27), (17, 28), (17, 29), (17, 30), (16, 30), (16, 29), (15, 29), (15, 28), (15, 27), (15, 26), (15, 25), (15, 24), (15, 23), (14, 23), (13, 23), (12, 23), (11, 23), (10, 23), (10, 22), (10, 21), (10, 20), (11, 20), (11, 19), (11, 18), (11, 17), (11, 16), (12, 16), (13, 16), (13, 15), (13, 14), (13, 13), (12, 13), (12, 12), (12, 11), (11, 11), (11, 10), (11, 9), (11, 8), (11, 7), (11, 6), (11, 5), (11, 4), (11, 3), (11, 4), (11, 5), (11, 5)], 4: [(28, 0), (28, 1), (29, 1), (30, 1), (30, 2), (31, 2), (31, 3), (31, 4), (31, 5), (31, 5)]}, 64)