

CBSS-C STATS
starts:[809, 301, 210, 242, 893]
targets:[538, 868, 276, 202, 267, 439, 106, 190, 497, 357, 235, 987, 13, 371, 783, 414, 814, 396, 499, 339, 65, 584, 700, 64, 428, 927, 379, 11, 264, 473, 116, 328, 792, 658, 906, 641, 708, 699, 136, 215]
dests:[237, 469, 377, 261, 832]
ac_dict:{538: {0, 1}, 868: {1, 2}, 276: {2, 3}, 202: {3, 4}, 237: {0}, 469: {1}, 377: {2}, 261: {3}, 832: {4}}
clusters:[10  6 22 12  3 17  9 23  1 19  2  7  4  1  0  5 13  5  2 11  7 10 14  9
 21  4 12 20 11  6 16 18 15  0 24  3  8 13  8 14]

round: 1
best_g_value: 161.0
open_list_size: 0
num_low_level_expanded: 349
search_success: 1
search_time: 6.858577362000233
n_tsp_call: 1
n_tsp_time: 6.7855480920002265
n_roots: 1
num_conflicts: 0
target_assignment: {584: 0, 428: 0, 396: 0, 267: 0, 235: 0, 215: 2, 190: 2, 379: 2, 339: 1, 371: 1, 439: 1, 473: 1, 987: 4, 792: 4, 783: 4, 814: 4, 906: 4, 276: 3, 116: 3, 13: 3, 11: 3, 106: 3, 136: 3, 328: 3, 357: 3}
cluster_target_selection: {10: 584, 21: 428, 5: 396, 3: 267, 2: 235, 14: 215, 23: 190, 12: 379, 11: 339, 1: 371, 17: 439, 6: 473, 7: 987, 15: 792, 0: 783, 13: 814, 24: 906, 22: 276, 16: 116, 4: 13, 20: 11, 9: 106, 8: 136, 18: 328, 19: 357}
num_nodes_transformed_graph: 198
agent_paths:({0: [(9, 25), (8, 25), (8, 24), (8, 23), (8, 22), (8, 21), (8, 20), (8, 19), (8, 18), (8, 17), (8, 16), (9, 16), (9, 15), (9, 14), (10, 14), (11, 14), (12, 14), (12, 13), (12, 12), (12, 11), (11, 11), (11, 10), (11, 9), (11, 8), (11, 7), (12, 7), (13, 7), (13, 7)], 1: [(13, 9), (14, 9), (15, 9), (16, 9), (17, 9), (18, 9), (19, 9), (19, 10), (19, 11), (19, 12), (20, 12), (21, 12), (22, 12), (23, 12), (23, 13), (24, 13), (25, 13), (25, 14), (24, 14), (23, 14), (22, 14), (21, 14), (21, 14)], 2: [(18, 6), (19, 6), (20, 6), (21, 6), (22, 6), (23, 6), (23, 5), (24, 5), (25, 5), (26, 5), (27, 5), (28, 5), (29, 5), (30, 5), (29, 5), (28, 5), (27, 5), (27, 6), (27, 7), (27, 8), (27, 9), (27, 10), (27, 11), (26, 11), (25, 11), (25, 11)], 3: [(18, 7), (19, 7), (20, 7), (20, 8), (20, 7), (20, 6), (19, 6), (19, 5), (19, 4), (19, 3), (20, 3), (19, 3), (18, 3), (17, 3), (16, 3), (16, 2), (16, 1), (15, 1), (14, 1), (13, 1), (13, 0), (12, 0), (11, 0), (10, 0), (10, 1), (10, 2), (10, 3), (9, 3), (8, 3), (8, 4), (8, 5), (8, 6), (7, 6), (7, 7), (7, 8), (7, 9), (7, 10), (8, 10), (7, 10), (6, 10), (5, 10), (5, 11), (5, 10), (5, 9), (5, 8), (5, 8)], 4: [(29, 27), (28, 27), (27, 27), (27, 28), (27, 29), (27, 30), (26, 30), (25, 30), (24, 30), (24, 29), (24, 28), (24, 27), (24, 26), (24, 25), (24, 24), (23, 24), (22, 24), (22, 25), (21, 25), (20, 25), (19, 25), (18, 25), (17, 25), (16, 25), (15, 25), (15, 24), (14, 24), (14, 25), (13, 25), (12, 25), (11, 25), (10, 25), (10, 26), (10, 27), (10, 28), (9, 28), (8, 28), (7, 28), (6, 28), (5, 28), (4, 28), (4, 27), (3, 27), (2, 27), (1, 27), (0, 27), (0, 26), (0, 26)]}, 46)