

CBSS-C STATS
starts:[379, 647, 321, 794, 356]
targets:[861, 466, 230, 1016, 906, 662, 187, 1019, 171, 946, 326, 319, 864, 1011, 955, 49, 141, 295, 28, 285, 432, 529, 511, 51, 819, 404, 744, 307, 137, 817, 753, 721, 461, 962, 921, 118, 851, 654, 589, 847]
dests:[110, 310, 208, 561, 535]
ac_dict:{861: {0, 1}, 466: {1, 2}, 230: {2, 3}, 1016: {3, 4}, 110: {0}, 310: {1}, 208: {2}, 561: {3}, 535: {4}}
clusters:[17  7  8  1 11  3 14  9  9 24  5 22  0 13 23  5  2 18 12 15 11  6 12  1
  6 19 10 14 20  0  4  2  8  3  7 21 16 10  4 13]

round: 2
best_g_value: 184.0
open_list_size: 1
num_low_level_expanded: 464
search_success: 1
search_time: 4.18057707700018
n_tsp_call: 1
n_tsp_time: 4.130004065000321
n_roots: 1
num_conflicts: 1
target_assignment: {861: 0, 511: 0, 319: 0, 285: 0, 187: 0, 118: 0, 51: 0, 432: 4, 404: 4, 326: 2, 295: 2, 230: 2, 137: 2, 171: 2, 921: 3, 955: 3, 1011: 3, 946: 3, 851: 3, 819: 3, 817: 3, 753: 3, 721: 3, 654: 1, 662: 1}
cluster_target_selection: {17: 861, 12: 511, 22: 319, 15: 285, 14: 187, 21: 118, 1: 51, 11: 432, 19: 404, 5: 326, 18: 295, 8: 230, 20: 137, 9: 171, 7: 921, 23: 955, 13: 1011, 24: 946, 16: 851, 6: 819, 0: 817, 4: 753, 2: 721, 10: 654, 3: 662}
num_nodes_transformed_graph: 103
agent_paths:({0: [(27, 11), (28, 11), (29, 11), (29, 12), (29, 13), (29, 14), (29, 15), (29, 16), (29, 17), (29, 18), (29, 19), (29, 20), (29, 21), (29, 22), (29, 23), (29, 24), (29, 25), (29, 26), (29, 25), (29, 24), (29, 23), (29, 22), (29, 21), (29, 20), (29, 19), (29, 18), (29, 17), (29, 16), (29, 15), (30, 15), (31, 15), (31, 14), (30, 14), (29, 14), (29, 13), (29, 12), (29, 11), (29, 10), (29, 9), (30, 9), (31, 9), (30, 9), (29, 9), (29, 8), (28, 8), (27, 8), (27, 7), (27, 6), (27, 5), (26, 5), (25, 5), (24, 5), (23, 5), (23, 4), (22, 4), (22, 3), (21, 3), (20, 3), (20, 2), (20, 1), (19, 1), (18, 1), (17, 1), (16, 1), (15, 1), (14, 1), (14, 2), (14, 3), (14, 3)], 1: [(7, 20), (8, 20), (9, 20), (10, 20), (11, 20), (12, 20), (13, 20), (14, 20), (15, 20), (16, 20), (17, 20), (18, 20), (19, 20), (20, 20), (21, 20), (22, 20), (22, 19), (22, 18), (22, 17), (22, 16), (22, 15), (22, 14), (22, 13), (22, 12), (22, 11), (22, 10), (22, 9), (22, 9)], 2: [(1, 10), (2, 10), (3, 10), (4, 10), (5, 10), (6, 10), (6, 9), (7, 9), (7, 8), (7, 7), (6, 7), (7, 7), (7, 6), (7, 5), (7, 4), (8, 4), (9, 4), (10, 4), (11, 4), (11, 5), (12, 5), (13, 5), (14, 5), (15, 5), (16, 5), (16, 6), (16, 6)], 3: [(26, 24), (25, 24), (25, 25), (25, 26), (25, 27), (25, 28), (26, 28), (27, 28), (27, 29), (26, 29), (25, 29), (24, 29), (23, 29), (23, 30), (22, 30), (21, 30), (20, 30), (19, 30), (19, 31), (18, 31), (18, 30), (18, 29), (18, 28), (18, 27), (18, 26), (19, 26), (19, 25), (18, 25), (17, 25), (17, 24), (17, 23), (17, 22), (17, 21), (17, 20), (17, 19), (16, 19), (16, 18), (16, 17), (17, 17), (17, 17)], 4: [(4, 11), (5, 11), (6, 11), (6, 10), (7, 10), (8, 10), (9, 10), (10, 10), (11, 10), (12, 10), (13, 10), (14, 10), (15, 10), (16, 10), (16, 11), (16, 12), (16, 13), (16, 12), (17, 12), (18, 12), (19, 12), (20, 12), (21, 12), (21, 13), (22, 13), (23, 13), (23, 14), (23, 15), (23, 16), (23, 16)]}, 67)