

CBSS-C STATS
starts:[406, 403, 968, 303, 673]
targets:[712, 959, 167, 912, 348, 345, 862, 887, 257, 103, 487, 605, 505, 12, 460, 109, 595, 390, 814, 330, 659, 872, 19, 631, 630, 64, 215, 775, 278, 545, 552, 424, 719, 971, 86, 1007, 294, 309, 655, 162]
dests:[930, 958, 15, 985, 849]
ac_dict:{712: {0, 1}, 959: {1, 2}, 167: {2, 3}, 912: {3, 4}, 930: {0}, 958: {1}, 15: {2}, 985: {3}, 849: {4}}
clusters:[ 9 20  2  0  8  5  2 17 13  1  3 15 12  0 18  6 24 11 19  4  5  4  7 14
  1 16 13 22  9 21  6  8 12  3 10 23 14 11 10  7]

round: 4
best_g_value: 205.0
open_list_size: 3
num_low_level_expanded: 915
search_success: 1
search_time: 32.27318436099995
n_tsp_call: 29
n_tsp_time: 31.67676831899962
n_roots: 1
num_conflicts: 3
target_assignment: {278: 0, 309: 0, 460: 0, 424: 0, 545: 0, 775: 4, 814: 4, 655: 3, 719: 3, 1007: 3, 887: 3, 872: 2, 552: 2, 487: 2, 294: 2, 257: 2, 162: 2, 64: 2, 12: 2, 595: 1, 659: 1, 630: 1, 605: 1, 862: 1, 959: 1}
cluster_target_selection: {9: 278, 11: 309, 18: 460, 8: 424, 21: 545, 22: 775, 19: 814, 10: 655, 12: 719, 23: 1007, 17: 887, 4: 872, 6: 552, 3: 487, 14: 294, 13: 257, 7: 162, 16: 64, 0: 12, 24: 595, 5: 659, 1: 630, 15: 605, 2: 862, 20: 959}
num_nodes_transformed_graph: 101
agent_paths:({0: [(22, 12), (22, 11), (22, 10), (22, 9), (22, 8), (21, 8), (21, 9), (20, 9), (19, 9), (18, 9), (17, 9), (16, 9), (15, 9), (14, 9), (13, 9), (13, 10), (12, 10), (12, 11), (12, 12), (12, 13), (12, 14), (11, 14), (10, 14), (10, 13), (10, 12), (9, 12), (8, 12), (8, 13), (7, 13), (6, 13), (5, 13), (4, 13), (3, 13), (2, 13), (1, 13), (1, 14), (1, 15), (1, 16), (1, 17), (2, 17), (2, 18), (2, 19), (2, 20), (2, 21), (2, 22), (2, 23), (2, 24), (2, 25), (2, 26), (2, 27), (2, 28), (2, 29), (2, 29)], 1: [(19, 12), (19, 13), (19, 14), (19, 15), (19, 16), (19, 17), (19, 18), (19, 19), (19, 20), (19, 19), (20, 19), (21, 19), (22, 19), (22, 18), (23, 18), (24, 18), (25, 18), (26, 18), (27, 18), (28, 18), (29, 18), (29, 19), (29, 20), (29, 21), (29, 22), (30, 22), (30, 23), (30, 24), (30, 25), (30, 26), (30, 27), (31, 27), (31, 28), (31, 29), (30, 29), (30, 29)], 2: [(8, 30), (8, 29), (8, 28), (8, 27), (8, 26), (8, 25), (8, 24), (8, 23), (8, 22), (8, 21), (8, 20), (8, 19), (8, 18), (8, 17), (7, 17), (7, 16), (7, 15), (6, 15), (6, 14), (6, 13), (6, 12), (6, 11), (6, 10), (6, 9), (5, 9), (4, 9), (3, 9), (2, 9), (1, 9), (1, 8), (1, 7), (1, 6), (1, 5), (2, 5), (1, 5), (1, 4), (1, 3), (0, 3), (0, 2), (0, 1), (1, 1), (2, 1), (3, 1), (4, 1), (5, 1), (6, 1), (7, 1), (8, 1), (8, 0), (9, 0), (10, 0), (11, 0), (12, 0), (13, 0), (14, 0), (15, 0), (15, 0)], 3: [(15, 9), (15, 10), (15, 11), (15, 12), (15, 13), (15, 14), (14, 14), (14, 15), (14, 16), (14, 17), (14, 18), (14, 19), (15, 19), (15, 20), (15, 21), (15, 22), (15, 23), (15, 24), (15, 25), (15, 26), (15, 27), (15, 28), (15, 29), (14, 29), (14, 30), (14, 31), (15, 31), (16, 31), (16, 30), (16, 29), (16, 28), (16, 27), (17, 27), (18, 27), (19, 27), (20, 27), (21, 27), (22, 27), (23, 27), (24, 27), (25, 27), (25, 28), (25, 29), (25, 30), (25, 30)], 4: [(1, 21), (2, 21), (3, 21), (3, 22), (4, 22), (5, 22), (6, 22), (7, 22), (7, 23), (7, 24), (8, 24), (9, 24), (10, 24), (11, 24), (12, 24), (13, 24), (14, 24), (14, 25), (14, 25), (15, 25), (16, 25), (17, 25), (17, 26), (17, 26)]}, 55)