

CBSS-C STATS
starts:[200, 685, 904, 842, 344, 715, 864, 854, 407, 221]
targets:[697, 649, 37, 535, 497, 825, 891, 855, 913, 884]
dests:[786, 129, 58, 545, 219, 689, 476, 747, 526, 780]
ac_dict:{697: {0, 1}, 649: {1, 2}, 37: {2, 3}, 535: {3, 4}, 497: {4, 5}, 825: {5, 6}, 891: {6, 7}, 855: {8, 7}, 913: {8, 9}, 786: {0}, 129: {1}, 58: {2}, 545: {3}, 219: {4}, 689: {5}, 476: {6}, 747: {7}, 526: {8}, 780: {9}}
clusters:[0 0 3 4 1 1 4 2 3 1]

round: 8
best_g_value: 251.0
open_list_size: 7
num_low_level_expanded: 5274
search_success: 1
search_time: 0.3866983177140355
n_tsp_call: 1
n_tsp_time: 0.24295197892934084
n_roots: 1
num_conflicts: 7
target_assignment: {913: 9, 855: 7, 884: 6, 891: 6, 649: 1}
cluster_target_selection: {3: 913, 2: 855, 1: 884, 4: 891, 0: 649}
num_nodes_transformed_graph: 48
agent_paths:({0: [(8, 6), (9, 6), (10, 6), (11, 6), (12, 6), (13, 6), (14, 6), (15, 6), (16, 6), (16, 7), (16, 8), (16, 9), (16, 10), (16, 11), (17, 11), (17, 12), (17, 13), (17, 14), (17, 15), (17, 16), (17, 17), (18, 17), (18, 18), (18, 19), (18, 20), (18, 21), (18, 22), (18, 23), (18, 24), (18, 24)], 1: [(13, 21), (13, 20), (12, 20), (11, 20), (10, 20), (9, 20), (8, 20), (7, 20), (6, 20), (5, 20), (5, 19), (4, 19), (4, 18), (3, 18), (2, 18), (2, 17), (1, 17), (1, 16), (1, 15), (1, 14), (1, 13), (1, 12), (1, 11), (1, 10), (1, 9), (1, 8), (1, 7), (1, 6), (1, 5), (1, 4), (1, 4)], 2: [(8, 28), (8, 27), (9, 27), (9, 26), (9, 25), (9, 24), (9, 23), (9, 22), (9, 21), (9, 20), (9, 19), (9, 18), (9, 17), (9, 16), (9, 15), (9, 14), (10, 14), (10, 13), (10, 12), (10, 11), (10, 10), (10, 9), (10, 8), (10, 7), (10, 6), (10, 5), (11, 5), (12, 5), (13, 5), (14, 5), (15, 5), (16, 5), (16, 4), (16, 3), (17, 3), (18, 3), (19, 3), (20, 3), (21, 3), (22, 3), (23, 3), (24, 3), (25, 3), (26, 3), (27, 3), (27, 2), (27, 1), (26, 1), (26, 1)], 3: [(10, 26), (9, 26), (8, 26), (7, 26), (6, 26), (5, 26), (4, 26), (3, 26), (2, 26), (2, 25), (2, 24), (2, 23), (2, 22), (2, 21), (2, 20), (2, 19), (2, 18), (2, 17), (1, 17), (1, 17)], 4: [(24, 10), (24, 9), (24, 8), (25, 8), (25, 7), (25, 6), (26, 6), (27, 6), (27, 6)], 5: [(11, 22), (11, 21), (12, 21), (13, 21), (14, 21), (15, 21), (16, 21), (17, 21), (17, 21)], 6: [(0, 27), (1, 27), (2, 27), (3, 27), (4, 27), (5, 27), (6, 27), (6, 26), (7, 26), (8, 26), (9, 26), (10, 26), (11, 26), (12, 26), (13, 26), (13, 27), (14, 27), (15, 27), (16, 27), (17, 27), (18, 27), (19, 27), (20, 27), (21, 27), (22, 27), (23, 27), (24, 27), (25, 27), (26, 27), (27, 27), (27, 26), (27, 25), (27, 24), (27, 23), (27, 22), (27, 21), (27, 20), (27, 19), (27, 18), (27, 17), (27, 16), (27, 15), (27, 14), (28, 14), (28, 14)], 7: [(22, 26), (23, 26), (22, 26), (22, 25), (21, 25), (20, 25), (19, 25), (18, 25), (17, 25), (16, 25), (15, 25), (14, 25), (13, 25), (12, 25), (11, 25), (11, 24), (11, 23), (11, 23)], 8: [(23, 12), (22, 12), (21, 12), (20, 12), (19, 12), (18, 12), (17, 12), (16, 12), (15, 12), (14, 12), (14, 13), (14, 14), (14, 15), (14, 16), (14, 16)], 9: [(29, 6), (28, 6), (27, 6), (26, 6), (25, 6), (24, 6), (23, 6), (22, 6), (21, 6), (20, 6), (20, 7), (20, 8), (20, 9), (19, 9), (19, 10), (19, 11), (19, 12), (19, 13), (19, 14), (19, 15), (19, 16), (19, 17), (18, 17), (18, 18), (18, 19), (18, 20), (18, 21), (18, 22), (17, 22), (17, 23), (17, 24), (17, 25), (17, 26), (17, 27), (17, 28), (16, 28), (15, 28), (14, 28), (13, 28), (12, 28), (12, 27), (12, 26), (12, 25), (12, 24), (12, 24)]}, 47)