

CBSS-C STATS
starts:[51, 259]
targets:[664, 951, 921, 469, 216, 392, 246, 457, 405, 256, 615, 711, 859, 200, 1002, 151, 236, 771, 795, 842, 428, 614, 347, 227, 751, 667, 723, 366, 304, 712, 654, 589, 378, 140, 573, 466, 755, 891, 658, 85, 735, 992, 974, 87, 894, 475, 480, 123, 129, 112, 119, 744, 201, 228, 531, 717, 807, 103, 350, 792, 217, 533, 777, 783, 5, 584, 344, 162, 847, 238, 518, 179, 324, 733, 766, 11, 31, 168, 97, 184, 909, 981, 762, 23, 205, 288, 193, 996, 504, 373, 286, 451, 199, 845, 641, 940, 207, 585, 968, 672]
dests:[476, 743]
ac_dict:{664: {0, 1}, 476: {0}, 743: {1}}
clusters:[31  9 39 26 10  9 36 19 18 25 33 13 25 35 37 27 34 33 31 27 39 11 24  2
 32 36 27 30  0  1  5  7 24 26 24 25  3 34  6 18 29  6 37 36 10 27  8 24
 22 26 25  7 26  7 29 25  8 11 10 32 30 13 10  9 15  0 17 27  0 29 30 21
 25 13 39 14  1  0 20 38 28 23  5 12 14 36  8 10  2 21 26  8 27 10 25 26
 30 38  4 16]

round: 1
best_g_value: 443.0
open_list_size: 0
num_low_level_expanded: 298
search_success: 1
search_time: 43.97660853200068
n_tsp_call: 1
n_tsp_time: 43.80868019199988
n_roots: 1
num_conflicts: 0
target_assignment: {23: 0, 87: 0, 85: 0, 373: 0, 344: 0, 378: 0, 227: 1, 193: 1, 129: 1, 97: 1, 5: 1, 103: 1, 168: 1, 200: 1, 205: 1, 238: 1, 366: 1, 428: 1, 457: 1, 585: 1, 589: 1, 654: 1, 658: 1, 755: 1, 723: 1, 792: 1, 795: 1, 859: 1, 891: 1, 951: 1, 981: 1, 974: 1, 909: 1, 940: 1, 968: 1, 777: 1, 712: 1, 711: 1, 672: 1, 771: 1}
cluster_target_selection: {12: 23, 36: 87, 18: 85, 21: 373, 17: 344, 24: 378, 2: 227, 8: 193, 22: 129, 20: 97, 15: 5, 11: 103, 0: 168, 35: 200, 14: 205, 29: 238, 30: 366, 39: 428, 19: 457, 38: 585, 7: 589, 5: 654, 6: 658, 3: 755, 27: 723, 32: 792, 31: 795, 25: 859, 34: 891, 9: 951, 23: 981, 37: 974, 28: 909, 26: 940, 4: 968, 10: 777, 1: 712, 13: 711, 16: 672, 33: 771}
num_nodes_transformed_graph: 204
agent_paths:({0: [(19, 1), (19, 0), (20, 0), (21, 0), (22, 0), (23, 0), (23, 1), (23, 2), (22, 2), (21, 2), (21, 3), (21, 4), (21, 5), (21, 6), (21, 7), (21, 8), (21, 9), (21, 10), (21, 11), (21, 10), (22, 10), (23, 10), (24, 10), (25, 10), (26, 10), (26, 11), (27, 11), (28, 11), (28, 12), (28, 13), (28, 14), (28, 14)], 1: [(3, 8), (3, 7), (2, 7), (1, 7), (1, 6), (1, 5), (1, 4), (1, 3), (1, 2), (1, 1), (1, 0), (2, 0), (3, 0), (4, 0), (5, 0), (6, 0), (6, 1), (6, 2), (6, 3), (7, 3), (8, 3), (8, 4), (8, 5), (8, 6), (9, 6), (10, 6), (11, 6), (12, 6), (13, 6), (14, 6), (14, 7), (13, 7), (13, 8), (13, 9), (14, 9), (14, 10), (14, 11), (14, 12), (14, 13), (13, 13), (12, 13), (12, 14), (11, 14), (10, 14), (9, 14), (9, 15), (9, 16), (9, 17), (9, 18), (10, 18), (11, 18), (12, 18), (13, 18), (14, 18), (14, 19), (14, 20), (15, 20), (16, 20), (17, 20), (18, 20), (19, 20), (19, 21), (19, 22), (19, 23), (19, 22), (20, 22), (21, 22), (21, 23), (22, 23), (22, 24), (23, 24), (24, 24), (25, 24), (26, 24), (27, 24), (27, 25), (27, 26), (27, 27), (26, 27), (25, 27), (24, 27), (23, 27), (23, 28), (23, 29), (23, 30), (22, 30), (21, 30), (20, 30), (19, 30), (18, 30), (17, 30), (16, 30), (16, 29), (15, 29), (14, 29), (14, 30), (13, 30), (13, 29), (13, 28), (12, 28), (12, 29), (11, 29), (10, 29), (10, 30), (9, 30), (8, 30), (8, 29), (8, 28), (8, 27), (8, 26), (8, 25), (8, 24), (9, 24), (8, 24), (8, 23), (8, 22), (7, 22), (6, 22), (5, 22), (4, 22), (3, 22), (2, 22), (1, 22), (1, 21), (0, 21), (1, 21), (2, 21), (3, 21), (3, 22), (3, 23), (3, 24), (3, 23), (4, 23), (5, 23), (6, 23), (7, 23), (7, 23)]}, 135)