

CBSS-C STATS
starts:[100, 866]
targets:[809, 462, 792, 283, 763, 991, 1019, 242, 958, 797, 233, 962, 51, 844, 505, 996, 442, 1010, 993, 131, 216, 361, 735, 49, 864, 1003, 151, 850, 285, 393, 822, 982, 406, 828, 1006, 460, 804, 693, 900, 549, 74, 116, 404, 885, 150, 157, 491, 933, 401, 558, 459, 662, 959, 190, 1004, 363, 381, 346, 431, 207, 800, 839, 162, 103, 492, 350, 200, 629, 538, 297, 320, 183, 11, 290, 227, 987, 243, 739, 126, 376, 523, 737, 753, 921, 743, 668, 73, 230, 569, 734, 586, 25, 890, 908, 58, 990, 193, 377, 807, 769]
dests:[375, 818]
ac_dict:{809: {0, 1}, 375: {0}, 818: {1}}
clusters:[36  3 11  7 23 18 36  1 24 30 38  6 13 37  5 21  5 24 17 14 18  0 37 32
 31 21 11  8 24 32 22 32  9 18 28  6 16 36 15 12  7  1 29 27 20 21 21  4
 14 32 24 35  1 31  5 35 17  2  9 34 21 14 39 12 36 25 18  5 37  6  4 31
 33 10 36 33 35 16 19 39 31 32  0 28  3  8 20 12 20 18 22 38 32 39 26  4
 11 17  8  7]

round: 1
best_g_value: 437.0
open_list_size: 0
num_low_level_expanded: 293
search_success: 1
search_time: 7.949396168995008
n_tsp_call: 1
n_tsp_time: 7.849702662002528
n_roots: 1
num_conflicts: 0
target_assignment: {131: 0, 290: 0, 230: 0, 200: 0, 233: 0, 297: 0, 361: 0, 363: 0, 207: 0, 49: 0, 51: 0, 116: 0, 150: 0, 151: 0, 58: 0, 126: 0, 157: 0, 190: 0, 350: 0, 285: 0, 283: 0, 346: 0, 442: 0, 377: 0, 376: 0, 404: 0, 406: 0, 900: 1, 804: 1, 743: 1, 807: 1, 809: 1, 844: 1, 885: 1, 921: 1, 987: 1, 990: 1, 797: 1, 763: 1, 822: 1}
cluster_target_selection: {14: 131, 10: 290, 12: 230, 18: 200, 38: 233, 6: 297, 0: 361, 35: 363, 34: 207, 32: 49, 13: 51, 1: 116, 20: 150, 11: 151, 26: 58, 19: 126, 21: 157, 31: 190, 25: 350, 24: 285, 7: 283, 2: 346, 5: 442, 17: 377, 39: 376, 29: 404, 9: 406, 15: 900, 16: 804, 3: 743, 8: 807, 36: 809, 37: 844, 27: 885, 28: 921, 33: 987, 4: 990, 30: 797, 23: 763, 22: 822}
num_nodes_transformed_graph: 104
agent_paths:({0: [(4, 3), (3, 3), (3, 4), (3, 5), (3, 6), (3, 7), (3, 8), (3, 9), (2, 9), (3, 9), (3, 8), (3, 7), (4, 7), (5, 7), (6, 7), (7, 7), (7, 6), (8, 6), (9, 6), (9, 7), (9, 8), (9, 9), (9, 10), (9, 11), (10, 11), (11, 11), (11, 10), (11, 9), (11, 8), (11, 7), (11, 6), (12, 6), (13, 6), (14, 6), (15, 6), (15, 5), (16, 5), (16, 4), (16, 3), (16, 2), (16, 1), (17, 1), (18, 1), (19, 1), (20, 1), (20, 2), (20, 3), (21, 3), (22, 3), (22, 4), (23, 4), (23, 3), (24, 3), (25, 3), (26, 3), (27, 3), (27, 2), (27, 1), (26, 1), (27, 1), (28, 1), (29, 1), (30, 1), (30, 2), (30, 3), (30, 4), (29, 4), (30, 4), (30, 5), (30, 6), (30, 7), (30, 8), (30, 9), (30, 10), (29, 10), (29, 9), (29, 8), (28, 8), (27, 8), (27, 9), (27, 10), (26, 10), (26, 11), (26, 12), (26, 13), (25, 13), (25, 12), (25, 11), (24, 11), (23, 11), (22, 11), (21, 11), (21, 12), (20, 12), (21, 12), (22, 12), (22, 11), (23, 11), (23, 11)], 1: [(2, 27), (3, 27), (4, 27), (4, 28), (4, 27), (4, 26), (4, 25), (4, 24), (4, 23), (5, 23), (6, 23), (7, 23), (7, 24), (7, 25), (8, 25), (9, 25), (10, 25), (11, 25), (12, 25), (12, 26), (13, 26), (13, 27), (14, 27), (15, 27), (16, 27), (17, 27), (18, 27), (19, 27), (20, 27), (21, 27), (22, 27), (23, 27), (24, 27), (25, 27), (25, 28), (26, 28), (27, 28), (27, 29), (27, 30), (28, 30), (29, 30), (30, 30), (29, 30), (29, 29), (29, 28), (29, 27), (29, 26), (29, 25), (29, 24), (28, 24), (27, 24), (27, 23), (26, 23), (26, 24), (25, 24), (24, 24), (23, 24), (22, 24), (22, 25), (21, 25), (20, 25), (19, 25), (18, 25), (18, 25)]}, 97)