

CBSS-C STATS
starts:[101, 250, 120, 824, 256, 552, 194, 548, 225, 614]
targets:[505, 627, 746, 185, 357, 568, 712, 546, 832, 687]
dests:[988, 647, 649, 163, 188, 803, 134, 145, 167, 775]
ac_dict:{505: {0, 1}, 627: {1, 2}, 746: {2, 3}, 185: {3, 4}, 357: {4, 5}, 568: {5, 6}, 712: {6, 7}, 546: {8, 7}, 832: {8, 9}, 988: {0}, 647: {1}, 649: {2}, 163: {3}, 188: {4}, 803: {5}, 134: {6}, 145: {7}, 167: {8}, 775: {9}}
clusters:[1 0 4 3 1 0 1 2 2 3]

round: 2
best_g_value: 249.0
open_list_size: 1
num_low_level_expanded: 2109
search_success: 1
search_time: 0.29051905777305365
n_tsp_call: 1
n_tsp_time: 0.23526150407269597
n_roots: 1
num_conflicts: 1
target_assignment: {546: 7, 185: 4, 505: 1, 627: 1, 746: 3}
cluster_target_selection: {2: 546, 3: 185, 1: 505, 0: 627, 4: 746}
num_nodes_transformed_graph: 48
agent_paths:({0: [(5, 3), (6, 3), (7, 3), (8, 3), (9, 3), (10, 3), (11, 3), (12, 3), (13, 3), (13, 4), (13, 5), (13, 6), (14, 6), (15, 6), (16, 6), (17, 6), (18, 6), (19, 6), (20, 6), (21, 6), (22, 6), (23, 6), (24, 6), (25, 6), (25, 7), (25, 8), (25, 9), (25, 10), (26, 10), (26, 11), (26, 12), (26, 13), (27, 13), (27, 14), (27, 15), (27, 16), (27, 17), (27, 18), (27, 19), (27, 20), (27, 21), (27, 22), (27, 23), (27, 24), (27, 25), (27, 26), (27, 27), (28, 27), (28, 28), (28, 29), (28, 30), (28, 30)], 1: [(26, 7), (25, 7), (25, 8), (25, 9), (25, 10), (25, 11), (25, 12), (25, 13), (25, 14), (25, 15), (24, 15), (23, 15), (22, 15), (21, 15), (21, 16), (20, 16), (19, 16), (19, 17), (19, 18), (19, 19), (18, 19), (17, 19), (16, 19), (15, 19), (14, 19), (13, 19), (12, 19), (11, 19), (10, 19), (9, 19), (8, 19), (7, 19), (7, 20), (7, 20)], 2: [(24, 3), (23, 3), (22, 3), (21, 3), (20, 3), (19, 3), (18, 3), (17, 3), (16, 3), (16, 4), (16, 5), (15, 5), (14, 5), (13, 5), (12, 5), (11, 5), (10, 5), (10, 6), (10, 7), (10, 8), (10, 9), (10, 10), (10, 11), (10, 12), (10, 13), (10, 14), (9, 14), (9, 15), (9, 16), (9, 17), (9, 18), (9, 19), (9, 20), (9, 20)], 3: [(24, 25), (23, 25), (22, 25), (21, 25), (20, 25), (19, 25), (18, 25), (17, 25), (16, 25), (15, 25), (14, 25), (13, 25), (12, 25), (11, 25), (10, 25), (10, 24), (10, 23), (9, 23), (8, 23), (7, 23), (6, 23), (5, 23), (5, 22), (5, 21), (5, 20), (5, 19), (4, 19), (4, 18), (3, 18), (3, 17), (3, 16), (3, 15), (3, 14), (3, 13), (3, 12), (3, 11), (3, 10), (3, 9), (3, 8), (3, 7), (3, 6), (3, 5), (3, 5)], 4: [(0, 8), (0, 7), (1, 7), (2, 7), (3, 7), (4, 7), (5, 7), (6, 7), (7, 7), (7, 6), (8, 6), (9, 6), (10, 6), (11, 6), (12, 6), (13, 6), (14, 6), (15, 6), (16, 6), (17, 6), (18, 6), (19, 6), (20, 6), (21, 6), (22, 6), (23, 6), (23, 5), (24, 5), (25, 5), (26, 5), (27, 5), (28, 5), (28, 5)], 5: [(8, 17), (7, 17), (6, 17), (5, 17), (5, 18), (5, 19), (5, 20), (5, 21), (5, 22), (4, 22), (3, 22), (3, 23), (3, 24), (3, 25), (3, 25)], 6: [(2, 6), (2, 5), (2, 4), (3, 4), (4, 4), (5, 4), (6, 4), (6, 4)], 7: [(4, 17), (3, 17), (2, 17), (2, 16), (2, 15), (2, 14), (2, 13), (2, 12), (2, 11), (2, 10), (2, 9), (3, 9), (3, 8), (3, 7), (4, 7), (5, 7), (6, 7), (7, 7), (7, 6), (8, 6), (9, 6), (10, 6), (10, 5), (11, 5), (12, 5), (13, 5), (14, 5), (15, 5), (16, 5), (16, 4), (17, 4), (17, 4)], 8: [(1, 7), (1, 6), (1, 5), (2, 5), (3, 5), (4, 5), (5, 5), (6, 5), (7, 5), (7, 5)], 9: [(6, 19), (7, 19), (7, 20), (7, 21), (7, 22), (7, 23), (7, 24), (7, 24)]}, 50)