

CBSS-C STATS
starts:[514, 550, 982, 731, 164, 474, 922, 606, 433, 534]
targets:[38, 96, 61, 133, 814, 945, 742, 877, 141, 261]
dests:[931, 944, 609, 507, 933, 869, 355, 929, 509, 134]
ac_dict:{38: {0, 1}, 96: {1, 2}, 61: {2, 3}, 133: {3, 4}, 814: {4, 5}, 945: {5, 6}, 742: {6, 7}, 877: {8, 7}, 141: {8, 9}, 931: {0}, 944: {1}, 609: {2}, 507: {3}, 933: {4}, 869: {5}, 355: {6}, 929: {7}, 509: {8}, 134: {9}}
clusters:[3 3 3 3 0 4 1 1 3 2]

round: 257
best_g_value: 266.0
open_list_size: 254
num_low_level_expanded: 92017
search_success: 1
search_time: 6.542403954081237
n_tsp_call: 13
n_tsp_time: 1.4803651268593967
n_roots: 1
num_conflicts: 256
target_assignment: {814: 5, 141: 9, 877: 7, 261: 4, 945: 6}
cluster_target_selection: {0: 814, 3: 141, 1: 877, 2: 261, 4: 945}
num_nodes_transformed_graph: 34
agent_paths:({0: [(2, 16), (2, 17), (2, 18), (2, 19), (2, 20), (2, 21), (2, 22), (2, 23), (2, 24), (2, 25), (2, 26), (2, 27), (2, 28), (2, 29), (3, 29), (3, 29)], 1: [(6, 17), (7, 17), (8, 17), (9, 17), (10, 17), (11, 17), (12, 17), (13, 17), (14, 17), (15, 17), (16, 17), (16, 18), (16, 19), (16, 20), (16, 21), (16, 22), (16, 23), (16, 24), (16, 25), (16, 26), (16, 27), (16, 28), (16, 29), (16, 29)], 2: [(22, 30), (21, 30), (20, 30), (19, 30), (18, 30), (17, 30), (16, 30), (16, 29), (15, 29), (14, 29), (13, 29), (12, 29), (11, 29), (10, 29), (10, 28), (9, 28), (8, 28), (7, 28), (6, 28), (5, 28), (4, 28), (4, 27), (3, 27), (2, 27), (2, 26), (2, 25), (1, 25), (1, 24), (1, 23), (1, 22), (1, 21), (1, 20), (1, 19), (1, 19)], 3: [(27, 22), (27, 21), (27, 20), (27, 19), (27, 18), (27, 17), (27, 16), (27, 15), (27, 15)], 4: [(4, 5), (5, 5), (5, 6), (5, 7), (5, 8), (5, 9), (5, 10), (5, 11), (4, 11), (4, 12), (4, 13), (5, 13), (5, 14), (5, 15), (5, 16), (5, 17), (5, 18), (5, 19), (5, 20), (5, 21), (5, 22), (5, 23), (4, 23), (4, 24), (4, 25), (5, 25), (5, 26), (5, 27), (5, 28), (5, 29), (5, 29)], 5: [(26, 14), (25, 14), (24, 14), (23, 14), (22, 14), (21, 14), (20, 14), (19, 14), (18, 14), (17, 14), (16, 14), (16, 15), (16, 16), (16, 17), (16, 18), (16, 19), (15, 19), (15, 20), (15, 21), (15, 22), (15, 23), (14, 23), (14, 24), (14, 25), (13, 25), (12, 25), (11, 25), (10, 25), (9, 25), (8, 25), (7, 25), (6, 25), (5, 25), (5, 26), (5, 27), (5, 27)], 6: [(26, 28), (25, 28), (24, 28), (23, 28), (23, 29), (23, 30), (22, 30), (21, 30), (20, 30), (19, 30), (18, 30), (17, 30), (17, 29), (16, 29), (15, 29), (14, 29), (13, 29), (12, 29), (11, 29), (10, 29), (10, 28), (9, 28), (8, 28), (8, 27), (8, 26), (7, 26), (7, 25), (7, 24), (7, 23), (6, 23), (5, 23), (5, 22), (5, 21), (5, 20), (5, 19), (4, 19), (4, 18), (3, 18), (3, 17), (3, 16), (3, 15), (3, 14), (3, 13), (3, 12), (3, 11), (3, 11)], 7: [(30, 18), (29, 18), (28, 18), (27, 18), (26, 18), (25, 18), (24, 18), (23, 18), (22, 18), (21, 18), (20, 18), (19, 18), (18, 18), (18, 19), (17, 19), (17, 20), (16, 20), (16, 21), (16, 22), (16, 23), (16, 24), (15, 24), (15, 25), (15, 26), (15, 27), (14, 27), (13, 27), (12, 27), (11, 27), (10, 27), (9, 27), (8, 27), (8, 28), (7, 28), (6, 28), (5, 28), (4, 28), (4, 27), (3, 27), (2, 27), (1, 27), (1, 28), (1, 29), (1, 29)], 8: [(17, 13), (18, 13), (19, 13), (20, 13), (21, 13), (22, 13), (23, 13), (24, 13), (25, 13), (26, 13), (27, 13), (28, 13), (29, 13), (29, 14), (29, 15), (29, 15)], 9: [(22, 16), (21, 16), (20, 16), (19, 16), (19, 15), (18, 15), (17, 15), (16, 15), (16, 14), (15, 14), (14, 14), (14, 13), (14, 12), (14, 11), (14, 10), (13, 10), (13, 9), (13, 8), (13, 7), (13, 6), (13, 5), (13, 4), (12, 4), (11, 4), (10, 4), (9, 4), (8, 4), (7, 4), (6, 4), (6, 4)]}, 44)