

CBSS-C STATS
starts:[221, 825, 324, 42, 724]
targets:[321, 778, 876, 821, 435, 658, 165, 652, 858, 673, 109, 838, 922, 681, 885, 95, 129, 241, 998, 960]
dests:[555, 377, 529, 519, 439]
ac_dict:{321: {0, 1}, 778: {1, 2}, 876: {2, 3}, 821: {3, 4}, 555: {0}, 377: {1}, 529: {2}, 519: {3}, 439: {4}}
clusters:[3 9 3 1 9 9 1 6 2 4 4 2 3 7 5 3 0 9 1 8]

round: 1
best_g_value: 156.0
open_list_size: 0
num_low_level_expanded: 412
search_success: 1
search_time: 2.6985513172112405
n_tsp_call: 1
n_tsp_time: 2.6666957242414355
n_roots: 1
num_conflicts: 0
target_assignment: {241: 0, 129: 3, 165: 3, 673: 2, 960: 2, 681: 2, 652: 2, 885: 1, 922: 1, 858: 1}
cluster_target_selection: {9: 241, 0: 129, 1: 165, 4: 673, 8: 960, 7: 681, 6: 652, 5: 885, 3: 922, 2: 858}
num_nodes_transformed_graph: 98
agent_paths:({0: [(29, 6), (28, 6), (27, 6), (26, 6), (25, 6), (24, 6), (23, 6), (22, 6), (21, 6), (20, 6), (19, 6), (18, 6), (17, 6), (17, 7), (16, 7), (15, 7), (14, 7), (13, 7), (13, 8), (13, 9), (13, 10), (12, 10), (12, 11), (12, 12), (12, 13), (12, 14), (11, 14), (11, 15), (11, 16), (11, 17), (11, 17)], 1: [(25, 25), (24, 25), (23, 25), (22, 25), (22, 26), (22, 27), (21, 27), (22, 27), (23, 27), (24, 27), (25, 27), (26, 27), (26, 28), (26, 27), (26, 26), (26, 25), (26, 24), (26, 23), (26, 22), (26, 21), (25, 21), (25, 20), (25, 19), (25, 18), (25, 17), (25, 16), (25, 15), (25, 14), (25, 13), (25, 12), (25, 11), (25, 11)], 2: [(4, 10), (3, 10), (2, 10), (2, 11), (2, 12), (2, 13), (2, 14), (2, 15), (2, 16), (2, 17), (2, 18), (2, 19), (1, 19), (1, 20), (1, 21), (1, 22), (1, 23), (0, 23), (0, 24), (0, 25), (0, 26), (0, 27), (0, 28), (0, 29), (0, 30), (0, 29), (0, 28), (0, 27), (0, 26), (0, 25), (0, 24), (0, 23), (1, 23), (1, 22), (2, 22), (3, 22), (4, 22), (5, 22), (5, 21), (6, 21), (7, 21), (8, 21), (9, 21), (9, 20), (10, 20), (11, 20), (12, 20), (12, 19), (12, 18), (12, 17), (12, 16), (13, 16), (14, 16), (15, 16), (16, 16), (17, 16), (17, 16)], 3: [(10, 1), (9, 1), (8, 1), (7, 1), (6, 1), (5, 1), (4, 1), (3, 1), (2, 1), (1, 1), (1, 2), (1, 3), (1, 4), (2, 4), (3, 4), (4, 4), (5, 4), (5, 5), (5, 6), (5, 7), (5, 8), (5, 9), (6, 9), (6, 10), (6, 11), (6, 12), (6, 13), (6, 14), (6, 15), (7, 15), (7, 16), (7, 16)], 4: [(20, 22), (20, 21), (20, 20), (20, 19), (20, 18), (20, 17), (20, 16), (21, 16), (21, 15), (21, 14), (21, 13), (22, 13), (23, 13), (23, 13)]}, 55)