

CBSS-C STATS
starts:[30, 482, 1023, 659, 399, 281, 546, 350, 771, 1012]
targets:[166, 442, 505, 194, 961, 801, 997, 168, 261, 209, 388, 471, 683, 777, 739]
dests:[1, 681, 475, 184, 980, 476, 159, 783, 856, 983]
ac_dict:{166: {0, 1}, 442: {1, 2}, 505: {2, 3}, 194: {3, 4}, 961: {4, 5}, 801: {5, 6}, 997: {6, 7}, 168: {8, 7}, 261: {8, 9}, 1: {0}, 681: {1}, 475: {2}, 184: {3}, 980: {4}, 476: {5}, 159: {6}, 783: {7}, 856: {8}, 983: {9}}
clusters:[0 4 3 2 2 1 8 1 7 2 9 5 9 5 6]

round: 2
best_g_value: 295.0
open_list_size: 1
num_low_level_expanded: 1625
search_success: 1
search_time: 4.487287996802479
n_tsp_call: 1
n_tsp_time: 4.414560042787343
n_roots: 1
num_conflicts: 1
target_assignment: {209: 0, 166: 0, 739: 8, 388: 8, 261: 8, 505: 3, 442: 2, 801: 6, 997: 6, 471: 6}
cluster_target_selection: {2: 209, 0: 166, 6: 739, 9: 388, 7: 261, 3: 505, 4: 442, 1: 801, 8: 997, 5: 471}
num_nodes_transformed_graph: 98
agent_paths:({0: [(30, 0), (29, 0), (28, 0), (27, 0), (27, 1), (27, 2), (27, 3), (26, 3), (25, 3), (24, 3), (23, 3), (22, 3), (21, 3), (20, 3), (19, 3), (18, 3), (17, 3), (17, 4), (17, 5), (17, 6), (16, 6), (15, 6), (14, 6), (13, 6), (12, 6), (11, 6), (10, 6), (9, 6), (8, 6), (7, 6), (7, 5), (6, 5), (5, 5), (4, 5), (3, 5), (2, 5), (1, 5), (1, 4), (1, 3), (1, 2), (1, 1), (1, 0), (1, 0)], 1: [(2, 15), (3, 15), (4, 15), (5, 15), (6, 15), (7, 15), (7, 16), (8, 16), (9, 16), (9, 17), (9, 18), (9, 19), (9, 20), (9, 21), (9, 21)], 2: [(31, 31), (30, 31), (29, 31), (28, 31), (27, 31), (27, 30), (27, 29), (27, 28), (27, 27), (27, 26), (27, 25), (27, 24), (27, 23), (27, 22), (27, 21), (27, 20), (27, 19), (27, 18), (26, 18), (26, 17), (26, 16), (26, 15), (26, 14), (26, 13), (27, 13), (27, 14), (27, 14)], 3: [(19, 20), (19, 19), (19, 18), (19, 17), (19, 16), (20, 16), (21, 16), (21, 15), (22, 15), (23, 15), (24, 15), (25, 15), (25, 14), (25, 13), (25, 12), (25, 11), (25, 10), (25, 9), (25, 8), (25, 7), (25, 6), (24, 6), (24, 5), (24, 5)], 4: [(15, 12), (16, 12), (17, 12), (18, 12), (19, 12), (19, 13), (19, 14), (19, 15), (19, 16), (19, 17), (19, 18), (19, 19), (19, 20), (19, 21), (19, 22), (19, 23), (19, 24), (20, 24), (20, 25), (20, 26), (20, 27), (20, 28), (20, 29), (20, 30), (20, 30)], 5: [(25, 8), (25, 9), (25, 10), (25, 11), (26, 11), (27, 11), (28, 11), (28, 12), (28, 13), (28, 14), (28, 14)], 6: [(2, 17), (2, 18), (2, 19), (1, 19), (1, 20), (1, 21), (1, 22), (1, 23), (1, 24), (1, 25), (2, 25), (3, 25), (4, 25), (5, 25), (5, 26), (5, 27), (5, 28), (5, 29), (5, 30), (5, 31), (5, 30), (5, 29), (5, 28), (5, 27), (5, 26), (5, 25), (6, 25), (7, 25), (7, 24), (7, 23), (7, 22), (7, 21), (7, 20), (7, 19), (7, 18), (7, 17), (7, 16), (8, 16), (9, 16), (9, 15), (9, 14), (10, 14), (11, 14), (12, 14), (13, 14), (14, 14), (15, 14), (16, 14), (17, 14), (18, 14), (19, 14), (20, 14), (21, 14), (22, 14), (23, 14), (23, 13), (23, 12), (23, 11), (23, 10), (23, 9), (23, 8), (24, 8), (25, 8), (25, 7), (25, 6), (25, 5), (25, 4), (26, 4), (27, 4), (28, 4), (29, 4), (30, 4), (31, 4), (31, 4)], 7: [(30, 10), (29, 10), (28, 10), (27, 10), (26, 10), (25, 10), (24, 10), (23, 10), (22, 10), (21, 10), (20, 10), (19, 10), (18, 10), (18, 11), (17, 11), (16, 11), (16, 12), (16, 13), (16, 14), (16, 15), (16, 16), (16, 17), (16, 18), (16, 19), (15, 19), (15, 20), (15, 21), (15, 22), (15, 23), (15, 24), (15, 24)], 8: [(3, 24), (3, 23), (3, 22), (3, 21), (3, 20), (2, 20), (2, 19), (2, 18), (2, 17), (2, 16), (2, 15), (2, 14), (2, 13), (2, 12), (3, 12), (4, 12), (4, 11), (4, 10), (4, 9), (4, 8), (5, 8), (5, 9), (6, 9), (7, 9), (7, 10), (8, 10), (9, 10), (10, 10), (11, 10), (12, 10), (13, 10), (14, 10), (15, 10), (16, 10), (16, 11), (17, 11), (18, 11), (19, 11), (19, 12), (20, 12), (21, 12), (22, 12), (23, 12), (24, 12), (24, 13), (24, 14), (24, 15), (24, 16), (24, 17), (24, 18), (24, 19), (24, 20), (24, 21), (24, 22), (24, 23), (24, 24), (24, 25), (24, 26), (24, 26)], 9: [(20, 31), (20, 30), (21, 30), (22, 30), (23, 30), (23, 30)]}, 72)