

CBSS-C STATS
starts:[402, 561, 597, 477, 328]
targets:[944, 375, 5, 556, 297, 929, 580, 494, 119, 0, 417, 346, 325, 25, 626, 523, 291, 799, 1011, 36, 635, 43, 1016, 242, 367, 356, 993, 668, 538, 409, 949, 352, 187, 564, 376, 908, 521, 68, 697, 265, 801, 548, 910, 907, 553, 224, 710, 181, 957, 770]
dests:[617, 441, 831, 290, 381]
ac_dict:{944: {0, 1}, 375: {1, 2}, 5: {2, 3}, 556: {3, 4}, 617: {0}, 441: {1}, 831: {2}, 290: {3}, 381: {4}}
clusters:[ 6 24 16  0  5 19  3  5 25 21 29 23  8 13  0  4 12 20  1 10 15 22  7 17
  2  6 12 18 19 28 14 16  1  7  3 15  2 11  4  9 10 26 27  8 14 17 13  9
 18 11]

round: 1
best_g_value: 183.0
open_list_size: 0
num_low_level_expanded: 412
search_success: 1
search_time: 34.86446912300016
n_tsp_call: 1
n_tsp_time: 34.7508527760001
n_roots: 1
num_conflicts: 0
target_assignment: {494: 0, 523: 0, 521: 0, 553: 0, 265: 4, 224: 4, 0: 4, 68: 4, 36: 4, 43: 4, 119: 4, 187: 4, 346: 4, 564: 1, 375: 1, 376: 1, 409: 1, 538: 3, 626: 3, 910: 3, 907: 3, 710: 3, 548: 3, 417: 3, 352: 3, 356: 3, 291: 3, 635: 2, 668: 2, 799: 2}
cluster_target_selection: {5: 494, 4: 523, 2: 521, 14: 553, 9: 265, 17: 224, 21: 0, 11: 68, 10: 36, 22: 43, 25: 119, 1: 187, 23: 346, 7: 564, 24: 375, 3: 376, 28: 409, 19: 538, 0: 626, 27: 910, 8: 907, 13: 710, 26: 548, 29: 417, 16: 352, 6: 356, 12: 291, 15: 635, 18: 668, 20: 799}
num_nodes_transformed_graph: 248
agent_paths:({0: [(18, 12), (17, 12), (16, 12), (15, 12), (14, 12), (14, 13), (14, 14), (14, 15), (13, 15), (12, 15), (11, 15), (11, 16), (10, 16), (9, 16), (9, 17), (9, 18), (9, 19), (9, 19)], 1: [(17, 17), (18, 17), (19, 17), (20, 17), (20, 16), (21, 16), (21, 15), (21, 14), (21, 13), (21, 12), (21, 11), (22, 11), (23, 11), (24, 11), (25, 11), (25, 12), (25, 13), (25, 13)], 2: [(21, 18), (22, 18), (23, 18), (24, 18), (25, 18), (26, 18), (27, 18), (27, 19), (27, 20), (28, 20), (29, 20), (29, 21), (29, 22), (30, 22), (31, 22), (31, 23), (31, 24), (31, 25), (31, 25)], 3: [(29, 14), (28, 14), (27, 14), (26, 14), (26, 15), (26, 16), (25, 16), (24, 16), (23, 16), (22, 16), (21, 16), (20, 16), (19, 16), (19, 17), (18, 17), (18, 18), (18, 19), (17, 19), (16, 19), (15, 19), (15, 20), (15, 21), (15, 22), (15, 23), (15, 24), (15, 25), (15, 26), (15, 27), (14, 27), (14, 28), (13, 28), (12, 28), (11, 28), (10, 28), (9, 28), (8, 28), (8, 27), (8, 26), (7, 26), (7, 25), (7, 24), (7, 23), (6, 23), (6, 22), (5, 22), (5, 21), (5, 20), (5, 19), (4, 19), (4, 18), (4, 17), (3, 17), (2, 17), (1, 17), (1, 16), (1, 15), (1, 14), (1, 13), (1, 12), (1, 11), (0, 11), (1, 11), (2, 11), (3, 11), (4, 11), (3, 11), (3, 10), (3, 9), (2, 9), (2, 9)], 4: [(8, 10), (9, 10), (9, 9), (9, 8), (8, 8), (7, 8), (7, 7), (6, 7), (5, 7), (4, 7), (3, 7), (2, 7), (1, 7), (0, 7), (1, 7), (1, 6), (1, 5), (1, 4), (1, 3), (0, 3), (0, 2), (0, 1), (0, 0), (1, 0), (2, 0), (3, 0), (4, 0), (4, 1), (4, 2), (4, 1), (5, 1), (6, 1), (7, 1), (8, 1), (9, 1), (10, 1), (11, 1), (12, 1), (13, 1), (14, 1), (15, 1), (16, 1), (17, 1), (18, 1), (19, 1), (20, 1), (20, 2), (21, 2), (22, 2), (23, 2), (23, 3), (24, 3), (25, 3), (26, 3), (27, 3), (27, 4), (27, 5), (27, 6), (27, 7), (27, 8), (27, 9), (27, 10), (26, 10), (27, 10), (28, 10), (29, 10), (29, 11), (29, 11)]}, 68)