

CBSS-C STATS
starts:[616, 527, 798, 775, 245]
targets:[1006, 940, 820, 496, 605, 513, 69, 246, 700, 988, 469, 466, 997, 796, 457, 835, 226, 156, 699, 11]
dests:[478, 734, 32, 462, 586]
ac_dict:{1006: {0, 1}, 940: {1, 2}, 820: {2, 3}, 496: {3, 4}, 478: {0}, 734: {1}, 32: {2}, 462: {3}, 586: {4}}
clusters:[1 8 1 4 5 6 4 5 3 9 4 0 8 9 7 1 2 6 1 2]

round: 2
best_g_value: 152.0
open_list_size: 1
num_low_level_expanded: 565
search_success: 1
search_time: 0.9897697842679918
n_tsp_call: 1
n_tsp_time: 0.9491102043539286
n_roots: 1
num_conflicts: 1
target_assignment: {605: 0, 699: 1, 700: 1, 457: 3, 796: 2, 940: 2, 513: 2, 226: 2, 469: 4, 466: 4}
cluster_target_selection: {5: 605, 1: 699, 3: 700, 7: 457, 9: 796, 8: 940, 6: 513, 2: 226, 4: 469, 0: 466}
num_nodes_transformed_graph: 98
agent_paths:({0: [(8, 19), (9, 19), (10, 19), (11, 19), (12, 19), (13, 19), (14, 19), (15, 19), (16, 19), (17, 19), (18, 19), (18, 18), (19, 18), (20, 18), (21, 18), (22, 18), (23, 18), (24, 18), (25, 18), (26, 18), (27, 18), (28, 18), (29, 18), (29, 17), (29, 16), (29, 15), (29, 14), (30, 14), (30, 14)], 1: [(15, 16), (16, 16), (17, 16), (17, 17), (18, 17), (19, 17), (20, 17), (21, 17), (22, 17), (23, 17), (24, 17), (25, 17), (26, 17), (27, 17), (27, 18), (27, 19), (27, 20), (27, 21), (28, 21), (29, 21), (29, 22), (30, 22), (30, 22)], 2: [(30, 24), (29, 24), (28, 24), (27, 24), (26, 24), (25, 24), (24, 24), (23, 24), (22, 24), (22, 25), (21, 25), (20, 25), (19, 25), (18, 25), (17, 25), (16, 25), (15, 25), (14, 25), (13, 25), (12, 25), (12, 26), (12, 27), (12, 28), (12, 29), (11, 29), (10, 29), (10, 28), (9, 28), (8, 28), (7, 28), (6, 28), (5, 28), (4, 28), (4, 27), (3, 27), (2, 27), (2, 26), (2, 25), (2, 24), (2, 23), (2, 22), (2, 21), (2, 20), (2, 19), (2, 18), (2, 17), (1, 17), (1, 16), (1, 15), (1, 14), (1, 13), (1, 12), (1, 11), (1, 10), (1, 9), (1, 8), (1, 7), (2, 7), (1, 7), (1, 6), (1, 5), (1, 4), (1, 3), (0, 3), (0, 2), (0, 1), (0, 1)], 3: [(7, 24), (7, 23), (7, 22), (7, 21), (7, 20), (7, 19), (7, 18), (7, 17), (7, 16), (8, 16), (9, 16), (9, 15), (9, 14), (10, 14), (11, 14), (12, 14), (13, 14), (14, 14), (14, 14)], 4: [(21, 7), (21, 8), (21, 9), (21, 10), (21, 11), (21, 12), (21, 13), (21, 14), (20, 14), (19, 14), (18, 14), (17, 14), (16, 14), (15, 14), (14, 14), (14, 15), (13, 15), (12, 15), (11, 15), (10, 15), (10, 16), (10, 17), (10, 18), (10, 18)]}, 65)