

CBSS-C STATS
starts:[289, 66, 1, 958, 581]
targets:[849, 835, 43, 551, 31, 780, 94, 818, 364, 236, 743, 121, 279, 45, 822, 681, 480, 132, 406, 20]
dests:[346, 872, 288, 801, 168]
ac_dict:{849: {0, 1}, 835: {1, 2}, 43: {2, 3}, 551: {3, 4}, 346: {0}, 872: {1}, 288: {2}, 801: {3}, 168: {4}}
clusters:[5 0 3 9 8 4 6 8 2 2 5 1 0 7 7 7 3 2 0 5]

round: 1
best_g_value: 148.0
open_list_size: 0
num_low_level_expanded: 355
search_success: 1
search_time: 0.32887834031134844
n_tsp_call: 1
n_tsp_time: 0.30707450909540057
n_roots: 1
num_conflicts: 0
target_assignment: {236: 0, 121: 0, 94: 0, 551: 4, 480: 1, 835: 1, 822: 3, 818: 3, 780: 3, 743: 3}
cluster_target_selection: {2: 236, 1: 121, 6: 94, 9: 551, 3: 480, 0: 835, 7: 822, 8: 818, 4: 780, 5: 743}
num_nodes_transformed_graph: 54
agent_paths:({0: [(1, 9), (2, 9), (3, 9), (4, 9), (5, 9), (6, 9), (7, 9), (7, 8), (8, 8), (9, 8), (9, 7), (10, 7), (11, 7), (12, 7), (12, 6), (12, 5), (13, 5), (14, 5), (15, 5), (16, 5), (16, 4), (16, 3), (17, 3), (18, 3), (19, 3), (20, 3), (21, 3), (22, 3), (23, 3), (24, 3), (25, 3), (26, 3), (27, 3), (27, 2), (28, 2), (29, 2), (30, 2), (29, 2), (28, 2), (27, 2), (27, 3), (27, 4), (27, 5), (27, 6), (27, 7), (27, 8), (27, 9), (27, 10), (26, 10), (26, 10)], 1: [(2, 2), (1, 2), (1, 3), (1, 4), (1, 5), (1, 6), (1, 7), (1, 8), (1, 9), (1, 10), (1, 11), (1, 12), (1, 13), (1, 14), (0, 14), (0, 15), (1, 15), (2, 15), (2, 16), (2, 17), (2, 18), (2, 19), (2, 20), (3, 20), (3, 21), (3, 22), (3, 23), (3, 24), (3, 25), (3, 26), (4, 26), (5, 26), (6, 26), (7, 26), (8, 26), (8, 27), (8, 27)], 2: [(1, 0), (1, 1), (1, 2), (1, 3), (1, 4), (1, 5), (1, 6), (1, 7), (0, 7), (0, 8), (0, 9), (0, 9)], 3: [(30, 29), (29, 29), (28, 29), (27, 29), (26, 29), (25, 29), (24, 29), (23, 29), (23, 28), (23, 27), (22, 27), (22, 26), (22, 25), (21, 25), (20, 25), (19, 25), (18, 25), (17, 25), (16, 25), (15, 25), (14, 25), (13, 25), (12, 25), (12, 24), (11, 24), (10, 24), (9, 24), (8, 24), (7, 24), (7, 23), (6, 23), (5, 23), (4, 23), (3, 23), (2, 23), (1, 23), (1, 24), (1, 25), (1, 25)], 4: [(5, 18), (5, 17), (6, 17), (7, 17), (7, 16), (7, 15), (6, 15), (6, 14), (6, 13), (6, 12), (6, 11), (6, 10), (6, 9), (7, 9), (7, 8), (7, 7), (7, 6), (7, 5), (8, 5), (8, 5)]}, 48)