

CBSS-C STATS
starts:[185, 235, 375, 50, 836]
targets:[915, 898, 183, 378, 914, 891, 534, 959, 755, 516, 133, 454, 1009, 46, 661, 880, 23, 905, 404, 868, 569, 856, 874, 525, 1014, 269, 120, 830, 562, 1016, 459, 765, 715, 96, 535, 146, 553, 377, 14, 794, 894, 30, 273, 951, 529, 227, 939, 709, 686, 731]
dests:[103, 669, 223, 1012, 556]
ac_dict:{915: {0, 1}, 898: {1, 2}, 183: {2, 3}, 378: {3, 4}, 103: {0}, 669: {1}, 223: {2}, 1012: {3}, 556: {4}}
clusters:[ 1 20 24 17  9 10  4 33  4  1  8  7  9 11  2  6 27 19 38 22 31  5 25  2
 16 29  6 18 39 15 36 34  0  0  5  7 28  3  8 23 26 30 21 12 35 32  3 13
 37 14]

round: 1
best_g_value: 245.0
open_list_size: 0
num_low_level_expanded: 490
search_success: 1
search_time: 24.582639778998782
n_tsp_call: 1
n_tsp_time: 24.459642191999592
n_roots: 1
num_conflicts: 0
target_assignment: {23: 0, 14: 0, 46: 0, 709: 4, 553: 4, 459: 4, 525: 4, 183: 2, 120: 2, 30: 2, 146: 3, 273: 3, 404: 3, 377: 3, 378: 3, 731: 3, 794: 3, 765: 3, 830: 3, 894: 3, 959: 3, 891: 3, 1016: 3, 951: 3, 1014: 3, 1009: 3, 269: 1, 227: 1, 516: 1, 898: 1, 868: 1, 905: 1, 874: 1, 715: 1, 686: 1, 529: 1, 562: 1, 534: 1, 535: 1, 569: 1}
cluster_target_selection: {27: 23, 8: 14, 11: 46, 13: 709, 28: 553, 36: 459, 2: 525, 24: 183, 6: 120, 30: 30, 7: 146, 21: 273, 38: 404, 3: 377, 17: 378, 14: 731, 23: 794, 34: 765, 18: 830, 26: 894, 33: 959, 10: 891, 15: 1016, 12: 951, 16: 1014, 9: 1009, 29: 269, 32: 227, 1: 516, 20: 898, 22: 868, 19: 905, 25: 874, 0: 715, 37: 686, 35: 529, 39: 562, 4: 534, 5: 535, 31: 569}
num_nodes_transformed_graph: 248
agent_paths:({0: [(25, 5), (24, 5), (23, 5), (23, 4), (23, 3), (23, 2), (23, 1), (23, 0), (22, 0), (21, 0), (20, 0), (19, 0), (19, 1), (18, 1), (17, 1), (16, 1), (15, 1), (14, 1), (14, 0), (14, 1), (13, 1), (12, 1), (11, 1), (10, 1), (9, 1), (9, 2), (9, 3), (8, 3), (7, 3), (7, 3)], 1: [(11, 7), (12, 7), (13, 7), (13, 8), (13, 7), (12, 7), (11, 7), (10, 7), (9, 7), (9, 6), (8, 6), (7, 6), (7, 7), (6, 7), (5, 7), (4, 7), (3, 7), (3, 8), (3, 9), (3, 10), (3, 11), (3, 12), (3, 13), (3, 14), (3, 15), (4, 15), (4, 16), (3, 16), (2, 16), (2, 17), (2, 18), (2, 19), (2, 20), (2, 21), (2, 22), (2, 23), (2, 24), (2, 25), (2, 26), (2, 27), (2, 28), (2, 27), (3, 27), (4, 27), (5, 27), (6, 27), (6, 28), (7, 28), (8, 28), (9, 28), (9, 27), (10, 27), (10, 26), (10, 25), (10, 24), (10, 23), (10, 22), (11, 22), (11, 21), (12, 21), (13, 21), (14, 21), (14, 20), (14, 19), (14, 18), (14, 17), (14, 16), (15, 16), (16, 16), (17, 16), (17, 17), (18, 17), (19, 17), (19, 16), (20, 16), (21, 16), (22, 16), (23, 16), (24, 16), (25, 16), (25, 17), (26, 17), (27, 17), (27, 18), (28, 18), (29, 18), (29, 19), (29, 20), (29, 20)], 2: [(23, 11), (23, 10), (23, 9), (23, 8), (22, 8), (22, 7), (22, 6), (23, 6), (23, 5), (23, 4), (23, 3), (24, 3), (25, 3), (26, 3), (27, 3), (27, 2), (27, 1), (27, 0), (28, 0), (29, 0), (30, 0), (30, 1), (30, 2), (31, 2), (31, 3), (31, 4), (31, 5), (31, 6), (31, 6)], 3: [(18, 1), (17, 1), (17, 2), (17, 3), (18, 3), (18, 4), (17, 4), (17, 5), (17, 6), (17, 7), (17, 8), (18, 8), (18, 9), (19, 9), (19, 10), (19, 11), (19, 12), (20, 12), (21, 12), (21, 11), (22, 11), (23, 11), (24, 11), (25, 11), (26, 11), (26, 12), (26, 13), (27, 13), (27, 14), (27, 15), (27, 16), (27, 17), (27, 18), (27, 19), (27, 20), (27, 21), (27, 22), (26, 22), (26, 23), (26, 24), (27, 24), (28, 24), (29, 24), (29, 23), (30, 23), (30, 24), (30, 25), (30, 26), (30, 27), (31, 27), (31, 28), (31, 29), (30, 29), (29, 29), (28, 29), (27, 29), (27, 28), (27, 27), (26, 27), (25, 27), (24, 27), (24, 28), (24, 29), (24, 30), (24, 31), (24, 30), (23, 30), (23, 29), (23, 30), (22, 30), (22, 31), (21, 31), (20, 31), (19, 31), (18, 31), (17, 31), (18, 31), (19, 31), (20, 31), (20, 31)], 4: [(4, 26), (4, 25), (4, 24), (4, 23), (4, 22), (5, 22), (5, 21), (5, 20), (5, 19), (5, 18), (5, 17), (6, 17), (7, 17), (8, 17), (9, 17), (9, 16), (9, 15), (9, 14), (10, 14), (11, 14), (12, 14), (13, 14), (13, 15), (13, 16), (12, 16), (12, 17), (12, 17)]}, 87)