

CBSS-C STATS
starts:[733, 758, 377, 297, 193]
targets:[775, 826, 507, 696, 994, 684, 354, 597, 37, 23]
dests:[69, 880, 556, 748, 14]
ac_dict:{775: {0, 1}, 826: {1, 2}, 507: {2, 3}, 696: {3, 4}, 69: {0}, 880: {1}, 556: {2}, 748: {3}, 14: {4}}
clusters:[0 1 0 0 1 1 1 1 0 0]

round: 2
best_g_value: 109.0
open_list_size: 1
num_low_level_expanded: 870
search_success: 1
search_time: 0.07822209596633911
n_tsp_call: 1
n_tsp_time: 0.05352459102869034
n_roots: 1
num_conflicts: 1
target_assignment: {597: 0, 37: 4}
cluster_target_selection: {1: 597, 0: 37}
num_nodes_transformed_graph: 28
agent_paths:({0: [(29, 22), (28, 22), (27, 22), (26, 22), (26, 21), (25, 21), (24, 21), (23, 21), (22, 21), (21, 21), (21, 20), (21, 19), (21, 18), (20, 18), (19, 18), (18, 18), (18, 17), (17, 17), (16, 17), (15, 17), (14, 17), (13, 17), (13, 16), (12, 16), (11, 16), (10, 16), (9, 16), (8, 16), (7, 16), (6, 16), (6, 15), (6, 14), (6, 13), (6, 12), (6, 11), (5, 11), (5, 10), (5, 9), (5, 8), (5, 7), (5, 6), (5, 5), (5, 4), (5, 3), (5, 2), (5, 2)], 1: [(22, 23), (22, 24), (22, 25), (21, 25), (20, 25), (19, 25), (18, 25), (17, 25), (16, 25), (16, 26), (16, 27), (16, 27)], 2: [(25, 11), (24, 11), (23, 11), (22, 11), (21, 11), (21, 12), (20, 12), (19, 12), (18, 12), (17, 12), (16, 12), (15, 12), (14, 12), (14, 13), (13, 13), (12, 13), (12, 14), (12, 15), (12, 16), (12, 17), (12, 17)], 3: [(9, 9), (10, 9), (11, 9), (11, 10), (12, 10), (12, 11), (12, 12), (12, 13), (12, 14), (12, 15), (12, 16), (12, 17), (12, 18), (12, 19), (12, 20), (12, 21), (12, 22), (12, 23), (12, 23)], 4: [(1, 6), (1, 5), (1, 4), (1, 3), (1, 2), (1, 1), (2, 1), (3, 1), (4, 1), (5, 1), (6, 1), (7, 1), (8, 1), (8, 0), (9, 0), (10, 0), (11, 0), (12, 0), (13, 0), (14, 0), (14, 0)]}, 44)