

CBSS-C STATS
starts:[140, 699, 479, 309, 241, 896, 68, 98, 253, 49]
targets:[179, 966, 679, 490, 544, 99, 219, 413, 443, 48]
dests:[505, 235, 823, 29, 297, 861, 193, 948, 675, 804]
ac_dict:{179: {0, 1}, 966: {1, 2}, 679: {2, 3}, 490: {3, 4}, 544: {4, 5}, 99: {5, 6}, 219: {6, 7}, 413: {8, 7}, 443: {8, 9}, 505: {0}, 235: {1}, 823: {2}, 29: {3}, 297: {4}, 861: {5}, 193: {6}, 948: {7}, 675: {8}, 804: {9}}
clusters:[2 1 1 0 4 1 4 3 0 0]

round: 5
best_g_value: 277.0
open_list_size: 4
num_low_level_expanded: 2969
search_success: 1
search_time: 0.18810069281607866
n_tsp_call: 1
n_tsp_time: 0.09311771206557751
n_roots: 1
num_conflicts: 4
target_assignment: {179: 0, 99: 6, 219: 7, 413: 8, 48: 9}
cluster_target_selection: {2: 179, 1: 99, 4: 219, 3: 413, 0: 48}
num_nodes_transformed_graph: 33
agent_paths:({0: [(12, 4), (13, 4), (14, 4), (14, 5), (15, 5), (16, 5), (17, 5), (18, 5), (19, 5), (19, 6), (20, 6), (21, 6), (22, 6), (23, 6), (24, 6), (25, 6), (25, 7), (25, 8), (25, 9), (25, 10), (25, 11), (25, 12), (25, 13), (25, 14), (25, 15), (25, 15)], 1: [(27, 21), (26, 21), (25, 21), (24, 21), (23, 21), (22, 21), (21, 21), (20, 21), (19, 21), (18, 21), (17, 21), (16, 21), (15, 21), (14, 21), (13, 21), (12, 21), (12, 20), (12, 19), (12, 18), (12, 17), (12, 16), (12, 15), (12, 14), (12, 13), (12, 12), (12, 11), (11, 11), (11, 10), (11, 9), (11, 8), (11, 7), (11, 7)], 2: [(31, 14), (30, 14), (29, 14), (28, 14), (27, 14), (26, 14), (25, 14), (24, 14), (24, 15), (24, 16), (24, 17), (24, 18), (24, 19), (24, 20), (24, 21), (24, 22), (24, 23), (24, 24), (23, 24), (23, 25), (23, 25)], 3: [(21, 9), (21, 8), (21, 7), (21, 6), (21, 5), (21, 4), (21, 3), (22, 3), (23, 3), (24, 3), (25, 3), (26, 3), (27, 3), (27, 2), (27, 1), (27, 0), (28, 0), (29, 0), (29, 0)], 4: [(17, 7), (16, 7), (15, 7), (14, 7), (13, 7), (12, 7), (11, 7), (10, 7), (9, 7), (9, 8), (9, 9), (9, 9)], 5: [(0, 28), (0, 27), (1, 27), (2, 27), (2, 26), (3, 26), (4, 26), (5, 26), (6, 26), (7, 26), (8, 26), (9, 26), (10, 26), (11, 26), (12, 26), (13, 26), (13, 27), (14, 27), (15, 27), (16, 27), (17, 27), (18, 27), (19, 27), (20, 27), (21, 27), (22, 27), (23, 27), (24, 27), (25, 27), (26, 27), (27, 27), (28, 27), (29, 27), (29, 26), (29, 26)], 6: [(4, 2), (3, 2), (3, 3), (2, 3), (1, 3), (1, 4), (1, 5), (1, 6), (1, 6)], 7: [(2, 3), (3, 3), (4, 3), (5, 3), (6, 3), (7, 3), (8, 3), (9, 3), (10, 3), (11, 3), (12, 3), (13, 3), (14, 3), (14, 4), (14, 5), (15, 5), (16, 5), (17, 5), (18, 5), (19, 5), (19, 6), (20, 6), (21, 6), (22, 6), (23, 6), (24, 6), (25, 6), (26, 6), (27, 6), (26, 6), (25, 6), (25, 7), (25, 8), (24, 8), (24, 9), (24, 10), (24, 11), (24, 12), (24, 13), (24, 14), (24, 15), (24, 16), (24, 17), (24, 18), (24, 19), (24, 20), (24, 21), (24, 22), (24, 23), (24, 24), (23, 24), (22, 24), (22, 25), (21, 25), (20, 25), (20, 26), (20, 27), (20, 28), (20, 29), (20, 29)], 8: [(29, 7), (29, 8), (29, 9), (29, 10), (29, 11), (29, 12), (28, 12), (28, 13), (27, 13), (26, 13), (25, 13), (24, 13), (23, 13), (22, 13), (21, 13), (20, 13), (19, 13), (18, 13), (17, 13), (16, 13), (15, 13), (14, 13), (13, 13), (13, 14), (12, 14), (11, 14), (10, 14), (9, 14), (9, 15), (9, 16), (8, 16), (7, 16), (6, 16), (5, 16), (5, 17), (5, 18), (5, 19), (5, 20), (5, 21), (5, 22), (4, 22), (3, 22), (3, 21), (3, 21)], 9: [(17, 1), (16, 1), (15, 1), (14, 1), (13, 1), (12, 1), (11, 1), (10, 1), (9, 1), (9, 2), (9, 3), (8, 3), (7, 3), (7, 4), (7, 5), (7, 6), (7, 7), (7, 8), (7, 9), (6, 9), (6, 10), (6, 11), (6, 12), (6, 13), (5, 13), (5, 14), (5, 15), (5, 16), (5, 17), (5, 18), (5, 19), (5, 20), (5, 21), (5, 22), (4, 22), (4, 23), (4, 24), (4, 25), (4, 25)]}, 58)