

CBSS-C STATS
starts:[1012, 771, 963, 753, 681, 675, 809, 513, 597, 845]
targets:[503, 1018, 548, 422, 837, 263, 865, 207, 505, 521, 118, 825, 767, 388, 967]
dests:[679, 721, 136, 251, 318, 442, 368, 327, 13, 958]
ac_dict:{503: {0, 1}, 1018: {1, 2}, 548: {2, 3}, 422: {3, 4}, 837: {4, 5}, 263: {5, 6}, 865: {6, 7}, 207: {8, 7}, 505: {8, 9}, 679: {0}, 721: {1}, 136: {2}, 251: {3}, 318: {4}, 442: {5}, 368: {6}, 327: {7}, 13: {8}, 958: {9}}
clusters:[8 1 8 4 6 9 1 5 0 2 9 8 7 5 3]

round: 3
best_g_value: 295.0
open_list_size: 2
num_low_level_expanded: 1742
search_success: 1
search_time: 0.4210216859355569
n_tsp_call: 1
n_tsp_time: 0.34500817116349936
n_roots: 1
num_conflicts: 2
target_assignment: {967: 0, 505: 8, 118: 8, 837: 5, 521: 4, 422: 4, 388: 7, 865: 6, 825: 9, 767: 9}
cluster_target_selection: {3: 967, 0: 505, 9: 118, 6: 837, 2: 521, 4: 422, 5: 388, 1: 865, 8: 825, 7: 767}
num_nodes_transformed_graph: 59
agent_paths:({0: [(20, 31), (19, 31), (18, 31), (17, 31), (16, 31), (15, 31), (14, 31), (13, 31), (12, 31), (11, 31), (10, 31), (9, 31), (8, 31), (7, 31), (7, 30), (7, 29), (7, 28), (6, 28), (6, 27), (6, 26), (6, 25), (7, 25), (7, 24), (7, 23), (7, 22), (7, 21), (7, 21)], 1: [(3, 24), (3, 23), (4, 23), (5, 23), (6, 23), (7, 23), (8, 23), (9, 23), (10, 23), (11, 23), (12, 23), (13, 23), (14, 23), (15, 23), (15, 22), (16, 22), (17, 22), (17, 22)], 2: [(3, 30), (3, 29), (4, 29), (4, 28), (4, 27), (4, 26), (4, 25), (4, 24), (4, 23), (4, 22), (5, 22), (5, 21), (5, 20), (5, 19), (5, 18), (5, 17), (5, 16), (5, 15), (5, 14), (5, 13), (6, 13), (6, 12), (6, 11), (6, 10), (6, 9), (7, 9), (7, 8), (7, 7), (7, 6), (7, 5), (7, 4), (8, 4), (8, 4)], 3: [(17, 23), (17, 22), (17, 21), (17, 20), (17, 19), (18, 19), (18, 18), (18, 17), (19, 17), (19, 16), (19, 15), (19, 14), (19, 13), (19, 12), (19, 11), (19, 10), (19, 9), (20, 9), (20, 8), (21, 8), (22, 8), (23, 8), (24, 8), (25, 8), (25, 7), (26, 7), (27, 7), (27, 7)], 4: [(9, 21), (9, 20), (9, 19), (9, 18), (9, 17), (9, 16), (8, 16), (7, 16), (6, 16), (6, 15), (6, 14), (6, 13), (7, 13), (8, 13), (8, 12), (9, 12), (9, 11), (9, 10), (10, 10), (11, 10), (12, 10), (13, 10), (13, 9), (14, 9), (15, 9), (16, 9), (17, 9), (18, 9), (19, 9), (20, 9), (21, 9), (22, 9), (23, 9), (24, 9), (25, 9), (25, 10), (26, 10), (27, 10), (27, 9), (28, 9), (29, 9), (30, 9), (30, 9)], 5: [(3, 21), (3, 22), (3, 23), (3, 24), (3, 25), (3, 26), (4, 26), (5, 26), (5, 25), (6, 25), (7, 25), (7, 24), (7, 23), (7, 22), (7, 21), (7, 20), (7, 19), (7, 18), (7, 17), (7, 16), (8, 16), (9, 16), (9, 15), (9, 14), (10, 14), (11, 14), (12, 14), (12, 13), (13, 13), (14, 13), (15, 13), (16, 13), (17, 13), (18, 13), (19, 13), (20, 13), (21, 13), (22, 13), (23, 13), (24, 13), (25, 13), (26, 13), (26, 13)], 6: [(9, 25), (8, 25), (7, 25), (6, 25), (5, 25), (4, 25), (3, 25), (2, 25), (2, 26), (2, 27), (1, 27), (2, 27), (2, 26), (2, 25), (2, 24), (2, 23), (2, 22), (2, 21), (2, 20), (2, 19), (2, 18), (2, 17), (2, 16), (3, 16), (4, 16), (5, 16), (6, 16), (7, 16), (8, 16), (9, 16), (9, 15), (9, 14), (10, 14), (11, 14), (12, 14), (12, 13), (13, 13), (14, 13), (14, 12), (14, 11), (15, 11), (16, 11), (16, 11)], 7: [(1, 16), (1, 15), (1, 14), (1, 13), (1, 12), (2, 12), (3, 12), (4, 12), (4, 11), (4, 10), (5, 10), (6, 10), (7, 10), (7, 10)], 8: [(21, 18), (21, 17), (21, 16), (21, 15), (22, 15), (23, 15), (24, 15), (25, 15), (25, 14), (25, 13), (25, 12), (25, 11), (25, 10), (25, 9), (25, 8), (25, 7), (25, 6), (24, 6), (23, 6), (23, 5), (23, 4), (22, 4), (22, 3), (21, 3), (20, 3), (19, 3), (18, 3), (17, 3), (16, 3), (16, 2), (16, 1), (15, 1), (14, 1), (13, 1), (13, 0), (13, 0)], 9: [(13, 26), (13, 25), (14, 25), (15, 25), (16, 25), (17, 25), (18, 25), (19, 25), (20, 25), (21, 25), (22, 25), (23, 25), (24, 25), (25, 25), (25, 24), (26, 24), (27, 24), (28, 24), (29, 24), (29, 23), (30, 23), (31, 23), (30, 23), (30, 24), (30, 25), (30, 26), (30, 27), (30, 28), (30, 29), (30, 29)]}, 41)