

CBSS-C STATS
starts:[184, 691, 646, 413, 315]
targets:[893, 669, 1016, 31, 623, 991, 374, 65, 800, 987]
dests:[223, 781, 861, 168, 382]
ac_dict:{893: {0, 1}, 669: {1, 2}, 1016: {2, 3}, 31: {3, 4}, 223: {0}, 781: {1}, 861: {2}, 168: {3}, 382: {4}}
clusters:[3 4 2 0 3 1 0 3 1 0]

round: 1
best_g_value: 105.0
open_list_size: 0
num_low_level_expanded: 274
search_success: 1
search_time: 0.178750516846776
n_tsp_call: 1
n_tsp_time: 0.16414870414882898
n_roots: 1
num_conflicts: 0
target_assignment: {374: 3, 623: 2, 669: 2, 1016: 2, 991: 2}
cluster_target_selection: {0: 374, 3: 623, 4: 669, 2: 1016, 1: 991}
num_nodes_transformed_graph: 29
agent_paths:({0: [(24, 5), (25, 5), (26, 5), (27, 5), (28, 5), (29, 5), (30, 5), (31, 5), (31, 6), (31, 6)], 1: [(19, 21), (18, 21), (17, 21), (16, 21), (15, 21), (14, 21), (13, 21), (13, 22), (13, 23), (13, 24), (13, 24)], 2: [(6, 20), (6, 19), (7, 19), (8, 19), (9, 19), (10, 19), (11, 19), (12, 19), (13, 19), (14, 19), (15, 19), (16, 19), (17, 19), (18, 19), (19, 19), (20, 19), (21, 19), (22, 19), (23, 19), (24, 19), (25, 19), (25, 20), (26, 20), (27, 20), (28, 20), (29, 20), (28, 20), (27, 20), (26, 20), (25, 20), (24, 20), (24, 21), (24, 22), (24, 23), (24, 24), (24, 25), (24, 26), (24, 27), (24, 28), (24, 29), (24, 30), (24, 31), (24, 30), (25, 30), (26, 30), (27, 30), (28, 30), (29, 30), (30, 30), (31, 30), (30, 30), (29, 30), (29, 29), (29, 28), (29, 27), (29, 26), (29, 26)], 3: [(29, 12), (28, 12), (28, 11), (27, 11), (26, 11), (25, 11), (24, 11), (23, 11), (22, 11), (21, 11), (21, 10), (20, 10), (19, 10), (18, 10), (18, 9), (17, 9), (16, 9), (15, 9), (14, 9), (13, 9), (13, 8), (13, 7), (12, 7), (11, 7), (10, 7), (9, 7), (9, 6), (8, 6), (8, 5), (8, 5)], 4: [(27, 9), (28, 9), (29, 9), (30, 9), (30, 10), (30, 11), (30, 11)]}, 55)