

CBSS-C STATS
starts:[231, 545, 514, 868, 278, 601, 671, 892, 1021, 695]
targets:[261, 867, 13, 986, 281, 534, 216, 342, 544, 1014]
dests:[44, 210, 349, 215, 594, 666, 306, 183, 900, 459]
ac_dict:{261: {0, 1}, 867: {1, 2}, 13: {2, 3}, 986: {3, 4}, 281: {4, 5}, 534: {5, 6}, 216: {6, 7}, 342: {8, 7}, 544: {8, 9}, 44: {0}, 210: {1}, 349: {2}, 215: {3}, 594: {4}, 666: {5}, 306: {6}, 183: {7}, 900: {8}, 459: {9}}
clusters:[0 0 1 0 1 1 4 2 2 3]

round: 3
best_g_value: 233.0
open_list_size: 2
num_low_level_expanded: 1679
search_success: 1
search_time: 0.15868000127375126
n_tsp_call: 1
n_tsp_time: 0.1097106016241014
n_roots: 1
num_conflicts: 2
target_assignment: {342: 7, 216: 7, 1014: 8, 261: 1, 534: 6}
cluster_target_selection: {2: 342, 4: 216, 3: 1014, 0: 261, 1: 534}
num_nodes_transformed_graph: 34
agent_paths:({0: [(7, 7), (7, 6), (7, 5), (7, 4), (7, 3), (8, 3), (9, 3), (9, 2), (9, 1), (10, 1), (11, 1), (12, 1), (12, 1)], 1: [(1, 17), (1, 16), (1, 15), (1, 14), (1, 13), (1, 12), (1, 11), (1, 10), (1, 9), (2, 9), (3, 9), (3, 8), (4, 8), (5, 8), (5, 7), (6, 7), (7, 7), (7, 6), (8, 6), (9, 6), (10, 6), (11, 6), (12, 6), (13, 6), (14, 6), (15, 6), (16, 6), (17, 6), (18, 6), (18, 6)], 2: [(2, 16), (3, 16), (4, 16), (5, 16), (6, 16), (7, 16), (8, 16), (9, 16), (9, 15), (9, 14), (10, 14), (11, 14), (12, 14), (12, 13), (13, 13), (14, 13), (14, 12), (14, 11), (15, 11), (16, 11), (17, 11), (18, 11), (18, 10), (19, 10), (20, 10), (21, 10), (22, 10), (23, 10), (24, 10), (25, 10), (26, 10), (27, 10), (28, 10), (29, 10), (29, 10)], 3: [(4, 27), (4, 26), (4, 25), (4, 24), (4, 23), (4, 22), (5, 22), (5, 21), (5, 20), (5, 19), (5, 18), (5, 17), (5, 16), (5, 15), (5, 14), (5, 13), (6, 13), (6, 12), (6, 11), (6, 10), (6, 9), (7, 9), (7, 8), (8, 8), (9, 8), (9, 7), (10, 7), (11, 7), (12, 7), (13, 7), (14, 7), (15, 7), (16, 7), (17, 7), (18, 7), (19, 7), (19, 6), (20, 6), (21, 6), (22, 6), (23, 6), (23, 6)], 4: [(22, 8), (21, 8), (20, 8), (20, 9), (19, 9), (19, 10), (19, 11), (19, 12), (19, 13), (19, 14), (19, 15), (19, 16), (19, 17), (18, 17), (18, 18), (18, 18)], 5: [(25, 18), (25, 19), (25, 20), (26, 20), (26, 20)], 6: [(31, 20), (30, 20), (29, 20), (28, 20), (27, 20), (27, 19), (27, 18), (26, 18), (25, 18), (24, 18), (23, 18), (22, 18), (22, 17), (22, 16), (21, 16), (20, 16), (19, 16), (19, 15), (18, 15), (18, 14), (18, 13), (18, 12), (18, 11), (18, 10), (18, 9), (18, 9)], 7: [(28, 27), (27, 27), (26, 27), (25, 27), (24, 27), (24, 26), (24, 25), (24, 24), (24, 23), (24, 22), (23, 22), (23, 21), (22, 21), (22, 20), (22, 19), (22, 18), (22, 17), (22, 16), (22, 15), (22, 14), (22, 13), (22, 12), (22, 11), (22, 10), (22, 9), (22, 8), (22, 7), (22, 6), (23, 6), (24, 6), (23, 6), (23, 5), (23, 5)], 8: [(29, 31), (28, 31), (27, 31), (26, 31), (25, 31), (24, 31), (24, 30), (23, 30), (22, 30), (22, 31), (21, 31), (20, 31), (19, 31), (18, 31), (17, 31), (16, 31), (15, 31), (14, 31), (13, 31), (12, 31), (11, 31), (10, 31), (9, 31), (8, 31), (7, 31), (6, 31), (5, 31), (5, 30), (5, 29), (4, 29), (4, 28), (4, 28)], 9: [(23, 21), (22, 21), (21, 21), (20, 21), (19, 21), (18, 21), (17, 21), (16, 21), (15, 21), (14, 21), (13, 21), (12, 21), (11, 21), (11, 20), (11, 19), (11, 18), (11, 17), (11, 16), (11, 15), (11, 14), (11, 14)]}, 40)