

CBSS-C STATS
starts:[861, 908, 349, 400, 313]
targets:[954, 999, 304, 534, 837, 747, 983, 279, 1023, 866, 869, 120, 638, 585, 239, 620, 46, 939, 1016, 824, 986, 685, 546, 445, 664, 909, 256, 627, 779, 368, 689, 309, 199, 906, 907, 297, 185, 474, 448, 306, 29, 1007, 4, 87, 942, 623, 105, 436, 851, 64]
dests:[457, 91, 344, 52, 782]
ac_dict:{954: {0, 1}, 999: {1, 2}, 304: {2, 3}, 534: {3, 4}, 457: {0}, 91: {1}, 344: {2}, 52: {3}, 782: {4}}
clusters:[28 23 27  9 26  8  1 39  7 13 25  3  8 19 11  2 35 36  2 29 20 14 30  4
 24  7  1  4 38 21  6 12 17 22 15  3  6  5 34 31 37 16 33 10  5 18  0  9
  0 32]

round: 1
best_g_value: 241.0
open_list_size: 0
num_low_level_expanded: 538
search_success: 1
search_time: 5.533607182998821
n_tsp_call: 1
n_tsp_time: 5.473122702998808
n_roots: 1
num_conflicts: 0
target_assignment: {954: 0, 986: 0, 824: 0, 664: 0, 627: 0, 623: 0, 620: 0, 585: 0, 368: 3, 304: 3, 239: 3, 199: 3, 546: 3, 448: 3, 256: 3, 64: 3, 4: 3, 105: 3, 46: 3, 436: 4, 689: 4, 909: 1, 907: 1, 906: 1, 939: 1, 942: 1, 1007: 1, 999: 1, 869: 1, 866: 1, 837: 1, 779: 1, 747: 1, 685: 1, 306: 1, 309: 1, 279: 1, 87: 1, 120: 1, 29: 1}
cluster_target_selection: {28: 954, 20: 986, 29: 824, 24: 664, 4: 627, 18: 623, 2: 620, 19: 585, 21: 368, 27: 304, 11: 239, 17: 199, 30: 546, 34: 448, 1: 256, 32: 64, 33: 4, 0: 105, 35: 46, 9: 436, 6: 689, 7: 909, 15: 907, 22: 906, 36: 939, 5: 942, 16: 1007, 23: 999, 25: 869, 13: 866, 26: 837, 38: 779, 8: 747, 14: 685, 31: 306, 12: 309, 39: 279, 10: 87, 3: 120, 37: 29}
num_nodes_transformed_graph: 123
agent_paths:({0: [(29, 26), (29, 27), (28, 27), (27, 27), (26, 27), (26, 28), (26, 29), (26, 30), (25, 30), (24, 30), (24, 29), (24, 28), (24, 27), (24, 26), (24, 25), (24, 24), (24, 23), (24, 22), (24, 21), (24, 20), (23, 20), (22, 20), (21, 20), (20, 20), (19, 20), (19, 19), (18, 19), (17, 19), (16, 19), (15, 19), (14, 19), (13, 19), (12, 19), (11, 19), (10, 19), (9, 19), (9, 18), (9, 17), (9, 16), (9, 15), (9, 14), (9, 14)], 1: [(12, 28), (13, 28), (12, 28), (11, 28), (10, 28), (11, 28), (11, 29), (12, 29), (13, 29), (14, 29), (14, 30), (14, 31), (15, 31), (14, 31), (13, 31), (12, 31), (11, 31), (10, 31), (9, 31), (8, 31), (7, 31), (6, 31), (5, 31), (5, 30), (5, 29), (5, 28), (5, 27), (4, 27), (3, 27), (2, 27), (2, 26), (3, 26), (4, 26), (5, 26), (5, 25), (6, 25), (7, 25), (7, 24), (8, 24), (9, 24), (10, 24), (11, 24), (11, 23), (11, 22), (11, 21), (12, 21), (13, 21), (13, 20), (13, 19), (13, 18), (13, 17), (13, 16), (13, 15), (13, 14), (13, 13), (14, 13), (14, 12), (14, 11), (14, 10), (14, 9), (15, 9), (16, 9), (17, 9), (18, 9), (19, 9), (20, 9), (21, 9), (21, 8), (22, 8), (23, 8), (22, 8), (22, 7), (22, 6), (23, 6), (23, 5), (23, 4), (23, 3), (23, 2), (24, 2), (24, 3), (25, 3), (26, 3), (27, 3), (27, 2), (27, 1), (27, 0), (28, 0), (29, 0), (28, 0), (27, 0), (27, 1), (27, 2), (27, 2)], 2: [(29, 10), (28, 10), (27, 10), (26, 10), (25, 10), (24, 10), (24, 10)], 3: [(16, 12), (16, 11), (16, 10), (16, 9), (16, 8), (16, 7), (15, 7), (14, 7), (13, 7), (12, 7), (11, 7), (10, 7), (9, 7), (9, 6), (8, 6), (7, 6), (7, 7), (6, 7), (5, 7), (4, 7), (3, 7), (3, 8), (3, 9), (2, 9), (2, 10), (2, 11), (2, 12), (2, 13), (2, 14), (2, 15), (2, 16), (2, 17), (1, 17), (1, 16), (1, 15), (0, 15), (0, 14), (1, 14), (1, 13), (1, 12), (1, 11), (0, 11), (0, 10), (0, 9), (0, 8), (0, 7), (1, 7), (1, 6), (1, 5), (1, 4), (1, 3), (0, 3), (0, 2), (0, 1), (0, 0), (1, 0), (2, 0), (3, 0), (4, 0), (5, 0), (6, 0), (6, 1), (7, 1), (8, 1), (9, 1), (9, 2), (9, 3), (9, 2), (9, 1), (10, 1), (11, 1), (12, 1), (13, 1), (14, 1), (15, 1), (16, 1), (17, 1), (18, 1), (19, 1), (20, 1), (20, 1)], 4: [(25, 9), (24, 9), (23, 9), (22, 9), (21, 9), (21, 10), (21, 11), (21, 12), (20, 12), (20, 13), (19, 13), (19, 14), (19, 15), (19, 16), (19, 17), (18, 17), (18, 18), (18, 19), (17, 19), (17, 20), (17, 21), (16, 21), (15, 21), (15, 22), (15, 23), (14, 23), (14, 24), (14, 24)]}, 91)