

CBSS-C STATS
starts:[335, 69, 753, 0, 333]
targets:[493, 276, 419, 998, 999, 292, 769, 230, 439, 709]
dests:[162, 823, 746, 121, 684]
ac_dict:{493: {0, 1}, 276: {1, 2}, 419: {2, 3}, 998: {3, 4}, 162: {0}, 823: {1}, 746: {2}, 121: {3}, 684: {4}}
clusters:[3 2 1 0 4 3 3 0 0 0]

round: 1
best_g_value: 158.0
open_list_size: 0
num_low_level_expanded: 485
search_success: 1
search_time: 0.1310248775407672
n_tsp_call: 1
n_tsp_time: 0.11207075463607907
n_roots: 1
num_conflicts: 0
target_assignment: {292: 0, 999: 2, 709: 2, 419: 2, 276: 1}
cluster_target_selection: {3: 292, 4: 999, 0: 709, 1: 419, 2: 276}
num_nodes_transformed_graph: 27
agent_paths:({0: [(15, 10), (14, 10), (13, 10), (12, 10), (11, 10), (10, 10), (9, 10), (8, 10), (7, 10), (6, 10), (5, 10), (4, 10), (4, 9), (3, 9), (3, 8), (3, 7), (2, 7), (2, 6), (2, 5), (2, 5)], 1: [(5, 2), (6, 2), (6, 3), (7, 3), (8, 3), (9, 3), (10, 3), (11, 3), (12, 3), (13, 3), (14, 3), (14, 4), (14, 5), (15, 5), (16, 5), (17, 5), (18, 5), (19, 5), (19, 6), (20, 6), (20, 7), (20, 8), (21, 8), (21, 9), (21, 10), (21, 11), (21, 12), (21, 13), (21, 14), (21, 15), (21, 16), (21, 17), (21, 18), (21, 19), (21, 20), (21, 21), (21, 22), (21, 23), (22, 23), (22, 24), (23, 24), (23, 25), (23, 25)], 2: [(17, 23), (16, 23), (15, 23), (14, 23), (13, 23), (12, 23), (11, 23), (10, 23), (9, 23), (8, 23), (8, 24), (8, 25), (8, 26), (8, 27), (8, 28), (7, 28), (7, 29), (7, 30), (7, 31), (6, 31), (5, 31), (5, 30), (5, 29), (5, 28), (5, 27), (5, 26), (5, 25), (4, 25), (4, 24), (4, 23), (4, 22), (5, 22), (5, 21), (5, 20), (5, 19), (4, 19), (4, 18), (3, 18), (3, 17), (3, 16), (3, 15), (3, 14), (3, 13), (4, 13), (5, 13), (6, 13), (6, 14), (6, 15), (7, 15), (7, 16), (8, 16), (9, 16), (10, 16), (10, 17), (10, 18), (10, 19), (10, 20), (10, 21), (10, 22), (10, 23), (10, 23)], 3: [(0, 0), (1, 0), (2, 0), (3, 0), (4, 0), (5, 0), (6, 0), (6, 1), (7, 1), (8, 1), (9, 1), (10, 1), (11, 1), (12, 1), (13, 1), (14, 1), (15, 1), (16, 1), (17, 1), (18, 1), (19, 1), (20, 1), (20, 2), (21, 2), (22, 2), (23, 2), (24, 2), (25, 2), (25, 3), (25, 3)], 4: [(13, 10), (12, 10), (12, 11), (12, 12), (12, 13), (12, 14), (12, 15), (12, 16), (12, 17), (12, 18), (12, 19), (12, 20), (12, 21), (12, 21)]}, 59)