

CBSS-C STATS
starts:[998, 968]
targets:[40, 609, 886, 89, 251, 406, 811, 662, 700, 837, 462, 474, 261, 343, 119, 245, 324, 160, 770, 812, 32, 470, 302, 178, 701, 183, 996, 727, 847, 185, 965, 777, 417, 172, 619, 870, 665, 661, 563, 386, 188, 435, 613, 74, 800, 147, 47, 580, 236, 646, 848, 928, 962, 670, 450, 678, 877, 768, 288, 760, 898, 624, 647, 534, 850, 421, 424, 327, 649, 56, 841, 658, 844, 906, 38, 127, 984, 699, 974, 34, 92, 117, 101, 430, 48, 24, 429, 663, 1023, 880, 621, 626, 377, 59, 400, 1011, 230, 854, 478, 963]
dests:[163, 91]
ac_dict:{40: {0, 1}, 163: {0}, 91: {1}}
clusters:[30  2  0  4 20 36 28  6  2 12 16 30  9 37  9  7 17 39 23  5 10  3  9 36
 24 27 23 29 22  7 31  6 15 32  4 22  8 11 24  5 33 14 18 38 35 13  5 19
 17 19  9 30 16 26 23 18 22 13 29 32 26  1  2 34  2 14  4 25 35  2 35 33
 10 38  9 27 30 22  7 39  0  7 32 21 14 10 32 12 10 31  2  2  2 13  5 14
 26  1 11 38]

round: 1
best_g_value: 428.0
open_list_size: 0
num_low_level_expanded: 290
search_success: 1
search_time: 7.7361481150001055
n_tsp_call: 1
n_tsp_time: 7.63544537499547
n_roots: 1
num_conflicts: 0
target_assignment: {965: 0, 898: 0, 928: 0, 800: 0, 768: 0, 770: 0, 613: 0, 580: 0, 421: 0, 327: 0, 324: 0, 417: 0, 288: 0, 160: 0, 906: 1, 877: 1, 844: 1, 812: 1, 811: 1, 429: 1, 430: 1, 462: 1, 624: 1, 626: 1, 563: 1, 661: 1, 663: 1, 665: 1, 662: 1, 534: 1, 470: 1, 406: 1, 343: 1, 183: 1, 119: 1, 89: 1, 185: 1, 251: 1, 188: 1, 92: 1}
cluster_target_selection: {31: 965, 26: 898, 30: 928, 35: 800, 13: 768, 23: 770, 18: 613, 19: 580, 14: 421, 25: 327, 17: 324, 15: 417, 29: 288, 39: 160, 38: 906, 22: 877, 10: 844, 5: 812, 28: 811, 32: 429, 21: 430, 16: 462, 1: 624, 2: 626, 24: 563, 11: 661, 12: 663, 8: 665, 6: 662, 34: 534, 3: 470, 36: 406, 37: 343, 27: 183, 9: 119, 4: 89, 7: 185, 20: 251, 33: 188, 0: 92}
num_nodes_transformed_graph: 104
agent_paths:({0: [(6, 31), (5, 31), (5, 30), (5, 29), (4, 29), (3, 29), (2, 29), (2, 28), (1, 28), (0, 28), (0, 29), (0, 28), (0, 27), (0, 26), (0, 25), (0, 24), (1, 24), (2, 24), (2, 23), (2, 22), (3, 22), (4, 22), (5, 22), (5, 21), (5, 20), (5, 19), (4, 19), (4, 18), (4, 17), (4, 16), (4, 15), (5, 15), (5, 14), (5, 13), (6, 13), (6, 12), (6, 11), (6, 10), (7, 10), (6, 10), (5, 10), (4, 10), (3, 10), (2, 10), (1, 10), (1, 11), (1, 12), (1, 13), (1, 12), (1, 11), (0, 11), (0, 10), (0, 9), (0, 8), (0, 7), (1, 7), (1, 6), (1, 5), (0, 5), (1, 5), (2, 5), (3, 5), (3, 5)], 1: [(8, 30), (8, 29), (8, 28), (9, 28), (10, 28), (10, 27), (11, 27), (12, 27), (13, 27), (12, 27), (12, 26), (12, 25), (11, 25), (11, 24), (11, 23), (11, 22), (11, 21), (11, 20), (11, 19), (11, 18), (11, 17), (11, 16), (11, 15), (11, 14), (12, 14), (12, 13), (13, 13), (14, 13), (14, 14), (15, 14), (16, 14), (16, 15), (16, 16), (16, 17), (16, 18), (16, 19), (17, 19), (18, 19), (18, 18), (18, 17), (19, 17), (20, 17), (21, 17), (21, 18), (21, 19), (21, 20), (22, 20), (23, 20), (24, 20), (25, 20), (24, 20), (23, 20), (22, 20), (22, 19), (22, 18), (22, 17), (22, 16), (22, 15), (22, 14), (22, 13), (22, 12), (22, 11), (22, 10), (23, 10), (23, 9), (23, 8), (22, 8), (22, 7), (22, 6), (23, 6), (23, 5), (23, 4), (23, 3), (23, 2), (24, 2), (25, 2), (25, 3), (25, 4), (25, 5), (26, 5), (27, 5), (27, 6), (27, 7), (27, 6), (27, 5), (28, 5), (28, 4), (28, 3), (28, 2), (27, 2), (27, 2)]}, 89)