

CBSS-C STATS
starts:[233, 450, 308, 596, 46]
targets:[832, 299, 523, 113, 336, 236, 574, 119, 176, 709, 1018, 734, 809, 327, 1020, 515, 782, 522, 498, 244, 996, 468, 857, 157, 811, 41, 369, 212, 923, 780, 710, 537, 88, 313, 656, 151, 658, 97, 657, 21, 724, 590, 479, 900, 513, 952, 37, 315, 733, 290]
dests:[23, 451, 434, 599, 555]
ac_dict:{832: {0, 1}, 299: {1, 2}, 523: {2, 3}, 113: {3, 4}, 23: {0}, 451: {1}, 434: {2}, 599: {3}, 555: {4}}
clusters:[18 11 17  4  6  1  2  7 15 27 10 13  8  0 24 16 19 13 12 26 20 25 12 29
 22  5  3  0  6 18  3  7 16 10 17 19 15 21  5  2 14 11  8  9 28 23  1  4
 14  9]

round: 1
best_g_value: 186.0
open_list_size: 0
num_low_level_expanded: 365
search_success: 1
search_time: 11.630479284000103
n_tsp_call: 1
n_tsp_time: 11.575935382000353
n_roots: 1
num_conflicts: 0
target_assignment: {244: 0, 212: 0, 315: 0, 157: 0, 119: 0, 21: 0, 724: 3, 658: 3, 656: 3, 590: 3, 782: 3, 780: 3, 811: 3, 809: 3, 710: 3, 709: 3, 900: 3, 996: 3, 952: 3, 1018: 3, 1020: 3, 923: 3, 857: 3, 468: 2, 41: 4, 37: 4, 97: 4, 513: 4, 515: 4, 522: 4}
cluster_target_selection: {26: 244, 0: 212, 4: 315, 29: 157, 7: 119, 2: 21, 14: 724, 15: 658, 17: 656, 11: 590, 19: 782, 18: 780, 22: 811, 8: 809, 3: 710, 27: 709, 9: 900, 20: 996, 23: 952, 10: 1018, 24: 1020, 6: 923, 12: 857, 25: 468, 5: 41, 1: 37, 21: 97, 28: 513, 16: 515, 13: 522}
num_nodes_transformed_graph: 128
agent_paths:({0: [(9, 7), (10, 7), (11, 7), (12, 7), (13, 7), (14, 7), (15, 7), (16, 7), (17, 7), (18, 7), (19, 7), (20, 7), (20, 6), (21, 6), (22, 6), (23, 6), (24, 6), (25, 6), (26, 6), (27, 6), (27, 7), (27, 8), (27, 9), (27, 8), (27, 7), (27, 6), (27, 5), (27, 4), (28, 4), (29, 4), (28, 4), (27, 4), (26, 4), (25, 4), (25, 3), (24, 3), (23, 3), (22, 3), (22, 2), (22, 1), (22, 0), (21, 0), (22, 0), (23, 0), (23, 0)], 1: [(2, 14), (3, 14), (3, 14)], 2: [(20, 9), (20, 10), (19, 10), (19, 11), (19, 12), (20, 12), (20, 13), (20, 14), (19, 14), (18, 14), (18, 13), (18, 13)], 3: [(20, 18), (20, 19), (20, 20), (20, 21), (20, 22), (19, 22), (18, 22), (18, 21), (18, 20), (17, 20), (16, 20), (15, 20), (14, 20), (14, 19), (14, 18), (14, 19), (14, 20), (14, 21), (13, 21), (13, 22), (13, 23), (14, 23), (14, 24), (13, 24), (12, 24), (11, 24), (11, 25), (10, 25), (9, 25), (8, 25), (7, 25), (7, 24), (7, 23), (6, 23), (6, 22), (5, 22), (4, 22), (4, 23), (4, 24), (4, 25), (4, 26), (4, 27), (4, 28), (4, 29), (5, 29), (5, 30), (5, 31), (4, 31), (5, 31), (6, 31), (7, 31), (8, 31), (9, 31), (10, 31), (11, 31), (12, 31), (13, 31), (14, 31), (15, 31), (16, 31), (16, 30), (17, 30), (18, 30), (19, 30), (20, 30), (21, 30), (22, 30), (23, 30), (23, 29), (24, 29), (25, 29), (26, 29), (26, 30), (26, 31), (27, 31), (28, 31), (27, 31), (27, 30), (27, 29), (27, 28), (26, 28), (25, 28), (25, 27), (25, 26), (24, 26), (24, 25), (24, 24), (24, 23), (24, 22), (23, 22), (23, 21), (23, 20), (23, 19), (23, 18), (23, 18)], 4: [(14, 1), (13, 1), (12, 1), (11, 1), (10, 1), (9, 1), (8, 1), (7, 1), (6, 1), (5, 1), (4, 1), (3, 1), (2, 1), (1, 1), (1, 2), (1, 3), (1, 4), (1, 5), (1, 6), (1, 7), (1, 8), (1, 9), (1, 10), (1, 11), (1, 12), (1, 13), (1, 14), (1, 15), (1, 16), (2, 16), (3, 16), (4, 16), (5, 16), (6, 16), (7, 16), (8, 16), (9, 16), (10, 16), (11, 16), (11, 17), (11, 17)]}, 93)