

CBSS-C STATS
starts:[87, 101, 414, 46, 808, 382, 208, 978, 844, 301]
targets:[157, 535, 762, 1016, 407, 78, 934, 179, 481, 721, 242, 893, 516, 519, 955]
dests:[160, 367, 1018, 1004, 982, 190, 321, 873, 581, 799]
ac_dict:{157: {0, 1}, 535: {1, 2}, 762: {2, 3}, 1016: {3, 4}, 407: {4, 5}, 78: {5, 6}, 934: {6, 7}, 179: {8, 7}, 481: {8, 9}, 160: {0}, 367: {1}, 1018: {2}, 1004: {3}, 982: {4}, 190: {5}, 321: {6}, 873: {7}, 581: {8}, 799: {9}}
clusters:[6 9 1 3 5 0 3 4 1 2 3 8 7 9 8]

round: 2
best_g_value: 285.0
open_list_size: 1
num_low_level_expanded: 1273
search_success: 1
search_time: 1.8143742657266557
n_tsp_call: 1
n_tsp_time: 1.7505174046382308
n_roots: 1
num_conflicts: 1
target_assignment: {157: 0, 407: 5, 78: 6, 762: 2, 955: 2, 242: 8, 179: 8, 519: 8, 516: 8, 721: 9}
cluster_target_selection: {6: 157, 5: 407, 0: 78, 1: 762, 8: 955, 3: 242, 4: 179, 9: 519, 7: 516, 2: 721}
num_nodes_transformed_graph: 98
agent_paths:({0: [(23, 2), (24, 2), (25, 2), (25, 3), (26, 3), (27, 3), (28, 3), (28, 4), (29, 4), (28, 4), (27, 4), (26, 4), (25, 4), (25, 5), (24, 5), (23, 5), (23, 6), (22, 6), (21, 6), (20, 6), (19, 6), (18, 6), (17, 6), (16, 6), (15, 6), (14, 6), (13, 6), (12, 6), (11, 6), (10, 6), (9, 6), (8, 6), (7, 6), (7, 5), (6, 5), (5, 5), (4, 5), (3, 5), (2, 5), (1, 5), (0, 5), (0, 5)], 1: [(5, 3), (6, 3), (7, 3), (8, 3), (9, 3), (10, 3), (11, 3), (12, 3), (13, 3), (13, 4), (13, 5), (13, 6), (13, 7), (13, 8), (13, 9), (14, 9), (15, 9), (15, 10), (15, 11), (15, 11)], 2: [(30, 12), (29, 12), (28, 12), (28, 13), (27, 13), (27, 14), (27, 15), (27, 16), (27, 17), (27, 18), (27, 19), (27, 20), (26, 20), (26, 21), (26, 22), (26, 23), (27, 23), (27, 24), (27, 25), (27, 26), (27, 27), (27, 28), (27, 29), (26, 29), (26, 30), (26, 31), (26, 31)], 3: [(14, 1), (13, 1), (13, 2), (13, 3), (13, 4), (13, 5), (13, 6), (13, 7), (13, 8), (13, 9), (13, 10), (12, 10), (12, 11), (12, 12), (12, 13), (12, 14), (12, 15), (12, 16), (12, 17), (12, 18), (12, 19), (12, 20), (12, 21), (12, 22), (12, 23), (12, 24), (12, 25), (12, 26), (12, 27), (12, 28), (12, 29), (12, 30), (12, 31), (12, 31)], 4: [(8, 25), (9, 25), (10, 25), (11, 25), (12, 25), (13, 25), (14, 25), (15, 25), (16, 25), (17, 25), (18, 25), (19, 25), (20, 25), (20, 26), (20, 27), (20, 28), (20, 29), (21, 29), (21, 30), (22, 30), (22, 30)], 5: [(30, 11), (29, 11), (28, 11), (27, 11), (26, 11), (25, 11), (24, 11), (23, 11), (23, 12), (23, 11), (23, 10), (23, 9), (23, 8), (24, 8), (25, 8), (25, 7), (25, 6), (25, 5), (26, 5), (27, 5), (28, 5), (29, 5), (30, 5), (30, 5)], 6: [(16, 6), (15, 6), (14, 6), (14, 5), (14, 4), (14, 3), (14, 2), (13, 2), (12, 2), (11, 2), (10, 2), (9, 2), (9, 3), (8, 3), (7, 3), (6, 3), (5, 3), (4, 3), (3, 3), (2, 3), (1, 3), (1, 4), (1, 5), (1, 6), (1, 7), (1, 8), (1, 9), (1, 10), (1, 10)], 7: [(18, 30), (17, 30), (16, 30), (16, 29), (15, 29), (14, 29), (13, 29), (12, 29), (11, 29), (10, 29), (10, 28), (9, 28), (9, 27), (9, 27)], 8: [(12, 26), (12, 25), (12, 24), (12, 23), (12, 22), (12, 21), (12, 20), (12, 19), (12, 18), (12, 17), (12, 16), (12, 15), (12, 14), (13, 14), (13, 13), (14, 13), (14, 12), (14, 11), (14, 10), (14, 9), (15, 9), (16, 9), (16, 8), (16, 7), (17, 7), (18, 7), (18, 6), (18, 5), (19, 5), (18, 5), (17, 5), (16, 5), (15, 5), (14, 5), (13, 5), (12, 5), (11, 5), (10, 5), (10, 6), (10, 7), (10, 8), (10, 9), (10, 10), (10, 11), (10, 12), (10, 13), (10, 14), (9, 14), (9, 15), (9, 16), (8, 16), (7, 16), (6, 16), (5, 16), (4, 16), (5, 16), (5, 17), (5, 18), (5, 18)], 9: [(13, 9), (14, 9), (15, 9), (16, 9), (16, 10), (16, 11), (16, 12), (16, 13), (16, 14), (16, 15), (16, 16), (16, 17), (16, 18), (16, 19), (17, 19), (17, 20), (17, 21), (17, 22), (18, 22), (19, 22), (20, 22), (21, 22), (21, 23), (22, 23), (22, 24), (23, 24), (24, 24), (25, 24), (26, 24), (27, 24), (28, 24), (29, 24), (30, 24), (31, 24), (31, 24)]}, 57)