

CBSS-C STATS
starts:[142, 609, 531, 909, 91]
targets:[413, 858, 737, 828, 8, 542, 243, 549, 313, 898]
dests:[84, 109, 741, 107, 862]
ac_dict:{413: {0, 1}, 858: {1, 2}, 737: {2, 3}, 828: {3, 4}, 84: {0}, 109: {1}, 741: {2}, 107: {3}, 862: {4}}
clusters:[0 0 0 1 0 0 0 0 1 0]

round: 1
best_g_value: 115.0
open_list_size: 0
num_low_level_expanded: 362
search_success: 1
search_time: 0.11402571201324463
n_tsp_call: 1
n_tsp_time: 0.09586419072002172
n_roots: 1
num_conflicts: 0
target_assignment: {549: 2, 828: 4}
cluster_target_selection: {0: 549, 1: 828}
num_nodes_transformed_graph: 48
agent_paths:({0: [(14, 4), (14, 3), (14, 2), (14, 1), (15, 1), (16, 1), (17, 1), (18, 1), (19, 1), (20, 1), (20, 2), (20, 2)], 1: [(1, 19), (2, 19), (2, 18), (2, 17), (2, 16), (2, 15), (2, 14), (2, 13), (2, 12), (2, 11), (2, 10), (2, 9), (3, 9), (3, 8), (3, 7), (3, 6), (3, 5), (3, 4), (3, 3), (4, 3), (5, 3), (6, 3), (7, 3), (8, 3), (9, 3), (10, 3), (11, 3), (12, 3), (13, 3), (13, 3)], 2: [(19, 16), (19, 17), (18, 17), (17, 17), (16, 17), (15, 17), (14, 17), (13, 17), (12, 17), (11, 17), (10, 17), (9, 17), (8, 17), (7, 17), (6, 17), (5, 17), (5, 18), (5, 19), (5, 20), (5, 21), (5, 22), (5, 23), (5, 23)], 3: [(13, 28), (12, 28), (12, 27), (12, 26), (12, 25), (12, 24), (12, 23), (12, 22), (12, 21), (12, 20), (12, 19), (12, 18), (12, 17), (12, 16), (12, 15), (12, 14), (12, 13), (12, 12), (12, 11), (11, 11), (11, 10), (11, 9), (11, 8), (11, 7), (11, 6), (11, 5), (11, 4), (11, 3), (11, 3)], 4: [(27, 2), (28, 2), (28, 3), (28, 4), (28, 5), (28, 6), (28, 7), (28, 8), (28, 9), (28, 10), (28, 11), (28, 12), (28, 13), (28, 14), (28, 15), (28, 16), (27, 16), (27, 17), (27, 18), (27, 19), (27, 20), (27, 21), (27, 22), (27, 23), (27, 24), (28, 24), (28, 25), (29, 25), (30, 25), (30, 26), (30, 26)]}, 29)