

CBSS-C STATS
starts:[673, 331, 222, 355, 641]
targets:[514, 212, 610, 205, 669, 701, 1016, 13, 553, 502, 531, 910, 194, 800, 448, 891, 35, 96, 434, 814, 517, 959, 864, 903, 119, 615, 930, 586, 429, 281, 250, 137, 785, 200, 526, 516, 322, 49, 445, 934, 949, 108, 706, 948, 229, 375, 273, 545, 720, 769]
dests:[563, 897, 321, 156, 475]
ac_dict:{514: {0, 1}, 212: {1, 2}, 610: {2, 3}, 205: {3, 4}, 563: {0}, 897: {1}, 321: {2}, 156: {3}, 475: {4}}
clusters:[ 3 20  8 19  6 26 13 22 11 24 27 21  0 17 11  4 29 12 12  1 16  0  2  7
  4 14  9  6  5 18 13  7 17  3  8 15  1 23  9 10 16 25 19  2 28 18 10 14
  5 15]

round: 1
best_g_value: 207.0
open_list_size: 0
num_low_level_expanded: 410
search_success: 1
search_time: 5.397576157000003
n_tsp_call: 1
n_tsp_time: 5.331529473000046
n_roots: 1
num_conflicts: 0
target_assignment: {514: 0, 516: 0, 517: 0, 526: 0, 434: 0, 502: 0, 531: 0, 229: 3, 194: 3, 35: 3, 108: 3, 13: 3, 49: 3, 119: 3, 553: 1, 615: 1, 800: 1, 864: 1, 706: 4, 903: 4, 910: 4, 720: 4, 701: 4, 669: 4, 445: 4, 250: 2, 281: 2, 212: 2, 273: 2, 322: 2}
cluster_target_selection: {3: 514, 15: 516, 16: 517, 8: 526, 12: 434, 24: 502, 27: 531, 28: 229, 0: 194, 29: 35, 25: 108, 22: 13, 23: 49, 4: 119, 11: 553, 14: 615, 17: 800, 2: 864, 19: 706, 7: 903, 21: 910, 5: 720, 26: 701, 6: 669, 9: 445, 13: 250, 18: 281, 20: 212, 10: 273, 1: 322}
num_nodes_transformed_graph: 129
agent_paths:({0: [(1, 21), (1, 20), (1, 19), (2, 19), (2, 18), (2, 17), (2, 16), (3, 16), (4, 16), (5, 16), (6, 16), (7, 16), (8, 16), (9, 16), (10, 16), (11, 16), (12, 16), (13, 16), (14, 16), (14, 15), (14, 14), (14, 13), (15, 13), (16, 13), (17, 13), (18, 13), (19, 13), (20, 13), (21, 13), (22, 13), (22, 14), (22, 15), (21, 15), (21, 16), (20, 16), (19, 16), (19, 17), (19, 17)], 1: [(11, 10), (10, 10), (10, 11), (10, 12), (10, 13), (10, 14), (9, 14), (9, 15), (9, 16), (9, 17), (8, 17), (7, 17), (7, 18), (7, 19), (6, 19), (5, 19), (5, 20), (5, 21), (5, 22), (4, 22), (3, 22), (2, 22), (1, 22), (1, 23), (0, 23), (0, 24), (0, 25), (0, 26), (0, 27), (1, 27), (1, 28), (1, 28)], 2: [(30, 6), (29, 6), (28, 6), (27, 6), (26, 6), (26, 7), (25, 7), (25, 8), (24, 8), (23, 8), (22, 8), (21, 8), (20, 8), (20, 7), (20, 6), (19, 6), (18, 6), (17, 6), (17, 7), (17, 8), (16, 8), (16, 9), (15, 9), (14, 9), (13, 9), (13, 10), (12, 10), (11, 10), (10, 10), (9, 10), (8, 10), (7, 10), (6, 10), (5, 10), (4, 10), (3, 10), (2, 10), (1, 10), (1, 10)], 3: [(3, 11), (3, 10), (3, 9), (3, 8), (3, 7), (4, 7), (5, 7), (4, 7), (3, 7), (2, 7), (2, 6), (2, 5), (2, 4), (2, 3), (2, 2), (2, 1), (3, 1), (4, 1), (5, 1), (6, 1), (7, 1), (8, 1), (9, 1), (10, 1), (11, 1), (12, 1), (12, 2), (12, 3), (12, 2), (12, 1), (12, 0), (13, 0), (14, 0), (15, 0), (16, 0), (16, 1), (17, 1), (18, 1), (19, 1), (20, 1), (20, 2), (21, 2), (22, 2), (23, 2), (23, 3), (24, 3), (25, 3), (26, 3), (27, 3), (28, 3), (28, 4), (28, 4)], 4: [(1, 20), (2, 20), (2, 21), (2, 22), (3, 22), (4, 22), (4, 23), (4, 24), (4, 25), (5, 25), (6, 25), (6, 26), (6, 27), (6, 28), (7, 28), (8, 28), (9, 28), (10, 28), (11, 28), (12, 28), (13, 28), (14, 28), (14, 27), (15, 27), (15, 26), (15, 25), (15, 24), (15, 23), (15, 22), (16, 22), (16, 21), (17, 21), (18, 21), (19, 21), (20, 21), (21, 21), (22, 21), (23, 21), (24, 21), (25, 21), (26, 21), (27, 21), (28, 21), (29, 21), (29, 20), (29, 19), (29, 18), (29, 17), (29, 16), (29, 15), (29, 14), (29, 13), (28, 13), (27, 13), (27, 14), (27, 14)]}, 54)