

CBSS-C STATS
starts:[891, 145, 874, 805, 687]
targets:[1016, 52, 767, 203, 44, 506, 267, 683, 763, 493, 948, 236, 959, 565, 589, 705, 559, 69, 194, 161]
dests:[102, 986, 811, 440, 305]
ac_dict:{1016: {0, 1}, 52: {1, 2}, 767: {2, 3}, 203: {3, 4}, 102: {0}, 986: {1}, 811: {2}, 440: {3}, 305: {4}}
clusters:[9 4 3 5 2 8 1 7 8 9 6 2 4 6 4 9 8 1 8 0]

round: 3
best_g_value: 168.0
open_list_size: 2
num_low_level_expanded: 846
search_success: 1
search_time: 19.376187313813716
n_tsp_call: 14
n_tsp_time: 18.90802359301597
n_roots: 1
num_conflicts: 2
target_assignment: {763: 0, 683: 0, 161: 0, 767: 3, 565: 1, 589: 4, 493: 4, 267: 4, 203: 4, 236: 4}
cluster_target_selection: {8: 763, 7: 683, 0: 161, 3: 767, 6: 565, 4: 589, 9: 493, 1: 267, 5: 203, 2: 236}
num_nodes_transformed_graph: 98
agent_paths:({0: [(27, 27), (27, 26), (27, 25), (27, 24), (27, 23), (26, 23), (26, 22), (26, 21), (25, 21), (24, 21), (23, 21), (22, 21), (21, 21), (20, 21), (19, 21), (18, 21), (17, 21), (16, 21), (15, 21), (14, 21), (13, 21), (12, 21), (11, 21), (10, 21), (9, 21), (8, 21), (7, 21), (6, 21), (5, 21), (5, 20), (5, 19), (4, 19), (4, 18), (3, 18), (2, 18), (2, 17), (1, 17), (1, 16), (1, 15), (1, 14), (1, 13), (1, 12), (1, 11), (1, 10), (1, 9), (1, 8), (1, 7), (1, 6), (1, 5), (1, 4), (1, 3), (2, 3), (3, 3), (4, 3), (5, 3), (6, 3), (6, 3)], 1: [(17, 4), (18, 4), (19, 4), (20, 4), (21, 4), (21, 5), (21, 6), (21, 7), (21, 8), (21, 9), (21, 10), (21, 11), (21, 12), (21, 13), (21, 14), (21, 15), (21, 16), (21, 17), (22, 17), (23, 17), (24, 17), (25, 17), (25, 18), (25, 19), (25, 20), (26, 20), (26, 21), (26, 22), (26, 23), (26, 24), (26, 25), (26, 26), (26, 27), (26, 28), (26, 29), (26, 30), (26, 30)], 2: [(10, 27), (10, 26), (10, 25), (11, 25), (11, 25)], 3: [(5, 25), (6, 25), (7, 25), (7, 24), (8, 24), (9, 24), (10, 24), (11, 24), (12, 24), (13, 24), (14, 24), (15, 24), (16, 24), (17, 24), (18, 24), (19, 24), (20, 24), (20, 25), (21, 25), (22, 25), (22, 24), (23, 24), (24, 24), (25, 24), (26, 24), (27, 24), (28, 24), (29, 24), (29, 23), (30, 23), (31, 23), (30, 23), (29, 23), (29, 22), (28, 22), (27, 22), (26, 22), (26, 21), (25, 21), (24, 21), (24, 20), (24, 19), (24, 18), (24, 17), (24, 16), (24, 15), (24, 14), (24, 13), (24, 13)], 4: [(15, 21), (14, 21), (13, 21), (13, 20), (13, 19), (13, 18), (13, 17), (13, 16), (13, 15), (12, 15), (12, 14), (12, 13), (12, 12), (12, 11), (11, 11), (11, 10), (11, 9), (11, 8), (11, 7), (11, 6), (12, 6), (12, 7), (13, 7), (14, 7), (15, 7), (16, 7), (17, 7), (17, 8), (17, 9), (17, 9)]}, 55)