

CBSS-C STATS
starts:[901, 678, 70, 808, 45, 790, 81, 263, 260, 476]
targets:[798, 28, 447, 723, 817, 680, 475, 381, 710, 6, 298, 598, 1004, 106, 77]
dests:[794, 648, 564, 157, 229, 261, 879, 92, 459, 904]
ac_dict:{798: {0, 1}, 28: {1, 2}, 447: {2, 3}, 723: {3, 4}, 817: {4, 5}, 680: {5, 6}, 475: {6, 7}, 381: {8, 7}, 710: {8, 9}, 794: {0}, 648: {1}, 564: {2}, 157: {3}, 229: {4}, 261: {5}, 879: {6}, 92: {7}, 459: {8}, 904: {9}}
clusters:[5 7 0 5 4 9 3 0 6 2 3 2 1 8 7]

round: 4
best_g_value: 265.0
open_list_size: 3
num_low_level_expanded: 1776
search_success: 1
search_time: 0.917480057105422
n_tsp_call: 1
n_tsp_time: 0.8307684729807079
n_roots: 1
num_conflicts: 3
target_assignment: {1004: 0, 710: 9, 723: 3, 598: 3, 447: 3, 77: 4, 817: 5, 680: 5, 106: 2, 298: 2}
cluster_target_selection: {1: 1004, 6: 710, 5: 723, 2: 598, 0: 447, 7: 77, 4: 817, 9: 680, 8: 106, 3: 298}
num_nodes_transformed_graph: 98
agent_paths:({0: [(5, 28), (6, 28), (7, 28), (8, 28), (9, 28), (10, 28), (11, 28), (12, 28), (12, 29), (12, 30), (12, 31), (12, 30), (12, 29), (12, 28), (12, 27), (12, 26), (12, 25), (13, 25), (14, 25), (15, 25), (16, 25), (17, 25), (18, 25), (19, 25), (20, 25), (21, 25), (22, 25), (22, 24), (23, 24), (24, 24), (25, 24), (26, 24), (26, 24)], 1: [(6, 21), (6, 20), (7, 20), (8, 20), (8, 20)], 2: [(6, 2), (6, 3), (7, 3), (8, 3), (9, 3), (10, 3), (10, 4), (10, 5), (10, 6), (10, 7), (10, 8), (10, 9), (11, 9), (11, 10), (12, 10), (13, 10), (14, 10), (15, 10), (16, 10), (16, 11), (17, 11), (18, 11), (19, 11), (19, 12), (19, 13), (19, 14), (19, 15), (19, 16), (20, 16), (20, 17), (20, 17)], 3: [(8, 25), (8, 24), (8, 23), (9, 23), (10, 23), (11, 23), (12, 23), (13, 23), (14, 23), (15, 23), (15, 22), (16, 22), (17, 22), (18, 22), (19, 22), (19, 21), (19, 20), (19, 19), (19, 18), (20, 18), (21, 18), (22, 18), (22, 17), (22, 16), (22, 15), (22, 14), (23, 14), (24, 14), (25, 14), (26, 14), (27, 14), (28, 14), (29, 14), (30, 14), (31, 14), (31, 13), (31, 14), (30, 14), (29, 14), (29, 13), (29, 12), (29, 11), (29, 10), (29, 9), (29, 8), (29, 7), (29, 6), (29, 5), (29, 4), (29, 4)], 4: [(13, 1), (13, 2), (12, 2), (11, 2), (10, 2), (9, 2), (9, 3), (8, 3), (7, 3), (6, 3), (5, 3), (5, 4), (5, 5), (5, 6), (5, 7), (5, 7)], 5: [(22, 24), (22, 25), (21, 25), (20, 25), (19, 25), (18, 25), (17, 25), (16, 25), (15, 25), (14, 25), (13, 25), (12, 25), (11, 25), (10, 25), (9, 25), (8, 25), (8, 24), (8, 23), (8, 22), (8, 21), (7, 21), (7, 20), (7, 19), (7, 18), (7, 17), (6, 17), (6, 16), (6, 15), (6, 14), (6, 13), (6, 12), (6, 11), (5, 11), (5, 10), (5, 9), (5, 8), (5, 8)], 6: [(17, 2), (16, 2), (16, 3), (16, 4), (16, 5), (16, 6), (16, 7), (16, 8), (16, 9), (16, 10), (16, 11), (16, 12), (16, 13), (16, 14), (16, 15), (16, 16), (16, 17), (16, 18), (16, 19), (15, 19), (15, 20), (15, 21), (15, 22), (15, 23), (15, 24), (15, 25), (15, 26), (15, 27), (15, 27)], 7: [(7, 8), (7, 7), (7, 6), (8, 6), (9, 6), (10, 6), (10, 5), (11, 5), (12, 5), (13, 5), (14, 5), (15, 5), (16, 5), (16, 4), (16, 3), (17, 3), (18, 3), (19, 3), (20, 3), (21, 3), (22, 3), (23, 3), (24, 3), (25, 3), (26, 3), (27, 3), (27, 2), (28, 2), (28, 2)], 8: [(4, 8), (5, 8), (5, 9), (6, 9), (7, 9), (7, 10), (8, 10), (9, 10), (10, 10), (10, 11), (10, 12), (10, 13), (10, 14), (11, 14), (11, 14)], 9: [(28, 14), (27, 14), (26, 14), (25, 14), (24, 14), (23, 14), (22, 14), (21, 14), (20, 14), (19, 14), (18, 14), (17, 14), (16, 14), (15, 14), (14, 14), (13, 14), (12, 14), (12, 15), (11, 15), (10, 15), (9, 15), (9, 16), (8, 16), (8, 17), (8, 18), (7, 18), (7, 19), (6, 19), (6, 20), (6, 21), (6, 22), (7, 22), (8, 22), (8, 23), (8, 24), (8, 25), (8, 26), (8, 27), (8, 28), (8, 28)]}, 48)