

CBSS-C STATS
starts:[613, 110, 686, 367, 130]
targets:[873, 835, 221, 763, 1014, 75, 507, 941, 413, 388, 609, 771, 751, 489, 244, 277, 976, 651, 1000, 919, 105, 754, 323, 25, 814, 910, 598, 730, 929, 0, 785, 281, 187, 848, 608, 787, 482, 578, 265, 588]
dests:[674, 250, 106, 922, 13]
ac_dict:{873: {0, 1}, 835: {1, 2}, 221: {2, 3}, 763: {3, 4}, 674: {0}, 250: {1}, 106: {2}, 922: {3}, 13: {4}}
clusters:[ 4  8  9 20 13  6  0  3 16 12  3  4 21 19 11 14  2 24  5  6 11  1  7  7
  2 17 23  1  9 14 10  5 18 10 12 15  8 22  0 13]

round: 1
best_g_value: 172.0
open_list_size: 0
num_low_level_expanded: 353
search_success: 1
search_time: 5.32222561800063
n_tsp_call: 1
n_tsp_time: 5.27827487400009
n_roots: 1
num_conflicts: 0
target_assignment: {388: 0, 323: 0, 482: 0, 578: 0, 771: 0, 751: 2, 787: 2, 785: 2, 814: 2, 910: 2, 941: 2, 651: 2, 588: 2, 489: 2, 277: 3, 281: 3, 187: 3, 221: 3, 413: 3, 507: 3, 598: 3, 730: 3, 763: 3, 105: 4, 75: 4}
cluster_target_selection: {12: 388, 7: 323, 8: 482, 22: 578, 4: 771, 21: 751, 15: 787, 10: 785, 2: 814, 17: 910, 3: 941, 24: 651, 13: 588, 19: 489, 14: 277, 5: 281, 18: 187, 9: 221, 16: 413, 0: 507, 23: 598, 1: 730, 20: 763, 11: 105, 6: 75}
num_nodes_transformed_graph: 99
agent_paths:({0: [(5, 19), (5, 18), (5, 17), (5, 16), (5, 15), (5, 14), (5, 13), (4, 13), (4, 12), (3, 12), (3, 11), (3, 10), (2, 10), (2, 11), (2, 12), (2, 13), (2, 14), (2, 15), (2, 16), (2, 17), (2, 18), (2, 19), (2, 20), (3, 20), (3, 21), (3, 22), (3, 23), (3, 24), (2, 24), (2, 23), (2, 22), (2, 21), (2, 21)], 1: [(14, 3), (14, 4), (14, 5), (15, 5), (16, 5), (17, 5), (18, 5), (19, 5), (19, 6), (20, 6), (21, 6), (22, 6), (23, 6), (24, 6), (25, 6), (26, 6), (26, 7), (26, 7)], 2: [(14, 21), (15, 21), (15, 22), (15, 23), (16, 23), (17, 23), (18, 23), (19, 23), (19, 24), (18, 24), (17, 24), (16, 24), (15, 24), (14, 24), (14, 25), (13, 25), (13, 26), (13, 27), (14, 27), (14, 28), (13, 28), (13, 29), (12, 29), (11, 29), (11, 28), (11, 27), (11, 26), (11, 25), (11, 24), (11, 23), (11, 22), (11, 21), (11, 20), (11, 19), (11, 18), (12, 18), (11, 18), (10, 18), (9, 18), (9, 17), (9, 16), (9, 15), (9, 14), (10, 14), (10, 13), (10, 12), (10, 11), (10, 10), (10, 9), (10, 8), (10, 7), (10, 6), (10, 5), (10, 4), (10, 3), (10, 3)], 3: [(15, 11), (15, 10), (15, 9), (16, 9), (17, 9), (18, 9), (19, 9), (20, 9), (20, 8), (21, 8), (22, 8), (23, 8), (24, 8), (25, 8), (25, 7), (25, 6), (25, 5), (26, 5), (27, 5), (28, 5), (29, 5), (29, 6), (29, 7), (29, 8), (29, 9), (29, 10), (29, 11), (29, 12), (28, 12), (28, 13), (27, 13), (27, 14), (27, 15), (26, 15), (25, 15), (24, 15), (23, 15), (22, 15), (22, 16), (22, 17), (22, 18), (23, 18), (24, 18), (25, 18), (25, 19), (25, 20), (26, 20), (26, 21), (26, 22), (27, 22), (27, 23), (26, 23), (26, 24), (26, 25), (26, 26), (26, 27), (26, 28), (26, 28)], 4: [(2, 4), (2, 3), (3, 3), (4, 3), (5, 3), (6, 3), (7, 3), (8, 3), (9, 3), (9, 2), (10, 2), (11, 2), (11, 1), (11, 0), (12, 0), (13, 0), (13, 0)]}, 56)