

CBSS-C STATS
starts:[816, 423]
targets:[81, 454, 344, 272, 597, 997, 857, 587, 287, 279, 184, 575, 51, 237, 28, 928, 45, 414, 652, 94, 437, 449, 772, 865, 471, 688, 777, 859, 419, 748, 58, 936, 212, 153, 714, 968, 210, 41, 499, 387, 757, 440, 1014, 74, 546, 274, 190, 227, 61, 1019, 586, 95, 438, 93, 616, 560, 367, 55, 110, 841, 843, 336, 637, 328, 66, 60, 993, 334, 100, 549, 916, 222, 179, 976, 39, 36, 156, 594, 557, 357, 842, 849, 596, 292, 786, 599, 992, 167, 951, 223, 235, 689, 662, 76, 721, 99, 352, 181, 892, 903]
dests:[162, 709]
ac_dict:{81: {0, 1}, 162: {0}, 709: {1}}
clusters:[31 25 23 14 10  7  9 24  9 38 37 12  8 30  8 15 14 34 27  7  3  1  5 32
 37 13  5  4  6 17 25 19 30 29 38 19  8 20 12 21 34 21 35 18 21 38 37 14
 38  1 31 37 21 22 14  4 26  0 20 35 31 14  2 31 15 11 13 33 39 35 14 14
 28 21 27  2 19 16 22  5  2 38 20 33  5  0  8 14  5 19 36  2 21 32  8 10
 32 21 38 26]

round: 1
best_g_value: 425.0
open_list_size: 0
num_low_level_expanded: 278
search_success: 1
search_time: 48.907538147002924
n_tsp_call: 1
n_tsp_time: 48.737304155001766
n_roots: 1
num_conflicts: 0
target_assignment: {688: 0, 560: 0, 594: 0, 499: 0, 437: 0, 344: 0, 414: 0, 287: 0, 223: 0, 222: 0, 190: 0, 94: 0, 93: 0, 61: 0, 60: 0, 153: 0, 55: 0, 179: 0, 210: 0, 367: 0, 334: 0, 237: 0, 235: 0, 76: 0, 74: 0, 41: 0, 36: 0, 100: 0, 99: 0, 66: 0, 454: 1, 419: 1, 449: 1, 546: 1, 549: 1, 586: 1, 587: 1, 652: 1, 748: 1, 777: 1}
cluster_target_selection: {13: 688, 4: 560, 16: 594, 12: 499, 3: 437, 23: 344, 34: 414, 9: 287, 19: 223, 14: 222, 37: 190, 7: 94, 22: 93, 38: 61, 11: 60, 29: 153, 0: 55, 28: 179, 8: 210, 26: 367, 33: 334, 30: 237, 36: 235, 32: 76, 18: 74, 20: 41, 2: 36, 39: 100, 10: 99, 15: 66, 25: 454, 6: 419, 1: 449, 21: 546, 35: 549, 31: 586, 24: 587, 27: 652, 17: 748, 5: 777}
num_nodes_transformed_graph: 204
agent_paths:({0: [(16, 25), (16, 24), (16, 23), (16, 22), (16, 21), (16, 20), (16, 19), (16, 18), (16, 17), (17, 17), (18, 17), (18, 18), (18, 17), (19, 17), (19, 16), (19, 15), (19, 14), (19, 13), (20, 13), (21, 13), (21, 12), (21, 11), (21, 10), (22, 10), (23, 10), (24, 10), (25, 10), (26, 10), (27, 10), (28, 10), (29, 10), (30, 10), (30, 11), (30, 12), (30, 11), (30, 10), (30, 9), (30, 8), (31, 8), (31, 7), (31, 6), (30, 6), (30, 5), (30, 4), (30, 3), (30, 2), (29, 2), (29, 1), (28, 1), (27, 1), (27, 2), (27, 3), (26, 3), (25, 3), (25, 4), (25, 3), (24, 3), (23, 3), (23, 2), (23, 1), (22, 1), (22, 2), (21, 2), (20, 2), (20, 3), (19, 3), (19, 4), (19, 5), (18, 5), (18, 6), (17, 6), (16, 6), (16, 7), (16, 8), (16, 9), (15, 9), (15, 10), (15, 11), (14, 11), (14, 10), (13, 10), (13, 9), (13, 8), (13, 7), (12, 7), (11, 7), (11, 6), (11, 5), (11, 4), (11, 3), (11, 2), (12, 2), (11, 2), (10, 2), (9, 2), (9, 1), (8, 1), (7, 1), (6, 1), (5, 1), (4, 1), (4, 2), (4, 3), (3, 3), (2, 3), (2, 2), (2, 3), (2, 4), (2, 5), (2, 5)], 1: [(7, 13), (6, 13), (6, 14), (5, 14), (5, 13), (4, 13), (3, 13), (2, 13), (1, 13), (1, 14), (2, 14), (2, 15), (2, 16), (2, 17), (3, 17), (4, 17), (5, 17), (6, 17), (7, 17), (8, 17), (9, 17), (10, 17), (10, 18), (11, 18), (12, 18), (12, 19), (12, 20), (12, 21), (12, 22), (12, 23), (11, 23), (10, 23), (9, 23), (9, 24), (8, 24), (7, 24), (7, 23), (6, 23), (5, 23), (5, 22), (5, 22)]}, 108)