

CBSS-C STATS
starts:[88, 448, 778, 874, 216]
targets:[798, 992, 988, 598, 312, 637, 252, 276, 980, 742, 897, 829, 5, 987, 77, 295, 563, 54, 486, 374, 560, 818, 687, 240, 991, 529, 89, 1003, 3, 404, 347, 371, 544, 41, 782, 116, 408, 32, 650, 481]
dests:[680, 952, 803, 540, 752]
ac_dict:{798: {0, 1}, 992: {1, 2}, 988: {2, 3}, 598: {3, 4}, 680: {0}, 952: {1}, 803: {2}, 540: {3}, 752: {4}}
clusters:[ 6  8  9 15  2 12  8 12 14  7  4 15 20 22 14  6 12 16 10 13  2  1 11  4
 23 24 19 14  3 17  0 14  4 18 23  0 19 21  5 19]

round: 1
best_g_value: 196.0
open_list_size: 0
num_low_level_expanded: 379
search_success: 1
search_time: 1.77036109600067
n_tsp_call: 1
n_tsp_time: 1.7259156590007478
n_roots: 1
num_conflicts: 0
target_assignment: {54: 0, 41: 0, 32: 0, 3: 0, 5: 0, 481: 1, 544: 1, 486: 1, 295: 1, 650: 1, 687: 1, 782: 1, 818: 1, 742: 2, 980: 3, 987: 3, 988: 3, 829: 3, 637: 3, 252: 4, 347: 4, 374: 4, 404: 4, 529: 4, 560: 4}
cluster_target_selection: {16: 54, 18: 41, 21: 32, 3: 3, 20: 5, 19: 481, 4: 544, 10: 486, 6: 295, 5: 650, 11: 687, 23: 782, 1: 818, 7: 742, 14: 980, 22: 987, 9: 988, 15: 829, 12: 637, 8: 252, 0: 347, 13: 374, 17: 404, 24: 529, 2: 560}
num_nodes_transformed_graph: 99
agent_paths:({0: [(24, 2), (23, 2), (22, 2), (22, 1), (22, 0), (21, 0), (20, 0), (19, 0), (19, 1), (18, 1), (17, 1), (16, 1), (15, 1), (14, 1), (13, 1), (12, 1), (11, 1), (10, 1), (9, 1), (8, 1), (7, 1), (6, 1), (5, 1), (4, 1), (3, 1), (2, 1), (1, 1), (0, 1), (0, 0), (1, 0), (2, 0), (3, 0), (4, 0), (5, 0), (5, 1), (5, 2), (5, 3), (5, 4), (5, 5), (5, 6), (5, 7), (5, 8), (5, 9), (6, 9), (6, 10), (6, 11), (6, 12), (6, 13), (6, 14), (6, 15), (7, 15), (7, 16), (8, 16), (8, 17), (8, 18), (8, 19), (8, 20), (8, 21), (8, 21)], 1: [(0, 14), (1, 14), (1, 15), (1, 16), (1, 17), (0, 17), (1, 17), (1, 16), (1, 15), (2, 15), (3, 15), (4, 15), (5, 15), (6, 15), (6, 14), (6, 13), (6, 12), (6, 11), (6, 10), (6, 9), (7, 9), (7, 10), (8, 10), (9, 10), (10, 10), (10, 11), (10, 12), (10, 13), (10, 14), (10, 15), (10, 16), (10, 17), (10, 18), (10, 19), (10, 20), (11, 20), (12, 20), (13, 20), (14, 20), (15, 20), (15, 21), (15, 22), (15, 23), (14, 23), (14, 24), (15, 24), (16, 24), (17, 24), (18, 24), (18, 25), (19, 25), (20, 25), (21, 25), (22, 25), (23, 25), (24, 25), (24, 26), (24, 27), (24, 28), (24, 29), (24, 29)], 2: [(10, 24), (9, 24), (8, 24), (7, 24), (7, 23), (6, 23), (5, 23), (4, 23), (3, 23), (3, 24), (3, 25), (3, 25)], 3: [(10, 27), (11, 27), (12, 27), (13, 27), (14, 27), (15, 27), (16, 27), (17, 27), (18, 27), (19, 27), (20, 27), (20, 28), (20, 29), (20, 30), (21, 30), (22, 30), (23, 30), (24, 30), (25, 30), (26, 30), (27, 30), (28, 30), (28, 29), (28, 28), (28, 27), (29, 27), (29, 26), (29, 25), (29, 24), (29, 23), (29, 22), (29, 21), (29, 20), (29, 19), (29, 18), (29, 17), (29, 16), (28, 16), (28, 16)], 4: [(24, 6), (25, 6), (26, 6), (27, 6), (28, 6), (28, 7), (27, 7), (27, 8), (27, 9), (27, 10), (26, 10), (25, 10), (24, 10), (23, 10), (22, 10), (22, 11), (21, 11), (21, 12), (20, 12), (19, 12), (18, 12), (17, 12), (17, 13), (17, 14), (17, 15), (17, 16), (16, 16), (16, 17), (16, 18), (16, 19), (16, 20), (16, 21), (16, 22), (16, 23), (16, 23)]}, 59)