

CBSS-C STATS
starts:[804, 489, 1012, 483, 175]
targets:[154, 438, 719, 546, 340, 326, 200, 870, 724, 42]
dests:[807, 1002, 1017, 252, 490]
ac_dict:{154: {0, 1}, 438: {1, 2}, 719: {2, 3}, 546: {3, 4}, 807: {0}, 1002: {1}, 1017: {2}, 252: {3}, 490: {4}}
clusters:[4 2 3 4 3 0 3 1 2 1]

round: 1
best_g_value: 103.0
open_list_size: 0
num_low_level_expanded: 332
search_success: 1
search_time: 0.21141842287033796
n_tsp_call: 1
n_tsp_time: 0.19564235536381602
n_roots: 1
num_conflicts: 0
target_assignment: {870: 0, 546: 3, 719: 3, 724: 3, 326: 4}
cluster_target_selection: {1: 870, 4: 546, 3: 719, 2: 724, 0: 326}
num_nodes_transformed_graph: 48
agent_paths:({0: [(4, 25), (5, 25), (6, 25), (6, 26), (6, 27), (6, 26), (6, 25), (7, 25), (7, 25)], 1: [(9, 15), (10, 15), (10, 16), (10, 17), (10, 18), (10, 19), (10, 20), (10, 21), (10, 22), (10, 23), (10, 24), (10, 25), (10, 26), (10, 27), (10, 28), (10, 29), (10, 30), (10, 31), (10, 31)], 2: [(20, 31), (21, 31), (22, 31), (22, 30), (23, 30), (24, 30), (25, 30), (25, 31), (25, 31)], 3: [(3, 15), (2, 15), (2, 16), (2, 17), (3, 17), (4, 17), (5, 17), (6, 17), (7, 17), (8, 17), (9, 17), (10, 17), (11, 17), (12, 17), (13, 17), (14, 17), (14, 18), (14, 19), (15, 19), (15, 20), (15, 21), (15, 22), (16, 22), (17, 22), (18, 22), (19, 22), (20, 22), (20, 21), (20, 20), (20, 19), (20, 18), (20, 17), (20, 16), (21, 16), (21, 15), (21, 14), (21, 13), (21, 12), (21, 11), (21, 10), (21, 9), (21, 8), (22, 8), (23, 8), (24, 8), (25, 8), (25, 7), (26, 7), (27, 7), (28, 7), (28, 7)], 4: [(15, 5), (14, 5), (13, 5), (12, 5), (11, 5), (10, 5), (10, 6), (9, 6), (8, 6), (7, 6), (7, 7), (7, 8), (7, 9), (6, 9), (6, 10), (7, 10), (8, 10), (9, 10), (10, 10), (10, 11), (10, 12), (10, 13), (10, 14), (10, 15), (10, 15)]}, 49)