

CBSS-C STATS
starts:[721, 113, 883, 230, 1004]
targets:[201, 820, 373, 377, 1011, 468, 920, 948, 374, 579, 444, 197, 724, 865, 74, 553, 782, 393, 521, 406, 363, 930, 851, 850, 630, 404, 1006, 569, 148, 401, 5, 527, 342, 646, 669, 195, 828, 225, 219, 386, 618, 216, 89, 309, 1019, 233, 212, 993, 624, 1000]
dests:[39, 1001, 595, 403, 344]
ac_dict:{201: {0, 1}, 820: {1, 2}, 373: {2, 3}, 377: {3, 4}, 39: {0}, 1001: {1}, 595: {2}, 403: {3}, 344: {4}}
clusters:[ 1 17 11 14 21  2 13  1  9  2  5  6 16  3 26  9  4 28 11 19 19  7  8 15
 10  5 23 18  4  6  0 20 27 12 12 29 10  7 16 25 13  3 22 14 15 17 18  0
  8 24]

round: 1
best_g_value: 187.0
open_list_size: 0
num_low_level_expanded: 373
search_success: 1
search_time: 4.604288090000409
n_tsp_call: 1
n_tsp_time: 4.547275353999794
n_roots: 1
num_conflicts: 0
target_assignment: {624: 0, 527: 0, 521: 0, 393: 0, 386: 0, 225: 0, 195: 0, 5: 0, 74: 0, 1006: 4, 1011: 4, 948: 4, 850: 4, 724: 4, 630: 4, 406: 4, 374: 4, 342: 4, 820: 2, 401: 3, 148: 1, 89: 1, 216: 1, 212: 1, 309: 1, 404: 1, 468: 1, 618: 1, 646: 1, 1000: 1}
cluster_target_selection: {8: 624, 20: 527, 11: 521, 28: 393, 25: 386, 7: 225, 29: 195, 0: 5, 26: 74, 23: 1006, 21: 1011, 1: 948, 15: 850, 16: 724, 10: 630, 19: 406, 9: 374, 27: 342, 17: 820, 6: 401, 4: 148, 22: 89, 3: 216, 18: 212, 14: 309, 5: 404, 2: 468, 13: 618, 12: 646, 24: 1000}
num_nodes_transformed_graph: 123
agent_paths:({0: [(17, 22), (16, 22), (16, 21), (16, 20), (16, 19), (16, 18), (16, 17), (15, 17), (15, 16), (14, 16), (13, 16), (12, 16), (11, 16), (10, 16), (9, 16), (9, 15), (9, 14), (10, 14), (10, 13), (10, 12), (9, 12), (8, 12), (8, 13), (7, 13), (6, 13), (5, 13), (4, 13), (3, 13), (2, 13), (2, 12), (1, 12), (1, 11), (1, 10), (1, 9), (1, 8), (1, 7), (1, 6), (2, 6), (3, 6), (3, 5), (3, 4), (3, 3), (3, 2), (3, 1), (3, 0), (4, 0), (5, 0), (6, 0), (6, 1), (7, 1), (8, 1), (9, 1), (10, 1), (10, 2), (9, 2), (9, 1), (8, 1), (7, 1), (7, 1)], 1: [(17, 3), (18, 3), (19, 3), (20, 3), (20, 4), (20, 3), (20, 2), (21, 2), (22, 2), (23, 2), (24, 2), (25, 2), (25, 3), (25, 4), (25, 5), (24, 5), (24, 6), (23, 6), (22, 6), (21, 6), (20, 6), (21, 6), (21, 7), (21, 8), (21, 9), (21, 10), (21, 11), (21, 12), (20, 12), (20, 13), (20, 14), (19, 14), (18, 14), (17, 14), (16, 14), (15, 14), (14, 14), (13, 14), (12, 14), (11, 14), (10, 14), (10, 15), (10, 16), (10, 17), (10, 18), (10, 19), (9, 19), (8, 19), (7, 19), (6, 19), (6, 20), (7, 20), (8, 20), (8, 21), (8, 22), (8, 23), (8, 24), (8, 25), (8, 26), (8, 27), (8, 28), (8, 29), (8, 30), (8, 31), (9, 31), (9, 31)], 2: [(19, 27), (19, 26), (19, 25), (20, 25), (19, 25), (19, 24), (19, 23), (19, 22), (19, 21), (19, 20), (19, 19), (19, 18), (19, 18)], 3: [(6, 7), (7, 7), (7, 8), (8, 8), (9, 8), (10, 8), (11, 8), (11, 9), (11, 10), (12, 10), (13, 10), (14, 10), (15, 10), (16, 10), (16, 11), (17, 11), (17, 12), (18, 12), (19, 12), (19, 12)], 4: [(12, 31), (13, 31), (14, 31), (15, 31), (16, 31), (17, 31), (18, 31), (19, 31), (19, 30), (19, 29), (20, 29), (19, 29), (18, 29), (18, 28), (18, 27), (18, 26), (18, 25), (18, 24), (18, 23), (18, 22), (19, 22), (20, 22), (20, 21), (20, 20), (20, 19), (21, 19), (22, 19), (22, 18), (22, 17), (22, 16), (22, 15), (22, 14), (22, 13), (22, 12), (22, 11), (22, 10), (23, 10), (24, 10), (24, 10)]}, 64)