

CBSS-C STATS
starts:[650, 352]
targets:[70, 626, 261, 385, 41, 665, 255, 813, 1004, 809, 346, 825, 946, 494, 166, 144, 114, 960, 265, 622, 208, 862, 938, 769, 797, 732, 712, 864, 102, 284, 777, 672, 313, 734, 819, 8, 93, 54, 28, 884, 274, 559, 630, 520, 273, 68, 581, 510, 919, 281, 472, 821, 135, 566, 496, 700, 297, 785, 471, 252, 962, 413, 417, 190, 801, 924, 679, 347, 984, 916, 257, 573, 217, 710, 163, 280, 295, 3, 477, 138, 118, 628, 386, 302, 19, 285, 877, 992, 814, 1012, 778, 771, 930, 728, 548, 914, 330, 848, 666, 59]
dests:[727, 97]
ac_dict:{70: {0, 1}, 727: {0}, 97: {1}}
clusters:[34 38 15 31 20 37 11 28 34  3 15 29 39 38 10  5  4 23 19 34 23 32 30 22
  7 26 18  5 11  2 26 29 26 24 13  8 21 10 29 20 21 26  3  9 14 10 13 27
 25 11 13 36 17 28 27  0 18 37 11 25 20  3 36 14 25 11  3 12 28 22 14 22
 27  4 30 25  6 11 32  1  6 36 13  4  4 14  6 39 31 33 30 13 30 26 16 28
 30 35  6 26]

round: 1
best_g_value: 438.0
open_list_size: 0
num_low_level_expanded: 316
search_success: 1
search_time: 7.4758589530028985
n_tsp_call: 1
n_tsp_time: 7.369352606998291
n_roots: 1
num_conflicts: 0
target_assignment: {785: 0, 848: 0, 914: 0, 946: 0, 1012: 0, 916: 0, 884: 0, 821: 0, 825: 0, 797: 0, 734: 0, 732: 0, 700: 0, 477: 0, 347: 0, 346: 0, 284: 0, 252: 0, 217: 0, 118: 0, 114: 0, 144: 0, 208: 0, 273: 0, 274: 0, 626: 0, 630: 0, 385: 1, 386: 1, 548: 1, 520: 1, 330: 1, 297: 1, 265: 1, 138: 1, 135: 1, 102: 1, 70: 1, 8: 1, 68: 1}
cluster_target_selection: {37: 785, 35: 848, 28: 914, 39: 946, 33: 1012, 22: 916, 20: 884, 36: 821, 29: 825, 7: 797, 24: 734, 26: 732, 0: 700, 32: 477, 12: 347, 15: 346, 2: 284, 25: 252, 27: 217, 6: 118, 4: 114, 5: 144, 23: 208, 14: 273, 21: 274, 38: 626, 3: 630, 31: 385, 13: 386, 16: 548, 9: 520, 30: 330, 18: 297, 19: 265, 1: 138, 17: 135, 11: 102, 34: 70, 8: 8, 10: 68}
num_nodes_transformed_graph: 104
agent_paths:({0: [(10, 20), (11, 20), (12, 20), (13, 20), (14, 20), (15, 20), (16, 20), (17, 20), (17, 21), (17, 22), (17, 23), (17, 24), (16, 24), (16, 25), (16, 26), (17, 26), (18, 26), (18, 27), (18, 28), (18, 29), (19, 29), (20, 29), (20, 30), (20, 31), (20, 30), (20, 29), (20, 28), (20, 27), (20, 26), (20, 25), (21, 25), (22, 25), (23, 25), (24, 25), (25, 25), (25, 24), (26, 24), (27, 24), (28, 24), (29, 24), (29, 23), (29, 22), (30, 22), (29, 22), (28, 22), (28, 21), (28, 20), (29, 20), (29, 19), (29, 18), (29, 17), (29, 16), (29, 15), (29, 14), (28, 14), (28, 13), (28, 12), (28, 11), (27, 11), (27, 10), (26, 10), (27, 10), (27, 9), (27, 8), (28, 8), (28, 7), (27, 7), (26, 7), (25, 7), (25, 6), (24, 6), (23, 6), (23, 5), (23, 4), (22, 4), (22, 3), (21, 3), (20, 3), (19, 3), (18, 3), (17, 3), (16, 3), (16, 4), (16, 5), (16, 6), (17, 6), (17, 7), (17, 8), (18, 8), (18, 9), (18, 10), (18, 11), (18, 12), (18, 13), (18, 14), (18, 15), (17, 15), (17, 16), (17, 17), (18, 17), (18, 18), (18, 19), (19, 19), (20, 19), (21, 19), (22, 19), (23, 19), (23, 20), (23, 21), (23, 22), (23, 22)], 1: [(0, 11), (1, 11), (1, 12), (2, 12), (3, 12), (3, 13), (3, 14), (3, 15), (4, 15), (4, 16), (4, 17), (4, 16), (5, 16), (6, 16), (7, 16), (8, 16), (9, 16), (9, 15), (9, 14), (10, 14), (10, 13), (10, 12), (10, 11), (10, 10), (9, 10), (9, 9), (9, 8), (9, 7), (9, 6), (10, 6), (10, 5), (10, 4), (9, 4), (8, 4), (7, 4), (6, 4), (6, 3), (6, 2), (6, 1), (7, 1), (8, 1), (8, 0), (8, 1), (7, 1), (6, 1), (5, 1), (4, 1), (4, 2), (3, 2), (2, 2), (1, 2), (1, 3), (1, 3)]}, 109)