

CBSS-C STATS
starts:[104, 436, 739, 953, 472]
targets:[766, 962, 587, 561, 755, 505, 399, 743, 317, 42]
dests:[108, 321, 364, 420, 80]
ac_dict:{766: {0, 1}, 962: {1, 2}, 587: {2, 3}, 561: {3, 4}, 108: {0}, 321: {1}, 364: {2}, 420: {3}, 80: {4}}
clusters:[1 1 0 0 1 1 0 1 0 0]

round: 1
best_g_value: 104.0
open_list_size: 0
num_low_level_expanded: 360
search_success: 1
search_time: 0.14988170843571424
n_tsp_call: 1
n_tsp_time: 0.13416685676202178
n_roots: 1
num_conflicts: 0
target_assignment: {755: 3, 561: 3}
cluster_target_selection: {1: 755, 0: 561}
num_nodes_transformed_graph: 48
agent_paths:({0: [(8, 3), (9, 3), (10, 3), (11, 3), (12, 3), (12, 3)], 1: [(20, 13), (19, 13), (18, 13), (17, 13), (16, 13), (15, 13), (14, 13), (13, 13), (12, 13), (12, 12), (12, 11), (11, 11), (10, 11), (9, 11), (9, 10), (8, 10), (7, 10), (6, 10), (5, 10), (4, 10), (3, 10), (2, 10), (1, 10), (1, 10)], 2: [(3, 23), (3, 22), (4, 22), (5, 22), (5, 21), (5, 20), (5, 19), (5, 18), (5, 17), (5, 16), (5, 15), (5, 14), (5, 13), (6, 13), (7, 13), (8, 13), (8, 12), (9, 12), (9, 11), (10, 11), (11, 11), (12, 11), (12, 11)], 3: [(25, 29), (24, 29), (23, 29), (23, 28), (23, 27), (22, 27), (21, 27), (20, 27), (19, 27), (19, 26), (19, 25), (19, 24), (19, 23), (18, 23), (18, 22), (18, 21), (18, 20), (18, 19), (18, 18), (18, 17), (17, 17), (16, 17), (15, 17), (14, 17), (13, 17), (12, 17), (11, 17), (10, 17), (9, 17), (8, 17), (7, 17), (6, 17), (5, 17), (5, 16), (5, 15), (5, 14), (5, 13), (4, 13), (4, 13)], 4: [(24, 14), (23, 14), (22, 14), (21, 14), (20, 14), (19, 14), (18, 14), (17, 14), (16, 14), (16, 13), (16, 12), (16, 11), (16, 10), (16, 9), (16, 8), (16, 7), (16, 6), (16, 5), (16, 4), (16, 3), (16, 2), (16, 2)]}, 37)