

CBSS-C STATS
starts:[826, 712, 805, 453, 734]
targets:[228, 159, 130, 892, 568, 20, 911, 231, 529, 626, 348, 414, 599, 991, 772, 766, 932, 555, 30, 861, 160, 326, 257, 941, 638, 830, 454, 551, 757, 715, 189, 622, 897, 220, 319, 462, 19, 358, 346, 70]
dests:[507, 852, 801, 226, 21]
ac_dict:{228: {0, 1}, 159: {1, 2}, 130: {2, 3}, 892: {3, 4}, 507: {0}, 852: {1}, 801: {2}, 226: {3}, 21: {4}}
clusters:[ 4 18  6 23  0 12  1  3  2  8 24 16 13 20  8  2  3 17 15 12 11  4  1 10
 13  5  7  6  0  7  9 22 21 10 14 11  5  9 19 14]

round: 1
best_g_value: 182.0
open_list_size: 0
num_low_level_expanded: 535
search_success: 1
search_time: 3.9574488369999017
n_tsp_call: 1
n_tsp_time: 3.910659424000187
n_roots: 1
num_conflicts: 0
target_assignment: {766: 4, 830: 4, 991: 4, 892: 4, 861: 4, 454: 3, 358: 3, 326: 3, 257: 3, 551: 1, 555: 1, 622: 1, 462: 1, 346: 1, 348: 1, 220: 1, 30: 1, 159: 1, 319: 1, 414: 1, 599: 1, 757: 1, 772: 2, 932: 2, 897: 2}
cluster_target_selection: {2: 766, 5: 830, 20: 991, 23: 892, 12: 861, 7: 454, 9: 358, 4: 326, 1: 257, 6: 551, 17: 555, 22: 622, 11: 462, 19: 346, 24: 348, 10: 220, 15: 30, 18: 159, 14: 319, 16: 414, 13: 599, 0: 757, 8: 772, 3: 932, 21: 897}
num_nodes_transformed_graph: 104
agent_paths:({0: [(26, 25), (26, 24), (26, 23), (26, 22), (26, 21), (26, 20), (27, 20), (27, 19), (27, 18), (27, 17), (27, 16), (27, 15), (27, 15)], 1: [(8, 22), (7, 22), (7, 21), (7, 20), (7, 19), (7, 18), (7, 17), (8, 17), (9, 17), (10, 17), (11, 17), (12, 17), (13, 17), (14, 17), (14, 18), (14, 19), (14, 18), (14, 17), (14, 16), (14, 15), (14, 14), (14, 13), (14, 12), (14, 11), (15, 11), (16, 11), (17, 11), (18, 11), (18, 10), (19, 10), (20, 10), (21, 10), (22, 10), (23, 10), (24, 10), (25, 10), (26, 10), (27, 10), (28, 10), (28, 9), (28, 8), (28, 7), (28, 6), (28, 5), (28, 4), (28, 3), (28, 2), (28, 1), (28, 0), (29, 0), (30, 0), (30, 1), (30, 2), (31, 2), (31, 3), (31, 4), (31, 5), (31, 6), (31, 7), (31, 8), (31, 9), (30, 9), (30, 10), (30, 11), (30, 12), (29, 12), (28, 12), (28, 13), (27, 13), (26, 13), (25, 13), (24, 13), (23, 13), (23, 14), (23, 15), (23, 16), (23, 17), (23, 18), (22, 18), (21, 18), (21, 19), (21, 20), (21, 21), (21, 22), (21, 23), (22, 23), (22, 24), (22, 25), (21, 25), (20, 25), (20, 26), (20, 26)], 2: [(5, 25), (4, 25), (4, 24), (4, 25), (4, 26), (4, 27), (4, 28), (4, 29), (3, 29), (2, 29), (1, 29), (1, 28), (1, 27), (0, 27), (0, 26), (0, 25), (1, 25), (1, 25)], 3: [(5, 14), (6, 14), (6, 13), (6, 12), (6, 11), (6, 10), (5, 10), (4, 10), (3, 10), (2, 10), (1, 10), (1, 9), (1, 8), (1, 7), (2, 7), (2, 7)], 4: [(30, 22), (30, 23), (30, 24), (30, 25), (30, 26), (30, 27), (31, 27), (31, 28), (31, 29), (31, 30), (30, 30), (29, 30), (28, 30), (28, 29), (28, 28), (28, 27), (29, 27), (29, 26), (29, 25), (28, 25), (27, 25), (26, 25), (26, 24), (26, 23), (26, 22), (26, 21), (25, 21), (25, 20), (25, 19), (25, 18), (25, 17), (25, 16), (25, 15), (25, 14), (25, 13), (25, 12), (25, 11), (25, 10), (25, 9), (25, 8), (25, 7), (25, 6), (24, 6), (23, 6), (23, 5), (23, 4), (22, 4), (22, 3), (22, 2), (22, 1), (22, 0), (21, 0), (21, 0)]}, 90)