

CBSS-C STATS
starts:[406, 403, 968, 303, 673]
targets:[712, 959, 167, 912, 348, 345, 862, 887, 257, 103, 487, 605, 505, 12, 460, 109, 595, 390, 814, 330, 659, 872, 19, 631, 630, 64, 215, 775, 278, 545, 552, 424, 719, 971, 86, 1007, 294, 309, 655, 162]
dests:[930, 958, 15, 985, 849]
ac_dict:{712: {0, 1}, 959: {1, 2}, 167: {2, 3}, 912: {3, 4}, 930: {0}, 958: {1}, 15: {2}, 985: {3}, 849: {4}}
clusters:[ 9 20  2  0  8  5  2 17 13  1  3 15 12  0 18  6 24 11 19  4  5  4  7 14
  1 16 13 22  9 21  6  8 12  3 10 23 14 11 10  7]

round: 1
best_g_value: 196.0
open_list_size: 0
num_low_level_expanded: 406
search_success: 1
search_time: 18.75971771000013
n_tsp_call: 1
n_tsp_time: 18.681051059999845
n_roots: 1
num_conflicts: 0
target_assignment: {460: 0, 655: 0, 719: 0, 1007: 0, 971: 0, 872: 2, 552: 2, 545: 2, 257: 2, 162: 2, 64: 2, 12: 2, 775: 4, 814: 4, 595: 3, 630: 3, 631: 3, 887: 3, 309: 1, 278: 1, 345: 1, 348: 1, 605: 1, 862: 1, 959: 1}
cluster_target_selection: {18: 460, 10: 655, 12: 719, 23: 1007, 3: 971, 4: 872, 6: 552, 21: 545, 13: 257, 7: 162, 16: 64, 0: 12, 22: 775, 19: 814, 24: 595, 1: 630, 14: 631, 17: 887, 11: 309, 9: 278, 5: 345, 8: 348, 15: 605, 2: 862, 20: 959}
num_nodes_transformed_graph: 198
agent_paths:({0: [(22, 12), (21, 12), (20, 12), (19, 12), (18, 12), (17, 12), (16, 12), (15, 12), (14, 12), (14, 13), (13, 13), (12, 13), (12, 14), (13, 14), (14, 14), (14, 15), (14, 16), (14, 17), (14, 18), (14, 19), (15, 19), (15, 20), (15, 21), (15, 22), (15, 23), (15, 24), (15, 25), (15, 26), (15, 27), (15, 28), (15, 29), (14, 29), (14, 30), (14, 31), (15, 31), (14, 31), (13, 31), (12, 31), (11, 31), (11, 30), (10, 30), (9, 30), (8, 30), (7, 30), (6, 30), (5, 30), (5, 29), (4, 29), (3, 29), (2, 29), (2, 29)], 1: [(19, 12), (19, 11), (19, 10), (19, 9), (20, 9), (21, 9), (21, 8), (22, 8), (23, 8), (24, 8), (25, 8), (25, 9), (25, 10), (26, 10), (27, 10), (28, 10), (29, 10), (29, 11), (29, 12), (29, 13), (29, 14), (29, 15), (29, 16), (29, 17), (29, 18), (29, 19), (29, 20), (29, 21), (29, 22), (30, 22), (30, 23), (30, 24), (30, 25), (30, 26), (30, 27), (31, 27), (31, 28), (31, 29), (30, 29), (30, 29)], 2: [(8, 30), (8, 29), (8, 28), (8, 27), (8, 26), (8, 25), (8, 24), (8, 23), (8, 22), (8, 21), (8, 20), (8, 19), (8, 18), (8, 17), (7, 17), (6, 17), (5, 17), (4, 17), (3, 17), (2, 17), (1, 17), (1, 16), (1, 15), (1, 14), (1, 13), (1, 12), (1, 11), (1, 10), (1, 9), (1, 8), (1, 7), (1, 6), (1, 5), (2, 5), (1, 5), (1, 4), (1, 3), (0, 3), (0, 2), (0, 1), (1, 1), (2, 1), (3, 1), (4, 1), (5, 1), (6, 1), (7, 1), (8, 1), (8, 0), (9, 0), (10, 0), (11, 0), (12, 0), (13, 0), (14, 0), (15, 0), (15, 0)], 3: [(15, 9), (16, 9), (17, 9), (18, 9), (19, 9), (19, 10), (19, 11), (19, 12), (19, 13), (19, 14), (19, 15), (19, 16), (19, 17), (19, 18), (20, 18), (21, 18), (22, 18), (22, 19), (23, 19), (23, 20), (23, 21), (23, 22), (24, 22), (24, 23), (24, 24), (23, 24), (23, 25), (23, 26), (23, 27), (24, 27), (25, 27), (25, 28), (25, 29), (25, 30), (25, 30)], 4: [(1, 21), (2, 21), (3, 21), (3, 22), (4, 22), (5, 22), (6, 22), (7, 22), (7, 23), (7, 24), (8, 24), (9, 24), (10, 24), (11, 24), (12, 24), (13, 24), (14, 24), (14, 25), (15, 25), (16, 25), (17, 25), (17, 26), (17, 26)]}, 55)