

CBSS-C STATS
starts:[311, 291, 217, 823, 566, 413, 590, 809, 23, 955]
targets:[910, 447, 1020, 336, 2, 417, 428, 856, 678, 745]
dests:[487, 230, 519, 772, 599, 422, 191, 905, 511, 433]
ac_dict:{910: {0, 1}, 447: {1, 2}, 1020: {2, 3}, 336: {3, 4}, 2: {4, 5}, 417: {5, 6}, 428: {6, 7}, 856: {8, 7}, 678: {8, 9}, 487: {0}, 230: {1}, 519: {2}, 772: {3}, 599: {4}, 422: {5}, 191: {6}, 905: {7}, 511: {8}, 433: {9}}
clusters:[1 3 1 3 2 3 0 4 4 3]

round: 6
best_g_value: 265.0
open_list_size: 5
num_low_level_expanded: 3786
search_success: 1
search_time: 0.3338995538651943
n_tsp_call: 1
n_tsp_time: 0.23339798813685775
n_roots: 1
num_conflicts: 5
target_assignment: {428: 6, 2: 5, 1020: 3, 745: 9, 678: 9}
cluster_target_selection: {0: 428, 2: 2, 1: 1020, 3: 745, 4: 678}
num_nodes_transformed_graph: 48
agent_paths:({0: [(23, 9), (22, 9), (21, 9), (20, 9), (19, 9), (18, 9), (17, 9), (16, 9), (15, 9), (14, 9), (14, 10), (14, 11), (14, 12), (14, 13), (13, 13), (12, 13), (12, 14), (11, 14), (10, 14), (9, 14), (9, 15), (9, 16), (8, 16), (7, 16), (7, 15), (7, 15)], 1: [(3, 9), (3, 8), (3, 7), (4, 7), (5, 7), (6, 7), (6, 7)], 2: [(25, 6), (24, 6), (23, 6), (22, 6), (21, 6), (20, 6), (19, 6), (18, 6), (17, 6), (16, 6), (15, 6), (14, 6), (13, 6), (12, 6), (11, 6), (10, 6), (10, 7), (10, 8), (10, 9), (10, 10), (10, 11), (10, 12), (10, 13), (10, 14), (9, 14), (9, 15), (9, 16), (8, 16), (7, 16), (7, 16)], 3: [(23, 25), (24, 25), (25, 25), (26, 25), (27, 25), (27, 26), (27, 27), (28, 27), (28, 28), (28, 29), (28, 30), (28, 31), (27, 31), (26, 31), (25, 31), (24, 31), (24, 30), (23, 30), (22, 30), (21, 30), (20, 30), (19, 30), (18, 30), (17, 30), (16, 30), (16, 29), (15, 29), (14, 29), (13, 29), (12, 29), (11, 29), (10, 29), (10, 28), (10, 27), (9, 27), (8, 27), (8, 26), (7, 26), (6, 26), (5, 26), (4, 26), (4, 25), (4, 24), (4, 24)], 4: [(22, 17), (23, 17), (23, 18), (23, 18)], 5: [(29, 12), (28, 12), (28, 11), (27, 11), (26, 11), (25, 11), (24, 11), (23, 11), (22, 11), (21, 11), (21, 10), (20, 10), (19, 10), (18, 10), (18, 9), (17, 9), (16, 9), (15, 9), (14, 9), (13, 9), (13, 8), (13, 7), (12, 7), (11, 7), (10, 7), (9, 7), (9, 6), (8, 6), (7, 6), (7, 5), (6, 5), (5, 5), (4, 5), (3, 5), (2, 5), (2, 4), (2, 3), (2, 2), (2, 1), (2, 0), (3, 0), (4, 0), (5, 0), (5, 1), (5, 2), (5, 3), (5, 4), (5, 5), (5, 6), (5, 7), (5, 8), (5, 9), (6, 9), (6, 10), (6, 11), (6, 12), (6, 13), (6, 13)], 6: [(14, 18), (13, 18), (12, 18), (12, 17), (12, 16), (12, 15), (12, 14), (12, 13), (12, 12), (12, 11), (12, 10), (13, 10), (13, 9), (13, 8), (13, 7), (13, 6), (14, 6), (15, 6), (16, 6), (17, 6), (18, 6), (19, 6), (20, 6), (21, 6), (22, 6), (23, 6), (23, 5), (24, 5), (25, 5), (26, 5), (27, 5), (28, 5), (29, 5), (30, 5), (31, 5), (31, 5)], 7: [(9, 25), (9, 26), (9, 27), (9, 28), (9, 28)], 8: [(23, 0), (24, 0), (24, 1), (24, 2), (25, 2), (25, 3), (26, 3), (27, 3), (28, 3), (28, 4), (29, 4), (29, 5), (29, 6), (29, 7), (29, 8), (29, 9), (29, 10), (29, 11), (29, 12), (29, 13), (29, 14), (30, 14), (31, 14), (31, 15), (31, 15)], 9: [(27, 29), (26, 29), (25, 29), (24, 29), (23, 29), (23, 28), (23, 27), (22, 27), (21, 27), (20, 27), (19, 27), (18, 27), (17, 27), (16, 27), (15, 27), (14, 27), (13, 27), (12, 27), (11, 27), (10, 27), (9, 27), (9, 26), (9, 25), (9, 24), (9, 23), (8, 23), (7, 23), (6, 23), (6, 22), (6, 21), (6, 20), (6, 19), (7, 19), (7, 18), (7, 17), (8, 17), (8, 16), (9, 16), (9, 15), (9, 14), (10, 14), (11, 14), (12, 14), (12, 13), (13, 13), (14, 13), (15, 13), (16, 13), (17, 13), (17, 13)]}, 56)