

CBSS-C STATS
starts:[223, 283, 87, 329, 2, 325, 494, 533, 734, 551]
targets:[523, 27, 224, 956, 356, 114, 281, 49, 957, 40]
dests:[267, 625, 762, 612, 904, 306, 12, 201, 401, 637]
ac_dict:{523: {0, 1}, 27: {1, 2}, 224: {2, 3}, 956: {3, 4}, 356: {4, 5}, 114: {5, 6}, 281: {6, 7}, 49: {8, 7}, 957: {8, 9}, 267: {0}, 625: {1}, 762: {2}, 612: {3}, 904: {4}, 306: {5}, 12: {6}, 201: {7}, 401: {8}, 637: {9}}
clusters:[4 4 1 0 3 2 1 3 1 3]

round: 2
best_g_value: 285.0
open_list_size: 1
num_low_level_expanded: 1283
search_success: 1
search_time: 0.2958903522230685
n_tsp_call: 1
n_tsp_time: 0.24351372197270393
n_roots: 1
num_conflicts: 1
target_assignment: {40: 4, 956: 4, 114: 6, 27: 2, 281: 7}
cluster_target_selection: {3: 40, 0: 956, 2: 114, 4: 27, 1: 281}
num_nodes_transformed_graph: 48
agent_paths:({0: [(31, 6), (30, 6), (29, 6), (28, 6), (27, 6), (26, 6), (25, 6), (24, 6), (23, 6), (22, 6), (21, 6), (20, 6), (19, 6), (18, 6), (17, 6), (16, 6), (15, 6), (14, 6), (13, 6), (12, 6), (11, 6), (11, 7), (11, 8), (11, 8)], 1: [(27, 8), (27, 9), (27, 10), (26, 10), (25, 10), (24, 10), (23, 10), (22, 10), (21, 10), (20, 10), (19, 10), (19, 11), (19, 12), (19, 13), (19, 14), (19, 15), (19, 16), (19, 17), (18, 17), (18, 18), (18, 19), (17, 19), (17, 19)], 2: [(23, 2), (24, 2), (25, 2), (25, 3), (26, 3), (27, 3), (27, 2), (27, 1), (27, 0), (27, 1), (27, 2), (27, 3), (27, 4), (27, 5), (27, 6), (27, 7), (27, 8), (27, 9), (27, 10), (26, 10), (26, 11), (26, 12), (26, 13), (26, 14), (26, 15), (26, 16), (26, 17), (26, 18), (25, 18), (25, 19), (25, 20), (26, 20), (26, 21), (26, 22), (26, 23), (26, 23)], 3: [(9, 10), (9, 11), (9, 12), (8, 12), (8, 13), (7, 13), (6, 13), (5, 13), (5, 14), (5, 15), (4, 15), (4, 16), (4, 17), (4, 18), (4, 19), (4, 19)], 4: [(2, 0), (3, 0), (4, 0), (5, 0), (6, 0), (6, 1), (7, 1), (8, 1), (9, 1), (10, 1), (11, 1), (12, 1), (13, 1), (14, 1), (15, 1), (16, 1), (17, 1), (18, 1), (19, 1), (20, 1), (20, 2), (21, 2), (22, 2), (23, 2), (24, 2), (25, 2), (25, 3), (25, 4), (25, 5), (25, 6), (25, 7), (25, 8), (25, 9), (25, 10), (26, 10), (26, 11), (26, 12), (26, 13), (27, 13), (27, 14), (27, 15), (27, 16), (27, 17), (27, 18), (27, 19), (27, 20), (27, 21), (27, 22), (27, 23), (27, 24), (27, 25), (27, 26), (27, 27), (28, 27), (28, 28), (28, 29), (27, 29), (26, 29), (25, 29), (24, 29), (23, 29), (23, 28), (23, 27), (22, 27), (21, 27), (20, 27), (19, 27), (18, 27), (17, 27), (16, 27), (15, 27), (14, 27), (13, 27), (12, 27), (11, 27), (10, 27), (9, 27), (8, 27), (8, 28), (8, 28)], 5: [(5, 10), (6, 10), (7, 10), (8, 10), (9, 10), (10, 10), (11, 10), (12, 10), (13, 10), (13, 9), (14, 9), (15, 9), (16, 9), (17, 9), (18, 9), (18, 9)], 6: [(14, 15), (14, 14), (14, 13), (14, 12), (14, 11), (14, 10), (14, 9), (15, 9), (16, 9), (16, 8), (16, 7), (16, 6), (16, 5), (16, 4), (16, 3), (17, 3), (18, 3), (17, 3), (16, 3), (16, 2), (16, 1), (15, 1), (14, 1), (13, 1), (12, 1), (12, 0), (12, 0)], 7: [(21, 16), (21, 15), (21, 14), (21, 13), (21, 12), (21, 11), (21, 10), (21, 9), (21, 8), (22, 8), (23, 8), (24, 8), (25, 8), (24, 8), (23, 8), (22, 8), (21, 8), (20, 8), (20, 7), (19, 7), (18, 7), (17, 7), (16, 7), (15, 7), (14, 7), (13, 7), (12, 7), (11, 7), (10, 7), (9, 7), (9, 6), (9, 6)], 8: [(30, 22), (29, 22), (28, 22), (27, 22), (26, 22), (26, 21), (25, 21), (24, 21), (23, 21), (22, 21), (21, 21), (20, 21), (19, 21), (18, 21), (18, 20), (18, 19), (18, 18), (18, 17), (17, 17), (17, 16), (17, 15), (17, 14), (17, 13), (17, 12), (17, 12)], 9: [(7, 17), (8, 17), (9, 17), (10, 17), (11, 17), (12, 17), (13, 17), (14, 17), (15, 17), (16, 17), (17, 17), (18, 17), (19, 17), (20, 17), (21, 17), (22, 17), (23, 17), (24, 17), (25, 17), (26, 17), (27, 17), (27, 18), (28, 18), (29, 18), (29, 19), (29, 19)]}, 78)