

CBSS-C STATS
starts:[507, 740, 210, 839, 935]
targets:[42, 32, 156, 827, 647, 284, 699, 119, 475, 375, 197, 347, 539, 915, 951, 170, 519, 335, 302, 713, 738, 31, 912, 628, 419, 656, 538, 531, 555, 564, 693, 476, 168, 381, 203, 632, 791, 996, 422, 928, 897, 566, 404, 348, 242, 626, 864, 21, 522, 939]
dests:[29, 376, 612, 743, 887]
ac_dict:{42: {0, 1}, 32: {1, 2}, 156: {2, 3}, 827: {3, 4}, 29: {0}, 376: {1}, 612: {2}, 743: {3}, 887: {4}}
clusters:[ 8 15 24 14  4 12  1  4  9 12 16 29 13 26 16 19 25  5 18  3 18  6  0 22
 17 21  3 28  8  7 23  1 20 10  7  6 13  5 11 10  2 19 11 27  9  2  0 17
 15 14]

round: 1
best_g_value: 163.0
open_list_size: 0
num_low_level_expanded: 339
search_success: 1
search_time: 6.456081648000691
n_tsp_call: 1
n_tsp_time: 6.404045861999293
n_roots: 1
num_conflicts: 0
target_assignment: {539: 0, 538: 0, 475: 0, 476: 0, 381: 0, 31: 0, 939: 4, 912: 4, 915: 4, 156: 2, 348: 2, 347: 2, 335: 2, 302: 2, 203: 2, 170: 2, 168: 2, 197: 2, 419: 2, 647: 1, 519: 1, 522: 1, 555: 1, 656: 1, 626: 1, 693: 1, 628: 1, 531: 1, 404: 1, 375: 1}
cluster_target_selection: {13: 539, 3: 538, 9: 475, 1: 476, 10: 381, 6: 31, 14: 939, 0: 912, 26: 915, 24: 156, 27: 348, 29: 347, 5: 335, 18: 302, 7: 203, 19: 170, 20: 168, 16: 197, 17: 419, 4: 647, 25: 519, 15: 522, 8: 555, 21: 656, 2: 626, 23: 693, 22: 628, 28: 531, 11: 404, 12: 375}
num_nodes_transformed_graph: 115
agent_paths:({0: [(27, 15), (27, 16), (26, 16), (26, 15), (26, 14), (27, 14), (28, 14), (28, 13), (28, 12), (28, 11), (29, 11), (29, 10), (29, 9), (29, 8), (29, 7), (29, 6), (29, 5), (29, 4), (30, 4), (30, 3), (30, 2), (30, 1), (30, 0), (31, 0), (30, 0), (29, 0), (29, 0)], 1: [(4, 23), (4, 22), (5, 22), (5, 21), (5, 20), (6, 20), (7, 20), (7, 19), (7, 18), (7, 17), (7, 16), (8, 16), (9, 16), (10, 16), (11, 16), (11, 17), (12, 17), (13, 17), (14, 17), (15, 17), (16, 17), (16, 18), (16, 19), (16, 20), (16, 19), (17, 19), (18, 19), (19, 19), (20, 19), (21, 19), (21, 20), (21, 21), (20, 21), (20, 20), (20, 19), (19, 19), (19, 18), (19, 17), (19, 16), (19, 15), (19, 14), (19, 13), (19, 12), (20, 12), (21, 12), (21, 11), (22, 11), (23, 11), (24, 11), (24, 11)], 2: [(18, 6), (19, 6), (20, 6), (21, 6), (22, 6), (23, 6), (23, 5), (24, 5), (25, 5), (25, 4), (26, 4), (27, 4), (28, 4), (28, 5), (28, 6), (28, 7), (28, 8), (28, 9), (28, 10), (27, 10), (26, 10), (25, 10), (24, 10), (23, 10), (22, 10), (21, 10), (20, 10), (19, 10), (18, 10), (18, 9), (17, 9), (16, 9), (15, 9), (15, 10), (14, 10), (14, 9), (13, 9), (13, 8), (13, 7), (12, 7), (11, 7), (11, 6), (10, 6), (10, 5), (10, 4), (9, 4), (8, 4), (8, 5), (7, 5), (6, 5), (5, 5), (5, 6), (5, 7), (4, 7), (3, 7), (3, 8), (3, 9), (3, 10), (3, 11), (3, 12), (3, 13), (3, 14), (3, 15), (4, 15), (4, 16), (4, 17), (4, 18), (4, 19), (4, 19)], 3: [(7, 26), (7, 25), (7, 24), (7, 23), (7, 23)], 4: [(7, 29), (8, 29), (8, 28), (9, 28), (10, 28), (11, 28), (11, 29), (11, 28), (12, 28), (13, 28), (14, 28), (15, 28), (16, 28), (17, 28), (18, 28), (19, 28), (19, 27), (20, 27), (21, 27), (22, 27), (23, 27), (23, 27)]}, 67)