

CBSS-C STATS
starts:[916, 660, 938, 647, 607]
targets:[985, 556, 986, 77, 1011, 1014, 817, 912, 630, 716, 849, 740, 859, 121, 782, 984, 207, 522, 616, 612, 1001, 463, 284, 159, 422, 301, 610, 80, 608, 633, 96, 31, 595, 107, 613, 43, 735, 520, 822, 642, 64, 1016, 1005, 123, 474, 166, 609, 521, 710, 902]
dests:[226, 487, 571, 110, 504]
ac_dict:{985: {0, 1}, 556: {1, 2}, 986: {2, 3}, 77: {3, 4}, 226: {0}, 487: {1}, 571: {2}, 110: {3}, 504: {4}}
clusters:[16 29 17 10  5 11 18  2  0  8  6 19 24  6 20 14 14  3 22  2 13 25 12 26
 12  1 16 15  8 19  7 17 27  9 28 11  0  3 23  5  7 15 10 21 18  4  4  1
 13  9]

round: 1
best_g_value: 190.0
open_list_size: 0
num_low_level_expanded: 353
search_success: 1
search_time: 22.50655193199964
n_tsp_call: 1
n_tsp_time: 22.39417045099981
n_roots: 1
num_conflicts: 0
target_assignment: {822: 0, 817: 0, 782: 0, 716: 0, 710: 0, 740: 0, 613: 0, 612: 0, 609: 0, 610: 0, 96: 0, 616: 3, 520: 3, 107: 3, 284: 4, 159: 4, 123: 4, 121: 4, 1005: 2, 1011: 2, 1014: 2, 984: 2, 1016: 2, 986: 2, 859: 2, 630: 1, 595: 1, 463: 1, 556: 1, 521: 1}
cluster_target_selection: {23: 822, 18: 817, 20: 782, 8: 716, 13: 710, 19: 740, 28: 613, 2: 612, 4: 609, 16: 610, 7: 96, 22: 616, 3: 520, 9: 107, 12: 284, 26: 159, 21: 123, 6: 121, 10: 1005, 5: 1011, 11: 1014, 14: 984, 15: 1016, 17: 986, 24: 859, 0: 630, 27: 595, 25: 463, 29: 556, 1: 521}
num_nodes_transformed_graph: 248
agent_paths:({0: [(20, 28), (20, 27), (20, 26), (20, 25), (21, 25), (22, 25), (21, 25), (20, 25), (19, 25), (18, 25), (17, 25), (16, 25), (15, 25), (14, 25), (14, 24), (13, 24), (12, 24), (12, 23), (12, 22), (11, 22), (10, 22), (9, 22), (8, 22), (7, 22), (6, 22), (5, 22), (4, 22), (4, 23), (4, 22), (5, 22), (5, 21), (5, 20), (5, 19), (4, 19), (4, 18), (3, 18), (2, 18), (2, 19), (1, 19), (2, 19), (2, 18), (2, 17), (1, 17), (1, 16), (1, 15), (1, 14), (1, 13), (1, 12), (1, 11), (1, 10), (1, 9), (1, 8), (1, 7), (1, 6), (1, 5), (1, 4), (1, 3), (0, 3), (1, 3), (2, 3), (2, 4), (2, 5), (2, 6), (2, 7), (2, 7)], 1: [(20, 20), (20, 19), (21, 19), (22, 19), (21, 19), (20, 19), (19, 19), (19, 18), (18, 18), (18, 17), (17, 17), (16, 17), (16, 16), (16, 15), (16, 14), (15, 14), (14, 14), (13, 14), (12, 14), (12, 15), (12, 16), (12, 17), (11, 17), (10, 17), (9, 17), (9, 16), (8, 16), (7, 16), (7, 15), (7, 15)], 2: [(10, 29), (11, 29), (12, 29), (13, 29), (13, 30), (13, 31), (14, 31), (15, 31), (16, 31), (17, 31), (18, 31), (19, 31), (20, 31), (21, 31), (22, 31), (22, 30), (23, 30), (24, 30), (24, 31), (24, 30), (25, 30), (26, 30), (26, 29), (26, 28), (26, 27), (26, 26), (27, 26), (27, 25), (27, 24), (27, 23), (27, 22), (27, 21), (27, 20), (27, 19), (27, 18), (27, 17), (27, 17)], 3: [(7, 20), (7, 19), (8, 19), (8, 18), (8, 17), (8, 16), (9, 16), (9, 15), (9, 14), (10, 14), (10, 13), (10, 12), (10, 11), (10, 10), (10, 9), (10, 8), (10, 7), (10, 6), (10, 5), (10, 4), (10, 3), (11, 3), (12, 3), (13, 3), (14, 3), (14, 3)], 4: [(31, 18), (30, 18), (29, 18), (29, 17), (29, 16), (28, 16), (28, 15), (28, 14), (28, 13), (28, 12), (28, 11), (28, 10), (28, 9), (28, 8), (28, 7), (28, 6), (28, 5), (28, 4), (29, 4), (30, 4), (31, 4), (30, 4), (29, 4), (28, 4), (27, 4), (27, 3), (26, 3), (25, 3), (25, 4), (25, 5), (25, 6), (25, 7), (25, 8), (24, 8), (24, 9), (24, 10), (24, 11), (24, 12), (24, 13), (24, 14), (24, 15), (24, 15)]}, 63)