

CBSS-C STATS
starts:[841, 645, 679, 559, 742, 800, 527, 840, 552, 343]
targets:[715, 199, 605, 374, 991, 80, 486, 914, 89, 662]
dests:[904, 379, 433, 264, 690, 19, 905, 307, 246, 170]
ac_dict:{715: {0, 1}, 199: {1, 2}, 605: {2, 3}, 374: {3, 4}, 991: {4, 5}, 80: {5, 6}, 486: {6, 7}, 914: {8, 7}, 89: {8, 9}, 904: {0}, 379: {1}, 433: {2}, 264: {3}, 690: {4}, 19: {5}, 905: {6}, 307: {7}, 246: {8}, 170: {9}}
clusters:[4 3 2 4 0 1 3 1 1 1]

round: 3
best_g_value: 290.0
open_list_size: 2
num_low_level_expanded: 2280
search_success: 1
search_time: 0.21768005099147558
n_tsp_call: 1
n_tsp_time: 0.12413254240527749
n_roots: 1
num_conflicts: 2
target_assignment: {991: 4, 486: 7, 605: 3, 374: 3, 80: 5}
cluster_target_selection: {0: 991, 3: 486, 2: 605, 4: 374, 1: 80}
num_nodes_transformed_graph: 34
agent_paths:({0: [(9, 26), (8, 26), (8, 27), (8, 28), (8, 28)], 1: [(5, 20), (5, 19), (5, 18), (5, 17), (5, 16), (6, 16), (7, 16), (8, 16), (9, 16), (9, 15), (9, 14), (10, 14), (11, 14), (12, 14), (12, 13), (13, 13), (14, 13), (14, 12), (15, 12), (16, 12), (17, 12), (18, 12), (19, 12), (20, 12), (21, 12), (21, 11), (22, 11), (23, 11), (24, 11), (25, 11), (26, 11), (27, 11), (27, 11)], 2: [(7, 21), (7, 20), (7, 19), (7, 18), (7, 17), (7, 16), (8, 16), (9, 16), (9, 15), (9, 14), (10, 14), (11, 14), (12, 14), (12, 13), (13, 13), (14, 13), (15, 13), (16, 13), (17, 13), (17, 13)], 3: [(15, 17), (16, 17), (17, 17), (18, 17), (19, 17), (20, 17), (21, 17), (22, 17), (23, 17), (24, 17), (25, 17), (26, 17), (27, 17), (27, 18), (28, 18), (29, 18), (28, 18), (27, 18), (26, 18), (25, 18), (24, 18), (23, 18), (22, 18), (22, 17), (22, 16), (22, 15), (22, 14), (22, 13), (22, 12), (22, 11), (21, 11), (21, 10), (20, 10), (19, 10), (18, 10), (18, 9), (17, 9), (16, 9), (15, 9), (14, 9), (13, 9), (13, 8), (13, 7), (12, 7), (11, 7), (10, 7), (9, 7), (9, 8), (8, 8), (8, 8)], 4: [(6, 23), (7, 23), (8, 23), (9, 23), (10, 23), (11, 23), (12, 23), (13, 23), (14, 23), (15, 23), (16, 23), (17, 23), (18, 23), (19, 23), (19, 24), (20, 24), (20, 25), (21, 25), (22, 25), (23, 25), (24, 25), (25, 25), (26, 25), (27, 25), (28, 25), (29, 25), (30, 25), (30, 26), (30, 27), (31, 27), (31, 28), (31, 29), (31, 30), (30, 30), (29, 30), (28, 30), (27, 30), (26, 30), (25, 30), (24, 30), (23, 30), (22, 30), (21, 30), (20, 30), (19, 30), (18, 30), (18, 29), (18, 28), (18, 27), (18, 26), (18, 25), (18, 24), (18, 23), (18, 22), (18, 21), (18, 21)], 5: [(0, 25), (0, 24), (0, 23), (1, 23), (1, 22), (1, 21), (1, 20), (1, 19), (2, 19), (2, 18), (2, 17), (2, 16), (2, 15), (2, 14), (2, 13), (2, 12), (2, 11), (2, 10), (2, 9), (3, 9), (3, 8), (3, 7), (4, 7), (5, 7), (6, 7), (7, 7), (7, 6), (8, 6), (9, 6), (10, 6), (11, 6), (11, 5), (12, 5), (13, 5), (14, 5), (15, 5), (16, 5), (16, 4), (16, 3), (16, 2), (16, 1), (17, 1), (18, 1), (19, 1), (19, 0), (19, 0)], 6: [(15, 16), (14, 16), (13, 16), (12, 16), (11, 16), (10, 16), (9, 16), (9, 17), (9, 18), (9, 19), (9, 20), (9, 21), (9, 22), (9, 23), (9, 24), (9, 25), (9, 26), (9, 27), (9, 28), (9, 28)], 7: [(8, 26), (7, 26), (7, 25), (7, 24), (7, 23), (7, 22), (7, 21), (7, 20), (7, 19), (7, 18), (7, 17), (6, 17), (6, 16), (6, 15), (6, 14), (6, 13), (6, 12), (6, 11), (6, 10), (7, 10), (8, 10), (9, 10), (10, 10), (11, 10), (12, 10), (13, 10), (13, 9), (14, 9), (15, 9), (16, 9), (17, 9), (18, 9), (19, 9), (19, 9)], 8: [(8, 17), (8, 16), (9, 16), (9, 15), (9, 14), (10, 14), (10, 13), (10, 12), (10, 11), (10, 10), (11, 10), (12, 10), (13, 10), (13, 9), (13, 8), (13, 7), (14, 7), (15, 7), (16, 7), (17, 7), (18, 7), (19, 7), (20, 7), (21, 7), (22, 7), (22, 7)], 9: [(23, 10), (22, 10), (21, 10), (20, 10), (19, 10), (18, 10), (18, 9), (17, 9), (16, 9), (15, 9), (14, 9), (13, 9), (13, 8), (13, 7), (12, 7), (11, 7), (10, 7), (10, 6), (10, 5), (10, 5)]}, 54)