

CBSS-C STATS
starts:[1008, 297, 1020, 655, 409]
targets:[698, 954, 2, 669, 233, 770, 114, 303, 194, 202]
dests:[461, 160, 39, 874, 960]
ac_dict:{698: {0, 1}, 954: {1, 2}, 2: {2, 3}, 669: {3, 4}, 461: {0}, 160: {1}, 39: {2}, 874: {3}, 960: {4}}
clusters:[1 1 1 0 1 0 0 1 1 0]

round: 1
best_g_value: 139.0
open_list_size: 0
num_low_level_expanded: 802
search_success: 1
search_time: 0.176037787925452
n_tsp_call: 1
n_tsp_time: 0.14942963002249599
n_roots: 1
num_conflicts: 0
target_assignment: {233: 1, 114: 2}
cluster_target_selection: {1: 233, 0: 114}
num_nodes_transformed_graph: 48
agent_paths:({0: [(16, 31), (15, 31), (14, 31), (13, 31), (13, 30), (13, 29), (13, 28), (13, 27), (13, 26), (13, 25), (13, 24), (13, 23), (13, 22), (13, 21), (13, 20), (13, 19), (13, 18), (13, 17), (13, 16), (13, 15), (13, 14), (13, 14)], 1: [(9, 9), (9, 8), (9, 7), (9, 6), (8, 6), (7, 6), (7, 5), (6, 5), (5, 5), (4, 5), (3, 5), (2, 5), (1, 5), (0, 5), (0, 5)], 2: [(28, 31), (27, 31), (26, 31), (25, 31), (24, 31), (24, 30), (23, 30), (22, 30), (21, 30), (20, 30), (19, 30), (19, 29), (19, 28), (19, 27), (19, 26), (19, 25), (19, 24), (19, 23), (19, 22), (19, 21), (19, 20), (19, 19), (19, 18), (19, 17), (19, 16), (19, 15), (18, 15), (18, 14), (18, 13), (18, 12), (18, 11), (18, 10), (18, 9), (18, 8), (18, 7), (18, 6), (18, 5), (18, 4), (18, 3), (17, 3), (16, 3), (16, 2), (16, 1), (15, 1), (14, 1), (13, 1), (12, 1), (11, 1), (10, 1), (9, 1), (8, 1), (7, 1), (7, 1)], 3: [(15, 20), (14, 20), (13, 20), (12, 20), (11, 20), (10, 20), (10, 21), (10, 22), (10, 23), (10, 24), (10, 25), (10, 26), (10, 27), (10, 27)], 4: [(25, 12), (24, 12), (23, 12), (22, 12), (21, 12), (20, 12), (19, 12), (18, 12), (17, 12), (16, 12), (15, 12), (14, 12), (14, 13), (13, 13), (12, 13), (12, 14), (11, 14), (10, 14), (9, 14), (9, 15), (9, 16), (8, 16), (7, 16), (6, 16), (5, 16), (4, 16), (3, 16), (2, 16), (2, 17), (2, 18), (2, 19), (1, 19), (1, 20), (1, 21), (1, 22), (1, 23), (0, 23), (0, 24), (0, 25), (0, 26), (0, 27), (0, 28), (0, 29), (0, 30), (0, 30)]}, 51)