

CBSS-C STATS
starts:[352, 301, 334, 549, 499]
targets:[100, 386, 646, 31, 98, 437, 869, 462, 966, 810, 138, 32, 287, 769, 371, 830, 790, 792, 550, 998]
dests:[209, 441, 674, 41, 436]
ac_dict:{100: {0, 1}, 386: {1, 2}, 646: {2, 3}, 31: {3, 4}, 209: {0}, 441: {1}, 674: {2}, 41: {3}, 436: {4}}
clusters:[1 5 0 4 1 8 7 7 9 7 1 2 8 9 2 6 9 2 3 7]

round: 2
best_g_value: 192.0
open_list_size: 1
num_low_level_expanded: 1037
search_success: 1
search_time: 1.2598288771696389
n_tsp_call: 1
n_tsp_time: 1.221324544865638
n_roots: 1
num_conflicts: 1
target_assignment: {462: 2, 792: 2, 830: 2, 790: 2, 646: 2, 386: 2, 550: 3, 138: 3, 437: 1, 31: 4}
cluster_target_selection: {7: 462, 2: 792, 6: 830, 9: 790, 0: 646, 5: 386, 3: 550, 1: 138, 8: 437, 4: 31}
num_nodes_transformed_graph: 54
agent_paths:({0: [(0, 11), (0, 10), (0, 9), (0, 8), (0, 7), (1, 7), (2, 7), (3, 7), (4, 7), (5, 7), (6, 7), (7, 7), (7, 6), (8, 6), (9, 6), (10, 6), (11, 6), (12, 6), (13, 6), (14, 6), (15, 6), (16, 6), (17, 6), (17, 6)], 1: [(13, 9), (14, 9), (15, 9), (16, 9), (17, 9), (18, 9), (18, 10), (19, 10), (20, 10), (21, 10), (21, 11), (21, 12), (21, 13), (22, 13), (23, 13), (24, 13), (25, 13), (25, 13)], 2: [(14, 10), (14, 11), (14, 12), (14, 13), (14, 14), (15, 14), (16, 14), (17, 14), (18, 14), (19, 14), (20, 14), (21, 14), (22, 14), (23, 14), (24, 14), (24, 15), (24, 16), (24, 17), (24, 18), (24, 19), (24, 20), (24, 21), (24, 22), (24, 23), (24, 24), (25, 24), (26, 24), (27, 24), (28, 24), (29, 24), (30, 24), (30, 25), (29, 25), (28, 25), (27, 25), (26, 25), (25, 25), (24, 25), (23, 25), (22, 25), (22, 24), (22, 23), (21, 23), (21, 22), (20, 22), (19, 22), (18, 22), (17, 22), (16, 22), (15, 22), (15, 21), (14, 21), (13, 21), (12, 21), (11, 21), (10, 21), (9, 21), (8, 21), (7, 21), (6, 21), (6, 20), (5, 20), (5, 19), (4, 19), (4, 18), (3, 18), (2, 18), (2, 17), (2, 16), (2, 15), (2, 14), (2, 13), (2, 12), (2, 13), (2, 14), (2, 15), (2, 16), (2, 17), (2, 18), (2, 19), (2, 20), (2, 21), (2, 21)], 3: [(5, 17), (6, 17), (6, 16), (6, 15), (6, 14), (6, 13), (6, 12), (6, 11), (6, 10), (6, 9), (7, 9), (7, 8), (7, 7), (7, 6), (7, 5), (7, 4), (8, 4), (9, 4), (10, 4), (9, 4), (9, 3), (9, 2), (9, 1), (9, 1)], 4: [(19, 15), (19, 14), (19, 13), (19, 12), (19, 11), (19, 10), (19, 9), (20, 9), (20, 8), (20, 7), (20, 6), (21, 6), (21, 5), (21, 4), (21, 3), (22, 3), (23, 3), (24, 3), (25, 3), (26, 3), (27, 3), (27, 2), (27, 1), (27, 0), (28, 0), (29, 0), (30, 0), (31, 0), (30, 0), (29, 0), (28, 0), (27, 0), (27, 1), (27, 2), (27, 3), (26, 3), (25, 3), (24, 3), (23, 3), (22, 3), (21, 3), (21, 4), (21, 5), (21, 6), (21, 7), (21, 8), (21, 9), (21, 10), (21, 11), (21, 12), (20, 12), (20, 13), (20, 13)]}, 81)