

CBSS-C STATS
starts:[435, 968, 668, 600, 509]
targets:[859, 893, 245, 440, 665, 326, 588, 21, 429, 333, 461, 878, 13, 728, 996, 1014, 327, 32, 163, 86, 771, 954, 957, 386, 139, 780, 768, 638, 213, 596, 371, 944, 885, 678, 549, 956, 58, 428, 431, 812]
dests:[890, 1000, 228, 783, 171]
ac_dict:{859: {0, 1}, 893: {1, 2}, 245: {2, 3}, 440: {3, 4}, 890: {0}, 1000: {1}, 228: {2}, 783: {3}, 171: {4}}
clusters:[ 8  3 19  4  6  5  6 15  0  2 11 12  3 10 11 13 23  0  9 12 21 10 24 13
  2 14  4  8  7 20 14 16 22  9  5 18  1  1  7 17]

round: 1
best_g_value: 188.0
open_list_size: 0
num_low_level_expanded: 413
search_success: 1
search_time: 4.069811040000332
n_tsp_call: 1
n_tsp_time: 4.024327136000011
n_roots: 1
num_conflicts: 0
target_assignment: {596: 0, 859: 0, 956: 0, 957: 0, 954: 0, 665: 2, 245: 2, 86: 2, 21: 2, 13: 2, 333: 2, 327: 2, 549: 2, 678: 2, 771: 2, 386: 2, 885: 3, 944: 3, 812: 3, 780: 3, 440: 4, 431: 4, 461: 4, 429: 4, 428: 4}
cluster_target_selection: {20: 596, 8: 859, 18: 956, 24: 957, 10: 954, 6: 665, 19: 245, 12: 86, 15: 21, 3: 13, 2: 333, 23: 327, 5: 549, 9: 678, 21: 771, 13: 386, 22: 885, 16: 944, 17: 812, 14: 780, 4: 440, 7: 431, 11: 461, 0: 429, 1: 428}
num_nodes_transformed_graph: 96
agent_paths:({0: [(19, 13), (19, 14), (19, 15), (19, 16), (20, 16), (20, 17), (20, 18), (21, 18), (22, 18), (23, 18), (24, 18), (25, 18), (26, 18), (27, 18), (27, 19), (27, 20), (27, 21), (27, 22), (27, 23), (27, 24), (27, 25), (27, 26), (27, 27), (28, 27), (28, 28), (28, 29), (29, 29), (28, 29), (27, 29), (26, 29), (26, 28), (26, 27), (26, 27)], 1: [(8, 30), (8, 31), (8, 31)], 2: [(28, 20), (27, 20), (26, 20), (25, 20), (24, 20), (23, 20), (22, 20), (21, 20), (21, 19), (21, 18), (21, 17), (21, 16), (21, 15), (21, 14), (21, 13), (21, 12), (21, 11), (21, 10), (21, 9), (21, 8), (21, 7), (21, 6), (21, 5), (21, 4), (21, 3), (21, 2), (22, 2), (22, 1), (22, 0), (21, 0), (20, 0), (19, 0), (19, 1), (18, 1), (17, 1), (16, 1), (15, 1), (14, 1), (13, 1), (13, 0), (13, 1), (13, 2), (13, 3), (13, 4), (13, 5), (13, 6), (13, 7), (13, 8), (13, 9), (13, 10), (12, 10), (11, 10), (10, 10), (9, 10), (8, 10), (7, 10), (6, 10), (6, 11), (6, 12), (6, 13), (5, 13), (5, 14), (5, 15), (5, 16), (5, 17), (5, 18), (5, 19), (6, 19), (6, 20), (6, 21), (5, 21), (5, 22), (4, 22), (3, 22), (3, 23), (3, 24), (2, 24), (2, 23), (2, 22), (2, 21), (2, 20), (2, 19), (2, 18), (2, 17), (2, 16), (2, 15), (2, 14), (2, 13), (2, 12), (2, 11), (2, 10), (2, 9), (3, 9), (3, 8), (3, 7), (4, 7), (4, 7)], 3: [(24, 18), (24, 19), (24, 20), (24, 21), (24, 22), (24, 23), (24, 24), (23, 24), (22, 24), (22, 25), (22, 26), (22, 27), (21, 27), (20, 27), (19, 27), (18, 27), (17, 27), (16, 27), (16, 28), (16, 29), (15, 29), (14, 29), (13, 29), (12, 29), (12, 28), (12, 27), (12, 26), (12, 25), (12, 24), (13, 24), (14, 24), (15, 24), (15, 24)], 4: [(29, 15), (28, 15), (27, 15), (26, 15), (25, 15), (24, 15), (24, 14), (24, 13), (23, 13), (22, 13), (21, 13), (20, 13), (19, 13), (18, 13), (17, 13), (16, 13), (15, 13), (14, 13), (13, 13), (13, 14), (13, 13), (12, 13), (12, 12), (12, 11), (11, 11), (11, 10), (11, 9), (11, 8), (11, 7), (11, 6), (11, 5), (11, 5)]}, 95)