

CBSS-C STATS
starts:[342, 770, 440, 96, 569, 737, 253, 423, 117, 670]
targets:[149, 525, 313, 48, 448, 804, 228, 632, 76, 613]
dests:[93, 332, 3, 550, 165, 681, 868, 518, 743, 784]
ac_dict:{149: {0, 1}, 525: {1, 2}, 313: {2, 3}, 48: {3, 4}, 448: {4, 5}, 804: {5, 6}, 228: {6, 7}, 632: {8, 7}, 76: {8, 9}, 93: {0}, 332: {1}, 3: {2}, 550: {3}, 165: {4}, 681: {5}, 868: {6}, 518: {7}, 743: {8}, 784: {9}}
clusters:[4 2 2 1 2 2 3 2 1 0]

round: 224
best_g_value: 247.0
open_list_size: 223
num_low_level_expanded: 31391
search_success: 1
search_time: 5.571939497254789
n_tsp_call: 10
n_tsp_time: 1.9954361272975802
n_roots: 1
num_conflicts: 223
target_assignment: {149: 0, 613: 1, 228: 6, 804: 6, 76: 8}
cluster_target_selection: {4: 149, 0: 613, 3: 228, 2: 804, 1: 76}
num_nodes_transformed_graph: 48
agent_paths:({0: [(22, 10), (21, 10), (21, 9), (21, 8), (21, 7), (21, 6), (21, 5), (21, 4), (21, 3), (22, 3), (23, 3), (24, 3), (25, 3), (26, 3), (27, 3), (27, 2), (28, 2), (29, 2), (29, 2)], 1: [(2, 24), (2, 23), (2, 22), (3, 22), (4, 22), (5, 22), (5, 21), (5, 20), (5, 19), (5, 18), (5, 17), (5, 16), (5, 15), (5, 14), (5, 13), (6, 13), (7, 13), (8, 13), (8, 12), (9, 12), (9, 11), (9, 10), (10, 10), (11, 10), (12, 10), (12, 10)], 2: [(24, 13), (23, 13), (22, 13), (21, 13), (20, 13), (19, 13), (18, 13), (17, 13), (16, 13), (15, 13), (14, 13), (13, 13), (12, 13), (12, 12), (12, 11), (11, 11), (10, 11), (9, 11), (9, 10), (8, 10), (7, 10), (6, 10), (5, 10), (4, 10), (3, 10), (3, 9), (3, 8), (3, 7), (3, 6), (3, 5), (3, 4), (3, 3), (3, 2), (3, 1), (3, 0), (3, 0)], 3: [(0, 3), (1, 3), (2, 3), (3, 3), (3, 4), (3, 5), (3, 6), (3, 7), (4, 7), (4, 8), (4, 9), (4, 10), (4, 11), (4, 12), (4, 13), (5, 13), (5, 14), (5, 15), (5, 16), (5, 17), (6, 17), (6, 17)], 4: [(25, 17), (24, 17), (23, 17), (22, 17), (21, 17), (20, 17), (19, 17), (18, 17), (17, 17), (16, 17), (15, 17), (14, 17), (13, 17), (12, 17), (11, 17), (10, 17), (9, 17), (8, 17), (7, 17), (7, 16), (7, 15), (6, 15), (6, 14), (6, 13), (6, 12), (6, 11), (5, 11), (5, 10), (5, 9), (5, 8), (5, 7), (5, 6), (5, 5), (5, 5)], 5: [(1, 23), (1, 22), (1, 22), (2, 22), (3, 22), (4, 22), (5, 22), (5, 21), (6, 21), (7, 21), (8, 21), (9, 21), (9, 21)], 6: [(29, 7), (28, 7), (27, 7), (26, 7), (25, 7), (25, 6), (24, 6), (23, 6), (22, 6), (21, 6), (20, 6), (19, 6), (18, 6), (17, 6), (16, 6), (15, 6), (14, 6), (13, 6), (12, 6), (11, 6), (10, 6), (9, 6), (8, 6), (7, 6), (7, 7), (6, 7), (5, 7), (4, 7), (4, 8), (4, 9), (4, 10), (4, 11), (4, 12), (4, 13), (5, 13), (5, 14), (5, 15), (5, 16), (5, 17), (5, 18), (5, 19), (5, 20), (5, 21), (5, 22), (4, 22), (4, 23), (4, 24), (4, 25), (4, 26), (4, 27), (4, 27)], 7: [(7, 13), (6, 13), (6, 14), (6, 15), (6, 16), (6, 16)], 8: [(21, 3), (20, 3), (19, 3), (18, 3), (17, 3), (16, 3), (16, 2), (16, 1), (15, 1), (14, 1), (13, 1), (12, 1), (12, 2), (11, 2), (11, 3), (11, 4), (11, 5), (11, 6), (11, 7), (11, 8), (11, 9), (11, 10), (11, 11), (10, 11), (10, 12), (10, 13), (10, 14), (9, 14), (9, 15), (9, 16), (8, 16), (7, 16), (7, 17), (7, 18), (7, 19), (7, 20), (7, 21), (7, 22), (7, 23), (7, 23)], 9: [(30, 20), (29, 20), (28, 20), (27, 20), (26, 20), (25, 20), (24, 20), (23, 20), (22, 20), (21, 20), (20, 20), (19, 20), (18, 20), (17, 20), (16, 20), (16, 21), (16, 22), (16, 23), (16, 24), (16, 24)]}, 49)