

CBSS-C STATS
starts:[533, 304, 601, 734, 1011]
targets:[185, 121, 936, 779, 986, 796, 772, 480, 330, 622, 183, 680, 568, 662, 885, 928, 35, 388, 612, 624]
dests:[351, 161, 201, 21, 5]
ac_dict:{185: {0, 1}, 121: {1, 2}, 936: {2, 3}, 779: {3, 4}, 351: {0}, 161: {1}, 201: {2}, 21: {3}, 5: {4}}
clusters:[0 4 5 0 3 0 8 4 7 1 7 5 7 6 6 8 2 7 9 7]

round: 2
best_g_value: 173.0
open_list_size: 1
num_low_level_expanded: 1615
search_success: 1
search_time: 1.1632346268743277
n_tsp_call: 1
n_tsp_time: 1.1111441180109978
n_roots: 1
num_conflicts: 1
target_assignment: {622: 2, 330: 2, 986: 4, 885: 4, 779: 4, 680: 4, 772: 4, 612: 4, 480: 4, 35: 4}
cluster_target_selection: {1: 622, 7: 330, 3: 986, 6: 885, 0: 779, 5: 680, 8: 772, 9: 612, 4: 480, 2: 35}
num_nodes_transformed_graph: 98
agent_paths:({0: [(21, 16), (21, 15), (21, 14), (21, 13), (21, 12), (21, 11), (21, 10), (22, 10), (23, 10), (24, 10), (25, 10), (26, 10), (27, 10), (28, 10), (29, 10), (30, 10), (31, 10), (31, 10)], 1: [(16, 9), (15, 9), (14, 9), (13, 9), (13, 8), (13, 7), (12, 7), (11, 7), (10, 7), (9, 7), (9, 6), (8, 6), (7, 6), (7, 5), (6, 5), (5, 5), (4, 5), (3, 5), (2, 5), (1, 5), (1, 5)], 2: [(25, 18), (24, 18), (23, 18), (22, 18), (21, 18), (20, 18), (19, 18), (18, 18), (18, 19), (17, 19), (16, 19), (15, 19), (14, 19), (13, 19), (12, 19), (11, 19), (10, 19), (10, 18), (10, 17), (10, 16), (10, 15), (10, 14), (10, 13), (10, 12), (10, 11), (10, 10), (9, 10), (9, 9), (9, 8), (9, 7), (9, 6), (9, 6)], 3: [(30, 22), (29, 22), (28, 22), (27, 22), (26, 22), (26, 21), (25, 21), (25, 20), (25, 19), (25, 18), (25, 17), (25, 16), (25, 15), (25, 14), (25, 13), (25, 12), (25, 11), (25, 10), (25, 9), (25, 8), (25, 7), (25, 6), (24, 6), (23, 6), (23, 5), (23, 4), (22, 4), (22, 3), (22, 2), (22, 1), (22, 0), (21, 0), (21, 0)], 4: [(19, 31), (19, 30), (20, 30), (21, 30), (22, 30), (23, 30), (24, 30), (25, 30), (26, 30), (25, 30), (24, 30), (23, 30), (23, 29), (23, 28), (23, 27), (22, 27), (21, 27), (20, 27), (19, 27), (18, 27), (17, 27), (16, 27), (15, 27), (14, 27), (13, 27), (12, 27), (11, 27), (11, 26), (11, 25), (11, 24), (10, 24), (9, 24), (8, 24), (8, 23), (8, 22), (8, 21), (7, 21), (6, 21), (5, 21), (5, 22), (4, 22), (4, 23), (4, 24), (4, 23), (4, 22), (5, 22), (5, 21), (5, 20), (5, 19), (4, 19), (4, 18), (3, 18), (2, 18), (2, 17), (1, 17), (1, 16), (1, 15), (0, 15), (0, 14), (1, 14), (1, 13), (1, 12), (1, 11), (1, 10), (1, 9), (1, 8), (1, 7), (1, 6), (2, 6), (2, 5), (2, 4), (2, 3), (2, 2), (2, 1), (3, 1), (3, 0), (4, 0), (5, 0), (5, 0)]}, 77)