

CBSS-C STATS
starts:[435, 968, 668, 600, 509]
targets:[859, 893, 245, 440, 665, 326, 588, 21, 429, 333, 461, 878, 13, 728, 996, 1014, 327, 32, 163, 86, 771, 954, 957, 386, 139, 780, 768, 638, 213, 596, 371, 944, 885, 678, 549, 956, 58, 428, 431, 812]
dests:[890, 1000, 228, 783, 171]
ac_dict:{859: {0, 1}, 893: {1, 2}, 245: {2, 3}, 440: {3, 4}, 890: {0}, 1000: {1}, 228: {2}, 783: {3}, 171: {4}}
clusters:[ 8  3 19  4  6  5  6 15  0  2 11 12  3 10 11 13 23  0  9 12 21 10 24 13
  2 14  4  8  7 20 14 16 22  9  5 18  1  1  7 17]

round: 5
best_g_value: 181.0
open_list_size: 4
num_low_level_expanded: 1102
search_success: 1
search_time: 305.53880714800016
n_tsp_call: 30
n_tsp_time: 304.7249795520006
n_roots: 1
num_conflicts: 4
target_assignment: {885: 0, 944: 0, 1014: 0, 954: 0, 957: 0, 956: 0, 859: 0, 665: 2, 245: 2, 86: 2, 21: 2, 13: 2, 139: 2, 327: 2, 326: 2, 440: 4, 431: 4, 461: 4, 429: 4, 428: 4, 596: 3, 678: 3, 771: 3, 812: 3, 780: 3}
cluster_target_selection: {22: 885, 16: 944, 13: 1014, 10: 954, 24: 957, 18: 956, 8: 859, 6: 665, 19: 245, 12: 86, 15: 21, 3: 13, 2: 139, 23: 327, 5: 326, 4: 440, 7: 431, 11: 461, 0: 429, 1: 428, 20: 596, 9: 678, 21: 771, 17: 812, 14: 780}
num_nodes_transformed_graph: 198
agent_paths:({0: [(19, 13), (19, 14), (19, 15), (19, 16), (19, 17), (19, 17), (19, 18), (19, 19), (19, 20), (19, 21), (19, 22), (19, 23), (19, 24), (20, 24), (20, 25), (20, 26), (20, 27), (21, 27), (20, 27), (19, 27), (18, 27), (17, 27), (16, 27), (16, 28), (16, 29), (17, 29), (18, 29), (19, 29), (20, 29), (21, 29), (21, 30), (22, 30), (22, 31), (22, 30), (23, 30), (23, 29), (24, 29), (25, 29), (26, 29), (27, 29), (28, 29), (29, 29), (28, 29), (27, 29), (27, 28), (27, 27), (27, 26), (26, 26), (26, 27), (26, 27)], 1: [(8, 30), (8, 31), (8, 31)], 2: [(28, 20), (27, 20), (26, 20), (25, 20), (24, 20), (23, 20), (22, 20), (21, 20), (21, 19), (21, 18), (21, 17), (21, 16), (21, 15), (21, 14), (21, 13), (21, 12), (21, 11), (21, 10), (21, 9), (21, 8), (21, 7), (21, 6), (21, 5), (21, 4), (21, 3), (21, 2), (22, 2), (22, 1), (22, 0), (21, 0), (20, 0), (19, 0), (19, 1), (18, 1), (17, 1), (16, 1), (15, 1), (14, 1), (13, 1), (13, 0), (12, 0), (11, 0), (11, 1), (11, 2), (11, 3), (11, 4), (10, 4), (9, 4), (8, 4), (7, 4), (7, 5), (7, 6), (7, 7), (7, 8), (7, 9), (7, 10), (6, 10), (5, 10), (4, 10), (4, 9), (4, 8), (4, 7), (4, 7)], 3: [(24, 18), (23, 18), (22, 18), (21, 18), (20, 18), (19, 18), (18, 18), (18, 19), (17, 19), (16, 19), (15, 19), (14, 19), (13, 19), (12, 19), (11, 19), (10, 19), (9, 19), (8, 19), (7, 19), (6, 19), (6, 20), (6, 21), (5, 21), (5, 22), (4, 22), (3, 22), (3, 23), (3, 24), (4, 24), (4, 25), (5, 25), (6, 25), (7, 25), (8, 25), (9, 25), (10, 25), (11, 25), (12, 25), (12, 24), (13, 24), (14, 24), (15, 24), (15, 24)], 4: [(29, 15), (28, 15), (27, 15), (26, 15), (25, 15), (24, 15), (24, 14), (24, 13), (23, 13), (22, 13), (21, 13), (20, 13), (19, 13), (18, 13), (17, 13), (16, 13), (15, 13), (14, 13), (13, 13), (13, 14), (13, 13), (12, 13), (12, 12), (12, 11), (11, 11), (11, 10), (11, 9), (11, 8), (11, 7), (11, 6), (11, 5), (11, 5)]}, 61)