

CBSS-C STATS
starts:[380, 793, 23, 854, 491]
targets:[699, 349, 533, 472, 588, 326, 37, 374, 31, 264, 62, 278, 747, 65, 692, 376, 346, 390, 1023, 915, 254, 223, 931, 147, 1006, 61, 114, 375, 450, 859, 478, 355, 387, 979, 176, 847, 498, 629, 829, 754]
dests:[732, 955, 280, 404, 273]
ac_dict:{699: {0, 1}, 349: {1, 2}, 533: {2, 3}, 472: {3, 4}, 732: {0}, 955: {1}, 280: {2}, 404: {3}, 273: {4}}
clusters:[20  7  2  7 23  4  5 16  1 22 15 14 10  6  8 19  5 13  0 17  4 12 21  9
 11 14  3 24  8  2  6 18  1 12 11 13  9  0  3 10]

round: 1
best_g_value: 162.0
open_list_size: 0
num_low_level_expanded: 345
search_success: 1
search_time: 23.077482314000008
n_tsp_call: 1
n_tsp_time: 23.002361773999837
n_roots: 1
num_conflicts: 0
target_assignment: {478: 0, 699: 0, 915: 3, 629: 3, 61: 2, 62: 2, 223: 2, 254: 2, 349: 2, 346: 2, 375: 2, 374: 2, 376: 2, 859: 1, 588: 4, 747: 4, 931: 4, 450: 4, 387: 4, 355: 4, 390: 4, 264: 4, 176: 4, 147: 4, 114: 4}
cluster_target_selection: {6: 478, 20: 699, 17: 915, 0: 629, 14: 61, 15: 62, 12: 223, 4: 254, 7: 349, 5: 346, 24: 375, 16: 374, 19: 376, 2: 859, 23: 588, 10: 747, 21: 931, 8: 450, 1: 387, 18: 355, 13: 390, 22: 264, 11: 176, 9: 147, 3: 114}
num_nodes_transformed_graph: 198
agent_paths:({0: [(28, 11), (29, 11), (29, 12), (29, 13), (29, 14), (30, 14), (29, 14), (28, 14), (27, 14), (27, 15), (27, 16), (27, 17), (27, 18), (27, 19), (27, 20), (27, 21), (28, 21), (28, 22), (28, 22)], 1: [(25, 24), (26, 24), (27, 24), (27, 25), (27, 26), (27, 27), (27, 28), (27, 29), (27, 29)], 2: [(23, 0), (24, 0), (24, 1), (24, 2), (25, 2), (25, 3), (26, 3), (27, 3), (27, 2), (27, 1), (28, 1), (29, 1), (30, 1), (30, 2), (31, 2), (31, 3), (31, 4), (31, 5), (31, 6), (30, 6), (30, 7), (29, 7), (29, 8), (29, 9), (29, 10), (28, 10), (27, 10), (26, 10), (25, 10), (24, 10), (23, 10), (23, 11), (22, 11), (23, 11), (24, 11), (24, 10), (24, 9), (24, 8), (24, 8)], 3: [(22, 26), (22, 27), (21, 27), (20, 27), (19, 27), (19, 28), (19, 27), (19, 26), (19, 25), (19, 24), (19, 23), (19, 22), (19, 21), (19, 20), (19, 19), (20, 19), (21, 19), (21, 18), (21, 17), (21, 16), (21, 15), (21, 14), (20, 14), (20, 13), (20, 12), (20, 12)], 4: [(11, 15), (12, 15), (12, 16), (12, 17), (12, 18), (11, 18), (11, 19), (11, 20), (11, 21), (11, 22), (11, 23), (10, 23), (9, 23), (8, 23), (7, 23), (6, 23), (5, 23), (4, 23), (4, 24), (4, 25), (4, 26), (4, 27), (4, 28), (4, 29), (3, 29), (2, 29), (2, 28), (2, 27), (2, 26), (2, 25), (2, 24), (2, 23), (2, 22), (2, 21), (2, 20), (2, 19), (2, 18), (2, 17), (2, 16), (2, 15), (2, 14), (2, 13), (2, 12), (3, 12), (3, 11), (4, 11), (5, 11), (6, 11), (6, 12), (6, 11), (6, 10), (6, 9), (7, 9), (7, 8), (8, 8), (9, 8), (9, 7), (9, 6), (10, 6), (10, 5), (11, 5), (12, 5), (13, 5), (14, 5), (15, 5), (16, 5), (16, 4), (17, 4), (18, 4), (19, 4), (18, 4), (18, 3), (17, 3), (17, 4), (17, 5), (17, 6), (17, 7), (17, 8), (17, 8)]}, 77)