

CBSS-C STATS
starts:[552, 534, 707, 835, 533]
targets:[369, 560, 706, 5, 906, 295, 470, 236, 28, 432, 986, 30, 1012, 137, 688, 605, 716, 695, 368, 274, 897, 953, 304, 24, 571, 477, 568, 632, 631, 1014, 932, 115, 513, 405, 229, 596, 922, 108, 113, 565, 735, 1006, 441, 620, 506, 112, 1016, 203, 412, 836]
dests:[670, 417, 546, 978, 993]
ac_dict:{369: {0, 1}, 560: {1, 2}, 706: {2, 3}, 5: {3, 4}, 670: {0}, 417: {1}, 546: {2}, 978: {3}, 993: {4}}
clusters:[ 1  0 15 13  1 24 16 23 27  2 26 14 10  8 13  3  7  9 17  4  8  5 12 21
 11  7 28 14  6 22 29  5 20 19 10 15  2 16 12 17 18  4 18 11  9  6  0 19
  3 25]

round: 1
best_g_value: 191.0
open_list_size: 0
num_low_level_expanded: 409
search_success: 1
search_time: 4.866089151000779
n_tsp_call: 1
n_tsp_time: 4.802234533000046
n_roots: 1
num_conflicts: 0
target_assignment: {568: 0, 571: 0, 605: 0, 706: 2, 513: 2, 836: 3, 1006: 3, 1012: 3, 1014: 3, 1016: 3, 986: 3, 922: 3, 953: 3, 565: 4, 632: 4, 695: 4, 688: 4, 716: 4, 906: 4, 932: 4, 897: 4, 470: 1, 441: 1, 28: 1, 24: 1, 113: 1, 112: 1, 203: 1, 236: 1, 295: 1}
cluster_target_selection: {28: 568, 11: 571, 3: 605, 15: 706, 20: 513, 25: 836, 4: 1006, 10: 1012, 22: 1014, 0: 1016, 26: 986, 2: 922, 5: 953, 17: 565, 14: 632, 9: 695, 13: 688, 7: 716, 1: 906, 29: 932, 8: 897, 16: 470, 18: 441, 27: 28, 21: 24, 12: 113, 6: 112, 19: 203, 23: 236, 24: 295}
num_nodes_transformed_graph: 128
agent_paths:({0: [(8, 17), (9, 17), (10, 17), (11, 17), (12, 17), (13, 17), (14, 17), (15, 17), (16, 17), (17, 17), (18, 17), (19, 17), (20, 17), (21, 17), (22, 17), (23, 17), (24, 17), (25, 17), (26, 17), (27, 17), (27, 18), (28, 18), (29, 18), (30, 18), (30, 19), (30, 20), (30, 20)], 1: [(22, 16), (22, 15), (22, 14), (22, 13), (23, 13), (24, 13), (25, 13), (25, 12), (25, 11), (25, 10), (25, 9), (25, 8), (25, 7), (25, 6), (25, 5), (25, 4), (25, 3), (26, 3), (27, 3), (27, 2), (27, 1), (27, 0), (28, 0), (27, 0), (27, 1), (27, 2), (27, 3), (26, 3), (25, 3), (24, 3), (24, 2), (24, 1), (24, 0), (23, 0), (22, 0), (21, 0), (20, 0), (19, 0), (19, 1), (18, 1), (17, 1), (17, 2), (17, 3), (16, 3), (16, 4), (16, 5), (15, 5), (14, 5), (13, 5), (12, 5), (11, 5), (11, 6), (12, 6), (12, 7), (11, 7), (10, 7), (9, 7), (9, 8), (8, 8), (7, 8), (7, 9), (6, 9), (5, 9), (4, 9), (3, 9), (2, 9), (1, 9), (1, 10), (1, 11), (1, 12), (1, 13), (1, 13)], 2: [(3, 22), (2, 22), (2, 21), (2, 20), (2, 19), (2, 18), (2, 17), (1, 17), (1, 16), (2, 16), (2, 17), (2, 17)], 3: [(3, 26), (4, 26), (5, 26), (6, 26), (7, 26), (8, 26), (9, 26), (10, 26), (11, 26), (12, 26), (13, 26), (13, 27), (14, 27), (14, 28), (14, 29), (14, 30), (14, 31), (15, 31), (16, 31), (17, 31), (18, 31), (19, 31), (20, 31), (21, 31), (22, 31), (22, 30), (23, 30), (24, 30), (24, 31), (24, 30), (25, 30), (26, 30), (26, 29), (26, 28), (25, 28), (25, 29), (24, 29), (23, 29), (23, 30), (22, 30), (21, 30), (20, 30), (19, 30), (18, 30), (18, 30)], 4: [(21, 16), (21, 17), (22, 17), (23, 17), (24, 17), (24, 18), (24, 19), (23, 19), (23, 20), (23, 21), (22, 21), (21, 21), (20, 21), (19, 21), (18, 21), (17, 21), (16, 21), (15, 21), (14, 21), (13, 21), (12, 21), (12, 22), (11, 22), (10, 22), (10, 23), (10, 24), (10, 25), (10, 26), (10, 27), (10, 28), (9, 28), (8, 28), (7, 28), (6, 28), (5, 28), (4, 28), (4, 29), (3, 29), (2, 29), (1, 29), (1, 28), (1, 29), (1, 30), (1, 31), (1, 31)]}, 70)