

CBSS-C STATS
starts:[503, 283, 134, 569, 971, 911, 485, 570, 753, 388]
targets:[639, 344, 769, 992, 792, 54, 839, 323, 147, 319, 564, 616, 235, 556, 692]
dests:[210, 380, 77, 477, 823, 982, 877, 297, 386, 878]
ac_dict:{639: {0, 1}, 344: {1, 2}, 769: {2, 3}, 992: {3, 4}, 792: {4, 5}, 54: {5, 6}, 839: {6, 7}, 323: {8, 7}, 147: {8, 9}, 210: {0}, 380: {1}, 77: {2}, 477: {3}, 823: {4}, 982: {5}, 877: {6}, 297: {7}, 386: {8}, 878: {9}}
clusters:[3 3 5 9 0 1 8 0 2 7 3 4 6 7 1]

round: 5
best_g_value: 258.0
open_list_size: 4
num_low_level_expanded: 1752
search_success: 1
search_time: 19.04694657213986
n_tsp_call: 19
n_tsp_time: 17.969766945578158
n_roots: 1
num_conflicts: 4
target_assignment: {692: 8, 564: 8, 147: 8, 235: 8, 323: 8, 839: 6, 992: 4, 556: 7, 616: 9, 769: 2}
cluster_target_selection: {1: 692, 3: 564, 2: 147, 6: 235, 0: 323, 8: 839, 9: 992, 7: 556, 4: 616, 5: 769}
num_nodes_transformed_graph: 98
agent_paths:({0: [(23, 15), (22, 15), (21, 15), (21, 14), (20, 14), (19, 14), (18, 14), (18, 13), (18, 12), (18, 11), (18, 10), (18, 9), (18, 8), (18, 7), (18, 6), (18, 6)], 1: [(27, 8), (28, 8), (28, 9), (28, 10), (28, 11), (28, 11)], 2: [(6, 4), (5, 4), (4, 4), (3, 4), (3, 5), (3, 6), (3, 7), (3, 8), (3, 9), (2, 9), (2, 10), (2, 11), (2, 12), (2, 13), (2, 14), (2, 15), (2, 16), (2, 17), (2, 18), (2, 19), (1, 19), (1, 20), (1, 21), (1, 22), (1, 23), (1, 24), (1, 23), (1, 22), (1, 21), (1, 20), (1, 19), (2, 19), (2, 18), (2, 17), (2, 16), (2, 15), (2, 14), (2, 13), (2, 12), (2, 11), (2, 10), (2, 9), (3, 9), (3, 8), (3, 7), (3, 6), (3, 5), (3, 4), (3, 3), (4, 3), (5, 3), (6, 3), (7, 3), (8, 3), (9, 3), (9, 2), (10, 2), (11, 2), (12, 2), (13, 2), (13, 2)], 3: [(25, 17), (25, 16), (25, 15), (25, 14), (26, 14), (27, 14), (28, 14), (29, 14), (29, 14)], 4: [(11, 30), (10, 30), (9, 30), (8, 30), (7, 30), (6, 30), (5, 30), (5, 29), (4, 29), (3, 29), (2, 29), (1, 29), (0, 29), (0, 30), (0, 31), (0, 30), (0, 29), (0, 28), (0, 27), (0, 26), (0, 25), (1, 25), (2, 25), (3, 25), (4, 25), (5, 25), (6, 25), (7, 25), (8, 25), (9, 25), (10, 25), (11, 25), (12, 25), (13, 25), (14, 25), (15, 25), (16, 25), (17, 25), (18, 25), (19, 25), (20, 25), (21, 25), (22, 25), (23, 25), (23, 25)], 5: [(15, 28), (16, 28), (17, 28), (18, 28), (19, 28), (20, 28), (20, 29), (21, 29), (21, 30), (22, 30), (22, 30)], 6: [(5, 15), (6, 15), (7, 15), (7, 16), (7, 17), (7, 18), (7, 19), (7, 20), (7, 21), (7, 22), (7, 23), (7, 24), (7, 25), (7, 26), (8, 26), (9, 26), (10, 26), (11, 26), (12, 26), (13, 26), (13, 27), (13, 27)], 7: [(26, 17), (25, 17), (24, 17), (23, 17), (22, 17), (21, 17), (20, 17), (19, 17), (18, 17), (17, 17), (16, 17), (15, 17), (14, 17), (13, 17), (12, 17), (11, 17), (10, 17), (10, 16), (10, 15), (10, 14), (10, 13), (10, 12), (9, 12), (9, 11), (9, 10), (9, 9), (9, 9)], 8: [(17, 23), (17, 22), (17, 21), (18, 21), (19, 21), (20, 21), (20, 20), (20, 19), (20, 18), (20, 17), (19, 17), (19, 16), (19, 15), (19, 14), (19, 13), (19, 12), (19, 11), (19, 10), (19, 9), (18, 9), (18, 8), (18, 7), (19, 7), (19, 6), (19, 5), (19, 4), (18, 4), (17, 4), (16, 4), (16, 5), (15, 5), (14, 5), (13, 5), (12, 5), (11, 5), (11, 6), (11, 7), (10, 7), (9, 7), (9, 8), (8, 8), (7, 8), (7, 9), (6, 9), (5, 9), (4, 9), (3, 9), (3, 10), (2, 10), (2, 11), (2, 12), (2, 12)], 9: [(4, 12), (4, 13), (5, 13), (6, 13), (6, 14), (6, 15), (7, 15), (7, 16), (8, 16), (8, 17), (8, 18), (8, 19), (9, 19), (10, 19), (11, 19), (12, 19), (13, 19), (13, 20), (13, 21), (13, 22), (13, 23), (14, 23), (14, 24), (14, 25), (15, 25), (15, 26), (15, 27), (14, 27), (14, 27)]}, 59)