

CBSS-C STATS
starts:[224, 858, 361, 4, 621, 434, 782, 113, 608, 1018]
targets:[763, 786, 481, 705, 1014, 835, 330, 47, 1023, 755]
dests:[665, 603, 371, 845, 118, 241, 885, 659, 243, 820]
ac_dict:{763: {0, 1}, 786: {1, 2}, 481: {2, 3}, 705: {3, 4}, 1014: {4, 5}, 835: {5, 6}, 330: {6, 7}, 47: {8, 7}, 1023: {8, 9}, 665: {0}, 603: {1}, 371: {2}, 845: {3}, 118: {4}, 241: {5}, 885: {6}, 659: {7}, 243: {8}, 820: {9}}
clusters:[3 2 2 0 2 2 3 1 4 2]

round: 4
best_g_value: 224.0
open_list_size: 3
num_low_level_expanded: 2150
search_success: 1
search_time: 0.282680609729141
n_tsp_call: 1
n_tsp_time: 0.2245816569775343
n_roots: 1
num_conflicts: 3
target_assignment: {763: 1, 481: 3, 705: 3, 47: 7, 1023: 9}
cluster_target_selection: {3: 763, 2: 481, 0: 705, 1: 47, 4: 1023}
num_nodes_transformed_graph: 48
agent_paths:({0: [(0, 7), (1, 7), (2, 7), (3, 7), (4, 7), (5, 7), (6, 7), (7, 7), (7, 8), (8, 8), (9, 8), (10, 8), (11, 8), (11, 9), (11, 10), (12, 10), (13, 10), (14, 10), (15, 10), (16, 10), (16, 11), (17, 11), (18, 11), (18, 12), (19, 12), (20, 12), (21, 12), (22, 12), (23, 12), (24, 12), (25, 12), (25, 13), (25, 14), (25, 15), (25, 16), (25, 17), (25, 18), (25, 19), (25, 20), (25, 20)], 1: [(26, 26), (26, 25), (26, 24), (26, 23), (27, 23), (27, 22), (27, 21), (27, 20), (27, 19), (27, 18), (27, 18)], 2: [(9, 11), (10, 11), (11, 11), (12, 11), (12, 10), (13, 10), (14, 10), (15, 10), (16, 10), (16, 11), (17, 11), (18, 11), (19, 11), (19, 11)], 3: [(4, 0), (3, 0), (2, 0), (1, 0), (1, 1), (1, 2), (1, 3), (1, 4), (1, 5), (1, 6), (1, 7), (1, 8), (1, 9), (1, 10), (1, 11), (1, 12), (1, 13), (1, 14), (1, 15), (1, 16), (1, 17), (2, 17), (2, 18), (2, 19), (1, 19), (1, 20), (1, 21), (1, 22), (2, 22), (3, 22), (4, 22), (5, 22), (6, 22), (7, 22), (8, 22), (9, 22), (10, 22), (11, 22), (12, 22), (13, 22), (13, 23), (13, 24), (13, 25), (13, 26), (13, 26)], 4: [(13, 19), (13, 18), (13, 17), (13, 16), (13, 15), (13, 14), (13, 13), (14, 13), (14, 12), (14, 11), (14, 10), (14, 9), (15, 9), (16, 9), (16, 8), (16, 7), (16, 6), (16, 5), (16, 4), (16, 3), (17, 3), (18, 3), (19, 3), (20, 3), (21, 3), (22, 3), (22, 3)], 5: [(18, 13), (18, 12), (18, 11), (18, 10), (18, 9), (17, 9), (17, 8), (17, 7), (17, 7)], 6: [(14, 24), (15, 24), (16, 24), (17, 24), (18, 24), (19, 24), (20, 24), (20, 25), (20, 26), (20, 27), (21, 27), (21, 27)], 7: [(17, 3), (16, 3), (16, 2), (16, 1), (15, 1), (16, 1), (17, 1), (17, 2), (17, 3), (18, 3), (18, 4), (18, 5), (18, 6), (18, 7), (18, 8), (18, 9), (18, 10), (18, 11), (18, 12), (19, 12), (19, 13), (19, 14), (19, 15), (19, 16), (19, 17), (19, 18), (19, 19), (19, 20), (19, 20)], 8: [(0, 19), (1, 19), (2, 19), (2, 18), (2, 17), (2, 16), (2, 15), (2, 14), (2, 13), (2, 12), (2, 11), (2, 10), (3, 10), (4, 10), (5, 10), (6, 10), (7, 10), (8, 10), (9, 10), (10, 10), (11, 10), (12, 10), (13, 10), (13, 9), (14, 9), (15, 9), (16, 9), (16, 8), (17, 8), (18, 8), (18, 7), (19, 7), (19, 7)], 9: [(26, 31), (27, 31), (28, 31), (29, 31), (30, 31), (31, 31), (30, 31), (29, 31), (28, 31), (27, 31), (26, 31), (25, 31), (24, 31), (24, 30), (23, 30), (22, 30), (21, 30), (20, 30), (20, 29), (20, 28), (20, 27), (20, 26), (20, 25), (20, 25)]}, 43)