

CBSS-C STATS
starts:[714, 823, 201, 11, 544]
targets:[408, 915, 321, 548, 407, 528, 834, 631, 451, 696, 414, 578, 621, 120, 782, 912, 289, 838, 827, 108, 322, 325, 474, 100, 986, 559, 185, 927, 783, 628, 15, 209, 765, 269, 614, 358, 340, 793, 478, 5, 1014, 463, 590, 256, 464, 984, 49, 993, 941, 341]
dests:[503, 802, 190, 736, 836]
ac_dict:{408: {0, 1}, 915: {1, 2}, 321: {2, 3}, 548: {3, 4}, 503: {0}, 802: {1}, 190: {2}, 736: {3}, 836: {4}}
clusters:[24 20  6 22 18 12  1 28 35 10 17  5 16  0 39  1 23 34  0  7 27 36 26 11
 32 31 33  2 14  3 15 21  5 37 38  9  9  3  8  4 29 13  6  8 19  7  2 25
  4 30]

round: 2
best_g_value: 220.0
open_list_size: 1
num_low_level_expanded: 953
search_success: 1
search_time: 4.503138971000226
n_tsp_call: 1
n_tsp_time: 4.4184884400001465
n_roots: 1
num_conflicts: 1
target_assignment: {621: 0, 590: 0, 559: 0, 528: 0, 463: 0, 464: 0, 340: 0, 341: 0, 407: 0, 408: 0, 414: 0, 478: 0, 474: 0, 696: 0, 631: 0, 269: 2, 209: 2, 15: 2, 49: 2, 120: 2, 185: 2, 548: 4, 614: 4, 5: 3, 100: 3, 289: 3, 322: 3, 325: 3, 451: 3, 578: 3, 793: 1, 986: 1, 984: 1, 1014: 1, 915: 1, 783: 1, 782: 1, 838: 1, 993: 1, 834: 1}
cluster_target_selection: {16: 621, 6: 590, 31: 559, 12: 528, 13: 463, 19: 464, 9: 340, 30: 341, 18: 407, 24: 408, 17: 414, 8: 478, 26: 474, 10: 696, 28: 631, 37: 269, 21: 209, 15: 15, 2: 49, 0: 120, 33: 185, 22: 548, 38: 614, 4: 5, 11: 100, 23: 289, 27: 322, 36: 325, 35: 451, 5: 578, 3: 793, 32: 986, 7: 984, 29: 1014, 20: 915, 14: 783, 39: 782, 34: 838, 25: 993, 1: 834}
num_nodes_transformed_graph: 127
agent_paths:({0: [(10, 22), (10, 21), (10, 20), (10, 19), (11, 19), (12, 19), (13, 19), (13, 18), (14, 18), (14, 17), (15, 17), (15, 16), (16, 16), (16, 15), (16, 14), (15, 14), (16, 14), (16, 13), (16, 12), (16, 11), (17, 11), (18, 11), (18, 10), (19, 10), (20, 10), (21, 10), (22, 10), (23, 10), (23, 11), (23, 12), (24, 12), (25, 12), (26, 12), (26, 11), (27, 11), (28, 11), (29, 11), (30, 11), (30, 12), (29, 12), (29, 13), (29, 14), (30, 14), (29, 14), (28, 14), (27, 14), (26, 14), (25, 14), (24, 14), (24, 15), (24, 16), (24, 17), (24, 18), (24, 19), (24, 20), (24, 21), (23, 21), (23, 20), (23, 19), (23, 18), (23, 17), (23, 16), (23, 15), (23, 15)], 1: [(23, 25), (23, 24), (24, 24), (25, 24), (26, 24), (26, 25), (26, 26), (26, 27), (26, 28), (26, 29), (26, 30), (25, 30), (24, 30), (23, 30), (22, 30), (22, 31), (21, 31), (20, 31), (19, 31), (19, 30), (19, 29), (19, 28), (18, 28), (17, 28), (16, 28), (15, 28), (15, 27), (15, 26), (15, 25), (15, 24), (14, 24), (13, 24), (12, 24), (11, 24), (10, 24), (9, 24), (8, 24), (7, 24), (7, 25), (6, 25), (6, 26), (5, 26), (5, 27), (4, 27), (3, 27), (2, 27), (1, 27), (1, 28), (1, 29), (1, 30), (1, 31), (1, 30), (1, 29), (1, 28), (1, 27), (2, 27), (2, 26), (2, 25), (2, 25)], 2: [(9, 6), (10, 6), (11, 6), (12, 6), (13, 6), (13, 7), (13, 8), (13, 7), (13, 6), (14, 6), (15, 6), (16, 6), (17, 6), (16, 6), (16, 5), (16, 4), (16, 3), (16, 2), (16, 1), (15, 1), (15, 0), (16, 0), (16, 1), (17, 1), (18, 1), (19, 1), (20, 1), (20, 2), (21, 2), (22, 2), (23, 2), (24, 2), (24, 3), (25, 3), (25, 4), (25, 5), (26, 5), (27, 5), (28, 5), (29, 5), (30, 5), (30, 5)], 3: [(11, 0), (10, 0), (9, 0), (8, 0), (8, 1), (7, 1), (6, 1), (5, 1), (5, 0), (4, 0), (4, 1), (4, 2), (4, 3), (3, 3), (2, 3), (1, 3), (1, 4), (1, 5), (1, 6), (1, 7), (1, 8), (1, 9), (2, 9), (2, 10), (3, 10), (4, 10), (5, 10), (4, 10), (3, 10), (3, 11), (3, 12), (3, 13), (3, 14), (2, 14), (2, 15), (2, 16), (2, 17), (2, 18), (2, 19), (1, 19), (1, 20), (1, 21), (1, 22), (1, 23), (0, 23), (0, 23)], 4: [(0, 17), (1, 17), (2, 17), (3, 17), (4, 17), (5, 17), (5, 18), (5, 19), (6, 19), (5, 19), (5, 20), (5, 21), (5, 22), (4, 22), (4, 23), (4, 24), (4, 25), (4, 26), (4, 26)]}, 62)