

CBSS-C STATS
starts:[224, 252, 983, 905, 491, 249, 221, 776, 225, 30]
targets:[939, 219, 98, 891, 242]
dests:[835, 354, 813, 485, 768, 841, 555, 749, 58, 503]
ac_dict:{939: {0, 1}, 219: {1, 2}, 98: {2, 3}, 891: {3, 4}, 242: {4, 5}, 835: {0}, 354: {1}, 813: {2}, 485: {3}, 768: {4}, 841: {5}, 555: {6}, 749: {7}, 58: {8}, 503: {9}}
clusters:[0 1 0 0 1]

round: 2
best_g_value: 253.0
open_list_size: 0
num_low_level_expanded: 1594
search_success: 1
search_time: 0.13688918389379978
n_tsp_call: 1
n_tsp_time: 0.08862181985750794
n_roots: 1
num_conflicts: 1
target_assignment: {939: 0, 219: 1}
cluster_target_selection: {0: 939, 1: 219}
num_nodes_transformed_graph: 30
agent_paths:({0: [(0, 7), (1, 7), (2, 7), (3, 7), (4, 7), (5, 7), (6, 7), (7, 7), (7, 8), (8, 8), (9, 8), (10, 8), (10, 9), (10, 10), (10, 11), (10, 12), (10, 13), (10, 14), (11, 14), (11, 15), (11, 16), (11, 17), (11, 18), (11, 19), (11, 20), (11, 21), (11, 22), (11, 23), (11, 24), (11, 25), (11, 26), (11, 27), (11, 28), (11, 29), (10, 29), (10, 28), (9, 28), (8, 28), (7, 28), (6, 28), (5, 28), (4, 28), (4, 27), (3, 27), (3, 26), (3, 26)], 1: [(28, 7), (27, 7), (27, 6), (26, 6), (25, 6), (24, 6), (23, 6), (22, 6), (21, 6), (20, 6), (19, 6), (18, 6), (17, 6), (16, 6), (15, 6), (14, 6), (13, 6), (12, 6), (11, 6), (10, 6), (9, 6), (8, 6), (7, 6), (7, 7), (6, 7), (5, 7), (4, 7), (3, 7), (3, 8), (3, 9), (2, 9), (2, 10), (2, 11), (2, 11)], 2: [(23, 30), (22, 30), (21, 30), (20, 30), (19, 30), (18, 30), (17, 30), (16, 30), (16, 29), (15, 29), (14, 29), (13, 29), (13, 28), (13, 27), (13, 26), (13, 25), (13, 25)], 3: [(9, 28), (8, 28), (8, 27), (8, 26), (7, 26), (7, 25), (7, 24), (7, 23), (6, 23), (5, 23), (5, 22), (5, 21), (5, 20), (5, 19), (5, 18), (5, 17), (5, 16), (5, 15), (5, 15)], 4: [(11, 15), (10, 15), (9, 15), (9, 16), (8, 16), (7, 16), (6, 16), (5, 16), (4, 16), (3, 16), (2, 16), (2, 17), (2, 18), (2, 19), (1, 19), (1, 20), (1, 21), (1, 22), (1, 23), (0, 23), (0, 24), (0, 24)], 5: [(25, 7), (25, 8), (24, 8), (23, 8), (22, 8), (21, 8), (20, 8), (20, 9), (19, 9), (18, 9), (17, 9), (16, 9), (15, 9), (14, 9), (13, 9), (13, 10), (12, 10), (11, 10), (10, 10), (10, 11), (10, 12), (10, 13), (10, 14), (9, 14), (9, 15), (9, 16), (9, 17), (9, 18), (9, 19), (9, 20), (9, 21), (9, 22), (9, 23), (9, 24), (9, 25), (9, 26), (9, 26)], 6: [(29, 6), (28, 6), (28, 7), (27, 7), (26, 7), (25, 7), (25, 8), (24, 8), (23, 8), (22, 8), (21, 8), (20, 8), (20, 9), (19, 9), (18, 9), (17, 9), (16, 9), (15, 9), (14, 9), (13, 9), (13, 10), (12, 10), (12, 11), (12, 12), (12, 13), (12, 14), (11, 14), (11, 15), (11, 16), (11, 17), (11, 17)], 7: [(8, 24), (8, 23), (9, 23), (10, 23), (11, 23), (12, 23), (13, 23), (13, 23)], 8: [(1, 7), (2, 7), (3, 7), (4, 7), (5, 7), (6, 7), (7, 7), (7, 6), (8, 6), (9, 6), (10, 6), (10, 5), (11, 5), (12, 5), (13, 5), (14, 5), (15, 5), (16, 5), (16, 4), (16, 3), (17, 3), (18, 3), (19, 3), (20, 3), (21, 3), (22, 3), (23, 3), (24, 3), (25, 3), (26, 3), (27, 3), (27, 2), (27, 1), (26, 1), (26, 1)], 9: [(30, 0), (29, 0), (28, 0), (27, 0), (27, 1), (27, 2), (27, 3), (26, 3), (25, 3), (25, 4), (25, 5), (25, 6), (25, 7), (25, 8), (24, 8), (23, 8), (23, 9), (23, 10), (23, 11), (23, 12), (23, 13), (23, 14), (23, 15), (23, 15)]}, 44)