

CBSS-C STATS
starts:[494, 580, 994, 569, 443, 30, 277, 56, 421, 241]
targets:[154, 414, 657, 371, 935, 730, 137, 613, 376, 660]
dests:[66, 1004, 306, 285, 311, 503, 524, 205, 942, 464]
ac_dict:{154: {0, 1}, 414: {1, 2}, 657: {2, 3}, 371: {3, 4}, 935: {4, 5}, 730: {5, 6}, 137: {6, 7}, 613: {8, 7}, 376: {8, 9}, 66: {0}, 1004: {1}, 306: {2}, 285: {3}, 311: {4}, 503: {5}, 524: {6}, 205: {7}, 942: {8}, 464: {9}}
clusters:[3 1 1 4 1 0 2 1 0 3]

round: 2
best_g_value: 229.0
open_list_size: 1
num_low_level_expanded: 1056
search_success: 1
search_time: 0.30356056708842516
n_tsp_call: 1
n_tsp_time: 0.2571710520423949
n_roots: 1
num_conflicts: 1
target_assignment: {137: 7, 660: 2, 613: 8, 376: 9, 371: 4}
cluster_target_selection: {2: 137, 3: 660, 1: 613, 0: 376, 4: 371}
num_nodes_transformed_graph: 48
agent_paths:({0: [(14, 15), (13, 15), (12, 15), (11, 15), (10, 15), (10, 14), (10, 13), (10, 12), (9, 12), (9, 11), (9, 10), (8, 10), (7, 10), (6, 10), (5, 10), (4, 10), (3, 10), (3, 9), (3, 8), (3, 7), (2, 7), (2, 6), (2, 5), (2, 4), (2, 3), (2, 2), (2, 2)], 1: [(4, 18), (5, 18), (5, 19), (6, 19), (7, 19), (8, 19), (9, 19), (10, 19), (11, 19), (12, 19), (12, 20), (12, 21), (12, 22), (12, 23), (12, 24), (12, 25), (12, 26), (12, 27), (12, 28), (12, 29), (12, 30), (12, 31), (12, 31)], 2: [(2, 31), (2, 30), (2, 29), (2, 28), (2, 27), (2, 26), (2, 25), (2, 24), (2, 23), (2, 22), (3, 22), (4, 22), (5, 22), (5, 21), (5, 20), (6, 20), (7, 20), (8, 20), (9, 20), (10, 20), (11, 20), (12, 20), (13, 20), (14, 20), (15, 20), (16, 20), (17, 20), (18, 20), (19, 20), (20, 20), (19, 20), (19, 19), (19, 18), (19, 17), (19, 16), (19, 15), (18, 15), (18, 14), (18, 13), (18, 12), (18, 11), (18, 10), (18, 9), (18, 9)], 3: [(25, 17), (25, 16), (25, 15), (25, 14), (25, 13), (25, 12), (25, 11), (25, 10), (26, 10), (27, 10), (27, 9), (27, 8), (28, 8), (29, 8), (29, 8)], 4: [(27, 13), (26, 13), (25, 13), (24, 13), (23, 13), (22, 13), (21, 13), (20, 13), (19, 13), (19, 12), (19, 11), (19, 10), (19, 9), (20, 9), (21, 9), (22, 9), (23, 9), (23, 9)], 5: [(30, 0), (29, 0), (28, 0), (27, 0), (27, 1), (27, 2), (27, 3), (26, 3), (25, 3), (25, 4), (25, 5), (25, 6), (25, 7), (25, 8), (24, 8), (24, 9), (24, 10), (23, 10), (23, 11), (23, 12), (23, 13), (23, 14), (23, 15), (23, 15)], 6: [(21, 8), (20, 8), (20, 9), (19, 9), (18, 9), (17, 9), (16, 9), (15, 9), (14, 9), (13, 9), (13, 10), (12, 10), (12, 11), (12, 12), (12, 13), (12, 14), (12, 15), (12, 16), (12, 16)], 7: [(24, 1), (23, 1), (22, 1), (22, 2), (21, 2), (20, 2), (20, 3), (19, 3), (18, 3), (17, 3), (16, 3), (16, 4), (16, 5), (15, 5), (14, 5), (13, 5), (12, 5), (11, 5), (10, 5), (10, 4), (9, 4), (10, 4), (11, 4), (12, 4), (13, 4), (13, 5), (13, 6), (13, 6)], 8: [(5, 13), (5, 14), (5, 15), (5, 16), (5, 17), (5, 18), (5, 19), (6, 19), (7, 19), (8, 19), (9, 19), (10, 19), (11, 19), (12, 19), (13, 19), (13, 20), (13, 21), (13, 22), (13, 23), (13, 24), (13, 25), (13, 26), (13, 27), (14, 27), (14, 28), (14, 29), (14, 29)], 9: [(17, 7), (18, 7), (19, 7), (20, 7), (21, 7), (22, 7), (22, 8), (23, 8), (24, 8), (24, 9), (24, 10), (24, 11), (23, 11), (22, 11), (21, 11), (21, 12), (20, 12), (19, 12), (18, 12), (17, 12), (16, 12), (16, 13), (16, 14), (16, 14)]}, 42)