

CBSS-C STATS
starts:[670, 791, 230, 941, 440, 153, 68, 450, 792, 30]
targets:[613, 544, 896, 64, 155, 55, 832, 705, 283, 501]
dests:[693, 75, 553, 857, 244, 408, 193, 451, 396, 981]
ac_dict:{613: {0, 1}, 544: {1, 2}, 896: {2, 3}, 64: {3, 4}, 155: {4, 5}, 55: {5, 6}, 832: {6, 7}, 705: {8, 7}, 283: {8, 9}, 693: {0}, 75: {1}, 553: {2}, 857: {3}, 244: {4}, 408: {5}, 193: {6}, 451: {7}, 396: {8}, 981: {9}}
clusters:[1 0 3 4 4 2 4 3 0 3]

round: 1
best_g_value: 190.0
open_list_size: 0
num_low_level_expanded: 583
search_success: 1
search_time: 0.13238968001678586
n_tsp_call: 1
n_tsp_time: 0.10543247731402516
n_roots: 1
num_conflicts: 0
target_assignment: {155: 5, 55: 5, 283: 9, 613: 1, 501: 8}
cluster_target_selection: {4: 155, 2: 55, 0: 283, 1: 613, 3: 501}
num_nodes_transformed_graph: 33
agent_paths:({0: [(30, 20), (29, 20), (28, 20), (27, 20), (26, 20), (25, 20), (24, 20), (23, 20), (22, 20), (21, 20), (21, 21), (21, 21)], 1: [(23, 24), (22, 24), (22, 23), (21, 23), (21, 22), (20, 22), (19, 22), (18, 22), (17, 22), (16, 22), (15, 22), (15, 21), (14, 21), (13, 21), (12, 21), (11, 21), (10, 21), (9, 21), (8, 21), (7, 21), (6, 21), (5, 21), (5, 20), (5, 19), (5, 18), (5, 17), (5, 16), (5, 15), (5, 14), (5, 13), (6, 13), (6, 12), (6, 11), (6, 10), (6, 9), (7, 9), (7, 8), (7, 7), (7, 6), (7, 5), (7, 4), (7, 3), (8, 3), (9, 3), (9, 2), (10, 2), (11, 2), (11, 2)], 2: [(6, 7), (7, 7), (7, 8), (8, 8), (9, 8), (9, 9), (9, 10), (9, 11), (9, 12), (10, 12), (10, 13), (10, 14), (9, 14), (9, 15), (9, 16), (9, 17), (9, 17)], 3: [(13, 29), (13, 28), (13, 27), (14, 27), (15, 27), (16, 27), (17, 27), (18, 27), (19, 27), (20, 27), (21, 27), (22, 27), (22, 26), (23, 26), (24, 26), (25, 26), (25, 26)], 4: [(24, 13), (23, 13), (22, 13), (21, 13), (21, 12), (21, 11), (21, 10), (20, 10), (20, 9), (20, 8), (20, 7), (20, 7)], 5: [(25, 4), (26, 4), (27, 4), (26, 4), (25, 4), (25, 3), (24, 3), (23, 3), (23, 2), (23, 1), (23, 2), (23, 3), (23, 4), (23, 5), (24, 5), (24, 6), (25, 6), (25, 7), (25, 8), (24, 8), (24, 9), (24, 10), (24, 11), (24, 12), (24, 12)], 6: [(4, 2), (3, 2), (2, 2), (1, 2), (1, 3), (1, 4), (1, 5), (1, 6), (1, 6)], 7: [(2, 14), (3, 14), (3, 14)], 8: [(24, 24), (23, 24), (22, 24), (22, 23), (21, 23), (21, 22), (21, 21), (21, 20), (21, 19), (21, 18), (21, 17), (21, 16), (21, 15), (21, 14), (20, 14), (19, 14), (18, 14), (17, 14), (16, 14), (15, 14), (14, 14), (13, 14), (12, 14), (12, 13), (12, 12), (12, 12)], 9: [(30, 0), (29, 0), (28, 0), (27, 0), (27, 1), (27, 2), (27, 3), (27, 4), (27, 5), (27, 6), (27, 7), (27, 8), (27, 9), (27, 10), (26, 10), (25, 10), (24, 10), (24, 11), (24, 12), (24, 13), (24, 14), (24, 15), (24, 16), (24, 17), (24, 18), (24, 19), (24, 20), (24, 21), (24, 22), (24, 23), (24, 24), (23, 24), (23, 25), (23, 26), (23, 27), (23, 28), (23, 29), (23, 30), (22, 30), (21, 30), (21, 30)]}, 46)