

CBSS-C STATS
starts:[580, 454]
targets:[506, 641, 538, 545, 806, 866, 680, 617, 75, 95, 191, 808, 578, 552, 139, 113, 388, 1008, 843, 886, 396, 1010, 905, 604, 788, 176, 333, 281, 457, 594, 656, 672, 658, 401, 864, 1004, 350, 316, 742, 85, 579, 618, 329, 679, 516, 448, 841, 588, 600, 942, 434, 1023, 121, 930, 217, 615, 958, 369, 894, 14, 96, 699, 885, 110, 2, 126, 881, 865, 481, 386, 117, 42, 13, 348, 498, 792, 692, 738, 439, 963, 222, 440, 408, 685, 650, 797, 1017, 338, 887, 973, 838, 399, 181, 575, 313, 850, 974, 965, 744, 867]
dests:[24, 278]
ac_dict:{506: {0, 1}, 24: {0}, 278: {1}}
clusters:[19 33 23 13 36 35 26 37 26 12  3 22 39 31 22 17 11  1 32 37  6 35 21 28
  0 24 39  6 13 39 20 33 30 17 10 22 19  9  3 39 31 38 25 19 18  5 31 37
  4 19 25 35 14 15 34 20 16 20 14 27 19 33 32 24 35 19 17  8 11  7  2 34
 11 10 32 32  4 10 23 18 29 10 19 10 34 33 17 10 35 27  2 10 10  8 27 30
 33 24 30 38]

round: 1
best_g_value: 448.0
open_list_size: 0
num_low_level_expanded: 309
search_success: 1
search_time: 45.387370981996355
n_tsp_call: 1
n_tsp_time: 45.20476390600379
n_roots: 1
num_conflicts: 0
target_assignment: {579: 0, 578: 0, 545: 0, 481: 0, 448: 0, 386: 0, 329: 0, 313: 0, 281: 0, 217: 0, 316: 0, 222: 0, 191: 0, 95: 0, 121: 0, 615: 1, 680: 1, 808: 1, 806: 1, 838: 1, 867: 1, 866: 1, 865: 1, 930: 1, 963: 1, 965: 1, 905: 1, 942: 1, 1008: 1, 881: 1, 850: 1, 788: 1, 885: 1, 886: 1, 958: 1, 797: 1, 604: 1, 600: 1, 440: 1, 439: 1}
cluster_target_selection: {31: 579, 39: 578, 13: 545, 11: 481, 5: 448, 7: 386, 25: 329, 27: 313, 6: 281, 34: 217, 9: 316, 29: 222, 3: 191, 12: 95, 14: 121, 20: 615, 26: 680, 22: 808, 36: 806, 2: 838, 38: 867, 35: 866, 8: 865, 15: 930, 18: 963, 24: 965, 21: 905, 19: 942, 1: 1008, 17: 881, 30: 850, 0: 788, 32: 885, 37: 886, 16: 958, 33: 797, 28: 604, 4: 600, 10: 440, 23: 439}
num_nodes_transformed_graph: 204
agent_paths:({0: [(4, 18), (3, 18), (2, 18), (2, 17), (1, 17), (1, 16), (1, 15), (0, 15), (0, 14), (1, 14), (1, 13), (1, 12), (2, 12), (2, 11), (2, 10), (3, 10), (4, 10), (5, 10), (6, 10), (7, 10), (8, 10), (9, 10), (10, 10), (11, 10), (12, 10), (13, 10), (13, 9), (14, 9), (15, 9), (16, 9), (17, 9), (18, 9), (19, 9), (20, 9), (21, 9), (22, 9), (23, 9), (24, 9), (25, 9), (25, 8), (25, 7), (25, 6), (26, 6), (27, 6), (28, 6), (28, 7), (28, 8), (28, 9), (28, 8), (28, 7), (28, 6), (29, 6), (30, 6), (30, 5), (31, 5), (31, 4), (31, 3), (31, 2), (30, 2), (29, 2), (28, 2), (27, 2), (27, 3), (26, 3), (25, 3), (24, 3), (24, 2), (24, 1), (24, 0), (24, 0)], 1: [(6, 14), (6, 15), (7, 15), (7, 16), (7, 17), (7, 18), (7, 19), (8, 19), (8, 20), (8, 21), (8, 22), (8, 23), (8, 24), (8, 25), (7, 25), (6, 25), (6, 26), (5, 26), (4, 26), (3, 26), (3, 27), (2, 27), (1, 27), (2, 27), (2, 28), (2, 29), (3, 29), (3, 30), (3, 29), (4, 29), (5, 29), (5, 30), (5, 29), (5, 28), (6, 28), (7, 28), (8, 28), (9, 28), (10, 28), (11, 28), (12, 28), (13, 28), (14, 28), (14, 29), (15, 29), (16, 29), (16, 30), (16, 31), (16, 30), (16, 29), (16, 28), (16, 27), (17, 27), (17, 26), (18, 26), (18, 25), (18, 24), (19, 24), (20, 24), (20, 25), (20, 26), (20, 27), (21, 27), (22, 27), (23, 27), (24, 27), (25, 27), (26, 27), (27, 27), (28, 27), (29, 27), (30, 27), (30, 28), (30, 29), (29, 29), (29, 28), (29, 27), (29, 26), (29, 25), (29, 24), (29, 23), (29, 22), (29, 21), (29, 20), (29, 19), (29, 18), (28, 18), (27, 18), (26, 18), (25, 18), (24, 18), (24, 17), (24, 16), (24, 15), (24, 14), (24, 13), (23, 13), (22, 13), (22, 12), (22, 11), (22, 10), (22, 9), (22, 8), (22, 8)]}, 102)