

CBSS-C STATS
starts:[184, 915]
targets:[302, 403, 814, 349, 800, 657, 43, 105, 648, 1013, 95, 986, 592, 857, 838, 870, 981, 795, 154, 283, 388, 73, 989, 401, 608, 448, 796, 38, 273, 660, 548, 668, 489, 954, 220, 75, 253, 791, 0, 841, 594, 879, 687, 620, 289, 845, 575, 433, 24, 473, 678, 285, 421, 515, 161, 536, 671, 805, 454, 328, 1001, 374, 126, 637, 940, 177, 825, 595, 1000, 382, 485, 295, 690, 832, 993, 955, 6, 174, 628, 568, 117, 171, 1, 653, 244, 882, 672, 623, 430, 284, 1016, 291, 834, 380, 325, 697, 440, 47, 156, 33]
dests:[221, 236]
ac_dict:{302: {0, 1}, 221: {0}, 236: {1}}
clusters:[ 6 18  2 39 33 32 28 18 27  3 19 32 15 24 33  1 23 23 29 10 39 31 15  5
 10 28 19 20 21 37  7 33  1 11 10  4 27 13  0 22 36 29 30 15 16 19  0 20
  8  2 27 21 12  3  4 13  7 14 26 15 20 12 37 35 23 15  8  2 29 22  4  9
 34 21 38 17 30  1 22 25  2 35 21 14  5  3  7 24  2  8  8 39 31 33 33  3
 33  8  8 38]

round: 1
best_g_value: 422.0
open_list_size: 0
num_low_level_expanded: 270
search_success: 1
search_time: 11.265015370001493
n_tsp_call: 1
n_tsp_time: 11.16276986500452
n_roots: 1
num_conflicts: 0
target_assignment: {154: 0, 156: 0, 220: 0, 253: 0, 954: 1, 955: 1, 796: 1, 795: 1, 697: 1, 568: 1, 536: 1, 440: 1, 374: 1, 403: 1, 401: 1, 594: 1, 595: 1, 628: 1, 660: 1, 690: 1, 657: 1, 623: 1, 653: 1, 620: 1, 548: 1, 454: 1, 295: 1, 291: 1, 289: 1, 161: 1, 33: 1, 1: 1, 0: 1, 6: 1, 38: 1, 73: 1, 43: 1, 171: 1, 174: 1, 302: 1}
cluster_target_selection: {29: 154, 8: 156, 10: 220, 27: 253, 11: 954, 17: 955, 19: 796, 23: 795, 3: 697, 25: 568, 13: 536, 33: 440, 12: 374, 18: 403, 5: 401, 36: 594, 2: 595, 22: 628, 37: 660, 34: 690, 32: 657, 24: 623, 14: 653, 15: 620, 7: 548, 26: 454, 9: 295, 39: 291, 16: 289, 4: 161, 38: 33, 21: 1, 0: 0, 30: 6, 20: 38, 31: 73, 28: 43, 35: 171, 1: 174, 6: 302}
num_nodes_transformed_graph: 104
agent_paths:({0: [(24, 5), (25, 5), (25, 4), (26, 4), (27, 4), (28, 4), (28, 5), (28, 6), (29, 6), (29, 7), (29, 6), (29, 6)], 1: [(19, 28), (20, 28), (20, 29), (21, 29), (21, 30), (22, 30), (23, 30), (23, 29), (24, 29), (25, 29), (26, 29), (27, 29), (27, 28), (27, 27), (27, 26), (27, 25), (27, 24), (28, 24), (27, 24), (26, 24), (26, 23), (26, 22), (26, 21), (25, 21), (24, 21), (24, 20), (24, 19), (24, 18), (24, 17), (24, 16), (24, 15), (24, 14), (24, 13), (23, 13), (22, 13), (22, 12), (22, 11), (21, 11), (21, 12), (20, 12), (19, 12), (18, 12), (17, 12), (17, 13), (17, 14), (17, 15), (17, 16), (17, 17), (18, 17), (18, 18), (19, 18), (20, 18), (20, 19), (20, 20), (19, 20), (18, 20), (18, 21), (17, 21), (17, 20), (16, 20), (15, 20), (15, 19), (14, 19), (13, 19), (13, 20), (12, 20), (12, 19), (11, 19), (10, 19), (9, 19), (8, 19), (7, 19), (6, 19), (5, 19), (4, 19), (4, 18), (4, 17), (4, 16), (4, 15), (5, 15), (5, 14), (6, 14), (6, 13), (6, 12), (6, 11), (6, 10), (6, 9), (7, 9), (6, 9), (5, 9), (4, 9), (3, 9), (2, 9), (1, 9), (1, 8), (1, 7), (1, 6), (1, 5), (1, 4), (1, 3), (1, 2), (1, 1), (1, 0), (0, 0), (1, 0), (2, 0), (3, 0), (4, 0), (5, 0), (6, 0), (6, 1), (7, 1), (8, 1), (9, 1), (9, 2), (9, 1), (10, 1), (11, 1), (11, 2), (11, 3), (11, 4), (11, 5), (12, 5), (13, 5), (14, 5), (14, 6), (14, 7), (13, 7), (13, 8), (13, 9), (14, 9), (13, 9), (13, 8), (13, 7), (12, 7), (12, 7)]}, 134)