

CBSS-C STATS
starts:[408, 784, 953, 627, 264, 677, 166, 187, 233, 92]
targets:[542, 163, 141, 1001, 531]
dests:[413, 320, 597, 664, 87, 5, 858, 649, 402, 988]
ac_dict:{542: {0, 1}, 163: {1, 2}, 141: {2, 3}, 1001: {3, 4}, 531: {4, 5}, 413: {0}, 320: {1}, 597: {2}, 664: {3}, 87: {4}, 5: {5}, 858: {6}, 649: {7}, 402: {8}, 988: {9}}
clusters:[0 0 1 1 0]

round: 2
best_g_value: 268.0
open_list_size: 1
num_low_level_expanded: 1936
search_success: 1
search_time: 0.16286189435049891
n_tsp_call: 1
n_tsp_time: 0.09554954990744591
n_roots: 1
num_conflicts: 1
target_assignment: {1001: 4, 531: 4}
cluster_target_selection: {1: 1001, 0: 531}
num_nodes_transformed_graph: 30
agent_paths:({0: [(24, 12), (25, 12), (26, 12), (26, 11), (27, 11), (28, 11), (29, 11), (29, 12), (29, 12)], 1: [(16, 24), (15, 24), (14, 24), (13, 24), (12, 24), (11, 24), (10, 24), (9, 24), (8, 24), (7, 24), (7, 23), (6, 23), (5, 23), (4, 23), (3, 23), (2, 23), (2, 22), (2, 21), (2, 20), (2, 19), (2, 18), (2, 17), (1, 17), (1, 16), (1, 15), (1, 14), (1, 13), (1, 12), (1, 11), (0, 11), (0, 10), (0, 10)], 2: [(25, 29), (24, 29), (23, 29), (23, 28), (23, 27), (22, 27), (22, 26), (22, 25), (22, 24), (22, 23), (21, 23), (21, 22), (21, 21), (21, 20), (21, 19), (21, 18), (21, 18)], 3: [(19, 19), (20, 19), (21, 19), (22, 19), (23, 19), (24, 19), (24, 20), (24, 20)], 4: [(8, 8), (9, 8), (9, 9), (9, 10), (9, 11), (9, 12), (10, 12), (10, 13), (10, 14), (10, 15), (10, 16), (10, 17), (10, 18), (10, 19), (10, 20), (10, 21), (10, 22), (10, 23), (10, 24), (10, 25), (10, 26), (10, 27), (10, 28), (10, 29), (10, 30), (9, 30), (9, 31), (9, 30), (10, 30), (10, 29), (10, 28), (10, 27), (10, 26), (10, 25), (10, 24), (10, 23), (10, 22), (10, 21), (10, 20), (10, 19), (10, 18), (10, 17), (11, 17), (12, 17), (13, 17), (14, 17), (15, 17), (16, 17), (17, 17), (18, 17), (19, 17), (19, 16), (19, 15), (19, 14), (19, 13), (19, 12), (19, 11), (19, 10), (19, 9), (20, 9), (20, 8), (20, 7), (20, 6), (21, 6), (21, 5), (21, 4), (21, 3), (21, 2), (22, 2), (23, 2), (23, 2)], 5: [(5, 21), (5, 20), (5, 19), (5, 18), (5, 17), (5, 16), (5, 15), (5, 14), (5, 13), (4, 13), (4, 12), (4, 11), (4, 10), (4, 9), (4, 8), (4, 7), (5, 7), (5, 6), (5, 5), (5, 4), (5, 3), (5, 2), (5, 1), (5, 0), (5, 0)], 6: [(6, 5), (7, 5), (8, 5), (8, 6), (9, 6), (10, 6), (11, 6), (12, 6), (13, 6), (14, 6), (15, 6), (15, 7), (16, 7), (17, 7), (18, 7), (19, 7), (20, 7), (21, 7), (22, 7), (22, 8), (23, 8), (24, 8), (25, 8), (25, 9), (25, 10), (25, 11), (25, 12), (25, 13), (25, 14), (25, 15), (25, 16), (25, 17), (25, 18), (25, 19), (25, 20), (26, 20), (26, 21), (26, 22), (26, 23), (26, 24), (26, 25), (26, 26), (26, 26)], 7: [(27, 5), (26, 5), (25, 5), (24, 5), (23, 5), (23, 6), (22, 6), (21, 6), (20, 6), (19, 6), (18, 6), (17, 6), (16, 6), (15, 6), (14, 6), (13, 6), (12, 6), (11, 6), (10, 6), (10, 7), (10, 8), (10, 9), (10, 10), (10, 11), (10, 12), (10, 13), (10, 14), (9, 14), (9, 15), (9, 16), (9, 17), (9, 18), (9, 19), (9, 20), (9, 20)], 8: [(9, 7), (10, 7), (11, 7), (12, 7), (13, 7), (14, 7), (15, 7), (16, 7), (17, 7), (18, 7), (18, 8), (18, 9), (18, 10), (18, 11), (18, 12), (18, 12)], 9: [(28, 2), (28, 3), (28, 4), (28, 5), (28, 6), (28, 7), (28, 8), (28, 9), (28, 10), (28, 11), (28, 12), (28, 13), (28, 14), (28, 15), (28, 16), (27, 16), (27, 17), (27, 18), (27, 19), (27, 20), (27, 21), (27, 22), (27, 23), (27, 24), (27, 25), (27, 26), (27, 27), (28, 27), (28, 28), (28, 29), (28, 30), (28, 30)]}, 69)