

CBSS-C STATS
starts:[212, 38, 557, 27, 629]
targets:[323, 485, 558, 432, 92, 348, 561, 380, 430, 974]
dests:[447, 96, 402, 990, 412]
ac_dict:{323: {0, 1}, 485: {1, 2}, 558: {2, 3}, 432: {3, 4}, 447: {0}, 96: {1}, 402: {2}, 990: {3}, 412: {4}}
clusters:[1 1 0 0 1 0 0 0 0 1]

round: 1
best_g_value: 85.0
open_list_size: 0
num_low_level_expanded: 289
search_success: 1
search_time: 0.1603418719023466
n_tsp_call: 1
n_tsp_time: 0.14517002226784825
n_roots: 1
num_conflicts: 0
target_assignment: {92: 3, 380: 3}
cluster_target_selection: {1: 92, 0: 380}
num_nodes_transformed_graph: 48
agent_paths:({0: [(20, 6), (21, 6), (22, 6), (23, 6), (24, 6), (25, 6), (26, 6), (27, 6), (28, 6), (29, 6), (29, 7), (29, 8), (29, 9), (29, 10), (29, 11), (29, 12), (29, 13), (29, 14), (30, 14), (31, 14), (31, 13), (31, 13)], 1: [(6, 1), (5, 1), (4, 1), (3, 1), (2, 1), (1, 1), (0, 1), (0, 2), (0, 3), (0, 3)], 2: [(13, 17), (13, 16), (13, 15), (13, 14), (13, 13), (14, 13), (14, 12), (15, 12), (16, 12), (17, 12), (18, 12), (18, 12)], 3: [(27, 0), (28, 0), (28, 1), (28, 2), (28, 3), (28, 4), (28, 5), (28, 6), (28, 7), (28, 8), (28, 9), (28, 10), (28, 11), (29, 11), (29, 12), (29, 13), (29, 14), (29, 15), (29, 16), (29, 17), (29, 18), (29, 19), (29, 20), (29, 21), (29, 22), (30, 22), (30, 23), (30, 24), (30, 25), (30, 26), (30, 27), (30, 28), (30, 29), (30, 30), (30, 30)], 4: [(21, 19), (21, 18), (21, 17), (21, 16), (21, 15), (21, 14), (21, 13), (22, 13), (23, 13), (24, 13), (25, 13), (26, 13), (27, 13), (28, 13), (28, 12), (28, 12)]}, 33)