

CBSS-C STATS
starts:[55, 819]
targets:[56, 984, 249, 51, 188, 947, 788, 444, 787, 213, 830, 159, 257, 976, 369, 424, 554, 230, 603, 601, 665, 909, 445, 190, 281, 777, 883, 110, 762, 29, 790, 573, 58, 874, 163, 164, 730, 358, 733, 148, 992, 448, 881, 799, 645, 47, 523, 457, 628, 1014, 216, 410, 434, 68, 305, 722, 854, 855, 388, 882, 179, 700, 786, 727, 635, 24, 911, 837, 103, 106, 52, 40, 471, 779, 328, 312, 393, 896, 95, 286, 60, 229, 654, 195, 462, 903, 65, 973, 943, 714, 701, 124, 479, 189, 563, 224, 322, 291, 574, 798]
dests:[638, 37]
ac_dict:{56: {0, 1}, 638: {0}, 37: {1}}
clusters:[28 23 11 32 12 12 17  1 38 24 26  9  1 35 31 35  5 34 10 22  7  5  5  4
 35 22 17  6 27 11 39  8 26 33  8 25 10 13 24 38 29 18 14 16 36 25 35 25
 11 25 13 27 34 17 16 16  3 18 29 28  0  7 19 28  1  4  8 39 11 34 37 14
  0 18 23 34 21 16  6 20 19  3 33 16 32 17 39 17  5  6 35  2  1 15 36 17
  5  3 10 30]

round: 1
best_g_value: 425.0
open_list_size: 0
num_low_level_expanded: 282
search_success: 1
search_time: 39.16218649500661
n_tsp_call: 1
n_tsp_time: 38.993766544997925
n_roots: 1
num_conflicts: 0
target_assignment: {51: 0, 52: 0, 124: 0, 188: 0, 189: 0, 190: 0, 159: 0, 286: 0, 445: 0, 444: 0, 471: 0, 369: 0, 434: 0, 563: 0, 628: 0, 790: 0, 762: 0, 730: 0, 830: 0, 798: 0, 733: 0, 701: 0, 700: 0, 787: 1, 786: 1, 882: 1, 881: 1, 874: 1, 779: 1, 777: 1, 714: 1, 393: 1, 328: 1, 358: 1, 388: 1, 291: 1, 195: 1, 163: 1, 164: 1, 68: 1}
cluster_target_selection: {32: 51, 37: 52, 2: 124, 12: 188, 15: 189, 4: 190, 9: 159, 20: 286, 5: 445, 1: 444, 0: 471, 31: 369, 34: 434, 36: 563, 11: 628, 39: 790, 27: 762, 10: 730, 26: 830, 30: 798, 24: 733, 35: 701, 7: 700, 38: 787, 19: 786, 28: 882, 14: 881, 33: 874, 18: 779, 22: 777, 6: 714, 21: 393, 23: 328, 13: 358, 29: 388, 3: 291, 16: 195, 8: 163, 25: 164, 17: 68}
num_nodes_transformed_graph: 204
agent_paths:({0: [(23, 1), (22, 1), (22, 0), (21, 0), (20, 0), (19, 0), (19, 1), (20, 1), (20, 2), (21, 2), (22, 2), (23, 2), (24, 2), (25, 2), (25, 3), (26, 3), (27, 3), (28, 3), (28, 4), (28, 5), (29, 5), (30, 5), (30, 4), (31, 4), (30, 4), (30, 5), (30, 6), (30, 7), (30, 8), (29, 8), (29, 9), (29, 10), (29, 11), (29, 12), (29, 13), (28, 13), (27, 13), (26, 13), (25, 13), (24, 13), (23, 13), (23, 14), (22, 14), (21, 14), (20, 14), (19, 14), (18, 14), (17, 14), (17, 13), (17, 12), (17, 11), (18, 11), (18, 12), (18, 13), (19, 13), (19, 14), (19, 15), (19, 16), (19, 17), (20, 17), (20, 18), (20, 19), (21, 19), (21, 20), (21, 21), (21, 22), (21, 23), (22, 23), (22, 24), (23, 24), (24, 24), (25, 24), (26, 24), (26, 23), (26, 22), (27, 22), (28, 22), (29, 22), (30, 22), (30, 23), (30, 24), (30, 25), (30, 24), (29, 24), (29, 23), (29, 22), (29, 21), (28, 21), (28, 20), (29, 20), (29, 19), (30, 19), (30, 19)], 1: [(19, 25), (19, 24), (18, 24), (18, 25), (18, 26), (18, 27), (17, 27), (16, 27), (15, 27), (14, 27), (13, 27), (12, 27), (11, 27), (10, 27), (10, 26), (10, 25), (10, 24), (11, 24), (10, 24), (9, 24), (9, 23), (9, 22), (10, 22), (10, 21), (10, 20), (10, 19), (10, 18), (10, 17), (10, 16), (10, 15), (10, 14), (10, 13), (10, 12), (9, 12), (9, 11), (9, 10), (8, 10), (7, 10), (6, 10), (6, 11), (5, 11), (4, 11), (4, 12), (3, 12), (3, 11), (3, 10), (3, 9), (3, 8), (3, 7), (3, 6), (3, 5), (4, 5), (4, 4), (4, 3), (4, 2), (4, 1), (5, 1), (5, 1)]}, 91)