

CBSS-C STATS
starts:[75, 108, 332, 722, 976]
targets:[652, 106, 250, 523, 970, 187, 210, 194, 559, 227, 674, 141, 738, 354, 80, 256, 475, 709, 318, 348, 742, 588, 925, 339, 963, 450, 166, 966, 36, 771, 666, 92, 363, 699, 316, 716, 409, 735, 670, 1017, 641, 345, 412, 578, 45, 430, 388, 503, 310, 810]
dests:[390, 854, 859, 740, 980]
ac_dict:{652: {0, 1}, 106: {1, 2}, 250: {2, 3}, 523: {3, 4}, 390: {0}, 854: {1}, 859: {2}, 740: {3}, 980: {4}}
clusters:[ 6 25  2 18 20 14 33 13 12 26  0 16 36 15 32 24 22 30  8 35 34 39  5  8
  4  3 31 21  1  6 27 17 37  4  9  7 28  9  3  7 11  2 38 19  5  1 10 23
  0 29]

round: 1
best_g_value: 208.0
open_list_size: 0
num_low_level_expanded: 423
search_success: 1
search_time: 6.38283059099922
n_tsp_call: 1
n_tsp_time: 6.316520447000585
n_roots: 1
num_conflicts: 0
target_assignment: {166: 0, 194: 0, 227: 0, 256: 0, 354: 0, 450: 0, 388: 0, 559: 3, 523: 3, 588: 3, 716: 3, 810: 3, 970: 3, 966: 3, 742: 3, 709: 3, 674: 3, 578: 3, 641: 3, 738: 3, 771: 3, 106: 1, 141: 1, 45: 1, 80: 1, 210: 1, 339: 1, 363: 2, 430: 2, 503: 2, 409: 2, 250: 2, 187: 2, 92: 2, 316: 2, 348: 2, 412: 2, 475: 2, 666: 2, 699: 2}
cluster_target_selection: {31: 166, 13: 194, 26: 227, 24: 256, 15: 354, 3: 450, 10: 388, 12: 559, 18: 523, 39: 588, 7: 716, 29: 810, 20: 970, 21: 966, 34: 742, 30: 709, 0: 674, 19: 578, 11: 641, 36: 738, 6: 771, 25: 106, 16: 141, 5: 45, 32: 80, 33: 210, 8: 339, 37: 363, 1: 430, 23: 503, 28: 409, 2: 250, 14: 187, 17: 92, 9: 316, 35: 348, 38: 412, 22: 475, 27: 666, 4: 699}
num_nodes_transformed_graph: 128
agent_paths:({0: [(11, 2), (10, 2), (9, 2), (9, 3), (8, 3), (7, 3), (6, 3), (6, 4), (6, 5), (5, 5), (4, 5), (3, 5), (2, 5), (2, 6), (3, 6), (3, 7), (2, 7), (1, 7), (0, 7), (0, 8), (1, 8), (1, 9), (2, 9), (2, 10), (2, 11), (2, 12), (2, 13), (2, 14), (2, 13), (2, 12), (3, 12), (4, 12), (4, 11), (5, 11), (6, 11), (6, 12), (6, 12)], 1: [(12, 3), (11, 3), (10, 3), (11, 3), (12, 3), (13, 3), (13, 4), (13, 3), (13, 2), (13, 1), (14, 1), (15, 1), (16, 1), (16, 2), (17, 2), (17, 3), (18, 3), (18, 4), (18, 5), (18, 6), (18, 7), (18, 8), (18, 9), (19, 9), (19, 10), (20, 10), (21, 10), (21, 11), (21, 12), (21, 13), (21, 14), (21, 15), (21, 16), (21, 17), (21, 18), (21, 19), (21, 20), (21, 21), (21, 22), (21, 23), (22, 23), (22, 24), (22, 25), (22, 26), (22, 26)], 2: [(12, 10), (11, 10), (11, 11), (12, 11), (12, 12), (12, 13), (13, 13), (14, 13), (15, 13), (16, 13), (17, 13), (18, 13), (19, 13), (20, 13), (21, 13), (22, 13), (23, 13), (23, 14), (23, 15), (23, 14), (23, 13), (23, 12), (24, 12), (25, 12), (25, 11), (25, 10), (25, 9), (25, 8), (25, 7), (26, 7), (26, 6), (26, 5), (27, 5), (27, 4), (27, 3), (27, 2), (28, 2), (28, 3), (28, 4), (28, 5), (28, 6), (28, 7), (28, 8), (28, 9), (28, 10), (28, 11), (28, 12), (28, 13), (27, 13), (27, 14), (27, 15), (27, 16), (27, 17), (27, 18), (27, 19), (27, 20), (26, 20), (27, 20), (27, 21), (27, 22), (27, 23), (27, 24), (27, 25), (27, 26), (27, 26)], 3: [(18, 22), (17, 22), (16, 22), (16, 21), (16, 20), (16, 19), (16, 18), (16, 17), (15, 17), (14, 17), (13, 17), (12, 17), (11, 17), (11, 16), (12, 16), (12, 17), (12, 18), (12, 19), (12, 20), (12, 21), (12, 22), (11, 22), (10, 22), (10, 23), (10, 24), (10, 25), (10, 26), (10, 27), (10, 28), (10, 29), (10, 30), (9, 30), (8, 30), (7, 30), (6, 30), (6, 29), (6, 28), (6, 27), (6, 26), (6, 25), (7, 25), (7, 24), (7, 23), (6, 23), (5, 23), (5, 22), (4, 22), (3, 22), (2, 22), (2, 21), (2, 20), (2, 19), (2, 18), (2, 19), (1, 19), (1, 20), (2, 20), (2, 21), (2, 22), (2, 23), (3, 23), (3, 24), (3, 23), (4, 23), (4, 23)], 4: [(16, 30), (17, 30), (18, 30), (19, 30), (20, 30), (20, 30)]}, 63)