

CBSS-C STATS
starts:[977, 585, 931, 45, 690]
targets:[653, 973, 597, 171, 313, 454, 545, 559, 674, 417]
dests:[154, 663, 555, 486, 1012]
ac_dict:{653: {0, 1}, 973: {1, 2}, 597: {2, 3}, 171: {3, 4}, 154: {0}, 663: {1}, 555: {2}, 486: {3}, 1012: {4}}
clusters:[1 1 1 1 1 0 1 1 1 0]

round: 1
best_g_value: 104.0
open_list_size: 0
num_low_level_expanded: 435
search_success: 1
search_time: 0.07172823091968894
n_tsp_call: 1
n_tsp_time: 0.055265812668949366
n_roots: 1
num_conflicts: 0
target_assignment: {171: 3, 454: 3}
cluster_target_selection: {1: 171, 0: 454}
num_nodes_transformed_graph: 29
agent_paths:({0: [(17, 30), (17, 29), (17, 28), (17, 27), (17, 26), (17, 25), (17, 24), (17, 23), (17, 22), (17, 21), (17, 20), (17, 19), (18, 19), (18, 18), (18, 17), (19, 17), (19, 16), (19, 15), (19, 14), (19, 13), (19, 12), (19, 11), (19, 10), (19, 9), (20, 9), (20, 8), (20, 7), (20, 6), (21, 6), (22, 6), (23, 6), (23, 5), (24, 5), (25, 5), (25, 4), (26, 4), (26, 4)], 1: [(9, 18), (10, 18), (11, 18), (12, 18), (13, 18), (14, 18), (14, 19), (15, 19), (16, 19), (17, 19), (18, 19), (19, 19), (20, 19), (21, 19), (22, 19), (23, 19), (23, 20), (23, 20)], 2: [(3, 29), (4, 29), (4, 28), (4, 27), (4, 26), (4, 25), (4, 24), (4, 23), (4, 22), (5, 22), (5, 21), (5, 20), (5, 19), (5, 18), (5, 17), (6, 17), (7, 17), (8, 17), (9, 17), (10, 17), (11, 17), (11, 17)], 3: [(13, 1), (12, 1), (11, 1), (11, 2), (11, 3), (11, 4), (11, 5), (10, 5), (10, 6), (9, 6), (8, 6), (7, 6), (7, 7), (7, 8), (7, 9), (6, 9), (6, 10), (6, 11), (6, 12), (6, 13), (6, 14), (6, 15), (6, 15)], 4: [(18, 21), (19, 21), (19, 22), (19, 23), (19, 24), (20, 24), (20, 25), (20, 26), (20, 27), (20, 28), (20, 29), (20, 30), (20, 31), (20, 31)]}, 35)