

CBSS-C STATS
starts:[30, 116, 451, 662, 792]
targets:[289, 798, 707, 130, 205, 157, 830, 990, 454, 356, 339, 322, 910, 277, 849, 197, 507, 84, 907, 710]
dests:[652, 852, 606, 517, 750]
ac_dict:{289: {0, 1}, 798: {1, 2}, 707: {2, 3}, 130: {3, 4}, 652: {0}, 852: {1}, 606: {2}, 517: {3}, 750: {4}}
clusters:[7 2 9 0 2 9 2 1 3 6 4 0 8 7 4 5 1 6 0 2]

round: 1
best_g_value: 162.0
open_list_size: 0
num_low_level_expanded: 436
search_success: 1
search_time: 0.392676318064332
n_tsp_call: 1
n_tsp_time: 0.3690826827660203
n_roots: 1
num_conflicts: 0
target_assignment: {157: 0, 205: 0, 277: 1, 339: 1, 454: 3, 356: 2, 197: 2, 507: 2, 910: 4, 907: 4}
cluster_target_selection: {9: 157, 2: 205, 7: 277, 4: 339, 3: 454, 6: 356, 5: 197, 1: 507, 8: 910, 0: 907}
num_nodes_transformed_graph: 53
agent_paths:({0: [(30, 0), (30, 1), (30, 2), (30, 3), (30, 4), (29, 4), (28, 4), (27, 4), (26, 4), (25, 4), (25, 5), (24, 5), (23, 5), (23, 6), (22, 6), (21, 6), (20, 6), (19, 6), (18, 6), (17, 6), (16, 6), (15, 6), (14, 6), (13, 6), (13, 7), (13, 8), (13, 9), (13, 10), (12, 10), (12, 11), (12, 12), (12, 13), (12, 14), (12, 15), (12, 16), (12, 17), (12, 18), (12, 19), (12, 20), (12, 20)], 1: [(20, 3), (21, 3), (21, 4), (21, 5), (21, 6), (21, 7), (21, 8), (20, 8), (20, 9), (19, 9), (19, 10), (19, 11), (19, 12), (19, 13), (19, 14), (19, 15), (19, 16), (19, 17), (19, 18), (19, 19), (19, 20), (19, 21), (19, 22), (19, 23), (19, 24), (20, 24), (20, 25), (20, 26), (20, 26)], 2: [(3, 14), (3, 13), (3, 12), (3, 11), (4, 11), (4, 10), (4, 9), (4, 8), (4, 7), (5, 7), (5, 6), (5, 7), (6, 7), (7, 7), (7, 8), (8, 8), (9, 8), (10, 8), (11, 8), (11, 9), (11, 10), (12, 10), (13, 10), (14, 10), (15, 10), (16, 10), (16, 11), (17, 11), (18, 11), (19, 11), (19, 12), (20, 12), (21, 12), (22, 12), (23, 12), (24, 12), (25, 12), (26, 12), (26, 13), (27, 13), (27, 14), (27, 15), (28, 15), (29, 15), (30, 15), (30, 16), (30, 17), (30, 18), (30, 18)], 3: [(22, 20), (21, 20), (20, 20), (19, 20), (18, 20), (17, 20), (16, 20), (15, 20), (14, 20), (13, 20), (12, 20), (11, 20), (10, 20), (9, 20), (8, 20), (7, 20), (7, 19), (7, 18), (7, 17), (6, 17), (6, 16), (6, 15), (6, 14), (5, 14), (5, 15), (5, 16), (5, 16)], 4: [(24, 24), (23, 24), (22, 24), (22, 25), (21, 25), (20, 25), (19, 25), (18, 25), (17, 25), (16, 25), (15, 25), (15, 26), (15, 27), (14, 27), (14, 28), (13, 28), (12, 28), (11, 28), (11, 27), (11, 26), (11, 25), (11, 24), (11, 23), (12, 23), (13, 23), (14, 23), (14, 23)]}, 47)