

CBSS-C STATS
starts:[321, 358, 876, 966, 632]
targets:[979, 566, 962, 486, 581, 284, 375, 404, 890, 628, 168, 546, 308, 81, 751, 963, 315, 981, 746, 250, 307, 1014, 775, 1006, 878, 80, 954, 679, 736, 913, 797, 197, 230, 301, 800, 629, 64, 348, 870, 968, 511, 994, 329, 286, 43, 30, 502, 922, 316, 548]
dests:[281, 194, 36, 479, 987]
ac_dict:{979: {0, 1}, 566: {1, 2}, 962: {2, 3}, 486: {3, 4}, 281: {0}, 194: {1}, 36: {2}, 479: {3}, 987: {4}}
clusters:[ 5 23 20 35 10 32  7  9 33 13 24 39 31  6 25  8  0 11  8 26 17  4  4 15
  2  1  7 30 34 12  2  3 22  0 36 19  3 21  9 14 29 28 18  5 38 37  6 16
 27  1]

round: 1
best_g_value: 236.0
open_list_size: 0
num_low_level_expanded: 566
search_success: 1
search_time: 38.000951207999606
n_tsp_call: 1
n_tsp_time: 37.87612896000064
n_roots: 1
num_conflicts: 0
target_assignment: {329: 0, 301: 0, 307: 0, 308: 0, 348: 0, 316: 0, 284: 0, 286: 0, 30: 0, 250: 0, 963: 3, 994: 3, 962: 3, 800: 3, 736: 3, 546: 3, 548: 3, 581: 3, 486: 3, 679: 3, 775: 3, 968: 3, 1006: 3, 913: 3, 981: 3, 511: 3, 197: 1, 230: 1, 890: 4, 922: 4, 954: 4, 878: 2, 751: 2, 628: 2, 629: 2, 566: 2, 502: 2, 404: 2, 168: 2, 43: 2}
cluster_target_selection: {18: 329, 0: 301, 17: 307, 31: 308, 21: 348, 27: 316, 32: 284, 5: 286, 37: 30, 26: 250, 8: 963, 28: 994, 20: 962, 36: 800, 34: 736, 39: 546, 1: 548, 10: 581, 35: 486, 30: 679, 4: 775, 14: 968, 15: 1006, 12: 913, 11: 981, 29: 511, 3: 197, 22: 230, 33: 890, 16: 922, 7: 954, 2: 878, 25: 751, 13: 628, 19: 629, 23: 566, 6: 502, 9: 404, 24: 168, 38: 43}
num_nodes_transformed_graph: 248
agent_paths:({0: [(1, 10), (2, 10), (3, 10), (4, 10), (5, 10), (6, 10), (7, 10), (8, 10), (9, 10), (10, 10), (11, 10), (12, 10), (13, 10), (13, 9), (14, 9), (15, 9), (16, 9), (17, 9), (18, 9), (19, 9), (20, 9), (21, 9), (22, 9), (23, 9), (24, 9), (25, 9), (25, 10), (26, 10), (27, 10), (28, 10), (28, 9), (28, 8), (29, 8), (30, 8), (30, 7), (30, 6), (30, 5), (30, 4), (30, 3), (30, 2), (30, 1), (30, 0), (29, 0), (28, 0), (27, 0), (27, 1), (27, 2), (27, 3), (26, 3), (26, 4), (26, 5), (26, 6), (26, 7), (25, 7), (25, 8), (25, 8)], 1: [(6, 11), (5, 11), (5, 10), (5, 9), (5, 8), (5, 7), (5, 6), (5, 7), (6, 7), (5, 7), (4, 7), (3, 7), (2, 7), (2, 6), (2, 6)], 2: [(12, 27), (13, 27), (14, 27), (15, 27), (15, 26), (15, 25), (15, 24), (15, 23), (15, 22), (15, 21), (15, 20), (15, 19), (16, 19), (17, 19), (18, 19), (19, 19), (20, 19), (21, 19), (21, 18), (21, 17), (22, 17), (22, 16), (22, 15), (21, 15), (21, 14), (20, 14), (20, 13), (20, 12), (19, 12), (18, 12), (17, 12), (16, 12), (15, 12), (14, 12), (14, 11), (14, 10), (13, 10), (12, 10), (11, 10), (10, 10), (9, 10), (9, 9), (9, 8), (9, 7), (9, 6), (8, 6), (8, 5), (8, 4), (8, 3), (9, 3), (9, 2), (9, 1), (10, 1), (11, 1), (10, 1), (9, 1), (8, 1), (7, 1), (6, 1), (5, 1), (4, 1), (4, 1)], 3: [(6, 30), (5, 30), (5, 29), (4, 29), (3, 29), (3, 30), (2, 30), (2, 31), (2, 30), (1, 30), (0, 30), (0, 29), (0, 28), (0, 27), (0, 26), (0, 25), (0, 24), (0, 23), (1, 23), (1, 22), (1, 21), (1, 20), (1, 19), (2, 19), (2, 18), (2, 17), (3, 17), (4, 17), (5, 17), (5, 18), (5, 17), (5, 16), (5, 15), (6, 15), (7, 15), (7, 16), (7, 17), (7, 18), (7, 19), (7, 20), (7, 21), (7, 22), (7, 23), (7, 24), (8, 24), (8, 25), (8, 26), (8, 27), (8, 28), (8, 29), (8, 30), (9, 30), (10, 30), (11, 30), (12, 30), (13, 30), (14, 30), (14, 31), (14, 30), (14, 29), (14, 28), (15, 28), (16, 28), (17, 28), (18, 28), (19, 28), (20, 28), (20, 29), (21, 29), (21, 30), (22, 30), (23, 30), (23, 29), (23, 28), (23, 27), (23, 26), (23, 25), (23, 24), (24, 24), (24, 23), (24, 22), (24, 21), (24, 20), (24, 19), (24, 18), (24, 17), (24, 16), (24, 15), (25, 15), (26, 15), (27, 15), (28, 15), (29, 15), (30, 15), (31, 15), (31, 14), (31, 14)], 4: [(24, 19), (25, 19), (25, 20), (26, 20), (26, 21), (26, 22), (26, 23), (26, 24), (26, 25), (26, 26), (26, 27), (26, 28), (26, 29), (27, 29), (27, 30), (27, 30)]}, 95)