

CBSS-C STATS
starts:[725, 185, 525, 388, 4]
targets:[319, 126, 662, 893, 955, 228, 607, 356, 131, 212]
dests:[135, 103, 341, 336, 1004]
ac_dict:{319: {0, 1}, 126: {1, 2}, 662: {2, 3}, 893: {3, 4}, 135: {0}, 103: {1}, 341: {2}, 336: {3}, 1004: {4}}
clusters:[0 1 0 0 1 1 0 0 0 1]

round: 2
best_g_value: 121.0
open_list_size: 1
num_low_level_expanded: 528
search_success: 1
search_time: 0.14289034809917212
n_tsp_call: 1
n_tsp_time: 0.12292639026418328
n_roots: 1
num_conflicts: 1
target_assignment: {212: 0, 356: 3}
cluster_target_selection: {1: 212, 0: 356}
num_nodes_transformed_graph: 48
agent_paths:({0: [(21, 22), (21, 21), (21, 20), (21, 19), (21, 18), (21, 17), (21, 16), (21, 15), (21, 14), (21, 13), (21, 12), (21, 11), (21, 10), (21, 9), (20, 9), (20, 8), (20, 7), (20, 6), (19, 6), (18, 6), (17, 6), (16, 6), (15, 6), (14, 6), (13, 6), (12, 6), (11, 6), (10, 6), (9, 6), (8, 6), (7, 6), (7, 5), (7, 4), (7, 4)], 1: [(25, 5), (24, 5), (23, 5), (23, 4), (22, 4), (21, 4), (20, 4), (19, 4), (18, 4), (17, 4), (16, 4), (16, 5), (15, 5), (14, 5), (13, 5), (12, 5), (11, 5), (10, 5), (10, 4), (9, 4), (8, 4), (7, 4), (7, 3), (7, 3)], 2: [(13, 16), (13, 15), (13, 14), (13, 13), (14, 13), (14, 12), (14, 11), (15, 11), (16, 11), (17, 11), (18, 11), (18, 10), (19, 10), (20, 10), (21, 10), (21, 10)], 3: [(4, 12), (4, 11), (4, 10), (5, 10), (6, 10), (7, 10), (8, 10), (9, 10), (10, 10), (11, 10), (12, 10), (13, 10), (14, 10), (15, 10), (16, 10), (16, 10)], 4: [(4, 0), (5, 0), (6, 0), (6, 1), (7, 1), (8, 1), (9, 1), (10, 1), (11, 1), (11, 2), (11, 3), (11, 4), (11, 5), (11, 6), (11, 7), (11, 8), (11, 9), (11, 10), (12, 10), (12, 11), (12, 12), (12, 13), (12, 14), (12, 15), (12, 16), (12, 17), (12, 18), (12, 19), (12, 20), (12, 21), (12, 22), (12, 23), (12, 24), (12, 25), (12, 26), (12, 27), (12, 28), (12, 29), (12, 30), (12, 31), (12, 31)]}, 39)