

CBSS-C STATS
starts:[199, 59, 466, 341, 253, 124, 838, 207, 784, 985]
targets:[172, 715, 67, 824, 822]
dests:[714, 467, 821, 206, 164, 320, 600, 148, 318, 998]
ac_dict:{172: {0, 1}, 715: {1, 2}, 67: {2, 3}, 824: {3, 4}, 822: {4, 5}, 714: {0}, 467: {1}, 821: {2}, 206: {3}, 164: {4}, 320: {5}, 600: {6}, 148: {7}, 318: {8}, 998: {9}}
clusters:[0 1 1 0 0]

round: 12
best_g_value: 231.0
open_list_size: 11
num_low_level_expanded: 3050
search_success: 1
search_time: 1.0457161189988256
n_tsp_call: 11
n_tsp_time: 0.7659862115979195
n_roots: 1
num_conflicts: 11
target_assignment: {172: 0, 715: 2}
cluster_target_selection: {0: 172, 1: 715}
num_nodes_transformed_graph: 25
agent_paths:({0: [(7, 6), (8, 6), (9, 6), (10, 6), (10, 5), (11, 5), (12, 5), (11, 5), (10, 5), (10, 6), (10, 7), (10, 8), (10, 9), (10, 10), (10, 11), (10, 12), (10, 13), (10, 14), (10, 15), (10, 16), (10, 17), (10, 18), (10, 19), (10, 20), (10, 21), (10, 22), (10, 22)], 1: [(27, 1), (27, 2), (27, 3), (26, 3), (25, 3), (24, 3), (23, 3), (22, 3), (21, 3), (21, 4), (21, 5), (21, 6), (21, 7), (21, 8), (21, 9), (21, 10), (21, 11), (21, 12), (20, 12), (19, 12), (19, 13), (19, 14), (19, 14)], 2: [(18, 14), (17, 14), (16, 14), (15, 14), (14, 14), (13, 14), (12, 14), (12, 15), (12, 16), (12, 17), (12, 18), (12, 19), (12, 20), (11, 20), (11, 21), (11, 22), (12, 22), (13, 22), (13, 23), (14, 23), (15, 23), (16, 23), (17, 23), (18, 23), (19, 23), (19, 24), (20, 24), (20, 25), (21, 25), (21, 25)], 3: [(21, 10), (20, 10), (19, 10), (18, 10), (18, 9), (17, 9), (16, 9), (16, 8), (16, 7), (15, 7), (14, 7), (14, 6), (14, 6)], 4: [(29, 7), (28, 7), (27, 7), (26, 7), (25, 7), (25, 6), (24, 6), (23, 6), (22, 6), (21, 6), (20, 6), (19, 6), (18, 6), (17, 6), (16, 6), (15, 6), (15, 5), (14, 5), (13, 5), (12, 5), (11, 5), (10, 5), (10, 4), (9, 4), (8, 4), (7, 4), (6, 4), (5, 4), (4, 4), (4, 5), (4, 5)], 5: [(28, 3), (27, 3), (26, 3), (25, 3), (24, 3), (23, 3), (22, 3), (21, 3), (20, 3), (19, 3), (18, 3), (17, 3), (16, 3), (16, 4), (16, 5), (15, 5), (14, 5), (13, 5), (12, 5), (11, 5), (10, 5), (10, 6), (9, 6), (8, 6), (7, 6), (7, 7), (6, 7), (5, 7), (4, 7), (3, 7), (2, 7), (1, 7), (0, 7), (0, 8), (0, 9), (0, 10), (0, 10)], 6: [(6, 26), (6, 25), (7, 25), (7, 24), (7, 23), (7, 22), (7, 21), (7, 20), (7, 19), (8, 19), (9, 19), (10, 19), (11, 19), (12, 19), (13, 19), (14, 19), (15, 19), (16, 19), (17, 19), (18, 19), (18, 18), (19, 18), (20, 18), (21, 18), (22, 18), (23, 18), (24, 18), (24, 18)], 7: [(15, 6), (15, 5), (16, 5), (16, 4), (17, 4), (18, 4), (19, 4), (20, 4), (20, 4)], 8: [(16, 24), (16, 23), (16, 22), (16, 21), (16, 20), (16, 19), (16, 18), (16, 17), (16, 16), (16, 15), (16, 14), (16, 13), (16, 12), (16, 11), (17, 11), (18, 11), (18, 10), (19, 10), (20, 10), (21, 10), (22, 10), (23, 10), (24, 10), (25, 10), (26, 10), (27, 10), (27, 9), (28, 9), (29, 9), (30, 9), (30, 9)], 9: [(25, 30), (24, 30), (23, 30), (22, 30), (21, 30), (20, 30), (19, 30), (18, 30), (17, 30), (16, 30), (16, 31), (15, 31), (14, 31), (13, 31), (12, 31), (11, 31), (10, 31), (9, 31), (8, 31), (7, 31), (6, 31), (6, 31)]}, 35)