

CBSS-C STATS
starts:[528, 849]
targets:[138, 616, 176, 887, 344, 30, 998, 827, 474, 673, 65, 430, 405, 977, 288, 602, 913, 407, 394, 302, 264, 643, 437, 207, 839, 132, 191, 73, 952, 970, 734, 426, 551, 848, 708, 9, 400, 92, 575, 392, 613, 610, 686, 443, 680, 628, 451, 158, 121, 80, 406, 683, 237, 878, 805, 290, 173, 238, 999, 355, 973, 954, 374, 623, 269, 172, 994, 890, 720, 769, 817, 809, 947, 1014, 242, 854, 750, 98, 463, 516, 301, 489, 468, 496, 503, 241, 845, 210, 514, 117, 77, 942, 441, 811, 287, 958, 212, 356, 75, 470]
dests:[524, 280]
ac_dict:{138: {0, 1}, 524: {0}, 280: {1}}
clusters:[ 9 15  0 12  7 37 31  7  4 35  5  4 18  3 25 11 31 20 21 39  2 23 15 29
  6 13 27 32 12  9  7 27  9 19  4 32 29  4  3 17  3 22 21 17  8 10  3 35
  4 27 29 13 26 21  5 27  1  2 18  5 30  0  8  1 32  8  1 36 26 24 28 28
 34 26 33 38 14 11 35 24 10 34 11 18 14 26 12  5 11 21 16 34 34  5 26 35
 16 18 11 25]

round: 1
best_g_value: 435.0
open_list_size: 0
num_low_level_expanded: 323
search_success: 1
search_time: 67.2242490139979
n_tsp_call: 1
n_tsp_time: 67.04988158500055
n_roots: 1
num_conflicts: 0
target_assignment: {623: 0, 686: 0, 683: 0, 848: 1, 817: 1, 854: 1, 887: 1, 890: 1, 954: 1, 977: 1, 913: 1, 942: 1, 973: 1, 970: 1, 839: 1, 708: 1, 643: 1, 610: 1, 514: 1, 516: 1, 426: 1, 302: 1, 301: 1, 269: 1, 238: 1, 241: 1, 242: 1, 210: 1, 212: 1, 158: 1, 30: 1, 443: 1, 503: 1, 470: 1, 437: 1, 405: 1, 406: 1, 374: 1, 407: 1, 344: 1}
cluster_target_selection: {1: 623, 21: 686, 13: 683, 19: 848, 28: 817, 38: 854, 12: 887, 36: 890, 0: 954, 3: 977, 31: 913, 34: 942, 30: 973, 9: 970, 6: 839, 4: 708, 23: 643, 22: 610, 11: 514, 24: 516, 27: 426, 39: 302, 10: 301, 32: 269, 2: 238, 26: 241, 33: 242, 5: 210, 16: 212, 35: 158, 37: 30, 17: 443, 14: 503, 25: 470, 15: 437, 18: 405, 29: 406, 8: 374, 20: 407, 7: 344}
num_nodes_transformed_graph: 204
agent_paths:({0: [(16, 16), (16, 17), (16, 18), (16, 19), (15, 19), (14, 19), (14, 20), (14, 21), (13, 21), (12, 21), (11, 21), (11, 20), (11, 19), (11, 18), (11, 17), (11, 16), (12, 16), (12, 16)], 1: [(17, 26), (16, 26), (16, 25), (17, 25), (18, 25), (19, 25), (20, 25), (21, 25), (22, 25), (22, 26), (23, 26), (23, 27), (24, 27), (25, 27), (26, 27), (26, 28), (26, 29), (25, 29), (24, 29), (23, 29), (23, 30), (22, 30), (21, 30), (20, 30), (19, 30), (18, 30), (17, 30), (17, 29), (17, 28), (16, 28), (15, 28), (14, 28), (14, 29), (13, 29), (13, 30), (12, 30), (11, 30), (10, 30), (9, 30), (8, 30), (8, 29), (8, 28), (8, 27), (8, 26), (7, 26), (6, 26), (5, 26), (4, 26), (4, 25), (4, 24), (4, 23), (4, 22), (3, 22), (3, 21), (3, 20), (2, 20), (2, 19), (2, 18), (2, 17), (2, 16), (3, 16), (4, 16), (5, 16), (6, 16), (7, 16), (8, 16), (9, 16), (9, 15), (9, 14), (10, 14), (10, 13), (10, 12), (10, 11), (10, 10), (11, 10), (12, 10), (13, 10), (13, 9), (14, 9), (13, 9), (13, 8), (13, 7), (14, 7), (15, 7), (16, 7), (17, 7), (18, 7), (18, 6), (19, 6), (20, 6), (21, 6), (22, 6), (23, 6), (23, 5), (24, 5), (25, 5), (25, 4), (26, 4), (27, 4), (28, 4), (29, 4), (30, 4), (30, 3), (30, 2), (30, 1), (30, 0), (29, 0), (28, 0), (28, 1), (28, 2), (28, 3), (28, 4), (28, 5), (28, 6), (28, 7), (28, 8), (28, 9), (28, 10), (28, 11), (28, 12), (28, 13), (27, 13), (26, 13), (25, 13), (24, 13), (23, 13), (23, 14), (23, 15), (22, 15), (22, 14), (21, 14), (21, 13), (21, 12), (22, 12), (22, 11), (23, 11), (23, 12), (23, 11), (23, 10), (24, 10), (24, 9), (24, 8), (24, 8)]}, 141)