

CBSS-C STATS
starts:[2, 94, 40, 813, 555]
targets:[772, 751, 404, 892, 942, 783, 388, 739, 830, 418]
dests:[972, 532, 118, 752, 37]
ac_dict:{772: {0, 1}, 751: {1, 2}, 404: {2, 3}, 892: {3, 4}, 972: {0}, 532: {1}, 118: {2}, 752: {3}, 37: {4}}
clusters:[3 0 4 2 0 0 1 0 4 4]

round: 1
best_g_value: 139.0
open_list_size: 0
num_low_level_expanded: 486
search_success: 1
search_time: 0.27766885701566935
n_tsp_call: 1
n_tsp_time: 0.25768060190603137
n_roots: 1
num_conflicts: 0
target_assignment: {388: 0, 418: 0, 739: 0, 772: 0, 892: 3}
cluster_target_selection: {1: 388, 4: 418, 0: 739, 3: 772, 2: 892}
num_nodes_transformed_graph: 48
agent_paths:({0: [(2, 0), (3, 0), (3, 1), (3, 2), (3, 3), (3, 4), (3, 5), (3, 6), (3, 7), (4, 7), (4, 8), (4, 9), (4, 10), (4, 11), (4, 12), (3, 12), (2, 12), (2, 13), (2, 14), (2, 15), (2, 16), (2, 17), (2, 18), (2, 19), (2, 20), (3, 20), (3, 21), (3, 22), (3, 23), (4, 23), (4, 24), (4, 25), (5, 25), (6, 25), (7, 25), (8, 25), (9, 25), (10, 25), (11, 25), (12, 25), (12, 26), (12, 27), (12, 28), (12, 29), (12, 30), (12, 30)], 1: [(30, 2), (29, 2), (28, 2), (27, 2), (27, 3), (26, 3), (25, 3), (24, 3), (23, 3), (22, 3), (21, 3), (21, 4), (21, 5), (21, 6), (21, 7), (21, 8), (21, 9), (21, 10), (21, 11), (21, 12), (21, 13), (21, 14), (21, 15), (21, 16), (20, 16), (20, 16)], 2: [(8, 1), (9, 1), (10, 1), (11, 1), (12, 1), (13, 1), (14, 1), (15, 1), (16, 1), (17, 1), (18, 1), (19, 1), (20, 1), (20, 2), (21, 2), (22, 2), (22, 3), (22, 3)], 3: [(13, 25), (14, 25), (15, 25), (16, 25), (17, 25), (18, 25), (19, 25), (20, 25), (21, 25), (22, 25), (23, 25), (24, 25), (25, 25), (26, 25), (27, 25), (27, 26), (27, 27), (28, 27), (27, 27), (26, 27), (25, 27), (24, 27), (23, 27), (22, 27), (21, 27), (20, 27), (19, 27), (18, 27), (17, 27), (16, 27), (16, 26), (16, 25), (16, 24), (16, 23), (16, 23)], 4: [(11, 17), (10, 17), (9, 17), (8, 17), (7, 17), (6, 17), (6, 16), (6, 15), (6, 14), (6, 13), (6, 12), (6, 11), (5, 11), (5, 10), (5, 9), (5, 8), (5, 7), (5, 6), (5, 5), (5, 4), (5, 3), (5, 2), (5, 1), (5, 1)]}, 44)