

CBSS-C STATS
starts:[116, 590, 158, 287, 135]
targets:[755, 112, 527, 80, 653, 263, 991, 934, 298, 123, 738, 76, 711, 107, 0, 742, 121, 388, 522, 502, 617, 373, 814, 958, 42, 952, 130, 301, 483, 741, 780, 683, 912, 533, 147, 632, 157, 398, 933, 692, 306, 51, 279, 781, 312, 976, 893, 598, 606, 1014]
dests:[409, 661, 592, 38, 946]
ac_dict:{755: {0, 1}, 112: {1, 2}, 527: {2, 3}, 80: {3, 4}, 409: {0}, 661: {1}, 592: {2}, 38: {3}, 946: {4}}
clusters:[24  2 22 15  4 29 17  7 20 17  3 12 11  3  0 25 14  8  4 19 11  5 28  9
 13 10 26  1  8  1  6 13 10 19 15 16 18 27  2  7 14 18 12  5 16 23  0  6
  9 21]

round: 1
best_g_value: 195.0
open_list_size: 0
num_low_level_expanded: 398
search_success: 1
search_time: 20.979873109000437
n_tsp_call: 1
n_tsp_time: 20.867217981000067
n_roots: 1
num_conflicts: 0
target_assignment: {147: 0, 279: 0, 312: 0, 653: 1, 755: 1, 692: 1, 130: 4, 483: 4, 738: 4, 741: 4, 742: 4, 711: 4, 683: 4, 780: 4, 781: 4, 814: 4, 912: 4, 976: 4, 1014: 4, 958: 4, 893: 4, 502: 3, 398: 3, 298: 3, 263: 3, 157: 2, 123: 2, 121: 2, 112: 2, 527: 2}
cluster_target_selection: {15: 147, 12: 279, 16: 312, 4: 653, 24: 755, 7: 692, 26: 130, 8: 483, 3: 738, 1: 741, 25: 742, 11: 711, 13: 683, 6: 780, 5: 781, 28: 814, 10: 912, 23: 976, 21: 1014, 9: 958, 0: 893, 19: 502, 27: 398, 20: 298, 29: 263, 18: 157, 17: 123, 14: 121, 2: 112, 22: 527}
num_nodes_transformed_graph: 248
agent_paths:({0: [(20, 3), (19, 3), (19, 4), (20, 4), (21, 4), (21, 5), (21, 6), (22, 6), (22, 7), (22, 8), (23, 8), (24, 8), (24, 9), (25, 9), (25, 10), (25, 11), (25, 12), (25, 12)], 1: [(14, 18), (13, 18), (13, 19), (13, 20), (14, 20), (15, 20), (16, 20), (17, 20), (18, 20), (19, 20), (19, 21), (19, 22), (19, 23), (19, 22), (19, 21), (20, 21), (20, 20), (21, 20), (21, 20)], 2: [(30, 4), (29, 4), (28, 4), (27, 4), (27, 3), (26, 3), (25, 3), (24, 3), (23, 3), (22, 3), (21, 3), (20, 3), (19, 3), (18, 3), (17, 3), (16, 3), (16, 4), (16, 5), (16, 6), (16, 7), (16, 8), (16, 9), (16, 10), (16, 11), (16, 12), (16, 13), (16, 14), (16, 15), (16, 16), (15, 16), (16, 16), (16, 17), (16, 18), (16, 18)], 3: [(31, 8), (30, 8), (29, 8), (28, 8), (27, 8), (27, 9), (27, 10), (26, 10), (25, 10), (24, 10), (23, 10), (22, 10), (22, 11), (22, 12), (22, 13), (22, 14), (22, 15), (21, 15), (21, 14), (20, 14), (19, 14), (18, 14), (17, 14), (16, 14), (15, 14), (14, 14), (14, 13), (14, 12), (14, 11), (14, 10), (13, 10), (12, 10), (11, 10), (10, 10), (10, 9), (9, 9), (9, 8), (8, 8), (7, 8), (7, 7), (7, 6), (7, 5), (6, 5), (6, 4), (6, 3), (6, 2), (6, 1), (6, 1)], 4: [(7, 4), (6, 4), (5, 4), (4, 4), (3, 4), (2, 4), (3, 4), (3, 5), (3, 6), (3, 7), (3, 8), (3, 9), (3, 10), (3, 11), (3, 12), (3, 13), (3, 14), (3, 15), (2, 15), (2, 16), (2, 17), (2, 18), (2, 19), (2, 20), (2, 21), (2, 22), (2, 23), (3, 23), (4, 23), (5, 23), (6, 23), (6, 22), (7, 22), (7, 21), (8, 21), (9, 21), (10, 21), (11, 21), (12, 21), (12, 22), (12, 23), (12, 24), (13, 24), (14, 24), (14, 25), (15, 25), (16, 25), (16, 26), (16, 27), (16, 28), (16, 29), (16, 30), (17, 30), (18, 30), (19, 30), (20, 30), (21, 30), (22, 30), (22, 31), (22, 30), (23, 30), (23, 29), (24, 29), (25, 29), (26, 29), (27, 29), (28, 29), (29, 29), (30, 29), (29, 29), (29, 28), (29, 27), (28, 27), (27, 27), (26, 27), (25, 27), (24, 27), (23, 27), (22, 27), (21, 27), (20, 27), (19, 27), (18, 27), (18, 28), (18, 29), (18, 29)]}, 84)