

CBSS-C STATS
starts:[370, 851, 173, 612, 659]
targets:[464, 263, 146, 334, 253, 588, 47, 569, 883, 1011]
dests:[407, 600, 940, 674, 565]
ac_dict:{464: {0, 1}, 263: {1, 2}, 146: {2, 3}, 334: {3, 4}, 407: {0}, 600: {1}, 940: {2}, 674: {3}, 565: {4}}
clusters:[0 0 1 1 0 1 1 1 0 0]

round: 1
best_g_value: 57.0
open_list_size: 0
num_low_level_expanded: 116
search_success: 1
search_time: 0.13832341926172376
n_tsp_call: 1
n_tsp_time: 0.1292447722516954
n_roots: 1
num_conflicts: 0
target_assignment: {588: 2, 883: 1}
cluster_target_selection: {1: 588, 0: 883}
num_nodes_transformed_graph: 48
agent_paths:({0: [(18, 11), (19, 11), (19, 12), (20, 12), (21, 12), (22, 12), (23, 12), (23, 12)], 1: [(19, 26), (19, 27), (19, 26), (19, 25), (19, 24), (19, 23), (19, 22), (19, 21), (19, 20), (19, 19), (19, 18), (20, 18), (21, 18), (22, 18), (23, 18), (24, 18), (24, 18)], 2: [(13, 5), (13, 6), (13, 7), (13, 8), (13, 9), (13, 10), (12, 10), (12, 11), (12, 12), (12, 13), (12, 14), (12, 15), (12, 16), (12, 17), (12, 18), (12, 19), (12, 20), (12, 21), (12, 22), (12, 23), (12, 24), (12, 25), (12, 26), (12, 27), (12, 28), (12, 29), (12, 29)], 3: [(4, 19), (4, 18), (3, 18), (2, 18), (2, 19), (2, 20), (2, 21), (2, 21)], 4: [(19, 20), (19, 19), (19, 18), (19, 17), (20, 17), (21, 17), (21, 17)]}, 25)