

CBSS-C STATS
starts:[382, 708, 902, 32, 34]
targets:[781, 84, 915, 594, 532, 346, 757, 307, 769, 223, 457, 798, 474, 109, 312, 927, 885, 669, 256, 16, 678, 683, 609, 754, 378, 597, 1008, 686, 264, 520, 269, 795, 430, 623, 156, 208, 612, 403, 68, 506, 641, 74, 286, 138, 567, 548, 529, 940, 92, 1018]
dests:[725, 864, 745, 429, 433]
ac_dict:{781: {0, 1}, 84: {1, 2}, 915: {2, 3}, 594: {3, 4}, 725: {0}, 864: {1}, 745: {2}, 429: {3}, 433: {4}}
clusters:[24 23 11 24 18 16  3 19 22 14 25  7  6  4  1 16  3  7 28 15 29 28  5 20
 10  8 19  5 12 26 27 21 12  2 17 28  0 25 23 13 14 17 29  2  9  5  8  2
 20  5]

round: 1
best_g_value: 179.0
open_list_size: 0
num_low_level_expanded: 340
search_success: 1
search_time: 4.854096402999858
n_tsp_call: 1
n_tsp_time: 4.7938765449998755
n_roots: 1
num_conflicts: 0
target_assignment: {378: 0, 346: 0, 312: 0, 474: 0, 506: 0, 567: 0, 669: 0, 795: 0, 757: 0, 16: 4, 208: 4, 307: 4, 403: 4, 532: 4, 594: 4, 529: 4, 940: 2, 915: 2, 754: 2, 68: 3, 74: 3, 109: 3, 269: 3, 430: 3, 678: 1, 520: 1, 612: 1, 609: 1, 641: 1, 769: 1}
cluster_target_selection: {10: 378, 16: 346, 1: 312, 6: 474, 13: 506, 9: 567, 7: 669, 21: 795, 3: 757, 15: 16, 28: 208, 19: 307, 25: 403, 18: 532, 24: 594, 8: 529, 2: 940, 11: 915, 20: 754, 23: 68, 17: 74, 4: 109, 27: 269, 12: 430, 29: 678, 26: 520, 0: 612, 5: 609, 14: 641, 22: 769}
num_nodes_transformed_graph: 129
agent_paths:({0: [(30, 11), (29, 11), (28, 11), (27, 11), (26, 11), (26, 10), (25, 10), (24, 10), (24, 9), (25, 9), (25, 10), (26, 10), (26, 11), (26, 12), (26, 13), (26, 14), (26, 15), (25, 15), (24, 15), (23, 15), (23, 16), (23, 17), (24, 17), (25, 17), (26, 17), (27, 17), (27, 18), (28, 18), (29, 18), (29, 19), (29, 20), (28, 20), (27, 20), (27, 21), (27, 22), (27, 23), (27, 24), (26, 24), (25, 24), (24, 24), (23, 24), (22, 24), (22, 23), (21, 23), (21, 22), (21, 22)], 1: [(4, 22), (5, 22), (5, 21), (6, 21), (6, 20), (6, 19), (7, 19), (7, 18), (7, 17), (7, 16), (8, 16), (7, 16), (6, 16), (5, 16), (4, 16), (4, 17), (4, 18), (4, 19), (4, 18), (3, 18), (2, 18), (2, 19), (1, 19), (1, 20), (1, 21), (1, 22), (1, 23), (1, 24), (0, 24), (0, 25), (0, 26), (0, 27), (0, 27)], 2: [(6, 28), (7, 28), (8, 28), (9, 28), (10, 28), (11, 28), (12, 28), (12, 29), (12, 28), (13, 28), (14, 28), (15, 28), (16, 28), (17, 28), (18, 28), (19, 28), (18, 28), (18, 27), (18, 26), (18, 25), (18, 24), (18, 23), (17, 23), (16, 23), (15, 23), (14, 23), (13, 23), (12, 23), (11, 23), (10, 23), (9, 23), (9, 23)], 3: [(0, 1), (1, 1), (2, 1), (3, 1), (4, 1), (4, 2), (5, 2), (6, 2), (6, 1), (7, 1), (8, 1), (9, 1), (10, 1), (10, 2), (11, 2), (12, 2), (13, 2), (13, 3), (13, 4), (13, 5), (13, 6), (13, 7), (13, 8), (13, 9), (14, 9), (14, 10), (14, 11), (14, 12), (14, 13), (13, 13), (13, 13)], 4: [(2, 1), (3, 1), (4, 1), (5, 1), (6, 1), (7, 1), (8, 1), (8, 0), (9, 0), (10, 0), (11, 0), (12, 0), (13, 0), (14, 0), (15, 0), (16, 0), (16, 1), (16, 2), (16, 3), (16, 4), (16, 5), (16, 6), (17, 6), (18, 6), (18, 7), (18, 8), (18, 9), (19, 9), (19, 10), (19, 11), (19, 12), (19, 13), (19, 14), (19, 15), (19, 16), (20, 16), (19, 16), (19, 17), (18, 17), (18, 18), (18, 17), (17, 17), (17, 16), (17, 15), (17, 14), (17, 13), (17, 13)]}, 45)