

CBSS-C STATS
starts:[755, 24, 595, 744, 742]
targets:[435, 184, 855, 497, 814, 201, 739, 330, 228, 348]
dests:[876, 828, 189, 134, 310]
ac_dict:{435: {0, 1}, 184: {1, 2}, 855: {2, 3}, 497: {3, 4}, 876: {0}, 828: {1}, 189: {2}, 134: {3}, 310: {4}}
clusters:[2 1 1 1 3 4 2 0 4 3]

round: 1
best_g_value: 122.0
open_list_size: 0
num_low_level_expanded: 330
search_success: 1
search_time: 0.2754972050897777
n_tsp_call: 1
n_tsp_time: 0.25865433271974325
n_roots: 1
num_conflicts: 0
target_assignment: {814: 0, 739: 3, 228: 3, 184: 2, 330: 4}
cluster_target_selection: {3: 814, 2: 739, 4: 228, 1: 184, 0: 330}
num_nodes_transformed_graph: 48
agent_paths:({0: [(19, 23), (18, 23), (17, 23), (16, 23), (15, 23), (14, 23), (14, 24), (14, 25), (13, 25), (12, 25), (12, 26), (12, 27), (12, 27)], 1: [(24, 0), (24, 1), (24, 2), (25, 2), (25, 3), (25, 4), (25, 5), (25, 6), (25, 7), (25, 8), (25, 9), (25, 10), (26, 10), (26, 11), (26, 12), (26, 13), (27, 13), (27, 14), (27, 15), (27, 16), (27, 17), (27, 18), (27, 19), (27, 20), (27, 21), (27, 22), (27, 23), (27, 24), (28, 24), (28, 25), (28, 25)], 2: [(19, 18), (19, 17), (19, 16), (19, 15), (19, 14), (19, 13), (19, 12), (19, 11), (19, 10), (19, 9), (20, 9), (20, 8), (20, 7), (20, 6), (21, 6), (22, 6), (23, 6), (23, 5), (24, 5), (25, 5), (26, 5), (27, 5), (28, 5), (29, 5), (29, 5)], 3: [(8, 23), (7, 23), (6, 23), (5, 23), (4, 23), (3, 23), (3, 22), (3, 21), (3, 20), (2, 20), (2, 19), (2, 18), (2, 17), (2, 16), (2, 15), (2, 14), (2, 13), (2, 12), (2, 11), (2, 10), (2, 9), (3, 9), (3, 8), (3, 7), (4, 7), (5, 7), (5, 6), (5, 5), (5, 4), (6, 4), (6, 4)], 4: [(6, 23), (6, 22), (6, 21), (6, 20), (6, 19), (7, 19), (7, 18), (7, 17), (7, 16), (8, 16), (9, 16), (9, 15), (9, 14), (10, 14), (10, 13), (10, 12), (10, 11), (10, 10), (11, 10), (12, 10), (13, 10), (13, 9), (14, 9), (15, 9), (16, 9), (17, 9), (18, 9), (19, 9), (20, 9), (21, 9), (22, 9), (22, 9)]}, 30)