

CBSS-C STATS
starts:[829, 573, 295, 190, 292]
targets:[790, 15, 866, 85, 916, 284, 755, 799, 5, 632]
dests:[33, 1010, 553, 565, 902]
ac_dict:{790: {0, 1}, 15: {1, 2}, 866: {2, 3}, 85: {3, 4}, 33: {0}, 1010: {1}, 553: {2}, 565: {3}, 902: {4}}
clusters:[0 3 4 1 1 4 1 0 4 2]

round: 1
best_g_value: 161.0
open_list_size: 0
num_low_level_expanded: 788
search_success: 1
search_time: 0.29052416514605284
n_tsp_call: 1
n_tsp_time: 0.26280150283128023
n_roots: 1
num_conflicts: 0
target_assignment: {790: 0, 284: 3, 15: 2, 632: 1, 916: 1}
cluster_target_selection: {0: 790, 4: 284, 3: 15, 2: 632, 1: 916}
num_nodes_transformed_graph: 48
agent_paths:({0: [(29, 25), (28, 25), (27, 25), (26, 25), (25, 25), (24, 25), (23, 25), (22, 25), (22, 24), (22, 23), (21, 23), (21, 22), (20, 22), (19, 22), (18, 22), (17, 22), (16, 22), (15, 22), (15, 21), (14, 21), (13, 21), (12, 21), (11, 21), (10, 21), (9, 21), (8, 21), (7, 21), (6, 21), (5, 21), (5, 20), (5, 19), (4, 19), (4, 18), (3, 18), (2, 18), (2, 17), (1, 17), (1, 16), (1, 15), (1, 14), (1, 13), (1, 12), (1, 11), (1, 10), (1, 9), (1, 8), (1, 7), (1, 6), (1, 5), (1, 4), (1, 3), (1, 2), (1, 1), (1, 1)], 1: [(29, 17), (29, 18), (28, 18), (27, 18), (26, 18), (25, 18), (24, 18), (24, 19), (24, 20), (24, 21), (24, 22), (24, 23), (24, 24), (23, 24), (22, 24), (22, 25), (21, 25), (20, 25), (20, 26), (20, 27), (20, 28), (19, 28), (18, 28), (18, 29), (18, 30), (18, 31), (18, 31)], 2: [(7, 9), (7, 8), (7, 7), (7, 6), (7, 5), (7, 4), (7, 3), (8, 3), (9, 3), (9, 2), (9, 1), (9, 0), (10, 0), (11, 0), (12, 0), (13, 0), (14, 0), (15, 0), (14, 0), (13, 0), (12, 0), (11, 0), (10, 0), (10, 1), (10, 2), (10, 3), (10, 4), (10, 5), (10, 6), (10, 7), (10, 8), (10, 9), (10, 10), (10, 11), (10, 12), (10, 13), (10, 14), (9, 14), (9, 15), (9, 16), (9, 17), (9, 17)], 3: [(30, 5), (29, 5), (28, 5), (28, 6), (28, 7), (28, 8), (27, 8), (27, 9), (27, 10), (26, 10), (25, 10), (24, 10), (23, 10), (22, 10), (21, 10), (21, 11), (21, 12), (21, 13), (21, 14), (21, 15), (21, 16), (21, 17), (21, 17)], 4: [(4, 9), (4, 10), (4, 11), (4, 12), (4, 13), (5, 13), (5, 14), (5, 15), (5, 16), (5, 17), (5, 18), (5, 19), (6, 19), (6, 20), (6, 21), (6, 22), (6, 23), (7, 23), (7, 24), (7, 25), (6, 25), (6, 26), (6, 27), (6, 28), (6, 28)]}, 52)