

CBSS-C STATS
starts:[716, 510, 400, 179, 168]
targets:[650, 96, 1013, 822, 197, 939, 624, 861, 483, 59]
dests:[671, 953, 142, 746, 717]
ac_dict:{650: {0, 1}, 96: {1, 2}, 1013: {2, 3}, 822: {3, 4}, 671: {0}, 953: {1}, 142: {2}, 746: {3}, 717: {4}}
clusters:[2 4 2 0 1 0 2 0 3 0]

round: 1
best_g_value: 139.0
open_list_size: 0
num_low_level_expanded: 408
search_success: 1
search_time: 0.07380757387727499
n_tsp_call: 1
n_tsp_time: 0.05256424704566598
n_roots: 1
num_conflicts: 0
target_assignment: {96: 2, 197: 4, 483: 4, 624: 3, 861: 1}
cluster_target_selection: {4: 96, 1: 197, 3: 483, 2: 624, 0: 861}
num_nodes_transformed_graph: 29
agent_paths:({0: [(12, 22), (12, 21), (12, 20), (13, 20), (14, 20), (15, 20), (16, 20), (17, 20), (18, 20), (19, 20), (20, 20), (21, 20), (22, 20), (23, 20), (24, 20), (25, 20), (26, 20), (27, 20), (28, 20), (29, 20), (30, 20), (31, 20), (31, 20)], 1: [(30, 15), (29, 15), (29, 16), (29, 17), (29, 18), (29, 19), (29, 20), (29, 21), (29, 22), (29, 23), (29, 24), (29, 25), (29, 26), (29, 27), (28, 27), (27, 27), (26, 27), (25, 27), (25, 28), (25, 29), (25, 29)], 2: [(16, 12), (15, 12), (14, 12), (14, 11), (14, 10), (13, 10), (12, 10), (11, 10), (10, 10), (9, 10), (8, 10), (7, 10), (6, 10), (5, 10), (4, 10), (3, 10), (2, 10), (1, 10), (1, 9), (1, 8), (1, 7), (1, 6), (1, 5), (1, 4), (1, 3), (0, 3), (1, 3), (2, 3), (3, 3), (4, 3), (5, 3), (6, 3), (7, 3), (8, 3), (9, 3), (10, 3), (11, 3), (12, 3), (13, 3), (14, 3), (14, 4), (14, 4)], 3: [(19, 5), (18, 5), (17, 5), (16, 5), (16, 6), (16, 7), (16, 8), (16, 9), (16, 10), (16, 11), (16, 12), (16, 13), (16, 14), (16, 15), (16, 16), (16, 17), (16, 18), (16, 19), (15, 19), (14, 19), (13, 19), (12, 19), (11, 19), (10, 19), (10, 20), (10, 21), (10, 22), (10, 23), (10, 23)], 4: [(8, 5), (7, 5), (6, 5), (5, 5), (5, 6), (5, 7), (4, 7), (3, 7), (3, 8), (3, 9), (3, 10), (3, 11), (3, 12), (3, 13), (3, 14), (3, 15), (4, 15), (5, 15), (6, 15), (7, 15), (7, 16), (8, 16), (9, 16), (10, 16), (11, 16), (12, 16), (13, 16), (13, 17), (13, 18), (13, 19), (13, 20), (13, 21), (13, 22), (13, 22)]}, 40)