

CBSS-C STATS
starts:[355, 694, 135, 802, 276]
targets:[579, 134, 627, 493, 552, 601, 977, 236, 996, 0, 570, 961, 745, 465, 223, 320, 206, 166, 215, 834, 991, 546, 769, 596, 630, 796, 957, 86, 895, 700, 790, 419, 632, 980, 278, 4, 574, 687, 328, 184, 1006, 793, 519, 758, 914, 850, 1016, 317, 156, 333]
dests:[766, 855, 474, 475, 673]
ac_dict:{579: {0, 1}, 134: {1, 2}, 627: {2, 3}, 493: {3, 4}, 766: {0}, 855: {1}, 474: {2}, 475: {3}, 673: {4}}
clusters:[20  1 12 25 17 19 32 39 18  8 29  5  0  2  4 21 14 10  3  6 34 22 31  3
 30 36 23 11  4  5  9  0 27  6  7 38 24 28  8 26 16  9 15  1 37 13 35  2
  7 33]

round: 1
best_g_value: 242.0
open_list_size: 0
num_low_level_expanded: 519
search_success: 1
search_time: 23.772325830999762
n_tsp_call: 1
n_tsp_time: 23.647227818999454
n_roots: 1
num_conflicts: 0
target_assignment: {320: 0, 579: 0, 769: 0, 961: 0, 996: 0, 1006: 0, 977: 0, 850: 0, 914: 0, 980: 0, 1016: 0, 957: 0, 991: 0, 895: 0, 796: 0, 465: 4, 493: 4, 519: 4, 552: 4, 546: 4, 758: 1, 790: 1, 4: 2, 166: 2, 328: 2, 333: 2, 236: 2, 206: 2, 86: 2, 184: 2, 215: 2, 278: 2, 745: 3, 687: 3, 627: 3, 630: 3, 632: 3, 601: 3, 570: 3, 574: 3}
cluster_target_selection: {21: 320, 20: 579, 31: 769, 5: 961, 18: 996, 16: 1006, 32: 977, 13: 850, 37: 914, 6: 980, 35: 1016, 23: 957, 34: 991, 4: 895, 36: 796, 2: 465, 25: 493, 15: 519, 17: 552, 22: 546, 1: 758, 9: 790, 38: 4, 10: 166, 8: 328, 33: 333, 39: 236, 14: 206, 11: 86, 26: 184, 3: 215, 7: 278, 0: 745, 28: 687, 12: 627, 30: 630, 27: 632, 19: 601, 29: 570, 24: 574}
num_nodes_transformed_graph: 248
agent_paths:({0: [(3, 11), (2, 11), (1, 11), (0, 11), (0, 10), (1, 10), (2, 10), (3, 10), (3, 11), (3, 12), (3, 13), (3, 14), (3, 15), (3, 16), (3, 17), (3, 18), (2, 18), (2, 19), (1, 19), (1, 20), (1, 21), (1, 22), (1, 23), (1, 24), (1, 25), (0, 25), (0, 26), (0, 27), (1, 27), (1, 28), (1, 29), (1, 30), (2, 30), (3, 30), (3, 29), (4, 29), (5, 29), (5, 30), (5, 31), (4, 31), (5, 31), (6, 31), (7, 31), (8, 31), (9, 31), (10, 31), (11, 31), (12, 31), (13, 31), (14, 31), (15, 31), (16, 31), (16, 30), (17, 30), (17, 29), (17, 28), (17, 27), (17, 26), (18, 26), (18, 27), (18, 28), (19, 28), (20, 28), (20, 29), (20, 30), (21, 30), (22, 30), (23, 30), (24, 30), (24, 31), (24, 30), (24, 29), (25, 29), (26, 29), (27, 29), (28, 29), (29, 29), (30, 29), (31, 29), (31, 30), (31, 29), (31, 28), (31, 27), (30, 27), (29, 27), (29, 26), (29, 25), (28, 25), (28, 24), (29, 24), (29, 23), (30, 23), (30, 23)], 1: [(22, 21), (21, 21), (21, 22), (21, 23), (22, 23), (22, 24), (23, 24), (23, 25), (23, 26), (23, 26)], 2: [(7, 4), (6, 4), (5, 4), (4, 4), (4, 3), (4, 2), (4, 1), (4, 0), (5, 0), (6, 0), (6, 1), (6, 2), (6, 3), (6, 4), (6, 5), (7, 5), (7, 6), (7, 7), (7, 8), (7, 9), (7, 10), (8, 10), (9, 10), (10, 10), (11, 10), (12, 10), (13, 10), (13, 9), (13, 8), (13, 7), (12, 7), (12, 6), (13, 6), (14, 6), (14, 5), (15, 5), (16, 5), (16, 4), (16, 3), (17, 3), (18, 3), (19, 3), (20, 3), (20, 2), (21, 2), (22, 2), (23, 2), (23, 3), (23, 4), (23, 5), (24, 5), (23, 5), (23, 6), (22, 6), (22, 7), (22, 8), (23, 8), (24, 8), (25, 8), (25, 9), (25, 10), (26, 10), (26, 11), (26, 12), (26, 13), (26, 14), (26, 14)], 3: [(2, 25), (2, 24), (2, 23), (3, 23), (4, 23), (5, 23), (6, 23), (7, 23), (8, 23), (9, 23), (9, 22), (9, 21), (10, 21), (11, 21), (12, 21), (13, 21), (14, 21), (15, 21), (15, 20), (15, 19), (16, 19), (17, 19), (18, 19), (19, 19), (20, 19), (21, 19), (22, 19), (23, 19), (24, 19), (24, 18), (25, 18), (25, 17), (26, 17), (27, 17), (27, 16), (28, 16), (29, 16), (30, 16), (30, 17), (29, 17), (29, 16), (28, 16), (27, 16), (27, 15), (27, 14), (27, 14)], 4: [(20, 8), (20, 9), (19, 9), (18, 9), (18, 10), (18, 11), (17, 11), (17, 12), (17, 13), (17, 14), (16, 14), (15, 14), (14, 14), (13, 14), (13, 15), (12, 15), (11, 15), (10, 15), (9, 15), (9, 16), (8, 16), (7, 16), (8, 16), (8, 17), (7, 17), (6, 17), (5, 17), (4, 17), (3, 17), (2, 17), (2, 18), (2, 19), (1, 19), (1, 20), (1, 21), (1, 21)]}, 91)