

CBSS-C STATS
starts:[55, 214]
targets:[848, 184, 974, 491, 992, 942, 951, 348, 574, 401, 470, 692, 230, 29, 220, 883, 750, 186, 434, 88, 619, 879, 121, 993, 578, 338, 840, 291, 575, 741, 478, 466, 924, 15, 59, 654, 948, 174, 897, 655, 919, 767, 736, 119, 142, 166, 592, 677, 737, 630, 941, 635, 408, 105, 851, 187, 203, 215, 788, 487, 623, 905, 867, 959, 438, 68, 146, 600, 511, 231, 627, 826, 940, 694, 385, 233, 829, 835, 380, 405, 461, 251, 558, 991, 947, 850, 935, 691, 510, 819, 218, 521, 757, 693, 99, 632, 319, 440, 689, 506]
dests:[54, 65]
ac_dict:{848: {0, 1}, 54: {0}, 65: {1}}
clusters:[19  2 34 33 38 35  8 10 38 23 36 24 27  6 24 14  1 23  0  9 31 31  3 25
 29 28  7  5 39 28  3 30  8 26 20  1 19 27 30 13 34 36 11 20  7 12 11 38
 16 26 14 13 23 23 22 37 14  9 17 13 25 36 11 25 27  3 33 29 15  2  6  0
 29 21  4  2 36 37  1 18 18  4 32  5 20 21  2 12  6 18  1 23 35  3  4 10
 10 22  4 32]

round: 1
best_g_value: 420.0
open_list_size: 0
num_low_level_expanded: 248
search_success: 1
search_time: 87.07391318299779
n_tsp_call: 1
n_tsp_time: 86.9080753599992
n_roots: 1
num_conflicts: 0
target_assignment: {215: 1, 184: 1, 186: 1, 187: 1, 220: 1, 348: 1, 380: 1, 478: 1, 510: 1, 574: 1, 575: 1, 511: 1, 506: 1, 440: 1, 438: 1, 434: 1, 466: 1, 461: 1, 491: 1, 619: 1, 623: 1, 655: 1, 630: 1, 694: 1, 691: 1, 788: 1, 919: 1, 951: 1, 948: 1, 947: 1, 942: 1, 941: 1, 940: 1, 905: 1, 840: 1, 741: 1, 736: 1, 737: 1, 291: 1, 99: 1}
cluster_target_selection: {9: 215, 2: 184, 23: 186, 37: 187, 24: 220, 10: 348, 1: 380, 3: 478, 6: 510, 38: 574, 39: 575, 15: 511, 32: 506, 22: 440, 27: 438, 0: 434, 30: 466, 18: 461, 33: 491, 31: 619, 25: 623, 13: 655, 26: 630, 21: 694, 12: 691, 17: 788, 34: 919, 8: 951, 19: 948, 20: 947, 35: 942, 14: 941, 29: 940, 36: 905, 7: 840, 28: 741, 11: 736, 16: 737, 5: 291, 4: 99}
num_nodes_transformed_graph: 204
agent_paths:({0: [(23, 1), (22, 1), (22, 1)], 1: [(22, 6), (23, 6), (23, 5), (24, 5), (25, 5), (26, 5), (27, 5), (28, 5), (28, 6), (28, 7), (28, 8), (28, 9), (28, 10), (28, 11), (29, 11), (29, 12), (29, 13), (29, 14), (30, 14), (30, 15), (30, 16), (30, 17), (31, 17), (30, 17), (30, 16), (30, 15), (31, 15), (30, 15), (29, 15), (28, 15), (27, 15), (26, 15), (25, 15), (24, 15), (24, 14), (24, 13), (23, 13), (22, 13), (21, 13), (20, 13), (19, 13), (18, 13), (18, 14), (17, 14), (16, 14), (15, 14), (14, 14), (13, 14), (12, 14), (11, 14), (11, 15), (11, 16), (11, 17), (11, 18), (11, 19), (12, 19), (13, 19), (14, 19), (15, 19), (15, 20), (15, 19), (16, 19), (17, 19), (18, 19), (19, 19), (20, 19), (21, 19), (22, 19), (22, 20), (22, 21), (21, 21), (20, 21), (19, 21), (19, 22), (19, 23), (19, 24), (20, 24), (20, 25), (21, 25), (22, 25), (23, 25), (23, 26), (23, 27), (23, 28), (23, 29), (23, 30), (22, 30), (21, 30), (20, 30), (20, 29), (19, 29), (18, 29), (17, 29), (16, 29), (15, 29), (14, 29), (13, 29), (12, 29), (11, 29), (10, 29), (10, 28), (9, 28), (8, 28), (8, 27), (8, 26), (7, 26), (7, 25), (7, 24), (7, 23), (6, 23), (5, 23), (4, 23), (3, 23), (2, 23), (1, 23), (0, 23), (1, 23), (1, 22), (1, 21), (1, 20), (1, 19), (2, 19), (2, 18), (2, 17), (2, 16), (2, 15), (2, 14), (2, 13), (2, 12), (2, 11), (2, 10), (2, 9), (3, 9), (3, 8), (3, 7), (3, 6), (3, 5), (3, 4), (3, 3), (2, 3), (1, 3), (1, 2), (1, 2)]}, 141)