

CBSS-C STATS
starts:[861, 908, 349, 400, 313]
targets:[954, 999, 304, 534, 837, 747, 983, 279, 1023, 866, 869, 120, 638, 585, 239, 620, 46, 939, 1016, 824, 986, 685, 546, 445, 664, 909, 256, 627, 779, 368, 689, 309, 199, 906, 907, 297, 185, 474, 448, 306, 29, 1007, 4, 87, 942, 623, 105, 436, 851, 64]
dests:[457, 91, 344, 52, 782]
ac_dict:{954: {0, 1}, 999: {1, 2}, 304: {2, 3}, 534: {3, 4}, 457: {0}, 91: {1}, 344: {2}, 52: {3}, 782: {4}}
clusters:[28 23 27  9 26  8  1 39  7 13 25  3  8 19 11  2 35 36  2 29 20 14 30  4
 24  7  1  4 38 21  6 12 17 22 15  3  6  5 34 31 37 16 33 10  5 18  0  9
  0 32]

round: 4
best_g_value: 215.0
open_list_size: 3
num_low_level_expanded: 3956
search_success: 1
search_time: 290.4860761630007
n_tsp_call: 45
n_tsp_time: 288.57204838899816
n_roots: 1
num_conflicts: 3
target_assignment: {954: 0, 986: 0, 983: 0, 824: 0, 664: 0, 627: 0, 623: 0, 620: 0, 585: 0, 909: 1, 942: 1, 1007: 1, 939: 1, 907: 1, 906: 1, 999: 1, 869: 1, 837: 1, 866: 1, 546: 1, 448: 1, 64: 1, 4: 1, 199: 1, 105: 1, 46: 1, 87: 1, 120: 1, 29: 1, 279: 4, 309: 4, 306: 4, 436: 4, 689: 4, 685: 4, 747: 4, 779: 4, 368: 3, 304: 3, 239: 3}
cluster_target_selection: {28: 954, 20: 986, 1: 983, 29: 824, 24: 664, 4: 627, 18: 623, 2: 620, 19: 585, 7: 909, 5: 942, 16: 1007, 36: 939, 15: 907, 22: 906, 23: 999, 25: 869, 26: 837, 13: 866, 30: 546, 34: 448, 32: 64, 33: 4, 17: 199, 0: 105, 35: 46, 10: 87, 3: 120, 37: 29, 39: 279, 12: 309, 31: 306, 9: 436, 6: 689, 14: 685, 8: 747, 38: 779, 21: 368, 27: 304, 11: 239}
num_nodes_transformed_graph: 248
agent_paths:({0: [(29, 26), (29, 27), (28, 27), (27, 27), (26, 27), (26, 28), (26, 29), (26, 30), (25, 30), (24, 30), (23, 30), (23, 29), (23, 28), (23, 27), (23, 26), (23, 25), (24, 25), (24, 24), (24, 23), (24, 22), (24, 21), (24, 20), (23, 20), (22, 20), (21, 20), (20, 20), (19, 20), (19, 19), (18, 19), (17, 19), (16, 19), (15, 19), (14, 19), (13, 19), (12, 19), (11, 19), (10, 19), (9, 19), (9, 18), (9, 17), (9, 16), (9, 15), (9, 14), (9, 14)], 1: [(12, 28), (13, 28), (14, 28), (14, 29), (14, 30), (14, 31), (15, 31), (14, 31), (13, 31), (12, 31), (11, 31), (11, 30), (11, 29), (11, 28), (10, 28), (9, 28), (8, 28), (7, 28), (7, 29), (7, 30), (7, 31), (6, 31), (5, 31), (5, 30), (5, 29), (5, 28), (5, 27), (5, 26), (4, 26), (3, 26), (2, 26), (2, 27), (2, 26), (2, 25), (2, 24), (2, 23), (2, 22), (2, 21), (2, 20), (2, 19), (2, 18), (2, 17), (1, 17), (1, 16), (1, 15), (0, 15), (0, 14), (1, 14), (1, 13), (1, 12), (1, 11), (1, 10), (1, 9), (1, 8), (1, 7), (1, 6), (1, 5), (1, 4), (1, 3), (0, 3), (0, 2), (0, 1), (0, 0), (1, 0), (2, 0), (3, 0), (4, 0), (5, 0), (6, 0), (6, 1), (6, 2), (6, 3), (7, 3), (7, 4), (7, 5), (7, 6), (7, 5), (7, 4), (7, 3), (8, 3), (9, 3), (9, 2), (9, 1), (10, 1), (11, 1), (12, 1), (13, 1), (14, 1), (15, 1), (16, 1), (17, 1), (18, 1), (19, 1), (19, 0), (20, 0), (21, 0), (22, 0), (23, 0), (23, 1), (23, 2), (24, 2), (24, 3), (25, 3), (26, 3), (27, 3), (27, 2), (27, 1), (27, 0), (28, 0), (29, 0), (28, 0), (27, 0), (27, 1), (27, 2), (27, 2)], 2: [(29, 10), (28, 10), (27, 10), (26, 10), (25, 10), (24, 10), (24, 10)], 3: [(16, 12), (16, 11), (16, 10), (16, 9), (16, 8), (16, 7), (15, 7), (15, 6), (15, 5), (16, 5), (16, 4), (16, 3), (16, 2), (16, 1), (17, 1), (18, 1), (19, 1), (20, 1), (20, 1)], 4: [(25, 9), (24, 9), (23, 9), (23, 8), (22, 8), (21, 8), (21, 9), (20, 9), (19, 9), (18, 9), (19, 9), (19, 10), (19, 11), (19, 12), (20, 12), (20, 13), (19, 13), (19, 14), (19, 15), (19, 16), (19, 17), (18, 17), (18, 18), (18, 19), (17, 19), (17, 20), (17, 21), (16, 21), (15, 21), (14, 21), (13, 21), (12, 21), (11, 21), (11, 22), (11, 23), (11, 24), (12, 24), (13, 24), (14, 24), (14, 24)]}, 113)