

CBSS-C STATS
starts:[3, 601, 604, 78, 814]
targets:[58, 357, 526, 705, 672, 407, 714, 313, 673, 150, 624, 66, 119, 556, 963, 98, 823, 957, 886, 451, 645, 356, 462, 623, 656, 364, 417, 921, 661, 864, 157, 373, 298, 195, 1018, 378, 49, 371, 141, 107, 165, 859, 507, 824, 105, 81, 229, 795, 890, 737]
dests:[552, 43, 179, 961, 826]
ac_dict:{58: {0, 1}, 357: {1, 2}, 526: {2, 3}, 705: {3, 4}, 552: {0}, 43: {1}, 179: {2}, 961: {3}, 826: {4}}
clusters:[ 1 10 33  6 18  8 26 23  2  9  0  3  6 16  7 29  7 39 17 11  3 31 20 28
  9 32 12  5 35 25 15  1  4  4 30 14  0  8 19 24 22 36 13  5 34 27 38 37
 21  2]

round: 1
best_g_value: 214.0
open_list_size: 0
num_low_level_expanded: 438
search_success: 1
search_time: 5.212540522001291
n_tsp_call: 1
n_tsp_time: 5.148502985999585
n_roots: 1
num_conflicts: 0
target_assignment: {66: 0, 98: 0, 195: 0, 417: 0, 451: 0, 823: 4, 824: 4, 886: 4, 890: 4, 1018: 4, 957: 4, 859: 4, 795: 4, 141: 3, 364: 3, 462: 3, 526: 3, 714: 3, 672: 3, 705: 3, 737: 3, 864: 3, 661: 1, 656: 1, 624: 1, 623: 1, 556: 1, 357: 1, 356: 1, 229: 1, 165: 1, 105: 1, 107: 1, 507: 2, 378: 2, 373: 2, 407: 2, 313: 2, 157: 2, 81: 2}
cluster_target_selection: {3: 66, 29: 98, 4: 195, 12: 417, 11: 451, 7: 823, 5: 824, 17: 886, 21: 890, 30: 1018, 39: 957, 36: 859, 37: 795, 19: 141, 32: 364, 20: 462, 33: 526, 26: 714, 18: 672, 6: 705, 2: 737, 25: 864, 35: 661, 9: 656, 0: 624, 28: 623, 16: 556, 10: 357, 31: 356, 38: 229, 22: 165, 34: 105, 24: 107, 13: 507, 14: 378, 1: 373, 8: 407, 23: 313, 15: 157, 27: 81}
num_nodes_transformed_graph: 121
agent_paths:({0: [(3, 0), (2, 0), (2, 1), (2, 2), (2, 3), (3, 3), (3, 4), (3, 5), (3, 6), (2, 6), (1, 6), (1, 7), (1, 8), (1, 9), (1, 10), (1, 11), (1, 12), (1, 13), (2, 13), (3, 13), (3, 14), (3, 15), (4, 15), (5, 15), (6, 15), (7, 15), (7, 16), (8, 16), (8, 17), (8, 17)], 1: [(25, 18), (24, 18), (23, 18), (22, 18), (21, 18), (21, 19), (21, 20), (20, 20), (19, 20), (18, 20), (17, 20), (16, 20), (16, 19), (15, 19), (14, 19), (13, 19), (12, 19), (12, 18), (12, 17), (11, 17), (10, 17), (9, 17), (8, 17), (7, 17), (6, 17), (6, 16), (6, 15), (6, 14), (6, 13), (6, 12), (6, 11), (5, 11), (4, 11), (4, 10), (4, 9), (4, 8), (4, 7), (5, 7), (5, 6), (5, 5), (5, 4), (5, 3), (6, 3), (7, 3), (8, 3), (9, 3), (10, 3), (11, 3), (11, 2), (11, 1), (11, 1)], 2: [(28, 18), (27, 18), (27, 17), (27, 16), (27, 15), (26, 15), (26, 14), (26, 13), (26, 12), (26, 11), (25, 11), (24, 11), (23, 11), (22, 11), (21, 11), (22, 11), (23, 11), (23, 12), (23, 11), (23, 10), (23, 9), (24, 9), (25, 9), (25, 8), (25, 7), (25, 6), (25, 5), (25, 4), (26, 4), (27, 4), (28, 4), (29, 4), (28, 4), (27, 4), (26, 4), (25, 4), (25, 3), (24, 3), (23, 3), (22, 3), (21, 3), (20, 3), (19, 3), (18, 3), (17, 3), (17, 2), (17, 3), (18, 3), (19, 3), (19, 4), (19, 5), (19, 5)], 3: [(14, 2), (13, 2), (13, 3), (13, 4), (13, 5), (13, 6), (13, 7), (13, 8), (13, 9), (13, 10), (12, 10), (12, 11), (12, 12), (12, 13), (13, 13), (14, 13), (14, 14), (14, 15), (14, 16), (13, 16), (12, 16), (11, 16), (10, 16), (10, 17), (10, 18), (10, 19), (10, 20), (10, 21), (10, 22), (9, 22), (8, 22), (7, 22), (6, 22), (5, 22), (4, 22), (3, 22), (2, 22), (1, 22), (1, 21), (0, 21), (1, 21), (1, 22), (1, 23), (0, 23), (0, 24), (0, 25), (0, 26), (0, 27), (1, 27), (1, 28), (1, 29), (1, 30), (1, 30)], 4: [(14, 25), (15, 25), (16, 25), (17, 25), (18, 25), (19, 25), (20, 25), (21, 25), (22, 25), (23, 25), (24, 25), (23, 25), (22, 25), (22, 26), (22, 27), (23, 27), (24, 27), (25, 27), (26, 27), (26, 28), (26, 29), (26, 30), (26, 31), (26, 30), (26, 29), (27, 29), (28, 29), (29, 29), (28, 29), (27, 29), (27, 28), (27, 27), (27, 26), (27, 25), (27, 24), (26, 24), (26, 25), (26, 25)]}, 51)