

CBSS-C STATS
starts:[784, 740, 924, 47, 824]
targets:[210, 932, 725, 832, 81, 113, 532, 112, 942, 506, 306, 253, 998, 930, 715, 1009, 745, 557, 850, 837, 509, 448, 977, 909, 805, 963, 875, 333, 521, 606, 579, 191, 43, 396, 207, 720, 131, 812, 61, 948]
dests:[839, 213, 447, 946, 163]
ac_dict:{210: {0, 1}, 932: {1, 2}, 725: {2, 3}, 832: {3, 4}, 839: {0}, 213: {1}, 447: {2}, 946: {3}, 163: {4}}
clusters:[17  5 12  6 15  5  9 19  4 22 13 10  1  7 10  8  8  9 24 14  3 11  7  2
 23  4 14 11  3  0  0  6  2 12 20 16 13 18  1 21]

round: 1
best_g_value: 179.0
open_list_size: 0
num_low_level_expanded: 308
search_success: 1
search_time: 3.6259814619997996
n_tsp_call: 1
n_tsp_time: 3.5835930110001755
n_roots: 1
num_conflicts: 0
target_assignment: {812: 0, 875: 0, 909: 0, 942: 0, 998: 0, 81: 3, 113: 3, 112: 3, 207: 3, 720: 3, 850: 3, 948: 3, 977: 3, 805: 4, 832: 4, 579: 4, 506: 2, 509: 2, 745: 1, 715: 1, 557: 1, 396: 1, 333: 1, 306: 1, 210: 1}
cluster_target_selection: {18: 812, 14: 875, 2: 909, 4: 942, 1: 998, 15: 81, 5: 113, 19: 112, 20: 207, 16: 720, 24: 850, 21: 948, 7: 977, 23: 805, 6: 832, 0: 579, 22: 506, 3: 509, 8: 745, 10: 715, 9: 557, 12: 396, 11: 333, 13: 306, 17: 210}
num_nodes_transformed_graph: 100
agent_paths:({0: [(16, 24), (15, 24), (14, 24), (13, 24), (12, 24), (12, 25), (11, 25), (11, 26), (11, 27), (12, 27), (13, 27), (13, 28), (14, 28), (14, 29), (13, 29), (12, 29), (11, 29), (10, 29), (10, 30), (9, 30), (8, 30), (7, 30), (6, 30), (6, 31), (6, 30), (6, 29), (6, 28), (6, 27), (6, 26), (7, 26), (7, 26)], 1: [(4, 23), (5, 23), (6, 23), (7, 23), (8, 23), (9, 23), (9, 22), (10, 22), (11, 22), (11, 21), (11, 20), (11, 19), (11, 18), (11, 17), (12, 17), (13, 17), (12, 17), (12, 16), (12, 15), (12, 14), (12, 13), (12, 12), (12, 11), (12, 10), (13, 10), (13, 9), (14, 9), (15, 9), (16, 9), (17, 9), (18, 9), (18, 8), (18, 7), (18, 6), (19, 6), (20, 6), (21, 6), (21, 6)], 2: [(28, 28), (27, 28), (27, 27), (27, 26), (27, 25), (27, 24), (27, 23), (27, 22), (27, 21), (27, 20), (27, 19), (27, 18), (26, 18), (26, 17), (26, 16), (26, 15), (27, 15), (28, 15), (29, 15), (29, 14), (30, 14), (31, 14), (31, 13), (31, 13)], 3: [(15, 1), (16, 1), (17, 1), (17, 2), (17, 3), (16, 3), (16, 4), (16, 5), (15, 5), (15, 6), (16, 6), (16, 7), (16, 8), (16, 9), (16, 10), (16, 11), (16, 12), (16, 13), (16, 14), (16, 15), (16, 16), (16, 17), (16, 18), (16, 19), (16, 20), (16, 21), (16, 22), (17, 22), (18, 22), (18, 23), (18, 24), (18, 25), (18, 26), (19, 26), (20, 26), (20, 27), (20, 28), (20, 29), (19, 29), (18, 29), (17, 29), (17, 30), (17, 29), (18, 29), (18, 29)], 4: [(24, 25), (23, 25), (22, 25), (21, 25), (20, 25), (19, 25), (18, 25), (17, 25), (16, 25), (15, 25), (14, 25), (13, 25), (12, 25), (11, 25), (10, 25), (9, 25), (8, 25), (7, 25), (6, 25), (5, 25), (4, 25), (3, 25), (2, 25), (1, 25), (0, 25), (0, 26), (0, 25), (0, 24), (0, 23), (1, 23), (1, 22), (1, 21), (1, 20), (1, 19), (2, 19), (2, 18), (3, 18), (3, 17), (3, 16), (3, 15), (3, 14), (3, 13), (3, 12), (3, 11), (3, 10), (3, 9), (3, 8), (3, 7), (3, 6), (3, 5), (3, 5)]}, 49)