

CBSS-C STATS
starts:[922, 994, 714, 662, 78]
targets:[955, 56, 235, 673, 941, 783, 921, 315, 971, 413, 343, 779, 303, 957, 419, 135, 44, 278, 884, 946, 406, 276, 312, 219, 421, 819, 67, 534, 41, 574, 513, 1000, 841, 911, 392, 132, 325, 341, 711, 206, 263, 150, 516, 252, 694, 211, 417, 445, 12, 370]
dests:[531, 463, 890, 790, 641]
ac_dict:{955: {0, 1}, 56: {1, 2}, 235: {2, 3}, 673: {3, 4}, 531: {0}, 463: {1}, 890: {2}, 790: {3}, 641: {4}}
clusters:[29 14 24  1  1  9 17 14 17 18  0  8  7  6  2 11 12 25  2 28 21  0 10 13
 10 23  5  4 16  5 12  7  4 11 27 13  9  3 16  8 26  3 15 19 19 22 20  6
 15 18]

round: 1
best_g_value: 189.0
open_list_size: 0
num_low_level_expanded: 398
search_success: 1
search_time: 6.194399995999447
n_tsp_call: 1
n_tsp_time: 6.13568264100013
n_roots: 1
num_conflicts: 0
target_assignment: {955: 0, 921: 0, 694: 0, 534: 0, 235: 2, 206: 2, 211: 2, 276: 2, 278: 2, 341: 2, 406: 2, 315: 2, 413: 2, 445: 2, 1000: 1, 941: 1, 946: 1, 819: 1, 783: 1, 12: 4, 41: 4, 67: 4, 132: 4, 135: 4, 263: 4, 392: 4, 421: 4, 419: 4, 417: 4, 513: 4}
cluster_target_selection: {29: 955, 17: 921, 19: 694, 4: 534, 24: 235, 8: 206, 22: 211, 0: 276, 25: 278, 3: 341, 21: 406, 14: 315, 18: 413, 6: 445, 7: 1000, 1: 941, 28: 946, 23: 819, 9: 783, 15: 12, 16: 41, 5: 67, 13: 132, 11: 135, 26: 263, 27: 392, 10: 421, 2: 419, 20: 417, 12: 513}
num_nodes_transformed_graph: 123
agent_paths:({0: [(26, 28), (27, 28), (27, 29), (26, 29), (25, 29), (25, 28), (24, 28), (24, 27), (24, 26), (24, 25), (24, 24), (24, 23), (24, 22), (23, 22), (23, 21), (22, 21), (22, 20), (22, 19), (22, 18), (22, 17), (22, 16), (21, 16), (20, 16), (19, 16), (19, 16)], 1: [(2, 31), (2, 30), (3, 30), (3, 29), (4, 29), (5, 29), (6, 29), (7, 29), (8, 29), (8, 30), (8, 31), (8, 30), (9, 30), (10, 30), (10, 29), (11, 29), (12, 29), (13, 29), (14, 29), (15, 29), (16, 29), (17, 29), (18, 29), (18, 28), (18, 27), (18, 26), (18, 25), (19, 25), (18, 25), (17, 25), (16, 25), (15, 25), (15, 24), (15, 23), (15, 22), (15, 21), (15, 20), (15, 19), (14, 19), (14, 18), (14, 17), (14, 16), (14, 15), (14, 14), (15, 14), (15, 14)], 2: [(10, 22), (10, 21), (10, 20), (10, 19), (10, 18), (10, 17), (10, 16), (10, 15), (10, 14), (10, 13), (10, 12), (10, 11), (10, 10), (10, 9), (10, 8), (10, 7), (11, 7), (11, 6), (12, 6), (13, 6), (14, 6), (15, 6), (16, 6), (17, 6), (18, 6), (19, 6), (20, 6), (20, 7), (20, 8), (21, 8), (22, 8), (21, 8), (21, 9), (21, 10), (22, 10), (22, 11), (22, 12), (22, 11), (22, 10), (23, 10), (24, 10), (25, 10), (26, 10), (27, 10), (27, 9), (28, 9), (29, 9), (29, 10), (29, 11), (29, 12), (29, 13), (28, 13), (27, 13), (27, 14), (27, 15), (27, 16), (27, 17), (27, 18), (27, 19), (27, 20), (26, 20), (26, 21), (26, 22), (26, 23), (26, 24), (26, 25), (26, 26), (26, 27), (26, 27)], 3: [(22, 20), (22, 21), (21, 21), (21, 22), (21, 23), (22, 23), (22, 24), (22, 24)], 4: [(14, 2), (13, 2), (12, 2), (12, 1), (12, 0), (11, 0), (10, 0), (9, 0), (9, 1), (8, 1), (7, 1), (6, 1), (5, 1), (4, 1), (3, 1), (3, 2), (4, 2), (4, 3), (4, 4), (5, 4), (6, 4), (7, 4), (7, 5), (7, 6), (7, 7), (7, 8), (7, 9), (7, 10), (8, 10), (9, 10), (9, 11), (9, 12), (8, 12), (8, 13), (7, 13), (6, 13), (5, 13), (4, 13), (3, 13), (2, 13), (1, 13), (1, 14), (1, 15), (1, 16), (1, 17), (2, 17), (2, 18), (2, 19), (1, 19), (1, 20), (1, 20)]}, 67)