

CBSS-C STATS
starts:[127, 687, 776, 407, 580]
targets:[992, 581, 103, 293, 733, 974, 595, 136, 949, 664, 545, 447, 166, 87, 752, 102, 866, 6, 290, 810, 868, 115, 996, 631, 844, 837, 765, 969, 670, 387, 525, 325, 304, 693, 548, 491, 324, 565, 113, 1003]
dests:[766, 200, 715, 283, 438]
ac_dict:{992: {0, 1}, 581: {1, 2}, 103: {2, 3}, 293: {3, 4}, 766: {0}, 200: {1}, 715: {2}, 283: {3}, 438: {4}}
clusters:[ 0  6  9  1 16 23 10 20 11 13 24  8 21 11  3  0  1 12  2 15  2  4  4  7
 13  9  7 19  5 22 17 12  5  3 14 14 10 18  6  8]

round: 1
best_g_value: 153.0
open_list_size: 0
num_low_level_expanded: 307
search_success: 1
search_time: 17.644242231000135
n_tsp_call: 1
n_tsp_time: 17.569701764
n_roots: 1
num_conflicts: 0
target_assignment: {670: 0, 733: 0, 765: 0, 866: 4, 868: 4, 837: 4, 996: 4, 969: 4, 1003: 4, 974: 4, 949: 4, 693: 4, 565: 4, 810: 2, 844: 2, 525: 1, 581: 1, 548: 1, 545: 1, 387: 1, 324: 1, 325: 1, 166: 1, 102: 1, 136: 1}
cluster_target_selection: {5: 670, 16: 733, 7: 765, 1: 866, 2: 868, 9: 837, 4: 996, 19: 969, 8: 1003, 23: 974, 11: 949, 3: 693, 18: 565, 15: 810, 13: 844, 17: 525, 6: 581, 14: 548, 24: 545, 22: 387, 10: 324, 12: 325, 21: 166, 0: 102, 20: 136}
num_nodes_transformed_graph: 198
agent_paths:({0: [(31, 3), (30, 3), (30, 4), (30, 5), (30, 6), (30, 7), (30, 8), (30, 9), (30, 10), (30, 11), (30, 12), (29, 12), (29, 13), (29, 14), (30, 14), (30, 15), (30, 16), (30, 17), (30, 18), (30, 19), (30, 20), (29, 20), (29, 21), (29, 22), (29, 23), (30, 23), (30, 23)], 1: [(15, 21), (14, 21), (13, 21), (13, 20), (13, 19), (13, 18), (13, 17), (13, 16), (12, 16), (11, 16), (10, 16), (9, 16), (8, 16), (7, 16), (6, 16), (5, 16), (5, 17), (5, 18), (4, 18), (4, 17), (3, 17), (2, 17), (1, 17), (1, 16), (1, 15), (1, 14), (1, 13), (1, 12), (2, 12), (3, 12), (3, 11), (3, 10), (4, 10), (5, 10), (5, 9), (5, 8), (5, 7), (5, 6), (5, 5), (6, 5), (6, 4), (6, 3), (7, 3), (8, 3), (8, 4), (8, 5), (8, 6), (8, 6)], 2: [(8, 24), (9, 24), (10, 24), (10, 25), (11, 25), (12, 25), (12, 26), (11, 26), (11, 25), (11, 24), (11, 23), (11, 22), (11, 22)], 3: [(23, 12), (23, 11), (23, 10), (24, 10), (25, 10), (26, 10), (27, 10), (27, 9), (27, 8), (27, 8)], 4: [(4, 18), (3, 18), (2, 18), (2, 19), (2, 20), (2, 21), (2, 22), (2, 23), (2, 24), (2, 25), (2, 26), (2, 27), (3, 27), (4, 27), (4, 26), (5, 26), (5, 27), (5, 28), (5, 29), (5, 30), (5, 31), (4, 31), (5, 31), (5, 30), (6, 30), (7, 30), (8, 30), (9, 30), (10, 30), (11, 30), (11, 31), (11, 30), (12, 30), (13, 30), (14, 30), (14, 29), (15, 29), (16, 29), (17, 29), (18, 29), (19, 29), (20, 29), (21, 29), (20, 29), (20, 28), (20, 27), (20, 26), (20, 25), (20, 24), (19, 24), (19, 23), (19, 22), (19, 21), (20, 21), (21, 21), (21, 20), (21, 19), (21, 18), (21, 17), (21, 16), (21, 15), (21, 14), (21, 13), (22, 13), (22, 13)]}, 63)