

CBSS-C STATS
starts:[649, 151, 20, 992, 342]
targets:[516, 11, 321, 199, 685, 558, 711, 826, 183, 912, 546, 606, 1000, 285, 254, 184, 413, 211, 305, 161]
dests:[97, 129, 457, 848, 332]
ac_dict:{516: {0, 1}, 11: {1, 2}, 321: {2, 3}, 199: {3, 4}, 97: {0}, 129: {1}, 457: {2}, 848: {3}, 332: {4}}
clusters:[7 1 3 4 2 3 8 5 6 0 7 5 2 3 1 9 6 7 9 1]

round: 4
best_g_value: 165.0
open_list_size: 3
num_low_level_expanded: 1095
search_success: 1
search_time: 5.023011045064777
n_tsp_call: 12
n_tsp_time: 4.414722867310047
n_roots: 1
num_conflicts: 3
target_assignment: {711: 0, 546: 0, 161: 0, 1000: 3, 912: 3, 305: 2, 413: 4, 606: 4, 285: 4, 199: 4}
cluster_target_selection: {8: 711, 7: 546, 1: 161, 2: 1000, 0: 912, 9: 305, 6: 413, 5: 606, 3: 285, 4: 199}
num_nodes_transformed_graph: 53
agent_paths:({0: [(9, 20), (8, 20), (7, 20), (7, 21), (7, 22), (6, 22), (5, 22), (4, 22), (3, 22), (2, 22), (2, 21), (2, 20), (2, 19), (2, 18), (2, 17), (1, 17), (1, 16), (1, 15), (1, 14), (1, 13), (1, 12), (1, 11), (1, 10), (1, 9), (1, 8), (1, 7), (1, 6), (1, 5), (2, 5), (2, 4), (2, 3), (1, 3), (1, 3)], 1: [(23, 4), (22, 4), (21, 4), (20, 4), (19, 4), (18, 4), (17, 4), (16, 4), (16, 5), (15, 5), (14, 5), (13, 5), (12, 5), (11, 5), (10, 5), (10, 4), (9, 4), (8, 4), (7, 4), (6, 4), (5, 4), (4, 4), (3, 4), (2, 4), (1, 4), (1, 4)], 2: [(20, 0), (19, 0), (19, 1), (18, 1), (17, 1), (17, 2), (17, 3), (17, 4), (17, 5), (17, 6), (17, 7), (17, 8), (17, 9), (16, 9), (15, 9), (14, 9), (13, 9), (13, 10), (12, 10), (11, 10), (10, 10), (10, 11), (10, 12), (10, 13), (10, 14), (9, 14), (9, 14)], 3: [(0, 31), (1, 31), (2, 31), (2, 30), (3, 30), (3, 29), (4, 29), (5, 29), (6, 29), (7, 29), (8, 29), (8, 30), (8, 31), (8, 30), (8, 29), (8, 28), (9, 28), (10, 28), (11, 28), (12, 28), (13, 28), (14, 28), (15, 28), (16, 28), (16, 27), (16, 26), (16, 26)], 4: [(22, 10), (23, 10), (24, 10), (25, 10), (26, 10), (27, 10), (28, 10), (29, 10), (29, 11), (29, 12), (29, 13), (29, 14), (30, 14), (30, 15), (30, 16), (30, 17), (30, 18), (29, 18), (29, 17), (29, 16), (29, 15), (29, 14), (29, 13), (29, 12), (29, 11), (29, 10), (29, 9), (29, 8), (28, 8), (27, 8), (27, 7), (26, 7), (25, 7), (25, 6), (24, 6), (23, 6), (22, 6), (21, 6), (20, 6), (19, 6), (18, 6), (17, 6), (16, 6), (15, 6), (14, 6), (13, 6), (12, 6), (11, 6), (10, 6), (9, 6), (8, 6), (7, 6), (8, 6), (9, 6), (10, 6), (11, 6), (11, 7), (11, 8), (11, 9), (11, 10), (12, 10), (12, 10)]}, 60)