

CBSS-C STATS
starts:[606, 356, 974, 98, 1018]
targets:[804, 150, 723, 627, 520, 668, 140, 859, 708, 954, 801, 594, 779, 1010, 602, 519, 994, 324, 738, 603, 207, 693, 834, 133, 22, 807, 875, 502, 244, 92, 795, 978, 350, 800, 631, 977, 88, 527, 847, 227]
dests:[139, 181, 440, 108, 554]
ac_dict:{804: {0, 1}, 150: {1, 2}, 723: {2, 3}, 627: {3, 4}, 139: {0}, 181: {1}, 440: {2}, 108: {3}, 554: {4}}
clusters:[ 2  6 10  7 14  0 11 16  8 13  3 14  3  4  5 21  2 12 18 20  4 11  1  8
 12 19  9 22 23 10  6 15  7  9 13 24  5  0 17  1]

round: 1
best_g_value: 175.0
open_list_size: 0
num_low_level_expanded: 408
search_success: 1
search_time: 3.695347118999962
n_tsp_call: 1
n_tsp_time: 3.6529874520001613
n_roots: 1
num_conflicts: 0
target_assignment: {603: 0, 602: 0, 244: 0, 207: 0, 324: 1, 738: 1, 801: 1, 800: 1, 834: 1, 804: 1, 807: 1, 519: 1, 527: 1, 954: 4, 859: 4, 795: 4, 693: 4, 627: 4, 594: 4, 133: 3, 847: 2, 977: 2, 978: 2, 723: 2, 502: 2}
cluster_target_selection: {20: 603, 5: 602, 23: 244, 4: 207, 12: 324, 18: 738, 3: 801, 9: 800, 1: 834, 2: 804, 19: 807, 21: 519, 0: 527, 13: 954, 16: 859, 6: 795, 11: 693, 7: 627, 14: 594, 8: 133, 17: 847, 24: 977, 15: 978, 10: 723, 22: 502}
num_nodes_transformed_graph: 99
agent_paths:({0: [(30, 18), (29, 18), (28, 18), (27, 18), (26, 18), (25, 18), (24, 18), (23, 18), (22, 18), (21, 18), (21, 17), (21, 16), (21, 15), (21, 14), (21, 13), (21, 12), (21, 11), (21, 10), (20, 10), (20, 9), (20, 8), (20, 7), (19, 7), (18, 7), (17, 7), (16, 7), (15, 7), (15, 6), (14, 6), (13, 6), (12, 6), (11, 6), (11, 5), (11, 4), (11, 4)], 1: [(4, 11), (4, 10), (3, 10), (2, 10), (2, 11), (2, 12), (2, 13), (2, 14), (2, 15), (2, 16), (2, 17), (2, 18), (2, 19), (2, 20), (2, 21), (2, 22), (2, 23), (1, 23), (1, 24), (1, 25), (0, 25), (1, 25), (2, 25), (2, 26), (2, 25), (3, 25), (4, 25), (5, 25), (6, 25), (7, 25), (7, 24), (7, 23), (7, 22), (7, 21), (7, 20), (7, 19), (7, 18), (7, 17), (7, 16), (8, 16), (9, 16), (10, 16), (11, 16), (12, 16), (13, 16), (14, 16), (15, 16), (16, 16), (16, 15), (16, 14), (16, 13), (16, 12), (16, 11), (16, 10), (16, 9), (16, 8), (16, 7), (16, 6), (17, 6), (18, 6), (19, 6), (20, 6), (21, 6), (21, 5), (21, 5)], 2: [(14, 30), (14, 29), (14, 28), (14, 27), (15, 27), (15, 26), (16, 26), (17, 26), (17, 27), (17, 28), (17, 29), (17, 30), (18, 30), (18, 29), (18, 28), (18, 27), (18, 26), (18, 25), (18, 24), (18, 23), (18, 22), (19, 22), (19, 21), (19, 20), (19, 19), (19, 18), (19, 17), (19, 16), (20, 16), (21, 16), (21, 15), (22, 15), (22, 14), (22, 13), (23, 13), (24, 13), (24, 13)], 3: [(2, 3), (3, 3), (4, 3), (5, 3), (5, 4), (5, 3), (6, 3), (7, 3), (8, 3), (9, 3), (10, 3), (11, 3), (12, 3), (12, 3)], 4: [(26, 31), (26, 30), (26, 29), (26, 28), (26, 27), (26, 26), (27, 26), (27, 25), (27, 24), (26, 24), (25, 24), (24, 24), (23, 24), (22, 24), (22, 23), (21, 23), (21, 22), (21, 21), (20, 21), (19, 21), (19, 20), (19, 19), (18, 19), (18, 18), (18, 17), (17, 17), (16, 17), (15, 17), (14, 17), (13, 17), (12, 17), (11, 17), (10, 17), (10, 17)]}, 63)