

CBSS-C STATS
starts:[985, 595, 581, 407, 381]
targets:[10, 794, 123, 612, 343, 738, 909, 832, 311, 549]
dests:[890, 443, 210, 243, 978]
ac_dict:{10: {0, 1}, 794: {1, 2}, 123: {2, 3}, 612: {3, 4}, 890: {0}, 443: {1}, 210: {2}, 243: {3}, 978: {4}}
clusters:[4 2 1 0 4 0 3 0 0 1]

round: 1
best_g_value: 103.0
open_list_size: 0
num_low_level_expanded: 522
search_success: 1
search_time: 0.07263754494488239
n_tsp_call: 1
n_tsp_time: 0.05366195226088166
n_roots: 1
num_conflicts: 0
target_assignment: {794: 1, 343: 3, 311: 3, 909: 4, 549: 2}
cluster_target_selection: {2: 794, 4: 343, 0: 311, 3: 909, 1: 549}
num_nodes_transformed_graph: 29
agent_paths:({0: [(25, 30), (25, 29), (25, 28), (25, 27), (26, 27), (26, 27)], 1: [(19, 18), (20, 18), (21, 18), (22, 18), (23, 18), (24, 18), (25, 18), (25, 19), (25, 20), (26, 20), (26, 21), (26, 22), (26, 23), (26, 24), (26, 23), (26, 22), (26, 21), (26, 20), (27, 20), (27, 19), (27, 18), (27, 17), (27, 16), (27, 15), (27, 14), (27, 13), (27, 13)], 2: [(5, 18), (5, 17), (5, 16), (5, 15), (5, 14), (5, 13), (6, 13), (6, 12), (6, 11), (6, 10), (6, 9), (7, 9), (7, 8), (7, 7), (7, 6), (8, 6), (9, 6), (10, 6), (11, 6), (12, 6), (13, 6), (14, 6), (15, 6), (16, 6), (17, 6), (18, 6), (18, 6)], 3: [(23, 12), (23, 11), (23, 10), (23, 9), (22, 9), (21, 9), (20, 9), (20, 8), (20, 7), (19, 7), (19, 7)], 4: [(29, 11), (28, 11), (27, 11), (26, 11), (25, 11), (24, 11), (23, 11), (22, 11), (21, 11), (21, 12), (20, 12), (19, 12), (18, 12), (17, 12), (16, 12), (15, 12), (14, 12), (14, 13), (13, 13), (13, 14), (13, 15), (13, 16), (13, 17), (13, 18), (13, 19), (13, 20), (13, 21), (13, 22), (13, 23), (13, 24), (13, 25), (13, 26), (13, 27), (13, 28), (14, 28), (15, 28), (16, 28), (17, 28), (18, 28), (18, 29), (18, 30), (18, 30)]}, 40)