

CBSS-C STATS
starts:[35, 436, 245, 811, 48]
targets:[623, 787, 597, 879, 685, 541, 2, 526, 537, 806, 983, 115, 9, 617, 711, 160, 22, 76, 724, 65, 581, 227, 387, 134, 828, 939, 986, 149, 981, 51, 45, 945, 163, 223, 709, 55, 998, 653, 73, 114]
dests:[765, 839, 492, 625, 67]
ac_dict:{623: {0, 1}, 787: {1, 2}, 597: {2, 3}, 879: {3, 4}, 765: {0}, 839: {1}, 492: {2}, 625: {3}, 67: {4}}
clusters:[ 3 18 12 10 12  1  5 13  7  2  8 11  2 14  7 15 11  0  1 14  9  3 22 21
 17  4 23 13  4  9 20 24  8 16 10  5  0  6 19  6]

round: 1
best_g_value: 175.0
open_list_size: 0
num_low_level_expanded: 430
search_success: 1
search_time: 8.20656747799967
n_tsp_call: 1
n_tsp_time: 8.126424395999948
n_roots: 1
num_conflicts: 0
target_assignment: {2: 0, 65: 0, 160: 0, 163: 0, 227: 0, 387: 0, 581: 0, 709: 0, 711: 0, 945: 0, 981: 0, 986: 0, 828: 0, 45: 4, 76: 4, 73: 4, 134: 4, 685: 3, 653: 3, 223: 2, 149: 2, 115: 2, 724: 1, 787: 1, 806: 1}
cluster_target_selection: {5: 2, 14: 65, 15: 160, 8: 163, 3: 227, 22: 387, 9: 581, 10: 709, 7: 711, 24: 945, 4: 981, 23: 986, 17: 828, 20: 45, 0: 76, 19: 73, 21: 134, 12: 685, 6: 653, 16: 223, 13: 149, 11: 115, 1: 724, 18: 787, 2: 806}
num_nodes_transformed_graph: 198
agent_paths:({0: [(3, 1), (2, 1), (2, 0), (1, 0), (1, 1), (1, 2), (1, 3), (1, 4), (1, 5), (0, 5), (1, 5), (2, 5), (3, 5), (3, 6), (3, 7), (3, 8), (3, 9), (3, 10), (3, 11), (3, 12), (4, 12), (4, 13), (5, 13), (5, 14), (5, 15), (5, 16), (5, 17), (5, 18), (5, 19), (5, 20), (5, 21), (5, 22), (6, 22), (7, 22), (8, 22), (9, 22), (10, 22), (11, 22), (12, 22), (13, 22), (13, 23), (14, 23), (15, 23), (16, 23), (17, 23), (17, 24), (17, 25), (17, 26), (17, 27), (17, 28), (17, 29), (18, 29), (19, 29), (20, 29), (21, 29), (21, 30), (22, 30), (23, 30), (24, 30), (25, 30), (26, 30), (26, 29), (26, 28), (26, 27), (26, 26), (26, 25), (27, 25), (28, 25), (28, 24), (29, 24), (29, 23), (29, 23)], 1: [(20, 13), (20, 14), (19, 14), (19, 15), (19, 16), (20, 16), (20, 17), (20, 18), (20, 19), (20, 20), (20, 21), (20, 22), (19, 22), (19, 23), (19, 24), (18, 24), (17, 24), (16, 24), (15, 24), (14, 24), (13, 24), (12, 24), (11, 24), (10, 24), (9, 24), (8, 24), (7, 24), (7, 25), (6, 25), (7, 25), (7, 26), (7, 26)], 2: [(21, 7), (21, 6), (22, 6), (23, 6), (24, 6), (25, 6), (26, 6), (27, 6), (28, 6), (29, 6), (30, 6), (31, 6), (30, 6), (29, 6), (28, 6), (27, 6), (26, 6), (25, 6), (24, 6), (23, 6), (22, 6), (21, 6), (21, 5), (21, 4), (20, 4), (19, 4), (19, 3), (18, 3), (17, 3), (16, 3), (16, 4), (16, 5), (15, 5), (14, 5), (13, 5), (13, 6), (13, 7), (13, 8), (13, 9), (13, 10), (12, 10), (12, 11), (12, 12), (12, 13), (12, 14), (12, 15), (12, 15)], 3: [(11, 25), (11, 24), (11, 23), (11, 22), (11, 21), (12, 21), (13, 21), (13, 20), (13, 19), (14, 19), (15, 19), (16, 19), (17, 19), (17, 19)], 4: [(16, 1), (15, 1), (14, 1), (13, 1), (12, 1), (12, 2), (11, 2), (10, 2), (9, 2), (9, 3), (8, 3), (7, 3), (6, 3), (6, 4), (5, 4), (4, 4), (3, 4), (3, 3), (3, 2), (3, 2)]}, 70)