

CBSS-C STATS
starts:[127, 687, 776, 407, 580]
targets:[992, 581, 103, 293, 733, 974, 595, 136, 949, 664, 545, 447, 166, 87, 752, 102, 866, 6, 290, 810, 868, 115, 996, 631, 844, 837, 765, 969, 670, 387, 525, 325, 304, 693, 548, 491, 324, 565, 113, 1003]
dests:[766, 200, 715, 283, 438]
ac_dict:{992: {0, 1}, 581: {1, 2}, 103: {2, 3}, 293: {3, 4}, 766: {0}, 200: {1}, 715: {2}, 283: {3}, 438: {4}}
clusters:[ 0  6  9  1 16 23 10 20 11 13 24  8 21 11  3  0  1 12  2 15  2  4  4  7
 13  9  7 19  5 22 17 12  5  3 14 14 10 18  6  8]

round: 1
best_g_value: 159.0
open_list_size: 0
num_low_level_expanded: 340
search_success: 1
search_time: 5.002319435999652
n_tsp_call: 1
n_tsp_time: 4.958955395999965
n_roots: 1
num_conflicts: 0
target_assignment: {670: 0, 733: 0, 765: 0, 693: 1, 565: 1, 525: 1, 837: 2, 868: 2, 969: 2, 1003: 2, 974: 2, 844: 2, 810: 2, 548: 4, 545: 4, 387: 4, 324: 4, 325: 4, 293: 4, 166: 4, 102: 4, 136: 4, 113: 4, 115: 4, 87: 4}
cluster_target_selection: {5: 670, 16: 733, 7: 765, 3: 693, 18: 565, 17: 525, 9: 837, 2: 868, 19: 969, 8: 1003, 23: 974, 13: 844, 15: 810, 14: 548, 24: 545, 22: 387, 10: 324, 12: 325, 1: 293, 21: 166, 0: 102, 20: 136, 6: 113, 4: 115, 11: 87}
num_nodes_transformed_graph: 103
agent_paths:({0: [(31, 3), (30, 3), (30, 4), (30, 5), (30, 6), (30, 7), (30, 8), (30, 9), (30, 10), (30, 11), (30, 12), (29, 12), (29, 13), (29, 14), (30, 14), (30, 15), (30, 16), (30, 17), (30, 18), (30, 19), (30, 20), (29, 20), (29, 21), (29, 22), (29, 23), (30, 23), (30, 23)], 1: [(15, 21), (16, 21), (17, 21), (18, 21), (19, 21), (20, 21), (21, 21), (21, 20), (21, 19), (21, 18), (21, 17), (20, 17), (19, 17), (18, 17), (17, 17), (16, 17), (15, 17), (14, 17), (13, 17), (13, 16), (12, 16), (11, 16), (10, 16), (10, 15), (10, 14), (10, 13), (10, 12), (9, 12), (9, 11), (9, 10), (9, 9), (9, 8), (9, 7), (9, 6), (8, 6), (8, 6)], 2: [(8, 24), (7, 24), (7, 25), (6, 25), (5, 25), (5, 26), (4, 26), (4, 27), (5, 27), (6, 27), (6, 28), (7, 28), (8, 28), (8, 29), (8, 30), (9, 30), (10, 30), (11, 30), (11, 31), (11, 30), (12, 30), (13, 30), (14, 30), (13, 30), (12, 30), (12, 29), (12, 28), (12, 27), (12, 26), (11, 26), (10, 26), (10, 25), (10, 24), (10, 23), (10, 22), (11, 22), (11, 22)], 3: [(23, 12), (23, 11), (23, 10), (24, 10), (25, 10), (26, 10), (27, 10), (27, 9), (27, 8), (27, 8)], 4: [(4, 18), (4, 17), (3, 17), (2, 17), (1, 17), (1, 16), (1, 15), (1, 14), (1, 13), (1, 12), (2, 12), (3, 12), (3, 11), (3, 10), (4, 10), (5, 10), (5, 9), (5, 8), (5, 7), (5, 6), (5, 5), (6, 5), (6, 4), (6, 3), (7, 3), (8, 3), (8, 4), (9, 4), (10, 4), (11, 4), (12, 4), (13, 4), (14, 4), (14, 5), (15, 5), (16, 5), (16, 4), (16, 3), (17, 3), (18, 3), (19, 3), (20, 3), (20, 2), (21, 2), (22, 2), (23, 2), (23, 3), (23, 4), (23, 5), (23, 6), (22, 6), (22, 7), (22, 8), (22, 9), (22, 10), (22, 11), (22, 12), (22, 13), (22, 13)]}, 57)