

CBSS-C STATS
starts:[197, 569, 779, 34, 875]
targets:[914, 46, 965, 617, 331, 291, 554, 77, 162, 771, 919, 35, 325, 322, 249, 361, 546, 866, 278, 224, 98, 951, 404, 23, 246, 597, 943, 650, 979, 785, 485, 769, 32, 783, 1007, 339, 251, 706, 571, 788, 657, 592, 852, 1011, 700, 876, 91, 25, 838, 898]
dests:[104, 340, 631, 622, 1012]
ac_dict:{914: {0, 1}, 46: {1, 2}, 965: {2, 3}, 617: {3, 4}, 104: {0}, 340: {1}, 631: {2}, 622: {3}, 1012: {4}}
clusters:[12 14 11  5  1 25 22  2  7 31 13  3  5 38  4 36  6 24 15 23  0  3 30  8
  2 10 16 29  8 37 26 19 21 28 35  9 17 33 18 20  1  7 34  0  4 39 32 27
  6  9]

round: 1
best_g_value: 224.0
open_list_size: 0
num_low_level_expanded: 518
search_success: 1
search_time: 40.99433304900049
n_tsp_call: 1
n_tsp_time: 40.87358042999949
n_roots: 1
num_conflicts: 0
target_assignment: {783: 2, 785: 2, 788: 2, 597: 2, 571: 1, 919: 1, 852: 1, 914: 1, 650: 1, 554: 1, 361: 1, 331: 1, 77: 1, 46: 1, 23: 1, 25: 1, 91: 1, 251: 1, 249: 1, 278: 1, 404: 1, 35: 3, 32: 3, 162: 3, 224: 3, 291: 3, 322: 3, 485: 3, 706: 3, 771: 3, 769: 3, 866: 3, 898: 3, 965: 3, 838: 3, 617: 3, 876: 4, 943: 4, 1007: 4, 1011: 4}
cluster_target_selection: {28: 783, 37: 785, 20: 788, 10: 597, 18: 571, 13: 919, 34: 852, 12: 914, 29: 650, 22: 554, 36: 361, 1: 331, 2: 77, 14: 46, 8: 23, 27: 25, 32: 91, 17: 251, 4: 249, 15: 278, 30: 404, 3: 35, 21: 32, 7: 162, 23: 224, 25: 291, 38: 322, 26: 485, 33: 706, 31: 771, 19: 769, 24: 866, 9: 898, 11: 965, 6: 838, 5: 617, 39: 876, 16: 943, 35: 1007, 0: 1011}
num_nodes_transformed_graph: 248
agent_paths:({0: [(5, 6), (5, 5), (5, 4), (5, 3), (6, 3), (7, 3), (8, 3), (8, 3)], 1: [(25, 17), (26, 17), (27, 17), (26, 17), (25, 17), (24, 17), (24, 18), (24, 19), (24, 20), (24, 21), (24, 22), (24, 23), (24, 24), (23, 24), (23, 25), (23, 26), (23, 27), (23, 28), (23, 27), (22, 27), (21, 27), (20, 27), (20, 26), (19, 26), (18, 26), (18, 27), (18, 28), (17, 28), (16, 28), (15, 28), (14, 28), (13, 28), (12, 28), (11, 28), (10, 28), (10, 27), (10, 26), (10, 25), (10, 24), (10, 23), (10, 22), (10, 21), (10, 20), (10, 19), (10, 18), (10, 17), (10, 16), (10, 15), (10, 14), (10, 13), (10, 12), (9, 12), (9, 11), (9, 10), (10, 10), (11, 10), (11, 9), (11, 8), (11, 7), (11, 6), (11, 5), (11, 4), (11, 3), (11, 2), (12, 2), (13, 2), (13, 1), (14, 1), (15, 1), (16, 1), (17, 1), (18, 1), (19, 1), (19, 0), (20, 0), (21, 0), (22, 0), (23, 0), (24, 0), (25, 0), (24, 0), (24, 1), (24, 2), (25, 2), (25, 3), (26, 3), (27, 3), (27, 2), (27, 3), (27, 4), (27, 5), (27, 6), (27, 7), (26, 7), (25, 7), (25, 8), (24, 8), (23, 8), (22, 8), (21, 8), (21, 9), (21, 10), (21, 11), (21, 12), (20, 12), (19, 12), (19, 11), (19, 10), (20, 10), (20, 10)], 2: [(11, 24), (12, 24), (13, 24), (14, 24), (15, 24), (16, 24), (17, 24), (18, 24), (19, 24), (20, 24), (19, 24), (19, 23), (19, 22), (19, 21), (19, 20), (19, 19), (19, 18), (20, 18), (21, 18), (22, 18), (23, 18), (23, 19), (23, 19)], 3: [(2, 1), (3, 1), (2, 1), (1, 1), (0, 1), (1, 1), (2, 1), (2, 2), (2, 3), (2, 4), (2, 5), (1, 5), (1, 6), (1, 7), (0, 7), (1, 7), (2, 7), (3, 7), (3, 8), (3, 9), (2, 9), (2, 10), (3, 10), (4, 10), (4, 11), (4, 12), (4, 13), (5, 13), (5, 14), (5, 15), (4, 15), (3, 15), (2, 15), (2, 16), (2, 17), (2, 18), (2, 19), (2, 20), (2, 21), (2, 22), (3, 22), (3, 23), (3, 24), (2, 24), (1, 24), (2, 24), (2, 25), (2, 26), (2, 27), (2, 28), (2, 29), (3, 29), (4, 29), (5, 29), (5, 30), (5, 29), (5, 28), (5, 27), (5, 26), (6, 26), (6, 25), (7, 25), (7, 24), (7, 23), (7, 22), (7, 21), (7, 20), (7, 19), (8, 19), (9, 19), (10, 19), (11, 19), (12, 19), (13, 19), (14, 19), (14, 19)], 4: [(11, 27), (12, 27), (13, 27), (14, 27), (15, 27), (15, 28), (15, 29), (14, 29), (14, 30), (14, 31), (15, 31), (16, 31), (17, 31), (18, 31), (19, 31), (20, 31), (20, 31)]}, 108)