

CBSS-C STATS
starts:[930, 797, 256, 700, 45]
targets:[1000, 669, 184, 808, 845, 211, 574, 1002, 639, 406]
dests:[222, 315, 356, 373, 229]
ac_dict:{1000: {0, 1}, 669: {1, 2}, 184: {2, 3}, 808: {3, 4}, 222: {0}, 315: {1}, 356: {2}, 373: {3}, 229: {4}}
clusters:[4 0 3 1 2 4 3 3 2 4]

round: 1
best_g_value: 144.0
open_list_size: 0
num_low_level_expanded: 512
search_success: 1
search_time: 0.09467017883434892
n_tsp_call: 1
n_tsp_time: 0.07303778501227498
n_roots: 1
num_conflicts: 0
target_assignment: {845: 0, 574: 0, 808: 4, 669: 1, 406: 3}
cluster_target_selection: {2: 845, 3: 574, 1: 808, 0: 669, 4: 406}
num_nodes_transformed_graph: 28
agent_paths:({0: [(2, 29), (2, 28), (2, 27), (2, 26), (3, 26), (4, 26), (5, 26), (6, 26), (7, 26), (8, 26), (9, 26), (10, 26), (11, 26), (12, 26), (13, 26), (13, 25), (13, 24), (13, 23), (13, 22), (13, 21), (13, 20), (13, 19), (14, 19), (15, 19), (16, 19), (17, 19), (18, 19), (18, 18), (19, 18), (20, 18), (21, 18), (22, 18), (23, 18), (24, 18), (25, 18), (26, 18), (27, 18), (28, 18), (29, 18), (29, 17), (30, 17), (30, 16), (30, 15), (30, 14), (29, 14), (29, 13), (29, 12), (29, 11), (29, 10), (29, 9), (29, 8), (29, 7), (29, 6), (30, 6), (30, 6)], 1: [(29, 24), (29, 23), (29, 22), (29, 21), (29, 20), (29, 19), (29, 18), (29, 17), (29, 16), (28, 16), (28, 15), (28, 14), (28, 13), (28, 12), (28, 11), (27, 11), (27, 10), (27, 9), (27, 9)], 2: [(0, 8), (1, 8), (1, 9), (2, 9), (3, 9), (4, 9), (4, 10), (4, 11), (4, 11)], 3: [(28, 21), (27, 21), (26, 21), (25, 21), (24, 21), (23, 21), (22, 21), (22, 20), (22, 19), (22, 18), (22, 17), (22, 16), (22, 15), (22, 14), (22, 13), (22, 12), (21, 12), (21, 11), (21, 11)], 4: [(13, 1), (12, 1), (11, 1), (10, 1), (10, 2), (10, 3), (10, 4), (10, 5), (10, 6), (10, 7), (10, 8), (10, 9), (10, 10), (10, 11), (10, 12), (10, 13), (10, 14), (9, 14), (9, 15), (9, 16), (8, 16), (8, 17), (8, 18), (8, 19), (8, 20), (8, 21), (8, 22), (8, 23), (8, 24), (8, 25), (7, 25), (7, 24), (7, 23), (7, 22), (7, 21), (7, 20), (7, 19), (7, 18), (7, 17), (6, 17), (6, 16), (6, 15), (6, 14), (6, 13), (6, 12), (6, 11), (5, 11), (5, 10), (5, 9), (5, 8), (5, 7), (5, 7)]}, 53)