

CBSS-C STATS
starts:[748, 14, 279, 463, 102]
targets:[356, 261, 1003, 150, 619, 752, 785, 209, 124, 816]
dests:[667, 737, 485, 910, 886]
ac_dict:{356: {0, 1}, 261: {1, 2}, 1003: {2, 3}, 150: {3, 4}, 667: {0}, 737: {1}, 485: {2}, 910: {3}, 886: {4}}
clusters:[1 2 2 0 4 3 0 2 3 2]

round: 1
best_g_value: 136.0
open_list_size: 0
num_low_level_expanded: 447
search_success: 1
search_time: 0.0903360890224576
n_tsp_call: 1
n_tsp_time: 0.06918299477547407
n_roots: 1
num_conflicts: 0
target_assignment: {752: 0, 619: 4, 785: 4, 261: 1, 356: 1}
cluster_target_selection: {3: 752, 4: 619, 0: 785, 2: 261, 1: 356}
num_nodes_transformed_graph: 28
agent_paths:({0: [(12, 23), (13, 23), (14, 23), (15, 23), (16, 23), (16, 22), (16, 21), (16, 20), (17, 20), (18, 20), (19, 20), (20, 20), (21, 20), (22, 20), (23, 20), (24, 20), (25, 20), (26, 20), (27, 20), (27, 20)], 1: [(14, 0), (13, 0), (12, 0), (11, 0), (10, 0), (9, 0), (8, 0), (8, 1), (7, 1), (6, 1), (5, 1), (5, 2), (5, 3), (5, 4), (5, 5), (5, 6), (5, 7), (5, 8), (4, 8), (4, 9), (4, 10), (4, 11), (3, 11), (2, 11), (2, 12), (2, 13), (2, 14), (2, 15), (2, 16), (2, 17), (2, 18), (2, 19), (1, 19), (1, 20), (1, 21), (1, 22), (1, 23), (1, 23)], 2: [(23, 8), (22, 8), (21, 8), (20, 8), (20, 9), (19, 9), (18, 9), (17, 9), (16, 9), (15, 9), (14, 9), (13, 9), (13, 10), (12, 10), (11, 10), (10, 10), (9, 10), (8, 10), (7, 10), (6, 10), (6, 11), (6, 12), (6, 13), (5, 13), (5, 14), (5, 15), (5, 15)], 3: [(15, 14), (14, 14), (14, 15), (14, 16), (14, 17), (14, 18), (14, 19), (14, 20), (14, 21), (13, 21), (13, 22), (13, 23), (13, 24), (13, 25), (13, 26), (13, 27), (14, 27), (14, 28), (14, 28)], 4: [(6, 3), (7, 3), (8, 3), (9, 3), (10, 3), (10, 4), (10, 5), (10, 6), (10, 7), (10, 8), (10, 9), (10, 10), (10, 11), (10, 12), (10, 13), (10, 14), (11, 14), (11, 15), (11, 16), (11, 17), (11, 18), (11, 19), (12, 19), (13, 19), (14, 19), (15, 19), (16, 19), (17, 19), (17, 20), (17, 21), (17, 22), (17, 23), (17, 24), (18, 24), (19, 24), (20, 24), (20, 25), (21, 25), (22, 25), (22, 26), (22, 27), (22, 27)]}, 40)