

CBSS-C STATS
starts:[886, 468, 817, 550, 245]
targets:[327, 977, 430, 424, 583, 996, 478, 78, 313, 787]
dests:[214, 625, 255, 60, 566]
ac_dict:{327: {0, 1}, 977: {1, 2}, 430: {2, 3}, 424: {3, 4}, 214: {0}, 625: {1}, 255: {2}, 60: {3}, 566: {4}}
clusters:[1 0 1 1 1 1 1 0 1 0]

round: 1
best_g_value: 112.0
open_list_size: 0
num_low_level_expanded: 452
search_success: 1
search_time: 0.10253134416416287
n_tsp_call: 1
n_tsp_time: 0.08352726604789495
n_roots: 1
num_conflicts: 0
target_assignment: {424: 3, 787: 2}
cluster_target_selection: {1: 424, 0: 787}
num_nodes_transformed_graph: 48
agent_paths:({0: [(22, 27), (22, 26), (22, 25), (22, 24), (22, 23), (21, 23), (21, 22), (21, 21), (21, 20), (21, 19), (21, 18), (21, 17), (21, 16), (21, 15), (21, 14), (21, 13), (21, 12), (21, 11), (21, 10), (21, 9), (21, 8), (21, 7), (21, 6), (22, 6), (22, 6)], 1: [(20, 14), (19, 14), (19, 15), (19, 16), (19, 17), (18, 17), (18, 18), (18, 19), (17, 19), (17, 19)], 2: [(17, 25), (17, 24), (18, 24), (19, 24), (19, 23), (19, 22), (19, 21), (19, 20), (19, 19), (19, 18), (19, 17), (19, 16), (19, 15), (19, 14), (19, 13), (19, 12), (19, 11), (19, 10), (19, 9), (20, 9), (20, 8), (21, 8), (22, 8), (23, 8), (24, 8), (25, 8), (25, 7), (26, 7), (27, 7), (28, 7), (29, 7), (30, 7), (31, 7), (31, 7)], 3: [(6, 17), (6, 16), (6, 15), (6, 14), (6, 13), (7, 13), (8, 13), (8, 12), (9, 12), (9, 11), (9, 10), (9, 9), (9, 8), (9, 7), (9, 6), (10, 6), (10, 5), (11, 5), (12, 5), (13, 5), (14, 5), (15, 5), (16, 5), (16, 4), (16, 3), (17, 3), (18, 3), (19, 3), (20, 3), (21, 3), (22, 3), (23, 3), (24, 3), (25, 3), (26, 3), (27, 3), (27, 2), (27, 1), (28, 1), (28, 1)], 4: [(21, 7), (22, 7), (22, 8), (22, 9), (22, 10), (22, 11), (22, 12), (22, 13), (22, 14), (22, 15), (22, 16), (22, 17), (22, 17)]}, 38)