

CBSS-C STATS
starts:[935, 265, 673, 936, 981]
targets:[246, 371, 668, 59, 120, 1001, 432, 393, 690, 674, 620, 66, 294, 4, 414, 86, 919, 747, 742, 102, 976, 820, 138, 799, 43, 813, 260, 822, 49, 104, 379, 953, 590, 787, 226, 130, 655, 222, 409, 367]
dests:[977, 892, 520, 628, 537]
ac_dict:{246: {0, 1}, 371: {1, 2}, 668: {2, 3}, 59: {3, 4}, 977: {0}, 892: {1}, 520: {2}, 628: {3}, 537: {4}}
clusters:[11  7  4 22  5  9 17 15  0 19  1  2 16  7 20  4  6 14  3 12 14 21  1  8
 24 10 10 13  3  5 11 18 13 12  6  0  2  9  8 23]

round: 1
best_g_value: 195.0
open_list_size: 0
num_low_level_expanded: 430
search_success: 1
search_time: 5.169377337999322
n_tsp_call: 1
n_tsp_time: 5.124580710000373
n_roots: 1
num_conflicts: 0
target_assignment: {1001: 0, 976: 0, 813: 3, 655: 3, 690: 3, 953: 4, 919: 4, 822: 4, 820: 4, 787: 4, 86: 4, 120: 4, 59: 4, 393: 1, 294: 1, 138: 1, 43: 1, 367: 1, 432: 1, 371: 1, 409: 1, 379: 1, 414: 1, 674: 2, 742: 2}
cluster_target_selection: {9: 1001, 14: 976, 10: 813, 2: 655, 0: 690, 18: 953, 6: 919, 13: 822, 21: 820, 12: 787, 4: 86, 5: 120, 22: 59, 15: 393, 16: 294, 1: 138, 24: 43, 23: 367, 17: 432, 7: 371, 8: 409, 11: 379, 20: 414, 19: 674, 3: 742}
num_nodes_transformed_graph: 100
agent_paths:({0: [(7, 29), (8, 29), (8, 30), (9, 30), (9, 31), (10, 31), (11, 31), (12, 31), (13, 31), (14, 31), (15, 31), (16, 31), (16, 30), (17, 30), (17, 30)], 1: [(9, 8), (9, 9), (9, 10), (9, 11), (9, 12), (9, 11), (9, 10), (8, 10), (7, 10), (6, 10), (6, 9), (7, 9), (7, 8), (7, 7), (7, 6), (7, 5), (7, 4), (8, 4), (9, 4), (10, 4), (10, 3), (10, 2), (10, 1), (11, 1), (12, 1), (13, 1), (13, 2), (13, 3), (13, 4), (13, 5), (13, 6), (13, 7), (13, 8), (13, 9), (14, 9), (15, 9), (15, 10), (15, 11), (16, 11), (16, 12), (16, 13), (16, 12), (16, 11), (17, 11), (18, 11), (19, 11), (19, 12), (20, 12), (21, 12), (22, 12), (23, 12), (24, 12), (25, 12), (25, 11), (26, 11), (27, 11), (28, 11), (29, 11), (30, 11), (30, 12), (29, 12), (29, 13), (29, 14), (29, 15), (29, 16), (29, 17), (29, 18), (29, 19), (29, 20), (29, 21), (29, 22), (29, 23), (29, 24), (29, 25), (29, 26), (29, 27), (28, 27), (28, 27)], 2: [(1, 21), (2, 21), (3, 21), (3, 22), (4, 22), (5, 22), (6, 22), (6, 23), (6, 22), (6, 21), (6, 20), (6, 19), (7, 19), (7, 18), (7, 17), (7, 16), (8, 16), (8, 16)], 3: [(8, 29), (8, 28), (8, 27), (8, 26), (8, 25), (9, 25), (10, 25), (11, 25), (12, 25), (13, 25), (13, 24), (13, 23), (13, 22), (13, 21), (13, 20), (14, 20), (15, 20), (16, 20), (17, 20), (18, 20), (18, 21), (18, 20), (18, 19), (19, 19), (20, 19), (20, 19)], 4: [(21, 30), (22, 30), (23, 30), (23, 29), (24, 29), (25, 29), (24, 29), (23, 29), (23, 28), (23, 27), (22, 27), (22, 26), (22, 25), (21, 25), (20, 25), (19, 25), (19, 24), (19, 23), (19, 22), (19, 21), (19, 20), (19, 19), (19, 18), (19, 17), (19, 16), (19, 15), (19, 14), (19, 13), (19, 12), (19, 11), (19, 10), (19, 9), (20, 9), (20, 8), (20, 7), (20, 6), (21, 6), (21, 5), (21, 4), (21, 3), (21, 2), (22, 2), (23, 2), (24, 2), (24, 3), (25, 3), (26, 3), (27, 3), (27, 2), (27, 1), (27, 2), (27, 3), (26, 3), (25, 3), (25, 4), (25, 5), (25, 6), (25, 7), (25, 8), (25, 9), (25, 10), (25, 11), (25, 12), (25, 13), (25, 14), (25, 15), (25, 16), (25, 16)]}, 76)