

CBSS-C STATS
starts:[2, 326, 503, 743, 594]
targets:[190, 667, 730, 1012, 409, 628, 225, 200, 44, 12]
dests:[851, 717, 557, 559, 307]
ac_dict:{190: {0, 1}, 667: {1, 2}, 730: {2, 3}, 1012: {3, 4}, 851: {0}, 717: {1}, 557: {2}, 559: {3}, 307: {4}}
clusters:[0 0 2 1 4 4 3 1 4 4]

round: 2
best_g_value: 120.0
open_list_size: 1
num_low_level_expanded: 1089
search_success: 1
search_time: 0.16701283399015665
n_tsp_call: 1
n_tsp_time: 0.13537361472845078
n_roots: 1
num_conflicts: 1
target_assignment: {225: 0, 200: 0, 730: 2, 667: 2, 628: 2}
cluster_target_selection: {3: 225, 1: 200, 2: 730, 0: 667, 4: 628}
num_nodes_transformed_graph: 48
agent_paths:({0: [(2, 0), (1, 0), (1, 1), (1, 2), (1, 3), (1, 4), (1, 5), (1, 6), (1, 7), (2, 7), (3, 7), (4, 7), (5, 7), (6, 7), (7, 7), (7, 6), (8, 6), (9, 6), (10, 6), (11, 6), (12, 6), (13, 6), (14, 6), (15, 6), (16, 6), (17, 6), (18, 6), (18, 7), (18, 8), (18, 9), (18, 10), (19, 10), (19, 11), (19, 12), (19, 13), (19, 14), (19, 15), (19, 16), (19, 17), (19, 18), (19, 19), (19, 20), (19, 21), (19, 22), (19, 23), (19, 24), (19, 25), (19, 26), (19, 26)], 1: [(6, 10), (7, 10), (8, 10), (9, 10), (10, 10), (11, 10), (12, 10), (12, 11), (12, 12), (12, 13), (13, 13), (13, 14), (13, 15), (13, 16), (13, 17), (13, 18), (13, 19), (13, 20), (13, 21), (13, 22), (13, 22)], 2: [(23, 15), (24, 15), (25, 15), (25, 16), (25, 17), (25, 18), (25, 19), (25, 20), (26, 20), (26, 21), (26, 22), (26, 21), (26, 20), (27, 20), (26, 20), (25, 20), (24, 20), (23, 20), (22, 20), (21, 20), (20, 20), (20, 19), (19, 19), (18, 19), (17, 19), (16, 19), (15, 19), (14, 19), (13, 19), (13, 18), (13, 17), (13, 17)], 3: [(7, 23), (7, 22), (7, 21), (7, 20), (7, 19), (7, 18), (7, 17), (8, 17), (9, 17), (10, 17), (11, 17), (12, 17), (13, 17), (14, 17), (15, 17), (15, 17)], 4: [(18, 18), (18, 17), (19, 17), (19, 16), (19, 15), (19, 14), (19, 13), (19, 12), (19, 11), (19, 10), (19, 9), (19, 9)]}, 47)