

CBSS-C STATS
starts:[616, 260, 429, 441, 331]
targets:[229, 719, 707, 927, 810, 680, 941, 370, 739, 613]
dests:[470, 633, 223, 390, 897]
ac_dict:{229: {0, 1}, 719: {1, 2}, 707: {2, 3}, 927: {3, 4}, 470: {0}, 633: {1}, 223: {2}, 390: {3}, 897: {4}}
clusters:[3 1 3 2 0 2 2 0 0 4]

round: 1
best_g_value: 136.0
open_list_size: 0
num_low_level_expanded: 452
search_success: 1
search_time: 0.07291465112939477
n_tsp_call: 1
n_tsp_time: 0.05339326895773411
n_roots: 1
num_conflicts: 0
target_assignment: {229: 1, 680: 1, 719: 1, 370: 2, 613: 4}
cluster_target_selection: {3: 229, 2: 680, 1: 719, 0: 370, 4: 613}
num_nodes_transformed_graph: 28
agent_paths:({0: [(8, 19), (8, 18), (8, 17), (8, 16), (9, 16), (9, 15), (9, 14), (10, 14), (11, 14), (12, 14), (13, 14), (14, 14), (15, 14), (16, 14), (17, 14), (18, 14), (19, 14), (20, 14), (21, 14), (22, 14), (22, 14)], 1: [(4, 8), (4, 7), (5, 7), (5, 8), (5, 9), (6, 9), (6, 10), (6, 11), (6, 12), (6, 13), (6, 14), (6, 15), (7, 15), (7, 16), (8, 16), (8, 17), (8, 18), (8, 19), (8, 20), (8, 21), (9, 21), (10, 21), (11, 21), (12, 21), (13, 21), (14, 21), (15, 21), (15, 22), (15, 21), (15, 20), (15, 19), (16, 19), (17, 19), (18, 19), (19, 19), (20, 19), (21, 19), (22, 19), (23, 19), (24, 19), (25, 19), (25, 19)], 2: [(13, 13), (14, 13), (14, 12), (14, 11), (15, 11), (16, 11), (17, 11), (18, 11), (18, 10), (18, 9), (18, 8), (18, 7), (18, 6), (19, 6), (20, 6), (21, 6), (22, 6), (23, 6), (24, 6), (25, 6), (26, 6), (27, 6), (28, 6), (29, 6), (30, 6), (31, 6), (31, 6)], 3: [(25, 13), (24, 13), (23, 13), (22, 13), (21, 13), (20, 13), (19, 13), (18, 13), (17, 13), (16, 13), (15, 13), (14, 13), (13, 13), (12, 13), (12, 12), (12, 11), (11, 11), (10, 11), (9, 11), (9, 12), (8, 12), (8, 13), (7, 13), (6, 13), (6, 12), (6, 12)], 4: [(11, 10), (10, 10), (9, 10), (8, 10), (7, 10), (6, 10), (6, 11), (6, 12), (6, 13), (5, 13), (5, 14), (5, 15), (5, 16), (5, 17), (5, 18), (5, 19), (5, 20), (5, 21), (5, 22), (4, 22), (3, 22), (2, 22), (2, 23), (2, 24), (2, 25), (2, 26), (2, 27), (1, 27), (1, 28), (1, 28)]}, 40)