

CBSS-C STATS
starts:[356, 64, 722, 11, 403]
targets:[983, 798, 720, 142, 741, 388, 351, 367, 102, 981]
dests:[832, 664, 277, 524, 862]
ac_dict:{983: {0, 1}, 798: {1, 2}, 720: {2, 3}, 142: {3, 4}, 832: {0}, 664: {1}, 277: {2}, 524: {3}, 862: {4}}
clusters:[4 2 0 1 3 4 2 4 3 3]

round: 1
best_g_value: 136.0
open_list_size: 0
num_low_level_expanded: 421
search_success: 1
search_time: 0.14009117195382714
n_tsp_call: 1
n_tsp_time: 0.1192836738191545
n_roots: 1
num_conflicts: 0
target_assignment: {142: 3, 720: 2, 102: 1, 367: 1, 351: 4}
cluster_target_selection: {1: 142, 0: 720, 3: 102, 4: 367, 2: 351}
num_nodes_transformed_graph: 48
agent_paths:({0: [(4, 11), (3, 11), (2, 11), (2, 12), (2, 13), (2, 14), (2, 15), (2, 16), (2, 17), (2, 18), (2, 19), (1, 19), (1, 20), (1, 21), (1, 22), (1, 23), (0, 23), (0, 24), (0, 25), (0, 26), (0, 26)], 1: [(0, 2), (1, 2), (2, 2), (3, 2), (4, 2), (5, 2), (6, 2), (6, 3), (7, 3), (8, 3), (9, 3), (10, 3), (11, 3), (12, 3), (13, 3), (13, 4), (13, 5), (13, 6), (13, 7), (13, 8), (13, 9), (14, 9), (15, 9), (15, 10), (15, 11), (16, 11), (17, 11), (18, 11), (19, 11), (19, 12), (20, 12), (21, 12), (22, 12), (23, 12), (24, 12), (24, 13), (24, 14), (24, 15), (24, 16), (24, 17), (24, 18), (24, 19), (24, 20), (24, 20)], 2: [(18, 22), (17, 22), (16, 22), (16, 21), (16, 20), (16, 19), (16, 18), (16, 17), (16, 16), (16, 15), (16, 14), (16, 13), (16, 12), (16, 11), (16, 10), (16, 9), (17, 9), (18, 9), (19, 9), (20, 9), (20, 8), (21, 8), (21, 8)], 3: [(11, 0), (12, 0), (13, 0), (14, 0), (14, 1), (14, 2), (14, 3), (14, 4), (13, 4), (13, 5), (13, 6), (13, 7), (13, 8), (13, 9), (13, 10), (12, 10), (12, 11), (12, 12), (12, 13), (12, 14), (12, 15), (12, 16), (12, 16)], 4: [(19, 12), (19, 11), (19, 10), (20, 10), (21, 10), (22, 10), (23, 10), (24, 10), (25, 10), (26, 10), (27, 10), (28, 10), (29, 10), (30, 10), (31, 10), (30, 10), (30, 11), (30, 12), (29, 12), (29, 13), (29, 14), (29, 15), (29, 16), (29, 17), (29, 18), (29, 19), (29, 20), (29, 21), (29, 22), (30, 22), (30, 23), (30, 24), (30, 25), (30, 26), (30, 26)]}, 42)