

CBSS-C STATS
starts:[805, 745, 969, 424, 459, 683, 335, 709, 387, 4]
targets:[442, 751, 958, 682, 506, 546, 798, 148, 30, 547, 799, 457, 150, 75, 765]
dests:[440, 566, 915, 259, 955, 88, 162, 770, 479, 810]
ac_dict:{442: {0, 1}, 751: {1, 2}, 958: {2, 3}, 682: {3, 4}, 506: {4, 5}, 546: {5, 6}, 798: {6, 7}, 148: {8, 7}, 30: {8, 9}, 440: {0}, 566: {1}, 915: {2}, 259: {3}, 955: {4}, 88: {5}, 162: {6}, 770: {7}, 479: {8}, 810: {9}}
clusters:[5 9 8 3 0 4 5 3 2 7 6 0 6 1 7]

round: 4
best_g_value: 295.0
open_list_size: 3
num_low_level_expanded: 2106
search_success: 1
search_time: 0.8017478762194514
n_tsp_call: 1
n_tsp_time: 0.7098453976213932
n_roots: 1
num_conflicts: 3
target_assignment: {457: 0, 442: 0, 751: 1, 75: 9, 148: 8, 150: 8, 30: 8, 958: 2, 547: 5, 546: 5}
cluster_target_selection: {0: 457, 5: 442, 9: 751, 1: 75, 3: 148, 6: 150, 2: 30, 8: 958, 7: 547, 4: 546}
num_nodes_transformed_graph: 58
agent_paths:({0: [(5, 25), (6, 25), (7, 25), (7, 24), (7, 23), (7, 22), (7, 21), (7, 20), (7, 19), (7, 18), (7, 17), (7, 16), (8, 16), (9, 16), (9, 15), (9, 14), (10, 14), (11, 14), (12, 14), (12, 13), (13, 13), (14, 13), (15, 13), (16, 13), (17, 13), (18, 13), (19, 13), (20, 13), (21, 13), (22, 13), (23, 13), (24, 13), (25, 13), (26, 13), (25, 13), (24, 13), (24, 13)], 1: [(9, 23), (10, 23), (11, 23), (12, 23), (13, 23), (14, 23), (15, 23), (15, 22), (15, 21), (15, 20), (15, 19), (16, 19), (16, 18), (16, 17), (17, 17), (18, 17), (19, 17), (20, 17), (21, 17), (22, 17), (22, 17)], 2: [(9, 30), (10, 30), (10, 29), (11, 29), (12, 29), (13, 29), (14, 29), (15, 29), (16, 29), (17, 29), (18, 29), (19, 29), (20, 29), (21, 29), (21, 30), (22, 30), (23, 30), (23, 29), (24, 29), (25, 29), (26, 29), (27, 29), (28, 29), (29, 29), (30, 29), (29, 29), (28, 29), (27, 29), (26, 29), (25, 29), (24, 29), (23, 29), (23, 28), (23, 27), (22, 27), (21, 27), (20, 27), (19, 27), (19, 28), (19, 28)], 3: [(8, 13), (7, 13), (6, 13), (5, 13), (4, 13), (3, 13), (3, 12), (3, 11), (3, 10), (3, 9), (3, 8), (3, 8)], 4: [(11, 14), (12, 14), (13, 14), (14, 14), (15, 14), (16, 14), (17, 14), (18, 14), (19, 14), (20, 14), (21, 14), (22, 14), (23, 14), (24, 14), (25, 14), (26, 14), (27, 14), (27, 15), (27, 16), (27, 17), (27, 18), (27, 19), (27, 20), (27, 21), (27, 22), (27, 23), (27, 24), (27, 25), (27, 26), (27, 27), (27, 28), (27, 29), (27, 29)], 5: [(11, 21), (10, 21), (9, 21), (8, 21), (7, 21), (6, 21), (5, 21), (5, 20), (5, 19), (4, 19), (4, 18), (3, 18), (3, 17), (2, 17), (2, 16), (2, 15), (2, 14), (2, 13), (2, 12), (2, 11), (2, 10), (2, 9), (3, 9), (4, 9), (4, 8), (4, 7), (5, 7), (6, 7), (7, 7), (7, 6), (8, 6), (9, 6), (10, 6), (10, 5), (11, 5), (12, 5), (13, 5), (14, 5), (15, 5), (16, 5), (16, 4), (16, 3), (17, 3), (18, 3), (19, 3), (20, 3), (20, 2), (21, 2), (22, 2), (23, 2), (24, 2), (24, 2)], 6: [(15, 10), (14, 10), (13, 10), (12, 10), (11, 10), (10, 10), (9, 10), (8, 10), (7, 10), (6, 10), (5, 10), (4, 10), (4, 9), (4, 8), (4, 7), (3, 7), (2, 7), (2, 6), (2, 5), (2, 5)], 7: [(5, 22), (4, 22), (3, 22), (2, 22), (2, 23), (2, 24), (2, 24)], 8: [(3, 12), (3, 11), (3, 10), (3, 9), (4, 9), (5, 9), (6, 9), (7, 9), (7, 8), (8, 8), (9, 8), (9, 7), (10, 7), (11, 7), (11, 6), (11, 5), (12, 5), (13, 5), (14, 5), (15, 5), (16, 5), (16, 4), (17, 4), (18, 4), (19, 4), (20, 4), (21, 4), (22, 4), (22, 3), (23, 3), (24, 3), (25, 3), (26, 3), (27, 3), (27, 2), (27, 1), (27, 0), (28, 0), (29, 0), (30, 0), (30, 1), (30, 2), (30, 3), (30, 4), (30, 5), (30, 6), (30, 7), (30, 8), (30, 9), (30, 10), (30, 11), (30, 12), (29, 12), (29, 13), (29, 14), (30, 14), (31, 14), (31, 14)], 9: [(4, 0), (5, 0), (6, 0), (6, 1), (7, 1), (8, 1), (9, 1), (10, 1), (11, 1), (11, 2), (10, 2), (10, 3), (10, 4), (10, 5), (10, 6), (10, 7), (10, 8), (10, 9), (10, 10), (10, 11), (10, 12), (10, 13), (10, 14), (10, 15), (10, 16), (10, 17), (10, 18), (10, 19), (10, 20), (10, 21), (10, 22), (10, 23), (10, 24), (10, 25), (10, 25)]}, 56)