

CBSS-C STATS
starts:[960, 326, 134, 24, 459]
targets:[711, 454, 41, 3, 862, 671, 364, 641, 517, 292, 665, 31, 826, 848, 496, 657, 585, 401, 735, 910]
dests:[418, 237, 187, 706, 750]
ac_dict:{711: {0, 1}, 454: {1, 2}, 41: {2, 3}, 3: {3, 4}, 418: {0}, 237: {1}, 187: {2}, 706: {3}, 750: {4}}
clusters:[4 9 8 0 6 6 4 5 0 1 2 2 6 4 3 8 0 1 7 0]

round: 1
best_g_value: 155.0
open_list_size: 0
num_low_level_expanded: 386
search_success: 1
search_time: 0.6475317757576704
n_tsp_call: 1
n_tsp_time: 0.6238711043260992
n_roots: 1
num_conflicts: 0
target_assignment: {641: 0, 496: 4, 657: 4, 665: 4, 735: 4, 826: 4, 401: 3, 585: 3, 454: 1, 364: 1}
cluster_target_selection: {5: 641, 3: 496, 8: 657, 2: 665, 7: 735, 6: 826, 1: 401, 0: 585, 9: 454, 4: 364}
num_nodes_transformed_graph: 53
agent_paths:({0: [(0, 30), (0, 29), (0, 28), (0, 27), (0, 26), (0, 25), (0, 24), (0, 23), (1, 23), (1, 22), (1, 21), (1, 20), (1, 19), (2, 19), (2, 18), (2, 17), (2, 16), (2, 15), (2, 14), (2, 13), (2, 13)], 1: [(6, 10), (6, 11), (6, 12), (6, 13), (6, 14), (6, 13), (7, 13), (8, 13), (8, 12), (9, 12), (9, 11), (10, 11), (11, 11), (12, 11), (12, 10), (13, 10), (13, 9), (13, 8), (13, 7), (13, 7)], 2: [(6, 4), (7, 4), (8, 4), (9, 4), (10, 4), (11, 4), (12, 4), (13, 4), (14, 4), (14, 5), (15, 5), (16, 5), (17, 5), (18, 5), (19, 5), (19, 4), (20, 4), (21, 4), (22, 4), (23, 4), (23, 5), (24, 5), (25, 5), (26, 5), (27, 5), (27, 5)], 3: [(24, 0), (23, 0), (22, 0), (21, 0), (20, 0), (20, 1), (20, 2), (20, 3), (19, 3), (18, 3), (18, 4), (18, 5), (18, 6), (18, 7), (18, 8), (18, 9), (18, 10), (18, 11), (17, 11), (17, 12), (16, 12), (15, 12), (14, 12), (14, 13), (13, 13), (12, 13), (12, 14), (11, 14), (10, 14), (9, 14), (9, 15), (9, 16), (9, 17), (9, 18), (8, 18), (7, 18), (7, 19), (6, 19), (5, 19), (5, 20), (5, 21), (5, 22), (4, 22), (3, 22), (2, 22), (2, 22)], 4: [(11, 14), (12, 14), (13, 14), (14, 14), (15, 14), (16, 14), (16, 15), (16, 16), (16, 17), (16, 18), (16, 19), (17, 19), (17, 20), (18, 20), (19, 20), (20, 20), (21, 20), (22, 20), (23, 20), (24, 20), (25, 20), (26, 20), (27, 20), (28, 20), (29, 20), (29, 21), (29, 22), (30, 22), (31, 22), (30, 22), (29, 22), (28, 22), (27, 22), (26, 22), (26, 23), (26, 24), (26, 25), (25, 25), (24, 25), (23, 25), (22, 25), (21, 25), (20, 25), (19, 25), (18, 25), (17, 25), (16, 25), (15, 25), (14, 25), (14, 24), (14, 23), (14, 23)]}, 50)