

CBSS-C STATS
starts:[552, 952, 727, 957, 237]
targets:[165, 277, 613, 1002, 787, 441, 343, 908, 842, 893]
dests:[514, 75, 234, 161, 505]
ac_dict:{165: {0, 1}, 277: {1, 2}, 613: {2, 3}, 1002: {3, 4}, 514: {0}, 75: {1}, 234: {2}, 161: {3}, 505: {4}}
clusters:[4 3 1 4 2 4 0 4 3 4]

round: 1
best_g_value: 147.0
open_list_size: 0
num_low_level_expanded: 512
search_success: 1
search_time: 0.25864516058936715
n_tsp_call: 1
n_tsp_time: 0.2363879638724029
n_roots: 1
num_conflicts: 0
target_assignment: {441: 4, 842: 3, 613: 3, 343: 2, 787: 1}
cluster_target_selection: {4: 441, 3: 842, 1: 613, 0: 343, 2: 787}
num_nodes_transformed_graph: 48
agent_paths:({0: [(8, 17), (7, 17), (6, 17), (5, 17), (4, 17), (3, 17), (2, 17), (2, 16), (2, 16)], 1: [(24, 29), (23, 29), (23, 28), (23, 27), (22, 27), (21, 27), (20, 27), (19, 27), (19, 26), (19, 25), (19, 24), (18, 24), (17, 24), (16, 24), (15, 24), (14, 24), (13, 24), (12, 24), (12, 23), (12, 22), (12, 21), (12, 20), (12, 19), (12, 18), (12, 17), (12, 16), (12, 15), (12, 14), (12, 13), (12, 12), (12, 11), (11, 11), (11, 10), (11, 9), (11, 8), (11, 7), (11, 6), (11, 5), (11, 4), (11, 3), (11, 2), (11, 2)], 2: [(23, 22), (23, 21), (23, 20), (23, 19), (23, 18), (23, 17), (23, 16), (23, 15), (23, 14), (23, 13), (23, 12), (23, 11), (23, 10), (22, 10), (21, 10), (20, 10), (19, 10), (18, 10), (18, 9), (17, 9), (16, 9), (15, 9), (14, 9), (13, 9), (13, 8), (13, 7), (12, 7), (11, 7), (10, 7), (10, 7)], 3: [(29, 29), (28, 29), (27, 29), (26, 29), (25, 29), (24, 29), (23, 29), (23, 28), (23, 27), (22, 27), (21, 27), (20, 27), (19, 27), (18, 27), (17, 27), (16, 27), (15, 27), (14, 27), (13, 27), (12, 27), (11, 27), (10, 27), (10, 26), (9, 26), (8, 26), (7, 26), (7, 25), (7, 24), (7, 23), (6, 23), (5, 23), (5, 22), (5, 21), (5, 20), (5, 19), (4, 19), (4, 18), (3, 18), (2, 18), (2, 17), (1, 17), (1, 16), (1, 15), (1, 14), (1, 13), (1, 12), (1, 11), (1, 10), (1, 9), (1, 8), (1, 7), (1, 6), (1, 5), (1, 5)], 4: [(13, 7), (14, 7), (15, 7), (16, 7), (17, 7), (18, 7), (19, 7), (20, 7), (21, 7), (22, 7), (22, 8), (23, 8), (24, 8), (25, 8), (25, 9), (25, 10), (25, 11), (25, 12), (25, 13), (25, 14), (25, 15), (25, 15)]}, 52)