

CBSS-C STATS
starts:[598, 697]
targets:[356, 291, 666, 49, 607, 101, 787, 113, 768, 494, 252, 814, 556, 105, 864, 608, 551, 376, 757, 449, 59, 793, 826, 709, 110, 665, 70, 933, 1019, 910, 851, 919, 224, 131, 8, 693, 920, 780, 705, 444, 960, 254, 536, 480, 371, 714, 601, 914, 957, 277, 181, 803, 31, 650, 629, 482, 991, 877, 413, 889, 938, 900, 242, 822, 647, 940, 969, 993, 754, 810, 302, 852, 610, 269, 324, 516, 408, 367, 838, 735, 843, 301, 1004, 578, 818, 256, 87, 350, 766, 479, 715, 532, 941, 916, 498, 312, 297, 313, 515, 228]
dests:[478, 823]
ac_dict:{356: {0, 1}, 478: {0}, 823: {1}}
clusters:[36 22 14 28  4 29 33 32 37 21  6  0  9  2 13 15 12  8 24 26  6  8 22  6
 14 35 33 30 24 15  5 14 34 39 27  1  6 10 10 13 36 16  1 24  6 28  8 20
 38 38 10  3 26 27 20 37 35 30 15 18 21 37 21  9 31 31 17 25 14 25 36  4
 37  4  9  3  8 11 11  7 14 22  3 13 10 23  9 29 13  9 27 31  0 10 19  1
  7 38 27 19]

round: 1
best_g_value: 428.0
open_list_size: 0
num_low_level_expanded: 276
search_success: 1
search_time: 57.831019912991906
n_tsp_call: 1
n_tsp_time: 57.65795638100826
n_roots: 1
num_conflicts: 0
target_assignment: {629: 0, 693: 0, 757: 0, 822: 0, 852: 0, 851: 0, 877: 0, 941: 0, 940: 0, 969: 0, 938: 0, 810: 0, 714: 0, 551: 0, 516: 0, 515: 0, 482: 0, 449: 0, 256: 0, 224: 0, 228: 0, 131: 0, 101: 0, 70: 0, 105: 0, 297: 0, 301: 0, 302: 0, 367: 0, 113: 0, 181: 0, 277: 0, 252: 0, 254: 0, 413: 0, 444: 0, 665: 1, 666: 1, 793: 1, 889: 1}
cluster_target_selection: {20: 629, 1: 693, 24: 757, 9: 822, 4: 852, 5: 851, 30: 877, 0: 941, 31: 940, 17: 969, 21: 938, 25: 810, 28: 714, 12: 551, 3: 516, 27: 515, 37: 482, 26: 449, 23: 256, 34: 224, 19: 228, 39: 131, 29: 101, 33: 70, 2: 105, 7: 297, 22: 301, 36: 302, 11: 367, 32: 113, 10: 181, 38: 277, 6: 252, 16: 254, 15: 413, 13: 444, 35: 665, 14: 666, 8: 793, 18: 889}
num_nodes_transformed_graph: 204
agent_paths:({0: [(22, 18), (21, 18), (21, 19), (21, 20), (21, 21), (21, 22), (21, 23), (22, 23), (22, 24), (22, 25), (21, 25), (20, 25), (20, 26), (19, 26), (18, 26), (17, 26), (16, 26), (15, 26), (15, 27), (14, 27), (13, 27), (13, 28), (13, 29), (12, 29), (11, 29), (10, 29), (10, 30), (9, 30), (10, 30), (10, 29), (10, 28), (10, 27), (10, 26), (10, 25), (10, 24), (10, 23), (10, 22), (9, 22), (8, 22), (7, 22), (7, 21), (7, 20), (7, 19), (7, 18), (7, 17), (6, 17), (5, 17), (4, 17), (4, 16), (3, 16), (2, 16), (2, 15), (1, 15), (1, 14), (1, 13), (1, 12), (1, 11), (0, 11), (0, 10), (0, 9), (0, 8), (0, 7), (1, 7), (2, 7), (3, 7), (4, 7), (3, 7), (3, 6), (3, 5), (3, 4), (3, 3), (4, 3), (5, 3), (5, 2), (6, 2), (6, 3), (7, 3), (8, 3), (9, 3), (9, 4), (8, 4), (8, 5), (8, 6), (9, 6), (9, 7), (9, 8), (9, 9), (10, 9), (11, 9), (11, 10), (12, 10), (13, 10), (13, 9), (14, 9), (15, 9), (15, 10), (15, 11), (15, 10), (15, 9), (16, 9), (16, 8), (16, 7), (16, 6), (16, 5), (16, 4), (16, 3), (17, 3), (18, 3), (19, 3), (20, 3), (21, 3), (21, 4), (21, 5), (21, 6), (21, 7), (21, 8), (22, 8), (23, 8), (24, 8), (25, 8), (25, 7), (26, 7), (27, 7), (28, 7), (29, 7), (30, 7), (29, 7), (29, 8), (29, 9), (29, 10), (29, 11), (29, 12), (28, 12), (28, 13), (29, 13), (29, 14), (30, 14), (30, 14)], 1: [(25, 21), (25, 20), (26, 20), (26, 21), (26, 22), (26, 23), (26, 24), (25, 24), (25, 25), (25, 26), (25, 27), (24, 27), (23, 27), (23, 26), (23, 25), (23, 25)]}, 136)