

CBSS-C STATS
starts:[471, 615, 707, 217, 652]
targets:[721, 780, 910, 709, 955, 126, 428, 139, 867, 700, 341, 948, 807, 797, 13, 319, 280, 43, 898, 537, 313, 401, 754, 1011, 915, 939, 692, 606, 992, 814, 1004, 242, 559, 213, 328, 157, 629, 201, 136, 499, 696, 400, 795, 589, 222, 458, 535, 170, 485, 250]
dests:[714, 501, 609, 568, 985]
ac_dict:{721: {0, 1}, 780: {1, 2}, 910: {2, 3}, 709: {3, 4}, 714: {0}, 501: {1}, 609: {2}, 568: {3}, 985: {4}}
clusters:[15 15 17  4 16  1 12  9 26 13  7 29 10  3 23  6 10 25  4 12  8 11  2 13
 20 28  1 19  0 11  6  8 27  3 14 17  7  5  5 18  2 18 24 21 14 19  0  9
 22 16]

round: 1
best_g_value: 179.0
open_list_size: 0
num_low_level_expanded: 354
search_success: 1
search_time: 35.70493481599988
n_tsp_call: 1
n_tsp_time: 35.59203117099969
n_roots: 1
num_conflicts: 0
target_assignment: {535: 0, 629: 0, 692: 0, 721: 0, 754: 0, 915: 0, 948: 0, 1011: 0, 1004: 0, 939: 0, 867: 2, 898: 2, 485: 1, 328: 1, 201: 1, 170: 1, 43: 1, 13: 1, 400: 1, 401: 1, 589: 4, 559: 4, 606: 4, 797: 4, 795: 4, 955: 4, 157: 3, 280: 3, 313: 3, 537: 3}
cluster_target_selection: {0: 535, 7: 629, 1: 692, 15: 721, 2: 754, 20: 915, 29: 948, 13: 1011, 6: 1004, 28: 939, 26: 867, 4: 898, 22: 485, 14: 328, 5: 201, 9: 170, 25: 43, 23: 13, 18: 400, 11: 401, 21: 589, 27: 559, 19: 606, 3: 797, 24: 795, 16: 955, 17: 157, 10: 280, 8: 313, 12: 537}
num_nodes_transformed_graph: 248
agent_paths:({0: [(23, 14), (23, 15), (23, 16), (22, 16), (21, 16), (21, 17), (21, 18), (21, 19), (20, 19), (20, 20), (20, 21), (19, 21), (18, 21), (17, 21), (17, 22), (18, 22), (18, 23), (19, 23), (19, 24), (19, 25), (19, 26), (19, 27), (19, 28), (20, 28), (20, 29), (19, 29), (19, 30), (19, 31), (18, 31), (17, 31), (16, 31), (15, 31), (14, 31), (13, 31), (12, 31), (11, 31), (11, 30), (11, 29), (10, 29), (10, 28), (10, 27), (10, 26), (10, 25), (10, 24), (10, 23), (10, 22), (10, 22)], 1: [(7, 19), (6, 19), (5, 19), (5, 18), (5, 17), (5, 16), (5, 15), (5, 14), (5, 13), (6, 13), (6, 12), (6, 11), (6, 10), (7, 10), (8, 10), (9, 10), (9, 9), (9, 8), (9, 7), (9, 6), (10, 6), (10, 5), (10, 4), (10, 3), (10, 2), (10, 1), (11, 1), (11, 0), (12, 0), (13, 0), (14, 0), (15, 0), (16, 0), (16, 1), (16, 2), (16, 3), (16, 4), (16, 5), (16, 6), (16, 7), (16, 8), (16, 9), (16, 10), (16, 11), (16, 12), (17, 12), (18, 12), (19, 12), (20, 12), (21, 12), (21, 13), (21, 14), (21, 15), (21, 15)], 2: [(3, 22), (3, 23), (3, 24), (3, 25), (3, 26), (3, 27), (2, 27), (2, 28), (2, 27), (2, 26), (2, 25), (1, 25), (1, 24), (1, 23), (1, 22), (1, 21), (1, 20), (1, 19), (1, 19)], 3: [(25, 6), (25, 5), (25, 4), (26, 4), (27, 4), (28, 4), (29, 4), (28, 4), (27, 4), (26, 4), (25, 4), (25, 5), (25, 6), (25, 7), (25, 8), (24, 8), (25, 8), (25, 9), (25, 10), (25, 11), (25, 12), (25, 13), (25, 14), (25, 15), (25, 16), (24, 16), (24, 17), (24, 17)], 4: [(12, 20), (12, 19), (12, 18), (13, 18), (13, 17), (14, 17), (15, 17), (16, 17), (17, 17), (18, 17), (19, 17), (20, 17), (21, 17), (22, 17), (23, 17), (24, 17), (25, 17), (26, 17), (27, 17), (27, 18), (28, 18), (29, 18), (30, 18), (29, 18), (29, 19), (29, 20), (29, 21), (29, 22), (29, 23), (29, 24), (28, 24), (27, 24), (27, 25), (27, 26), (27, 27), (27, 28), (27, 29), (26, 29), (25, 29), (25, 30), (25, 30)]}, 52)