

CBSS-C STATS
starts:[1007, 568, 402, 476, 418, 1012, 320, 787, 357, 0]
targets:[404, 967, 107, 451, 281, 668, 841, 453, 260, 679]
dests:[538, 811, 346, 114, 307, 155, 822, 1005, 479, 942]
ac_dict:{404: {0, 1}, 967: {1, 2}, 107: {2, 3}, 451: {3, 4}, 281: {4, 5}, 668: {5, 6}, 841: {6, 7}, 453: {8, 7}, 260: {8, 9}, 538: {0}, 811: {1}, 346: {2}, 114: {3}, 307: {4}, 155: {5}, 822: {6}, 1005: {7}, 479: {8}, 942: {9}}
clusters:[1 3 4 2 1 3 1 0 0 3]

round: 4
best_g_value: 277.0
open_list_size: 3
num_low_level_expanded: 2390
search_success: 1
search_time: 0.20232633175328374
n_tsp_call: 1
n_tsp_time: 0.11246973369270563
n_roots: 1
num_conflicts: 3
target_assignment: {260: 9, 451: 4, 107: 3, 281: 5, 679: 6}
cluster_target_selection: {0: 260, 2: 451, 4: 107, 1: 281, 3: 679}
num_nodes_transformed_graph: 33
agent_paths:({0: [(15, 31), (16, 31), (16, 30), (16, 29), (16, 28), (16, 27), (16, 26), (16, 25), (16, 24), (16, 23), (16, 22), (16, 21), (16, 20), (16, 19), (16, 18), (16, 17), (17, 17), (18, 17), (19, 17), (19, 16), (20, 16), (21, 16), (22, 16), (23, 16), (24, 16), (25, 16), (26, 16), (26, 16)], 1: [(24, 17), (23, 17), (22, 17), (21, 17), (20, 17), (19, 17), (18, 17), (17, 17), (16, 17), (15, 17), (14, 17), (13, 17), (12, 17), (11, 17), (11, 18), (11, 19), (11, 20), (11, 21), (11, 22), (11, 23), (11, 24), (11, 25), (11, 25)], 2: [(18, 12), (18, 11), (18, 10), (19, 10), (20, 10), (21, 10), (22, 10), (23, 10), (24, 10), (25, 10), (26, 10), (26, 10)], 3: [(28, 14), (27, 14), (26, 14), (25, 14), (24, 14), (23, 14), (22, 14), (21, 14), (20, 14), (19, 14), (18, 14), (17, 14), (16, 14), (15, 14), (15, 13), (14, 13), (13, 13), (12, 13), (12, 12), (12, 11), (11, 11), (11, 10), (11, 9), (11, 8), (11, 7), (11, 6), (11, 5), (11, 4), (11, 3), (12, 3), (13, 3), (14, 3), (14, 2), (14, 1), (15, 1), (16, 1), (17, 1), (17, 2), (17, 3), (18, 3), (18, 3)], 4: [(2, 13), (3, 13), (3, 14), (3, 13), (3, 12), (3, 11), (3, 10), (4, 10), (5, 10), (6, 10), (7, 10), (8, 10), (9, 10), (10, 10), (11, 10), (12, 10), (13, 10), (13, 9), (14, 9), (15, 9), (16, 9), (17, 9), (18, 9), (19, 9), (19, 9)], 5: [(20, 31), (20, 30), (20, 29), (20, 28), (20, 27), (20, 26), (20, 25), (21, 25), (22, 25), (22, 24), (23, 24), (24, 24), (24, 23), (24, 22), (24, 21), (24, 20), (24, 19), (24, 18), (24, 17), (24, 16), (24, 15), (24, 14), (24, 13), (24, 12), (24, 11), (24, 10), (24, 9), (24, 8), (25, 8), (25, 7), (25, 6), (25, 5), (25, 4), (26, 4), (27, 4), (27, 4)], 6: [(0, 10), (1, 10), (2, 10), (3, 10), (4, 10), (5, 10), (6, 10), (6, 11), (6, 12), (6, 13), (6, 14), (6, 15), (7, 15), (7, 16), (7, 17), (7, 18), (7, 19), (7, 20), (7, 21), (8, 21), (9, 21), (10, 21), (11, 21), (12, 21), (13, 21), (14, 21), (15, 21), (16, 21), (17, 21), (18, 21), (19, 21), (20, 21), (21, 21), (21, 22), (21, 23), (22, 23), (22, 24), (22, 25), (22, 25)], 7: [(19, 24), (18, 24), (17, 24), (16, 24), (15, 24), (14, 24), (13, 24), (13, 25), (13, 26), (13, 27), (13, 28), (13, 29), (13, 30), (13, 31), (13, 31)], 8: [(5, 11), (6, 11), (6, 12), (6, 13), (7, 13), (8, 13), (8, 12), (9, 12), (10, 12), (10, 13), (10, 14), (11, 14), (12, 14), (13, 14), (14, 14), (15, 14), (16, 14), (17, 14), (18, 14), (19, 14), (20, 14), (21, 14), (22, 14), (23, 14), (24, 14), (25, 14), (26, 14), (27, 14), (28, 14), (29, 14), (30, 14), (31, 14), (31, 14)], 9: [(0, 0), (1, 0), (2, 0), (3, 0), (3, 1), (3, 2), (3, 3), (3, 4), (3, 5), (3, 6), (3, 7), (4, 7), (4, 8), (5, 8), (5, 9), (6, 9), (7, 9), (7, 10), (8, 10), (9, 10), (10, 10), (10, 11), (11, 11), (12, 11), (12, 12), (12, 13), (13, 13), (13, 14), (13, 15), (13, 16), (13, 17), (13, 18), (13, 19), (13, 20), (13, 21), (13, 22), (13, 23), (13, 24), (13, 25), (13, 26), (13, 27), (14, 27), (14, 28), (14, 29), (14, 29)]}, 43)