

CBSS-C STATS
starts:[998, 661, 89, 879, 170]
targets:[339, 564, 68, 929, 701, 561, 403, 646, 181, 269]
dests:[163, 494, 980, 113, 242]
ac_dict:{339: {0, 1}, 564: {1, 2}, 68: {2, 3}, 929: {3, 4}, 163: {0}, 494: {1}, 980: {2}, 113: {3}, 242: {4}}
clusters:[2 4 1 3 0 2 2 0 2 1]

round: 1
best_g_value: 144.0
open_list_size: 0
num_low_level_expanded: 556
search_success: 1
search_time: 0.13685631705448031
n_tsp_call: 1
n_tsp_time: 0.11145837372168899
n_roots: 1
num_conflicts: 0
target_assignment: {646: 0, 929: 3, 269: 3, 564: 1, 561: 1}
cluster_target_selection: {0: 646, 3: 929, 1: 269, 4: 564, 2: 561}
num_nodes_transformed_graph: 48
agent_paths:({0: [(6, 31), (6, 30), (6, 29), (6, 28), (6, 27), (6, 26), (6, 25), (7, 25), (7, 24), (7, 23), (6, 23), (6, 22), (6, 21), (6, 20), (5, 20), (5, 19), (4, 19), (4, 18), (3, 18), (3, 17), (3, 16), (3, 15), (3, 14), (3, 13), (3, 12), (3, 11), (3, 10), (3, 9), (3, 8), (3, 7), (3, 6), (3, 5), (3, 5)], 1: [(21, 20), (20, 20), (20, 19), (20, 18), (20, 17), (19, 17), (18, 17), (17, 17), (16, 17), (15, 17), (14, 17), (14, 16), (14, 15), (14, 15)], 2: [(25, 2), (25, 3), (25, 4), (25, 5), (25, 6), (25, 7), (25, 8), (24, 8), (24, 9), (24, 10), (24, 11), (24, 12), (24, 13), (24, 14), (24, 15), (24, 16), (24, 17), (24, 18), (24, 19), (24, 20), (24, 21), (24, 22), (24, 23), (24, 24), (23, 24), (22, 24), (22, 25), (21, 25), (20, 25), (20, 26), (20, 27), (20, 28), (20, 29), (20, 30), (20, 30)], 3: [(15, 27), (14, 27), (13, 27), (12, 27), (11, 27), (10, 27), (9, 27), (8, 27), (8, 28), (7, 28), (6, 28), (5, 28), (4, 28), (4, 29), (3, 29), (2, 29), (1, 29), (1, 28), (1, 27), (2, 27), (2, 26), (2, 25), (2, 24), (2, 23), (2, 22), (2, 21), (2, 20), (2, 19), (2, 18), (2, 17), (2, 16), (2, 15), (2, 14), (2, 13), (2, 12), (2, 11), (2, 10), (3, 10), (4, 10), (5, 10), (6, 10), (7, 10), (8, 10), (9, 10), (10, 10), (11, 10), (12, 10), (13, 10), (13, 9), (13, 8), (13, 7), (13, 6), (13, 5), (14, 5), (15, 5), (16, 5), (16, 4), (16, 3), (17, 3), (17, 3)], 4: [(10, 5), (11, 5), (12, 5), (13, 5), (14, 5), (15, 5), (16, 5), (17, 5), (18, 5), (18, 6), (18, 7), (18, 7)]}, 58)