

CBSS-C STATS
starts:[3, 357, 934, 48, 424]
targets:[197, 736, 829, 315, 795, 331, 272, 44, 529, 824, 496, 921, 209, 107, 408, 502, 20, 707, 752, 618]
dests:[552, 479, 828, 351, 61]
ac_dict:{197: {0, 1}, 736: {1, 2}, 829: {2, 3}, 315: {3, 4}, 552: {0}, 479: {1}, 828: {2}, 351: {3}, 61: {4}}
clusters:[4 6 6 2 9 5 3 5 5 2 4 2 9 4 7 6 8 0 3 1]

round: 1
best_g_value: 158.0
open_list_size: 0
num_low_level_expanded: 472
search_success: 1
search_time: 1.0877435440197587
n_tsp_call: 1
n_tsp_time: 1.06049665203318
n_roots: 1
num_conflicts: 0
target_assignment: {197: 0, 20: 3, 315: 3, 331: 4, 272: 4, 209: 4, 707: 2, 618: 2, 829: 2, 408: 1}
cluster_target_selection: {4: 197, 8: 20, 2: 315, 5: 331, 3: 272, 9: 209, 0: 707, 1: 618, 6: 829, 7: 408}
num_nodes_transformed_graph: 98
agent_paths:({0: [(3, 0), (4, 0), (5, 0), (5, 1), (5, 2), (5, 3), (5, 4), (5, 5), (5, 6), (5, 7), (5, 8), (5, 9), (6, 9), (6, 10), (6, 11), (6, 12), (6, 13), (6, 14), (6, 15), (7, 15), (7, 16), (8, 16), (8, 17), (8, 17)], 1: [(5, 11), (6, 11), (6, 10), (7, 10), (8, 10), (9, 10), (10, 10), (11, 10), (12, 10), (13, 10), (14, 10), (15, 10), (16, 10), (16, 11), (17, 11), (18, 11), (19, 11), (19, 12), (20, 12), (21, 12), (22, 12), (23, 12), (24, 12), (25, 12), (26, 12), (26, 13), (27, 13), (28, 13), (29, 13), (29, 14), (30, 14), (31, 14), (31, 14)], 2: [(6, 29), (5, 29), (4, 29), (4, 28), (4, 27), (3, 27), (3, 26), (3, 25), (3, 24), (3, 23), (3, 22), (4, 22), (5, 22), (5, 21), (5, 20), (5, 19), (6, 19), (7, 19), (8, 19), (9, 19), (10, 19), (11, 19), (12, 19), (13, 19), (14, 19), (15, 19), (16, 19), (17, 19), (18, 19), (19, 19), (20, 19), (21, 19), (22, 19), (23, 19), (24, 19), (25, 19), (25, 20), (26, 20), (27, 20), (28, 20), (29, 20), (29, 21), (29, 22), (29, 23), (29, 24), (29, 25), (28, 25), (28, 25)], 3: [(16, 1), (17, 1), (18, 1), (19, 1), (19, 0), (20, 0), (21, 0), (22, 0), (23, 0), (24, 0), (24, 1), (24, 2), (25, 2), (25, 3), (26, 3), (27, 3), (27, 4), (27, 5), (27, 6), (27, 7), (27, 8), (27, 9), (28, 9), (29, 9), (30, 9), (31, 9), (31, 10), (31, 10)], 4: [(8, 13), (8, 12), (9, 12), (9, 11), (9, 10), (10, 10), (11, 10), (12, 10), (13, 10), (13, 9), (14, 9), (15, 9), (16, 9), (16, 8), (16, 7), (16, 6), (17, 6), (17, 5), (17, 4), (17, 3), (18, 3), (19, 3), (20, 3), (21, 3), (22, 3), (23, 3), (24, 3), (25, 3), (26, 3), (27, 3), (27, 2), (27, 1), (28, 1), (29, 1), (29, 1)]}, 46)