

CBSS-C STATS
starts:[225, 620, 4, 751, 539]
targets:[1022, 795, 766, 770, 693, 987, 523, 912, 884, 744, 923, 10, 158, 646, 978, 191, 377, 643, 346, 371, 654, 535, 104, 668, 398, 635, 399, 768, 88, 201, 701, 686, 157, 486, 1000, 479, 522, 855, 308, 988, 677, 462, 670, 394, 459, 608, 719, 807, 97, 788]
dests:[301, 254, 619, 489, 732]
ac_dict:{1022: {0, 1}, 795: {1, 2}, 766: {2, 3}, 770: {3, 4}, 301: {0}, 254: {1}, 619: {2}, 489: {3}, 732: {4}}
clusters:[18 10 25  0 29 30 21  7  7 22 31  5 14 39 24 36 33 32  6 13 19  2  3 27
 16 23 20 26 15  3  2  5  9  4  9  1 34  1  0 37  4 38  8  8 17 12  6 28
 35 11]

round: 1
best_g_value: 229.0
open_list_size: 0
num_low_level_expanded: 452
search_success: 1
search_time: 53.89087924799969
n_tsp_call: 1
n_tsp_time: 53.77112656300051
n_roots: 1
num_conflicts: 0
target_assignment: {201: 0, 654: 1, 686: 1, 719: 1, 912: 1, 978: 1, 988: 1, 1022: 1, 987: 1, 923: 1, 795: 1, 377: 1, 88: 1, 157: 1, 158: 1, 191: 1, 97: 2, 608: 2, 643: 2, 768: 2, 807: 2, 744: 2, 677: 2, 646: 2, 635: 4, 668: 4, 788: 3, 855: 3, 766: 3, 701: 3, 670: 3, 693: 3, 308: 3, 371: 3, 399: 3, 398: 3, 462: 3, 459: 3, 523: 3, 522: 3}
cluster_target_selection: {3: 201, 19: 654, 5: 686, 6: 719, 7: 912, 24: 978, 37: 988, 18: 1022, 30: 987, 31: 923, 10: 795, 33: 377, 15: 88, 9: 157, 14: 158, 36: 191, 35: 97, 12: 608, 32: 643, 26: 768, 28: 807, 22: 744, 4: 677, 39: 646, 23: 635, 27: 668, 11: 788, 1: 855, 25: 766, 2: 701, 8: 670, 29: 693, 0: 308, 13: 371, 20: 399, 16: 398, 38: 462, 17: 459, 21: 523, 34: 522}
num_nodes_transformed_graph: 248
agent_paths:({0: [(1, 7), (2, 7), (3, 7), (4, 7), (5, 7), (6, 7), (7, 7), (7, 6), (8, 6), (9, 6), (10, 6), (11, 6), (12, 6), (13, 6), (13, 7), (13, 8), (13, 9), (13, 9)], 1: [(12, 19), (13, 19), (14, 19), (14, 20), (14, 21), (15, 21), (15, 22), (16, 22), (16, 23), (16, 24), (16, 25), (16, 26), (16, 27), (16, 28), (17, 28), (18, 28), (18, 29), (18, 30), (19, 30), (20, 30), (21, 30), (22, 30), (23, 30), (24, 30), (25, 30), (26, 30), (27, 30), (28, 30), (29, 30), (30, 30), (30, 31), (29, 31), (28, 31), (27, 31), (27, 30), (27, 29), (27, 28), (27, 27), (27, 26), (27, 25), (27, 24), (26, 24), (26, 23), (26, 22), (26, 21), (25, 21), (25, 20), (25, 19), (25, 18), (25, 17), (25, 16), (25, 15), (25, 14), (25, 13), (25, 12), (25, 11), (25, 10), (25, 9), (25, 8), (25, 7), (25, 6), (25, 5), (25, 4), (25, 3), (24, 3), (24, 2), (25, 2), (25, 3), (26, 3), (27, 3), (28, 3), (28, 4), (29, 4), (30, 4), (31, 4), (31, 5), (30, 5), (30, 6), (30, 7), (30, 7)], 2: [(4, 0), (3, 0), (2, 0), (1, 0), (1, 1), (1, 2), (1, 3), (1, 4), (1, 5), (1, 6), (1, 7), (1, 8), (1, 9), (1, 10), (1, 11), (1, 12), (1, 13), (1, 14), (1, 15), (1, 16), (1, 17), (2, 17), (2, 18), (2, 19), (1, 19), (0, 19), (1, 19), (2, 19), (2, 20), (3, 20), (2, 20), (1, 20), (1, 21), (1, 22), (1, 23), (0, 23), (0, 24), (1, 24), (2, 24), (3, 24), (4, 24), (4, 25), (5, 25), (6, 25), (7, 25), (7, 24), (7, 23), (8, 23), (7, 23), (6, 23), (5, 23), (5, 22), (5, 21), (5, 20), (6, 20), (6, 19), (7, 19), (8, 19), (9, 19), (10, 19), (11, 19), (11, 19)], 3: [(15, 23), (16, 23), (17, 23), (18, 23), (19, 23), (19, 24), (20, 24), (20, 25), (21, 25), (22, 25), (23, 25), (23, 26), (23, 25), (23, 24), (24, 24), (25, 24), (26, 24), (27, 24), (28, 24), (29, 24), (29, 23), (30, 23), (29, 23), (29, 22), (29, 21), (29, 20), (30, 20), (29, 20), (28, 20), (27, 20), (26, 20), (25, 20), (24, 20), (23, 20), (22, 20), (21, 20), (21, 21), (21, 20), (21, 19), (21, 18), (21, 17), (21, 16), (21, 15), (21, 14), (21, 13), (21, 12), (21, 11), (21, 10), (20, 10), (20, 9), (19, 9), (19, 10), (19, 11), (18, 11), (17, 11), (16, 11), (15, 11), (15, 12), (14, 12), (14, 13), (14, 14), (13, 14), (12, 14), (11, 14), (11, 15), (11, 16), (10, 16), (9, 16), (9, 15), (9, 15)], 4: [(27, 16), (27, 17), (27, 18), (27, 19), (27, 20), (28, 20), (28, 21), (28, 22), (28, 22)]}, 78)