

CBSS-C STATS
starts:[103, 1000, 800, 283, 440, 327, 489, 487, 114, 635]
targets:[687, 630, 139, 989, 264, 955, 962, 605, 619, 772, 183, 454, 407, 932, 945]
dests:[645, 907, 662, 269, 848, 604, 255, 701, 854, 341]
ac_dict:{687: {0, 1}, 630: {1, 2}, 139: {2, 3}, 989: {3, 4}, 264: {4, 5}, 955: {5, 6}, 962: {6, 7}, 605: {8, 7}, 619: {8, 9}, 645: {0}, 907: {1}, 662: {2}, 269: {3}, 848: {4}, 604: {5}, 255: {6}, 701: {7}, 854: {8}, 341: {9}}
clusters:[6 9 0 1 2 5 2 2 0 0 3 4 7 2 8]

round: 2
best_g_value: 284.0
open_list_size: 1
num_low_level_expanded: 1204
search_success: 1
search_time: 1.024829648900777
n_tsp_call: 1
n_tsp_time: 0.9540398409590125
n_roots: 1
num_conflicts: 1
target_assignment: {454: 0, 687: 0, 772: 2, 630: 2, 989: 4, 945: 4, 183: 3, 605: 7, 955: 5, 407: 6}
cluster_target_selection: {4: 454, 6: 687, 0: 772, 9: 630, 1: 989, 8: 945, 3: 183, 2: 605, 5: 955, 7: 407}
num_nodes_transformed_graph: 98
agent_paths:({0: [(7, 3), (7, 4), (7, 5), (7, 6), (7, 7), (7, 8), (7, 9), (6, 9), (6, 10), (6, 11), (6, 12), (6, 13), (6, 14), (6, 15), (7, 15), (7, 16), (8, 16), (9, 16), (10, 16), (11, 16), (12, 16), (13, 16), (14, 16), (14, 17), (14, 18), (14, 19), (15, 19), (15, 20), (15, 21), (14, 21), (13, 21), (12, 21), (11, 21), (10, 21), (9, 21), (8, 21), (7, 21), (6, 21), (5, 21), (5, 20), (5, 20)], 1: [(8, 31), (8, 30), (8, 29), (8, 28), (9, 28), (10, 28), (11, 28), (11, 28)], 2: [(0, 25), (0, 24), (1, 24), (2, 24), (3, 24), (4, 24), (4, 23), (4, 22), (5, 22), (5, 21), (5, 20), (5, 19), (6, 19), (7, 19), (8, 19), (9, 19), (10, 19), (11, 19), (12, 19), (13, 19), (14, 19), (15, 19), (16, 19), (17, 19), (18, 19), (19, 19), (20, 19), (21, 19), (22, 19), (22, 20), (22, 20)], 3: [(27, 8), (27, 7), (26, 7), (25, 7), (25, 6), (24, 6), (23, 6), (23, 5), (23, 6), (22, 6), (21, 6), (20, 6), (19, 6), (18, 6), (17, 6), (16, 6), (15, 6), (14, 6), (13, 6), (13, 7), (13, 8), (13, 8)], 4: [(24, 13), (25, 13), (26, 13), (27, 13), (28, 13), (29, 13), (29, 14), (29, 15), (29, 16), (29, 17), (29, 18), (29, 19), (29, 20), (29, 21), (29, 22), (29, 23), (29, 24), (29, 25), (29, 26), (29, 27), (29, 28), (29, 29), (29, 30), (28, 30), (27, 30), (26, 30), (25, 30), (24, 30), (23, 30), (22, 30), (21, 30), (20, 30), (19, 30), (18, 30), (17, 30), (17, 29), (16, 29), (16, 28), (16, 27), (16, 26), (16, 26)], 5: [(7, 10), (8, 10), (9, 10), (10, 10), (11, 10), (12, 10), (13, 10), (14, 10), (15, 10), (16, 10), (16, 11), (17, 11), (18, 11), (19, 11), (19, 12), (20, 12), (21, 12), (22, 12), (23, 12), (24, 12), (25, 12), (26, 12), (26, 13), (27, 13), (27, 14), (27, 15), (27, 16), (27, 17), (27, 18), (27, 19), (27, 20), (27, 21), (27, 22), (27, 23), (27, 24), (27, 25), (27, 26), (27, 27), (27, 28), (27, 29), (27, 28), (27, 27), (27, 26), (27, 25), (27, 24), (27, 23), (27, 22), (27, 21), (27, 20), (27, 19), (27, 18), (28, 18), (28, 18)], 6: [(9, 15), (9, 14), (10, 14), (11, 14), (12, 14), (12, 13), (13, 13), (14, 13), (14, 12), (15, 12), (16, 12), (17, 12), (18, 12), (19, 12), (20, 12), (21, 12), (22, 12), (23, 12), (23, 11), (23, 10), (23, 9), (23, 8), (24, 8), (25, 8), (25, 7), (26, 7), (27, 7), (28, 7), (29, 7), (30, 7), (31, 7), (31, 7)], 7: [(7, 15), (7, 16), (8, 16), (9, 16), (10, 16), (11, 16), (12, 16), (13, 16), (14, 16), (15, 16), (16, 16), (17, 16), (17, 17), (18, 17), (19, 17), (20, 17), (21, 17), (22, 17), (23, 17), (24, 17), (25, 17), (26, 17), (27, 17), (27, 18), (28, 18), (29, 18), (29, 19), (29, 20), (29, 21), (29, 21)], 8: [(18, 3), (18, 4), (18, 5), (18, 6), (18, 7), (18, 8), (18, 9), (19, 9), (19, 10), (19, 11), (19, 12), (20, 12), (20, 13), (21, 13), (21, 14), (21, 15), (21, 16), (21, 17), (21, 18), (21, 19), (21, 20), (21, 21), (21, 22), (21, 23), (22, 23), (22, 24), (22, 25), (22, 26), (22, 26)], 9: [(27, 19), (27, 18), (26, 18), (25, 18), (24, 18), (23, 18), (22, 18), (21, 18), (21, 17), (21, 16), (21, 15), (21, 14), (21, 13), (21, 12), (21, 11), (21, 10), (21, 10)]}, 51)