

CBSS-C STATS
starts:[28, 745, 303, 777, 754]
targets:[584, 225, 30, 840, 925, 171, 919, 43, 449, 273, 783, 159, 24, 570, 6, 95, 156, 380, 229, 507]
dests:[928, 825, 318, 149, 8]
ac_dict:{584: {0, 1}, 225: {1, 2}, 30: {2, 3}, 840: {3, 4}, 928: {0}, 825: {1}, 318: {2}, 149: {3}, 8: {4}}
clusters:[2 6 6 1 4 8 3 0 9 8 4 8 3 4 3 5 7 6 7 6]

round: 2
best_g_value: 187.0
open_list_size: 1
num_low_level_expanded: 864
search_success: 1
search_time: 0.47168851736932993
n_tsp_call: 1
n_tsp_time: 0.4337926176376641
n_roots: 1
num_conflicts: 1
target_assignment: {95: 0, 156: 0, 584: 0, 449: 0, 840: 3, 171: 3, 783: 1, 43: 4, 6: 4, 380: 2}
cluster_target_selection: {5: 95, 7: 156, 2: 584, 9: 449, 1: 840, 8: 171, 4: 783, 0: 43, 3: 6, 6: 380}
num_nodes_transformed_graph: 52
agent_paths:({0: [(28, 0), (29, 0), (30, 0), (30, 1), (30, 2), (31, 2), (30, 2), (29, 2), (28, 2), (28, 3), (28, 4), (27, 4), (26, 4), (25, 4), (25, 5), (24, 5), (23, 5), (23, 6), (22, 6), (21, 6), (20, 6), (19, 6), (18, 6), (17, 6), (16, 6), (15, 6), (14, 6), (13, 6), (12, 6), (11, 6), (10, 6), (10, 7), (10, 8), (10, 9), (10, 10), (10, 11), (10, 12), (10, 13), (10, 14), (9, 14), (9, 15), (9, 16), (8, 16), (8, 17), (8, 18), (7, 18), (7, 17), (6, 17), (5, 17), (4, 17), (3, 17), (2, 17), (1, 17), (1, 16), (1, 15), (1, 14), (1, 15), (1, 16), (1, 17), (2, 17), (2, 18), (2, 19), (1, 19), (1, 20), (1, 21), (1, 22), (1, 23), (0, 23), (0, 24), (0, 25), (0, 26), (0, 27), (0, 28), (0, 29), (0, 29)], 1: [(9, 23), (10, 23), (11, 23), (12, 23), (12, 24), (13, 24), (14, 24), (15, 24), (16, 24), (17, 24), (18, 24), (19, 24), (20, 24), (20, 25), (21, 25), (22, 25), (23, 25), (24, 25), (25, 25), (25, 25)], 2: [(15, 9), (16, 9), (17, 9), (18, 9), (19, 9), (20, 9), (21, 9), (22, 9), (23, 9), (24, 9), (25, 9), (25, 10), (26, 10), (27, 10), (28, 10), (28, 11), (28, 10), (28, 9), (29, 9), (30, 9), (30, 9)], 3: [(9, 24), (8, 24), (8, 25), (8, 26), (8, 25), (8, 24), (8, 23), (8, 22), (8, 21), (8, 20), (8, 19), (8, 18), (8, 17), (8, 16), (9, 16), (9, 15), (9, 14), (10, 14), (10, 13), (10, 12), (10, 11), (10, 10), (10, 9), (10, 8), (10, 7), (10, 6), (10, 5), (11, 5), (12, 5), (13, 5), (14, 5), (15, 5), (16, 5), (16, 4), (17, 4), (18, 4), (19, 4), (20, 4), (21, 4), (21, 4)], 4: [(18, 23), (17, 23), (16, 23), (15, 23), (14, 23), (13, 23), (12, 23), (12, 22), (12, 21), (12, 20), (12, 19), (12, 18), (12, 17), (12, 16), (12, 15), (12, 14), (12, 13), (12, 12), (12, 11), (11, 11), (11, 10), (11, 9), (11, 8), (11, 7), (11, 6), (11, 5), (11, 4), (11, 3), (11, 2), (11, 1), (10, 1), (9, 1), (8, 1), (7, 1), (6, 1), (6, 0), (6, 1), (7, 1), (8, 1), (8, 0), (8, 0)]}, 73)