

CBSS-C STATS
starts:[347, 896, 1019, 808, 716]
targets:[458, 163, 353, 738, 913, 925, 357, 782, 754, 1002, 600, 68, 457, 440, 519, 281, 141, 663, 47, 629, 517, 503, 396, 813, 988, 990, 906, 409, 299, 325, 886, 692, 40, 174, 386, 238, 451, 98, 190, 356, 618, 497, 753, 136, 217, 340, 661, 64, 121, 106]
dests:[654, 165, 305, 367, 957]
ac_dict:{458: {0, 1}, 163: {1, 2}, 353: {2, 3}, 738: {3, 4}, 654: {0}, 165: {1}, 305: {2}, 367: {3}, 957: {4}}
clusters:[ 7 29 32 27  6  3 12 31  8  5  9 37  1 14 38  3 16 30  5 13 18 36 20  4
  6  2 25  2  4  7  8 19 35 21 23 26 15 34 10 11 24 17 33  0  0 28 39  9
 22  1]

round: 1
best_g_value: 230.0
open_list_size: 0
num_low_level_expanded: 489
search_success: 1
search_time: 5.472803614000441
n_tsp_call: 1
n_tsp_time: 5.405429398999331
n_roots: 1
num_conflicts: 0
target_assignment: {190: 0, 121: 0, 217: 0, 409: 0, 440: 0, 503: 0, 600: 0, 661: 0, 692: 0, 663: 2, 629: 2, 497: 2, 340: 2, 738: 3, 451: 3, 386: 3, 353: 3, 98: 3, 68: 3, 40: 3, 106: 3, 141: 3, 174: 3, 238: 3, 299: 3, 396: 3, 782: 4, 753: 4, 913: 4, 886: 4, 925: 4, 1002: 1, 906: 1, 618: 1, 519: 1, 517: 1, 356: 1, 357: 1, 325: 1, 163: 1}
cluster_target_selection: {10: 190, 22: 121, 0: 217, 2: 409, 14: 440, 36: 503, 9: 600, 39: 661, 19: 692, 30: 663, 13: 629, 17: 497, 28: 340, 27: 738, 15: 451, 23: 386, 32: 353, 34: 98, 37: 68, 35: 40, 1: 106, 16: 141, 21: 174, 26: 238, 4: 299, 20: 396, 31: 782, 33: 753, 6: 913, 8: 886, 3: 925, 5: 1002, 25: 906, 24: 618, 38: 519, 18: 517, 11: 356, 12: 357, 7: 325, 29: 163}
num_nodes_transformed_graph: 125
agent_paths:({0: [(27, 10), (27, 9), (27, 8), (27, 7), (27, 6), (27, 5), (28, 5), (29, 5), (30, 5), (29, 5), (28, 5), (27, 5), (26, 5), (25, 5), (25, 4), (25, 3), (25, 4), (25, 5), (25, 6), (25, 7), (25, 8), (25, 9), (25, 10), (25, 11), (25, 12), (24, 12), (24, 13), (23, 13), (23, 14), (23, 15), (24, 15), (24, 16), (24, 17), (24, 18), (23, 18), (22, 18), (21, 18), (21, 19), (21, 20), (20, 20), (20, 21), (19, 21), (18, 21), (17, 21), (16, 21), (15, 21), (14, 21), (14, 20), (14, 20)], 1: [(0, 28), (1, 28), (2, 28), (2, 29), (3, 29), (4, 29), (5, 29), (6, 29), (7, 29), (8, 29), (8, 30), (9, 30), (10, 30), (10, 31), (10, 30), (10, 29), (10, 28), (10, 27), (10, 26), (10, 25), (10, 24), (10, 23), (10, 22), (10, 21), (10, 20), (10, 19), (9, 19), (8, 19), (7, 19), (7, 18), (7, 17), (7, 16), (6, 16), (5, 16), (5, 15), (5, 14), (5, 13), (4, 13), (4, 12), (4, 11), (5, 11), (5, 10), (4, 10), (3, 10), (3, 9), (3, 8), (3, 7), (3, 6), (3, 5), (4, 5), (5, 5), (5, 5)], 2: [(27, 31), (26, 31), (25, 31), (24, 31), (24, 30), (24, 29), (24, 28), (24, 27), (24, 26), (24, 25), (24, 24), (24, 23), (24, 22), (23, 22), (23, 21), (23, 20), (22, 20), (21, 20), (21, 19), (20, 19), (19, 19), (18, 19), (18, 18), (18, 17), (17, 17), (17, 16), (17, 15), (17, 14), (17, 13), (17, 12), (17, 11), (18, 11), (18, 10), (19, 10), (20, 10), (19, 10), (18, 10), (18, 9), (17, 9), (17, 9)], 3: [(8, 25), (7, 25), (6, 25), (5, 25), (4, 25), (3, 25), (2, 25), (2, 24), (2, 23), (2, 22), (2, 21), (2, 20), (2, 19), (2, 18), (2, 17), (2, 16), (2, 15), (2, 14), (3, 14), (2, 14), (2, 13), (2, 12), (1, 12), (1, 11), (1, 10), (1, 9), (1, 8), (1, 7), (1, 6), (1, 5), (1, 4), (1, 3), (2, 3), (2, 2), (3, 2), (4, 2), (4, 1), (5, 1), (6, 1), (7, 1), (8, 1), (9, 1), (10, 1), (10, 2), (10, 3), (11, 3), (12, 3), (13, 3), (13, 4), (14, 4), (14, 5), (14, 6), (14, 7), (13, 7), (12, 7), (11, 7), (11, 8), (11, 9), (11, 10), (12, 10), (12, 11), (12, 12), (12, 11), (12, 10), (13, 10), (14, 10), (15, 10), (15, 11), (15, 11)], 4: [(12, 22), (13, 22), (13, 23), (14, 23), (14, 24), (14, 23), (15, 23), (16, 23), (17, 23), (17, 24), (17, 25), (17, 26), (17, 27), (17, 28), (17, 27), (18, 27), (19, 27), (20, 27), (21, 27), (22, 27), (23, 27), (24, 27), (25, 27), (26, 27), (27, 27), (28, 27), (29, 27), (29, 28), (29, 29), (29, 29)]}, 67)