

CBSS-C STATS
starts:[901, 44, 968, 220, 509, 987, 253, 405, 939, 349]
targets:[194, 962, 328, 977, 510, 73, 897, 467, 695, 144]
dests:[8, 324, 956, 887, 59, 141, 62, 398, 960, 344]
ac_dict:{194: {0, 1}, 962: {1, 2}, 328: {2, 3}, 977: {3, 4}, 510: {4, 5}, 73: {5, 6}, 897: {6, 7}, 467: {8, 7}, 695: {8, 9}, 8: {0}, 324: {1}, 956: {2}, 887: {3}, 59: {4}, 141: {5}, 62: {6}, 398: {7}, 960: {8}, 344: {9}}
clusters:[3 4 4 2 3 0 1 4 1 3]

round: 3
best_g_value: 250.0
open_list_size: 2
num_low_level_expanded: 1705
search_success: 1
search_time: 0.25488786213099957
n_tsp_call: 1
n_tsp_time: 0.19105486618354917
n_roots: 1
num_conflicts: 2
target_assignment: {467: 7, 144: 5, 73: 5, 977: 3, 695: 9}
cluster_target_selection: {4: 467, 3: 144, 0: 73, 2: 977, 1: 695}
num_nodes_transformed_graph: 48
agent_paths:({0: [(5, 28), (5, 27), (5, 26), (5, 25), (6, 25), (7, 25), (7, 24), (7, 23), (7, 22), (7, 21), (7, 20), (7, 19), (7, 18), (7, 17), (7, 16), (7, 15), (6, 15), (6, 14), (6, 13), (6, 12), (6, 11), (6, 10), (6, 9), (7, 9), (7, 8), (7, 7), (7, 6), (7, 5), (7, 4), (7, 3), (8, 3), (9, 3), (9, 2), (9, 1), (8, 1), (8, 0), (8, 0)], 1: [(12, 1), (11, 1), (10, 1), (9, 1), (8, 1), (7, 1), (6, 1), (5, 1), (5, 2), (5, 3), (5, 4), (5, 5), (5, 6), (5, 7), (4, 7), (4, 8), (4, 9), (4, 10), (4, 10)], 2: [(8, 30), (9, 30), (10, 30), (10, 29), (11, 29), (12, 29), (13, 29), (14, 29), (15, 29), (16, 29), (17, 29), (18, 29), (19, 29), (20, 29), (21, 29), (21, 30), (22, 30), (23, 30), (23, 29), (24, 29), (25, 29), (26, 29), (27, 29), (28, 29), (28, 29)], 3: [(28, 6), (27, 6), (26, 6), (25, 6), (24, 6), (23, 6), (22, 6), (21, 6), (20, 6), (20, 7), (20, 8), (20, 9), (19, 9), (19, 10), (19, 11), (19, 12), (19, 13), (19, 14), (19, 15), (19, 16), (19, 17), (18, 17), (18, 18), (18, 19), (17, 19), (17, 20), (17, 21), (17, 22), (17, 23), (17, 24), (17, 25), (17, 26), (17, 27), (17, 28), (17, 29), (17, 30), (17, 29), (17, 28), (17, 27), (18, 27), (19, 27), (20, 27), (21, 27), (22, 27), (23, 27), (23, 27)], 4: [(29, 15), (28, 15), (28, 14), (28, 13), (28, 12), (28, 11), (27, 11), (27, 10), (27, 9), (27, 8), (27, 7), (27, 6), (27, 5), (27, 4), (27, 3), (27, 2), (27, 1), (27, 1)], 5: [(27, 30), (26, 30), (25, 30), (24, 30), (23, 30), (22, 30), (21, 30), (20, 30), (19, 30), (18, 30), (17, 30), (16, 30), (16, 29), (16, 28), (16, 27), (16, 26), (16, 25), (16, 24), (16, 23), (16, 22), (16, 21), (16, 20), (16, 19), (16, 18), (16, 17), (16, 16), (16, 15), (16, 14), (16, 13), (16, 12), (16, 11), (16, 10), (16, 9), (16, 8), (16, 7), (16, 6), (16, 5), (16, 4), (16, 3), (16, 2), (16, 1), (15, 1), (14, 1), (13, 1), (12, 1), (11, 1), (10, 1), (9, 1), (9, 2), (10, 2), (11, 2), (12, 2), (13, 2), (13, 3), (13, 4), (13, 4)], 6: [(29, 7), (29, 6), (29, 5), (29, 4), (30, 4), (30, 3), (30, 2), (30, 1), (30, 1)], 7: [(21, 12), (20, 12), (19, 12), (19, 13), (19, 14), (18, 14), (17, 14), (16, 14), (15, 14), (14, 14), (14, 13), (14, 12), (14, 12)], 8: [(11, 29), (10, 29), (10, 28), (9, 28), (8, 28), (7, 28), (6, 28), (5, 28), (4, 28), (4, 29), (3, 29), (2, 29), (1, 29), (0, 29), (0, 30), (0, 30)], 9: [(29, 10), (28, 10), (27, 10), (26, 10), (25, 10), (24, 10), (23, 10), (23, 11), (23, 12), (23, 13), (23, 14), (23, 15), (23, 16), (23, 17), (23, 18), (23, 19), (23, 20), (23, 21), (23, 20), (23, 19), (23, 18), (23, 17), (23, 16), (23, 15), (23, 14), (23, 13), (23, 12), (23, 11), (23, 10), (24, 10), (24, 10)]}, 54)