

CBSS-C STATS
starts:[998, 536, 234, 784, 669]
targets:[596, 700, 202, 475, 795, 307, 244, 692, 335, 312, 772, 301, 538, 710, 195, 578, 672, 207, 95, 399, 906, 749, 407, 694, 13, 333, 849, 341, 237, 570, 6, 544, 555, 935, 130, 941, 957, 485, 912, 1009, 414, 880, 377, 30, 210, 909, 144, 286, 902, 540]
dests:[487, 448, 878, 914, 379]
ac_dict:{596: {0, 1}, 700: {1, 2}, 202: {2, 3}, 475: {3, 4}, 487: {0}, 448: {1}, 878: {2}, 914: {3}, 379: {4}}
clusters:[ 9  8  9 25  7 10 27  1  0 12 36 31 32 33 14 11 30 34 28 17  0  4 19  6
  5  6 35  3 13 23 20  2 24 39 15  7 37 29  8 16 26  5 18  3 22 21 38  4
  2  1]

round: 1
best_g_value: 232.0
open_list_size: 0
num_low_level_expanded: 530
search_success: 1
search_time: 3.9840773529995204
n_tsp_call: 1
n_tsp_time: 3.920167104999564
n_roots: 1
num_conflicts: 0
target_assignment: {935: 0, 902: 0, 772: 0, 710: 0, 672: 0, 578: 0, 485: 0, 957: 4, 795: 4, 570: 4, 538: 4, 540: 4, 475: 4, 414: 4, 286: 4, 95: 4, 244: 4, 307: 4, 341: 4, 312: 4, 377: 4, 407: 1, 399: 1, 335: 1, 849: 3, 880: 3, 912: 3, 1009: 3, 202: 2, 195: 2, 130: 2, 6: 2, 144: 2, 210: 2, 207: 2, 237: 2, 301: 2, 333: 2, 555: 2, 909: 2}
cluster_target_selection: {39: 935, 2: 902, 36: 772, 33: 710, 30: 672, 11: 578, 29: 485, 37: 957, 7: 795, 23: 570, 32: 538, 1: 540, 25: 475, 26: 414, 4: 286, 28: 95, 27: 244, 10: 307, 3: 341, 12: 312, 18: 377, 19: 407, 17: 399, 0: 335, 35: 849, 5: 880, 8: 912, 16: 1009, 9: 202, 14: 195, 15: 130, 20: 6, 38: 144, 22: 210, 34: 207, 13: 237, 31: 301, 6: 333, 24: 555, 21: 909}
num_nodes_transformed_graph: 124
agent_paths:({0: [(6, 31), (6, 30), (6, 29), (7, 29), (6, 29), (6, 28), (5, 28), (4, 28), (4, 27), (4, 26), (4, 25), (4, 24), (4, 23), (4, 22), (5, 22), (6, 22), (5, 22), (4, 22), (3, 22), (2, 22), (1, 22), (1, 21), (0, 21), (0, 20), (0, 19), (1, 19), (2, 19), (2, 18), (2, 17), (2, 16), (2, 15), (3, 15), (4, 15), (5, 15), (6, 15), (7, 15), (7, 15)], 1: [(24, 16), (23, 16), (23, 15), (23, 14), (23, 13), (23, 12), (22, 12), (21, 12), (20, 12), (19, 12), (18, 12), (17, 12), (16, 12), (15, 12), (15, 11), (15, 10), (14, 10), (13, 10), (12, 10), (11, 10), (10, 10), (9, 10), (8, 10), (7, 10), (6, 10), (5, 10), (4, 10), (3, 10), (2, 10), (1, 10), (1, 11), (1, 12), (1, 13), (1, 14), (0, 14), (0, 14)], 2: [(10, 7), (10, 6), (9, 6), (8, 6), (7, 6), (7, 5), (6, 5), (5, 5), (4, 5), (3, 5), (3, 6), (2, 6), (2, 5), (2, 4), (2, 3), (2, 2), (2, 1), (2, 0), (3, 0), (4, 0), (5, 0), (6, 0), (6, 1), (7, 1), (8, 1), (9, 1), (10, 1), (11, 1), (12, 1), (13, 1), (14, 1), (15, 1), (16, 1), (16, 2), (16, 3), (16, 4), (17, 4), (18, 4), (18, 5), (18, 6), (17, 6), (16, 6), (15, 6), (14, 6), (13, 6), (13, 7), (13, 8), (13, 9), (13, 10), (12, 10), (12, 11), (12, 12), (12, 13), (12, 14), (11, 14), (11, 15), (11, 16), (11, 17), (12, 17), (13, 17), (13, 18), (13, 19), (13, 20), (13, 21), (13, 22), (13, 23), (13, 24), (13, 25), (13, 26), (13, 27), (13, 28), (13, 27), (14, 27), (14, 27)], 3: [(16, 24), (17, 24), (17, 25), (17, 26), (16, 26), (16, 27), (16, 28), (17, 28), (17, 29), (17, 30), (17, 31), (17, 30), (17, 29), (17, 28), (18, 28), (18, 28)], 4: [(29, 20), (29, 21), (29, 22), (29, 23), (29, 24), (29, 25), (29, 26), (29, 27), (29, 28), (29, 29), (28, 29), (27, 29), (27, 28), (27, 27), (27, 26), (27, 25), (27, 24), (27, 23), (27, 22), (27, 21), (27, 20), (27, 19), (27, 18), (26, 18), (26, 17), (26, 16), (27, 16), (28, 16), (27, 16), (27, 15), (27, 14), (27, 13), (28, 13), (28, 12), (29, 12), (30, 12), (30, 11), (30, 10), (30, 9), (30, 8), (30, 7), (30, 6), (30, 5), (30, 4), (30, 3), (30, 2), (31, 2), (30, 2), (29, 2), (28, 2), (27, 2), (27, 3), (26, 3), (25, 3), (24, 3), (23, 3), (22, 3), (21, 3), (21, 4), (21, 5), (21, 6), (20, 6), (20, 7), (20, 8), (20, 9), (19, 9), (20, 9), (21, 9), (21, 10), (21, 9), (22, 9), (23, 9), (24, 9), (25, 9), (25, 10), (25, 11), (26, 11), (27, 11), (27, 11)]}, 77)