

CBSS-C STATS
starts:[436, 646, 22, 40, 208]
targets:[1013, 757, 622, 991, 970, 513, 218, 206, 710, 68, 73, 42, 205, 849, 612, 403, 28, 269, 692, 355, 728, 66, 628, 926, 256, 261, 794, 915, 824, 390, 474, 302, 222, 688, 807, 872, 65, 29, 132, 13, 818, 1008, 907, 11, 528, 120, 485, 499, 294, 1014]
dests:[734, 39, 303, 369, 653]
ac_dict:{1013: {0, 1}, 757: {1, 2}, 622: {2, 3}, 991: {3, 4}, 734: {0}, 39: {1}, 303: {2}, 369: {3}, 653: {4}}
clusters:[18 11 20  2 21 14 19 27 17  9  6  7  6 12 25 18 24 26  0 16  3 14 18  1
  3 15 29 28 18 17 23  4 18 12 20  0 10 27 22  5 29 16 13  7  8 29  2  4
 19  3]

round: 1
best_g_value: 209.0
open_list_size: 0
num_low_level_expanded: 444
search_success: 1
search_time: 6.636299614999189
n_tsp_call: 1
n_tsp_time: 6.577946405000148
n_roots: 1
num_conflicts: 0
target_assignment: {915: 0, 926: 0, 528: 4, 688: 4, 11: 3, 13: 3, 205: 3, 206: 3, 269: 3, 302: 3, 120: 2, 28: 2, 474: 2, 728: 2, 757: 2, 403: 2, 710: 1, 807: 1, 872: 1, 907: 1, 970: 1, 612: 1, 485: 1, 355: 1, 294: 1, 261: 1, 132: 1, 68: 1, 66: 1, 65: 1}
cluster_target_selection: {28: 915, 1: 926, 8: 528, 12: 688, 7: 11, 5: 13, 6: 205, 27: 206, 26: 269, 4: 302, 29: 120, 24: 28, 23: 474, 3: 728, 11: 757, 18: 403, 17: 710, 20: 807, 0: 872, 13: 907, 21: 970, 25: 612, 2: 485, 16: 355, 19: 294, 15: 261, 22: 132, 9: 68, 14: 66, 10: 65}
num_nodes_transformed_graph: 118
agent_paths:({0: [(20, 13), (19, 13), (19, 14), (19, 15), (19, 16), (19, 17), (19, 18), (19, 19), (19, 20), (19, 21), (19, 22), (19, 23), (19, 24), (19, 25), (19, 26), (19, 27), (19, 28), (20, 28), (20, 27), (21, 27), (22, 27), (23, 27), (24, 27), (25, 27), (26, 27), (27, 27), (28, 27), (29, 27), (30, 27), (30, 28), (30, 27), (30, 26), (30, 25), (30, 24), (30, 23), (30, 22), (30, 22)], 1: [(6, 20), (6, 21), (6, 22), (7, 22), (7, 23), (7, 24), (7, 25), (8, 25), (8, 26), (8, 27), (9, 27), (10, 27), (11, 27), (11, 28), (10, 28), (10, 29), (10, 30), (9, 30), (8, 30), (8, 29), (8, 28), (8, 27), (8, 26), (7, 26), (7, 25), (7, 24), (7, 23), (6, 23), (5, 23), (5, 22), (5, 21), (5, 20), (5, 19), (4, 19), (4, 18), (4, 17), (4, 16), (4, 15), (5, 15), (4, 15), (3, 15), (3, 14), (3, 13), (3, 12), (3, 11), (3, 10), (3, 9), (4, 9), (5, 9), (6, 9), (5, 9), (5, 8), (5, 7), (5, 6), (5, 5), (4, 5), (4, 4), (4, 3), (4, 2), (3, 2), (2, 2), (1, 2), (1, 1), (2, 1), (3, 1), (4, 1), (5, 1), (6, 1), (7, 1), (7, 1)], 2: [(22, 0), (23, 0), (24, 0), (24, 1), (24, 2), (24, 3), (25, 3), (26, 3), (27, 3), (27, 2), (27, 1), (27, 0), (28, 0), (27, 0), (27, 1), (27, 2), (27, 3), (27, 4), (27, 5), (27, 6), (27, 7), (27, 8), (27, 9), (27, 10), (26, 10), (26, 11), (26, 12), (26, 13), (26, 14), (25, 14), (24, 14), (24, 15), (24, 16), (24, 17), (24, 18), (24, 19), (24, 20), (24, 21), (24, 22), (23, 22), (23, 21), (22, 21), (21, 21), (21, 22), (21, 23), (21, 22), (20, 22), (19, 22), (19, 21), (19, 20), (19, 19), (19, 18), (19, 17), (19, 16), (19, 15), (19, 14), (19, 13), (19, 12), (18, 12), (17, 12), (16, 12), (15, 12), (15, 11), (15, 10), (15, 9), (15, 9)], 3: [(8, 1), (8, 0), (9, 0), (10, 0), (11, 0), (12, 0), (13, 0), (13, 1), (13, 2), (13, 3), (13, 4), (13, 5), (13, 6), (14, 6), (13, 6), (13, 7), (13, 8), (13, 9), (14, 9), (15, 9), (16, 9), (16, 10), (16, 11), (17, 11), (17, 11)], 4: [(16, 6), (16, 7), (16, 8), (16, 9), (16, 10), (16, 11), (16, 12), (16, 13), (16, 14), (16, 15), (16, 16), (16, 17), (16, 18), (16, 19), (16, 20), (16, 21), (15, 21), (14, 21), (13, 21), (13, 20), (13, 20)]}, 68)