

CBSS-C STATS
starts:[467, 528, 788, 538, 940, 85, 22, 386, 867, 461]
targets:[28, 621, 101, 444, 570, 750, 315, 851, 894, 316]
dests:[341, 613, 776, 720, 557, 935, 126, 831, 246, 129]
ac_dict:{28: {0, 1}, 621: {1, 2}, 101: {2, 3}, 444: {3, 4}, 570: {4, 5}, 750: {5, 6}, 315: {6, 7}, 851: {8, 7}, 894: {8, 9}, 341: {0}, 613: {1}, 776: {2}, 720: {3}, 557: {4}, 935: {5}, 126: {6}, 831: {7}, 246: {8}, 129: {9}}
clusters:[0 2 4 1 4 3 0 4 2 3]

round: 3
best_g_value: 238.0
open_list_size: 2
num_low_level_expanded: 1963
search_success: 1
search_time: 0.313490959815681
n_tsp_call: 1
n_tsp_time: 0.2525729010812938
n_roots: 1
num_conflicts: 2
target_assignment: {315: 7, 316: 7, 621: 1, 851: 8, 444: 3}
cluster_target_selection: {0: 315, 3: 316, 2: 621, 4: 851, 1: 444}
num_nodes_transformed_graph: 48
agent_paths:({0: [(19, 14), (19, 13), (19, 12), (19, 11), (19, 10), (20, 10), (21, 10), (21, 10)], 1: [(16, 16), (15, 16), (14, 16), (13, 16), (13, 17), (13, 18), (13, 19), (12, 19), (11, 19), (10, 19), (9, 19), (8, 19), (7, 19), (6, 19), (5, 19), (5, 19)], 2: [(20, 24), (19, 24), (18, 24), (17, 24), (16, 24), (15, 24), (14, 24), (13, 24), (12, 24), (11, 24), (10, 24), (9, 24), (8, 24), (8, 24)], 3: [(26, 16), (26, 15), (26, 14), (26, 13), (27, 13), (28, 13), (27, 13), (26, 13), (25, 13), (24, 13), (23, 13), (22, 13), (21, 13), (20, 13), (19, 13), (18, 13), (17, 13), (16, 13), (16, 14), (16, 15), (16, 16), (16, 17), (16, 18), (16, 19), (16, 20), (16, 21), (16, 22), (16, 22)], 4: [(12, 29), (12, 28), (12, 27), (12, 26), (12, 25), (12, 24), (12, 23), (12, 22), (12, 21), (12, 20), (12, 19), (12, 18), (12, 17), (13, 17), (13, 17)], 5: [(21, 2), (20, 2), (20, 3), (19, 3), (18, 3), (17, 3), (16, 3), (16, 4), (16, 5), (15, 5), (14, 5), (13, 5), (12, 5), (11, 5), (10, 5), (10, 6), (10, 7), (10, 8), (10, 9), (10, 10), (10, 11), (10, 12), (10, 13), (10, 14), (9, 14), (9, 15), (9, 16), (9, 17), (9, 18), (9, 19), (9, 20), (9, 21), (9, 22), (9, 23), (9, 24), (9, 25), (8, 25), (8, 26), (8, 27), (8, 28), (7, 28), (7, 29), (7, 29)], 6: [(22, 0), (23, 0), (24, 0), (24, 1), (24, 2), (25, 2), (25, 3), (26, 3), (27, 3), (28, 3), (28, 2), (29, 2), (30, 2), (30, 3), (30, 3)], 7: [(2, 12), (2, 11), (2, 10), (3, 10), (4, 10), (5, 10), (6, 10), (7, 10), (8, 10), (9, 10), (10, 10), (11, 10), (12, 10), (13, 10), (13, 9), (14, 9), (15, 9), (16, 9), (17, 9), (18, 9), (19, 9), (20, 9), (21, 9), (22, 9), (23, 9), (24, 9), (25, 9), (25, 10), (26, 10), (27, 10), (27, 9), (28, 9), (29, 9), (29, 10), (29, 11), (29, 12), (29, 13), (29, 14), (29, 15), (29, 16), (29, 17), (29, 18), (29, 19), (29, 20), (29, 21), (29, 22), (30, 22), (31, 22), (31, 23), (31, 24), (31, 25), (31, 25)], 8: [(3, 27), (3, 26), (4, 26), (5, 26), (6, 26), (7, 26), (8, 26), (9, 26), (10, 26), (11, 26), (12, 26), (13, 26), (13, 25), (14, 25), (15, 25), (16, 25), (17, 25), (18, 25), (19, 25), (19, 26), (19, 25), (19, 24), (19, 23), (19, 22), (19, 21), (19, 20), (19, 19), (19, 18), (19, 17), (19, 16), (19, 15), (19, 14), (19, 13), (19, 12), (19, 11), (19, 10), (19, 9), (20, 9), (20, 8), (20, 7), (21, 7), (22, 7), (22, 7)], 9: [(13, 14), (12, 14), (11, 14), (10, 14), (10, 13), (10, 12), (10, 11), (10, 10), (10, 9), (9, 9), (9, 8), (8, 8), (7, 8), (7, 7), (6, 7), (5, 7), (4, 7), (3, 7), (2, 7), (1, 7), (1, 6), (1, 5), (1, 4), (1, 4)]}, 50)