

CBSS-C STATS
starts:[116, 827, 760, 738, 660]
targets:[848, 954, 28, 6, 819, 525, 174, 110, 1011, 73, 752, 301, 821, 170, 444, 338, 834, 321, 269, 671, 867, 977, 569, 422, 974, 595, 624, 828, 786, 913, 600, 618, 266, 692, 876, 955, 132, 317, 369, 219]
dests:[932, 342, 844, 730, 997]
ac_dict:{848: {0, 1}, 954: {1, 2}, 28: {2, 3}, 6: {3, 4}, 932: {0}, 342: {1}, 844: {2}, 730: {3}, 997: {4}}
clusters:[12 10  6 16  5 24  1 15 10  8  2 22  0  0 17 20  1  6 14 14  3  8  4  3
 13 18  7 23  9  4 12 13 11  7 11  5 19 21  2  9]

round: 1
best_g_value: 198.0
open_list_size: 0
num_low_level_expanded: 473
search_success: 1
search_time: 2.6880899949992454
n_tsp_call: 1
n_tsp_time: 2.6401246270006595
n_roots: 1
num_conflicts: 0
target_assignment: {174: 0, 110: 0, 269: 0, 301: 0, 525: 0, 867: 0, 828: 1, 444: 1, 317: 1, 821: 2, 819: 2, 692: 4, 786: 4, 913: 4, 1011: 4, 974: 4, 321: 3, 132: 3, 6: 3, 73: 3, 266: 3, 369: 3, 338: 3, 595: 3, 600: 3}
cluster_target_selection: {1: 174, 15: 110, 14: 269, 22: 301, 24: 525, 3: 867, 23: 828, 17: 444, 21: 317, 0: 821, 5: 819, 7: 692, 9: 786, 4: 913, 10: 1011, 13: 974, 6: 321, 19: 132, 16: 6, 8: 73, 11: 266, 2: 369, 20: 338, 18: 595, 12: 600}
num_nodes_transformed_graph: 99
agent_paths:({0: [(20, 3), (19, 3), (18, 3), (17, 3), (16, 3), (16, 4), (16, 5), (15, 5), (14, 5), (14, 4), (14, 3), (13, 3), (13, 4), (13, 5), (13, 6), (13, 7), (13, 8), (13, 9), (13, 10), (12, 10), (12, 11), (12, 12), (12, 13), (13, 13), (13, 14), (13, 15), (13, 16), (12, 16), (11, 16), (10, 16), (9, 16), (8, 16), (7, 16), (6, 16), (5, 16), (5, 17), (5, 18), (5, 19), (5, 20), (5, 21), (5, 22), (4, 22), (3, 22), (3, 23), (3, 24), (3, 25), (3, 26), (3, 27), (4, 27), (4, 28), (4, 29), (4, 29)], 1: [(27, 25), (28, 25), (28, 24), (27, 24), (27, 23), (27, 22), (27, 21), (27, 20), (27, 19), (27, 18), (27, 17), (27, 16), (27, 15), (27, 14), (27, 13), (28, 13), (28, 12), (28, 11), (28, 10), (28, 9), (29, 9), (28, 9), (27, 9), (27, 10), (26, 10), (25, 10), (24, 10), (23, 10), (22, 10), (22, 10)], 2: [(24, 23), (24, 24), (23, 24), (22, 24), (22, 25), (21, 25), (20, 25), (19, 25), (18, 25), (17, 25), (16, 25), (15, 25), (14, 25), (13, 25), (12, 25), (12, 26), (12, 26)], 3: [(2, 23), (2, 22), (2, 21), (2, 20), (2, 19), (2, 18), (2, 17), (1, 17), (1, 16), (1, 15), (1, 14), (1, 13), (1, 12), (1, 11), (1, 10), (1, 9), (1, 8), (1, 7), (1, 6), (1, 5), (1, 4), (2, 4), (3, 4), (4, 4), (4, 3), (4, 2), (4, 1), (4, 0), (5, 0), (6, 0), (6, 1), (7, 1), (8, 1), (9, 1), (9, 2), (10, 2), (10, 3), (10, 4), (10, 5), (10, 6), (10, 7), (10, 8), (11, 8), (11, 9), (11, 10), (12, 10), (13, 10), (14, 10), (15, 10), (16, 10), (16, 11), (17, 11), (18, 11), (18, 10), (19, 10), (19, 11), (19, 12), (19, 13), (19, 14), (19, 15), (19, 16), (19, 17), (19, 18), (20, 18), (21, 18), (22, 18), (23, 18), (24, 18), (25, 18), (25, 19), (25, 20), (26, 20), (26, 21), (26, 22), (26, 22)], 4: [(20, 20), (20, 21), (19, 21), (18, 21), (18, 22), (18, 23), (18, 24), (17, 24), (17, 25), (17, 26), (17, 27), (17, 28), (18, 28), (19, 28), (19, 29), (19, 30), (19, 31), (18, 31), (17, 31), (16, 31), (15, 31), (14, 31), (14, 30), (13, 30), (12, 30), (11, 30), (10, 30), (9, 30), (8, 30), (7, 30), (6, 30), (5, 30), (5, 31), (5, 31)]}, 73)