

CBSS-C STATS
starts:[118, 542, 1011, 910, 993]
targets:[768, 971, 51, 467, 1000, 832, 179, 887, 781, 241]
dests:[351, 915, 1022, 932, 742]
ac_dict:{768: {0, 1}, 971: {1, 2}, 51: {2, 3}, 467: {3, 4}, 351: {0}, 915: {1}, 1022: {2}, 932: {3}, 742: {4}}
clusters:[0 2 3 3 4 1 3 4 0 4]

round: 1
best_g_value: 110.0
open_list_size: 0
num_low_level_expanded: 320
search_success: 1
search_time: 0.06728072604164481
n_tsp_call: 1
n_tsp_time: 0.05108560295775533
n_roots: 1
num_conflicts: 0
target_assignment: {179: 0, 832: 4, 887: 1, 781: 3, 971: 2}
cluster_target_selection: {3: 179, 1: 832, 4: 887, 0: 781, 2: 971}
num_nodes_transformed_graph: 26
agent_paths:({0: [(22, 3), (21, 3), (20, 3), (19, 3), (19, 4), (19, 5), (19, 6), (20, 6), (21, 6), (22, 6), (23, 6), (24, 6), (25, 6), (26, 6), (27, 6), (28, 6), (29, 6), (30, 6), (31, 6), (31, 7), (31, 8), (31, 9), (31, 10), (31, 10)], 1: [(30, 16), (29, 16), (28, 16), (27, 16), (26, 16), (25, 16), (24, 16), (24, 17), (24, 18), (24, 19), (24, 20), (24, 21), (24, 22), (24, 23), (24, 24), (23, 24), (23, 25), (23, 26), (23, 27), (22, 27), (21, 27), (20, 27), (19, 27), (19, 28), (19, 28)], 2: [(19, 31), (18, 31), (17, 31), (16, 31), (15, 31), (14, 31), (13, 31), (12, 31), (11, 31), (11, 30), (12, 30), (13, 30), (14, 30), (14, 31), (15, 31), (16, 31), (17, 31), (18, 31), (19, 31), (20, 31), (21, 31), (22, 31), (22, 30), (23, 30), (24, 30), (25, 30), (26, 30), (27, 30), (28, 30), (29, 30), (30, 30), (30, 31), (30, 31)], 3: [(14, 28), (13, 28), (13, 27), (13, 26), (13, 25), (13, 24), (12, 24), (11, 24), (10, 24), (9, 24), (8, 24), (7, 24), (7, 25), (6, 25), (5, 25), (4, 25), (4, 26), (4, 27), (4, 28), (4, 29), (4, 29)], 4: [(1, 31), (0, 31), (0, 30), (0, 29), (0, 28), (0, 27), (0, 26), (0, 25), (0, 24), (0, 23), (1, 23), (2, 23), (3, 23), (4, 23), (5, 23), (6, 23), (6, 23)]}, 31)