

CBSS-C STATS
starts:[546, 24, 349, 701, 941]
targets:[39, 489, 158, 9, 647, 847, 86, 485, 523, 541, 289, 1006, 877, 997, 912, 273, 875, 338, 751, 700, 802, 297, 116, 306, 127, 618, 848, 862, 532, 505, 1019, 598, 203, 922, 13, 608, 3, 547, 998, 311]
dests:[100, 928, 313, 978, 638]
ac_dict:{39: {0, 1}, 489: {1, 2}, 158: {2, 3}, 9: {3, 4}, 100: {0}, 928: {1}, 313: {2}, 978: {3}, 638: {4}}
clusters:[12 19 10 17 10 23 22 21 10  8  6 10  2 21 10 20  9  2 11  2  1  1  0 17
 13  0 17 16 15  5 19 22 18  7  5 11 14 24  4  3]

round: 1
best_g_value: 191.0
open_list_size: 0
num_low_level_expanded: 419
search_success: 1
search_time: 1.9323400789999141
n_tsp_call: 1
n_tsp_time: 1.8885820769992279
n_roots: 1
num_conflicts: 0
target_assignment: {547: 0, 862: 3, 922: 3, 1019: 3, 158: 2, 127: 2, 311: 2, 86: 1, 116: 1, 273: 1, 203: 1, 39: 1, 3: 1, 289: 1, 802: 1, 997: 1, 998: 1, 877: 4, 875: 4, 848: 4, 847: 4, 751: 4, 532: 4, 505: 4, 541: 4}
cluster_target_selection: {24: 547, 16: 862, 7: 922, 19: 1019, 10: 158, 13: 127, 3: 311, 22: 86, 0: 116, 20: 273, 18: 203, 12: 39, 14: 3, 6: 289, 1: 802, 21: 997, 4: 998, 2: 877, 9: 875, 17: 848, 23: 847, 11: 751, 15: 532, 5: 505, 8: 541}
num_nodes_transformed_graph: 98
agent_paths:({0: [(2, 17), (3, 17), (3, 16), (3, 15), (3, 14), (3, 13), (3, 12), (3, 11), (3, 10), (3, 9), (3, 8), (3, 7), (3, 6), (3, 5), (3, 4), (3, 3), (4, 3), (4, 3)], 1: [(24, 0), (23, 0), (22, 0), (22, 1), (22, 2), (21, 2), (20, 2), (20, 3), (19, 3), (18, 3), (17, 3), (17, 4), (17, 5), (17, 6), (17, 7), (17, 8), (16, 8), (16, 7), (15, 7), (14, 7), (13, 7), (12, 7), (11, 7), (11, 6), (10, 6), (10, 5), (10, 4), (9, 4), (9, 3), (9, 2), (9, 1), (8, 1), (7, 1), (6, 1), (5, 1), (4, 1), (3, 1), (3, 0), (2, 0), (1, 0), (1, 1), (1, 2), (1, 3), (1, 4), (1, 5), (1, 6), (1, 7), (1, 8), (1, 9), (2, 9), (2, 10), (2, 11), (2, 12), (2, 13), (2, 14), (2, 15), (2, 16), (2, 17), (2, 18), (2, 19), (2, 20), (2, 21), (2, 22), (2, 23), (2, 24), (2, 25), (3, 25), (4, 25), (5, 25), (5, 26), (5, 27), (5, 28), (5, 29), (5, 30), (5, 31), (6, 31), (5, 31), (5, 30), (5, 29), (4, 29), (3, 29), (2, 29), (1, 29), (0, 29), (0, 29)], 2: [(29, 10), (29, 9), (29, 8), (29, 7), (29, 6), (29, 5), (29, 4), (30, 4), (30, 3), (31, 3), (30, 3), (30, 4), (29, 4), (28, 4), (27, 4), (26, 4), (25, 4), (25, 5), (25, 6), (25, 7), (25, 8), (24, 8), (23, 8), (23, 9), (24, 9), (25, 9), (25, 9)], 3: [(29, 21), (29, 22), (30, 22), (30, 23), (30, 24), (30, 25), (30, 26), (29, 26), (29, 27), (28, 27), (27, 27), (26, 27), (26, 28), (27, 28), (27, 29), (27, 30), (27, 31), (26, 31), (25, 31), (24, 31), (24, 30), (23, 30), (22, 30), (21, 30), (20, 30), (19, 30), (18, 30), (18, 30)], 4: [(13, 29), (13, 28), (13, 27), (12, 27), (11, 27), (12, 27), (13, 27), (14, 27), (15, 27), (15, 26), (16, 26), (15, 26), (15, 25), (15, 24), (15, 23), (15, 22), (15, 21), (15, 20), (15, 19), (16, 19), (16, 18), (16, 17), (17, 17), (18, 17), (19, 17), (19, 16), (20, 16), (21, 16), (21, 15), (22, 15), (23, 15), (24, 15), (25, 15), (26, 15), (27, 15), (28, 15), (29, 15), (29, 16), (30, 16), (30, 17), (30, 18), (30, 19), (30, 19)]}, 83)