

CBSS-C STATS
starts:[592, 630, 631, 782, 998, 928, 997, 927, 688, 331]
targets:[321, 940, 25, 627, 37, 40, 847, 309, 95, 811, 499, 352, 781, 356, 301]
dests:[43, 866, 410, 0, 487, 311, 723, 921, 217, 158]
ac_dict:{321: {0, 1}, 940: {1, 2}, 25: {2, 3}, 627: {3, 4}, 37: {4, 5}, 40: {5, 6}, 847: {6, 7}, 309: {8, 7}, 95: {8, 9}, 43: {0}, 866: {1}, 410: {2}, 0: {3}, 487: {4}, 311: {5}, 723: {6}, 921: {7}, 217: {8}, 158: {9}}
clusters:[8 9 5 2 7 6 0 2 2 3 4 4 6 1 1]

round: 6
best_g_value: 304.0
open_list_size: 5
num_low_level_expanded: 3647
search_success: 1
search_time: 17.96303430898115
n_tsp_call: 17
n_tsp_time: 15.809384068939835
n_roots: 1
num_conflicts: 5
target_assignment: {356: 0, 321: 0, 25: 3, 37: 5, 811: 6, 847: 6, 781: 1, 940: 1, 499: 8, 309: 8}
cluster_target_selection: {1: 356, 8: 321, 5: 25, 7: 37, 3: 811, 0: 847, 6: 781, 9: 940, 4: 499, 2: 309}
num_nodes_transformed_graph: 98
agent_paths:({0: [(16, 18), (16, 17), (15, 17), (14, 17), (13, 17), (12, 17), (11, 17), (10, 17), (9, 17), (8, 17), (7, 17), (6, 17), (5, 17), (5, 16), (5, 15), (5, 14), (5, 13), (4, 13), (4, 12), (4, 11), (3, 11), (2, 11), (1, 11), (1, 10), (1, 9), (1, 8), (1, 7), (1, 6), (1, 5), (1, 4), (1, 3), (1, 2), (1, 1), (2, 1), (3, 1), (4, 1), (5, 1), (6, 1), (7, 1), (8, 1), (9, 1), (10, 1), (11, 1), (11, 1)], 1: [(22, 19), (21, 19), (20, 19), (19, 19), (18, 19), (17, 19), (17, 20), (16, 20), (15, 20), (14, 20), (13, 20), (13, 21), (13, 22), (13, 23), (13, 24), (12, 24), (12, 25), (12, 26), (12, 27), (12, 28), (12, 29), (11, 29), (10, 29), (10, 28), (9, 28), (8, 28), (7, 28), (6, 28), (5, 28), (4, 28), (4, 27), (3, 27), (2, 27), (2, 27)], 2: [(23, 19), (23, 18), (23, 17), (23, 16), (23, 15), (23, 14), (23, 13), (23, 12), (24, 12), (25, 12), (26, 12), (26, 12)], 3: [(14, 24), (14, 23), (15, 23), (15, 22), (15, 21), (15, 20), (15, 19), (16, 19), (16, 18), (16, 17), (16, 16), (16, 15), (16, 14), (16, 13), (16, 12), (16, 11), (16, 10), (16, 9), (16, 8), (16, 7), (16, 6), (16, 5), (16, 4), (16, 3), (16, 2), (16, 1), (17, 1), (18, 1), (19, 1), (19, 0), (20, 0), (21, 0), (22, 0), (23, 0), (24, 0), (25, 0), (24, 0), (23, 0), (22, 0), (21, 0), (20, 0), (19, 0), (19, 1), (18, 1), (17, 1), (16, 1), (15, 1), (14, 1), (13, 1), (12, 1), (12, 0), (11, 0), (10, 0), (9, 0), (8, 0), (8, 1), (7, 1), (6, 1), (5, 1), (4, 1), (3, 1), (2, 1), (1, 1), (0, 1), (0, 0), (0, 0)], 4: [(6, 31), (6, 30), (6, 29), (6, 28), (6, 27), (6, 26), (6, 25), (7, 25), (7, 24), (7, 23), (7, 22), (7, 21), (7, 20), (7, 19), (7, 18), (7, 17), (7, 16), (7, 15), (7, 15)], 5: [(0, 29), (0, 28), (0, 27), (0, 26), (0, 25), (0, 24), (0, 23), (1, 23), (1, 22), (1, 21), (1, 20), (1, 19), (2, 19), (2, 18), (2, 17), (2, 16), (2, 15), (2, 14), (2, 13), (2, 12), (2, 11), (2, 10), (2, 9), (3, 9), (3, 8), (3, 7), (3, 6), (3, 5), (3, 4), (3, 3), (3, 2), (3, 1), (4, 1), (5, 1), (6, 1), (7, 1), (8, 1), (9, 1), (10, 1), (11, 1), (12, 1), (13, 1), (14, 1), (14, 2), (14, 3), (14, 4), (14, 5), (15, 5), (16, 5), (17, 5), (18, 5), (19, 5), (19, 6), (20, 6), (21, 6), (22, 6), (22, 7), (22, 8), (23, 8), (23, 9), (23, 9)], 6: [(5, 31), (5, 30), (5, 29), (5, 28), (5, 27), (5, 26), (5, 25), (6, 25), (7, 25), (8, 25), (9, 25), (10, 25), (11, 25), (12, 25), (13, 25), (14, 25), (15, 25), (15, 26), (15, 25), (15, 24), (15, 23), (15, 22), (16, 22), (17, 22), (18, 22), (19, 22), (19, 22)], 7: [(31, 28), (30, 28), (29, 28), (28, 28), (27, 28), (26, 28), (25, 28), (25, 28)], 8: [(16, 21), (16, 20), (16, 19), (16, 18), (16, 17), (16, 16), (16, 15), (17, 15), (18, 15), (19, 15), (19, 14), (19, 13), (19, 12), (19, 11), (19, 10), (19, 9), (20, 9), (21, 9), (21, 8), (21, 7), (21, 6), (22, 6), (23, 6), (24, 6), (25, 6), (25, 6)], 9: [(11, 10), (11, 9), (11, 8), (11, 7), (11, 6), (12, 6), (13, 6), (14, 6), (15, 6), (16, 6), (17, 6), (18, 6), (19, 6), (20, 6), (21, 6), (22, 6), (23, 6), (23, 5), (24, 5), (25, 5), (25, 4), (26, 4), (27, 4), (28, 4), (29, 4), (30, 4), (30, 4)]}, 64)