

CBSS-C STATS
starts:[468, 807, 740, 877, 594]
targets:[78, 749, 401, 172, 117, 670, 613, 584, 351, 618, 393, 864, 412, 256, 1010, 188, 155, 784, 151, 302, 944, 409, 988, 86, 541, 814, 49, 621, 963, 954, 291, 403, 652, 432, 433, 966, 660, 234, 9, 869, 941, 47, 632, 1000, 459, 891, 938, 965, 88, 542]
dests:[625, 690, 317, 667, 272]
ac_dict:{78: {0, 1}, 749: {1, 2}, 401: {2, 3}, 172: {3, 4}, 625: {0}, 690: {1}, 317: {2}, 667: {3}, 272: {4}}
clusters:[17  3 20 35 28 39 15  6 31  4 38 16 18  6  1 19 27 12  9  2  3  8  7 33
 10  7 21 23 32 14  0 24  4  5 29 26 11  8  1 34  5 30 37  2 25 22  0  9
 36 13]

round: 1
best_g_value: 235.0
open_list_size: 0
num_low_level_expanded: 494
search_success: 1
search_time: 4.620754095998564
n_tsp_call: 1
n_tsp_time: 4.554005611998946
n_roots: 1
num_conflicts: 0
target_assignment: {49: 0, 47: 0, 78: 0, 869: 1, 864: 1, 963: 1, 965: 1, 966: 1, 1000: 1, 938: 1, 814: 1, 784: 1, 660: 1, 941: 3, 944: 3, 1010: 3, 954: 3, 891: 3, 632: 3, 541: 3, 542: 3, 670: 3, 613: 2, 584: 2, 618: 2, 621: 2, 433: 2, 401: 2, 403: 2, 117: 2, 86: 2, 88: 2, 155: 2, 188: 2, 412: 2, 351: 2, 459: 4, 393: 4, 234: 4, 172: 4}
cluster_target_selection: {21: 49, 30: 47, 17: 78, 34: 869, 16: 864, 32: 963, 9: 965, 26: 966, 2: 1000, 0: 938, 7: 814, 12: 784, 11: 660, 5: 941, 3: 944, 1: 1010, 14: 954, 22: 891, 37: 632, 10: 541, 13: 542, 39: 670, 15: 613, 6: 584, 4: 618, 23: 621, 29: 433, 20: 401, 24: 403, 28: 117, 33: 86, 36: 88, 27: 155, 19: 188, 18: 412, 31: 351, 25: 459, 38: 393, 8: 234, 35: 172}
num_nodes_transformed_graph: 125
agent_paths:({0: [(20, 14), (19, 14), (18, 14), (18, 13), (18, 12), (18, 11), (18, 10), (18, 9), (17, 9), (17, 8), (17, 7), (17, 6), (17, 5), (17, 4), (17, 3), (17, 2), (17, 1), (16, 1), (15, 1), (14, 1), (14, 2), (14, 3), (14, 4), (14, 5), (15, 5), (16, 5), (16, 6), (16, 7), (16, 8), (16, 9), (16, 10), (16, 11), (16, 12), (16, 13), (16, 14), (16, 15), (16, 16), (16, 17), (16, 18), (16, 19), (17, 19), (17, 19)], 1: [(7, 25), (6, 25), (5, 25), (5, 26), (5, 27), (4, 27), (3, 27), (2, 27), (1, 27), (0, 27), (1, 27), (2, 27), (2, 28), (2, 29), (3, 29), (3, 30), (3, 29), (4, 29), (5, 29), (5, 30), (6, 30), (7, 30), (8, 30), (8, 31), (8, 30), (9, 30), (10, 30), (10, 29), (10, 28), (10, 27), (10, 26), (10, 25), (11, 25), (12, 25), (13, 25), (14, 25), (14, 24), (15, 24), (16, 24), (16, 23), (16, 22), (16, 21), (16, 20), (17, 20), (18, 20), (19, 20), (20, 20), (19, 20), (18, 20), (18, 21), (18, 21)], 2: [(4, 23), (4, 22), (5, 22), (5, 21), (5, 20), (5, 19), (6, 19), (7, 19), (7, 18), (8, 18), (9, 18), (10, 18), (10, 19), (11, 19), (12, 19), (13, 19), (13, 18), (13, 17), (13, 16), (13, 15), (13, 14), (13, 13), (14, 13), (15, 13), (16, 13), (17, 13), (17, 12), (18, 12), (19, 12), (19, 11), (19, 10), (19, 9), (20, 9), (20, 8), (20, 7), (20, 6), (21, 6), (21, 5), (21, 4), (21, 3), (21, 2), (22, 2), (23, 2), (24, 2), (25, 2), (25, 3), (26, 3), (27, 3), (27, 4), (28, 4), (28, 5), (28, 6), (28, 7), (28, 8), (28, 9), (28, 10), (28, 11), (28, 12), (28, 11), (28, 10), (29, 10), (30, 10), (31, 10), (30, 10), (29, 10), (29, 9), (29, 9)], 3: [(13, 27), (13, 28), (13, 29), (14, 29), (15, 29), (16, 29), (17, 29), (18, 29), (18, 30), (18, 31), (18, 30), (19, 30), (20, 30), (21, 30), (22, 30), (23, 30), (23, 29), (24, 29), (25, 29), (26, 29), (26, 28), (26, 27), (27, 27), (26, 27), (25, 27), (24, 27), (24, 26), (24, 25), (24, 24), (24, 23), (24, 22), (24, 21), (24, 20), (24, 19), (24, 18), (24, 17), (24, 16), (25, 16), (26, 16), (27, 16), (28, 16), (29, 16), (30, 16), (30, 17), (30, 18), (30, 19), (30, 20), (29, 20), (28, 20), (27, 20), (27, 20)], 4: [(18, 18), (18, 17), (17, 17), (16, 17), (15, 17), (14, 17), (13, 17), (12, 17), (11, 17), (11, 16), (11, 15), (11, 14), (10, 14), (10, 13), (10, 12), (9, 12), (9, 11), (9, 10), (9, 9), (9, 8), (9, 7), (10, 7), (10, 6), (10, 5), (11, 5), (12, 5), (13, 5), (14, 5), (15, 5), (16, 5), (16, 6), (16, 7), (16, 8), (16, 8)]}, 65)