

CBSS-C STATS
starts:[962, 473, 908, 873, 22]
targets:[107, 580, 980, 377, 826, 965, 467, 992, 987, 840, 74, 150, 246, 381, 340, 226, 129, 857, 979, 475, 174, 206, 687, 506, 609, 699, 802, 679, 828, 368, 588, 353, 597, 56, 990, 1, 229, 882, 920, 562]
dests:[140, 3, 312, 810, 375]
ac_dict:{107: {0, 1}, 580: {1, 2}, 980: {2, 3}, 377: {3, 4}, 140: {0}, 3: {1}, 312: {2}, 810: {3}, 375: {4}}
clusters:[12  9 23 11  2 21 14 18  7 22 17  6 13  1  2  3  7  5  0 12  3  8 14 15
 13  9 16 20 19 24 10  1  5  4  0  6 11  8  4 10]

round: 1
best_g_value: 166.0
open_list_size: 0
num_low_level_expanded: 368
search_success: 1
search_time: 5.090160911000112
n_tsp_call: 1
n_tsp_time: 5.0157227770000645
n_roots: 1
num_conflicts: 0
target_assignment: {992: 0, 965: 0, 802: 0, 679: 0, 588: 0, 150: 4, 246: 4, 377: 4, 840: 3, 467: 1, 368: 1, 206: 1, 174: 1, 107: 1, 74: 1, 979: 2, 980: 2, 987: 2, 920: 2, 857: 2, 826: 2, 828: 2, 699: 2, 506: 2, 381: 2}
cluster_target_selection: {18: 992, 21: 965, 16: 802, 20: 679, 10: 588, 6: 150, 13: 246, 11: 377, 22: 840, 14: 467, 24: 368, 8: 206, 3: 174, 12: 107, 17: 74, 0: 979, 23: 980, 7: 987, 4: 920, 5: 857, 2: 826, 19: 828, 9: 699, 15: 506, 1: 381}
num_nodes_transformed_graph: 198
agent_paths:({0: [(2, 30), (1, 30), (0, 30), (0, 31), (0, 30), (1, 30), (2, 30), (3, 30), (3, 29), (4, 29), (5, 29), (5, 30), (5, 29), (4, 29), (3, 29), (2, 29), (2, 28), (2, 27), (2, 26), (2, 25), (2, 24), (2, 23), (2, 22), (3, 22), (4, 22), (5, 22), (5, 21), (6, 21), (7, 21), (7, 20), (7, 19), (7, 18), (8, 18), (9, 18), (10, 18), (11, 18), (12, 18), (12, 17), (12, 16), (12, 15), (12, 14), (12, 13), (12, 12), (12, 11), (12, 10), (11, 10), (11, 9), (11, 8), (11, 7), (11, 6), (11, 5), (11, 4), (12, 4), (12, 4)], 1: [(25, 14), (24, 14), (23, 14), (22, 14), (21, 14), (20, 14), (19, 14), (18, 14), (17, 14), (16, 14), (16, 13), (16, 12), (16, 11), (16, 10), (16, 9), (16, 8), (16, 7), (15, 7), (14, 7), (14, 6), (14, 5), (13, 5), (12, 5), (11, 5), (11, 4), (11, 3), (10, 3), (10, 2), (9, 2), (9, 1), (8, 1), (7, 1), (6, 1), (5, 1), (4, 1), (3, 1), (3, 0), (3, 0)], 2: [(12, 28), (13, 28), (14, 28), (15, 28), (16, 28), (17, 28), (18, 28), (19, 28), (19, 29), (19, 30), (20, 30), (21, 30), (22, 30), (23, 30), (24, 30), (25, 30), (26, 30), (27, 30), (26, 30), (25, 30), (24, 30), (24, 29), (24, 28), (24, 27), (24, 26), (25, 26), (25, 25), (26, 25), (27, 25), (28, 25), (27, 25), (27, 24), (27, 23), (27, 22), (27, 21), (27, 20), (27, 19), (27, 18), (26, 18), (26, 17), (26, 16), (26, 15), (26, 14), (26, 13), (26, 12), (26, 11), (27, 11), (28, 11), (29, 11), (28, 11), (27, 11), (26, 11), (25, 11), (24, 11), (24, 10), (24, 9), (24, 9)], 3: [(9, 27), (8, 27), (8, 26), (8, 25), (9, 25), (10, 25), (10, 25)], 4: [(22, 0), (22, 1), (22, 2), (22, 3), (22, 4), (21, 4), (21, 5), (21, 6), (22, 6), (22, 7), (22, 8), (23, 8), (24, 8), (25, 8), (25, 9), (25, 10), (25, 11), (24, 11), (23, 11), (23, 11)]}, 55)