

CBSS-C STATS
starts:[665, 788, 886, 968, 464, 518, 13, 453, 344, 615]
targets:[107, 856, 106, 449, 1006, 346, 496, 753, 491, 148]
dests:[443, 342, 199, 414, 454, 1012, 705, 907, 587, 328]
ac_dict:{107: {0, 1}, 856: {1, 2}, 106: {2, 3}, 449: {3, 4}, 1006: {4, 5}, 346: {5, 6}, 496: {6, 7}, 753: {8, 7}, 491: {8, 9}, 443: {0}, 342: {1}, 199: {2}, 414: {3}, 454: {4}, 1012: {5}, 705: {6}, 907: {7}, 587: {8}, 328: {9}}
clusters:[0 3 1 4 3 2 2 3 4 3]

round: 3
best_g_value: 275.0
open_list_size: 2
num_low_level_expanded: 2366
search_success: 1
search_time: 0.27711883187294006
n_tsp_call: 1
n_tsp_time: 0.20480005303397775
n_roots: 1
num_conflicts: 2
target_assignment: {106: 2, 107: 1, 491: 8, 496: 6, 1006: 5}
cluster_target_selection: {1: 106, 0: 107, 4: 491, 2: 496, 3: 1006}
num_nodes_transformed_graph: 48
agent_paths:({0: [(25, 20), (25, 19), (25, 18), (25, 17), (25, 16), (25, 15), (25, 14), (25, 13), (26, 13), (27, 13), (27, 13)], 1: [(20, 24), (19, 24), (18, 24), (17, 24), (16, 24), (15, 24), (14, 24), (13, 24), (12, 24), (12, 23), (12, 22), (12, 21), (12, 20), (12, 19), (12, 18), (12, 17), (12, 16), (12, 15), (12, 14), (12, 13), (12, 12), (12, 11), (11, 11), (11, 10), (11, 9), (11, 8), (11, 7), (11, 6), (11, 5), (11, 4), (11, 3), (12, 3), (13, 3), (14, 3), (14, 4), (14, 5), (15, 5), (16, 5), (17, 5), (18, 5), (19, 5), (19, 6), (20, 6), (21, 6), (22, 6), (22, 7), (22, 8), (22, 9), (22, 10), (22, 10)], 2: [(22, 27), (21, 27), (20, 27), (19, 27), (18, 27), (17, 27), (16, 27), (15, 27), (14, 27), (13, 27), (12, 27), (11, 27), (10, 27), (10, 26), (10, 25), (10, 24), (10, 23), (10, 22), (10, 21), (10, 20), (10, 19), (10, 18), (10, 17), (10, 16), (10, 15), (10, 14), (10, 13), (10, 12), (10, 11), (10, 10), (10, 9), (10, 8), (10, 7), (10, 6), (10, 5), (10, 4), (10, 3), (9, 3), (8, 3), (7, 3), (7, 4), (7, 5), (7, 6), (7, 6)], 3: [(8, 30), (8, 29), (8, 28), (8, 27), (8, 26), (8, 25), (8, 24), (8, 23), (8, 22), (8, 21), (8, 20), (8, 19), (8, 18), (8, 17), (8, 16), (9, 16), (9, 15), (9, 14), (10, 14), (11, 14), (12, 14), (13, 14), (14, 14), (15, 14), (16, 14), (17, 14), (18, 14), (19, 14), (20, 14), (21, 14), (22, 14), (23, 14), (24, 14), (25, 14), (26, 14), (27, 14), (28, 14), (28, 13), (28, 12), (29, 12), (30, 12), (30, 12)], 4: [(16, 14), (15, 14), (14, 14), (13, 14), (12, 14), (11, 14), (10, 14), (9, 14), (9, 15), (9, 16), (8, 16), (7, 16), (6, 16), (6, 15), (6, 14), (6, 14)], 5: [(6, 16), (7, 16), (8, 16), (9, 16), (10, 16), (11, 16), (12, 16), (13, 16), (13, 17), (13, 18), (13, 19), (13, 20), (13, 21), (13, 22), (13, 23), (13, 24), (13, 25), (13, 26), (13, 27), (14, 27), (14, 28), (14, 29), (14, 30), (14, 31), (15, 31), (16, 31), (17, 31), (18, 31), (19, 31), (20, 31), (20, 31)], 6: [(13, 0), (14, 0), (15, 0), (16, 0), (16, 1), (16, 2), (16, 3), (16, 4), (16, 5), (16, 6), (16, 7), (16, 8), (16, 9), (16, 10), (16, 11), (16, 12), (16, 13), (16, 14), (16, 15), (16, 16), (15, 16), (14, 16), (13, 16), (12, 16), (11, 16), (10, 16), (9, 16), (8, 16), (7, 16), (6, 16), (5, 16), (4, 16), (3, 16), (2, 16), (2, 17), (2, 18), (2, 19), (1, 19), (1, 20), (1, 21), (1, 22), (1, 22)], 7: [(5, 14), (6, 14), (6, 15), (6, 16), (7, 16), (8, 16), (9, 16), (10, 16), (11, 16), (11, 17), (11, 18), (11, 19), (11, 20), (11, 21), (11, 22), (11, 23), (11, 24), (11, 25), (11, 26), (11, 27), (11, 28), (11, 28)], 8: [(24, 10), (23, 10), (22, 10), (21, 10), (20, 10), (19, 10), (18, 10), (18, 11), (17, 11), (16, 11), (15, 11), (14, 11), (14, 12), (14, 13), (13, 13), (12, 13), (12, 14), (11, 14), (11, 15), (11, 16), (11, 17), (11, 18), (11, 18)], 9: [(7, 19), (7, 18), (7, 17), (7, 16), (7, 15), (6, 15), (6, 14), (6, 13), (6, 12), (6, 11), (6, 10), (7, 10), (8, 10), (8, 10)]}, 48)