

CBSS-C STATS
starts:[546, 24, 349, 701, 941]
targets:[39, 489, 158, 9, 647, 847, 86, 485, 523, 541, 289, 1006, 877, 997, 912, 273, 875, 338, 751, 700, 802, 297, 116, 306, 127, 618, 848, 862, 532, 505, 1019, 598, 203, 922, 13, 608, 3, 547, 998, 311]
dests:[100, 928, 313, 978, 638]
ac_dict:{39: {0, 1}, 489: {1, 2}, 158: {2, 3}, 9: {3, 4}, 100: {0}, 928: {1}, 313: {2}, 978: {3}, 638: {4}}
clusters:[12 19 10 17 10 23 22 21 10  8  6 10  2 21 10 20  9  2 11  2  1  1  0 17
 13  0 17 16 15  5 19 22 18  7  5 11 14 24  4  3]

round: 1
best_g_value: 183.0
open_list_size: 0
num_low_level_expanded: 435
search_success: 1
search_time: 7.693425231999754
n_tsp_call: 1
n_tsp_time: 7.614520042000549
n_roots: 1
num_conflicts: 0
target_assignment: {547: 0, 289: 0, 3: 0, 39: 0, 862: 3, 922: 3, 877: 4, 847: 4, 848: 4, 751: 4, 532: 4, 505: 4, 541: 4, 127: 2, 158: 2, 311: 2, 86: 1, 116: 1, 273: 1, 203: 1, 297: 1, 489: 1, 875: 1, 998: 1, 997: 1}
cluster_target_selection: {24: 547, 6: 289, 14: 3, 12: 39, 16: 862, 7: 922, 2: 877, 23: 847, 17: 848, 11: 751, 15: 532, 5: 505, 8: 541, 13: 127, 10: 158, 3: 311, 22: 86, 0: 116, 20: 273, 18: 203, 1: 297, 19: 489, 9: 875, 4: 998, 21: 997}
num_nodes_transformed_graph: 198
agent_paths:({0: [(2, 17), (3, 17), (2, 17), (1, 17), (1, 16), (1, 15), (1, 14), (1, 13), (1, 12), (1, 11), (1, 10), (1, 9), (1, 8), (1, 7), (1, 6), (1, 5), (1, 4), (1, 3), (1, 2), (1, 1), (1, 0), (2, 0), (3, 0), (4, 0), (5, 0), (6, 0), (6, 1), (7, 1), (6, 1), (5, 1), (4, 1), (4, 2), (4, 3), (4, 3)], 1: [(24, 0), (23, 0), (22, 0), (22, 1), (22, 2), (21, 2), (20, 2), (20, 3), (19, 3), (18, 3), (17, 3), (17, 4), (17, 5), (17, 6), (17, 7), (17, 8), (16, 8), (16, 7), (15, 7), (14, 7), (13, 7), (12, 7), (11, 7), (11, 6), (10, 6), (9, 6), (9, 7), (9, 8), (9, 9), (9, 10), (9, 11), (9, 12), (10, 12), (10, 13), (10, 14), (9, 14), (9, 15), (10, 15), (11, 15), (11, 16), (11, 17), (11, 18), (11, 19), (11, 20), (11, 21), (11, 22), (11, 23), (11, 24), (11, 25), (11, 26), (11, 27), (10, 27), (9, 27), (8, 27), (8, 28), (7, 28), (6, 28), (6, 29), (6, 30), (6, 31), (5, 31), (5, 30), (5, 29), (4, 29), (3, 29), (2, 29), (1, 29), (0, 29), (0, 29)], 2: [(29, 10), (29, 9), (29, 8), (29, 7), (29, 6), (29, 5), (29, 4), (30, 4), (30, 3), (31, 3), (30, 3), (30, 4), (29, 4), (28, 4), (27, 4), (26, 4), (25, 4), (25, 5), (25, 6), (25, 7), (25, 8), (24, 8), (23, 8), (23, 9), (24, 9), (25, 9), (25, 9)], 3: [(29, 21), (29, 22), (30, 22), (30, 23), (30, 24), (30, 25), (30, 26), (29, 26), (29, 27), (28, 27), (27, 27), (26, 27), (26, 28), (25, 28), (24, 28), (23, 28), (23, 29), (23, 30), (22, 30), (21, 30), (20, 30), (19, 30), (18, 30), (18, 30)], 4: [(13, 29), (13, 28), (13, 27), (14, 27), (15, 27), (15, 26), (16, 26), (15, 26), (15, 25), (15, 24), (15, 23), (15, 22), (15, 21), (15, 20), (15, 19), (16, 19), (16, 18), (16, 17), (17, 17), (18, 17), (19, 17), (19, 16), (20, 16), (21, 16), (21, 15), (22, 15), (23, 15), (24, 15), (25, 15), (26, 15), (27, 15), (28, 15), (29, 15), (29, 16), (30, 16), (30, 17), (30, 18), (30, 19), (30, 19)]}, 67)