

CBSS-C STATS
starts:[529, 659, 348, 445, 158, 120, 58, 637, 9, 957]
targets:[829, 1009, 62, 266, 76, 277, 711, 714, 13, 934]
dests:[895, 705, 38, 175, 482, 154, 508, 302, 569, 925]
ac_dict:{829: {0, 1}, 1009: {1, 2}, 62: {2, 3}, 266: {3, 4}, 76: {4, 5}, 277: {5, 6}, 711: {6, 7}, 714: {8, 7}, 13: {8, 9}, 895: {0}, 705: {1}, 38: {2}, 175: {3}, 482: {4}, 154: {5}, 508: {6}, 302: {7}, 569: {8}, 925: {9}}
clusters:[1 2 0 3 2 1 2 1 0 4]

round: 2
best_g_value: 233.0
open_list_size: 1
num_low_level_expanded: 1164
search_success: 1
search_time: 0.15584379062056541
n_tsp_call: 1
n_tsp_time: 0.10698130587115884
n_roots: 1
num_conflicts: 1
target_assignment: {829: 0, 1009: 1, 934: 1, 13: 8, 266: 4}
cluster_target_selection: {1: 829, 2: 1009, 4: 934, 0: 13, 3: 266}
num_nodes_transformed_graph: 33
agent_paths:({0: [(17, 16), (17, 17), (18, 17), (19, 17), (20, 17), (21, 17), (22, 17), (23, 17), (24, 17), (25, 17), (26, 17), (27, 17), (27, 18), (28, 18), (29, 18), (29, 19), (29, 20), (29, 21), (29, 22), (29, 23), (29, 24), (29, 25), (30, 25), (30, 26), (30, 27), (31, 27), (31, 27)], 1: [(19, 20), (18, 20), (17, 20), (17, 21), (17, 22), (17, 23), (17, 24), (17, 25), (17, 26), (17, 27), (17, 28), (17, 29), (17, 30), (17, 31), (16, 31), (15, 31), (14, 31), (13, 31), (12, 31), (11, 31), (10, 31), (9, 31), (8, 31), (7, 31), (6, 31), (6, 30), (6, 29), (5, 29), (4, 29), (3, 29), (2, 29), (2, 28), (2, 27), (2, 26), (2, 25), (1, 25), (1, 24), (1, 23), (1, 22), (1, 22)], 2: [(28, 10), (27, 10), (26, 10), (25, 10), (24, 10), (23, 10), (22, 10), (21, 10), (20, 10), (19, 10), (18, 10), (18, 9), (17, 9), (16, 9), (15, 9), (14, 9), (13, 9), (13, 8), (13, 7), (12, 7), (11, 7), (10, 7), (9, 7), (9, 6), (8, 6), (7, 6), (7, 5), (6, 5), (6, 4), (6, 3), (6, 2), (6, 1), (6, 1)], 3: [(29, 13), (28, 13), (27, 13), (26, 13), (25, 13), (24, 13), (23, 13), (22, 13), (21, 13), (20, 13), (19, 13), (18, 13), (17, 13), (16, 13), (16, 12), (16, 11), (16, 10), (16, 9), (16, 8), (16, 7), (15, 7), (15, 6), (15, 5), (15, 5)], 4: [(30, 4), (29, 4), (28, 4), (27, 4), (27, 5), (26, 5), (25, 5), (24, 5), (23, 5), (23, 6), (22, 6), (21, 6), (20, 6), (19, 6), (18, 6), (17, 6), (16, 6), (15, 6), (14, 6), (13, 6), (12, 6), (11, 6), (10, 6), (10, 7), (10, 8), (9, 8), (8, 8), (7, 8), (7, 9), (6, 9), (5, 9), (4, 9), (3, 9), (2, 9), (2, 10), (2, 11), (2, 12), (2, 13), (2, 14), (2, 15), (2, 15)], 5: [(24, 3), (25, 3), (26, 3), (26, 4), (26, 4)], 6: [(26, 1), (27, 1), (28, 1), (28, 2), (28, 3), (28, 4), (28, 5), (28, 6), (28, 7), (28, 8), (28, 9), (28, 10), (28, 11), (28, 12), (28, 13), (28, 14), (28, 15), (28, 15)], 7: [(29, 19), (29, 18), (28, 18), (27, 18), (26, 18), (25, 18), (24, 18), (23, 18), (22, 18), (21, 18), (20, 18), (19, 18), (18, 18), (18, 17), (17, 17), (16, 17), (15, 17), (14, 17), (14, 16), (14, 15), (14, 14), (14, 13), (14, 12), (14, 11), (14, 10), (14, 9), (14, 9)], 8: [(9, 0), (10, 0), (11, 0), (12, 0), (13, 0), (14, 0), (15, 0), (16, 0), (16, 1), (17, 1), (18, 1), (19, 1), (20, 1), (20, 2), (21, 2), (22, 2), (23, 2), (24, 2), (25, 2), (25, 3), (25, 4), (25, 5), (25, 6), (25, 7), (25, 8), (25, 9), (25, 10), (25, 11), (25, 12), (25, 13), (25, 14), (25, 15), (25, 16), (25, 17), (25, 17)], 9: [(29, 29), (29, 28), (29, 28)]}, 39)