

CBSS-C STATS
starts:[368, 409]
targets:[830, 517, 250, 721, 58, 585, 206, 511, 522, 48, 246, 959, 16, 326, 338, 463, 215, 0, 272, 553, 556, 681, 574, 607, 288, 203, 281, 655, 387, 762, 1010, 663, 382, 645, 554, 627, 97, 898, 154, 866, 208, 441, 1013, 453, 787, 426, 352, 205, 629, 601, 274, 496, 339, 239, 810, 877, 519, 294, 336, 392, 934, 12, 35, 117, 992, 649, 686, 315, 903, 418, 661, 581, 924, 864, 656, 724, 68, 963, 612, 664, 1004, 388, 665, 751, 968, 13, 357, 734, 507, 919, 344, 785, 264, 1006, 417, 129, 622, 499, 21, 431]
dests:[400, 295]
ac_dict:{830: {0, 1}, 400: {0}, 295: {1}}
clusters:[25  4 23 19 27 36 11  9  4 19 33 27 16  1 35  2 21 15 17 20 20 22 10 13
 30 29 39 20 18 21 39 36 29 17  9 15 17 20  7 32 18  3 37 34 25 27 31 13
 36 38  9 23 14  2 19 12 11  9  2 32  8 23  2 38 13 10 28 13 38  4 26 26
 15 35 13 35  2 18 22  0 24  5 20 19 32  8  6 17  4 23  6 39 38 25  6 36
  4  0 39 34]

round: 1
best_g_value: 422.0
open_list_size: 0
num_low_level_expanded: 255
search_success: 1
search_time: 9.539479790000769
n_tsp_call: 1
n_tsp_time: 9.433188004994008
n_roots: 1
num_conflicts: 0
target_assignment: {441: 1, 344: 1, 246: 1, 215: 1, 154: 1, 117: 1, 48: 1, 16: 1, 13: 1, 12: 1, 203: 1, 205: 1, 206: 1, 239: 1, 272: 1, 339: 1, 499: 1, 627: 1, 661: 1, 724: 1, 1013: 1, 1010: 1, 1006: 1, 1004: 1, 877: 1, 686: 1, 681: 1, 649: 1, 585: 1, 553: 1, 522: 1, 426: 1, 392: 1, 453: 1, 388: 1, 387: 1, 352: 1, 288: 1, 294: 1, 326: 1}
cluster_target_selection: {3: 441, 6: 344, 33: 246, 21: 215, 7: 154, 38: 117, 19: 48, 16: 16, 8: 13, 23: 12, 29: 203, 13: 205, 11: 206, 2: 239, 17: 272, 14: 339, 0: 499, 15: 627, 26: 661, 35: 724, 37: 1013, 39: 1010, 25: 1006, 24: 1004, 12: 877, 28: 686, 22: 681, 10: 649, 36: 585, 20: 553, 4: 522, 27: 426, 32: 392, 34: 453, 5: 388, 18: 387, 31: 352, 30: 288, 9: 294, 1: 326}
num_nodes_transformed_graph: 104
agent_paths:({0: [(16, 11), (16, 12), (16, 12)], 1: [(25, 12), (25, 13), (24, 13), (24, 12), (24, 11), (24, 10), (23, 10), (22, 10), (22, 9), (22, 8), (22, 7), (22, 6), (23, 6), (23, 5), (24, 5), (25, 5), (25, 4), (26, 4), (25, 4), (25, 3), (24, 3), (23, 3), (22, 3), (21, 3), (20, 3), (19, 3), (18, 3), (17, 3), (16, 3), (16, 2), (16, 1), (16, 0), (15, 0), (14, 0), (13, 0), (12, 0), (11, 0), (11, 1), (11, 2), (11, 3), (11, 4), (11, 5), (11, 6), (12, 6), (13, 6), (14, 6), (15, 6), (15, 7), (16, 7), (16, 8), (17, 8), (18, 8), (18, 9), (19, 9), (19, 10), (19, 11), (19, 12), (19, 13), (19, 14), (19, 15), (19, 16), (19, 17), (19, 18), (19, 19), (20, 19), (21, 19), (21, 20), (20, 20), (20, 21), (20, 22), (19, 22), (19, 23), (19, 24), (20, 24), (20, 25), (20, 26), (20, 27), (20, 28), (20, 29), (21, 29), (21, 30), (21, 31), (20, 31), (19, 31), (18, 31), (17, 31), (16, 31), (15, 31), (14, 31), (13, 31), (12, 31), (12, 30), (12, 29), (12, 28), (12, 27), (13, 27), (13, 26), (13, 25), (13, 24), (13, 23), (13, 22), (13, 21), (14, 21), (13, 21), (12, 21), (11, 21), (10, 21), (9, 21), (9, 20), (9, 19), (9, 18), (9, 17), (9, 16), (10, 16), (10, 15), (10, 14), (10, 13), (10, 12), (9, 12), (8, 12), (8, 13), (7, 13), (6, 13), (5, 13), (5, 14), (5, 13), (4, 13), (4, 12), (3, 12), (2, 12), (1, 12), (1, 11), (0, 11), (0, 10), (0, 9), (1, 9), (2, 9), (3, 9), (4, 9), (5, 9), (6, 9), (6, 10), (6, 9), (7, 9), (7, 9)]}, 143)