

CBSS-C STATS
starts:[927, 116, 612, 259, 573]
targets:[402, 227, 321, 548, 660, 792, 274, 989, 594, 711, 535, 9, 502, 132, 261, 667, 376, 609, 30, 424, 324, 377, 23, 439, 451, 698, 647, 347, 28, 523, 474, 428, 458, 140, 851, 967, 1012, 595, 286, 504]
dests:[489, 592, 849, 743, 77]
ac_dict:{402: {0, 1}, 227: {1, 2}, 321: {2, 3}, 548: {3, 4}, 489: {0}, 592: {1}, 849: {2}, 743: {3}, 77: {4}}
clusters:[22  8  3 14  8 17 10  1 14 21  9 12 23 13 11  6 10  1 15  3 18  2  5 16
 12  2 11  4  9 24  5  7 13  0 20  6  4  7 19  0]

round: 1
best_g_value: 172.0
open_list_size: 0
num_low_level_expanded: 402
search_success: 1
search_time: 13.521925056999862
n_tsp_call: 1
n_tsp_time: 13.444565348999731
n_roots: 1
num_conflicts: 0
target_assignment: {989: 0, 792: 0, 667: 0, 660: 0, 595: 0, 594: 0, 523: 0, 458: 0, 324: 3, 321: 3, 451: 3, 647: 3, 474: 4, 504: 4, 502: 4, 439: 4, 377: 4, 347: 4, 286: 4, 30: 4, 28: 4, 274: 1, 402: 1, 711: 2, 851: 2}
cluster_target_selection: {1: 989, 17: 792, 6: 667, 8: 660, 7: 595, 14: 594, 24: 523, 13: 458, 18: 324, 3: 321, 12: 451, 11: 647, 5: 474, 0: 504, 23: 502, 16: 439, 2: 377, 4: 347, 19: 286, 15: 30, 9: 28, 10: 274, 22: 402, 21: 711, 20: 851}
num_nodes_transformed_graph: 198
agent_paths:({0: [(31, 28), (30, 28), (29, 28), (29, 29), (29, 30), (28, 30), (27, 30), (26, 30), (25, 30), (24, 30), (24, 29), (24, 28), (24, 27), (24, 26), (24, 25), (24, 24), (24, 23), (24, 22), (24, 21), (24, 20), (25, 20), (26, 20), (27, 20), (26, 20), (25, 20), (24, 20), (23, 20), (22, 20), (21, 20), (20, 20), (19, 20), (19, 19), (19, 18), (18, 18), (18, 17), (17, 17), (16, 17), (15, 17), (14, 17), (13, 17), (12, 17), (11, 17), (11, 16), (10, 16), (10, 15), (10, 14), (9, 14), (9, 15), (9, 15)], 1: [(20, 3), (19, 3), (18, 3), (18, 4), (18, 5), (18, 6), (18, 7), (18, 8), (18, 9), (18, 10), (18, 11), (18, 12), (17, 12), (16, 12), (16, 13), (16, 14), (16, 15), (16, 16), (16, 17), (16, 18), (16, 18)], 2: [(4, 19), (5, 19), (6, 19), (7, 19), (7, 20), (7, 21), (7, 22), (8, 22), (9, 22), (10, 22), (11, 22), (12, 22), (13, 22), (13, 23), (14, 23), (15, 23), (16, 23), (17, 23), (18, 23), (19, 23), (19, 24), (19, 25), (19, 26), (18, 26), (17, 26), (17, 26)], 3: [(3, 8), (4, 8), (4, 9), (4, 10), (3, 10), (2, 10), (1, 10), (2, 10), (3, 10), (3, 11), (3, 12), (3, 13), (3, 14), (3, 15), (4, 15), (5, 15), (6, 15), (7, 15), (7, 16), (7, 17), (7, 18), (7, 19), (7, 20), (7, 21), (7, 22), (7, 23), (7, 23)], 4: [(29, 17), (29, 16), (28, 16), (27, 16), (26, 16), (26, 15), (26, 14), (25, 14), (24, 14), (24, 15), (23, 15), (22, 15), (22, 14), (22, 13), (23, 13), (23, 12), (23, 11), (24, 11), (25, 11), (25, 10), (26, 10), (27, 10), (27, 9), (27, 8), (28, 8), (29, 8), (30, 8), (30, 7), (30, 6), (30, 5), (30, 4), (30, 3), (30, 2), (30, 1), (30, 0), (29, 0), (28, 0), (27, 0), (27, 1), (27, 2), (27, 3), (26, 3), (25, 3), (24, 3), (23, 3), (22, 3), (21, 3), (20, 3), (19, 3), (18, 3), (17, 3), (16, 3), (16, 2), (16, 1), (15, 1), (14, 1), (13, 1), (13, 2), (13, 2)]}, 57)