

CBSS-C STATS
starts:[766, 792, 744, 1004, 580]
targets:[449, 404, 987, 76, 474, 242, 219, 618, 739, 353]
dests:[256, 1012, 938, 344, 278]
ac_dict:{449: {0, 1}, 404: {1, 2}, 987: {2, 3}, 76: {3, 4}, 256: {0}, 1012: {1}, 938: {2}, 344: {3}, 278: {4}}
clusters:[1 1 1 0 1 1 0 1 0 0]

round: 1
best_g_value: 125.0
open_list_size: 0
num_low_level_expanded: 618
search_success: 1
search_time: 0.27719258191064
n_tsp_call: 1
n_tsp_time: 0.2542662159539759
n_roots: 1
num_conflicts: 0
target_assignment: {618: 0, 353: 0}
cluster_target_selection: {1: 618, 0: 353}
num_nodes_transformed_graph: 48
agent_paths:({0: [(30, 23), (29, 23), (29, 22), (28, 22), (27, 22), (26, 22), (26, 21), (25, 21), (24, 21), (23, 21), (22, 21), (21, 21), (20, 21), (19, 21), (18, 21), (17, 21), (16, 21), (15, 21), (14, 21), (13, 21), (12, 21), (11, 21), (10, 21), (10, 20), (10, 19), (9, 19), (8, 19), (7, 19), (6, 19), (5, 19), (4, 19), (4, 18), (3, 18), (2, 18), (2, 17), (1, 17), (1, 16), (1, 15), (1, 14), (1, 13), (1, 12), (1, 11), (0, 11), (0, 10), (0, 9), (0, 8), (0, 8)], 1: [(24, 24), (23, 24), (22, 24), (22, 25), (21, 25), (20, 25), (20, 26), (20, 27), (20, 28), (20, 29), (20, 30), (20, 31), (20, 31)], 2: [(8, 23), (9, 23), (10, 23), (10, 24), (10, 25), (10, 26), (10, 27), (10, 28), (10, 29), (10, 29)], 3: [(12, 31), (12, 30), (12, 29), (12, 28), (12, 27), (12, 26), (12, 25), (12, 24), (12, 23), (12, 22), (12, 21), (12, 20), (12, 19), (12, 18), (12, 17), (12, 16), (12, 15), (12, 14), (12, 13), (13, 13), (14, 13), (14, 12), (14, 11), (15, 11), (16, 11), (17, 11), (18, 11), (18, 10), (19, 10), (20, 10), (21, 10), (22, 10), (23, 10), (24, 10), (24, 10)], 4: [(4, 18), (4, 17), (4, 16), (4, 15), (5, 15), (5, 14), (5, 13), (6, 13), (6, 12), (6, 11), (6, 10), (7, 10), (8, 10), (9, 10), (10, 10), (11, 10), (12, 10), (13, 10), (13, 9), (14, 9), (15, 9), (16, 9), (17, 9), (18, 9), (19, 9), (20, 9), (20, 8), (21, 8), (22, 8), (22, 8)]}, 45)