

CBSS-C STATS
starts:[105, 121, 188, 13, 597]
targets:[84, 178, 594, 28, 620, 544, 221, 289, 294, 941]
dests:[960, 239, 353, 801, 64]
ac_dict:{84: {0, 1}, 178: {1, 2}, 594: {2, 3}, 28: {3, 4}, 960: {0}, 239: {1}, 353: {2}, 801: {3}, 64: {4}}
clusters:[3 3 2 2 0 4 0 2 4 1]

round: 1
best_g_value: 167.0
open_list_size: 0
num_low_level_expanded: 591
search_success: 1
search_time: 0.07794721517711878
n_tsp_call: 1
n_tsp_time: 0.05402929801493883
n_roots: 1
num_conflicts: 0
target_assignment: {620: 3, 941: 3, 289: 4, 294: 2, 178: 1}
cluster_target_selection: {0: 620, 1: 941, 2: 289, 4: 294, 3: 178}
num_nodes_transformed_graph: 28
agent_paths:({0: [(9, 3), (8, 3), (7, 3), (6, 3), (5, 3), (4, 3), (3, 3), (3, 4), (3, 5), (3, 6), (3, 7), (3, 8), (3, 9), (2, 9), (2, 10), (2, 11), (2, 12), (2, 13), (2, 14), (2, 15), (2, 16), (2, 17), (2, 18), (2, 19), (1, 19), (1, 20), (1, 21), (1, 22), (1, 23), (0, 23), (0, 24), (0, 25), (0, 26), (0, 27), (0, 28), (0, 29), (0, 30), (0, 30)], 1: [(25, 3), (24, 3), (23, 3), (22, 3), (21, 3), (20, 3), (19, 3), (18, 3), (18, 4), (18, 5), (17, 5), (16, 5), (15, 5), (15, 6), (15, 7), (15, 7)], 2: [(28, 5), (27, 5), (26, 5), (25, 5), (24, 5), (23, 5), (23, 6), (22, 6), (21, 6), (20, 6), (19, 6), (18, 6), (17, 6), (16, 6), (15, 6), (14, 6), (13, 6), (12, 6), (11, 6), (10, 6), (9, 6), (8, 6), (7, 6), (7, 7), (7, 8), (7, 9), (6, 9), (5, 9), (4, 9), (3, 9), (2, 9), (1, 9), (1, 10), (1, 11), (1, 11)], 3: [(13, 0), (13, 1), (13, 2), (13, 3), (13, 4), (13, 5), (13, 6), (13, 7), (13, 8), (13, 9), (13, 10), (12, 10), (12, 11), (12, 12), (12, 13), (12, 14), (12, 15), (12, 16), (12, 17), (12, 18), (12, 19), (13, 19), (13, 20), (13, 21), (13, 22), (13, 23), (13, 24), (13, 25), (13, 26), (13, 27), (13, 28), (13, 29), (12, 29), (11, 29), (10, 29), (10, 28), (9, 28), (8, 28), (7, 28), (6, 28), (5, 28), (4, 28), (4, 27), (3, 27), (2, 27), (2, 26), (2, 25), (1, 25), (1, 25)], 4: [(21, 18), (20, 18), (19, 18), (18, 18), (18, 17), (17, 17), (16, 17), (15, 17), (14, 17), (13, 17), (12, 17), (11, 17), (10, 17), (9, 17), (8, 17), (7, 17), (6, 17), (5, 17), (4, 17), (3, 17), (2, 17), (1, 17), (1, 16), (1, 15), (1, 14), (1, 13), (1, 12), (1, 11), (1, 10), (1, 9), (1, 8), (1, 7), (1, 6), (1, 5), (1, 4), (1, 3), (0, 3), (0, 2), (0, 2)]}, 47)