

CBSS-C STATS
starts:[471, 404, 625, 984, 1016, 778, 531, 987, 370, 60]
targets:[574, 765, 623, 779, 851, 514, 239, 988, 58, 828, 671, 739, 896, 244, 668]
dests:[522, 584, 735, 850, 793, 803, 741, 948, 970, 659]
ac_dict:{574: {0, 1}, 765: {1, 2}, 623: {2, 3}, 779: {3, 4}, 851: {4, 5}, 514: {5, 6}, 239: {6, 7}, 988: {8, 7}, 58: {8, 9}, 522: {0}, 584: {1}, 735: {2}, 850: {3}, 793: {4}, 803: {5}, 741: {6}, 948: {7}, 970: {8}, 659: {9}}
clusters:[9 6 2 5 1 2 0 4 7 3 2 6 1 5 8]

round: 1
best_g_value: 222.0
open_list_size: 0
num_low_level_expanded: 678
search_success: 1
search_time: 2.5352145419456065
n_tsp_call: 1
n_tsp_time: 2.4959418741054833
n_roots: 1
num_conflicts: 0
target_assignment: {574: 0, 851: 4, 828: 4, 239: 6, 988: 7, 58: 9, 244: 9, 739: 5, 623: 2, 668: 2}
cluster_target_selection: {9: 574, 1: 851, 3: 828, 0: 239, 4: 988, 7: 58, 5: 244, 6: 739, 2: 623, 8: 668}
num_nodes_transformed_graph: 98
agent_paths:({0: [(23, 14), (24, 14), (25, 14), (26, 14), (27, 14), (28, 14), (29, 14), (30, 14), (30, 15), (30, 16), (30, 17), (29, 17), (29, 16), (28, 16), (27, 16), (26, 16), (25, 16), (24, 16), (23, 16), (22, 16), (21, 16), (20, 16), (19, 16), (19, 15), (18, 15), (17, 15), (16, 15), (16, 16), (15, 16), (14, 16), (13, 16), (12, 16), (11, 16), (10, 16), (10, 16)], 1: [(20, 12), (19, 12), (18, 12), (17, 12), (16, 12), (15, 12), (14, 12), (14, 13), (13, 13), (12, 13), (12, 14), (11, 14), (10, 14), (9, 14), (9, 15), (9, 16), (8, 16), (8, 17), (8, 18), (8, 18)], 2: [(17, 19), (16, 19), (15, 19), (16, 19), (17, 19), (18, 19), (19, 19), (20, 19), (21, 19), (22, 19), (23, 19), (24, 19), (25, 19), (25, 20), (26, 20), (27, 20), (28, 20), (29, 20), (29, 21), (29, 22), (30, 22), (31, 22), (31, 22)], 3: [(24, 30), (23, 30), (22, 30), (21, 30), (20, 30), (19, 30), (18, 30), (18, 29), (18, 28), (18, 27), (18, 26), (18, 26)], 4: [(24, 31), (24, 30), (23, 30), (22, 30), (21, 30), (20, 30), (19, 30), (19, 29), (19, 28), (19, 27), (19, 26), (19, 25), (20, 25), (21, 25), (22, 25), (23, 25), (24, 25), (25, 25), (26, 25), (27, 25), (28, 25), (27, 25), (26, 25), (25, 25), (25, 24), (25, 24)], 5: [(10, 24), (9, 24), (8, 24), (7, 24), (7, 23), (6, 23), (5, 23), (4, 23), (3, 23), (3, 24), (3, 25), (3, 25)], 6: [(19, 16), (19, 15), (18, 15), (17, 15), (16, 15), (16, 14), (16, 13), (16, 12), (16, 11), (16, 10), (16, 9), (16, 8), (16, 7), (15, 7), (14, 7), (13, 7), (12, 7), (11, 7), (10, 7), (9, 7), (9, 8), (8, 8), (7, 8), (7, 9), (6, 9), (6, 10), (6, 11), (6, 12), (6, 13), (5, 13), (5, 14), (5, 15), (5, 16), (5, 17), (5, 18), (5, 19), (5, 20), (5, 21), (5, 22), (5, 23), (5, 23)], 7: [(27, 30), (28, 30), (27, 30), (26, 30), (25, 30), (24, 30), (23, 30), (22, 30), (21, 30), (20, 30), (20, 29), (20, 29)], 8: [(18, 11), (17, 11), (16, 11), (15, 11), (14, 11), (14, 12), (14, 13), (13, 13), (12, 13), (12, 14), (11, 14), (10, 14), (10, 15), (10, 16), (10, 17), (10, 18), (10, 19), (10, 20), (10, 21), (10, 22), (10, 23), (10, 24), (10, 25), (10, 26), (10, 27), (10, 28), (10, 29), (10, 30), (10, 30)], 9: [(28, 1), (27, 1), (26, 1), (27, 1), (27, 2), (27, 3), (26, 3), (25, 3), (24, 3), (23, 3), (22, 3), (21, 3), (21, 4), (21, 5), (21, 6), (20, 6), (20, 7), (20, 8), (20, 9), (19, 9), (19, 10), (19, 11), (19, 12), (19, 13), (19, 14), (19, 15), (19, 16), (19, 17), (19, 18), (19, 19), (19, 20), (19, 20)]}, 39)