

CBSS-C STATS
starts:[767, 934, 170, 377, 926]
targets:[349, 202, 327, 442, 929, 991, 13, 682, 545, 567, 854, 976, 671, 421, 970, 174, 699, 665, 178, 478, 800, 791, 507, 884, 74, 962, 583, 356, 999, 24, 39, 932, 993, 826, 841, 967, 915, 1014, 422, 160, 266, 362, 594, 334, 104, 463, 393, 188, 283, 219]
dests:[528, 524, 242, 839, 648]
ac_dict:{349: {0, 1}, 202: {1, 2}, 327: {2, 3}, 442: {3, 4}, 528: {0}, 524: {1}, 242: {2}, 839: {3}, 648: {4}}
clusters:[21  7  0 18 27 19 25  5 15 11  3 14 29  1  4  2  5  8  9 22 10 18  4 16
 28  9 11 17 26  8 19  6 12 17  2  3  6 15 13  0 16 12 20  1 13 23  7 24
 10 14]

round: 1
best_g_value: 198.0
open_list_size: 0
num_low_level_expanded: 423
search_success: 1
search_time: 20.24588453100023
n_tsp_call: 1
n_tsp_time: 20.132604090000314
n_roots: 1
num_conflicts: 0
target_assignment: {671: 0, 478: 0, 349: 0, 188: 0, 219: 0, 283: 0, 665: 0, 594: 0, 991: 4, 1014: 4, 884: 4, 202: 2, 74: 2, 13: 2, 174: 2, 178: 2, 442: 3, 463: 3, 362: 3, 327: 3, 356: 3, 421: 3, 422: 3, 583: 3, 932: 1, 929: 1, 967: 1, 999: 1, 970: 1, 682: 1}
cluster_target_selection: {29: 671, 22: 478, 21: 349, 24: 188, 14: 219, 10: 283, 8: 665, 20: 594, 19: 991, 15: 1014, 16: 884, 7: 202, 28: 74, 25: 13, 2: 174, 9: 178, 18: 442, 23: 463, 12: 362, 0: 327, 17: 356, 1: 421, 13: 422, 11: 583, 6: 932, 27: 929, 3: 967, 26: 999, 4: 970, 5: 682}
num_nodes_transformed_graph: 248
agent_paths:({0: [(31, 23), (31, 22), (30, 22), (29, 22), (29, 21), (29, 20), (30, 20), (31, 20), (30, 20), (30, 19), (30, 18), (30, 17), (30, 16), (30, 15), (30, 14), (29, 14), (29, 13), (29, 12), (29, 11), (29, 10), (28, 10), (28, 9), (28, 8), (28, 7), (28, 6), (28, 5), (27, 5), (27, 6), (27, 7), (27, 8), (27, 9), (27, 10), (26, 10), (25, 10), (25, 11), (25, 12), (25, 13), (25, 14), (25, 15), (25, 16), (25, 17), (25, 18), (25, 19), (25, 20), (24, 20), (23, 20), (22, 20), (21, 20), (20, 20), (19, 20), (18, 20), (18, 19), (18, 18), (18, 17), (17, 17), (16, 17), (16, 16), (16, 16)], 1: [(6, 29), (5, 29), (4, 29), (3, 29), (2, 29), (1, 29), (2, 29), (3, 29), (4, 29), (5, 29), (6, 29), (7, 29), (7, 30), (7, 31), (7, 30), (8, 30), (9, 30), (10, 30), (10, 29), (10, 28), (10, 27), (10, 26), (10, 25), (10, 24), (10, 23), (10, 22), (10, 21), (10, 20), (10, 19), (10, 18), (10, 17), (10, 16), (11, 16), (12, 16), (12, 16)], 2: [(10, 5), (10, 6), (10, 5), (10, 4), (10, 3), (10, 2), (10, 1), (10, 0), (11, 0), (12, 0), (13, 0), (14, 0), (14, 1), (14, 2), (14, 3), (14, 4), (14, 5), (15, 5), (16, 5), (17, 5), (18, 5), (18, 6), (18, 7), (18, 7)], 3: [(25, 11), (26, 11), (26, 12), (26, 13), (25, 13), (24, 13), (23, 13), (22, 13), (21, 13), (20, 13), (19, 13), (18, 13), (17, 13), (16, 13), (15, 13), (15, 14), (14, 14), (13, 14), (12, 14), (11, 14), (10, 14), (10, 13), (10, 12), (10, 11), (9, 11), (9, 10), (8, 10), (7, 10), (6, 10), (5, 10), (4, 10), (4, 11), (4, 12), (4, 13), (5, 13), (6, 13), (6, 14), (6, 15), (7, 15), (7, 16), (7, 17), (7, 18), (7, 19), (7, 20), (7, 21), (7, 22), (7, 23), (7, 24), (7, 25), (7, 26), (7, 26)], 4: [(30, 28), (31, 28), (31, 29), (31, 30), (30, 30), (29, 30), (28, 30), (27, 30), (26, 30), (25, 30), (24, 30), (23, 30), (22, 30), (22, 31), (21, 31), (20, 31), (20, 30), (20, 29), (20, 28), (20, 27), (19, 27), (18, 27), (17, 27), (16, 27), (15, 27), (14, 27), (13, 27), (12, 27), (11, 27), (10, 27), (9, 27), (8, 27), (8, 26), (8, 25), (8, 24), (8, 23), (8, 22), (8, 21), (8, 20), (8, 20)]}, 56)