

CBSS-C STATS
starts:[168, 691, 712, 378, 690, 999, 723, 473, 522, 376]
targets:[215, 229, 848, 98, 946, 221, 120, 80, 740, 347, 323, 966, 892, 566, 239]
dests:[205, 422, 672, 438, 728, 187, 835, 95, 242, 27]
ac_dict:{215: {0, 1}, 229: {1, 2}, 848: {2, 3}, 98: {3, 4}, 946: {4, 5}, 221: {5, 6}, 120: {6, 7}, 80: {8, 7}, 740: {8, 9}, 205: {0}, 422: {1}, 672: {2}, 438: {3}, 728: {4}, 187: {5}, 835: {6}, 95: {7}, 242: {8}, 27: {9}}
clusters:[3 7 5 0 4 9 8 4 7 7 9 2 1 6 0]

round: 5
best_g_value: 220.0
open_list_size: 4
num_low_level_expanded: 1251
search_success: 1
search_time: 5.548510864842683
n_tsp_call: 19
n_tsp_time: 5.037457860074937
n_roots: 1
num_conflicts: 4
target_assignment: {120: 7, 848: 2, 347: 9, 566: 1, 215: 1, 239: 1, 966: 5, 946: 5, 892: 5, 221: 5}
cluster_target_selection: {8: 120, 5: 848, 7: 347, 6: 566, 3: 215, 0: 239, 2: 966, 4: 946, 1: 892, 9: 221}
num_nodes_transformed_graph: 55
agent_paths:({0: [(8, 5), (8, 6), (9, 6), (10, 6), (11, 6), (12, 6), (13, 6), (13, 6)], 1: [(19, 21), (19, 20), (19, 19), (19, 18), (19, 17), (20, 17), (21, 17), (22, 17), (22, 16), (22, 15), (22, 14), (23, 14), (23, 13), (23, 12), (23, 11), (23, 10), (23, 9), (23, 8), (22, 8), (22, 7), (22, 6), (23, 6), (22, 6), (21, 6), (20, 6), (19, 6), (18, 6), (17, 6), (16, 6), (15, 6), (15, 7), (14, 7), (13, 7), (12, 7), (11, 7), (10, 7), (9, 7), (9, 8), (8, 8), (7, 8), (7, 9), (6, 9), (6, 10), (6, 11), (6, 12), (6, 13), (6, 13)], 2: [(8, 22), (9, 22), (10, 22), (11, 22), (12, 22), (12, 23), (12, 24), (13, 24), (14, 24), (15, 24), (16, 24), (16, 25), (16, 26), (15, 26), (15, 25), (14, 25), (13, 25), (12, 25), (11, 25), (10, 25), (9, 25), (8, 25), (7, 25), (6, 25), (5, 25), (4, 25), (3, 25), (2, 25), (1, 25), (1, 24), (1, 23), (1, 22), (1, 21), (0, 21), (0, 21)], 3: [(26, 11), (25, 11), (24, 11), (23, 11), (22, 11), (22, 12), (22, 13), (22, 13)], 4: [(18, 21), (19, 21), (20, 21), (21, 21), (22, 21), (23, 21), (24, 21), (24, 22), (24, 22)], 5: [(7, 31), (6, 31), (6, 30), (7, 30), (8, 30), (9, 30), (10, 30), (10, 29), (11, 29), (12, 29), (13, 29), (14, 29), (15, 29), (16, 29), (17, 29), (18, 29), (18, 28), (18, 27), (19, 27), (20, 27), (21, 27), (22, 27), (23, 27), (24, 27), (25, 27), (26, 27), (27, 27), (28, 27), (29, 27), (29, 26), (29, 25), (29, 24), (29, 23), (29, 22), (29, 21), (29, 20), (29, 19), (29, 18), (29, 17), (29, 16), (29, 15), (29, 14), (29, 13), (29, 12), (29, 11), (29, 10), (29, 9), (29, 8), (29, 7), (29, 6), (28, 6), (27, 6), (27, 5), (27, 5)], 6: [(19, 22), (18, 22), (17, 22), (16, 22), (15, 22), (15, 23), (14, 23), (13, 23), (12, 23), (11, 23), (10, 23), (9, 23), (8, 23), (7, 23), (6, 23), (5, 23), (4, 23), (3, 23), (3, 24), (3, 25), (3, 26), (3, 26)], 7: [(25, 14), (25, 13), (25, 12), (25, 11), (25, 10), (25, 9), (25, 8), (25, 7), (25, 6), (25, 5), (25, 4), (25, 3), (24, 3), (25, 3), (26, 3), (27, 3), (27, 2), (28, 2), (29, 2), (30, 2), (31, 2), (31, 2)], 8: [(10, 16), (10, 15), (10, 14), (10, 13), (10, 12), (10, 11), (10, 10), (10, 9), (10, 8), (10, 7), (11, 7), (12, 7), (13, 7), (14, 7), (15, 7), (16, 7), (17, 7), (18, 7), (18, 7)], 9: [(24, 11), (24, 10), (25, 10), (26, 10), (27, 10), (27, 9), (27, 8), (27, 7), (27, 6), (27, 5), (27, 4), (27, 3), (27, 2), (27, 1), (27, 0), (27, 0)]}, 52)