

CBSS-C STATS
starts:[328, 900, 781, 689, 235]
targets:[287, 845, 600, 548, 484, 955, 741, 596, 988, 953]
dests:[84, 171, 204, 447, 847]
ac_dict:{287: {0, 1}, 845: {1, 2}, 600: {2, 3}, 548: {3, 4}, 84: {0}, 171: {1}, 204: {2}, 447: {3}, 847: {4}}
clusters:[0 1 1 0 0 1 0 0 0 1]

round: 1
best_g_value: 116.0
open_list_size: 0
num_low_level_expanded: 446
search_success: 1
search_time: 0.06031072000041604
n_tsp_call: 1
n_tsp_time: 0.04179196199402213
n_roots: 1
num_conflicts: 0
target_assignment: {596: 3, 600: 3}
cluster_target_selection: {0: 596, 1: 600}
num_nodes_transformed_graph: 29
agent_paths:({0: [(8, 10), (9, 10), (9, 9), (9, 8), (9, 7), (9, 6), (10, 6), (10, 5), (11, 5), (12, 5), (13, 5), (14, 5), (15, 5), (16, 5), (16, 4), (16, 3), (17, 3), (18, 3), (19, 3), (20, 3), (20, 2), (20, 2)], 1: [(4, 28), (4, 27), (4, 26), (4, 25), (4, 24), (4, 23), (4, 22), (5, 22), (5, 21), (5, 20), (5, 19), (5, 18), (5, 17), (5, 16), (5, 15), (5, 14), (5, 13), (6, 13), (6, 12), (6, 11), (6, 10), (6, 9), (7, 9), (7, 8), (7, 7), (7, 6), (8, 6), (9, 6), (10, 6), (10, 5), (11, 5), (11, 5)], 2: [(13, 24), (12, 24), (12, 23), (12, 22), (12, 21), (12, 20), (12, 19), (12, 18), (12, 17), (12, 16), (12, 15), (12, 14), (12, 13), (12, 12), (12, 11), (12, 10), (11, 10), (11, 9), (11, 8), (11, 7), (11, 6), (12, 6), (12, 6)], 3: [(17, 21), (17, 20), (17, 19), (18, 19), (18, 18), (19, 18), (20, 18), (21, 18), (22, 18), (23, 18), (24, 18), (24, 17), (24, 16), (24, 15), (24, 14), (25, 14), (26, 14), (27, 14), (28, 14), (29, 14), (30, 14), (31, 14), (31, 13), (31, 13)], 4: [(11, 7), (12, 7), (13, 7), (13, 8), (13, 9), (14, 9), (14, 10), (14, 11), (14, 12), (14, 13), (14, 14), (14, 15), (14, 16), (14, 17), (14, 18), (14, 19), (15, 19), (15, 20), (15, 21), (15, 22), (15, 23), (15, 24), (15, 25), (15, 26), (15, 26)]}, 30)