

CBSS-C STATS
starts:[730, 88, 156, 592, 477, 889, 361, 27, 61, 953]
targets:[515, 943, 321, 376, 915, 669, 451, 292, 2, 51]
dests:[775, 680, 423, 484, 960, 807, 526, 557, 849, 629]
ac_dict:{515: {0, 1}, 943: {1, 2}, 321: {2, 3}, 376: {3, 4}, 915: {4, 5}, 669: {5, 6}, 451: {6, 7}, 292: {8, 7}, 2: {8, 9}, 775: {0}, 680: {1}, 423: {2}, 484: {3}, 960: {4}, 807: {5}, 526: {6}, 557: {7}, 849: {8}, 629: {9}}
clusters:[0 3 4 4 4 0 2 4 1 1]

round: 119
best_g_value: 309.0
open_list_size: 118
num_low_level_expanded: 36585
search_success: 1
search_time: 5.218605523929
n_tsp_call: 14
n_tsp_time: 2.6692929114215076
n_roots: 1
num_conflicts: 118
target_assignment: {669: 5, 451: 6, 915: 4, 51: 1, 943: 1}
cluster_target_selection: {0: 669, 2: 451, 4: 915, 1: 51, 3: 943}
num_nodes_transformed_graph: 48
agent_paths:({0: [(26, 22), (26, 23), (26, 24), (25, 24), (24, 24), (23, 24), (22, 24), (22, 25), (21, 25), (20, 25), (19, 25), (18, 25), (17, 25), (16, 25), (15, 25), (14, 25), (13, 25), (12, 25), (11, 25), (10, 25), (9, 25), (8, 25), (7, 25), (7, 24), (7, 24)], 1: [(24, 2), (23, 2), (22, 2), (21, 2), (20, 2), (20, 1), (19, 1), (18, 1), (17, 1), (16, 1), (16, 2), (16, 3), (16, 4), (16, 5), (16, 5), (16, 6), (16, 7), (16, 8), (16, 9), (16, 10), (16, 11), (16, 12), (16, 13), (16, 14), (16, 15), (16, 16), (16, 17), (16, 18), (16, 19), (15, 19), (15, 20), (15, 21), (15, 22), (15, 23), (15, 24), (15, 25), (15, 26), (15, 27), (15, 28), (15, 29), (14, 29), (13, 29), (12, 29), (11, 29), (10, 29), (10, 28), (9, 28), (8, 28), (8, 27), (8, 26), (8, 25), (8, 24), (8, 23), (8, 22), (8, 21), (8, 21)], 2: [(28, 4), (27, 4), (26, 4), (25, 4), (25, 5), (24, 5), (23, 5), (23, 6), (22, 6), (21, 6), (20, 6), (19, 6), (18, 6), (17, 6), (16, 6), (15, 6), (14, 6), (13, 6), (12, 6), (11, 6), (10, 6), (9, 6), (9, 7), (9, 8), (9, 9), (9, 10), (9, 11), (9, 12), (8, 12), (8, 13), (7, 13), (7, 13)], 3: [(16, 18), (16, 17), (15, 17), (14, 17), (13, 17), (12, 17), (11, 17), (10, 17), (9, 17), (8, 17), (7, 17), (6, 17), (5, 17), (4, 17), (4, 16), (4, 15), (4, 15)], 4: [(29, 14), (28, 14), (27, 14), (26, 14), (25, 14), (24, 14), (23, 14), (22, 14), (21, 14), (20, 14), (19, 14), (19, 15), (19, 16), (19, 17), (19, 18), (19, 19), (19, 20), (19, 21), (19, 22), (19, 23), (19, 24), (19, 25), (19, 26), (19, 27), (19, 28), (18, 28), (17, 28), (16, 28), (15, 28), (14, 28), (13, 28), (12, 28), (11, 28), (10, 28), (9, 28), (8, 28), (7, 28), (6, 28), (5, 28), (4, 28), (4, 29), (3, 29), (2, 29), (1, 29), (0, 29), (0, 30), (0, 30)], 5: [(25, 27), (25, 26), (25, 25), (26, 25), (26, 24), (26, 23), (26, 22), (26, 21), (26, 20), (27, 20), (28, 20), (29, 20), (28, 20), (27, 20), (26, 20), (25, 20), (24, 20), (23, 20), (22, 20), (21, 20), (20, 20), (19, 20), (18, 20), (17, 20), (16, 20), (15, 20), (14, 20), (13, 20), (12, 20), (11, 20), (10, 20), (9, 20), (8, 20), (8, 21), (8, 22), (8, 23), (8, 24), (8, 25), (7, 25), (7, 25)], 6: [(9, 11), (9, 12), (8, 12), (8, 13), (7, 13), (6, 13), (5, 13), (4, 13), (3, 13), (3, 14), (3, 15), (4, 15), (5, 15), (6, 15), (7, 15), (7, 16), (8, 16), (9, 16), (10, 16), (11, 16), (12, 16), (13, 16), (14, 16), (14, 16)], 7: [(27, 0), (27, 1), (27, 2), (27, 3), (26, 3), (25, 3), (24, 3), (23, 3), (22, 3), (21, 3), (20, 3), (19, 3), (18, 3), (17, 3), (16, 3), (16, 4), (16, 5), (16, 6), (16, 7), (16, 8), (16, 9), (15, 9), (14, 9), (14, 10), (14, 11), (14, 12), (14, 13), (13, 13), (13, 14), (13, 15), (13, 16), (13, 17), (13, 17)], 8: [(29, 1), (28, 1), (27, 1), (27, 2), (27, 3), (26, 3), (25, 3), (24, 3), (23, 3), (22, 3), (21, 3), (21, 4), (21, 5), (21, 6), (20, 6), (20, 7), (20, 8), (20, 9), (19, 9), (19, 10), (19, 11), (19, 12), (19, 13), (19, 14), (19, 15), (19, 16), (19, 17), (18, 17), (18, 18), (18, 19), (17, 19), (17, 20), (17, 21), (17, 22), (17, 23), (17, 24), (17, 25), (17, 26), (17, 26)], 9: [(25, 29), (24, 29), (23, 29), (23, 28), (23, 27), (23, 26), (23, 25), (23, 24), (22, 24), (22, 23), (21, 23), (21, 22), (21, 21), (21, 20), (21, 19), (21, 19)]}, 54)