

CBSS-C STATS
starts:[231, 494, 441, 449, 1007, 963, 260, 69, 370, 345]
targets:[126, 898, 70, 96, 535, 755, 378, 263, 657, 319, 418, 606, 356, 426, 1016]
dests:[37, 876, 922, 795, 952, 501, 722, 563, 407, 663]
ac_dict:{126: {0, 1}, 898: {1, 2}, 70: {2, 3}, 96: {3, 4}, 535: {4, 5}, 755: {5, 6}, 378: {6, 7}, 263: {8, 7}, 657: {8, 9}, 37: {0}, 876: {1}, 922: {2}, 795: {3}, 952: {4}, 501: {5}, 722: {6}, 563: {7}, 407: {8}, 663: {9}}
clusters:[1 4 9 8 0 6 0 3 1 5 2 6 7 0 6]

round: 2
best_g_value: 265.0
open_list_size: 1
num_low_level_expanded: 1088
search_success: 1
search_time: 0.7353780218400061
n_tsp_call: 1
n_tsp_time: 0.6745160208083689
n_roots: 1
num_conflicts: 1
target_assignment: {755: 5, 418: 3, 96: 3, 70: 3, 319: 3, 356: 6, 898: 1, 263: 7, 426: 7, 657: 9}
cluster_target_selection: {6: 755, 2: 418, 8: 96, 9: 70, 5: 319, 7: 356, 4: 898, 3: 263, 0: 426, 1: 657}
num_nodes_transformed_graph: 98
agent_paths:({0: [(7, 7), (6, 7), (5, 7), (5, 6), (5, 5), (5, 4), (5, 3), (5, 2), (5, 1), (5, 1)], 1: [(14, 15), (13, 15), (12, 15), (11, 15), (10, 15), (9, 15), (9, 16), (8, 16), (7, 16), (6, 16), (5, 16), (4, 16), (3, 16), (2, 16), (2, 17), (2, 18), (2, 19), (2, 20), (2, 21), (2, 22), (2, 23), (2, 24), (2, 25), (2, 26), (2, 27), (2, 28), (2, 27), (3, 27), (4, 27), (5, 27), (6, 27), (6, 26), (7, 26), (8, 26), (9, 26), (10, 26), (11, 26), (12, 26), (12, 27), (12, 27)], 2: [(25, 13), (25, 14), (25, 15), (25, 16), (25, 17), (25, 18), (25, 19), (25, 20), (26, 20), (26, 21), (26, 22), (26, 23), (26, 24), (26, 25), (26, 26), (26, 27), (26, 28), (26, 28)], 3: [(1, 14), (1, 13), (2, 13), (1, 13), (1, 12), (1, 11), (1, 10), (1, 9), (1, 8), (1, 7), (1, 6), (1, 5), (1, 4), (1, 3), (0, 3), (0, 2), (1, 2), (2, 2), (3, 2), (4, 2), (5, 2), (6, 2), (6, 3), (7, 3), (8, 3), (9, 3), (10, 3), (11, 3), (12, 3), (13, 3), (14, 3), (14, 4), (14, 5), (15, 5), (16, 5), (17, 5), (18, 5), (19, 5), (19, 6), (20, 6), (21, 6), (22, 6), (23, 6), (24, 6), (25, 6), (26, 6), (27, 6), (28, 6), (29, 6), (30, 6), (31, 6), (31, 7), (31, 8), (31, 9), (30, 9), (29, 9), (28, 9), (28, 10), (28, 11), (28, 12), (28, 13), (27, 13), (27, 14), (27, 15), (27, 16), (27, 17), (27, 18), (27, 19), (27, 20), (27, 21), (27, 22), (27, 23), (27, 24), (27, 24)], 4: [(15, 31), (16, 31), (16, 30), (17, 30), (18, 30), (19, 30), (20, 30), (21, 30), (22, 30), (23, 30), (23, 29), (24, 29), (24, 29)], 5: [(3, 30), (3, 29), (4, 29), (4, 28), (4, 27), (4, 26), (4, 25), (4, 24), (4, 23), (5, 23), (6, 23), (7, 23), (8, 23), (9, 23), (10, 23), (11, 23), (12, 23), (13, 23), (14, 23), (15, 23), (16, 23), (17, 23), (18, 23), (19, 23), (19, 22), (19, 21), (19, 20), (19, 19), (19, 18), (20, 18), (20, 17), (20, 16), (21, 16), (21, 15), (21, 15)], 6: [(4, 8), (4, 9), (4, 10), (4, 11), (5, 11), (6, 11), (6, 12), (6, 13), (6, 14), (6, 15), (7, 15), (7, 16), (8, 16), (9, 16), (10, 16), (11, 16), (12, 16), (13, 16), (14, 16), (15, 16), (16, 16), (17, 16), (17, 17), (18, 17), (18, 18), (18, 19), (18, 20), (18, 21), (18, 22), (18, 22)], 7: [(5, 2), (6, 2), (6, 3), (7, 3), (7, 4), (7, 5), (7, 6), (7, 7), (7, 8), (8, 8), (9, 8), (10, 8), (10, 9), (10, 10), (10, 11), (10, 12), (10, 13), (10, 14), (11, 14), (12, 14), (13, 14), (14, 14), (15, 14), (16, 14), (17, 14), (18, 14), (19, 14), (19, 15), (19, 16), (19, 17), (19, 17)], 8: [(18, 11), (19, 11), (19, 12), (20, 12), (21, 12), (22, 12), (23, 12), (23, 12)], 9: [(25, 10), (24, 10), (23, 10), (22, 10), (21, 10), (20, 10), (19, 10), (19, 11), (19, 12), (19, 13), (19, 14), (19, 15), (19, 16), (19, 17), (18, 17), (18, 18), (18, 19), (17, 19), (17, 20), (18, 20), (19, 20), (20, 20), (21, 20), (22, 20), (23, 20), (23, 20)]}, 72)