

CBSS-C STATS
starts:[307, 115, 834, 5, 559, 620, 542, 526, 155, 178]
targets:[519, 297, 716, 869, 44, 74, 982, 824, 791, 146, 800, 348, 891, 992, 191]
dests:[695, 923, 474, 276, 547, 157, 508, 208, 399, 754]
ac_dict:{519: {0, 1}, 297: {1, 2}, 716: {2, 3}, 869: {3, 4}, 44: {4, 5}, 74: {5, 6}, 982: {6, 7}, 824: {8, 7}, 791: {8, 9}, 695: {0}, 923: {1}, 474: {2}, 276: {3}, 547: {4}, 157: {5}, 508: {6}, 208: {7}, 399: {8}, 754: {9}}
clusters:[5 4 3 7 0 0 0 6 9 7 0 1 6 8 2]

round: 2
best_g_value: 263.0
open_list_size: 1
num_low_level_expanded: 1211
search_success: 1
search_time: 0.9198175412602723
n_tsp_call: 1
n_tsp_time: 0.8559681549668312
n_roots: 1
num_conflicts: 1
target_assignment: {791: 9, 146: 3, 992: 2, 800: 2, 716: 2, 348: 5, 191: 5, 297: 1, 519: 1, 891: 1}
cluster_target_selection: {9: 791, 7: 146, 8: 992, 0: 800, 3: 716, 1: 348, 2: 191, 4: 297, 5: 519, 6: 891}
num_nodes_transformed_graph: 98
agent_paths:({0: [(19, 9), (20, 9), (21, 9), (22, 9), (23, 9), (23, 10), (23, 11), (23, 12), (23, 13), (23, 14), (23, 15), (23, 16), (23, 17), (23, 18), (23, 19), (23, 20), (23, 21), (23, 21)], 1: [(19, 3), (18, 3), (17, 3), (16, 3), (16, 4), (16, 5), (15, 5), (14, 5), (13, 5), (12, 5), (11, 5), (10, 5), (10, 6), (9, 6), (9, 7), (9, 8), (9, 9), (9, 10), (9, 11), (9, 12), (8, 12), (8, 13), (7, 13), (6, 13), (6, 14), (6, 15), (7, 15), (7, 16), (8, 16), (9, 16), (10, 16), (11, 16), (12, 16), (13, 16), (14, 16), (15, 16), (16, 16), (17, 16), (17, 17), (18, 17), (19, 17), (20, 17), (21, 17), (22, 17), (23, 17), (24, 17), (25, 17), (26, 17), (27, 17), (27, 18), (27, 19), (27, 20), (27, 21), (27, 22), (27, 23), (27, 24), (27, 25), (27, 26), (27, 27), (27, 28), (27, 28)], 2: [(2, 26), (2, 27), (1, 27), (0, 27), (0, 28), (0, 29), (0, 30), (0, 31), (0, 30), (0, 29), (0, 28), (0, 27), (0, 26), (0, 25), (0, 24), (0, 23), (1, 23), (1, 22), (2, 22), (3, 22), (4, 22), (5, 22), (6, 22), (7, 22), (8, 22), (9, 22), (10, 22), (11, 22), (12, 22), (12, 21), (12, 20), (12, 19), (12, 18), (12, 17), (12, 16), (12, 15), (12, 14), (13, 14), (14, 14), (15, 14), (16, 14), (17, 14), (18, 14), (19, 14), (20, 14), (21, 14), (22, 14), (23, 14), (24, 14), (25, 14), (26, 14), (26, 14)], 3: [(5, 0), (6, 0), (6, 1), (7, 1), (8, 1), (9, 1), (10, 1), (11, 1), (12, 1), (13, 1), (14, 1), (15, 1), (16, 1), (17, 1), (17, 2), (17, 3), (18, 3), (18, 4), (19, 4), (19, 5), (19, 6), (20, 6), (20, 7), (20, 8), (20, 8)], 4: [(15, 17), (14, 17), (13, 17), (12, 17), (11, 17), (10, 17), (9, 17), (8, 17), (7, 17), (6, 17), (5, 17), (4, 17), (3, 17), (3, 17)], 5: [(12, 19), (12, 18), (12, 17), (12, 16), (12, 15), (12, 14), (12, 13), (13, 13), (14, 13), (14, 12), (14, 11), (15, 11), (16, 11), (17, 11), (18, 11), (18, 10), (19, 10), (20, 10), (21, 10), (22, 10), (23, 10), (24, 10), (25, 10), (26, 10), (27, 10), (28, 10), (28, 9), (28, 8), (28, 7), (28, 6), (28, 5), (29, 5), (30, 5), (31, 5), (30, 5), (29, 5), (29, 4), (29, 4)], 6: [(30, 16), (29, 16), (28, 16), (28, 15), (28, 15)], 7: [(14, 16), (14, 15), (14, 14), (14, 13), (14, 12), (14, 11), (14, 10), (14, 9), (15, 9), (16, 9), (16, 8), (16, 7), (16, 6), (16, 6)], 8: [(27, 4), (26, 4), (25, 4), (25, 5), (24, 5), (23, 5), (23, 6), (22, 6), (21, 6), (20, 6), (19, 6), (18, 6), (17, 6), (17, 7), (16, 7), (16, 8), (16, 9), (15, 9), (15, 10), (15, 11), (15, 12), (15, 12)], 9: [(18, 5), (19, 5), (19, 6), (20, 6), (21, 6), (21, 7), (21, 8), (21, 9), (21, 10), (21, 11), (21, 12), (21, 13), (21, 14), (21, 15), (21, 16), (21, 17), (21, 18), (21, 19), (21, 20), (21, 21), (21, 22), (21, 23), (22, 23), (22, 24), (23, 24), (22, 24), (22, 23), (21, 23), (21, 22), (20, 22), (19, 22), (18, 22), (18, 23), (18, 23)]}, 59)