

CBSS-C STATS
starts:[436, 663, 421, 923, 849, 343, 962, 754, 226, 688]
targets:[470, 435, 829, 580, 861, 979, 78, 838, 297, 620, 966, 286, 184, 544, 974]
dests:[288, 711, 942, 419, 528, 91, 605, 694, 609, 382]
ac_dict:{470: {0, 1}, 435: {1, 2}, 829: {2, 3}, 580: {3, 4}, 861: {4, 5}, 979: {5, 6}, 78: {6, 7}, 838: {8, 7}, 297: {8, 9}, 288: {0}, 711: {1}, 942: {2}, 419: {3}, 528: {4}, 91: {5}, 605: {6}, 694: {7}, 609: {8}, 382: {9}}
clusters:[9 3 6 7 9 6 0 1 5 5 2 8 3 4 9]

round: 2
best_g_value: 285.0
open_list_size: 1
num_low_level_expanded: 1188
search_success: 1
search_time: 0.5050180866383016
n_tsp_call: 1
n_tsp_time: 0.45526411198079586
n_roots: 1
num_conflicts: 1
target_assignment: {78: 6, 184: 6, 544: 8, 838: 8, 286: 9, 829: 3, 620: 3, 580: 3, 966: 2, 974: 2}
cluster_target_selection: {0: 78, 3: 184, 4: 544, 1: 838, 8: 286, 6: 829, 5: 620, 7: 580, 2: 966, 9: 974}
num_nodes_transformed_graph: 58
agent_paths:({0: [(20, 13), (19, 13), (18, 13), (17, 13), (16, 13), (15, 13), (14, 13), (13, 13), (12, 13), (12, 12), (12, 11), (11, 11), (10, 11), (9, 11), (9, 10), (8, 10), (7, 10), (6, 10), (5, 10), (4, 10), (3, 10), (2, 10), (1, 10), (0, 10), (0, 9), (0, 9)], 1: [(23, 20), (22, 20), (21, 20), (20, 20), (19, 20), (18, 20), (17, 20), (17, 21), (16, 21), (15, 21), (14, 21), (13, 21), (12, 21), (11, 21), (10, 21), (9, 21), (8, 21), (7, 21), (7, 22), (7, 22)], 2: [(5, 13), (5, 14), (5, 15), (5, 16), (5, 17), (5, 18), (5, 19), (6, 19), (6, 20), (6, 21), (6, 22), (6, 23), (7, 23), (7, 24), (7, 25), (6, 25), (6, 26), (6, 27), (6, 28), (6, 29), (6, 30), (7, 30), (8, 30), (9, 30), (10, 30), (11, 30), (12, 30), (13, 30), (14, 30), (14, 29), (14, 29)], 3: [(27, 28), (27, 27), (27, 26), (27, 25), (28, 25), (29, 25), (28, 25), (27, 25), (26, 25), (25, 25), (24, 25), (23, 25), (22, 25), (21, 25), (20, 25), (19, 25), (18, 25), (17, 25), (16, 25), (15, 25), (14, 25), (13, 25), (12, 25), (12, 24), (12, 23), (12, 22), (12, 21), (12, 20), (12, 19), (11, 19), (10, 19), (9, 19), (8, 19), (7, 19), (6, 19), (5, 19), (4, 19), (4, 18), (3, 18), (3, 17), (3, 16), (3, 15), (3, 14), (3, 13), (3, 13)], 4: [(17, 26), (16, 26), (16, 25), (16, 24), (16, 23), (16, 22), (16, 21), (16, 20), (16, 19), (16, 18), (16, 17), (16, 16), (16, 16)], 5: [(23, 10), (23, 9), (23, 8), (24, 8), (25, 8), (25, 7), (25, 6), (25, 5), (25, 4), (25, 3), (26, 3), (27, 3), (27, 2), (27, 2)], 6: [(2, 30), (2, 29), (2, 28), (2, 27), (2, 26), (2, 25), (2, 24), (2, 23), (2, 22), (2, 21), (2, 20), (2, 19), (2, 18), (2, 17), (2, 16), (2, 15), (2, 14), (2, 13), (2, 12), (2, 11), (2, 10), (2, 9), (3, 9), (3, 8), (3, 7), (3, 6), (3, 5), (3, 4), (3, 3), (4, 3), (5, 3), (6, 3), (7, 3), (8, 3), (9, 3), (9, 2), (10, 2), (11, 2), (12, 2), (13, 2), (14, 2), (14, 3), (14, 4), (14, 5), (15, 5), (16, 5), (17, 5), (18, 5), (19, 5), (19, 4), (20, 4), (21, 4), (22, 4), (23, 4), (23, 5), (24, 5), (25, 5), (26, 5), (27, 5), (28, 5), (29, 5), (29, 6), (29, 7), (29, 8), (29, 9), (29, 10), (29, 11), (29, 12), (29, 13), (29, 14), (29, 15), (29, 16), (29, 17), (29, 18), (29, 18)], 7: [(18, 23), (18, 22), (18, 21), (19, 21), (20, 21), (21, 21), (22, 21), (22, 21)], 8: [(2, 7), (1, 7), (1, 8), (1, 9), (1, 10), (1, 11), (1, 12), (1, 13), (1, 14), (1, 15), (1, 16), (1, 17), (0, 17), (1, 17), (2, 17), (2, 18), (2, 19), (2, 20), (3, 20), (3, 21), (3, 22), (4, 22), (4, 23), (4, 24), (4, 25), (5, 25), (6, 25), (6, 26), (5, 26), (4, 26), (3, 26), (2, 26), (2, 25), (1, 25), (1, 24), (1, 23), (1, 22), (1, 21), (1, 20), (1, 19), (1, 19)], 9: [(16, 21), (16, 20), (16, 19), (16, 18), (16, 17), (16, 16), (16, 15), (16, 14), (16, 13), (16, 12), (16, 11), (17, 11), (18, 11), (18, 10), (19, 10), (20, 10), (21, 10), (22, 10), (23, 10), (24, 10), (25, 10), (26, 10), (27, 10), (27, 9), (27, 8), (28, 8), (29, 8), (30, 8), (30, 9), (30, 10), (30, 11), (30, 11)]}, 73)