

CBSS-C STATS
starts:[885, 75]
targets:[695, 741, 319, 561, 453, 799, 49, 497, 1000, 25, 527, 1005, 596, 105, 514, 711, 647, 994, 333, 342, 1002, 240, 147, 469, 855, 742, 598, 506, 244, 518, 1, 840, 424, 779, 822, 670, 350, 91, 146, 465, 623, 640, 28, 533, 972, 978, 963, 694, 239, 516, 422, 769, 589, 869, 852, 0, 254, 201, 893, 581, 575, 957, 780, 435, 242, 167, 367, 617, 818, 221, 60, 486, 658, 730, 1006, 13, 642, 326, 523, 538, 810, 320, 560, 677, 906, 489, 567, 880, 563, 650, 44, 149, 256, 728, 381, 681, 273, 77, 107, 193]
dests:[434, 345]
ac_dict:{695: {0, 1}, 434: {0}, 345: {1}}
clusters:[36  0 25 13 17 29  5  4 17 22 31 33 37 29 23 28  1 15 14 33 37  4 16 30
 19  8 13  4 18 18  3  9  2 37  6 16 28 15 16 33 23 38  0  4  2 14 10 20
 28 19 31 20 10 34 36 14  2 15  2 32 28 36 35  7 35 11 32 30  7  9 16 15
 13 26  0 12 22 27 24 12 22 34 26 35 21 11 36 39  2  7 37 27 10 23 35  2
 12 14 15  8]

round: 1
best_g_value: 441.0
open_list_size: 0
num_low_level_expanded: 285
search_success: 1
search_time: 7.192931018995296
n_tsp_call: 1
n_tsp_time: 7.089128580999386
n_roots: 1
num_conflicts: 0
target_assignment: {822: 0, 852: 0, 880: 0, 906: 0, 810: 0, 650: 0, 617: 0, 647: 0, 677: 0, 741: 0, 769: 0, 640: 0, 581: 0, 453: 0, 320: 0, 256: 0, 193: 0, 1: 0, 514: 0, 516: 0, 518: 0, 489: 0, 523: 0, 527: 0, 560: 0, 561: 0, 497: 0, 465: 0, 105: 1, 107: 1, 44: 1, 77: 1, 13: 1, 49: 1, 146: 1, 149: 1, 221: 1, 254: 1, 319: 1, 350: 1}
cluster_target_selection: {6: 822, 36: 852, 39: 880, 21: 906, 22: 810, 7: 650, 30: 617, 1: 647, 35: 677, 0: 741, 20: 769, 38: 640, 32: 581, 17: 453, 34: 320, 10: 256, 8: 193, 3: 1, 23: 514, 19: 516, 18: 518, 11: 489, 24: 523, 31: 527, 26: 560, 13: 561, 4: 497, 33: 465, 29: 105, 15: 107, 37: 44, 14: 77, 12: 13, 5: 49, 16: 146, 27: 149, 9: 221, 2: 254, 25: 319, 28: 350}
num_nodes_transformed_graph: 104
agent_paths:({0: [(21, 27), (22, 27), (22, 26), (22, 25), (21, 25), (20, 25), (20, 26), (19, 26), (18, 26), (17, 26), (16, 26), (16, 27), (15, 27), (14, 27), (13, 27), (12, 27), (11, 27), (10, 27), (10, 28), (10, 27), (10, 26), (10, 25), (10, 24), (10, 23), (10, 22), (10, 21), (10, 20), (9, 20), (9, 19), (8, 19), (7, 19), (7, 20), (6, 20), (5, 20), (5, 21), (5, 22), (5, 23), (4, 23), (3, 23), (2, 23), (1, 23), (1, 24), (1, 23), (1, 22), (1, 21), (0, 21), (0, 20), (0, 19), (1, 19), (2, 19), (2, 18), (3, 18), (4, 18), (5, 18), (5, 17), (5, 16), (5, 15), (5, 14), (5, 13), (4, 13), (3, 13), (2, 13), (1, 13), (1, 12), (1, 11), (0, 11), (0, 10), (0, 9), (0, 8), (0, 7), (1, 7), (1, 6), (1, 5), (1, 4), (1, 3), (1, 2), (1, 1), (1, 0), (1, 1), (1, 2), (1, 3), (1, 4), (1, 5), (1, 6), (1, 7), (1, 8), (1, 9), (2, 9), (2, 10), (2, 11), (2, 12), (2, 13), (2, 14), (2, 15), (2, 16), (3, 16), (4, 16), (5, 16), (6, 16), (7, 16), (8, 16), (9, 16), (9, 15), (10, 15), (11, 15), (11, 16), (12, 16), (13, 16), (14, 16), (15, 16), (16, 16), (16, 17), (17, 17), (17, 16), (17, 15), (17, 14), (17, 13), (18, 13), (18, 13)], 1: [(11, 2), (10, 2), (9, 2), (9, 3), (10, 3), (11, 3), (11, 2), (11, 1), (12, 1), (13, 1), (13, 2), (13, 1), (13, 0), (14, 0), (15, 0), (16, 0), (16, 1), (17, 1), (17, 2), (17, 3), (18, 3), (18, 4), (19, 4), (20, 4), (21, 4), (22, 4), (23, 4), (23, 5), (24, 5), (25, 5), (26, 5), (27, 5), (28, 5), (29, 5), (29, 6), (30, 6), (30, 7), (31, 7), (31, 8), (31, 9), (30, 9), (30, 10), (29, 10), (28, 10), (27, 10), (26, 10), (25, 10), (25, 10)]}, 117)