

CBSS-C STATS
starts:[875, 732, 847, 653, 126]
targets:[784, 479, 536, 368, 134, 279, 422, 791, 382, 724]
dests:[1018, 1022, 417, 520, 205]
ac_dict:{784: {0, 1}, 479: {1, 2}, 536: {2, 3}, 368: {3, 4}, 1018: {0}, 1022: {1}, 417: {2}, 520: {3}, 205: {4}}
clusters:[1 2 0 4 1 0 4 2 4 3]

round: 1
best_g_value: 100.0
open_list_size: 0
num_low_level_expanded: 306
search_success: 1
search_time: 0.13893524883314967
n_tsp_call: 1
n_tsp_time: 0.12091940501704812
n_roots: 1
num_conflicts: 0
target_assignment: {784: 0, 724: 0, 791: 0, 422: 2, 279: 4}
cluster_target_selection: {1: 784, 3: 724, 2: 791, 4: 422, 0: 279}
num_nodes_transformed_graph: 48
agent_paths:({0: [(11, 27), (11, 26), (11, 25), (11, 24), (12, 24), (13, 24), (14, 24), (15, 24), (16, 24), (16, 23), (16, 22), (17, 22), (18, 22), (19, 22), (20, 22), (21, 22), (21, 23), (22, 23), (22, 24), (23, 24), (24, 24), (25, 24), (26, 24), (26, 25), (26, 26), (26, 27), (26, 28), (26, 29), (26, 30), (26, 31), (26, 31)], 1: [(28, 22), (29, 22), (30, 22), (30, 23), (30, 24), (30, 25), (30, 26), (30, 27), (30, 28), (30, 29), (30, 30), (30, 31), (30, 31)], 2: [(15, 26), (15, 25), (14, 25), (13, 25), (12, 25), (11, 25), (10, 25), (9, 25), (8, 25), (7, 25), (7, 24), (7, 23), (7, 22), (7, 21), (7, 20), (7, 19), (7, 18), (7, 17), (6, 17), (6, 16), (6, 15), (6, 14), (6, 13), (5, 13), (4, 13), (3, 13), (2, 13), (1, 13), (1, 13)], 3: [(13, 20), (12, 20), (11, 20), (10, 20), (9, 20), (8, 20), (8, 19), (8, 18), (8, 17), (8, 16), (8, 16)], 4: [(30, 3), (30, 4), (29, 4), (28, 4), (27, 4), (26, 4), (25, 4), (25, 5), (25, 6), (25, 7), (25, 8), (24, 8), (23, 8), (22, 8), (21, 8), (20, 8), (20, 7), (19, 7), (18, 7), (17, 7), (16, 7), (15, 7), (14, 7), (13, 7), (13, 6), (13, 6)]}, 29)