

CBSS-C STATS
starts:[881, 343, 639, 837, 1006, 911, 151, 505, 417, 392]
targets:[349, 156, 901, 830, 627, 629, 777, 838, 436, 483]
dests:[1016, 480, 529, 430, 783, 191, 489, 701, 280, 534]
ac_dict:{349: {0, 1}, 156: {1, 2}, 901: {2, 3}, 830: {3, 4}, 627: {4, 5}, 629: {5, 6}, 777: {6, 7}, 838: {8, 7}, 436: {8, 9}, 1016: {0}, 480: {1}, 529: {2}, 430: {3}, 783: {4}, 191: {5}, 489: {6}, 701: {7}, 280: {8}, 534: {9}}
clusters:[3 2 0 4 0 2 4 1 4 0]

round: 6
best_g_value: 246.0
open_list_size: 5
num_low_level_expanded: 3760
search_success: 1
search_time: 0.22889652103185654
n_tsp_call: 1
n_tsp_time: 0.117455227766186
n_roots: 1
num_conflicts: 5
target_assignment: {629: 5, 838: 8, 436: 8, 349: 1, 483: 1}
cluster_target_selection: {2: 629, 1: 838, 4: 436, 3: 349, 0: 483}
num_nodes_transformed_graph: 33
agent_paths:({0: [(17, 27), (18, 27), (19, 27), (20, 27), (21, 27), (22, 27), (23, 27), (24, 27), (24, 28), (24, 29), (24, 30), (24, 31), (24, 31)], 1: [(23, 10), (24, 10), (25, 10), (26, 10), (27, 10), (28, 10), (29, 10), (28, 10), (27, 10), (26, 10), (25, 10), (24, 10), (23, 10), (22, 10), (21, 10), (20, 10), (19, 10), (18, 10), (18, 11), (17, 11), (16, 11), (15, 11), (14, 11), (14, 10), (13, 10), (12, 10), (11, 10), (10, 10), (9, 10), (8, 10), (7, 10), (6, 10), (5, 10), (4, 10), (3, 10), (3, 11), (3, 12), (3, 13), (3, 14), (3, 15), (2, 15), (1, 15), (0, 15), (0, 15)], 2: [(31, 19), (30, 19), (29, 19), (29, 18), (28, 18), (27, 18), (26, 18), (25, 18), (24, 18), (23, 18), (22, 18), (21, 18), (20, 18), (19, 18), (18, 18), (18, 17), (17, 17), (17, 16), (17, 16)], 3: [(5, 26), (5, 25), (6, 25), (7, 25), (7, 24), (7, 23), (7, 22), (7, 21), (7, 20), (7, 19), (7, 18), (7, 17), (7, 16), (8, 16), (9, 16), (9, 15), (9, 14), (10, 14), (11, 14), (12, 14), (12, 13), (13, 13), (14, 13), (14, 13)], 4: [(14, 31), (14, 30), (14, 29), (14, 28), (14, 27), (15, 27), (15, 26), (15, 25), (15, 24), (15, 24)], 5: [(15, 28), (15, 27), (15, 26), (15, 25), (15, 24), (15, 23), (15, 22), (15, 21), (15, 20), (15, 19), (16, 19), (17, 19), (18, 19), (19, 19), (20, 19), (21, 19), (21, 18), (21, 17), (21, 16), (21, 15), (21, 14), (21, 13), (21, 12), (21, 11), (21, 10), (21, 9), (21, 8), (21, 7), (21, 6), (22, 6), (23, 6), (23, 5), (24, 5), (25, 5), (26, 5), (27, 5), (28, 5), (29, 5), (30, 5), (31, 5), (31, 5)], 6: [(23, 4), (22, 4), (21, 4), (20, 4), (19, 4), (18, 4), (17, 4), (16, 4), (16, 5), (15, 5), (14, 5), (13, 5), (12, 5), (11, 5), (10, 5), (10, 6), (10, 7), (10, 8), (10, 9), (10, 10), (10, 11), (10, 12), (10, 13), (10, 14), (9, 14), (9, 15), (9, 15)], 7: [(25, 15), (26, 15), (27, 15), (28, 15), (29, 15), (29, 16), (29, 17), (29, 18), (29, 19), (29, 20), (29, 21), (29, 21)], 8: [(1, 13), (2, 13), (2, 14), (2, 15), (2, 16), (2, 17), (2, 18), (2, 19), (2, 20), (3, 20), (3, 21), (3, 22), (4, 22), (4, 23), (4, 24), (4, 25), (5, 25), (6, 25), (6, 26), (6, 25), (7, 25), (7, 24), (7, 23), (7, 22), (7, 21), (7, 20), (7, 19), (7, 18), (7, 17), (7, 16), (8, 16), (9, 16), (10, 16), (10, 15), (10, 14), (11, 14), (12, 14), (13, 14), (14, 14), (15, 14), (15, 13), (16, 13), (17, 13), (18, 13), (19, 13), (20, 13), (20, 12), (21, 12), (21, 11), (21, 10), (21, 9), (21, 8), (22, 8), (23, 8), (24, 8), (24, 8)], 9: [(8, 12), (9, 12), (10, 12), (10, 13), (10, 14), (11, 14), (12, 14), (13, 14), (14, 14), (15, 14), (16, 14), (17, 14), (18, 14), (19, 14), (20, 14), (21, 14), (22, 14), (22, 15), (22, 16), (22, 16)]}, 54)