

CBSS-C STATS
starts:[712, 668, 417, 526, 466, 567, 475, 101, 35, 237]
targets:[476, 765, 608, 959, 70, 782, 62, 533, 752, 356]
dests:[421, 721, 852, 553, 821, 228, 677, 242, 518, 195]
ac_dict:{476: {0, 1}, 765: {1, 2}, 608: {2, 3}, 959: {3, 4}, 70: {4, 5}, 782: {5, 6}, 62: {6, 7}, 533: {8, 7}, 752: {8, 9}, 421: {0}, 721: {1}, 852: {2}, 553: {3}, 821: {4}, 228: {5}, 677: {6}, 242: {7}, 518: {8}, 195: {9}}
clusters:[0 4 2 3 1 1 3 4 2 4]

round: 12
best_g_value: 235.0
open_list_size: 11
num_low_level_expanded: 3820
search_success: 1
search_time: 0.32917433278635144
n_tsp_call: 1
n_tsp_time: 0.18429381400346756
n_roots: 1
num_conflicts: 11
target_assignment: {356: 5, 959: 4, 782: 6, 608: 2, 476: 1}
cluster_target_selection: {4: 356, 3: 959, 1: 782, 2: 608, 0: 476}
num_nodes_transformed_graph: 48
agent_paths:({0: [(8, 22), (7, 22), (6, 22), (5, 22), (5, 21), (5, 20), (5, 19), (5, 18), (5, 17), (5, 16), (5, 15), (5, 14), (5, 13), (5, 13)], 1: [(28, 20), (27, 20), (27, 19), (27, 18), (27, 17), (27, 16), (27, 15), (27, 14), (28, 14), (28, 15), (27, 15), (26, 15), (25, 15), (24, 15), (23, 15), (22, 15), (21, 15), (21, 16), (20, 16), (19, 16), (19, 17), (18, 17), (18, 18), (18, 19), (17, 19), (17, 20), (17, 21), (17, 22), (17, 22)], 2: [(1, 13), (1, 14), (1, 15), (1, 16), (1, 17), (2, 17), (2, 18), (2, 19), (1, 19), (0, 19), (1, 19), (2, 19), (2, 20), (3, 20), (3, 21), (3, 22), (4, 22), (5, 22), (6, 22), (7, 22), (8, 22), (9, 22), (10, 22), (11, 22), (12, 22), (13, 22), (13, 23), (14, 23), (15, 23), (16, 23), (17, 23), (18, 23), (19, 23), (19, 24), (20, 24), (20, 25), (20, 26), (20, 26)], 3: [(14, 16), (13, 16), (12, 16), (11, 16), (10, 16), (9, 16), (9, 17), (9, 17)], 4: [(18, 14), (19, 14), (20, 14), (21, 14), (22, 14), (23, 14), (24, 14), (25, 14), (26, 14), (27, 14), (28, 14), (29, 14), (29, 15), (29, 16), (29, 17), (29, 18), (29, 19), (29, 20), (29, 21), (29, 22), (30, 22), (30, 23), (30, 24), (30, 25), (30, 26), (30, 27), (31, 27), (31, 28), (31, 29), (30, 29), (29, 29), (28, 29), (27, 29), (26, 29), (25, 29), (24, 29), (23, 29), (23, 28), (23, 27), (22, 27), (22, 26), (22, 25), (21, 25), (21, 25)], 5: [(23, 17), (22, 17), (21, 17), (20, 17), (19, 17), (18, 17), (17, 17), (16, 17), (15, 17), (14, 17), (13, 17), (12, 17), (11, 17), (10, 17), (10, 16), (9, 16), (8, 16), (7, 16), (7, 15), (6, 15), (6, 14), (6, 13), (6, 12), (6, 11), (5, 11), (4, 11), (4, 10), (4, 9), (4, 8), (4, 7), (4, 7)], 6: [(27, 14), (26, 14), (25, 14), (24, 14), (24, 15), (23, 15), (22, 15), (21, 15), (21, 16), (20, 16), (19, 16), (19, 17), (18, 17), (17, 17), (16, 17), (16, 18), (16, 19), (15, 19), (15, 20), (15, 21), (15, 22), (15, 23), (14, 23), (14, 24), (13, 24), (12, 24), (11, 24), (10, 24), (9, 24), (8, 24), (7, 24), (7, 23), (6, 23), (5, 23), (5, 22), (5, 21), (5, 21)], 7: [(5, 3), (6, 3), (7, 3), (8, 3), (9, 3), (10, 3), (11, 3), (12, 3), (13, 3), (14, 3), (14, 4), (14, 5), (15, 5), (16, 5), (17, 5), (18, 5), (18, 6), (18, 7), (18, 7)], 8: [(3, 1), (4, 1), (5, 1), (5, 2), (5, 3), (5, 4), (5, 5), (5, 6), (5, 7), (5, 8), (5, 9), (6, 9), (6, 10), (6, 11), (6, 12), (6, 13), (6, 14), (6, 15), (6, 16), (6, 16)], 9: [(13, 7), (12, 7), (11, 7), (10, 7), (9, 7), (9, 6), (8, 6), (7, 6), (7, 5), (6, 5), (5, 5), (4, 5), (3, 5), (3, 6), (3, 6)]}, 42)