

CBSS-C STATS
starts:[525, 801, 564, 751, 606]
targets:[289, 350, 574, 978, 824, 98, 379, 325, 166, 881, 993, 981, 304, 949, 1013, 942, 307, 140, 9, 398]
dests:[55, 783, 40, 671, 139]
ac_dict:{289: {0, 1}, 350: {1, 2}, 574: {2, 3}, 978: {3, 4}, 55: {0}, 783: {1}, 40: {2}, 671: {3}, 139: {4}}
clusters:[3 0 9 1 1 6 7 6 2 8 0 1 3 4 5 2 3 3 3 4]

round: 1
best_g_value: 162.0
open_list_size: 0
num_low_level_expanded: 516
search_success: 1
search_time: 2.7094073151238263
n_tsp_call: 1
n_tsp_time: 2.6801743949763477
n_roots: 1
num_conflicts: 0
target_assignment: {304: 0, 379: 4, 398: 2, 325: 2, 166: 2, 881: 3, 1013: 3, 824: 3, 574: 3, 993: 1}
cluster_target_selection: {3: 304, 7: 379, 4: 398, 6: 325, 2: 166, 8: 881, 5: 1013, 1: 824, 9: 574, 0: 993}
num_nodes_transformed_graph: 98
agent_paths:({0: [(13, 16), (13, 15), (13, 14), (13, 13), (14, 13), (14, 12), (14, 11), (14, 10), (14, 9), (15, 9), (16, 9), (16, 8), (16, 7), (16, 6), (16, 5), (16, 4), (16, 3), (17, 3), (18, 3), (19, 3), (20, 3), (20, 2), (21, 2), (22, 2), (22, 1), (23, 1), (23, 1)], 1: [(1, 25), (0, 25), (0, 26), (0, 27), (1, 27), (1, 28), (1, 29), (1, 30), (1, 31), (1, 30), (1, 29), (1, 28), (1, 27), (2, 27), (2, 26), (2, 25), (3, 25), (4, 25), (5, 25), (6, 25), (7, 25), (7, 24), (8, 24), (9, 24), (10, 24), (11, 24), (12, 24), (13, 24), (14, 24), (15, 24), (15, 24)], 2: [(20, 17), (19, 17), (18, 17), (17, 17), (16, 17), (15, 17), (14, 17), (14, 16), (14, 15), (14, 14), (14, 13), (14, 12), (14, 11), (14, 10), (13, 10), (12, 10), (11, 10), (10, 10), (9, 10), (8, 10), (7, 10), (6, 10), (5, 10), (5, 9), (5, 8), (5, 7), (5, 6), (5, 5), (6, 5), (6, 4), (6, 3), (6, 2), (6, 1), (7, 1), (8, 1), (8, 1)], 3: [(15, 23), (16, 23), (17, 23), (17, 24), (17, 25), (17, 26), (17, 27), (18, 27), (19, 27), (20, 27), (20, 28), (20, 29), (21, 29), (21, 30), (21, 31), (21, 30), (22, 30), (23, 30), (23, 29), (23, 28), (23, 27), (23, 26), (23, 25), (24, 25), (24, 24), (24, 23), (24, 22), (24, 21), (24, 20), (24, 19), (24, 18), (25, 18), (26, 18), (27, 18), (28, 18), (29, 18), (29, 17), (30, 17), (31, 17), (31, 18), (31, 19), (31, 20), (31, 20)], 4: [(30, 18), (29, 18), (29, 17), (29, 16), (28, 16), (28, 15), (28, 14), (28, 13), (28, 12), (28, 11), (27, 11), (26, 11), (25, 11), (24, 11), (23, 11), (22, 11), (21, 11), (21, 10), (20, 10), (19, 10), (18, 10), (18, 9), (17, 9), (16, 9), (15, 9), (14, 9), (13, 9), (13, 8), (13, 7), (12, 7), (11, 7), (11, 6), (11, 5), (11, 4), (11, 4)]}, 41)