

CBSS-C STATS
starts:[299, 204, 954, 697, 970, 915, 1016, 672, 822, 404]
targets:[816, 527, 221, 952, 944, 351, 674, 965, 916, 782, 506, 142, 736, 482, 721]
dests:[12, 421, 304, 658, 578, 187, 457, 804, 540, 824]
ac_dict:{816: {0, 1}, 527: {1, 2}, 221: {2, 3}, 952: {3, 4}, 944: {4, 5}, 351: {5, 6}, 674: {6, 7}, 965: {8, 7}, 916: {8, 9}, 12: {0}, 421: {1}, 304: {2}, 658: {3}, 578: {4}, 187: {5}, 457: {6}, 804: {7}, 540: {8}, 824: {9}}
clusters:[4 2 8 1 3 0 5 7 6 3 9 2 9 0 0]

round: 7
best_g_value: 265.0
open_list_size: 6
num_low_level_expanded: 1715
search_success: 1
search_time: 0.5947643672116101
n_tsp_call: 1
n_tsp_time: 0.4818911999464035
n_roots: 1
num_conflicts: 6
target_assignment: {916: 9, 952: 3, 506: 5, 721: 6, 221: 2, 674: 7, 965: 7, 527: 1, 816: 1, 782: 1}
cluster_target_selection: {6: 916, 1: 952, 9: 506, 0: 721, 8: 221, 5: 674, 7: 965, 2: 527, 4: 816, 3: 782}
num_nodes_transformed_graph: 58
agent_paths:({0: [(11, 9), (11, 8), (11, 7), (11, 6), (11, 5), (11, 4), (11, 3), (11, 2), (11, 1), (11, 0), (12, 0), (12, 0)], 1: [(12, 6), (13, 6), (13, 7), (13, 8), (13, 9), (14, 9), (14, 10), (14, 11), (14, 12), (14, 13), (14, 14), (14, 15), (14, 16), (15, 16), (16, 16), (16, 17), (16, 18), (16, 19), (16, 20), (16, 21), (16, 22), (16, 23), (16, 24), (16, 25), (15, 25), (14, 25), (14, 24), (13, 24), (12, 24), (11, 24), (10, 24), (9, 24), (8, 24), (7, 24), (7, 23), (6, 23), (5, 23), (5, 22), (5, 21), (5, 20), (5, 19), (5, 18), (5, 17), (5, 16), (5, 15), (5, 14), (5, 13), (5, 13)], 2: [(26, 29), (26, 28), (26, 27), (26, 26), (26, 25), (27, 25), (27, 24), (27, 23), (27, 22), (27, 21), (28, 21), (28, 20), (29, 20), (29, 19), (29, 18), (29, 17), (29, 16), (29, 15), (29, 14), (29, 13), (29, 12), (29, 11), (29, 10), (29, 9), (29, 8), (29, 7), (29, 6), (28, 6), (27, 6), (26, 6), (25, 6), (24, 6), (23, 6), (22, 6), (21, 6), (20, 6), (19, 6), (18, 6), (17, 6), (16, 6), (16, 7), (16, 8), (16, 9), (16, 9)], 3: [(25, 21), (24, 21), (24, 22), (24, 23), (24, 24), (24, 25), (24, 26), (24, 27), (24, 28), (24, 29), (23, 29), (23, 28), (23, 27), (22, 27), (21, 27), (20, 27), (19, 27), (18, 27), (18, 26), (18, 25), (18, 24), (18, 23), (18, 22), (18, 21), (18, 20), (18, 20)], 4: [(10, 30), (9, 30), (8, 30), (7, 30), (6, 30), (5, 30), (5, 29), (4, 29), (3, 29), (2, 29), (2, 28), (2, 27), (2, 26), (2, 25), (2, 24), (2, 23), (2, 22), (2, 21), (2, 20), (2, 19), (2, 18), (2, 18)], 5: [(19, 28), (19, 27), (19, 26), (19, 25), (19, 24), (19, 23), (19, 22), (19, 21), (20, 21), (20, 20), (20, 19), (20, 18), (20, 17), (20, 16), (21, 16), (21, 15), (22, 15), (23, 15), (24, 15), (25, 15), (26, 15), (26, 14), (26, 13), (26, 12), (26, 11), (26, 10), (27, 10), (27, 9), (27, 8), (27, 7), (27, 6), (27, 5), (27, 5)], 6: [(24, 31), (24, 30), (23, 30), (22, 30), (21, 30), (20, 30), (19, 30), (18, 30), (17, 30), (17, 29), (17, 28), (17, 27), (17, 26), (17, 25), (17, 24), (17, 23), (17, 22), (16, 22), (15, 22), (15, 21), (14, 21), (13, 21), (12, 21), (11, 21), (10, 21), (9, 21), (9, 20), (9, 19), (9, 18), (9, 17), (9, 16), (9, 15), (9, 14), (9, 14)], 7: [(0, 21), (1, 21), (2, 21), (3, 21), (3, 22), (4, 22), (4, 23), (4, 24), (4, 25), (5, 25), (5, 26), (5, 27), (5, 28), (5, 29), (5, 30), (5, 29), (4, 29), (4, 28), (4, 27), (4, 26), (4, 25), (4, 25)], 8: [(22, 25), (23, 25), (24, 25), (25, 25), (25, 24), (26, 24), (26, 23), (26, 22), (26, 21), (26, 20), (27, 20), (27, 19), (27, 18), (27, 17), (27, 16), (28, 16), (28, 16)], 9: [(20, 12), (20, 13), (20, 14), (19, 14), (19, 15), (19, 16), (19, 17), (19, 18), (19, 19), (19, 20), (19, 21), (19, 22), (19, 23), (19, 24), (20, 24), (20, 25), (20, 26), (20, 27), (20, 28), (20, 27), (20, 26), (20, 25), (21, 25), (22, 25), (23, 25), (24, 25), (24, 25)]}, 46)