

CBSS-C STATS
starts:[830, 544, 906, 487, 459]
targets:[772, 748, 653, 875, 819, 1003, 522, 407, 394, 847]
dests:[309, 556, 818, 701, 376]
ac_dict:{772: {0, 1}, 748: {1, 2}, 653: {2, 3}, 875: {3, 4}, 309: {0}, 556: {1}, 818: {2}, 701: {3}, 376: {4}}
clusters:[0 0 0 0 0 0 0 1 0 1]

round: 1
best_g_value: 92.0
open_list_size: 0
num_low_level_expanded: 341
search_success: 1
search_time: 0.06366248615086079
n_tsp_call: 1
n_tsp_time: 0.047576732002198696
n_roots: 1
num_conflicts: 0
target_assignment: {522: 3, 847: 2}
cluster_target_selection: {0: 522, 1: 847}
num_nodes_transformed_graph: 29
agent_paths:({0: [(30, 25), (29, 25), (28, 25), (27, 25), (26, 25), (25, 25), (24, 25), (23, 25), (22, 25), (22, 24), (22, 23), (21, 23), (21, 22), (21, 21), (21, 20), (21, 19), (21, 18), (21, 17), (21, 16), (21, 15), (21, 14), (21, 13), (21, 12), (21, 11), (21, 10), (21, 9), (21, 9)], 1: [(0, 17), (1, 17), (2, 17), (3, 17), (4, 17), (5, 17), (6, 17), (7, 17), (8, 17), (9, 17), (10, 17), (11, 17), (12, 17), (12, 17)], 2: [(10, 28), (10, 27), (11, 27), (12, 27), (13, 27), (14, 27), (15, 27), (15, 26), (15, 25), (16, 25), (17, 25), (18, 25), (18, 25)], 3: [(7, 15), (7, 16), (8, 16), (9, 16), (10, 16), (11, 16), (12, 16), (13, 16), (14, 16), (15, 16), (16, 16), (17, 16), (17, 17), (18, 17), (19, 17), (20, 17), (21, 17), (22, 17), (23, 17), (24, 17), (25, 17), (26, 17), (27, 17), (27, 18), (28, 18), (29, 18), (29, 19), (29, 20), (29, 21), (29, 21)], 4: [(11, 14), (12, 14), (12, 13), (13, 13), (14, 13), (14, 12), (15, 12), (16, 12), (17, 12), (18, 12), (19, 12), (20, 12), (21, 12), (21, 11), (22, 11), (23, 11), (24, 11), (24, 11)]}, 28)