

CBSS-C STATS
starts:[431, 113, 585, 653, 515, 212, 221, 102, 75, 921]
targets:[65, 854, 542, 633, 552, 885, 3, 981, 252, 539]
dests:[650, 536, 99, 470, 49, 447, 927, 521, 733, 766]
ac_dict:{65: {0, 1}, 854: {1, 2}, 542: {2, 3}, 633: {3, 4}, 552: {4, 5}, 885: {5, 6}, 3: {6, 7}, 981: {8, 7}, 252: {8, 9}, 650: {0}, 536: {1}, 99: {2}, 470: {3}, 49: {4}, 447: {5}, 927: {6}, 521: {7}, 733: {8}, 766: {9}}
clusters:[2 0 3 0 0 2 4 1 2 2]

round: 3
best_g_value: 249.0
open_list_size: 2
num_low_level_expanded: 1583
search_success: 1
search_time: 0.20371802104637027
n_tsp_call: 1
n_tsp_time: 0.15128808980807662
n_roots: 1
num_conflicts: 2
target_assignment: {633: 3, 539: 3, 542: 3, 981: 8, 3: 7}
cluster_target_selection: {0: 633, 2: 539, 3: 542, 1: 981, 4: 3}
num_nodes_transformed_graph: 34
agent_paths:({0: [(15, 13), (14, 13), (13, 13), (12, 13), (12, 14), (11, 14), (10, 14), (10, 15), (10, 16), (10, 17), (10, 18), (10, 19), (10, 20), (10, 20)], 1: [(17, 3), (18, 3), (19, 3), (20, 3), (21, 3), (21, 4), (21, 5), (21, 6), (22, 6), (22, 7), (22, 8), (23, 8), (24, 8), (24, 9), (24, 10), (24, 11), (24, 12), (24, 13), (24, 14), (24, 15), (24, 16), (24, 16)], 2: [(9, 18), (8, 18), (7, 18), (7, 17), (6, 17), (5, 17), (4, 17), (3, 17), (3, 16), (3, 15), (3, 14), (3, 13), (3, 12), (3, 11), (3, 10), (3, 9), (3, 8), (3, 7), (3, 6), (3, 5), (3, 4), (3, 3), (3, 3)], 3: [(13, 20), (13, 19), (14, 19), (15, 19), (16, 19), (17, 19), (18, 19), (19, 19), (20, 19), (21, 19), (22, 19), (23, 19), (24, 19), (25, 19), (25, 18), (25, 17), (25, 16), (26, 16), (27, 16), (28, 16), (29, 16), (30, 16), (29, 16), (28, 16), (27, 16), (26, 16), (25, 16), (25, 15), (24, 15), (23, 15), (22, 15), (22, 14), (22, 14)], 4: [(3, 16), (3, 15), (3, 14), (3, 13), (3, 12), (3, 11), (3, 10), (3, 9), (3, 8), (3, 7), (3, 6), (3, 5), (3, 4), (3, 3), (3, 2), (3, 1), (4, 1), (5, 1), (6, 1), (7, 1), (8, 1), (9, 1), (10, 1), (11, 1), (12, 1), (13, 1), (14, 1), (15, 1), (16, 1), (17, 1), (17, 1)], 5: [(20, 6), (21, 6), (22, 6), (23, 6), (24, 6), (25, 6), (26, 6), (27, 6), (28, 6), (29, 6), (29, 7), (29, 8), (29, 9), (29, 10), (29, 11), (29, 12), (29, 13), (29, 14), (30, 14), (31, 14), (31, 13), (31, 13)], 6: [(29, 6), (29, 7), (29, 8), (29, 9), (29, 10), (29, 11), (29, 12), (29, 13), (29, 14), (29, 15), (29, 16), (29, 17), (29, 18), (29, 19), (29, 20), (29, 21), (29, 22), (29, 23), (29, 24), (30, 24), (30, 25), (30, 26), (30, 27), (31, 27), (31, 28), (31, 28)], 7: [(6, 3), (5, 3), (4, 3), (3, 3), (3, 2), (3, 1), (3, 0), (4, 0), (5, 0), (5, 1), (5, 2), (5, 3), (5, 4), (5, 5), (5, 6), (5, 7), (5, 8), (5, 9), (6, 9), (6, 10), (6, 11), (6, 12), (6, 13), (6, 14), (6, 15), (7, 15), (7, 16), (8, 16), (9, 16), (9, 16)], 8: [(11, 2), (12, 2), (13, 2), (14, 2), (14, 3), (14, 4), (14, 5), (15, 5), (16, 5), (17, 5), (18, 5), (18, 6), (18, 7), (18, 8), (18, 9), (19, 9), (19, 10), (19, 11), (19, 12), (19, 13), (19, 14), (19, 15), (19, 16), (19, 17), (19, 18), (19, 19), (19, 20), (19, 21), (19, 22), (19, 23), (19, 24), (20, 24), (20, 25), (20, 26), (20, 27), (20, 28), (20, 29), (21, 29), (21, 30), (22, 30), (23, 30), (23, 29), (23, 28), (23, 27), (23, 26), (23, 25), (23, 24), (24, 24), (25, 24), (26, 24), (26, 23), (26, 22), (27, 22), (28, 22), (29, 22), (29, 22)], 9: [(25, 28), (25, 27), (25, 26), (25, 25), (25, 24), (26, 24), (27, 24), (28, 24), (29, 24), (29, 23), (30, 23), (30, 23)]}, 54)