

CBSS-C STATS
starts:[637, 900, 313, 673, 926]
targets:[913, 829, 463, 879, 142, 127, 380, 472, 583, 778, 373, 932, 535, 344, 534, 769, 103, 406, 393, 428, 953, 997, 638, 364, 698, 279, 439, 533, 25, 986, 29, 340, 1003, 273, 496, 392, 265, 604, 226, 305, 219, 532, 699, 733, 1004, 246, 471, 255, 803, 199]
dests:[55, 309, 757, 145, 806]
ac_dict:{913: {0, 1}, 829: {1, 2}, 463: {2, 3}, 879: {3, 4}, 55: {0}, 309: {1}, 757: {2}, 145: {3}, 806: {4}}
clusters:[12 10 12 18  0  8 10 13  2  0 24  4 11  2 18 15  3 14 29 16 14  5 16 27
  3 13 15 20 17  6  4 19 28 17  1  6  9  1 25  7  8 22 23 26  9  7 11  5
 21 19]

round: 1
best_g_value: 190.0
open_list_size: 0
num_low_level_expanded: 411
search_success: 1
search_time: 5.367577512000025
n_tsp_call: 1
n_tsp_time: 5.304916697000408
n_roots: 1
num_conflicts: 0
target_assignment: {733: 0, 699: 0, 698: 0, 380: 0, 219: 0, 986: 4, 1004: 4, 1003: 4, 997: 4, 393: 3, 364: 3, 428: 3, 463: 3, 496: 3, 305: 3, 273: 3, 344: 2, 373: 2, 406: 2, 439: 2, 472: 2, 535: 2, 534: 2, 532: 2, 533: 2, 932: 1, 803: 1, 226: 1, 199: 1, 142: 1}
cluster_target_selection: {26: 733, 23: 699, 3: 698, 10: 380, 8: 219, 6: 986, 9: 1004, 28: 1003, 5: 997, 29: 393, 27: 364, 16: 428, 12: 463, 1: 496, 7: 305, 17: 273, 2: 344, 24: 373, 14: 406, 15: 439, 13: 472, 11: 535, 18: 534, 22: 532, 20: 533, 4: 932, 21: 803, 25: 226, 19: 199, 0: 142}
num_nodes_transformed_graph: 118
agent_paths:({0: [(29, 19), (29, 20), (29, 21), (29, 22), (28, 22), (27, 22), (27, 21), (26, 21), (26, 20), (27, 20), (27, 19), (27, 18), (27, 17), (27, 16), (27, 15), (27, 14), (27, 13), (28, 13), (28, 12), (28, 11), (27, 11), (27, 10), (27, 9), (27, 8), (27, 7), (27, 6), (26, 6), (25, 6), (24, 6), (23, 6), (23, 5), (23, 4), (23, 3), (23, 2), (23, 1), (23, 1)], 1: [(4, 28), (4, 29), (4, 28), (4, 27), (3, 27), (3, 26), (3, 25), (2, 25), (2, 24), (2, 23), (2, 22), (2, 21), (2, 20), (2, 19), (2, 18), (2, 17), (2, 16), (2, 15), (2, 14), (2, 13), (2, 12), (2, 11), (2, 10), (2, 9), (1, 9), (1, 8), (1, 7), (2, 7), (3, 7), (4, 7), (5, 7), (6, 7), (7, 7), (7, 6), (7, 5), (7, 4), (8, 4), (9, 4), (10, 4), (11, 4), (12, 4), (13, 4), (14, 4), (14, 5), (15, 5), (16, 5), (17, 5), (18, 5), (19, 5), (19, 6), (20, 6), (21, 6), (21, 7), (21, 8), (21, 9), (21, 9)], 2: [(25, 9), (24, 9), (24, 10), (23, 10), (22, 10), (21, 10), (21, 11), (22, 11), (22, 12), (23, 12), (23, 13), (24, 13), (24, 14), (23, 14), (23, 15), (23, 16), (22, 16), (21, 16), (20, 16), (21, 16), (21, 17), (21, 18), (21, 19), (21, 20), (21, 21), (21, 22), (21, 23), (21, 23)], 3: [(1, 21), (1, 20), (1, 19), (2, 19), (2, 18), (2, 17), (2, 16), (2, 15), (2, 14), (2, 13), (3, 13), (4, 13), (5, 13), (6, 13), (7, 13), (8, 13), (8, 12), (9, 12), (9, 11), (10, 11), (11, 11), (12, 11), (12, 12), (12, 13), (13, 13), (14, 13), (15, 13), (15, 14), (16, 14), (16, 15), (16, 14), (16, 13), (16, 12), (16, 11), (16, 10), (16, 9), (17, 9), (17, 8), (17, 7), (17, 6), (17, 5), (17, 4), (17, 4)], 4: [(30, 28), (29, 28), (28, 28), (27, 28), (26, 28), (26, 29), (26, 30), (25, 30), (24, 30), (23, 30), (22, 30), (21, 30), (20, 30), (19, 30), (18, 30), (17, 30), (16, 30), (16, 31), (15, 31), (14, 31), (13, 31), (12, 31), (11, 31), (10, 31), (9, 31), (8, 31), (7, 31), (6, 31), (5, 31), (5, 30), (5, 29), (5, 28), (5, 27), (5, 26), (5, 25), (6, 25), (6, 25)]}, 54)