

CBSS-C STATS
starts:[412, 138]
targets:[36, 617, 541, 301, 797, 663, 343, 635, 489, 1001, 526, 421, 687, 711, 901, 730, 942, 813, 682, 710, 675, 683, 659, 772, 671, 621, 103, 630, 393, 796, 291, 328, 52, 11, 294, 140, 560, 551, 1016, 172, 992, 69, 373, 44, 573, 85, 827, 989, 620, 970, 830, 808, 468, 186, 331, 963, 522, 487, 534, 637, 27, 240, 3, 244, 571, 12, 891, 612, 43, 731, 401, 680, 183, 263, 64, 536, 227, 855, 754, 250, 608, 981, 748, 641, 386, 755, 728, 549, 381, 599, 225, 538, 387, 54, 690, 37, 200, 873, 997, 699]
dests:[494, 190]
ac_dict:{36: {0, 1}, 494: {0}, 190: {1}}
clusters:[ 5 14  6  3  9 28 25  7  4  0  2 28 25 26 31 36  1 29 31 27 23 17 28 24
  9 23 33 31 25 30 11 21 11  7 23 32  6 35 19 27 20  7 16 13  7 12 33 20
 30 15 23 15  6 10  1 16  1 14 20  4  6 26 11 24  4  0 17  6 29  9 20  2
 22  7 26 14 24 11 18 22  4 21 28 38 24 15 13 24  9 34 12 39 20 31 37  4
 34  4  8  9]

round: 1
best_g_value: 446.0
open_list_size: 0
num_low_level_expanded: 307
search_success: 1
search_time: 8.217379870002333
n_tsp_call: 1
n_tsp_time: 8.113039438998385
n_roots: 1
num_conflicts: 0
target_assignment: {541: 0, 538: 0, 536: 0, 534: 0, 599: 0, 663: 0, 730: 0, 731: 0, 796: 0, 827: 0, 891: 0, 1016: 0, 981: 0, 755: 0, 754: 0, 690: 0, 687: 0, 682: 0, 1001: 0, 997: 0, 963: 0, 772: 0, 675: 0, 641: 0, 551: 0, 522: 0, 526: 0, 69: 1, 37: 1, 36: 1, 43: 1, 44: 1, 140: 1, 172: 1, 301: 1, 240: 1, 52: 1, 85: 1, 183: 1, 186: 1}
cluster_target_selection: {6: 541, 39: 538, 14: 536, 20: 534, 34: 599, 28: 663, 36: 730, 9: 731, 30: 796, 33: 827, 17: 891, 19: 1016, 21: 981, 15: 755, 18: 754, 37: 690, 25: 687, 31: 682, 0: 1001, 8: 997, 16: 963, 24: 772, 23: 675, 38: 641, 35: 551, 1: 522, 2: 526, 7: 69, 4: 37, 5: 36, 29: 43, 13: 44, 32: 140, 27: 172, 3: 301, 26: 240, 11: 52, 12: 85, 22: 183, 10: 186}
num_nodes_transformed_graph: 104
agent_paths:({0: [(28, 12), (29, 12), (29, 13), (29, 14), (29, 15), (29, 16), (28, 16), (27, 16), (26, 16), (25, 16), (24, 16), (23, 16), (22, 16), (23, 16), (23, 17), (23, 18), (23, 19), (23, 20), (24, 20), (25, 20), (26, 20), (26, 21), (26, 22), (27, 22), (27, 23), (27, 24), (28, 24), (27, 24), (27, 25), (27, 26), (27, 27), (26, 27), (25, 27), (24, 27), (24, 28), (24, 29), (24, 30), (24, 31), (24, 30), (23, 30), (22, 30), (21, 30), (20, 30), (19, 30), (19, 29), (19, 28), (19, 27), (19, 26), (19, 25), (19, 24), (19, 23), (18, 23), (18, 22), (18, 21), (17, 21), (16, 21), (15, 21), (14, 21), (13, 21), (12, 21), (11, 21), (10, 21), (10, 22), (10, 23), (10, 24), (10, 25), (10, 26), (10, 27), (10, 28), (10, 29), (10, 30), (9, 30), (9, 31), (8, 31), (7, 31), (6, 31), (5, 31), (5, 30), (5, 29), (4, 29), (3, 29), (3, 30), (3, 29), (4, 29), (4, 28), (4, 27), (4, 26), (4, 25), (4, 24), (3, 24), (3, 23), (3, 22), (3, 21), (2, 21), (1, 21), (1, 20), (1, 19), (2, 19), (2, 18), (2, 17), (3, 17), (4, 17), (5, 17), (6, 17), (7, 17), (7, 16), (8, 16), (9, 16), (10, 16), (11, 16), (12, 16), (13, 16), (14, 16), (14, 15), (14, 15)], 1: [(10, 4), (9, 4), (8, 4), (7, 4), (6, 4), (5, 4), (5, 3), (5, 2), (5, 1), (4, 1), (5, 1), (6, 1), (7, 1), (8, 1), (9, 1), (10, 1), (11, 1), (12, 1), (12, 2), (12, 3), (12, 4), (12, 5), (13, 5), (13, 6), (13, 7), (13, 8), (13, 9), (13, 8), (13, 7), (14, 7), (15, 7), (16, 7), (16, 6), (16, 5), (16, 4), (16, 3), (16, 2), (16, 1), (17, 1), (18, 1), (19, 1), (20, 1), (20, 2), (21, 2), (22, 2), (23, 2), (23, 3), (23, 4), (23, 5), (24, 5), (25, 5), (26, 5), (27, 5), (28, 5), (29, 5), (30, 5), (30, 5)]}, 113)