

CBSS-C STATS
starts:[592, 796, 691, 982, 387]
targets:[330, 745, 350, 885, 931, 641, 840, 532, 463, 639, 993, 432, 959, 273, 158, 306, 561, 988, 116, 544, 419, 325, 680, 120, 656, 1007, 135, 418, 30, 205, 216, 54, 662, 367, 976, 444, 996, 85, 910, 707]
dests:[712, 254, 155, 243, 479]
ac_dict:{330: {0, 1}, 745: {1, 2}, 350: {2, 3}, 885: {3, 4}, 712: {0}, 254: {1}, 155: {2}, 243: {3}, 479: {4}}
clusters:[16 19  0  3  9 19 23  6 18 11 24 13  6 24 22 17  3  4  9 14 13 22 24 20
 12 17 10  5 16 21  8  1  6 15  2 24  7 10  2 16]

round: 1
best_g_value: 216.0
open_list_size: 0
num_low_level_expanded: 440
search_success: 1
search_time: 6.093326396000066
n_tsp_call: 1
n_tsp_time: 6.045582073999867
n_roots: 1
num_conflicts: 0
target_assignment: {544: 0, 641: 0, 707: 0, 996: 0, 840: 0, 639: 1, 662: 2, 444: 2, 350: 2, 216: 2, 54: 2, 85: 2, 116: 2, 120: 2, 988: 3, 976: 3, 656: 3, 561: 3, 306: 3, 418: 4, 419: 4, 325: 4, 205: 4, 367: 4, 463: 4}
cluster_target_selection: {14: 544, 19: 641, 16: 707, 7: 996, 23: 840, 11: 639, 6: 662, 24: 444, 0: 350, 8: 216, 1: 54, 10: 85, 9: 116, 20: 120, 4: 988, 2: 976, 12: 656, 3: 561, 17: 306, 5: 418, 13: 419, 22: 325, 21: 205, 15: 367, 18: 463}
num_nodes_transformed_graph: 99
agent_paths:({0: [(16, 18), (16, 17), (15, 17), (14, 17), (13, 17), (12, 17), (11, 17), (10, 17), (9, 17), (8, 17), (7, 17), (6, 17), (5, 17), (4, 17), (3, 17), (2, 17), (1, 17), (0, 17), (1, 17), (2, 17), (2, 18), (2, 19), (1, 19), (1, 20), (2, 20), (3, 20), (3, 21), (3, 22), (4, 22), (4, 23), (4, 24), (4, 25), (4, 26), (4, 27), (4, 28), (4, 29), (5, 29), (5, 30), (5, 31), (4, 31), (5, 31), (5, 30), (5, 29), (5, 28), (5, 27), (5, 26), (6, 26), (7, 26), (8, 26), (8, 25), (8, 24), (8, 23), (8, 22), (8, 22)], 1: [(28, 24), (29, 24), (29, 23), (29, 22), (29, 21), (29, 20), (29, 19), (30, 19), (31, 19), (30, 19), (30, 18), (30, 17), (30, 16), (30, 15), (30, 14), (29, 14), (29, 13), (29, 12), (29, 11), (29, 10), (29, 9), (29, 8), (29, 7), (30, 7), (30, 7)], 2: [(19, 21), (19, 20), (20, 20), (21, 20), (22, 20), (22, 19), (22, 18), (22, 17), (22, 16), (22, 15), (22, 14), (22, 13), (23, 13), (24, 13), (25, 13), (26, 13), (27, 13), (28, 13), (28, 12), (28, 11), (28, 10), (29, 10), (30, 10), (29, 10), (28, 10), (27, 10), (26, 10), (25, 10), (25, 9), (25, 8), (25, 7), (25, 6), (24, 6), (23, 6), (23, 5), (23, 4), (22, 4), (22, 3), (22, 2), (22, 1), (22, 2), (21, 2), (20, 2), (20, 3), (21, 3), (22, 3), (23, 3), (24, 3), (25, 3), (26, 3), (27, 3), (27, 4), (27, 4)], 3: [(22, 30), (23, 30), (24, 30), (25, 30), (26, 30), (27, 30), (28, 30), (27, 30), (26, 30), (25, 30), (24, 30), (23, 30), (22, 30), (21, 30), (20, 30), (19, 30), (18, 30), (17, 30), (16, 30), (16, 29), (16, 28), (16, 27), (16, 26), (16, 25), (16, 24), (16, 23), (16, 22), (16, 21), (16, 20), (16, 19), (16, 18), (16, 17), (17, 17), (17, 16), (17, 15), (17, 14), (17, 13), (17, 12), (17, 11), (18, 11), (18, 10), (18, 9), (18, 8), (18, 7), (19, 7), (19, 7)], 4: [(3, 12), (2, 12), (2, 13), (3, 13), (3, 12), (3, 11), (3, 10), (4, 10), (5, 10), (5, 9), (5, 8), (5, 7), (6, 7), (7, 7), (7, 6), (8, 6), (9, 6), (10, 6), (11, 6), (12, 6), (13, 6), (13, 7), (13, 8), (13, 9), (14, 9), (15, 9), (15, 10), (15, 11), (15, 12), (15, 13), (15, 14), (16, 14), (17, 14), (18, 14), (19, 14), (20, 14), (21, 14), (22, 14), (23, 14), (24, 14), (25, 14), (26, 14), (27, 14), (28, 14), (29, 14), (30, 14), (31, 14), (31, 14)]}, 52)