

CBSS-C STATS
starts:[996, 735, 279, 236, 981, 148, 156, 150, 706, 290]
targets:[55, 699, 727, 549, 385, 214, 990, 728, 719, 244, 783, 762, 621, 902, 782]
dests:[914, 439, 423, 939, 892, 454, 561, 283, 679, 947]
ac_dict:{55: {0, 1}, 699: {1, 2}, 727: {2, 3}, 549: {3, 4}, 385: {4, 5}, 214: {5, 6}, 990: {6, 7}, 728: {8, 7}, 719: {8, 9}, 914: {0}, 439: {1}, 423: {2}, 939: {3}, 892: {4}, 454: {5}, 561: {6}, 283: {7}, 679: {8}, 947: {9}}
clusters:[2 3 8 6 4 2 3 2 7 9 1 5 0 6 3]

round: 4
best_g_value: 224.0
open_list_size: 3
num_low_level_expanded: 1131
search_success: 1
search_time: 1.3478429270908237
n_tsp_call: 1
n_tsp_time: 1.2871968648396432
n_roots: 1
num_conflicts: 3
target_assignment: {902: 0, 762: 1, 727: 3, 782: 3, 385: 5, 621: 9, 719: 9, 783: 9, 214: 6, 244: 6}
cluster_target_selection: {6: 902, 5: 762, 8: 727, 3: 782, 4: 385, 0: 621, 7: 719, 1: 783, 2: 214, 9: 244}
num_nodes_transformed_graph: 98
agent_paths:({0: [(4, 31), (5, 31), (5, 30), (5, 29), (5, 28), (6, 28), (7, 28), (8, 28), (9, 28), (10, 28), (11, 28), (12, 28), (13, 28), (14, 28), (15, 28), (16, 28), (17, 28), (18, 28), (18, 28)], 1: [(31, 22), (30, 22), (29, 22), (28, 22), (27, 22), (26, 22), (26, 23), (26, 22), (26, 21), (25, 21), (24, 21), (24, 20), (24, 19), (24, 18), (24, 17), (24, 16), (24, 15), (24, 14), (24, 13), (23, 13), (23, 13)], 2: [(23, 8), (22, 8), (21, 8), (20, 8), (20, 9), (19, 9), (18, 9), (17, 9), (16, 9), (15, 9), (14, 9), (13, 9), (13, 10), (12, 10), (11, 10), (10, 10), (9, 10), (9, 11), (9, 12), (8, 12), (8, 13), (7, 13), (7, 13)], 3: [(12, 7), (13, 7), (14, 7), (15, 7), (16, 7), (17, 7), (18, 7), (19, 7), (20, 7), (21, 7), (22, 7), (22, 8), (23, 8), (23, 9), (23, 10), (23, 11), (23, 12), (23, 13), (23, 14), (23, 15), (23, 16), (23, 17), (23, 18), (23, 19), (23, 20), (23, 21), (23, 22), (23, 21), (22, 21), (21, 21), (20, 21), (19, 21), (18, 21), (17, 21), (16, 21), (15, 21), (15, 22), (15, 23), (14, 23), (14, 24), (13, 24), (12, 24), (11, 24), (11, 25), (11, 26), (11, 27), (11, 28), (11, 29), (11, 29)], 4: [(21, 30), (22, 30), (23, 30), (23, 29), (23, 28), (23, 27), (24, 27), (25, 27), (26, 27), (27, 27), (28, 27), (28, 27)], 5: [(20, 4), (19, 4), (18, 4), (17, 4), (16, 4), (16, 5), (15, 5), (14, 5), (13, 5), (12, 5), (11, 5), (10, 5), (10, 6), (9, 6), (8, 6), (7, 6), (7, 7), (6, 7), (5, 7), (4, 7), (3, 7), (2, 7), (1, 7), (1, 8), (1, 9), (1, 10), (1, 11), (1, 12), (2, 12), (3, 12), (4, 12), (4, 13), (5, 13), (6, 13), (6, 14), (6, 14)], 6: [(28, 4), (27, 4), (26, 4), (26, 5), (26, 6), (25, 6), (24, 6), (23, 6), (22, 6), (21, 6), (20, 6), (20, 7), (19, 7), (18, 7), (18, 8), (18, 9), (18, 10), (18, 11), (17, 11), (17, 12), (17, 13), (17, 14), (17, 15), (17, 16), (17, 17), (17, 17)], 7: [(22, 4), (23, 4), (23, 5), (24, 5), (25, 5), (26, 5), (27, 5), (27, 6), (27, 7), (27, 8), (27, 8)], 8: [(2, 22), (3, 22), (4, 22), (5, 22), (5, 21), (6, 21), (7, 21), (7, 21)], 9: [(2, 9), (3, 9), (4, 9), (5, 9), (6, 9), (7, 9), (7, 10), (8, 10), (9, 10), (10, 10), (11, 10), (12, 10), (12, 11), (12, 12), (12, 13), (13, 13), (13, 14), (13, 15), (13, 16), (13, 17), (13, 18), (13, 19), (14, 19), (15, 19), (15, 20), (15, 21), (15, 22), (15, 23), (15, 24), (16, 24), (17, 24), (18, 24), (19, 24), (19, 25), (19, 26), (19, 27), (19, 28), (19, 29), (19, 29)]}, 47)