

CBSS-C STATS
starts:[217, 533, 404, 369, 514]
targets:[172, 885, 534, 227, 525, 402, 998, 474, 437, 631, 798, 679, 891, 623, 489, 828, 191, 981, 1002, 672, 802, 908, 55, 47, 305, 989, 948, 900, 843, 81, 735, 585, 562, 955, 453, 312, 567, 784, 720, 665, 418, 976, 276, 717, 210, 380, 100, 505, 73, 629]
dests:[80, 351, 877, 9, 393]
ac_dict:{172: {0, 1}, 885: {1, 2}, 534: {2, 3}, 227: {3, 4}, 80: {0}, 351: {1}, 877: {2}, 9: {3}, 393: {4}}
clusters:[19 11 27  6 18 23 12 19 13  6  0 29 14 13 20  8 22 14  4  9  4  1  3  3
  1 17 15  5 16 10  7  2  5 28 24  0  9 10 11 16 25 12 17  8  7  2 15 21
 26 18]

round: 1
best_g_value: 165.0
open_list_size: 0
num_low_level_expanded: 316
search_success: 1
search_time: 4.833358791000137
n_tsp_call: 1
n_tsp_time: 4.774996479000038
n_roots: 1
num_conflicts: 0
target_assignment: {312: 0, 276: 0, 210: 0, 437: 2, 534: 2, 629: 2, 631: 2, 665: 2, 828: 2, 955: 2, 891: 2, 885: 2, 948: 2, 976: 2, 1002: 2, 418: 4, 453: 4, 679: 4, 489: 4, 402: 3, 305: 3, 81: 3, 47: 3, 73: 3, 562: 1, 567: 1, 505: 1, 474: 1, 380: 1, 191: 1}
cluster_target_selection: {0: 312, 17: 276, 7: 210, 13: 437, 27: 534, 18: 629, 6: 631, 16: 665, 8: 828, 28: 955, 14: 891, 11: 885, 15: 948, 12: 976, 4: 1002, 25: 418, 24: 453, 29: 679, 20: 489, 23: 402, 1: 305, 10: 81, 3: 47, 26: 73, 5: 562, 9: 567, 21: 505, 19: 474, 2: 380, 22: 191}
num_nodes_transformed_graph: 128
agent_paths:({0: [(25, 6), (25, 7), (25, 8), (24, 8), (24, 9), (23, 9), (22, 9), (21, 9), (20, 9), (20, 8), (20, 7), (19, 7), (18, 7), (18, 6), (17, 6), (16, 6), (16, 5), (16, 4), (16, 3), (16, 2), (16, 2)], 1: [(21, 16), (20, 16), (19, 16), (19, 17), (18, 17), (19, 17), (20, 17), (21, 17), (22, 17), (23, 17), (23, 16), (23, 15), (24, 15), (25, 15), (25, 14), (26, 14), (26, 13), (26, 12), (26, 11), (27, 11), (28, 11), (28, 10), (28, 9), (28, 8), (28, 7), (28, 6), (28, 5), (29, 5), (30, 5), (31, 5), (31, 6), (31, 7), (31, 8), (31, 9), (31, 10), (31, 10)], 2: [(20, 12), (21, 12), (21, 13), (22, 13), (22, 14), (22, 15), (22, 16), (21, 16), (21, 17), (21, 18), (21, 19), (22, 19), (23, 19), (24, 19), (25, 19), (25, 20), (26, 20), (27, 20), (27, 21), (27, 22), (27, 23), (27, 24), (28, 24), (28, 25), (27, 25), (27, 26), (27, 27), (27, 28), (27, 29), (27, 28), (27, 27), (26, 27), (25, 27), (24, 27), (23, 27), (22, 27), (21, 27), (20, 27), (20, 28), (20, 29), (19, 29), (18, 29), (17, 29), (16, 29), (16, 30), (16, 31), (15, 31), (14, 31), (13, 31), (12, 31), (11, 31), (10, 31), (10, 30), (10, 29), (10, 28), (10, 27), (11, 27), (12, 27), (13, 27), (13, 27)], 3: [(17, 11), (18, 11), (18, 12), (18, 11), (18, 10), (18, 9), (17, 9), (17, 8), (17, 7), (17, 6), (17, 5), (17, 4), (17, 3), (17, 2), (16, 2), (16, 1), (15, 1), (14, 1), (13, 1), (12, 1), (11, 1), (10, 1), (9, 1), (9, 2), (9, 1), (9, 0), (9, 0)], 4: [(2, 16), (2, 15), (2, 14), (2, 13), (3, 13), (4, 13), (5, 13), (5, 14), (6, 14), (6, 15), (7, 15), (7, 16), (7, 17), (7, 18), (7, 19), (7, 20), (7, 21), (7, 20), (7, 19), (7, 18), (7, 17), (7, 16), (8, 16), (9, 16), (9, 15), (9, 14), (10, 14), (10, 13), (10, 12), (9, 12), (9, 12)]}, 58)