

CBSS-C STATS
starts:[138, 922, 728, 961, 15, 731, 852, 126, 433, 394]
targets:[541, 797, 635, 1016, 868, 699, 641, 382, 605, 804, 817, 346, 617, 839, 640]
dests:[190, 355, 399, 1014, 99, 507, 254, 342, 509, 32]
ac_dict:{541: {0, 1}, 797: {1, 2}, 635: {2, 3}, 1016: {3, 4}, 868: {4, 5}, 699: {5, 6}, 641: {6, 7}, 382: {8, 7}, 605: {8, 9}, 190: {0}, 355: {1}, 399: {2}, 1014: {3}, 99: {4}, 507: {5}, 254: {6}, 342: {7}, 509: {8}, 32: {9}}
clusters:[4 3 8 9 1 3 4 0 7 2 8 6 2 8 5]

round: 4
best_g_value: 285.0
open_list_size: 2
num_low_level_expanded: 1576
search_success: 1
search_time: 1.4831485440954566
n_tsp_call: 1
n_tsp_time: 1.4036623132415116
n_roots: 1
num_conflicts: 3
target_assignment: {541: 1, 382: 7, 346: 7, 839: 4, 868: 4, 804: 4, 640: 4, 1016: 3, 605: 8, 699: 5}
cluster_target_selection: {4: 541, 0: 382, 6: 346, 8: 839, 1: 868, 2: 804, 5: 640, 9: 1016, 7: 605, 3: 699}
num_nodes_transformed_graph: 59
agent_paths:({0: [(10, 4), (11, 4), (12, 4), (13, 4), (14, 4), (14, 5), (15, 5), (16, 5), (17, 5), (18, 5), (19, 5), (19, 4), (20, 4), (21, 4), (22, 4), (23, 4), (23, 5), (24, 5), (25, 5), (26, 5), (27, 5), (28, 5), (29, 5), (30, 5), (30, 5)], 1: [(26, 28), (26, 27), (26, 26), (26, 25), (26, 24), (26, 23), (26, 22), (26, 21), (26, 20), (27, 20), (27, 19), (27, 18), (27, 17), (27, 16), (28, 16), (29, 16), (28, 16), (27, 16), (26, 16), (25, 16), (24, 16), (23, 16), (22, 16), (21, 16), (20, 16), (19, 16), (19, 15), (18, 15), (17, 15), (16, 15), (16, 14), (15, 14), (14, 14), (13, 14), (12, 14), (11, 14), (10, 14), (10, 13), (10, 12), (9, 12), (8, 12), (8, 13), (7, 13), (6, 13), (5, 13), (4, 13), (3, 13), (3, 12), (3, 11), (3, 11)], 2: [(24, 22), (23, 22), (23, 21), (22, 21), (21, 21), (20, 21), (19, 21), (18, 21), (17, 21), (16, 21), (16, 20), (16, 19), (16, 18), (16, 17), (16, 16), (16, 15), (16, 14), (15, 14), (15, 13), (15, 12), (15, 12)], 3: [(1, 30), (2, 30), (3, 30), (3, 29), (4, 29), (5, 29), (6, 29), (7, 29), (8, 29), (8, 30), (9, 30), (10, 30), (11, 30), (12, 30), (13, 30), (14, 30), (14, 31), (15, 31), (16, 31), (17, 31), (18, 31), (19, 31), (20, 31), (21, 31), (22, 31), (22, 30), (23, 30), (24, 30), (24, 31), (24, 30), (23, 30), (22, 30), (22, 31), (22, 31)], 4: [(15, 0), (14, 0), (13, 0), (12, 0), (11, 0), (10, 0), (10, 1), (10, 2), (10, 3), (10, 4), (10, 5), (10, 6), (10, 7), (10, 8), (10, 9), (10, 10), (10, 11), (10, 12), (10, 13), (10, 14), (9, 14), (9, 15), (9, 16), (8, 16), (7, 16), (7, 17), (7, 18), (7, 19), (7, 20), (7, 21), (7, 22), (7, 23), (7, 24), (7, 25), (7, 26), (6, 26), (5, 26), (4, 26), (4, 27), (4, 26), (4, 25), (3, 25), (2, 25), (1, 25), (1, 24), (1, 23), (1, 22), (1, 21), (0, 21), (0, 20), (0, 19), (1, 19), (2, 19), (2, 18), (2, 17), (2, 16), (2, 15), (2, 14), (2, 13), (2, 12), (2, 11), (2, 10), (2, 9), (3, 9), (3, 8), (3, 7), (3, 6), (3, 5), (3, 4), (3, 3), (3, 3)], 5: [(27, 22), (27, 21), (27, 20), (27, 19), (27, 18), (27, 17), (27, 16), (27, 15), (27, 15)], 6: [(20, 26), (20, 25), (21, 25), (22, 25), (22, 24), (23, 24), (24, 24), (24, 23), (24, 22), (24, 21), (24, 20), (24, 19), (24, 18), (24, 17), (24, 16), (24, 15), (24, 14), (24, 13), (24, 12), (24, 11), (24, 10), (24, 9), (24, 8), (25, 8), (25, 7), (26, 7), (27, 7), (28, 7), (29, 7), (30, 7), (30, 7)], 7: [(30, 3), (30, 4), (30, 5), (30, 6), (30, 7), (30, 8), (30, 9), (30, 10), (30, 11), (29, 11), (28, 11), (27, 11), (26, 11), (26, 10), (25, 10), (24, 10), (23, 10), (22, 10), (22, 10)], 8: [(17, 13), (18, 13), (19, 13), (20, 13), (21, 13), (22, 13), (23, 13), (24, 13), (25, 13), (26, 13), (26, 14), (26, 15), (26, 16), (26, 17), (27, 17), (27, 18), (28, 18), (29, 18), (29, 17), (29, 16), (29, 15), (29, 15)], 9: [(10, 12), (9, 12), (9, 11), (9, 10), (8, 10), (7, 10), (6, 10), (5, 10), (4, 10), (3, 10), (2, 10), (1, 10), (1, 9), (1, 8), (1, 7), (1, 6), (1, 5), (1, 4), (1, 3), (0, 3), (0, 2), (0, 1), (0, 1)]}, 69)