

CBSS-C STATS
starts:[915, 872]
targets:[890, 174, 963, 830, 905, 146, 362, 869, 28, 316, 992, 335, 540, 616, 834, 844, 523, 70, 382, 177, 233, 12, 668, 959, 462, 144, 973, 502, 803, 878, 553, 301, 387, 663, 622, 92, 776, 588, 507, 168, 868, 594, 1010, 633, 107, 942, 862, 723, 43, 121, 826, 88, 30, 85, 526, 966, 363, 150, 827, 991, 466, 178, 799, 418, 320, 210, 73, 253, 511, 967, 561, 531, 123, 669, 93, 924, 167, 201, 775, 713, 794, 552, 922, 61, 326, 325, 602, 321, 632, 746, 513, 1018, 347, 999, 675, 413, 251, 733, 51, 837]
dests:[782, 118]
ac_dict:{890: {0, 1}, 782: {0}, 118: {1}}
clusters:[ 8  7 12 34  7 10 17 17 14 23 11 26 30  4 28 17 22  4  6  4 24  9 30 25
 31 36 13  2 29 29 13  3 35  5  0  3 30 32  7 27 38 31 34 18 33 23  2 16
 26 33  3 37 39  3 21 21 21 26 15 32 13 33 36  6 32 39  5 15 16 39 26  7
 13 17 24 20  8 28 36 13 29  3  2 30 19 18 19  7  0 32 24 24 17 15 19 39
  1  2 37 37]

round: 1
best_g_value: 445.0
open_list_size: 0
num_low_level_expanded: 296
search_success: 1
search_time: 68.82181076800043
n_tsp_call: 1
n_tsp_time: 68.63796882300085
n_roots: 1
num_conflicts: 0
target_assignment: {922: 0, 924: 0, 959: 0, 830: 0, 827: 0, 794: 0, 723: 0, 594: 0, 622: 0, 526: 0, 523: 0, 588: 0, 837: 1, 869: 1, 868: 1, 963: 1, 992: 1, 834: 1, 418: 1, 387: 1, 325: 1, 326: 1, 167: 1, 168: 1, 73: 1, 43: 1, 12: 1, 174: 1, 144: 1, 177: 1, 178: 1, 146: 1, 210: 1, 251: 1, 316: 1, 93: 1, 61: 1, 28: 1, 92: 1, 123: 1}
cluster_target_selection: {2: 922, 20: 924, 25: 959, 34: 830, 15: 827, 29: 794, 16: 723, 31: 594, 0: 622, 21: 526, 22: 523, 32: 588, 37: 837, 17: 869, 38: 868, 12: 963, 11: 992, 28: 834, 6: 418, 35: 387, 18: 325, 19: 326, 8: 167, 27: 168, 5: 73, 26: 43, 9: 12, 7: 174, 36: 144, 4: 177, 33: 178, 10: 146, 39: 210, 1: 251, 23: 316, 24: 93, 30: 61, 14: 28, 3: 92, 13: 123}
num_nodes_transformed_graph: 204
agent_paths:({0: [(19, 28), (20, 28), (20, 27), (21, 27), (22, 27), (23, 27), (24, 27), (25, 27), (26, 27), (26, 28), (27, 28), (28, 28), (29, 28), (30, 28), (31, 28), (31, 29), (30, 29), (30, 28), (30, 27), (30, 26), (30, 25), (29, 25), (28, 25), (27, 25), (26, 25), (26, 24), (25, 24), (24, 24), (23, 24), (22, 24), (22, 23), (21, 23), (21, 22), (20, 22), (19, 22), (18, 22), (18, 21), (18, 20), (18, 19), (18, 18), (18, 19), (17, 19), (16, 19), (15, 19), (14, 19), (14, 18), (14, 17), (14, 16), (13, 16), (12, 16), (11, 16), (12, 16), (12, 17), (12, 18), (13, 18), (13, 19), (13, 20), (13, 21), (13, 22), (13, 23), (14, 23), (14, 24), (14, 24)], 1: [(8, 27), (8, 26), (7, 26), (6, 26), (5, 26), (5, 27), (4, 27), (4, 28), (4, 29), (3, 29), (3, 30), (2, 30), (1, 30), (0, 30), (0, 31), (0, 30), (0, 29), (0, 28), (0, 27), (1, 27), (2, 27), (2, 26), (2, 25), (2, 24), (2, 23), (2, 22), (2, 21), (2, 20), (2, 19), (2, 18), (2, 17), (2, 16), (2, 15), (2, 14), (2, 13), (2, 12), (3, 12), (3, 11), (3, 10), (4, 10), (5, 10), (6, 10), (6, 9), (7, 9), (7, 8), (7, 7), (7, 6), (7, 5), (8, 5), (8, 4), (8, 3), (9, 3), (9, 2), (9, 1), (10, 1), (11, 1), (11, 0), (12, 0), (13, 0), (14, 0), (14, 1), (14, 2), (14, 3), (14, 4), (14, 5), (15, 5), (16, 5), (16, 4), (17, 4), (17, 5), (18, 5), (18, 4), (18, 5), (18, 6), (19, 6), (20, 6), (21, 6), (22, 6), (23, 6), (24, 6), (25, 6), (26, 6), (27, 6), (27, 7), (28, 7), (28, 8), (28, 9), (28, 8), (28, 7), (28, 6), (28, 5), (28, 4), (28, 3), (28, 2), (29, 2), (29, 1), (28, 1), (28, 0), (28, 1), (28, 2), (27, 2), (27, 3), (26, 3), (25, 3), (24, 3), (23, 3), (22, 3), (22, 3)]}, 106)