

CBSS-C STATS
starts:[687, 858, 763, 928, 625, 244, 727, 352, 559, 974]
targets:[328, 305, 449, 650, 68]
dests:[877, 118, 463, 1018, 735, 922, 298, 220, 147, 908]
ac_dict:{328: {0, 1}, 305: {1, 2}, 449: {2, 3}, 650: {3, 4}, 68: {4, 5}, 877: {0}, 118: {1}, 463: {2}, 1018: {3}, 735: {4}, 922: {5}, 298: {6}, 220: {7}, 147: {8}, 908: {9}}
clusters:[0 0 1 0 0]

round: 4
best_g_value: 250.0
open_list_size: 3
num_low_level_expanded: 2795
search_success: 1
search_time: 0.1461194409057498
n_tsp_call: 1
n_tsp_time: 0.07441750168800354
n_roots: 1
num_conflicts: 3
target_assignment: {305: 2, 449: 3}
cluster_target_selection: {0: 305, 1: 449}
num_nodes_transformed_graph: 25
agent_paths:({0: [(15, 21), (14, 21), (13, 21), (13, 22), (13, 23), (13, 24), (13, 25), (13, 26), (13, 27), (13, 27)], 1: [(26, 26), (26, 25), (26, 24), (26, 23), (26, 22), (26, 21), (25, 21), (25, 20), (25, 19), (25, 18), (25, 17), (25, 16), (25, 15), (25, 14), (25, 13), (25, 12), (25, 11), (25, 10), (25, 9), (25, 8), (25, 7), (25, 6), (24, 6), (23, 6), (23, 5), (23, 4), (22, 4), (22, 3), (22, 3)], 2: [(27, 23), (26, 23), (26, 22), (26, 21), (25, 21), (24, 21), (23, 21), (22, 21), (21, 21), (20, 21), (19, 21), (19, 20), (19, 19), (19, 18), (19, 17), (19, 16), (19, 15), (18, 15), (18, 14), (18, 13), (18, 12), (18, 11), (18, 10), (18, 9), (17, 9), (16, 9), (15, 9), (15, 10), (15, 11), (15, 12), (15, 13), (15, 14), (15, 14)], 3: [(0, 29), (0, 28), (0, 27), (0, 26), (0, 25), (0, 24), (0, 23), (1, 23), (1, 22), (1, 21), (1, 20), (1, 19), (2, 19), (2, 18), (2, 17), (1, 17), (1, 16), (1, 15), (1, 14), (2, 14), (3, 14), (3, 15), (4, 15), (5, 15), (6, 15), (7, 15), (7, 16), (8, 16), (9, 16), (10, 16), (11, 16), (12, 16), (13, 16), (14, 16), (15, 16), (16, 16), (17, 16), (17, 17), (18, 17), (19, 17), (20, 17), (21, 17), (22, 17), (23, 17), (24, 17), (24, 18), (24, 19), (24, 20), (24, 21), (24, 22), (24, 23), (24, 24), (25, 24), (25, 25), (25, 26), (25, 27), (25, 28), (25, 29), (26, 29), (26, 30), (26, 31), (26, 31)], 4: [(17, 19), (18, 19), (19, 19), (20, 19), (21, 19), (22, 19), (23, 19), (24, 19), (24, 20), (25, 20), (26, 20), (27, 20), (28, 20), (29, 20), (29, 21), (29, 22), (30, 22), (31, 22), (31, 22)], 5: [(20, 7), (21, 7), (22, 7), (22, 8), (23, 8), (24, 8), (24, 9), (24, 10), (24, 11), (24, 12), (24, 13), (24, 14), (24, 15), (25, 15), (25, 16), (25, 17), (25, 18), (25, 19), (25, 20), (26, 20), (26, 21), (26, 22), (26, 23), (26, 24), (26, 25), (26, 26), (26, 27), (26, 28), (26, 28)], 6: [(23, 22), (23, 21), (22, 21), (21, 21), (20, 21), (19, 21), (18, 21), (17, 21), (16, 21), (15, 21), (14, 21), (13, 21), (12, 21), (11, 21), (10, 21), (10, 20), (10, 19), (10, 18), (10, 17), (10, 16), (10, 15), (10, 14), (10, 13), (10, 12), (10, 11), (10, 10), (10, 9), (10, 9)], 7: [(0, 11), (0, 10), (0, 9), (0, 8), (0, 7), (1, 7), (2, 7), (3, 7), (4, 7), (5, 7), (6, 7), (7, 7), (7, 6), (8, 6), (9, 6), (10, 6), (11, 6), (12, 6), (13, 6), (14, 6), (15, 6), (16, 6), (17, 6), (18, 6), (19, 6), (20, 6), (21, 6), (22, 6), (23, 6), (24, 6), (25, 6), (26, 6), (27, 6), (28, 6), (28, 6)], 8: [(15, 17), (15, 16), (16, 16), (16, 15), (16, 14), (16, 13), (16, 12), (16, 11), (16, 10), (16, 9), (16, 8), (16, 7), (16, 6), (16, 5), (16, 4), (17, 4), (18, 4), (19, 4), (19, 4)], 9: [(14, 30), (13, 30), (12, 30), (12, 29), (12, 28), (12, 28)]}, 60)