

CBSS-C STATS
starts:[211, 77, 393, 614, 267, 902, 153, 56, 459, 809]
targets:[4, 998, 544, 790, 240]
dests:[353, 114, 824, 585, 84, 358, 408, 911, 532, 946]
ac_dict:{4: {0, 1}, 998: {1, 2}, 544: {2, 3}, 790: {3, 4}, 240: {4, 5}, 353: {0}, 114: {1}, 824: {2}, 585: {3}, 84: {4}, 358: {5}, 408: {6}, 911: {7}, 532: {8}, 946: {9}}
clusters:[1 0 0 1 0]

round: 4
best_g_value: 178.0
open_list_size: 3
num_low_level_expanded: 1204
search_success: 1
search_time: 0.14235429977998137
n_tsp_call: 1
n_tsp_time: 0.09705793019384146
n_roots: 1
num_conflicts: 3
target_assignment: {4: 0, 240: 4}
cluster_target_selection: {1: 4, 0: 240}
num_nodes_transformed_graph: 30
agent_paths:({0: [(19, 6), (18, 6), (17, 6), (16, 6), (15, 6), (14, 6), (13, 6), (12, 6), (11, 6), (10, 6), (9, 6), (8, 6), (7, 6), (7, 5), (6, 5), (5, 5), (4, 5), (4, 4), (4, 3), (4, 2), (4, 1), (4, 0), (3, 0), (2, 0), (1, 0), (1, 1), (1, 2), (1, 3), (1, 4), (1, 5), (1, 6), (1, 7), (1, 8), (1, 9), (1, 10), (1, 11), (1, 11)], 1: [(13, 2), (14, 2), (14, 1), (15, 1), (16, 1), (17, 1), (17, 2), (17, 3), (18, 3), (18, 3)], 2: [(9, 12), (10, 12), (10, 13), (10, 14), (11, 14), (12, 14), (13, 14), (14, 14), (15, 14), (16, 14), (17, 14), (18, 14), (19, 14), (20, 14), (21, 14), (22, 14), (23, 14), (24, 14), (24, 15), (24, 16), (24, 17), (24, 18), (24, 19), (24, 20), (24, 21), (24, 22), (24, 23), (24, 24), (24, 25), (24, 25)], 3: [(6, 19), (7, 19), (7, 18), (8, 18), (9, 18), (9, 18)], 4: [(11, 8), (11, 7), (12, 7), (13, 7), (14, 7), (15, 7), (16, 7), (16, 6), (16, 5), (17, 5), (18, 5), (18, 4), (19, 4), (19, 3), (20, 3), (20, 2), (20, 2)], 5: [(6, 28), (6, 27), (6, 26), (6, 25), (7, 25), (7, 24), (7, 23), (7, 22), (7, 21), (7, 20), (7, 19), (7, 18), (7, 17), (6, 17), (6, 16), (6, 15), (6, 14), (6, 13), (6, 12), (6, 11), (6, 11)], 6: [(25, 4), (25, 5), (25, 6), (25, 7), (25, 8), (24, 8), (24, 9), (24, 10), (24, 11), (24, 12), (24, 12)], 7: [(24, 1), (23, 1), (22, 1), (22, 2), (21, 2), (20, 2), (20, 3), (19, 3), (19, 4), (18, 4), (17, 4), (16, 4), (16, 5), (16, 6), (16, 7), (16, 8), (16, 9), (16, 10), (16, 11), (16, 12), (16, 13), (16, 14), (16, 15), (16, 16), (16, 17), (16, 18), (16, 19), (15, 19), (15, 20), (15, 21), (15, 22), (15, 23), (15, 24), (15, 25), (15, 26), (15, 27), (15, 28), (15, 28)], 8: [(11, 14), (12, 14), (13, 14), (14, 14), (15, 14), (16, 14), (17, 14), (18, 14), (19, 14), (19, 15), (19, 16), (20, 16), (20, 16)], 9: [(9, 25), (10, 25), (11, 25), (12, 25), (13, 25), (14, 25), (15, 25), (16, 25), (17, 25), (18, 25), (18, 26), (18, 27), (18, 28), (18, 29), (18, 29)]}, 36)