

CBSS-C STATS
starts:[369, 831, 695, 518, 544]
targets:[596, 837, 56, 862, 845, 1008, 212, 998, 1006, 710, 850, 685, 930, 990, 865, 769, 166, 945, 564, 642, 890, 303, 30, 250, 815, 842, 221, 1013, 228, 1002, 34, 6, 436, 911, 776, 467, 11, 554, 920, 256, 264, 545, 410, 259, 10, 669, 100, 541, 966, 496]
dests:[304, 743, 970, 879, 627]
ac_dict:{596: {0, 1}, 837: {1, 2}, 56: {2, 3}, 862: {3, 4}, 304: {0}, 743: {1}, 970: {2}, 879: {3}, 627: {4}}
clusters:[10  1  3 18 12 29 13 22  2 25 16 16 26 12  4 21 19 24  0  8  3  5 11  5
  6  9 23  1  8  9 13 14  2 18 14 15 10 20 27 17  6 11  4  0 17 15  7  7
 19 28]

round: 1
best_g_value: 188.0
open_list_size: 0
num_low_level_expanded: 424
search_success: 1
search_time: 43.08540510900002
n_tsp_call: 1
n_tsp_time: 42.9728835549995
n_roots: 1
num_conflicts: 0
target_assignment: {303: 0, 890: 1, 920: 1, 1013: 1, 1008: 1, 1006: 1, 1002: 1, 998: 1, 966: 1, 930: 1, 769: 1, 710: 1, 554: 3, 845: 3, 815: 3, 911: 3, 545: 4, 259: 4, 228: 4, 100: 4, 6: 4, 10: 4, 11: 4, 212: 4, 221: 4, 410: 4, 467: 4, 496: 4, 850: 2, 945: 2}
cluster_target_selection: {5: 303, 3: 890, 27: 920, 1: 1013, 29: 1008, 2: 1006, 9: 1002, 22: 998, 19: 966, 26: 930, 21: 769, 25: 710, 20: 554, 12: 845, 6: 815, 18: 911, 11: 545, 0: 259, 8: 228, 7: 100, 14: 6, 17: 10, 10: 11, 13: 212, 23: 221, 4: 410, 15: 467, 28: 496, 16: 850, 24: 945}
num_nodes_transformed_graph: 248
agent_paths:({0: [(17, 11), (16, 11), (15, 11), (15, 10), (15, 9), (16, 9), (16, 9)], 1: [(31, 25), (30, 25), (29, 25), (28, 25), (27, 25), (26, 25), (26, 26), (26, 27), (25, 27), (24, 27), (24, 28), (23, 28), (23, 29), (23, 30), (22, 30), (21, 30), (21, 31), (20, 31), (19, 31), (18, 31), (17, 31), (16, 31), (15, 31), (14, 31), (13, 31), (12, 31), (11, 31), (10, 31), (9, 31), (8, 31), (7, 31), (6, 31), (6, 30), (5, 30), (5, 29), (4, 29), (3, 29), (2, 29), (2, 28), (2, 27), (2, 26), (2, 25), (1, 25), (1, 24), (1, 23), (1, 22), (2, 22), (3, 22), (4, 22), (5, 22), (6, 22), (7, 22), (7, 23), (7, 23)], 2: [(23, 21), (22, 21), (21, 21), (20, 21), (19, 21), (18, 21), (18, 22), (18, 23), (18, 24), (18, 25), (18, 26), (17, 26), (17, 27), (17, 28), (17, 29), (16, 29), (15, 29), (14, 29), (13, 29), (12, 29), (11, 29), (10, 29), (10, 30), (10, 30)], 3: [(6, 16), (7, 16), (8, 16), (9, 16), (10, 16), (10, 17), (11, 17), (12, 17), (13, 17), (13, 18), (13, 19), (13, 20), (13, 21), (13, 22), (13, 23), (13, 24), (13, 25), (13, 26), (13, 25), (14, 25), (15, 25), (15, 26), (15, 27), (15, 28), (15, 27), (15, 27)], 4: [(0, 17), (1, 17), (1, 16), (1, 15), (1, 14), (1, 13), (1, 12), (1, 11), (1, 10), (1, 9), (2, 9), (3, 9), (3, 8), (3, 7), (4, 7), (3, 7), (3, 6), (3, 5), (3, 4), (3, 3), (4, 3), (4, 2), (4, 1), (4, 0), (5, 0), (6, 0), (6, 1), (7, 1), (8, 1), (8, 0), (9, 0), (10, 0), (11, 0), (12, 0), (13, 0), (14, 0), (15, 0), (16, 0), (16, 1), (17, 1), (17, 2), (17, 3), (18, 3), (19, 3), (19, 4), (19, 5), (19, 6), (20, 6), (21, 6), (22, 6), (23, 6), (24, 6), (25, 6), (26, 6), (27, 6), (28, 6), (29, 6), (28, 6), (27, 6), (27, 7), (27, 8), (27, 9), (27, 10), (26, 10), (26, 11), (26, 12), (25, 12), (24, 12), (23, 12), (22, 12), (21, 12), (20, 12), (19, 12), (19, 13), (19, 14), (18, 14), (17, 14), (16, 14), (16, 15), (17, 15), (18, 15), (19, 15), (19, 16), (19, 17), (19, 18), (19, 19), (19, 19)]}, 85)