

CBSS-C STATS
starts:[273, 11, 302, 291, 769, 549, 245, 560, 838, 537]
targets:[589, 185, 487, 618, 961]
dests:[888, 324, 602, 437, 768, 914, 679, 631, 176, 799]
ac_dict:{589: {0, 1}, 185: {1, 2}, 487: {2, 3}, 618: {3, 4}, 961: {4, 5}, 888: {0}, 324: {1}, 602: {2}, 437: {3}, 768: {4}, 914: {5}, 679: {6}, 631: {7}, 176: {8}, 799: {9}}
clusters:[1 1 0 1 1]

round: 5
best_g_value: 205.0
open_list_size: 4
num_low_level_expanded: 2292
search_success: 1
search_time: 0.1718742768280208
n_tsp_call: 1
n_tsp_time: 0.09219307405874133
n_roots: 1
num_conflicts: 4
target_assignment: {487: 3, 618: 3}
cluster_target_selection: {0: 487, 1: 618}
num_nodes_transformed_graph: 30
agent_paths:({0: [(17, 8), (18, 8), (18, 9), (19, 9), (20, 9), (21, 9), (22, 9), (23, 9), (24, 9), (24, 10), (24, 11), (24, 12), (24, 13), (24, 14), (24, 15), (24, 16), (24, 17), (24, 18), (24, 19), (24, 20), (24, 21), (24, 22), (24, 23), (24, 24), (24, 25), (24, 26), (24, 27), (24, 27)], 1: [(11, 0), (10, 0), (9, 0), (8, 0), (8, 1), (7, 1), (6, 1), (5, 1), (5, 2), (5, 3), (5, 4), (5, 5), (5, 6), (5, 7), (4, 7), (4, 8), (4, 9), (4, 10), (4, 10)], 2: [(14, 9), (15, 9), (16, 9), (17, 9), (18, 9), (19, 9), (20, 9), (21, 9), (22, 9), (23, 9), (24, 9), (25, 9), (25, 10), (26, 10), (26, 11), (26, 12), (26, 13), (26, 14), (26, 15), (26, 16), (26, 17), (26, 18), (26, 18)], 3: [(3, 9), (4, 9), (5, 9), (6, 9), (6, 10), (6, 11), (6, 12), (6, 13), (6, 14), (6, 15), (7, 15), (7, 16), (7, 17), (8, 17), (9, 17), (10, 17), (10, 18), (10, 19), (10, 18), (10, 17), (10, 16), (10, 15), (10, 14), (11, 14), (12, 14), (12, 13), (13, 13), (14, 13), (15, 13), (16, 13), (17, 13), (18, 13), (19, 13), (20, 13), (21, 13), (21, 13)], 4: [(1, 24), (0, 24), (0, 24)], 5: [(5, 17), (6, 17), (7, 17), (8, 17), (9, 17), (10, 17), (11, 17), (12, 17), (13, 17), (14, 17), (15, 17), (16, 17), (17, 17), (18, 17), (18, 18), (18, 19), (18, 20), (18, 21), (18, 22), (18, 23), (18, 24), (18, 25), (18, 26), (18, 27), (18, 28), (18, 28)], 6: [(21, 7), (20, 7), (19, 7), (18, 7), (17, 7), (16, 7), (15, 7), (14, 7), (13, 7), (13, 8), (13, 9), (13, 10), (12, 10), (12, 11), (12, 12), (12, 13), (12, 14), (11, 14), (10, 14), (9, 14), (9, 15), (9, 16), (8, 16), (7, 16), (7, 17), (7, 18), (7, 19), (7, 20), (7, 21), (7, 21)], 7: [(16, 17), (17, 17), (18, 17), (19, 17), (20, 17), (21, 17), (22, 17), (23, 17), (23, 18), (23, 19), (23, 19)], 8: [(6, 26), (6, 25), (7, 25), (7, 24), (7, 23), (7, 22), (7, 21), (7, 20), (7, 19), (7, 18), (7, 17), (8, 17), (8, 16), (9, 16), (9, 15), (9, 14), (10, 14), (10, 13), (10, 12), (10, 11), (10, 10), (10, 9), (10, 8), (10, 7), (10, 6), (10, 5), (11, 5), (12, 5), (13, 5), (14, 5), (15, 5), (16, 5), (16, 5)], 9: [(25, 16), (26, 16), (27, 16), (28, 16), (29, 16), (29, 17), (29, 18), (29, 19), (29, 20), (29, 21), (29, 22), (30, 22), (31, 22), (31, 23), (31, 24), (31, 24)]}, 34)