

CBSS-C STATS
starts:[592, 796, 691, 982, 387]
targets:[330, 745, 350, 885, 931, 641, 840, 532, 463, 639, 993, 432, 959, 273, 158, 306, 561, 988, 116, 544, 419, 325, 680, 120, 656, 1007, 135, 418, 30, 205, 216, 54, 662, 367, 976, 444, 996, 85, 910, 707]
dests:[712, 254, 155, 243, 479]
ac_dict:{330: {0, 1}, 745: {1, 2}, 350: {2, 3}, 885: {3, 4}, 712: {0}, 254: {1}, 155: {2}, 243: {3}, 479: {4}}
clusters:[16 19  0  3  9 19 23  6 18 11 24 13  6 24 22 17  3  4  9 14 13 22 24 20
 12 17 10  5 16 21  8  1  6 15  2 24  7 10  2 16]

round: 4
best_g_value: 206.0
open_list_size: 3
num_low_level_expanded: 1437
search_success: 1
search_time: 130.99690989599958
n_tsp_call: 30
n_tsp_time: 130.1368297569993
n_roots: 1
num_conflicts: 3
target_assignment: {656: 0, 976: 0, 1007: 0, 996: 0, 840: 0, 988: 3, 350: 3, 158: 3, 216: 3, 419: 4, 418: 4, 544: 4, 641: 4, 707: 4, 680: 4, 662: 4, 639: 4, 561: 2, 463: 2, 367: 2, 205: 2, 116: 2, 85: 2, 54: 2, 120: 2}
cluster_target_selection: {12: 656, 2: 976, 17: 1007, 7: 996, 23: 840, 4: 988, 0: 350, 22: 158, 8: 216, 13: 419, 5: 418, 14: 544, 19: 641, 16: 707, 24: 680, 6: 662, 11: 639, 3: 561, 18: 463, 15: 367, 21: 205, 9: 116, 10: 85, 1: 54, 20: 120}
num_nodes_transformed_graph: 198
agent_paths:({0: [(16, 18), (16, 19), (16, 20), (16, 21), (16, 22), (16, 23), (16, 24), (16, 25), (16, 26), (16, 27), (16, 28), (16, 29), (16, 30), (16, 31), (15, 31), (14, 31), (13, 31), (12, 31), (11, 31), (10, 31), (9, 31), (8, 31), (7, 31), (6, 31), (5, 31), (4, 31), (5, 31), (5, 30), (5, 29), (5, 28), (5, 27), (5, 26), (6, 26), (7, 26), (8, 26), (8, 25), (8, 24), (8, 23), (8, 22), (8, 22)], 1: [(28, 24), (29, 24), (29, 23), (29, 22), (29, 21), (29, 20), (29, 19), (29, 18), (29, 17), (29, 16), (29, 15), (29, 14), (29, 13), (29, 12), (29, 11), (29, 10), (29, 9), (29, 8), (29, 7), (30, 7), (30, 7)], 2: [(19, 21), (18, 21), (18, 20), (18, 19), (18, 18), (18, 17), (17, 17), (16, 17), (16, 16), (16, 15), (16, 14), (15, 14), (15, 13), (15, 12), (15, 11), (14, 11), (14, 10), (13, 10), (13, 9), (13, 8), (13, 7), (13, 6), (13, 5), (14, 5), (15, 5), (16, 5), (16, 4), (16, 3), (17, 3), (18, 3), (19, 3), (20, 3), (20, 2), (21, 2), (22, 2), (22, 1), (23, 1), (24, 1), (24, 2), (24, 3), (25, 3), (26, 3), (27, 3), (27, 4), (27, 4)], 3: [(22, 30), (23, 30), (24, 30), (25, 30), (26, 30), (27, 30), (28, 30), (28, 29), (28, 28), (28, 27), (29, 27), (29, 26), (29, 25), (29, 24), (29, 23), (29, 22), (29, 21), (29, 20), (29, 19), (29, 18), (29, 17), (29, 16), (29, 15), (29, 14), (29, 13), (29, 12), (29, 11), (29, 10), (30, 10), (30, 9), (30, 8), (29, 8), (29, 7), (29, 6), (29, 5), (29, 4), (30, 4), (29, 4), (28, 4), (27, 4), (26, 4), (25, 4), (25, 5), (24, 5), (24, 6), (23, 6), (22, 6), (21, 6), (20, 6), (19, 6), (19, 7), (19, 7)], 4: [(3, 12), (3, 13), (2, 13), (1, 13), (1, 14), (1, 15), (1, 16), (1, 17), (0, 17), (1, 17), (2, 17), (2, 18), (2, 19), (1, 19), (1, 20), (2, 20), (3, 20), (3, 21), (3, 22), (4, 22), (5, 22), (5, 21), (6, 21), (7, 21), (8, 21), (8, 20), (9, 20), (10, 20), (11, 20), (12, 20), (13, 20), (14, 20), (15, 20), (16, 20), (17, 20), (18, 20), (19, 20), (20, 20), (21, 20), (22, 20), (23, 20), (24, 20), (25, 20), (26, 20), (27, 20), (28, 20), (29, 20), (29, 19), (30, 19), (31, 19), (31, 18), (31, 17), (30, 17), (30, 16), (30, 15), (30, 14), (31, 14), (31, 14)]}, 56)