

CBSS-C STATS
starts:[62, 160, 298, 900, 633]
targets:[310, 472, 469, 239, 809, 197, 935, 320, 42, 402, 74, 1016, 651, 596, 920, 10, 800, 537, 988, 564, 691, 366, 607, 104, 984, 313, 352, 201, 219, 332, 778, 107, 645, 613, 311, 971, 814, 131, 139, 781]
dests:[842, 274, 430, 911, 928]
ac_dict:{310: {0, 1}, 472: {1, 2}, 469: {2, 3}, 239: {3, 4}, 842: {0}, 274: {1}, 430: {2}, 911: {3}, 928: {4}}
clusters:[ 6 19 17 13  2  9  6  5  2  1  8  4 20 10  5 11  8  9  4 12 11 22  0 24
 14 14 12 18  7 21  3  0 10 15 16  3 13  7 23  1]

round: 5
best_g_value: 179.0
open_list_size: 3
num_low_level_expanded: 1419
search_success: 1
search_time: 285.41363534500033
n_tsp_call: 29
n_tsp_time: 283.39194251199933
n_roots: 1
num_conflicts: 4
target_assignment: {219: 0, 311: 0, 310: 0, 564: 0, 691: 0, 778: 0, 809: 0, 197: 1, 104: 1, 107: 1, 139: 1, 201: 1, 920: 4, 1016: 4, 984: 4, 814: 4, 651: 4, 645: 4, 613: 4, 800: 4, 332: 2, 366: 2, 402: 2, 472: 2, 469: 2}
cluster_target_selection: {7: 219, 16: 311, 6: 310, 12: 564, 11: 691, 3: 778, 2: 809, 9: 197, 24: 104, 0: 107, 23: 139, 18: 201, 5: 920, 4: 1016, 14: 984, 13: 814, 20: 651, 10: 645, 15: 613, 8: 800, 21: 332, 22: 366, 1: 402, 19: 472, 17: 469}
num_nodes_transformed_graph: 198
agent_paths:({0: [(30, 1), (29, 1), (28, 1), (27, 1), (27, 2), (27, 3), (27, 4), (27, 5), (27, 6), (26, 6), (25, 6), (25, 7), (25, 8), (24, 8), (23, 8), (23, 9), (22, 9), (22, 10), (22, 11), (22, 12), (22, 13), (22, 14), (22, 15), (21, 15), (21, 16), (20, 16), (20, 17), (19, 17), (19, 18), (19, 19), (19, 20), (19, 21), (18, 21), (17, 21), (16, 21), (15, 21), (14, 21), (13, 21), (12, 21), (11, 21), (10, 21), (10, 22), (10, 23), (10, 24), (9, 24), (9, 25), (10, 25), (10, 26), (10, 26)], 1: [(0, 5), (1, 5), (2, 5), (3, 5), (4, 5), (5, 5), (5, 6), (5, 5), (5, 4), (5, 3), (6, 3), (7, 3), (8, 3), (9, 3), (10, 3), (11, 3), (11, 4), (10, 4), (10, 5), (10, 6), (9, 6), (10, 6), (11, 6), (12, 6), (13, 6), (14, 6), (15, 6), (16, 6), (17, 6), (18, 6), (18, 7), (18, 8), (18, 8)], 2: [(10, 9), (11, 9), (11, 10), (12, 10), (13, 10), (14, 10), (14, 11), (15, 11), (16, 11), (17, 11), (18, 11), (18, 12), (19, 12), (20, 12), (21, 12), (22, 12), (23, 12), (24, 12), (24, 13), (24, 14), (23, 14), (23, 14), (22, 14), (21, 14), (20, 14), (19, 14), (18, 14), (17, 14), (16, 14), (15, 14), (14, 14), (14, 13), (14, 13)], 3: [(4, 28), (5, 28), (6, 28), (7, 28), (8, 28), (9, 28), (10, 28), (11, 28), (12, 28), (13, 28), (14, 28), (15, 28), (15, 28)], 4: [(25, 19), (24, 19), (24, 20), (24, 21), (24, 22), (24, 23), (24, 24), (24, 25), (24, 26), (24, 27), (24, 28), (24, 29), (24, 30), (24, 31), (24, 30), (23, 30), (22, 30), (21, 30), (20, 30), (19, 30), (18, 30), (17, 30), (16, 30), (16, 29), (16, 28), (16, 27), (15, 27), (15, 26), (15, 25), (14, 25), (13, 25), (12, 25), (11, 25), (11, 24), (11, 23), (11, 22), (11, 21), (11, 20), (10, 20), (9, 20), (8, 20), (7, 20), (6, 20), (5, 20), (5, 19), (5, 20), (5, 21), (5, 22), (4, 22), (3, 22), (2, 22), (1, 22), (1, 23), (0, 23), (0, 24), (0, 25), (0, 26), (0, 27), (0, 28), (0, 29), (0, 29)]}, 59)