

CBSS-C STATS
starts:[22, 412, 914, 130, 525]
targets:[522, 791, 23, 542, 435, 960, 790, 850, 990, 851]
dests:[375, 1004, 223, 281, 926]
ac_dict:{522: {0, 1}, 791: {1, 2}, 23: {2, 3}, 542: {3, 4}, 375: {0}, 1004: {1}, 223: {2}, 281: {3}, 926: {4}}
clusters:[1 1 1 0 1 1 1 1 1 0]

round: 1
best_g_value: 140.0
open_list_size: 0
num_low_level_expanded: 722
search_success: 1
search_time: 0.2221139231696725
n_tsp_call: 1
n_tsp_time: 0.19821009319275618
n_roots: 1
num_conflicts: 0
target_assignment: {790: 1, 851: 1}
cluster_target_selection: {1: 790, 0: 851}
num_nodes_transformed_graph: 48
agent_paths:({0: [(22, 0), (23, 0), (23, 1), (23, 2), (23, 3), (23, 4), (23, 5), (23, 6), (22, 6), (22, 7), (22, 8), (23, 8), (23, 9), (23, 10), (23, 11), (23, 11)], 1: [(28, 12), (28, 13), (27, 13), (26, 13), (25, 13), (24, 13), (24, 14), (24, 15), (24, 16), (24, 17), (24, 18), (24, 19), (24, 20), (24, 21), (24, 22), (24, 23), (24, 24), (23, 24), (22, 24), (22, 25), (21, 25), (20, 25), (19, 25), (19, 26), (18, 26), (17, 26), (16, 26), (15, 26), (15, 27), (14, 27), (13, 27), (12, 27), (12, 28), (12, 29), (12, 30), (12, 31), (12, 31)], 2: [(18, 28), (18, 27), (18, 26), (18, 25), (18, 24), (18, 23), (18, 22), (18, 21), (18, 20), (18, 19), (18, 18), (18, 17), (19, 17), (19, 16), (19, 15), (19, 14), (19, 13), (19, 12), (19, 11), (19, 10), (19, 9), (20, 9), (20, 8), (20, 7), (20, 6), (21, 6), (22, 6), (23, 6), (24, 6), (25, 6), (26, 6), (27, 6), (28, 6), (29, 6), (30, 6), (31, 6), (31, 6)], 3: [(2, 4), (3, 4), (4, 4), (5, 4), (6, 4), (7, 4), (8, 4), (9, 4), (10, 4), (11, 4), (12, 4), (13, 4), (14, 4), (14, 5), (15, 5), (16, 5), (17, 5), (18, 5), (19, 5), (19, 6), (20, 6), (21, 6), (22, 6), (23, 6), (24, 6), (25, 6), (25, 7), (25, 8), (25, 8)], 4: [(13, 16), (14, 16), (15, 16), (16, 16), (17, 16), (17, 17), (18, 17), (19, 17), (20, 17), (21, 17), (22, 17), (23, 17), (24, 17), (25, 17), (26, 17), (27, 17), (27, 18), (28, 18), (29, 18), (29, 19), (29, 20), (29, 21), (29, 22), (30, 22), (30, 23), (30, 24), (30, 25), (30, 26), (30, 27), (30, 28), (30, 28)]}, 35)