

CBSS-C STATS
starts:[100, 721, 511, 571, 912]
targets:[432, 328, 74, 234, 499, 289, 783, 637, 824, 843, 346, 209, 874, 1017, 944, 489, 485, 450, 103, 612, 1008, 614, 339, 288, 781, 672, 460, 178, 823, 662, 700, 840, 352, 480, 849, 246, 371, 206, 670, 627]
dests:[942, 257, 38, 285, 601]
ac_dict:{432: {0, 1}, 328: {1, 2}, 74: {2, 3}, 234: {3, 4}, 942: {0}, 257: {1}, 38: {2}, 285: {3}, 601: {4}}
clusters:[15 11 10 18 24 22 19  3  6  2  2  5  9  7  9 12 14  4 13  8 23  5 10  0
 14  1  1 16 21  6 17  3 20 13  4  8 11  7  0 12]

round: 2
best_g_value: 197.0
open_list_size: 1
num_low_level_expanded: 715
search_success: 1
search_time: 2.399760843999502
n_tsp_call: 1
n_tsp_time: 2.3510556620003626
n_roots: 1
num_conflicts: 1
target_assignment: {103: 0, 460: 0, 781: 0, 783: 0, 1008: 4, 944: 4, 849: 4, 823: 4, 824: 4, 700: 4, 637: 4, 627: 1, 499: 1, 432: 1, 328: 1, 352: 1, 288: 1, 289: 1, 234: 3, 206: 3, 209: 3, 346: 2, 246: 2, 178: 2, 74: 2}
cluster_target_selection: {13: 103, 1: 460, 14: 781, 19: 783, 23: 1008, 9: 944, 4: 849, 21: 823, 6: 824, 17: 700, 3: 637, 12: 627, 24: 499, 15: 432, 11: 328, 20: 352, 0: 288, 22: 289, 18: 234, 7: 206, 5: 209, 2: 346, 8: 246, 16: 178, 10: 74}
num_nodes_transformed_graph: 101
agent_paths:({0: [(4, 3), (5, 3), (6, 3), (7, 3), (8, 3), (9, 3), (10, 3), (10, 4), (10, 5), (10, 6), (10, 7), (10, 8), (10, 9), (10, 10), (10, 11), (10, 12), (10, 13), (10, 14), (11, 14), (12, 14), (13, 14), (13, 15), (13, 16), (13, 17), (13, 18), (13, 19), (13, 20), (13, 21), (13, 22), (13, 23), (13, 24), (14, 24), (15, 24), (15, 25), (15, 26), (15, 27), (14, 27), (14, 28), (14, 29), (14, 29)], 1: [(17, 22), (17, 21), (17, 20), (17, 19), (18, 19), (19, 19), (19, 18), (19, 17), (19, 16), (19, 15), (18, 15), (17, 15), (16, 15), (16, 14), (16, 13), (15, 13), (14, 13), (13, 13), (12, 13), (12, 12), (12, 11), (11, 11), (10, 11), (9, 11), (9, 10), (8, 10), (7, 10), (6, 10), (5, 10), (4, 10), (3, 10), (2, 10), (1, 10), (0, 10), (0, 11), (0, 10), (0, 9), (1, 9), (1, 8), (1, 8)], 2: [(31, 15), (30, 15), (29, 15), (28, 15), (27, 15), (26, 15), (26, 14), (26, 13), (26, 12), (26, 11), (26, 10), (25, 10), (24, 10), (23, 10), (22, 10), (22, 9), (22, 8), (22, 7), (21, 7), (20, 7), (19, 7), (18, 7), (18, 6), (18, 5), (17, 5), (16, 5), (15, 5), (14, 5), (13, 5), (12, 5), (11, 5), (10, 5), (10, 4), (10, 3), (10, 2), (9, 2), (9, 1), (8, 1), (7, 1), (6, 1), (6, 1)], 3: [(27, 17), (26, 17), (25, 17), (24, 17), (23, 17), (22, 17), (21, 17), (20, 17), (19, 17), (18, 17), (17, 17), (16, 17), (15, 17), (14, 17), (13, 17), (12, 17), (11, 17), (10, 17), (10, 16), (10, 15), (10, 14), (10, 13), (10, 12), (10, 11), (10, 10), (10, 9), (10, 8), (10, 7), (10, 6), (11, 6), (12, 6), (13, 6), (14, 6), (15, 6), (16, 6), (17, 6), (18, 6), (19, 6), (20, 6), (21, 6), (22, 6), (23, 6), (24, 6), (25, 6), (26, 6), (27, 6), (28, 6), (29, 6), (29, 7), (29, 8), (29, 8)], 4: [(16, 28), (16, 29), (16, 30), (16, 31), (16, 30), (16, 29), (16, 28), (16, 27), (16, 26), (17, 26), (17, 25), (18, 25), (19, 25), (20, 25), (21, 25), (22, 25), (23, 25), (24, 25), (24, 24), (24, 23), (24, 22), (24, 21), (25, 21), (26, 21), (27, 21), (28, 21), (28, 20), (29, 20), (29, 19), (29, 18), (28, 18), (27, 18), (26, 18), (25, 18), (25, 18)]}, 49)