

CBSS-C STATS
starts:[93, 451, 14, 993, 499]
targets:[865, 64, 255, 974, 553, 910, 982, 489, 921, 385]
dests:[610, 687, 896, 458, 949]
ac_dict:{865: {0, 1}, 64: {1, 2}, 255: {2, 3}, 974: {3, 4}, 610: {0}, 687: {1}, 896: {2}, 458: {3}, 949: {4}}
clusters:[1 4 0 4 3 3 2 0 1 0]

round: 2
best_g_value: 161.0
open_list_size: 1
num_low_level_expanded: 1151
search_success: 1
search_time: 0.3030448080971837
n_tsp_call: 1
n_tsp_time: 0.2708618831820786
n_roots: 1
num_conflicts: 1
target_assignment: {489: 0, 553: 0, 64: 2, 921: 4, 982: 4}
cluster_target_selection: {0: 489, 3: 553, 4: 64, 1: 921, 2: 982}
num_nodes_transformed_graph: 48
agent_paths:({0: [(29, 2), (28, 2), (27, 2), (27, 3), (26, 3), (25, 3), (24, 3), (23, 3), (22, 3), (21, 3), (20, 3), (19, 3), (18, 3), (17, 3), (16, 3), (16, 4), (16, 5), (15, 5), (14, 5), (13, 5), (13, 6), (13, 7), (13, 8), (13, 9), (13, 10), (12, 10), (12, 11), (12, 12), (12, 13), (12, 14), (11, 14), (11, 15), (10, 15), (9, 15), (9, 16), (9, 17), (8, 17), (7, 17), (6, 17), (5, 17), (4, 17), (3, 17), (2, 17), (2, 18), (2, 19), (2, 19)], 1: [(3, 14), (3, 15), (4, 15), (5, 15), (6, 15), (7, 15), (7, 16), (8, 16), (9, 16), (10, 16), (11, 16), (12, 16), (13, 16), (14, 16), (14, 17), (14, 18), (14, 19), (15, 19), (15, 20), (15, 21), (15, 21)], 2: [(14, 0), (13, 0), (12, 0), (11, 0), (10, 0), (9, 0), (8, 0), (8, 1), (7, 1), (6, 1), (5, 1), (4, 1), (3, 1), (2, 1), (1, 1), (0, 1), (0, 2), (0, 3), (1, 3), (1, 4), (1, 5), (1, 6), (1, 7), (1, 8), (1, 9), (1, 10), (1, 11), (1, 12), (1, 13), (1, 14), (1, 15), (1, 16), (1, 17), (2, 17), (2, 18), (2, 19), (1, 19), (1, 20), (1, 21), (1, 22), (1, 23), (0, 23), (0, 24), (0, 25), (0, 26), (0, 27), (0, 28), (0, 28)], 3: [(1, 31), (1, 30), (1, 29), (1, 28), (1, 27), (2, 27), (2, 26), (2, 25), (2, 24), (2, 23), (2, 22), (2, 21), (2, 20), (2, 19), (2, 18), (2, 17), (2, 16), (3, 16), (4, 16), (5, 16), (6, 16), (7, 16), (8, 16), (9, 16), (9, 15), (9, 14), (10, 14), (10, 14)], 4: [(19, 15), (19, 16), (20, 16), (21, 16), (22, 16), (23, 16), (24, 16), (24, 17), (24, 18), (24, 19), (24, 20), (24, 21), (24, 22), (24, 23), (24, 24), (25, 24), (25, 25), (25, 26), (25, 27), (25, 28), (24, 28), (23, 28), (23, 29), (23, 30), (22, 30), (21, 30), (21, 29), (21, 29)]}, 46)