

CBSS-C STATS
starts:[356, 468, 422, 521, 308]
targets:[426, 642, 598, 816, 820, 132, 889, 207, 238, 122, 684, 606, 81, 230, 520, 250, 877, 1022, 735, 390, 994, 269, 713, 745, 1003, 235, 623, 484, 155, 575, 1012, 73, 788, 368, 92, 927, 876, 748, 568, 96, 50, 381, 551, 123, 607, 117, 29, 621, 671, 223]
dests:[631, 34, 1007, 375, 868]
ac_dict:{426: {0, 1}, 642: {1, 2}, 598: {2, 3}, 816: {3, 4}, 631: {0}, 34: {1}, 1007: {2}, 375: {3}, 868: {4}}
clusters:[20 17 16 11 14  4  0 24 28  1  9 27 18 15  2 10 25  7 10 13 22 21  0 26
 13 11 29  1  8  3  9  8 12 18  6 17  4  5  6  5 16  3 23 14  2  7 15 19
 19 12]

round: 1
best_g_value: 208.0
open_list_size: 0
num_low_level_expanded: 479
search_success: 1
search_time: 49.10347336800078
n_tsp_call: 1
n_tsp_time: 48.9865992039995
n_roots: 1
num_conflicts: 0
target_assignment: {235: 0, 269: 0, 238: 0, 207: 0, 81: 0, 50: 0, 117: 0, 122: 0, 123: 0, 155: 0, 250: 0, 223: 0, 381: 0, 606: 0, 568: 0, 623: 4, 621: 4, 684: 4, 748: 4, 745: 4, 713: 4, 390: 2, 520: 2, 551: 2, 642: 2, 994: 2, 877: 2, 426: 1, 230: 1, 132: 1}
cluster_target_selection: {11: 235, 21: 269, 28: 238, 24: 207, 18: 81, 16: 50, 7: 117, 1: 122, 14: 123, 8: 155, 10: 250, 12: 223, 3: 381, 27: 606, 6: 568, 29: 623, 19: 621, 9: 684, 5: 748, 26: 745, 0: 713, 13: 390, 2: 520, 23: 551, 17: 642, 22: 994, 25: 877, 20: 426, 15: 230, 4: 132}
num_nodes_transformed_graph: 248
agent_paths:({0: [(4, 11), (4, 10), (4, 9), (5, 9), (6, 9), (7, 9), (7, 8), (8, 8), (9, 8), (9, 7), (10, 7), (11, 7), (12, 7), (13, 7), (13, 8), (13, 7), (14, 7), (14, 6), (15, 6), (15, 5), (16, 5), (16, 4), (16, 3), (16, 2), (17, 2), (17, 1), (18, 1), (19, 1), (20, 1), (20, 2), (21, 2), (21, 3), (22, 3), (23, 3), (24, 3), (25, 3), (26, 3), (27, 3), (27, 4), (26, 4), (26, 5), (26, 6), (26, 7), (26, 6), (27, 6), (28, 6), (29, 6), (30, 6), (31, 6), (30, 6), (29, 6), (29, 7), (29, 8), (29, 9), (29, 10), (29, 11), (29, 12), (29, 13), (29, 14), (30, 14), (30, 15), (30, 16), (30, 17), (30, 18), (29, 18), (28, 18), (27, 18), (26, 18), (25, 18), (24, 18), (24, 17), (23, 17), (23, 18), (23, 19), (23, 19)], 1: [(20, 14), (19, 14), (18, 14), (17, 14), (16, 14), (15, 14), (14, 14), (13, 14), (12, 14), (11, 14), (10, 14), (10, 13), (10, 12), (9, 12), (9, 11), (9, 10), (8, 10), (7, 10), (7, 9), (7, 8), (7, 7), (6, 7), (5, 7), (5, 6), (5, 5), (4, 5), (4, 4), (3, 4), (2, 4), (2, 3), (2, 2), (2, 1), (2, 1)], 2: [(6, 13), (6, 12), (6, 13), (6, 14), (6, 15), (7, 15), (7, 16), (8, 16), (7, 16), (7, 17), (6, 17), (5, 17), (4, 17), (3, 17), (2, 17), (2, 18), (2, 19), (2, 20), (2, 21), (2, 22), (2, 23), (2, 24), (2, 25), (2, 26), (2, 27), (2, 28), (2, 29), (2, 30), (2, 31), (2, 30), (2, 29), (3, 29), (4, 29), (4, 28), (5, 28), (6, 28), (7, 28), (8, 28), (8, 27), (9, 27), (10, 27), (11, 27), (12, 27), (13, 27), (14, 27), (14, 28), (14, 29), (14, 30), (14, 31), (15, 31), (15, 31)], 3: [(9, 16), (9, 15), (9, 14), (10, 14), (11, 14), (12, 14), (12, 13), (13, 13), (14, 13), (14, 12), (15, 12), (16, 12), (17, 12), (18, 12), (19, 12), (20, 12), (21, 12), (21, 11), (22, 11), (23, 11), (23, 11)], 4: [(20, 9), (19, 9), (18, 9), (17, 9), (16, 9), (16, 10), (16, 11), (16, 12), (16, 13), (16, 14), (16, 15), (16, 16), (16, 17), (16, 18), (16, 19), (15, 19), (14, 19), (13, 19), (12, 19), (12, 20), (12, 21), (12, 22), (12, 23), (11, 23), (10, 23), (9, 23), (9, 22), (8, 22), (7, 22), (6, 22), (5, 22), (4, 22), (4, 23), (4, 24), (4, 25), (4, 26), (4, 27), (4, 27)]}, 73)