

CBSS-C STATS
starts:[132, 563, 822, 183, 419]
targets:[32, 263, 487, 661, 358, 321, 144, 497, 755, 167, 316, 445, 363, 75, 312, 907, 330, 982, 121, 931, 406, 278, 289, 56, 223, 912, 608, 884, 522, 737, 649, 68, 264, 712, 1016, 219, 42, 786, 318, 159, 173, 1018, 454, 338, 114, 934, 787, 919, 560, 595]
dests:[588, 580, 91, 191, 562]
ac_dict:{32: {0, 1}, 263: {1, 2}, 487: {2, 3}, 661: {3, 4}, 588: {0}, 580: {1}, 91: {2}, 191: {3}, 562: {4}}
clusters:[ 0 35  6 33 13  4 18  6  7 29  9  5 16 19 34 28  4  8 36 11 17 38 23 25
  5  3 32 26 10  2 39 20 22  0 21 31 30 37 27  1  9  2  1 12 24  8 14  7
  3 15]

round: 1
best_g_value: 227.0
open_list_size: 0
num_low_level_expanded: 443
search_success: 1
search_time: 38.6220914179994
n_tsp_call: 1
n_tsp_time: 38.50212002599983
n_roots: 1
num_conflicts: 0
target_assignment: {68: 0, 32: 0, 289: 0, 330: 0, 363: 0, 522: 0, 649: 0, 219: 3, 316: 3, 318: 3, 223: 3, 608: 4, 737: 4, 931: 4, 934: 4, 907: 4, 912: 4, 1016: 4, 884: 4, 787: 4, 786: 4, 755: 4, 661: 4, 595: 4, 406: 2, 312: 2, 278: 2, 56: 2, 121: 2, 497: 1, 338: 1, 114: 1, 144: 1, 75: 1, 42: 1, 167: 1, 263: 1, 264: 1, 358: 1, 454: 1}
cluster_target_selection: {20: 68, 0: 32, 23: 289, 4: 330, 16: 363, 10: 522, 39: 649, 31: 219, 9: 316, 27: 318, 5: 223, 32: 608, 2: 737, 11: 931, 8: 934, 28: 907, 3: 912, 21: 1016, 26: 884, 14: 787, 37: 786, 7: 755, 33: 661, 15: 595, 17: 406, 34: 312, 38: 278, 25: 56, 36: 121, 6: 497, 12: 338, 24: 114, 18: 144, 19: 75, 30: 42, 29: 167, 35: 263, 22: 264, 13: 358, 1: 454}
num_nodes_transformed_graph: 248
agent_paths:({0: [(4, 4), (4, 3), (4, 2), (3, 2), (2, 2), (1, 2), (0, 2), (0, 1), (1, 1), (1, 2), (1, 3), (1, 4), (1, 5), (1, 6), (1, 7), (1, 8), (1, 9), (2, 9), (3, 9), (4, 9), (5, 9), (6, 9), (7, 9), (7, 10), (8, 10), (9, 10), (10, 10), (11, 10), (11, 11), (10, 11), (10, 12), (10, 13), (10, 14), (10, 15), (10, 16), (9, 16), (9, 17), (9, 18), (9, 19), (9, 20), (9, 19), (9, 18), (10, 18), (11, 18), (12, 18), (12, 18)], 1: [(19, 17), (18, 17), (17, 17), (17, 16), (17, 15), (17, 14), (17, 13), (17, 12), (17, 11), (18, 11), (18, 10), (18, 9), (18, 8), (18, 7), (18, 6), (18, 5), (18, 4), (18, 3), (17, 3), (16, 3), (16, 4), (16, 3), (16, 2), (16, 1), (15, 1), (14, 1), (13, 1), (12, 1), (11, 1), (11, 2), (10, 2), (10, 1), (9, 1), (9, 2), (9, 3), (8, 3), (7, 3), (7, 4), (7, 5), (7, 6), (7, 7), (7, 8), (8, 8), (7, 8), (7, 9), (6, 9), (6, 10), (6, 11), (6, 12), (6, 13), (6, 14), (5, 14), (5, 15), (4, 15), (4, 16), (4, 17), (4, 18), (4, 18)], 2: [(22, 25), (22, 24), (22, 23), (21, 23), (21, 22), (21, 21), (21, 20), (21, 19), (21, 18), (21, 17), (21, 16), (21, 15), (21, 14), (21, 13), (21, 12), (22, 12), (22, 11), (22, 10), (22, 9), (23, 9), (24, 9), (23, 9), (22, 9), (22, 8), (22, 7), (22, 6), (23, 6), (23, 5), (23, 4), (23, 3), (23, 2), (23, 1), (24, 1), (24, 2), (25, 2), (25, 3), (26, 3), (27, 3), (27, 2), (27, 2)], 3: [(23, 5), (24, 5), (25, 5), (26, 5), (27, 5), (27, 6), (28, 6), (28, 7), (28, 8), (28, 9), (29, 9), (30, 9), (30, 8), (30, 7), (30, 6), (31, 6), (31, 5), (31, 5)], 4: [(3, 13), (2, 13), (2, 14), (2, 15), (2, 16), (2, 17), (2, 18), (2, 19), (1, 19), (0, 19), (1, 19), (1, 20), (1, 21), (1, 22), (1, 23), (2, 23), (2, 24), (2, 25), (2, 26), (2, 27), (2, 28), (2, 29), (3, 29), (4, 29), (5, 29), (6, 29), (6, 28), (7, 28), (8, 28), (9, 28), (10, 28), (11, 28), (12, 28), (13, 28), (14, 28), (15, 28), (16, 28), (17, 28), (18, 28), (19, 28), (20, 28), (20, 29), (21, 29), (21, 30), (22, 30), (23, 30), (24, 30), (24, 31), (24, 30), (23, 30), (22, 30), (21, 30), (20, 30), (20, 29), (20, 28), (20, 27), (19, 27), (19, 26), (19, 25), (19, 24), (18, 24), (18, 23), (19, 23), (19, 22), (19, 21), (19, 20), (20, 20), (21, 20), (20, 20), (19, 20), (19, 19), (19, 18), (18, 18), (18, 17), (18, 17)]}, 73)