

CBSS-C STATS
starts:[638, 547, 21, 854, 431, 165, 305, 782, 693, 335]
targets:[292, 849, 118, 804, 31, 723, 708, 212, 207, 616, 586, 485, 544, 162, 430]
dests:[1011, 6, 671, 28, 595, 908, 902, 11, 571, 467]
ac_dict:{292: {0, 1}, 849: {1, 2}, 118: {2, 3}, 804: {3, 4}, 31: {4, 5}, 723: {5, 6}, 708: {6, 7}, 212: {8, 7}, 207: {8, 9}, 1011: {0}, 6: {1}, 671: {2}, 28: {3}, 595: {4}, 908: {5}, 902: {6}, 11: {7}, 571: {8}, 467: {9}}
clusters:[9 0 2 1 5 7 1 6 4 2 0 3 4 9 8]

round: 3
best_g_value: 293.0
open_list_size: 2
num_low_level_expanded: 3294
search_success: 1
search_time: 1.2154504209756851
n_tsp_call: 1
n_tsp_time: 1.1112425266765058
n_roots: 1
num_conflicts: 2
target_assignment: {31: 5, 723: 5, 544: 1, 485: 1, 292: 1, 430: 6, 586: 6, 708: 6, 118: 2, 212: 7}
cluster_target_selection: {5: 31, 7: 723, 4: 544, 3: 485, 9: 292, 8: 430, 0: 586, 1: 708, 2: 118, 6: 212}
num_nodes_transformed_graph: 98
agent_paths:({0: [(30, 19), (29, 19), (29, 20), (28, 20), (27, 20), (26, 20), (25, 20), (24, 20), (23, 20), (22, 20), (21, 20), (20, 20), (19, 20), (19, 21), (19, 22), (19, 23), (19, 24), (19, 25), (19, 26), (19, 27), (19, 28), (19, 29), (19, 30), (19, 31), (19, 31)], 1: [(3, 17), (2, 17), (1, 17), (0, 17), (1, 17), (1, 16), (1, 15), (2, 15), (3, 15), (4, 15), (5, 15), (5, 14), (5, 13), (4, 13), (4, 12), (4, 11), (4, 10), (4, 9), (4, 8), (4, 7), (5, 7), (5, 6), (5, 5), (5, 4), (5, 3), (5, 2), (5, 1), (5, 0), (6, 0), (6, 0)], 2: [(21, 0), (22, 0), (22, 1), (22, 2), (22, 3), (23, 3), (24, 3), (25, 3), (26, 3), (27, 3), (28, 3), (28, 4), (29, 4), (29, 5), (29, 6), (29, 7), (29, 8), (29, 9), (29, 10), (29, 11), (29, 12), (29, 13), (29, 14), (30, 14), (30, 15), (30, 16), (30, 17), (31, 17), (31, 18), (31, 19), (31, 20), (31, 20)], 3: [(22, 26), (22, 25), (22, 24), (23, 24), (24, 24), (24, 23), (24, 22), (24, 21), (24, 20), (24, 19), (24, 18), (24, 17), (24, 16), (24, 15), (24, 14), (24, 13), (24, 12), (24, 11), (24, 10), (24, 9), (24, 8), (25, 8), (25, 7), (25, 6), (25, 5), (25, 4), (25, 3), (26, 3), (27, 3), (27, 2), (27, 1), (27, 0), (28, 0), (28, 0)], 4: [(15, 13), (16, 13), (17, 13), (18, 13), (19, 13), (19, 14), (19, 15), (19, 16), (19, 17), (19, 18), (19, 18)], 5: [(5, 5), (5, 4), (6, 4), (7, 4), (8, 4), (9, 4), (10, 4), (11, 4), (12, 4), (13, 4), (14, 4), (14, 5), (15, 5), (16, 5), (16, 4), (16, 3), (17, 3), (18, 3), (19, 3), (20, 3), (21, 3), (22, 3), (23, 3), (24, 3), (25, 3), (26, 3), (27, 3), (27, 2), (27, 1), (27, 0), (28, 0), (29, 0), (30, 0), (31, 0), (30, 0), (29, 0), (29, 1), (28, 1), (27, 1), (27, 2), (27, 3), (26, 3), (25, 3), (24, 3), (23, 3), (22, 3), (21, 3), (21, 4), (21, 5), (21, 6), (21, 7), (21, 8), (21, 9), (21, 10), (21, 11), (21, 12), (21, 13), (21, 14), (21, 15), (21, 16), (20, 16), (20, 17), (20, 18), (20, 19), (19, 19), (19, 20), (19, 21), (19, 22), (18, 22), (17, 22), (16, 22), (15, 22), (15, 23), (14, 23), (13, 23), (12, 23), (12, 24), (12, 25), (12, 26), (12, 27), (12, 28), (12, 28)], 6: [(17, 9), (16, 9), (15, 9), (14, 9), (14, 10), (14, 11), (14, 12), (14, 13), (13, 13), (12, 13), (12, 14), (11, 14), (10, 14), (10, 15), (10, 16), (10, 17), (10, 18), (9, 18), (8, 18), (7, 18), (7, 19), (6, 19), (5, 19), (5, 20), (5, 21), (5, 22), (4, 22), (4, 23), (4, 24), (4, 25), (5, 25), (6, 25), (6, 26), (6, 27), (6, 28), (6, 28)], 7: [(14, 24), (14, 23), (15, 23), (15, 22), (15, 21), (15, 20), (15, 19), (16, 19), (16, 18), (16, 17), (16, 16), (16, 15), (16, 14), (16, 13), (16, 12), (16, 11), (16, 10), (16, 9), (16, 8), (16, 7), (16, 6), (17, 6), (18, 6), (19, 6), (20, 6), (19, 6), (18, 6), (17, 6), (16, 6), (15, 6), (14, 6), (13, 6), (12, 6), (11, 6), (11, 5), (11, 4), (11, 3), (11, 2), (11, 1), (11, 0), (11, 0)], 8: [(21, 21), (21, 20), (21, 19), (21, 18), (21, 17), (22, 17), (23, 17), (24, 17), (25, 17), (26, 17), (27, 17), (27, 17)], 9: [(15, 10), (16, 10), (16, 11), (17, 11), (18, 11), (19, 11), (19, 12), (19, 13), (19, 14), (19, 14)]}, 80)