

CBSS-C STATS
starts:[266, 159, 880, 449, 929]
targets:[418, 412, 331, 770, 319, 517, 168, 928, 439, 791]
dests:[399, 696, 133, 965, 969]
ac_dict:{418: {0, 1}, 412: {1, 2}, 331: {2, 3}, 770: {3, 4}, 399: {0}, 696: {1}, 133: {2}, 965: {3}, 969: {4}}
clusters:[0 0 1 0 1 0 0 0 1 0]

round: 1
best_g_value: 96.0
open_list_size: 0
num_low_level_expanded: 377
search_success: 1
search_time: 0.18745543994009495
n_tsp_call: 1
n_tsp_time: 0.1707019591704011
n_roots: 1
num_conflicts: 0
target_assignment: {319: 1, 168: 2}
cluster_target_selection: {1: 319, 0: 168}
num_nodes_transformed_graph: 48
agent_paths:({0: [(10, 8), (11, 8), (11, 9), (11, 10), (12, 10), (13, 10), (14, 10), (15, 10), (15, 11), (15, 12), (15, 12)], 1: [(31, 4), (31, 5), (31, 6), (31, 7), (31, 8), (31, 9), (30, 9), (29, 9), (28, 9), (27, 9), (27, 10), (26, 10), (25, 10), (24, 10), (24, 11), (24, 12), (24, 13), (24, 14), (24, 15), (24, 16), (24, 17), (24, 18), (24, 19), (24, 20), (24, 21), (24, 21)], 2: [(16, 27), (15, 27), (14, 27), (13, 27), (12, 27), (11, 27), (10, 27), (10, 26), (10, 25), (10, 24), (10, 23), (10, 22), (10, 21), (10, 20), (10, 19), (10, 18), (10, 17), (10, 16), (10, 15), (10, 14), (10, 13), (10, 12), (9, 12), (9, 11), (9, 10), (9, 9), (9, 8), (9, 7), (9, 6), (8, 6), (8, 5), (7, 5), (6, 5), (5, 5), (5, 4), (5, 4)], 3: [(1, 14), (2, 14), (2, 15), (2, 16), (2, 17), (2, 18), (2, 19), (2, 20), (3, 20), (3, 21), (3, 22), (4, 22), (4, 23), (4, 24), (4, 25), (5, 25), (5, 26), (5, 27), (5, 28), (5, 29), (5, 30), (5, 30)], 4: [(1, 29), (2, 29), (3, 29), (4, 29), (5, 29), (6, 29), (7, 29), (8, 29), (8, 30), (9, 30), (9, 30)]}, 34)