

CBSS-C STATS
starts:[992, 603, 735, 279, 49]
targets:[87, 745, 228, 944, 77, 202, 786, 959, 845, 712, 138, 598, 723, 330, 280, 37, 408, 1008, 420, 344, 315, 154, 913, 398, 758, 565, 876, 199, 948, 396, 195, 517, 81, 935, 763, 993, 116, 489, 681, 645]
dests:[748, 887, 27, 140, 976]
ac_dict:{87: {0, 1}, 745: {1, 2}, 228: {2, 3}, 944: {3, 4}, 748: {0}, 887: {1}, 27: {2}, 140: {3}, 976: {4}}
clusters:[ 6 15 12 11 19  2 16 12 22 10 11  0  1  7  5 14  8 17 18  4 13  1  4  0
 24 14  7  3  9  6 21  3 23 20  2 10 13  5  8  9]

round: 5
best_g_value: 190.0
open_list_size: 4
num_low_level_expanded: 1144
search_success: 1
search_time: 46.78026055400005
n_tsp_call: 29
n_tsp_time: 46.13927336400047
n_roots: 1
num_conflicts: 4
target_assignment: {993: 0, 935: 0, 876: 0, 845: 0, 598: 1, 565: 1, 758: 1, 723: 1, 745: 1, 786: 1, 948: 1, 280: 3, 344: 3, 408: 3, 396: 3, 420: 3, 228: 3, 195: 3, 199: 3, 202: 3, 138: 3, 77: 3, 81: 4, 1008: 4, 315: 2}
cluster_target_selection: {10: 993, 20: 935, 7: 876, 22: 845, 0: 598, 14: 565, 24: 758, 1: 723, 15: 745, 16: 786, 9: 948, 5: 280, 4: 344, 8: 408, 6: 396, 18: 420, 12: 228, 21: 195, 3: 199, 2: 202, 11: 138, 19: 77, 23: 81, 17: 1008, 13: 315}
num_nodes_transformed_graph: 97
agent_paths:({0: [(0, 31), (1, 31), (1, 30), (1, 29), (2, 29), (3, 29), (4, 29), (5, 29), (6, 29), (7, 29), (7, 28), (8, 28), (8, 27), (9, 27), (10, 27), (11, 27), (12, 27), (12, 26), (13, 26), (12, 26), (12, 25), (12, 24), (12, 23), (12, 23)], 1: [(27, 18), (26, 18), (25, 18), (24, 18), (23, 18), (22, 18), (21, 18), (21, 17), (21, 18), (21, 19), (21, 20), (21, 21), (21, 22), (21, 23), (22, 23), (21, 23), (21, 22), (20, 22), (19, 22), (18, 22), (17, 22), (16, 22), (15, 22), (15, 23), (14, 23), (13, 23), (13, 22), (12, 22), (11, 22), (10, 22), (9, 22), (9, 23), (10, 23), (11, 23), (11, 24), (12, 24), (13, 24), (14, 24), (15, 24), (16, 24), (17, 24), (18, 24), (19, 24), (20, 24), (20, 25), (20, 26), (20, 27), (20, 28), (20, 29), (20, 28), (20, 27), (21, 27), (22, 27), (23, 27), (23, 27)], 2: [(31, 22), (30, 22), (29, 22), (29, 21), (29, 20), (29, 19), (29, 18), (29, 17), (29, 16), (28, 16), (28, 15), (28, 14), (28, 13), (28, 12), (28, 11), (27, 11), (27, 10), (27, 9), (27, 8), (27, 7), (27, 6), (27, 5), (27, 4), (27, 3), (27, 2), (27, 1), (27, 0), (27, 0)], 3: [(23, 8), (24, 8), (24, 9), (24, 10), (24, 11), (24, 12), (23, 12), (22, 12), (21, 12), (20, 12), (19, 12), (18, 12), (17, 12), (16, 12), (15, 12), (14, 12), (14, 13), (13, 13), (12, 13), (12, 12), (12, 11), (11, 11), (10, 11), (9, 11), (9, 12), (8, 12), (8, 13), (7, 13), (6, 13), (5, 13), (4, 13), (4, 12), (4, 11), (4, 10), (4, 9), (4, 8), (4, 7), (3, 7), (3, 6), (3, 5), (4, 5), (5, 5), (6, 5), (7, 5), (7, 6), (8, 6), (9, 6), (10, 6), (10, 5), (10, 4), (10, 3), (10, 2), (11, 2), (12, 2), (13, 2), (12, 2), (12, 3), (12, 4), (12, 4)], 4: [(17, 1), (17, 2), (16, 2), (16, 3), (16, 4), (16, 5), (16, 6), (16, 7), (16, 8), (16, 9), (16, 10), (16, 11), (16, 12), (16, 13), (16, 14), (16, 15), (16, 16), (16, 17), (16, 18), (16, 19), (16, 20), (16, 21), (16, 22), (16, 23), (16, 24), (16, 25), (16, 26), (16, 27), (16, 28), (16, 29), (16, 30), (16, 31), (16, 30), (16, 30)]}, 57)