

CBSS-C STATS
starts:[994, 217, 174, 330, 735, 131, 450, 490, 318, 66]
targets:[364, 618, 779, 913, 780, 864, 617, 669, 126, 698]
dests:[1, 568, 25, 786, 540, 944, 597, 818, 878, 465]
ac_dict:{364: {0, 1}, 618: {1, 2}, 779: {2, 3}, 913: {3, 4}, 780: {4, 5}, 864: {5, 6}, 617: {6, 7}, 669: {8, 7}, 126: {8, 9}, 1: {0}, 568: {1}, 25: {2}, 786: {3}, 540: {4}, 944: {5}, 597: {6}, 818: {7}, 878: {8}, 465: {9}}
clusters:[2 3 2 3 3 2 1 1 4 0]

round: 1
best_g_value: 243.0
open_list_size: 0
num_low_level_expanded: 817
search_success: 1
search_time: 0.2311202776618302
n_tsp_call: 1
n_tsp_time: 0.19500570883974433
n_roots: 1
num_conflicts: 0
target_assignment: {779: 3, 126: 8, 669: 8, 698: 8, 780: 5}
cluster_target_selection: {2: 779, 4: 126, 1: 669, 0: 698, 3: 780}
num_nodes_transformed_graph: 48
agent_paths:({0: [(2, 31), (2, 30), (2, 29), (2, 28), (2, 27), (2, 26), (2, 25), (2, 24), (2, 23), (2, 22), (2, 21), (2, 20), (2, 19), (2, 18), (2, 17), (1, 17), (1, 16), (1, 15), (1, 14), (1, 13), (1, 12), (1, 11), (1, 10), (1, 9), (1, 8), (1, 7), (1, 6), (1, 5), (1, 4), (1, 3), (1, 2), (1, 1), (1, 0), (1, 0)], 1: [(25, 6), (25, 7), (25, 8), (24, 8), (24, 9), (24, 10), (24, 11), (24, 12), (24, 13), (24, 14), (24, 15), (24, 16), (24, 17), (24, 17)], 2: [(14, 5), (14, 4), (14, 3), (14, 2), (14, 1), (15, 1), (16, 1), (17, 1), (18, 1), (19, 1), (19, 0), (20, 0), (21, 0), (22, 0), (23, 0), (24, 0), (25, 0), (25, 0)], 3: [(10, 10), (10, 11), (10, 12), (10, 13), (10, 14), (11, 14), (11, 15), (11, 16), (11, 17), (11, 18), (11, 19), (11, 20), (11, 21), (11, 22), (11, 23), (11, 24), (12, 24), (13, 24), (14, 24), (15, 24), (16, 24), (17, 24), (18, 24), (18, 24)], 4: [(31, 22), (30, 22), (29, 22), (29, 21), (29, 20), (29, 19), (29, 18), (29, 17), (29, 16), (28, 16), (28, 16)], 5: [(3, 4), (4, 4), (5, 4), (6, 4), (7, 4), (8, 4), (9, 4), (10, 4), (11, 4), (11, 5), (11, 6), (11, 7), (11, 8), (11, 9), (11, 10), (12, 10), (12, 11), (12, 12), (12, 13), (12, 14), (12, 15), (12, 16), (12, 17), (12, 18), (12, 19), (12, 20), (12, 21), (12, 22), (12, 23), (12, 24), (13, 24), (14, 24), (15, 24), (16, 24), (16, 25), (16, 26), (16, 27), (16, 28), (16, 29), (16, 29)], 6: [(2, 14), (3, 14), (3, 15), (4, 15), (5, 15), (6, 15), (7, 15), (7, 16), (8, 16), (9, 16), (10, 16), (11, 16), (12, 16), (13, 16), (14, 16), (15, 16), (16, 16), (17, 16), (17, 17), (18, 17), (19, 17), (20, 17), (21, 17), (21, 18), (21, 18)], 7: [(10, 15), (11, 15), (12, 15), (13, 15), (14, 15), (14, 16), (15, 16), (16, 16), (17, 16), (17, 17), (18, 17), (18, 18), (18, 19), (18, 20), (18, 21), (18, 22), (18, 23), (18, 24), (18, 25), (18, 25)], 8: [(30, 9), (30, 8), (30, 7), (30, 6), (30, 5), (30, 4), (30, 3), (30, 4), (29, 4), (29, 5), (29, 6), (29, 7), (29, 8), (29, 9), (29, 10), (29, 11), (29, 12), (29, 13), (29, 14), (29, 15), (29, 16), (29, 17), (29, 18), (29, 19), (29, 20), (28, 20), (27, 20), (26, 20), (26, 21), (25, 21), (24, 21), (23, 21), (22, 21), (21, 21), (20, 21), (19, 21), (18, 21), (17, 21), (16, 21), (15, 21), (15, 22), (15, 23), (15, 24), (15, 25), (15, 26), (15, 27), (14, 27), (14, 27)], 9: [(2, 2), (3, 2), (4, 2), (5, 2), (6, 2), (6, 3), (7, 3), (8, 3), (9, 3), (10, 3), (11, 3), (12, 3), (13, 3), (14, 3), (14, 4), (14, 5), (15, 5), (16, 5), (16, 6), (16, 7), (16, 8), (16, 9), (16, 10), (16, 11), (17, 11), (17, 12), (17, 13), (17, 14), (17, 14)]}, 46)