

CBSS-C STATS
starts:[445, 429, 428, 695, 498, 594, 33, 584, 991, 672]
targets:[460, 961, 809, 244, 104, 913, 108, 664, 110, 289]
dests:[556, 366, 854, 893, 914, 998, 338, 399, 378, 649]
ac_dict:{460: {0, 1}, 961: {1, 2}, 809: {2, 3}, 244: {3, 4}, 104: {4, 5}, 913: {5, 6}, 108: {6, 7}, 664: {8, 7}, 110: {8, 9}, 556: {0}, 366: {1}, 854: {2}, 893: {3}, 914: {4}, 998: {5}, 338: {6}, 399: {7}, 378: {8}, 649: {9}}
clusters:[2 4 4 2 3 1 0 3 3 3]

round: 2
best_g_value: 184.0
open_list_size: 1
num_low_level_expanded: 633
search_success: 1
search_time: 0.2027348494157195
n_tsp_call: 1
n_tsp_time: 0.1787149258889258
n_roots: 1
num_conflicts: 1
target_assignment: {460: 0, 108: 6, 809: 2, 664: 8, 913: 5}
cluster_target_selection: {2: 460, 0: 108, 4: 809, 3: 664, 1: 913}
num_nodes_transformed_graph: 48
agent_paths:({0: [(29, 13), (28, 13), (27, 13), (26, 13), (25, 13), (24, 13), (23, 13), (22, 13), (21, 13), (20, 13), (19, 13), (18, 13), (17, 13), (16, 13), (15, 13), (14, 13), (13, 13), (12, 13), (12, 14), (12, 15), (12, 16), (12, 17), (12, 17)], 1: [(13, 13), (14, 13), (14, 12), (14, 11), (14, 11)], 2: [(12, 13), (12, 14), (11, 14), (10, 14), (10, 15), (9, 15), (9, 16), (9, 17), (9, 18), (9, 19), (9, 20), (9, 21), (9, 22), (9, 23), (9, 24), (9, 25), (10, 25), (11, 25), (12, 25), (13, 25), (14, 25), (15, 25), (16, 25), (17, 25), (18, 25), (19, 25), (20, 25), (21, 25), (22, 25), (22, 26), (22, 26)], 3: [(23, 21), (24, 21), (25, 21), (26, 21), (27, 21), (28, 21), (29, 21), (29, 22), (29, 23), (29, 24), (29, 25), (29, 26), (29, 27), (29, 27)], 4: [(18, 15), (17, 15), (17, 16), (17, 17), (18, 17), (18, 18), (18, 19), (18, 20), (18, 21), (18, 22), (18, 23), (18, 24), (18, 25), (18, 26), (18, 27), (18, 28), (18, 28)], 5: [(18, 18), (18, 19), (17, 19), (17, 20), (17, 21), (17, 22), (17, 23), (17, 24), (17, 25), (17, 26), (17, 27), (17, 28), (16, 28), (15, 28), (14, 28), (13, 28), (12, 28), (11, 28), (10, 28), (9, 28), (8, 28), (7, 28), (6, 28), (6, 29), (6, 30), (6, 31), (6, 31)], 6: [(1, 1), (2, 1), (3, 1), (4, 1), (5, 1), (6, 1), (7, 1), (8, 1), (9, 1), (10, 1), (11, 1), (12, 1), (12, 2), (12, 3), (13, 3), (14, 3), (14, 4), (14, 5), (15, 5), (16, 5), (17, 5), (18, 5), (18, 6), (18, 7), (18, 8), (18, 9), (18, 10), (18, 10)], 7: [(8, 18), (8, 17), (8, 16), (9, 16), (9, 15), (9, 14), (10, 14), (11, 14), (12, 14), (12, 13), (13, 13), (14, 13), (14, 12), (15, 12), (15, 12)], 8: [(31, 30), (30, 30), (29, 30), (28, 30), (27, 30), (26, 30), (25, 30), (24, 30), (24, 29), (24, 28), (24, 27), (24, 26), (24, 25), (24, 24), (24, 23), (24, 22), (24, 21), (24, 20), (24, 19), (24, 18), (24, 17), (24, 16), (24, 15), (24, 14), (24, 13), (24, 12), (24, 11), (25, 11), (26, 11), (26, 11)], 9: [(0, 21), (1, 21), (2, 21), (3, 21), (3, 22), (4, 22), (5, 22), (5, 21), (5, 20), (6, 20), (7, 20), (8, 20), (9, 20), (9, 20)]}, 29)