

CBSS-C STATS
starts:[965, 80, 1020, 974, 472]
targets:[454, 344, 930, 442, 231, 892, 341, 235, 801, 793]
dests:[66, 893, 219, 109, 933]
ac_dict:{454: {0, 1}, 344: {1, 2}, 930: {2, 3}, 442: {3, 4}, 66: {0}, 893: {1}, 219: {2}, 109: {3}, 933: {4}}
clusters:[1 2 1 2 3 0 3 1 2 4]

round: 1
best_g_value: 165.0
open_list_size: 0
num_low_level_expanded: 657
search_success: 1
search_time: 0.14700588397681713
n_tsp_call: 1
n_tsp_time: 0.12204488599672914
n_roots: 1
num_conflicts: 0
target_assignment: {454: 0, 341: 1, 344: 1, 793: 1, 892: 1}
cluster_target_selection: {1: 454, 3: 341, 2: 344, 4: 793, 0: 892}
num_nodes_transformed_graph: 48
agent_paths:({0: [(5, 30), (5, 29), (5, 28), (5, 27), (5, 26), (5, 25), (6, 25), (7, 25), (7, 24), (7, 23), (7, 22), (7, 21), (7, 20), (7, 19), (7, 18), (7, 17), (6, 17), (6, 16), (6, 15), (6, 14), (5, 14), (5, 13), (4, 13), (3, 13), (3, 12), (3, 11), (3, 10), (3, 9), (3, 8), (3, 7), (2, 7), (2, 6), (2, 5), (2, 4), (2, 3), (2, 2), (2, 2)], 1: [(16, 2), (17, 2), (17, 3), (18, 3), (19, 3), (20, 3), (21, 3), (21, 4), (21, 5), (21, 6), (21, 7), (21, 8), (21, 9), (21, 10), (22, 10), (23, 10), (24, 10), (24, 11), (24, 12), (24, 13), (24, 14), (24, 15), (24, 16), (24, 17), (24, 18), (24, 19), (24, 20), (24, 21), (24, 22), (24, 23), (24, 24), (25, 24), (26, 24), (27, 24), (27, 25), (27, 26), (27, 27), (28, 27), (29, 27), (29, 27)], 2: [(28, 31), (27, 31), (27, 30), (27, 29), (27, 28), (27, 27), (27, 26), (27, 25), (27, 24), (27, 23), (27, 22), (27, 21), (27, 20), (27, 19), (27, 18), (27, 17), (27, 16), (27, 15), (27, 14), (27, 13), (26, 13), (26, 12), (26, 11), (26, 10), (27, 10), (27, 9), (27, 8), (27, 7), (27, 6), (27, 6)], 3: [(14, 30), (13, 30), (13, 29), (13, 28), (13, 27), (13, 26), (13, 25), (13, 24), (13, 23), (13, 22), (13, 21), (13, 20), (13, 19), (13, 18), (13, 17), (13, 16), (13, 15), (13, 14), (13, 13), (12, 13), (12, 12), (12, 11), (12, 10), (13, 10), (13, 9), (13, 8), (13, 7), (13, 6), (13, 5), (13, 4), (13, 3), (13, 3)], 4: [(24, 14), (23, 14), (22, 14), (21, 14), (20, 14), (19, 14), (18, 14), (17, 14), (16, 14), (15, 14), (14, 14), (13, 14), (12, 14), (11, 14), (10, 14), (9, 14), (9, 15), (9, 16), (8, 16), (7, 16), (7, 17), (7, 18), (7, 19), (7, 20), (7, 21), (7, 22), (7, 23), (7, 24), (7, 25), (6, 25), (5, 25), (5, 26), (5, 27), (5, 28), (5, 29), (5, 29)]}, 38)