

CBSS-C STATS
starts:[436, 993, 714, 431, 368]
targets:[297, 721, 237, 464, 667, 648, 450, 312, 489, 289, 548, 536, 27, 66, 957, 222, 641, 328, 195, 159]
dests:[734, 445, 503, 88, 560]
ac_dict:{297: {0, 1}, 721: {1, 2}, 237: {2, 3}, 464: {3, 4}, 734: {0}, 445: {1}, 503: {2}, 88: {3}, 560: {4}}
clusters:[5 8 2 0 4 6 0 3 7 9 9 0 3 7 4 2 7 1 7 0]

round: 1
best_g_value: 135.0
open_list_size: 0
num_low_level_expanded: 363
search_success: 1
search_time: 0.8633377300575376
n_tsp_call: 1
n_tsp_time: 0.8292028838768601
n_roots: 1
num_conflicts: 0
target_assignment: {667: 0, 648: 2, 721: 2, 464: 4, 641: 1, 548: 1, 328: 1, 297: 1, 312: 1, 237: 3}
cluster_target_selection: {4: 667, 6: 648, 8: 721, 0: 464, 7: 641, 9: 548, 1: 328, 5: 297, 3: 312, 2: 237}
num_nodes_transformed_graph: 98
agent_paths:({0: [(20, 13), (21, 13), (22, 13), (23, 13), (24, 13), (25, 13), (26, 13), (27, 13), (27, 14), (27, 15), (27, 16), (27, 17), (27, 18), (27, 19), (27, 20), (28, 20), (29, 20), (29, 21), (29, 22), (30, 22), (30, 22)], 1: [(1, 31), (1, 30), (1, 29), (1, 28), (1, 27), (0, 27), (0, 26), (0, 25), (0, 24), (0, 23), (1, 23), (1, 22), (1, 21), (1, 20), (1, 19), (2, 19), (2, 18), (2, 17), (3, 17), (4, 17), (4, 16), (4, 15), (5, 15), (5, 14), (5, 13), (6, 13), (6, 12), (6, 11), (6, 10), (7, 10), (8, 10), (9, 10), (9, 9), (10, 9), (11, 9), (11, 10), (12, 10), (13, 10), (13, 9), (14, 9), (15, 9), (16, 9), (17, 9), (18, 9), (19, 9), (20, 9), (21, 9), (22, 9), (23, 9), (24, 9), (25, 9), (25, 10), (26, 10), (27, 10), (28, 10), (29, 10), (29, 11), (29, 12), (29, 13), (29, 13)], 2: [(10, 22), (9, 22), (8, 22), (8, 21), (8, 20), (9, 20), (10, 20), (11, 20), (12, 20), (13, 20), (14, 20), (15, 20), (16, 20), (17, 20), (17, 21), (17, 22), (17, 21), (17, 20), (17, 19), (18, 19), (18, 18), (18, 17), (19, 17), (19, 16), (20, 16), (21, 16), (21, 15), (22, 15), (23, 15), (23, 15)], 3: [(15, 13), (14, 13), (14, 12), (14, 11), (14, 10), (13, 10), (13, 9), (13, 8), (13, 7), (13, 6), (13, 5), (14, 5), (15, 5), (16, 5), (16, 4), (16, 3), (17, 3), (18, 3), (19, 3), (20, 3), (20, 2), (21, 2), (22, 2), (23, 2), (24, 2), (24, 2)], 4: [(16, 11), (16, 12), (16, 13), (16, 14), (16, 15), (16, 16), (16, 17), (16, 17)]}, 58)