

CBSS-C STATS
starts:[195, 200, 95, 877, 1000, 66, 333, 346, 386, 518]
targets:[370, 907, 570, 630, 318, 221, 628, 6, 870, 607]
dests:[412, 556, 879, 519, 584, 110, 715, 617, 663, 36]
ac_dict:{370: {0, 1}, 907: {1, 2}, 570: {2, 3}, 630: {3, 4}, 318: {4, 5}, 221: {5, 6}, 628: {6, 7}, 6: {8, 7}, 870: {8, 9}, 412: {0}, 556: {1}, 879: {2}, 519: {3}, 584: {4}, 110: {5}, 715: {6}, 617: {7}, 663: {8}, 36: {9}}
clusters:[0 4 3 4 1 0 2 0 4 2]

round: 13
best_g_value: 272.0
open_list_size: 12
num_low_level_expanded: 4978
search_success: 1
search_time: 0.33464981708675623
n_tsp_call: 1
n_tsp_time: 0.1148674008436501
n_roots: 1
num_conflicts: 12
target_assignment: {370: 0, 570: 2, 907: 2, 318: 5, 628: 7}
cluster_target_selection: {0: 370, 3: 570, 4: 907, 1: 318, 2: 628}
num_nodes_transformed_graph: 34
agent_paths:({0: [(3, 6), (3, 7), (4, 7), (5, 7), (6, 7), (7, 7), (7, 8), (8, 8), (9, 8), (10, 8), (11, 8), (11, 9), (11, 10), (12, 10), (13, 10), (14, 10), (15, 10), (16, 10), (16, 11), (17, 11), (18, 11), (19, 11), (19, 12), (20, 12), (21, 12), (22, 12), (23, 12), (24, 12), (25, 12), (26, 12), (26, 11), (27, 11), (28, 11), (28, 12), (28, 12)], 1: [(8, 6), (9, 6), (10, 6), (11, 6), (11, 7), (11, 8), (11, 9), (11, 10), (12, 10), (12, 11), (12, 12), (12, 13), (12, 14), (12, 15), (12, 16), (12, 17), (12, 17)], 2: [(31, 2), (30, 2), (29, 2), (28, 2), (27, 2), (27, 3), (27, 4), (27, 5), (27, 6), (27, 7), (27, 8), (27, 9), (27, 10), (26, 10), (26, 11), (26, 12), (26, 13), (26, 14), (26, 15), (26, 16), (26, 17), (25, 17), (24, 17), (23, 17), (22, 17), (21, 17), (20, 17), (19, 17), (18, 17), (17, 17), (16, 17), (15, 17), (14, 17), (13, 17), (13, 18), (12, 18), (12, 19), (12, 20), (12, 21), (12, 22), (12, 23), (11, 23), (11, 24), (11, 25), (11, 26), (11, 27), (11, 28), (11, 27), (12, 27), (13, 27), (14, 27), (15, 27), (15, 27)], 3: [(13, 27), (12, 27), (11, 27), (10, 27), (9, 27), (8, 27), (8, 26), (7, 26), (7, 25), (7, 24), (7, 23), (7, 22), (7, 21), (7, 20), (7, 19), (7, 18), (7, 17), (7, 16), (7, 16)], 4: [(8, 31), (8, 30), (8, 29), (8, 28), (8, 27), (8, 26), (8, 25), (8, 24), (8, 23), (8, 22), (8, 21), (8, 20), (8, 19), (8, 18), (8, 18)], 5: [(2, 2), (3, 2), (4, 2), (5, 2), (6, 2), (6, 3), (7, 3), (8, 3), (9, 3), (10, 3), (11, 3), (12, 3), (13, 3), (14, 3), (14, 4), (14, 5), (15, 5), (16, 5), (17, 5), (18, 5), (19, 5), (19, 6), (20, 6), (21, 6), (22, 6), (23, 6), (24, 6), (25, 6), (26, 6), (27, 6), (28, 6), (29, 6), (30, 6), (30, 7), (30, 8), (30, 9), (29, 9), (28, 9), (27, 9), (27, 8), (27, 7), (26, 7), (25, 7), (25, 6), (24, 6), (23, 6), (22, 6), (21, 6), (20, 6), (19, 6), (18, 6), (17, 6), (16, 6), (15, 6), (14, 6), (14, 5), (14, 4), (14, 3), (14, 3)], 6: [(13, 10), (12, 10), (12, 11), (12, 12), (12, 13), (12, 14), (11, 14), (11, 15), (11, 16), (11, 17), (11, 18), (11, 19), (11, 20), (11, 21), (11, 22), (11, 22)], 7: [(26, 10), (25, 10), (24, 10), (23, 10), (22, 10), (21, 10), (21, 11), (21, 12), (21, 13), (21, 14), (21, 15), (21, 16), (20, 16), (20, 17), (20, 18), (20, 19), (19, 19), (18, 19), (17, 19), (16, 19), (15, 19), (14, 19), (13, 19), (12, 19), (11, 19), (10, 19), (9, 19), (9, 19)], 8: [(2, 12), (3, 12), (4, 12), (4, 13), (5, 13), (6, 13), (6, 14), (6, 15), (7, 15), (7, 16), (8, 16), (9, 16), (10, 16), (11, 16), (11, 17), (11, 18), (12, 18), (13, 18), (14, 18), (14, 19), (14, 20), (15, 20), (16, 20), (17, 20), (18, 20), (19, 20), (20, 20), (21, 20), (22, 20), (23, 20), (23, 20)], 9: [(6, 16), (6, 15), (6, 14), (6, 13), (6, 12), (6, 11), (5, 11), (5, 10), (5, 9), (5, 8), (5, 7), (5, 6), (5, 5), (4, 5), (4, 4), (4, 3), (4, 2), (4, 1), (4, 1)]}, 57)