

CBSS-C STATS
starts:[1023, 628, 690, 66, 633, 600, 722, 569, 450, 77]
targets:[333, 728, 876, 392, 131, 407, 228, 188, 1014, 222, 732, 755, 463, 570, 985]
dests:[1004, 587, 956, 110, 466, 219, 598, 677, 882, 225]
ac_dict:{333: {0, 1}, 728: {1, 2}, 876: {2, 3}, 392: {3, 4}, 131: {4, 5}, 407: {5, 6}, 228: {6, 7}, 188: {8, 7}, 1014: {8, 9}, 1004: {0}, 587: {1}, 956: {2}, 110: {3}, 466: {4}, 219: {5}, 598: {6}, 677: {7}, 882: {8}, 225: {9}}
clusters:[9 3 5 6 6 8 4 0 2 9 9 7 7 9 1]

round: 1
best_g_value: 259.0
open_list_size: 0
num_low_level_expanded: 821
search_success: 1
search_time: 0.34433079417794943
n_tsp_call: 1
n_tsp_time: 0.30414296966046095
n_roots: 1
num_conflicts: 0
target_assignment: {985: 0, 407: 5, 876: 2, 728: 2, 570: 7, 188: 7, 228: 7, 755: 8, 1014: 8, 392: 3}
cluster_target_selection: {1: 985, 8: 407, 5: 876, 3: 728, 9: 570, 0: 188, 4: 228, 7: 755, 2: 1014, 6: 392}
num_nodes_transformed_graph: 57
agent_paths:({0: [(31, 31), (30, 31), (29, 31), (28, 31), (27, 31), (26, 31), (25, 31), (25, 30), (24, 30), (23, 30), (22, 30), (21, 30), (20, 30), (19, 30), (18, 30), (17, 30), (16, 30), (16, 31), (15, 31), (14, 31), (13, 31), (12, 31), (12, 31)], 1: [(20, 19), (19, 19), (18, 19), (17, 19), (16, 19), (15, 19), (14, 19), (13, 19), (12, 19), (11, 19), (11, 18), (11, 18)], 2: [(18, 21), (17, 21), (16, 21), (15, 21), (14, 21), (13, 21), (12, 21), (12, 22), (12, 23), (12, 24), (12, 25), (12, 26), (12, 27), (12, 26), (12, 25), (13, 25), (14, 25), (15, 25), (16, 25), (17, 25), (18, 25), (19, 25), (20, 25), (21, 25), (22, 25), (22, 24), (23, 24), (24, 24), (24, 23), (24, 22), (24, 23), (24, 24), (25, 24), (26, 24), (27, 24), (27, 25), (27, 26), (27, 27), (28, 27), (28, 28), (28, 29), (28, 29)], 3: [(2, 2), (3, 2), (4, 2), (5, 2), (6, 2), (6, 3), (7, 3), (7, 4), (7, 5), (7, 6), (7, 7), (7, 8), (7, 9), (7, 10), (8, 10), (9, 10), (9, 11), (9, 12), (8, 12), (9, 12), (9, 11), (9, 10), (9, 9), (9, 8), (9, 7), (9, 6), (10, 6), (10, 5), (10, 4), (10, 3), (11, 3), (12, 3), (13, 3), (14, 3), (14, 3)], 4: [(25, 19), (24, 19), (23, 19), (22, 19), (21, 19), (20, 19), (19, 19), (19, 18), (19, 17), (19, 16), (19, 15), (18, 15), (18, 14), (18, 14)], 5: [(24, 18), (23, 18), (23, 17), (23, 16), (23, 15), (23, 14), (23, 13), (23, 12), (23, 11), (23, 10), (23, 9), (23, 8), (24, 8), (25, 8), (25, 7), (25, 6), (26, 6), (27, 6), (27, 6)], 6: [(18, 22), (18, 21), (18, 20), (18, 19), (18, 18), (19, 18), (20, 18), (21, 18), (22, 18), (22, 18)], 7: [(25, 17), (26, 17), (26, 16), (26, 15), (26, 14), (26, 13), (26, 12), (26, 11), (26, 10), (27, 10), (27, 9), (27, 8), (27, 7), (27, 6), (27, 5), (28, 5), (27, 5), (26, 5), (25, 5), (24, 5), (23, 5), (23, 6), (22, 6), (21, 6), (20, 6), (19, 6), (18, 6), (17, 6), (16, 6), (15, 6), (14, 6), (13, 6), (12, 6), (11, 6), (10, 6), (9, 6), (8, 6), (7, 6), (7, 7), (6, 7), (5, 7), (4, 7), (4, 8), (4, 9), (4, 10), (4, 11), (4, 12), (4, 13), (5, 13), (5, 14), (5, 15), (5, 16), (5, 17), (5, 18), (5, 19), (5, 20), (5, 21), (5, 21)], 8: [(2, 14), (3, 14), (3, 15), (4, 15), (5, 15), (6, 15), (7, 15), (7, 16), (8, 16), (9, 16), (10, 16), (11, 16), (12, 16), (13, 16), (14, 16), (15, 16), (16, 16), (17, 16), (17, 17), (18, 17), (19, 17), (19, 18), (19, 19), (19, 20), (19, 21), (19, 22), (19, 23), (19, 24), (20, 24), (20, 25), (20, 26), (20, 27), (20, 28), (20, 29), (21, 29), (21, 30), (22, 30), (22, 31), (21, 31), (20, 31), (19, 31), (18, 31), (18, 30), (18, 29), (18, 28), (18, 27), (18, 27)], 9: [(13, 2), (12, 2), (11, 2), (10, 2), (9, 2), (9, 3), (8, 3), (7, 3), (6, 3), (5, 3), (4, 3), (3, 3), (2, 3), (1, 3), (1, 4), (1, 5), (1, 6), (1, 7), (1, 7)]}, 56)