

CBSS-C STATS
starts:[746, 334, 567, 973, 497]
targets:[166, 286, 473, 97, 607, 891, 815, 31, 551, 677, 693, 887, 556, 825, 518, 841, 655, 944, 316, 796]
dests:[768, 249, 920, 379, 398]
ac_dict:{166: {0, 1}, 286: {1, 2}, 473: {2, 3}, 97: {3, 4}, 768: {0}, 249: {1}, 920: {2}, 379: {3}, 398: {4}}
clusters:[8 6 7 3 9 9 0 4 9 7 0 5 2 5 2 4 9 1 5 7]

round: 1
best_g_value: 162.0
open_list_size: 0
num_low_level_expanded: 496
search_success: 1
search_time: 2.6037649735808372
n_tsp_call: 1
n_tsp_time: 2.5707025728188455
n_roots: 1
num_conflicts: 0
target_assignment: {841: 0, 944: 3, 815: 3, 655: 3, 473: 3, 825: 2, 518: 4, 97: 4, 166: 1, 286: 1}
cluster_target_selection: {4: 841, 1: 944, 0: 815, 9: 655, 7: 473, 5: 825, 2: 518, 3: 97, 8: 166, 6: 286}
num_nodes_transformed_graph: 98
agent_paths:({0: [(10, 23), (9, 23), (9, 24), (9, 25), (9, 26), (8, 26), (7, 26), (6, 26), (5, 26), (4, 26), (3, 26), (2, 26), (2, 25), (1, 25), (0, 25), (0, 24), (0, 24)], 1: [(14, 10), (13, 10), (12, 10), (11, 10), (10, 10), (9, 10), (8, 10), (7, 10), (7, 9), (7, 8), (7, 7), (7, 6), (7, 5), (6, 5), (7, 5), (8, 5), (8, 6), (9, 6), (10, 6), (11, 6), (12, 6), (13, 6), (14, 6), (15, 6), (16, 6), (17, 6), (18, 6), (19, 6), (20, 6), (21, 6), (22, 6), (23, 6), (24, 6), (25, 6), (26, 6), (27, 6), (28, 6), (29, 6), (30, 6), (30, 7), (30, 8), (29, 8), (28, 8), (27, 8), (27, 7), (26, 7), (25, 7), (25, 7)], 2: [(23, 17), (24, 17), (24, 18), (24, 19), (24, 20), (24, 21), (24, 22), (24, 23), (24, 24), (25, 24), (25, 25), (24, 25), (24, 26), (24, 27), (24, 28), (24, 28)], 3: [(13, 30), (13, 29), (14, 29), (15, 29), (16, 29), (15, 29), (15, 28), (15, 27), (15, 26), (15, 25), (15, 24), (15, 23), (15, 22), (15, 21), (15, 20), (15, 19), (16, 19), (16, 18), (16, 17), (16, 16), (16, 15), (16, 14), (17, 14), (18, 14), (19, 14), (20, 14), (21, 14), (22, 14), (23, 14), (24, 14), (25, 14), (25, 13), (25, 12), (25, 11), (26, 11), (27, 11), (27, 11)], 4: [(17, 15), (16, 15), (16, 16), (15, 16), (14, 16), (13, 16), (12, 16), (11, 16), (10, 16), (9, 16), (8, 16), (7, 16), (6, 16), (5, 16), (4, 16), (3, 16), (2, 16), (1, 16), (1, 15), (1, 14), (1, 13), (1, 12), (1, 11), (1, 10), (1, 9), (1, 8), (1, 7), (1, 6), (1, 5), (1, 4), (1, 3), (2, 3), (3, 3), (4, 3), (5, 3), (6, 3), (7, 3), (8, 3), (9, 3), (10, 3), (11, 3), (12, 3), (13, 3), (13, 4), (13, 5), (13, 6), (13, 7), (13, 8), (13, 9), (14, 9), (14, 10), (14, 11), (14, 12), (14, 12)]}, 52)