

CBSS-C STATS
starts:[326, 990, 469, 669, 672]
targets:[398, 649, 1004, 1008, 35, 154, 893, 402, 556, 1018]
dests:[347, 857, 422, 123, 1002]
ac_dict:{398: {0, 1}, 649: {1, 2}, 1004: {2, 3}, 1008: {3, 4}, 347: {0}, 857: {1}, 422: {2}, 123: {3}, 1002: {4}}
clusters:[0 1 1 1 0 0 1 1 0 1]

round: 1
best_g_value: 91.0
open_list_size: 0
num_low_level_expanded: 269
search_success: 1
search_time: 0.06203957786783576
n_tsp_call: 1
n_tsp_time: 0.05271685868501663
n_roots: 1
num_conflicts: 0
target_assignment: {398: 0, 893: 1}
cluster_target_selection: {0: 398, 1: 893}
num_nodes_transformed_graph: 29
agent_paths:({0: [(6, 10), (7, 10), (8, 10), (9, 10), (10, 10), (11, 10), (12, 10), (13, 10), (14, 10), (14, 11), (14, 12), (14, 11), (15, 11), (16, 11), (17, 11), (18, 11), (18, 10), (19, 10), (20, 10), (21, 10), (22, 10), (23, 10), (24, 10), (25, 10), (26, 10), (27, 10), (27, 10)], 1: [(30, 30), (29, 30), (29, 29), (29, 28), (29, 27), (28, 27), (27, 27), (26, 27), (25, 27), (25, 26), (25, 26)], 2: [(21, 14), (20, 14), (19, 14), (18, 14), (17, 14), (16, 14), (15, 14), (14, 14), (13, 14), (12, 14), (11, 14), (10, 14), (10, 13), (10, 12), (9, 12), (8, 12), (8, 13), (7, 13), (6, 13), (6, 13)], 3: [(29, 20), (29, 19), (29, 18), (29, 17), (29, 16), (28, 16), (28, 15), (28, 14), (28, 13), (28, 12), (28, 11), (27, 11), (27, 10), (27, 9), (27, 8), (27, 7), (27, 6), (27, 5), (27, 4), (27, 3), (27, 3)], 4: [(0, 21), (1, 21), (2, 21), (3, 21), (3, 22), (4, 22), (5, 22), (6, 22), (7, 22), (8, 22), (9, 22), (10, 22), (10, 23), (10, 24), (10, 25), (10, 26), (10, 27), (10, 28), (10, 29), (10, 30), (10, 31), (10, 31)]}, 25)