

CBSS-C STATS
starts:[915, 872]
targets:[890, 174, 963, 830, 905, 146, 362, 869, 28, 316, 992, 335, 540, 616, 834, 844, 523, 70, 382, 177, 233, 12, 668, 959, 462, 144, 973, 502, 803, 878, 553, 301, 387, 663, 622, 92, 776, 588, 507, 168, 868, 594, 1010, 633, 107, 942, 862, 723, 43, 121, 826, 88, 30, 85, 526, 966, 363, 150, 827, 991, 466, 178, 799, 418, 320, 210, 73, 253, 511, 967, 561, 531, 123, 669, 93, 924, 167, 201, 775, 713, 794, 552, 922, 61, 326, 325, 602, 321, 632, 746, 513, 1018, 347, 999, 675, 413, 251, 733, 51, 837]
dests:[782, 118]
ac_dict:{890: {0, 1}, 782: {0}, 118: {1}}
clusters:[ 8  7 12 34  7 10 17 17 14 23 11 26 30  4 28 17 22  4  6  4 24  9 30 25
 31 36 13  2 29 29 13  3 35  5  0  3 30 32  7 27 38 31 34 18 33 23  2 16
 26 33  3 37 39  3 21 21 21 26 15 32 13 33 36  6 32 39  5 15 16 39 26  7
 13 17 24 20  8 28 36 13 29  3  2 30 19 18 19  7  0 32 24 24 17 15 19 39
  1  2 37 37]

round: 1
best_g_value: 453.0
open_list_size: 0
num_low_level_expanded: 333
search_success: 1
search_time: 10.884371692998684
n_tsp_call: 1
n_tsp_time: 10.766054162995715
n_roots: 1
num_conflicts: 0
target_assignment: {837: 1, 869: 1, 868: 1, 963: 1, 992: 1, 834: 1, 418: 1, 387: 1, 325: 1, 326: 1, 167: 1, 168: 1, 73: 1, 43: 1, 12: 1, 174: 1, 144: 1, 146: 1, 177: 1, 462: 1, 526: 1, 523: 1, 588: 1, 622: 1, 723: 1, 794: 1, 827: 1, 924: 1, 959: 1, 862: 1, 830: 1, 413: 1, 316: 1, 251: 1, 92: 1, 28: 1, 61: 1, 93: 1, 123: 1, 121: 1}
cluster_target_selection: {37: 837, 17: 869, 38: 868, 12: 963, 11: 992, 28: 834, 6: 418, 35: 387, 18: 325, 19: 326, 8: 167, 27: 168, 5: 73, 26: 43, 9: 12, 7: 174, 36: 144, 10: 146, 4: 177, 31: 462, 21: 526, 22: 523, 32: 588, 0: 622, 16: 723, 29: 794, 15: 827, 20: 924, 25: 959, 2: 862, 34: 830, 39: 413, 23: 316, 1: 251, 3: 92, 14: 28, 30: 61, 24: 93, 13: 123, 33: 121}
num_nodes_transformed_graph: 104
agent_paths:({0: [(19, 28), (18, 28), (17, 28), (16, 28), (15, 28), (15, 27), (15, 26), (15, 25), (14, 25), (14, 24), (14, 24)], 1: [(8, 27), (8, 26), (7, 26), (6, 26), (5, 26), (5, 27), (4, 27), (4, 28), (4, 29), (3, 29), (3, 30), (2, 30), (1, 30), (0, 30), (0, 31), (0, 30), (0, 29), (0, 28), (0, 27), (1, 27), (2, 27), (2, 26), (2, 25), (2, 24), (2, 23), (2, 22), (2, 21), (2, 20), (2, 19), (2, 18), (2, 17), (2, 16), (2, 15), (2, 14), (2, 13), (2, 12), (3, 12), (3, 11), (3, 10), (4, 10), (5, 10), (6, 10), (6, 9), (7, 9), (7, 8), (7, 7), (7, 6), (7, 5), (8, 5), (8, 4), (8, 3), (9, 3), (9, 2), (9, 1), (10, 1), (11, 1), (11, 0), (12, 0), (13, 0), (14, 0), (14, 1), (14, 2), (14, 3), (14, 4), (14, 5), (15, 5), (16, 5), (16, 4), (17, 4), (18, 4), (17, 4), (17, 5), (16, 5), (16, 6), (16, 7), (16, 8), (16, 9), (15, 9), (14, 9), (14, 10), (14, 11), (14, 12), (14, 13), (14, 14), (14, 15), (14, 16), (13, 16), (12, 16), (11, 16), (12, 16), (12, 17), (12, 18), (13, 18), (14, 18), (14, 19), (15, 19), (16, 19), (17, 19), (18, 19), (19, 19), (19, 20), (19, 21), (19, 22), (20, 22), (21, 22), (21, 23), (22, 23), (22, 24), (23, 24), (24, 24), (25, 24), (26, 24), (27, 24), (27, 25), (27, 26), (27, 27), (28, 27), (28, 28), (29, 28), (30, 28), (31, 28), (31, 29), (30, 29), (30, 28), (30, 27), (30, 26), (30, 25), (29, 25), (29, 24), (29, 23), (29, 22), (29, 21), (29, 20), (29, 19), (29, 18), (29, 17), (29, 16), (29, 15), (29, 14), (29, 13), (29, 12), (28, 12), (28, 11), (28, 10), (28, 9), (27, 9), (27, 8), (27, 7), (27, 6), (27, 5), (27, 4), (27, 3), (27, 2), (28, 2), (28, 1), (28, 0), (29, 0), (29, 1), (29, 2), (28, 2), (27, 2), (27, 3), (26, 3), (25, 3), (24, 3), (23, 3), (22, 3), (22, 3)]}, 166)