

CBSS-C STATS
starts:[518, 770, 75, 669, 139]
targets:[116, 558, 210, 852, 504, 458, 627, 404, 2, 233, 45, 990, 368, 36, 130, 665, 824, 485, 742, 473]
dests:[880, 1007, 390, 86, 909]
ac_dict:{116: {0, 1}, 558: {1, 2}, 210: {2, 3}, 852: {3, 4}, 880: {0}, 1007: {1}, 390: {2}, 86: {3}, 909: {4}}
clusters:[4 2 6 2 5 8 6 6 1 5 8 9 5 2 0 0 7 3 1 5]

round: 1
best_g_value: 179.0
open_list_size: 0
num_low_level_expanded: 516
search_success: 1
search_time: 2.97988891415298
n_tsp_call: 1
n_tsp_time: 2.945759007241577
n_roots: 1
num_conflicts: 0
target_assignment: {485: 0, 233: 0, 116: 0, 404: 0, 990: 3, 824: 3, 665: 3, 458: 4, 742: 1, 36: 2}
cluster_target_selection: {3: 485, 5: 233, 4: 116, 6: 404, 9: 990, 7: 824, 0: 665, 8: 458, 1: 742, 2: 36}
num_nodes_transformed_graph: 98
agent_paths:({0: [(6, 16), (5, 16), (5, 15), (5, 14), (5, 13), (6, 13), (6, 12), (6, 11), (6, 10), (6, 9), (7, 9), (7, 8), (8, 8), (9, 8), (9, 7), (9, 6), (10, 6), (10, 5), (11, 5), (12, 5), (13, 5), (14, 5), (15, 5), (16, 5), (16, 4), (16, 3), (17, 3), (18, 3), (19, 3), (20, 3), (20, 4), (21, 4), (21, 5), (21, 6), (21, 7), (21, 8), (21, 9), (21, 10), (21, 11), (21, 12), (20, 12), (19, 12), (18, 12), (17, 12), (16, 12), (16, 13), (16, 14), (16, 15), (16, 16), (16, 17), (16, 18), (16, 19), (16, 20), (16, 21), (16, 22), (16, 23), (16, 24), (16, 25), (16, 26), (16, 27), (16, 27)], 1: [(2, 24), (2, 23), (3, 23), (4, 23), (5, 23), (6, 23), (7, 23), (8, 23), (9, 23), (10, 23), (11, 23), (12, 23), (13, 23), (13, 24), (13, 25), (13, 26), (13, 27), (14, 27), (14, 28), (14, 29), (14, 30), (14, 31), (15, 31), (15, 31)], 2: [(11, 2), (10, 2), (9, 2), (9, 1), (8, 1), (7, 1), (6, 1), (5, 1), (4, 1), (5, 1), (5, 2), (5, 3), (5, 4), (5, 5), (5, 6), (5, 7), (5, 8), (5, 9), (6, 9), (6, 10), (6, 11), (6, 12), (6, 12)], 3: [(29, 20), (29, 21), (29, 22), (30, 22), (30, 23), (30, 24), (30, 25), (30, 26), (30, 27), (30, 28), (30, 29), (30, 30), (29, 30), (28, 30), (27, 30), (26, 30), (25, 30), (24, 30), (24, 29), (24, 28), (24, 27), (24, 26), (24, 25), (24, 24), (24, 23), (24, 22), (24, 21), (24, 20), (25, 20), (25, 19), (25, 18), (25, 17), (25, 16), (25, 15), (25, 14), (25, 13), (25, 12), (25, 11), (25, 10), (25, 9), (25, 8), (25, 7), (25, 6), (24, 6), (23, 6), (23, 5), (23, 4), (22, 4), (22, 3), (22, 2), (22, 2)], 4: [(11, 4), (10, 4), (10, 5), (10, 6), (10, 7), (10, 8), (10, 9), (10, 10), (10, 11), (10, 12), (10, 13), (10, 14), (11, 14), (12, 14), (13, 14), (13, 15), (13, 16), (13, 17), (13, 18), (13, 19), (13, 20), (13, 21), (13, 22), (13, 23), (13, 24), (13, 25), (13, 26), (13, 27), (13, 28), (13, 28)]}, 59)