

CBSS-C STATS
starts:[788, 738, 682, 742, 28]
targets:[45, 801, 385, 465, 912, 844, 458, 316, 723, 184, 461, 490, 41, 776, 375, 893, 47, 740, 968, 318]
dests:[506, 312, 239, 291, 159]
ac_dict:{45: {0, 1}, 801: {1, 2}, 385: {2, 3}, 465: {3, 4}, 506: {0}, 312: {1}, 239: {2}, 291: {3}, 159: {4}}
clusters:[8 2 9 2 7 4 7 0 7 5 2 4 1 3 5 3 6 1 8 0]

round: 3
best_g_value: 132.0
open_list_size: 0
num_low_level_expanded: 667
search_success: 1
search_time: 5.338560980278999
n_tsp_call: 15
n_tsp_time: 5.198243722319603
n_roots: 1
num_conflicts: 2
target_assignment: {723: 0, 740: 3, 385: 3, 776: 1, 490: 1, 461: 1, 45: 1, 47: 1, 184: 1, 316: 1}
cluster_target_selection: {7: 723, 1: 740, 9: 385, 3: 776, 4: 490, 2: 461, 8: 45, 6: 47, 5: 184, 0: 316}
num_nodes_transformed_graph: 54
agent_paths:({0: [(20, 24), (19, 24), (19, 23), (19, 22), (19, 21), (19, 20), (19, 19), (19, 18), (19, 17), (19, 16), (20, 16), (21, 16), (21, 15), (22, 15), (23, 15), (24, 15), (25, 15), (26, 15), (26, 15)], 1: [(2, 23), (3, 23), (3, 24), (4, 24), (4, 23), (5, 23), (6, 23), (7, 23), (8, 23), (8, 24), (8, 23), (8, 22), (8, 21), (8, 20), (8, 19), (8, 18), (8, 17), (8, 16), (9, 16), (9, 15), (10, 15), (10, 14), (11, 14), (12, 14), (13, 14), (13, 13), (12, 13), (12, 12), (12, 11), (12, 10), (13, 10), (13, 9), (13, 8), (13, 7), (13, 6), (13, 5), (13, 4), (13, 3), (13, 2), (13, 1), (14, 1), (15, 1), (16, 1), (17, 1), (18, 1), (19, 1), (20, 1), (20, 2), (21, 2), (22, 2), (23, 2), (23, 3), (23, 4), (23, 5), (24, 5), (25, 5), (26, 5), (27, 5), (28, 5), (28, 6), (28, 7), (28, 8), (28, 9), (27, 9), (27, 10), (26, 10), (25, 10), (24, 10), (24, 9), (24, 9)], 2: [(10, 21), (10, 20), (10, 19), (10, 18), (10, 17), (10, 16), (10, 15), (10, 14), (10, 13), (10, 12), (10, 11), (10, 10), (10, 9), (10, 8), (10, 7), (11, 7), (12, 7), (13, 7), (14, 7), (15, 7), (15, 7)], 3: [(6, 23), (5, 23), (4, 23), (3, 23), (2, 23), (2, 22), (2, 21), (2, 20), (2, 19), (2, 18), (2, 17), (1, 17), (1, 16), (1, 15), (1, 14), (1, 13), (1, 12), (1, 11), (1, 10), (1, 9), (2, 9), (3, 9), (3, 9)], 4: [(28, 0), (29, 0), (30, 0), (30, 1), (30, 2), (31, 2), (31, 3), (31, 4), (31, 4)]}, 68)