

CBSS-C STATS
starts:[191, 298, 511, 41, 766]
targets:[58, 723, 315, 233, 1018, 37, 866, 934, 148, 781, 126, 678, 1020, 24, 304, 755, 193, 297, 153, 894]
dests:[294, 430, 496, 437, 256]
ac_dict:{58: {0, 1}, 723: {1, 2}, 315: {2, 3}, 233: {3, 4}, 294: {0}, 430: {1}, 496: {2}, 437: {3}, 256: {4}}
clusters:[0 4 3 0 5 7 6 9 2 6 0 3 7 1 9 8 5 2 8 3]

round: 1
best_g_value: 159.0
open_list_size: 0
num_low_level_expanded: 419
search_success: 1
search_time: 0.41849606577306986
n_tsp_call: 1
n_tsp_time: 0.3929748251102865
n_roots: 1
num_conflicts: 0
target_assignment: {153: 0, 24: 0, 37: 0, 723: 2, 297: 1, 781: 4, 678: 4, 193: 4, 233: 3, 304: 3}
cluster_target_selection: {8: 153, 1: 24, 7: 37, 4: 723, 2: 297, 6: 781, 3: 678, 5: 193, 0: 233, 9: 304}
num_nodes_transformed_graph: 50
agent_paths:({0: [(31, 5), (30, 5), (29, 5), (28, 5), (27, 5), (26, 5), (25, 5), (25, 4), (25, 3), (24, 3), (24, 2), (24, 1), (24, 0), (23, 0), (22, 0), (21, 0), (20, 0), (19, 0), (19, 1), (18, 1), (17, 1), (16, 1), (15, 1), (14, 1), (13, 1), (12, 1), (11, 1), (10, 1), (9, 1), (8, 1), (7, 1), (6, 1), (5, 1), (5, 2), (5, 3), (5, 4), (5, 5), (5, 6), (5, 7), (5, 8), (5, 9), (6, 9), (6, 9)], 1: [(10, 9), (9, 9), (10, 9), (11, 9), (11, 10), (12, 10), (13, 10), (14, 10), (14, 11), (14, 12), (14, 13), (14, 13)], 2: [(31, 15), (30, 15), (29, 15), (28, 15), (27, 15), (26, 15), (25, 15), (24, 15), (23, 15), (22, 15), (21, 15), (21, 16), (20, 16), (19, 16), (19, 17), (19, 18), (19, 19), (19, 20), (19, 21), (19, 22), (18, 22), (17, 22), (16, 22), (16, 21), (16, 20), (16, 19), (16, 18), (16, 17), (16, 16), (16, 15), (16, 15)], 3: [(9, 1), (9, 2), (9, 3), (9, 4), (8, 4), (8, 5), (8, 6), (9, 6), (9, 7), (10, 7), (11, 7), (12, 7), (13, 7), (14, 7), (15, 7), (16, 7), (16, 8), (16, 9), (17, 9), (18, 9), (19, 9), (20, 9), (21, 9), (21, 10), (21, 11), (21, 12), (21, 13), (21, 13)], 4: [(30, 23), (29, 23), (29, 24), (28, 24), (27, 24), (26, 24), (25, 24), (24, 24), (23, 24), (22, 24), (22, 25), (21, 25), (20, 25), (19, 25), (18, 25), (17, 25), (16, 25), (15, 25), (14, 25), (13, 25), (13, 24), (12, 24), (11, 24), (10, 24), (9, 24), (8, 24), (7, 24), (7, 23), (6, 23), (6, 22), (6, 21), (5, 21), (5, 20), (5, 19), (4, 19), (4, 18), (3, 18), (2, 18), (2, 17), (1, 17), (1, 16), (1, 15), (1, 14), (1, 13), (1, 12), (1, 11), (1, 10), (1, 9), (1, 8), (1, 7), (1, 6), (1, 7), (0, 7), (0, 8), (0, 8)]}, 53)