

CBSS-C STATS
starts:[614, 504, 9, 46, 696]
targets:[136, 102, 894, 174, 810, 127, 280, 775, 779, 471]
dests:[224, 976, 330, 787, 653]
ac_dict:{136: {0, 1}, 102: {1, 2}, 894: {2, 3}, 174: {3, 4}, 224: {0}, 976: {1}, 330: {2}, 787: {3}, 653: {4}}
clusters:[1 1 1 0 1 0 1 0 1 1]

round: 1
best_g_value: 94.0
open_list_size: 0
num_low_level_expanded: 294
search_success: 1
search_time: 0.09392920229583979
n_tsp_call: 1
n_tsp_time: 0.07892407663166523
n_roots: 1
num_conflicts: 0
target_assignment: {471: 1, 174: 3}
cluster_target_selection: {1: 471, 0: 174}
num_nodes_transformed_graph: 48
agent_paths:({0: [(6, 19), (5, 19), (4, 19), (4, 18), (3, 18), (2, 18), (2, 17), (1, 17), (1, 16), (1, 15), (1, 14), (1, 13), (1, 12), (1, 11), (0, 11), (0, 10), (0, 9), (0, 8), (0, 7), (0, 7)], 1: [(24, 15), (23, 15), (23, 14), (22, 14), (21, 14), (20, 14), (19, 14), (18, 14), (17, 14), (16, 14), (16, 15), (16, 16), (16, 17), (16, 18), (16, 19), (16, 20), (16, 21), (16, 22), (16, 23), (16, 24), (16, 25), (16, 26), (16, 27), (16, 28), (16, 29), (16, 30), (16, 30)], 2: [(9, 0), (10, 0), (10, 1), (10, 2), (10, 3), (10, 4), (10, 5), (10, 6), (10, 7), (10, 8), (10, 9), (10, 10), (10, 10)], 3: [(14, 1), (14, 2), (14, 3), (14, 4), (14, 5), (15, 5), (16, 5), (17, 5), (18, 5), (18, 6), (18, 7), (18, 8), (18, 9), (19, 9), (19, 10), (19, 11), (19, 12), (19, 13), (19, 14), (19, 15), (19, 16), (19, 17), (19, 18), (19, 19), (19, 20), (19, 21), (19, 22), (19, 23), (19, 24), (19, 24)], 4: [(24, 21), (23, 21), (22, 21), (21, 21), (20, 21), (19, 21), (18, 21), (17, 21), (16, 21), (15, 21), (14, 21), (13, 21), (13, 20), (13, 20)]}, 28)