

CBSS-C STATS
starts:[189, 787, 776, 43, 162]
targets:[920, 653, 525, 844, 286, 249, 178, 962, 661, 855, 574, 542, 422, 979, 832, 429, 672, 624, 551, 691, 264, 316, 556, 135, 945, 740, 563, 3, 849, 469, 184, 564, 746, 566, 658, 253, 805, 114, 25, 183, 369, 210, 816, 594, 373, 259, 991, 938, 329, 652]
dests:[623, 335, 749, 356, 856]
ac_dict:{920: {0, 1}, 653: {1, 2}, 525: {2, 3}, 844: {3, 4}, 623: {0}, 335: {1}, 749: {2}, 356: {3}, 856: {4}}
clusters:[25 28  7  0  6 17  8 13  1 10 20 36 23  5 21 22 38  7 26 19  9 27  1  3
 39 32  4 35  6  2 31 30 12 24  9 15  2 29  5 14  4 16 33 37  0 34 18  8
  3 11]

round: 1
best_g_value: 226.0
open_list_size: 0
num_low_level_expanded: 452
search_success: 1
search_time: 21.398706605999905
n_tsp_call: 1
n_tsp_time: 21.281974229001207
n_roots: 1
num_conflicts: 0
target_assignment: {184: 0, 183: 0, 114: 0, 178: 0, 210: 0, 249: 0, 253: 0, 316: 0, 542: 0, 574: 0, 991: 0, 920: 0, 566: 0, 564: 0, 563: 0, 594: 0, 624: 0, 135: 4, 422: 4, 551: 4, 672: 4, 832: 4, 962: 4, 740: 4, 805: 4, 844: 4, 816: 4, 849: 4, 945: 4, 979: 4, 855: 4, 691: 1, 658: 1, 653: 1, 652: 1, 556: 1, 429: 1, 746: 2, 3: 3, 259: 3}
cluster_target_selection: {31: 184, 14: 183, 29: 114, 8: 178, 16: 210, 17: 249, 15: 253, 27: 316, 36: 542, 20: 574, 18: 991, 25: 920, 24: 566, 30: 564, 4: 563, 37: 594, 7: 624, 3: 135, 23: 422, 26: 551, 38: 672, 21: 832, 13: 962, 32: 740, 2: 805, 0: 844, 33: 816, 6: 849, 39: 945, 5: 979, 10: 855, 19: 691, 9: 658, 28: 653, 11: 652, 1: 556, 22: 429, 12: 746, 35: 3, 34: 259}
num_nodes_transformed_graph: 248
agent_paths:({0: [(29, 5), (28, 5), (27, 5), (26, 5), (25, 5), (24, 5), (23, 5), (23, 4), (22, 4), (21, 4), (20, 4), (19, 4), (18, 4), (18, 3), (18, 4), (18, 5), (18, 6), (19, 6), (20, 6), (21, 6), (22, 6), (23, 6), (24, 6), (25, 6), (25, 7), (26, 7), (27, 7), (28, 7), (29, 7), (28, 7), (28, 8), (28, 9), (29, 9), (29, 10), (29, 11), (29, 12), (29, 13), (29, 14), (30, 14), (30, 15), (30, 16), (30, 17), (30, 18), (30, 19), (30, 20), (29, 20), (29, 21), (29, 22), (30, 22), (30, 23), (30, 24), (30, 25), (30, 26), (30, 27), (31, 27), (31, 28), (31, 29), (31, 30), (30, 30), (29, 30), (28, 30), (27, 30), (26, 30), (25, 30), (24, 30), (24, 29), (24, 28), (24, 27), (24, 26), (24, 25), (24, 24), (24, 23), (24, 22), (23, 22), (23, 21), (22, 21), (22, 20), (22, 19), (22, 18), (22, 17), (21, 17), (20, 17), (19, 17), (18, 17), (18, 18), (18, 19), (17, 19), (16, 19), (15, 19), (15, 19)], 1: [(19, 24), (19, 23), (19, 22), (19, 21), (18, 21), (18, 20), (17, 20), (16, 20), (15, 20), (14, 20), (13, 20), (12, 20), (12, 19), (12, 18), (12, 17), (12, 16), (12, 15), (12, 14), (12, 13), (13, 13), (14, 13), (14, 12), (14, 11), (14, 10), (15, 10), (15, 10)], 2: [(8, 24), (8, 23), (9, 23), (10, 23), (11, 23), (12, 23), (13, 23), (13, 23)], 3: [(11, 1), (10, 1), (9, 1), (8, 1), (7, 1), (6, 1), (5, 1), (4, 1), (3, 1), (3, 0), (3, 1), (3, 2), (3, 3), (3, 4), (3, 5), (3, 6), (3, 7), (3, 8), (4, 8), (4, 9), (4, 10), (4, 11), (4, 11)], 4: [(2, 5), (2, 4), (3, 4), (4, 4), (5, 4), (6, 4), (7, 4), (7, 5), (7, 6), (7, 7), (7, 8), (7, 9), (6, 9), (6, 10), (6, 11), (6, 12), (6, 13), (6, 14), (6, 15), (7, 15), (7, 16), (7, 17), (6, 17), (5, 17), (4, 17), (3, 17), (2, 17), (2, 18), (2, 19), (1, 19), (0, 19), (0, 20), (0, 21), (1, 21), (1, 22), (1, 23), (0, 23), (0, 24), (0, 25), (0, 26), (0, 27), (1, 27), (2, 27), (2, 28), (2, 29), (2, 30), (2, 29), (2, 28), (2, 27), (2, 26), (2, 25), (2, 24), (2, 23), (3, 23), (4, 23), (4, 24), (4, 25), (5, 25), (6, 25), (7, 25), (8, 25), (9, 25), (10, 25), (11, 25), (12, 25), (12, 26), (12, 25), (13, 25), (14, 25), (15, 25), (16, 25), (17, 25), (17, 26), (17, 27), (17, 28), (17, 29), (18, 29), (19, 29), (19, 30), (19, 29), (19, 28), (19, 27), (20, 27), (21, 27), (22, 27), (22, 26), (23, 26), (24, 26), (24, 26)]}, 88)