

CBSS-C STATS
starts:[553, 745, 722, 943, 1]
targets:[462, 504, 177, 149, 915, 868, 11, 564, 58, 624, 893, 689, 864, 635, 463, 94, 581, 21, 630, 606, 369, 927, 444, 75, 290, 85, 878, 91, 1002, 99, 735, 851, 642, 819, 514, 68, 728, 870, 294, 841, 279, 639, 178, 51, 708, 555, 993, 92, 54, 25]
dests:[837, 954, 696, 660, 288]
ac_dict:{462: {0, 1}, 504: {1, 2}, 177: {2, 3}, 149: {3, 4}, 837: {0}, 954: {1}, 696: {2}, 660: {3}, 288: {4}}
clusters:[27 19 20  0  8 21 29 17 32  6 11  7 14 24  5 15  1  6  5  4 25 33  7  3
  4 39 13 35  2 30 16 10  8 22  1  0 12 18  2  9  9 28 23 31 26 37 36 38
 34  3]

round: 1
best_g_value: 237.0
open_list_size: 0
num_low_level_expanded: 509
search_success: 1
search_time: 9.352385591999337
n_tsp_call: 1
n_tsp_time: 9.293215658999543
n_roots: 1
num_conflicts: 0
target_assignment: {555: 0, 462: 0, 463: 0, 581: 0, 708: 0, 993: 0, 864: 0, 868: 0, 870: 0, 564: 2, 369: 2, 178: 2, 177: 2, 75: 2, 11: 2, 51: 2, 21: 2, 54: 2, 85: 2, 58: 2, 91: 2, 92: 2, 94: 2, 444: 2, 504: 2, 635: 2, 639: 2, 735: 2, 728: 2, 915: 3, 851: 3, 819: 3, 841: 1, 878: 1, 893: 1, 927: 1, 99: 4, 68: 4, 294: 4, 290: 4}
cluster_target_selection: {37: 555, 27: 462, 5: 463, 1: 581, 26: 708, 36: 993, 14: 864, 21: 868, 18: 870, 17: 564, 25: 369, 23: 178, 20: 177, 3: 75, 29: 11, 31: 51, 6: 21, 34: 54, 39: 85, 32: 58, 35: 91, 38: 92, 15: 94, 7: 444, 19: 504, 24: 635, 28: 639, 16: 735, 12: 728, 8: 915, 10: 851, 22: 819, 9: 841, 13: 878, 11: 893, 33: 927, 30: 99, 0: 68, 2: 294, 4: 290}
num_nodes_transformed_graph: 118
agent_paths:({0: [(9, 17), (10, 17), (11, 17), (11, 16), (11, 15), (11, 14), (12, 14), (13, 14), (14, 14), (15, 14), (14, 14), (13, 14), (12, 14), (11, 14), (10, 14), (9, 14), (9, 15), (9, 16), (8, 16), (7, 16), (6, 16), (5, 16), (5, 17), (5, 18), (5, 19), (5, 20), (5, 21), (5, 22), (4, 22), (3, 22), (2, 22), (2, 23), (2, 24), (2, 25), (2, 26), (2, 27), (1, 27), (1, 28), (1, 29), (1, 30), (1, 31), (0, 31), (0, 30), (0, 29), (0, 28), (0, 27), (1, 27), (2, 27), (3, 27), (4, 27), (5, 27), (6, 27), (5, 27), (5, 26), (5, 26)], 1: [(9, 23), (9, 24), (9, 25), (9, 26), (10, 26), (11, 26), (12, 26), (13, 26), (13, 27), (14, 27), (15, 27), (16, 27), (17, 27), (18, 27), (19, 27), (20, 27), (21, 27), (22, 27), (23, 27), (24, 27), (25, 27), (26, 27), (27, 27), (28, 27), (29, 27), (30, 27), (31, 27), (31, 28), (30, 28), (29, 28), (28, 28), (27, 28), (26, 28), (26, 29), (26, 29)], 2: [(18, 22), (18, 21), (18, 20), (18, 19), (18, 18), (18, 17), (19, 17), (20, 17), (19, 17), (18, 17), (17, 17), (17, 16), (17, 15), (17, 14), (17, 13), (17, 12), (17, 11), (18, 11), (18, 10), (18, 9), (18, 8), (18, 7), (18, 6), (18, 5), (17, 5), (16, 5), (15, 5), (14, 5), (13, 5), (12, 5), (11, 5), (11, 4), (11, 3), (11, 2), (11, 1), (11, 0), (12, 0), (13, 0), (14, 0), (15, 0), (16, 0), (16, 1), (17, 1), (18, 1), (19, 1), (19, 0), (20, 0), (21, 0), (22, 0), (22, 1), (22, 2), (21, 2), (22, 2), (23, 2), (24, 2), (25, 2), (25, 3), (26, 3), (27, 3), (27, 2), (27, 1), (26, 1), (27, 1), (27, 2), (28, 2), (29, 2), (30, 2), (29, 2), (28, 2), (28, 3), (28, 4), (28, 5), (28, 6), (28, 7), (28, 8), (28, 9), (28, 10), (28, 11), (28, 12), (28, 13), (27, 13), (26, 13), (25, 13), (24, 13), (24, 14), (24, 15), (25, 15), (26, 15), (27, 15), (27, 16), (27, 17), (27, 18), (27, 19), (27, 18), (28, 18), (29, 18), (30, 18), (31, 18), (31, 19), (31, 20), (30, 20), (29, 20), (29, 21), (29, 22), (30, 22), (31, 22), (30, 22), (29, 22), (28, 22), (27, 22), (26, 22), (26, 21), (25, 21), (24, 21), (24, 22), (24, 21), (24, 21)], 3: [(15, 29), (15, 28), (16, 28), (17, 28), (18, 28), (19, 28), (19, 27), (19, 26), (19, 25), (19, 24), (19, 23), (19, 22), (19, 21), (19, 20), (20, 20), (20, 20)], 4: [(1, 0), (2, 0), (3, 0), (3, 1), (3, 2), (3, 3), (3, 2), (4, 2), (5, 2), (5, 3), (5, 4), (5, 5), (5, 6), (5, 7), (5, 8), (5, 9), (6, 9), (5, 9), (4, 9), (3, 9), (2, 9), (1, 9), (0, 9), (0, 9)]}, 115)