

CBSS-C STATS
starts:[340, 436, 423, 254, 39, 448, 69, 1005, 216, 693]
targets:[498, 137, 221, 432, 598, 338, 30, 874, 545, 237]
dests:[1000, 288, 969, 851, 5, 859, 857, 490, 20, 715]
ac_dict:{498: {0, 1}, 137: {1, 2}, 221: {2, 3}, 432: {3, 4}, 598: {4, 5}, 338: {5, 6}, 30: {6, 7}, 874: {8, 7}, 545: {8, 9}, 1000: {0}, 288: {1}, 969: {2}, 851: {3}, 5: {4}, 859: {5}, 857: {6}, 490: {7}, 20: {8}, 715: {9}}
clusters:[4 0 2 2 0 2 0 0 3 1]

round: 3
best_g_value: 262.0
open_list_size: 2
num_low_level_expanded: 1484
search_success: 1
search_time: 0.24671431118622422
n_tsp_call: 1
n_tsp_time: 0.18604073813185096
n_roots: 1
num_conflicts: 2
target_assignment: {498: 0, 237: 6, 338: 6, 598: 5, 545: 9}
cluster_target_selection: {4: 498, 1: 237, 2: 338, 0: 598, 3: 545}
num_nodes_transformed_graph: 48
agent_paths:({0: [(20, 10), (19, 10), (18, 10), (18, 11), (18, 12), (18, 13), (18, 14), (18, 15), (17, 15), (16, 15), (16, 16), (15, 16), (14, 16), (13, 16), (12, 16), (11, 16), (10, 16), (9, 16), (8, 16), (8, 17), (8, 18), (8, 19), (8, 20), (8, 21), (8, 22), (8, 23), (8, 24), (8, 25), (8, 26), (8, 27), (8, 28), (8, 29), (8, 30), (8, 31), (8, 31)], 1: [(20, 13), (19, 13), (18, 13), (17, 13), (16, 13), (15, 13), (14, 13), (13, 13), (12, 13), (12, 12), (12, 11), (11, 11), (10, 11), (9, 11), (9, 10), (8, 10), (7, 10), (6, 10), (5, 10), (4, 10), (3, 10), (2, 10), (1, 10), (0, 10), (0, 9), (0, 9)], 2: [(7, 13), (6, 13), (6, 14), (6, 15), (7, 15), (7, 16), (8, 16), (8, 17), (8, 18), (8, 19), (8, 20), (8, 21), (8, 22), (8, 23), (8, 24), (8, 25), (8, 26), (8, 27), (8, 28), (8, 29), (8, 30), (9, 30), (9, 30)], 3: [(30, 7), (29, 7), (28, 7), (27, 7), (26, 7), (25, 7), (25, 8), (24, 8), (23, 8), (22, 8), (21, 8), (20, 8), (20, 9), (19, 9), (19, 10), (19, 11), (19, 12), (19, 13), (19, 14), (19, 15), (19, 16), (19, 17), (19, 18), (19, 19), (19, 20), (19, 21), (19, 22), (19, 23), (19, 24), (19, 25), (19, 26), (19, 26)], 4: [(7, 1), (6, 1), (5, 1), (5, 0), (5, 0)], 5: [(0, 14), (1, 14), (2, 14), (3, 14), (3, 15), (4, 15), (5, 15), (6, 15), (7, 15), (7, 16), (8, 16), (9, 16), (10, 16), (11, 16), (11, 17), (12, 17), (13, 17), (14, 17), (15, 17), (16, 17), (17, 17), (18, 17), (19, 17), (20, 17), (21, 17), (22, 17), (22, 18), (23, 18), (24, 18), (25, 18), (26, 18), (27, 18), (27, 19), (27, 20), (27, 21), (27, 22), (27, 23), (27, 24), (27, 25), (27, 26), (27, 26)], 6: [(5, 2), (6, 2), (6, 3), (7, 3), (8, 3), (9, 3), (10, 3), (11, 3), (12, 3), (13, 3), (13, 4), (13, 5), (13, 6), (13, 7), (14, 7), (15, 7), (16, 7), (17, 7), (18, 7), (18, 8), (18, 9), (18, 10), (19, 10), (20, 10), (21, 10), (22, 10), (23, 10), (24, 10), (24, 11), (24, 12), (24, 13), (24, 14), (24, 15), (24, 16), (24, 17), (24, 18), (24, 19), (24, 20), (24, 21), (24, 22), (24, 23), (24, 24), (25, 24), (25, 25), (25, 26), (25, 26)], 7: [(13, 31), (12, 31), (11, 31), (10, 31), (10, 30), (10, 29), (10, 28), (10, 27), (10, 26), (10, 25), (10, 24), (10, 23), (10, 22), (10, 21), (10, 20), (10, 19), (10, 18), (10, 17), (10, 16), (10, 15), (10, 15)], 8: [(24, 6), (23, 6), (22, 6), (21, 6), (21, 5), (21, 4), (20, 4), (20, 3), (20, 2), (20, 1), (20, 0), (20, 0)], 9: [(21, 21), (20, 21), (19, 21), (18, 21), (17, 21), (16, 21), (15, 21), (14, 21), (13, 21), (12, 21), (11, 21), (10, 21), (9, 21), (8, 21), (7, 21), (6, 21), (5, 21), (5, 20), (5, 19), (4, 19), (4, 18), (3, 18), (2, 18), (2, 17), (1, 17), (2, 17), (3, 17), (4, 17), (5, 17), (6, 17), (7, 17), (8, 17), (9, 17), (10, 17), (11, 17), (11, 18), (11, 19), (11, 20), (11, 21), (11, 22), (11, 22)]}, 44)