

CBSS-C STATS
starts:[609, 934]
targets:[743, 855, 312, 3, 324, 373, 619, 814, 929, 666, 99, 912, 342, 851, 9, 378, 884, 287, 575, 138, 971, 76, 612, 670, 158, 984, 665, 162, 515, 635, 363, 473, 583, 755, 303, 822, 120, 479, 748, 19, 972, 962, 435, 963, 344, 594, 1010, 278, 736, 126, 1005, 647, 445, 316, 852, 812, 717, 951, 896, 866, 621, 208, 417, 41, 838, 883, 235, 240, 215, 225, 320, 266, 498, 552, 657, 825, 578, 403, 1018, 856, 1000, 449, 136, 769, 144, 414, 545, 173, 418, 370, 141, 66, 1007, 775, 574, 80, 260, 762, 877, 432]
dests:[394, 567]
ac_dict:{743: {0, 1}, 394: {0}, 567: {1}}
clusters:[31 20 23 32  1 15 22 14 18 18 25 34  5  0  2 37 28 18  8 27  4 12  0 13
  7 31 35 37  4 24 38 30 22  5  0 11  7  3  1 31 26 37  5 20 36 16 27 33
 30  1 19 19 11  7  8  6 22 20 21 34 18 34 17  3 25  9 27 27 19 32 20  3
 25 14  8 39 37 22 11 29 13 31 23 10 18 19 33 12 34 19 20  1  3  3 29 27
 27 17 39 33]

round: 1
best_g_value: 431.0
open_list_size: 0
num_low_level_expanded: 265
search_success: 1
search_time: 49.567950924996694
n_tsp_call: 1
n_tsp_time: 49.39635801700206
n_roots: 1
num_conflicts: 0
target_assignment: {769: 0, 896: 0, 736: 0, 578: 0, 545: 0, 449: 0, 418: 0, 417: 0, 225: 0, 66: 0, 41: 0, 9: 0, 76: 0, 235: 0, 363: 0, 1000: 1, 971: 1, 972: 1, 1005: 1, 877: 1, 812: 1, 814: 1, 851: 1, 883: 1, 884: 1, 852: 1, 822: 1, 855: 1, 856: 1, 665: 1, 666: 1, 635: 1, 316: 1, 312: 1, 344: 1, 342: 1, 373: 1, 403: 1, 498: 1, 594: 1}
cluster_target_selection: {10: 769, 21: 896, 30: 736, 37: 578, 33: 545, 31: 449, 34: 418, 17: 417, 32: 225, 1: 66, 3: 41, 2: 9, 12: 76, 27: 235, 38: 363, 13: 1000, 4: 971, 26: 972, 19: 1005, 39: 877, 6: 812, 14: 814, 0: 851, 9: 883, 28: 884, 8: 852, 11: 822, 20: 855, 29: 856, 35: 665, 18: 666, 24: 635, 7: 316, 23: 312, 36: 344, 5: 342, 15: 373, 22: 403, 25: 498, 16: 594}
num_nodes_transformed_graph: 204
agent_paths:({0: [(1, 19), (1, 20), (1, 21), (1, 22), (1, 23), (1, 24), (0, 24), (0, 25), (0, 26), (0, 27), (0, 28), (0, 27), (0, 26), (0, 25), (0, 24), (0, 23), (1, 23), (1, 22), (1, 21), (1, 20), (1, 19), (2, 19), (2, 18), (2, 17), (1, 17), (1, 16), (1, 15), (1, 14), (1, 13), (2, 13), (1, 13), (1, 12), (1, 11), (1, 10), (1, 9), (1, 8), (1, 7), (1, 6), (1, 5), (1, 4), (1, 3), (1, 2), (2, 2), (2, 1), (3, 1), (4, 1), (5, 1), (6, 1), (7, 1), (8, 1), (9, 1), (9, 0), (10, 0), (11, 0), (12, 0), (12, 1), (12, 2), (11, 2), (11, 3), (11, 4), (11, 5), (11, 6), (11, 7), (11, 8), (11, 9), (11, 10), (11, 11), (10, 11), (10, 12), (10, 12)], 1: [(6, 29), (7, 29), (8, 29), (8, 30), (8, 31), (8, 30), (9, 30), (10, 30), (11, 30), (12, 30), (13, 30), (13, 31), (13, 30), (13, 29), (13, 28), (13, 27), (12, 27), (12, 26), (12, 25), (13, 25), (14, 25), (15, 25), (16, 25), (17, 25), (18, 25), (19, 25), (19, 26), (19, 27), (20, 27), (20, 26), (20, 25), (21, 25), (22, 25), (23, 25), (23, 26), (24, 26), (24, 25), (24, 24), (24, 23), (24, 22), (24, 21), (24, 20), (25, 20), (26, 20), (27, 20), (27, 19), (27, 18), (27, 17), (27, 16), (27, 15), (27, 14), (27, 13), (28, 13), (28, 12), (28, 11), (28, 10), (28, 9), (27, 9), (27, 10), (26, 10), (25, 10), (24, 10), (24, 9), (24, 10), (23, 10), (22, 10), (21, 10), (21, 11), (21, 12), (20, 12), (19, 12), (18, 12), (18, 13), (18, 14), (18, 15), (17, 15), (17, 16), (17, 17), (18, 17), (18, 18), (18, 17), (19, 17), (20, 17), (21, 17), (22, 17), (23, 17), (23, 17)]}, 85)