

CBSS-C STATS
starts:[605, 438, 9, 531, 286]
targets:[122, 831, 470, 631, 616, 138, 463, 227, 689, 246, 355, 523, 70, 188, 909, 330, 589, 566, 190, 1016, 725, 584, 716, 609, 485, 968, 428, 51, 553, 437, 829, 229, 540, 932, 783, 364, 573, 166, 381, 331]
dests:[239, 962, 218, 335, 854]
ac_dict:{122: {0, 1}, 831: {1, 2}, 470: {2, 3}, 631: {3, 4}, 239: {0}, 962: {1}, 218: {2}, 335: {3}, 854: {4}}
clusters:[ 8  7 15  1 23  1  9 20 17 11 11  6  9 19  3  0  2 13  5 12  2 16 21  6
  3  0 10 24  8 14 12  4 13  7  5 14  4 22 10 18]

round: 4
best_g_value: 187.0
open_list_size: 3
num_low_level_expanded: 815
search_success: 1
search_time: 43.37576121099937
n_tsp_call: 30
n_tsp_time: 43.039716139997836
n_roots: 1
num_conflicts: 3
target_assignment: {190: 0, 188: 0, 122: 0, 51: 0, 470: 3, 463: 3, 138: 2, 166: 2, 227: 2, 229: 2, 330: 2, 331: 2, 364: 2, 246: 2, 566: 1, 689: 1, 589: 1, 523: 1, 584: 1, 616: 1, 716: 1, 909: 1, 932: 1, 381: 4, 829: 4}
cluster_target_selection: {5: 190, 19: 188, 8: 122, 24: 51, 15: 470, 9: 463, 1: 138, 22: 166, 20: 227, 4: 229, 0: 330, 18: 331, 14: 364, 11: 246, 13: 566, 17: 689, 2: 589, 6: 523, 16: 584, 23: 616, 21: 716, 3: 909, 7: 932, 10: 381, 12: 829}
num_nodes_transformed_graph: 97
agent_paths:({0: [(29, 18), (29, 17), (29, 16), (29, 15), (29, 14), (28, 14), (28, 13), (28, 12), (28, 11), (28, 10), (28, 9), (28, 8), (28, 7), (28, 6), (28, 5), (29, 5), (30, 5), (29, 5), (28, 5), (27, 5), (26, 5), (26, 4), (26, 3), (25, 3), (24, 3), (23, 3), (22, 3), (21, 3), (20, 3), (20, 2), (20, 1), (19, 1), (18, 1), (17, 1), (16, 1), (16, 2), (16, 3), (16, 4), (16, 5), (15, 5), (15, 6), (15, 7), (15, 7)], 1: [(22, 13), (22, 14), (22, 15), (22, 16), (22, 17), (21, 17), (20, 17), (19, 17), (18, 17), (18, 18), (18, 19), (17, 19), (17, 20), (17, 21), (16, 21), (15, 21), (14, 21), (13, 21), (13, 20), (13, 19), (13, 18), (12, 18), (11, 18), (11, 17), (11, 16), (10, 16), (9, 16), (8, 16), (8, 17), (8, 18), (8, 19), (9, 19), (10, 19), (11, 19), (12, 19), (12, 20), (12, 21), (12, 22), (13, 22), (13, 23), (13, 24), (13, 25), (13, 26), (13, 27), (13, 28), (12, 28), (11, 28), (10, 28), (9, 28), (8, 28), (7, 28), (6, 28), (5, 28), (4, 28), (4, 29), (3, 29), (2, 29), (2, 30), (2, 30)], 2: [(9, 0), (10, 0), (10, 1), (10, 2), (10, 3), (10, 4), (9, 4), (8, 4), (7, 4), (6, 4), (6, 5), (5, 5), (4, 5), (3, 5), (3, 6), (3, 7), (4, 7), (5, 7), (6, 7), (7, 7), (7, 8), (8, 8), (9, 8), (10, 8), (10, 9), (10, 10), (11, 10), (12, 10), (12, 11), (12, 10), (13, 10), (13, 9), (13, 8), (13, 7), (14, 7), (15, 7), (16, 7), (17, 7), (18, 7), (19, 7), (20, 7), (21, 7), (22, 7), (22, 6), (23, 6), (24, 6), (25, 6), (26, 6), (26, 6)], 3: [(19, 16), (19, 15), (19, 14), (20, 14), (21, 14), (22, 14), (21, 14), (20, 14), (19, 14), (18, 14), (17, 14), (16, 14), (15, 14), (15, 13), (15, 12), (15, 11), (15, 10), (15, 10)], 4: [(30, 8), (29, 8), (29, 9), (29, 10), (29, 11), (29, 12), (29, 13), (29, 14), (29, 15), (29, 16), (29, 17), (29, 18), (29, 19), (29, 20), (29, 21), (29, 22), (29, 23), (29, 24), (29, 25), (28, 25), (27, 25), (26, 25), (25, 25), (24, 25), (23, 25), (22, 25), (22, 26), (22, 26)]}, 57)