

CBSS-C STATS
starts:[705, 566]
targets:[133, 755, 276, 914, 627, 599, 837, 1000, 480, 1016, 641, 792, 516, 253, 1008, 203, 785, 998, 386, 626, 436, 926, 375, 597, 46, 942, 475, 879, 665, 546, 607, 977, 380, 661, 638, 972, 259, 482, 758, 571, 986, 131, 43, 931, 555, 1010, 874, 521, 172, 951, 816, 378, 928, 238, 448, 117, 809, 68, 525, 712, 891, 720, 557, 369, 328, 65, 765, 69, 805, 225, 207, 737, 130, 991, 985, 228, 527, 160, 299, 859, 326, 735, 798, 444, 915, 356, 514, 361, 678, 532, 858, 333, 73, 569, 418, 583, 883, 42, 948, 334]
dests:[965, 367]
ac_dict:{133: {0, 1}, 965: {0}, 367: {1}}
clusters:[24 14  4 38  5 19 20 35 33 25  8  2 13  2 26 11  6 27 32 25 21  9 16  0
  2 33 39 21 32  7 17 17 32 35 23  2  8 15  1 23 11 10 34 20 27 13 28 11
 15 19  8 29 25 25 22  5 14 13  2 23 10 10  7  7 31 18 33 11 36 37  2  0
 16  2 28 15 36  3 31  8 18 34 11 26  7 23  4 30 23  7 35 17 30 16  0 12
 29 23  6 10]

round: 1
best_g_value: 437.0
open_list_size: 0
num_low_level_expanded: 301
search_success: 1
search_time: 9.592971225996735
n_tsp_call: 1
n_tsp_time: 9.491958683996927
n_roots: 1
num_conflicts: 0
target_assignment: {737: 0, 837: 0, 805: 0, 809: 0, 874: 0, 879: 0, 883: 0, 948: 0, 915: 0, 914: 0, 977: 0, 1008: 0, 1000: 0, 998: 0, 599: 1, 571: 1, 475: 1, 735: 1, 798: 1, 926: 1, 891: 1, 859: 1, 792: 1, 758: 1, 627: 1, 626: 1, 583: 1, 516: 1, 514: 1, 482: 1, 480: 1, 448: 1, 386: 1, 225: 1, 160: 1, 130: 1, 133: 1, 326: 1, 328: 1, 361: 1}
cluster_target_selection: {0: 737, 20: 837, 36: 805, 14: 809, 28: 874, 21: 879, 29: 883, 6: 948, 7: 915, 38: 914, 17: 977, 26: 1008, 35: 1000, 27: 998, 19: 599, 23: 571, 39: 475, 34: 735, 11: 798, 9: 926, 10: 891, 8: 859, 2: 792, 1: 758, 5: 627, 25: 626, 12: 583, 13: 516, 4: 514, 15: 482, 33: 480, 22: 448, 32: 386, 37: 225, 3: 160, 16: 130, 24: 133, 18: 326, 31: 328, 30: 361}
num_nodes_transformed_graph: 104
agent_paths:({0: [(1, 22), (1, 23), (2, 23), (3, 23), (4, 23), (4, 24), (4, 25), (5, 25), (5, 26), (5, 25), (6, 25), (7, 25), (8, 25), (9, 25), (10, 25), (10, 26), (10, 27), (11, 27), (12, 27), (13, 27), (14, 27), (15, 27), (16, 27), (17, 27), (18, 27), (19, 27), (20, 27), (20, 28), (20, 29), (19, 29), (19, 28), (18, 28), (17, 28), (17, 29), (17, 30), (16, 30), (16, 31), (15, 31), (14, 31), (13, 31), (12, 31), (11, 31), (10, 31), (9, 31), (8, 31), (7, 31), (6, 31), (5, 31), (5, 30), (5, 30)], 1: [(22, 17), (23, 17), (23, 18), (23, 17), (24, 17), (25, 17), (26, 17), (27, 17), (27, 16), (27, 15), (27, 14), (28, 14), (29, 14), (29, 15), (29, 16), (29, 17), (29, 18), (29, 19), (29, 20), (29, 21), (29, 22), (30, 22), (31, 22), (30, 22), (30, 23), (30, 24), (30, 25), (30, 26), (30, 27), (30, 28), (29, 28), (28, 28), (27, 28), (27, 27), (27, 26), (26, 26), (25, 26), (24, 26), (24, 25), (24, 24), (23, 24), (22, 24), (22, 23), (21, 23), (21, 22), (20, 22), (19, 22), (19, 21), (19, 20), (19, 19), (18, 19), (17, 19), (16, 19), (15, 19), (14, 19), (13, 19), (12, 19), (11, 19), (10, 19), (9, 19), (8, 19), (7, 19), (7, 18), (7, 17), (6, 17), (5, 17), (4, 17), (4, 16), (3, 16), (2, 16), (2, 15), (1, 15), (0, 15), (0, 14), (1, 14), (1, 13), (1, 12), (2, 12), (1, 12), (1, 11), (1, 10), (1, 9), (1, 8), (1, 7), (1, 6), (1, 5), (0, 5), (1, 5), (1, 4), (2, 4), (3, 4), (4, 4), (5, 4), (5, 5), (5, 6), (5, 7), (5, 8), (5, 9), (6, 9), (6, 10), (7, 10), (8, 10), (9, 10), (9, 11), (10, 11), (11, 11), (12, 11), (12, 10), (13, 10), (14, 10), (15, 10), (15, 11), (15, 11)]}, 111)