

CBSS-C STATS
starts:[552, 534, 707, 835, 533]
targets:[369, 560, 706, 5, 906, 295, 470, 236, 28, 432, 986, 30, 1012, 137, 688, 605, 716, 695, 368, 274, 897, 953, 304, 24, 571, 477, 568, 632, 631, 1014, 932, 115, 513, 405, 229, 596, 922, 108, 113, 565, 735, 1006, 441, 620, 506, 112, 1016, 203, 412, 836]
dests:[670, 417, 546, 978, 993]
ac_dict:{369: {0, 1}, 560: {1, 2}, 706: {2, 3}, 5: {3, 4}, 670: {0}, 417: {1}, 546: {2}, 978: {3}, 993: {4}}
clusters:[ 1  0 15 13  1 24 16 23 27  2 26 14 10  8 13  3  7  9 17  4  8  5 12 21
 11  7 28 14  6 22 29  5 20 19 10 15  2 16 12 17 18  4 18 11  9  6  0 19
  3 25]

round: 1
best_g_value: 181.0
open_list_size: 0
num_low_level_expanded: 371
search_success: 1
search_time: 31.014084909999838
n_tsp_call: 1
n_tsp_time: 30.90480619400023
n_roots: 1
num_conflicts: 0
target_assignment: {620: 0, 716: 0, 688: 0, 695: 0, 565: 4, 568: 4, 632: 4, 922: 4, 986: 4, 1016: 4, 1014: 4, 1012: 4, 1006: 4, 932: 4, 897: 4, 706: 2, 513: 2, 470: 1, 441: 1, 412: 1, 28: 1, 24: 1, 115: 1, 113: 1, 112: 1, 236: 1, 203: 1, 295: 1, 836: 3, 906: 3}
cluster_target_selection: {11: 620, 7: 716, 13: 688, 9: 695, 17: 565, 28: 568, 14: 632, 2: 922, 26: 986, 0: 1016, 22: 1014, 10: 1012, 4: 1006, 29: 932, 8: 897, 15: 706, 20: 513, 16: 470, 18: 441, 3: 412, 27: 28, 21: 24, 5: 115, 12: 113, 6: 112, 23: 236, 19: 203, 24: 295, 25: 836, 1: 906}
num_nodes_transformed_graph: 248
agent_paths:({0: [(8, 17), (9, 17), (10, 17), (11, 17), (12, 17), (12, 18), (12, 19), (12, 20), (12, 21), (12, 22), (12, 21), (13, 21), (14, 21), (15, 21), (16, 21), (17, 21), (18, 21), (19, 21), (20, 21), (21, 21), (22, 21), (23, 21), (23, 20), (24, 20), (25, 20), (26, 20), (27, 20), (28, 20), (29, 20), (30, 20), (30, 20)], 1: [(22, 16), (22, 15), (22, 14), (22, 13), (23, 13), (24, 13), (25, 13), (26, 13), (27, 13), (28, 13), (28, 12), (28, 11), (28, 10), (28, 9), (28, 8), (28, 7), (28, 6), (28, 5), (28, 4), (28, 3), (28, 2), (28, 1), (28, 0), (27, 0), (27, 1), (27, 2), (27, 3), (26, 3), (25, 3), (24, 3), (24, 2), (24, 1), (24, 0), (23, 0), (22, 0), (21, 0), (20, 0), (20, 1), (20, 2), (20, 3), (19, 3), (18, 3), (17, 3), (16, 3), (16, 4), (16, 5), (15, 5), (14, 5), (13, 5), (12, 5), (12, 6), (12, 7), (11, 7), (11, 6), (10, 6), (9, 6), (8, 6), (7, 6), (7, 7), (7, 8), (7, 9), (6, 9), (5, 9), (4, 9), (3, 9), (2, 9), (1, 9), (1, 10), (1, 11), (1, 12), (1, 13), (1, 13)], 2: [(3, 22), (2, 22), (2, 21), (2, 20), (2, 19), (2, 18), (2, 17), (1, 17), (1, 16), (2, 16), (2, 17), (2, 17)], 3: [(3, 26), (4, 26), (5, 26), (6, 26), (7, 26), (8, 26), (9, 26), (10, 26), (10, 27), (10, 28), (11, 28), (12, 28), (13, 28), (14, 28), (15, 28), (16, 28), (17, 28), (18, 28), (18, 29), (18, 30), (18, 30)], 4: [(21, 16), (21, 17), (22, 17), (23, 17), (24, 17), (24, 18), (24, 19), (25, 19), (25, 20), (26, 20), (26, 21), (26, 22), (26, 23), (26, 24), (26, 25), (26, 26), (26, 27), (26, 28), (26, 29), (26, 30), (25, 30), (24, 30), (24, 31), (24, 30), (23, 30), (22, 30), (22, 31), (21, 31), (20, 31), (19, 31), (18, 31), (17, 31), (16, 31), (15, 31), (14, 31), (13, 31), (12, 31), (11, 31), (10, 31), (9, 31), (8, 31), (7, 31), (6, 31), (5, 31), (5, 30), (5, 29), (4, 29), (3, 29), (2, 29), (1, 29), (1, 28), (1, 29), (1, 30), (1, 31), (1, 31)]}, 70)