

CBSS-C STATS
starts:[436, 932, 875, 520, 653]
targets:[927, 12, 189, 426, 709, 492, 1004, 859, 985, 791, 408, 669, 920, 235, 838, 828, 1006, 230, 276, 137, 44, 1018, 805, 639, 775, 91, 730, 140, 283, 548, 606, 479, 953, 1000, 681, 77, 817, 5, 3, 29, 378, 121, 750, 21, 916, 978, 233, 938, 996, 998]
dests:[779, 519, 640, 308, 304]
ac_dict:{927: {0, 1}, 12: {1, 2}, 189: {2, 3}, 426: {3, 4}, 779: {0}, 519: {1}, 640: {2}, 308: {3}, 304: {4}}
clusters:[ 5  9 23 16 17 13 27 13 19 14 18  5 21  1 15 15 29  4 11 18  0  6  4 10
  6  3 19  7 17  2  3  2  9 28 26 12  7 24 25 16 20  0  8 14 10 22  1 11
  8 12]

round: 1
best_g_value: 201.0
open_list_size: 0
num_low_level_expanded: 408
search_success: 1
search_time: 35.140983213000254
n_tsp_call: 1
n_tsp_time: 35.02532188399982
n_roots: 1
num_conflicts: 0
target_assignment: {408: 0, 378: 0, 479: 0, 606: 0, 639: 0, 669: 0, 730: 0, 791: 0, 920: 0, 953: 0, 978: 0, 1006: 0, 1004: 0, 492: 4, 838: 2, 805: 2, 996: 1, 998: 1, 1000: 1, 775: 1, 681: 1, 426: 3, 233: 3, 5: 3, 3: 3, 44: 3, 140: 3, 189: 3, 283: 3, 276: 3}
cluster_target_selection: {18: 408, 20: 378, 2: 479, 3: 606, 10: 639, 5: 669, 19: 730, 14: 791, 21: 920, 9: 953, 22: 978, 29: 1006, 27: 1004, 13: 492, 15: 838, 4: 805, 8: 996, 12: 998, 28: 1000, 6: 775, 26: 681, 16: 426, 1: 233, 24: 5, 25: 3, 0: 44, 7: 140, 23: 189, 17: 283, 11: 276}
num_nodes_transformed_graph: 248
agent_paths:({0: [(20, 13), (20, 12), (21, 12), (22, 12), (23, 12), (24, 12), (24, 11), (25, 11), (26, 11), (27, 11), (28, 11), (29, 11), (29, 12), (29, 13), (29, 14), (30, 14), (31, 14), (30, 14), (30, 15), (30, 16), (30, 17), (30, 18), (31, 18), (31, 19), (30, 19), (29, 19), (29, 20), (28, 20), (27, 20), (26, 20), (26, 21), (26, 22), (26, 23), (26, 24), (25, 24), (24, 24), (23, 24), (24, 24), (24, 25), (24, 26), (24, 27), (24, 28), (25, 28), (25, 29), (24, 29), (23, 29), (23, 30), (22, 30), (21, 30), (20, 30), (19, 30), (18, 30), (17, 30), (16, 30), (16, 31), (15, 31), (14, 31), (13, 31), (12, 31), (11, 31), (11, 30), (11, 29), (11, 28), (11, 27), (11, 26), (11, 25), (11, 24), (11, 24)], 1: [(4, 29), (5, 29), (5, 30), (5, 31), (4, 31), (5, 31), (6, 31), (7, 31), (8, 31), (8, 30), (8, 29), (8, 28), (8, 27), (8, 26), (7, 26), (7, 25), (7, 24), (7, 23), (7, 22), (7, 21), (8, 21), (9, 21), (8, 21), (7, 21), (7, 20), (7, 19), (7, 18), (7, 17), (7, 16), (7, 16)], 2: [(11, 27), (10, 27), (9, 27), (8, 27), (8, 26), (7, 26), (6, 26), (5, 26), (5, 25), (4, 25), (3, 25), (2, 25), (1, 25), (1, 24), (1, 23), (1, 22), (1, 21), (0, 21), (0, 20), (0, 20)], 3: [(8, 16), (9, 16), (9, 15), (9, 14), (10, 14), (10, 13), (10, 12), (9, 12), (9, 11), (9, 10), (9, 9), (9, 8), (9, 7), (9, 6), (8, 6), (7, 6), (7, 5), (6, 5), (5, 5), (5, 4), (5, 3), (5, 2), (5, 1), (5, 0), (4, 0), (3, 0), (4, 0), (5, 0), (6, 0), (6, 1), (7, 1), (8, 1), (9, 1), (10, 1), (11, 1), (12, 1), (12, 2), (12, 3), (12, 4), (13, 4), (14, 4), (14, 5), (15, 5), (16, 5), (17, 5), (18, 5), (19, 5), (19, 4), (20, 4), (21, 4), (22, 4), (23, 4), (23, 5), (24, 5), (25, 5), (26, 5), (27, 5), (28, 5), (29, 5), (28, 5), (27, 5), (27, 6), (27, 7), (27, 8), (27, 7), (26, 7), (25, 7), (25, 8), (24, 8), (23, 8), (22, 8), (21, 8), (20, 8), (20, 9), (20, 9)], 4: [(13, 20), (12, 20), (12, 19), (12, 18), (12, 17), (12, 16), (12, 15), (12, 14), (12, 13), (12, 12), (12, 11), (12, 10), (13, 10), (13, 9), (14, 9), (15, 9), (16, 9), (16, 9)]}, 73)