

CBSS-C STATS
starts:[919, 599, 607, 155, 49, 678, 984, 166, 347, 209]
targets:[959, 1000, 493, 792, 916]
dests:[288, 615, 550, 394, 807, 742, 906, 430, 354, 844]
ac_dict:{959: {0, 1}, 1000: {1, 2}, 493: {2, 3}, 792: {3, 4}, 916: {4, 5}, 288: {0}, 615: {1}, 550: {2}, 394: {3}, 807: {4}, 742: {5}, 906: {6}, 430: {7}, 354: {8}, 844: {9}}
clusters:[0 1 0 1 1]

round: 3
best_g_value: 247.0
open_list_size: 2
num_low_level_expanded: 1657
search_success: 1
search_time: 0.14453102787956595
n_tsp_call: 1
n_tsp_time: 0.07492555398494005
n_roots: 1
num_conflicts: 2
target_assignment: {493: 2, 916: 4}
cluster_target_selection: {0: 493, 1: 916}
num_nodes_transformed_graph: 25
agent_paths:({0: [(23, 28), (23, 27), (22, 27), (21, 27), (20, 27), (19, 27), (18, 27), (17, 27), (16, 27), (15, 27), (14, 27), (13, 27), (12, 27), (11, 27), (10, 27), (9, 27), (8, 27), (8, 26), (7, 26), (6, 26), (5, 26), (4, 26), (3, 26), (2, 26), (2, 25), (2, 24), (2, 23), (2, 22), (2, 21), (2, 20), (2, 19), (2, 18), (2, 17), (1, 17), (1, 16), (1, 15), (1, 14), (1, 13), (1, 12), (1, 11), (0, 11), (0, 10), (0, 9), (0, 9)], 1: [(23, 18), (22, 18), (21, 18), (20, 18), (19, 18), (18, 18), (18, 19), (17, 19), (16, 19), (15, 19), (14, 19), (13, 19), (12, 19), (11, 19), (10, 19), (9, 19), (8, 19), (7, 19), (7, 19)], 2: [(31, 18), (30, 18), (29, 18), (28, 18), (27, 18), (26, 18), (25, 18), (24, 18), (23, 18), (22, 18), (21, 18), (20, 18), (19, 18), (18, 18), (18, 17), (17, 17), (16, 17), (15, 17), (14, 17), (13, 17), (13, 16), (13, 15), (12, 15), (11, 15), (10, 15), (9, 15), (9, 16), (8, 16), (7, 16), (6, 16), (6, 17), (6, 17)], 3: [(27, 4), (26, 4), (25, 4), (25, 5), (24, 5), (23, 5), (23, 6), (22, 6), (21, 6), (20, 6), (19, 6), (18, 6), (17, 6), (16, 6), (15, 6), (14, 6), (13, 6), (12, 6), (11, 6), (10, 6), (10, 7), (10, 8), (10, 9), (10, 10), (10, 11), (10, 12), (10, 12)], 4: [(17, 1), (17, 2), (17, 3), (18, 3), (18, 4), (18, 5), (18, 6), (18, 7), (18, 8), (18, 9), (19, 9), (19, 10), (19, 11), (19, 12), (19, 13), (19, 14), (19, 15), (19, 16), (19, 17), (19, 18), (19, 19), (19, 20), (19, 21), (19, 22), (19, 23), (19, 24), (20, 24), (20, 25), (20, 26), (20, 27), (20, 28), (19, 28), (18, 28), (17, 28), (16, 28), (15, 28), (14, 28), (13, 28), (12, 28), (11, 28), (11, 27), (10, 27), (9, 27), (8, 27), (8, 26), (7, 26), (7, 25), (7, 25)], 5: [(6, 21), (6, 22), (6, 23), (6, 23)], 6: [(24, 30), (23, 30), (22, 30), (21, 30), (20, 30), (19, 30), (18, 30), (17, 30), (16, 30), (16, 29), (15, 29), (14, 29), (13, 29), (12, 29), (11, 29), (10, 29), (10, 28), (10, 28)], 7: [(6, 5), (7, 5), (8, 5), (8, 6), (9, 6), (10, 6), (11, 6), (11, 7), (11, 8), (11, 9), (11, 10), (12, 10), (12, 11), (12, 12), (12, 13), (13, 13), (14, 13), (14, 13)], 8: [(27, 10), (26, 10), (25, 10), (24, 10), (23, 10), (22, 10), (21, 10), (20, 10), (19, 10), (18, 10), (18, 11), (17, 11), (16, 11), (15, 11), (14, 11), (14, 10), (13, 10), (12, 10), (11, 10), (10, 10), (9, 10), (8, 10), (7, 10), (6, 10), (5, 10), (4, 10), (3, 10), (2, 10), (2, 11), (2, 11)], 9: [(17, 6), (16, 6), (15, 6), (14, 6), (13, 6), (13, 7), (13, 8), (13, 9), (13, 10), (12, 10), (12, 11), (12, 12), (12, 13), (12, 14), (12, 15), (12, 16), (12, 17), (12, 18), (12, 19), (12, 20), (12, 21), (12, 22), (12, 23), (12, 24), (12, 25), (12, 26), (12, 26)]}, 46)