

CBSS-C STATS
starts:[738, 689, 993, 877, 783]
targets:[800, 20, 343, 906, 50, 977, 39, 473, 491, 285, 413, 263, 610, 381, 595, 692, 601, 711, 129, 506]
dests:[482, 930, 694, 878, 885]
ac_dict:{800: {0, 1}, 20: {1, 2}, 343: {2, 3}, 906: {3, 4}, 482: {0}, 930: {1}, 694: {2}, 878: {3}, 885: {4}}
clusters:[9 5 1 0 4 5 8 7 0 2 9 4 1 3 9 1 8 6 5 1]

round: 1
best_g_value: 128.0
open_list_size: 0
num_low_level_expanded: 441
search_success: 1
search_time: 0.6096242028288543
n_tsp_call: 1
n_tsp_time: 0.5865120920352638
n_roots: 1
num_conflicts: 0
target_assignment: {610: 0, 491: 2, 50: 2, 20: 2, 285: 2, 381: 2, 413: 2, 473: 2, 601: 2, 711: 1}
cluster_target_selection: {1: 610, 0: 491, 4: 50, 5: 20, 2: 285, 3: 381, 9: 413, 7: 473, 8: 601, 6: 711}
num_nodes_transformed_graph: 54
agent_paths:({0: [(2, 23), (2, 22), (2, 21), (2, 20), (2, 19), (2, 18), (2, 17), (2, 16), (2, 15), (2, 15)], 1: [(17, 21), (16, 21), (15, 21), (14, 21), (13, 21), (12, 21), (11, 21), (10, 21), (9, 21), (8, 21), (7, 21), (7, 22), (6, 22), (5, 22), (4, 22), (3, 22), (2, 22), (2, 23), (2, 24), (2, 25), (2, 26), (2, 27), (2, 28), (2, 29), (2, 29)], 2: [(1, 31), (1, 30), (1, 29), (1, 28), (1, 27), (2, 27), (2, 26), (2, 25), (2, 24), (2, 23), (2, 22), (2, 21), (2, 20), (2, 19), (2, 18), (2, 17), (2, 16), (3, 16), (4, 16), (5, 16), (6, 16), (7, 16), (8, 16), (9, 16), (9, 15), (10, 15), (11, 15), (11, 14), (12, 14), (12, 13), (12, 12), (12, 11), (12, 10), (13, 10), (13, 9), (13, 8), (13, 7), (13, 6), (13, 5), (13, 4), (13, 3), (13, 2), (13, 1), (14, 1), (15, 1), (16, 1), (17, 1), (18, 1), (19, 1), (19, 0), (20, 0), (21, 0), (22, 0), (23, 0), (24, 0), (24, 1), (24, 2), (25, 2), (25, 3), (26, 3), (27, 3), (28, 3), (28, 4), (29, 4), (29, 5), (29, 6), (29, 7), (29, 8), (29, 9), (29, 10), (29, 11), (29, 12), (28, 12), (28, 13), (27, 13), (26, 13), (25, 13), (25, 14), (25, 15), (25, 16), (25, 17), (25, 18), (24, 18), (23, 18), (22, 18), (22, 19), (22, 20), (22, 21), (22, 21)], 3: [(13, 27), (14, 27), (14, 27)], 4: [(15, 24), (16, 24), (17, 24), (18, 24), (19, 24), (20, 24), (20, 25), (20, 26), (20, 27), (21, 27), (21, 27)]}, 87)