

CBSS-C STATS
starts:[1006, 146, 358, 791, 307]
targets:[970, 179, 935, 93, 393, 227, 906, 560, 148, 207, 243, 982, 799, 502, 635, 827, 951, 264, 959, 518, 973, 480, 380, 840, 352, 445, 710, 653, 251, 326, 600, 642, 700, 453, 117, 105, 430, 223, 77, 677, 993, 775, 467, 386, 847, 492, 24, 765, 263, 510]
dests:[336, 613, 638, 212, 586]
ac_dict:{970: {0, 1}, 179: {1, 2}, 935: {2, 3}, 93: {3, 4}, 336: {0}, 613: {1}, 638: {2}, 212: {3}, 586: {4}}
clusters:[16  3  8  3 19 11  0  6 15  4  7  9  1 15 14 13 27  6 10  2  5  2  5  1
 22 25 12 21 29  8  7 24 18 17  9 10 26 13 12 19 16 11 20 14 23 17  4  0
 28 18]

round: 1
best_g_value: 198.0
open_list_size: 0
num_low_level_expanded: 375
search_success: 1
search_time: 4.700781649000419
n_tsp_call: 1
n_tsp_time: 4.6410349140005565
n_roots: 1
num_conflicts: 0
target_assignment: {970: 0, 973: 0, 847: 0, 653: 0, 560: 0, 326: 2, 393: 2, 467: 2, 502: 2, 510: 2, 179: 1, 243: 1, 207: 1, 77: 1, 105: 1, 263: 1, 227: 1, 352: 1, 386: 1, 480: 1, 642: 1, 951: 3, 982: 3, 827: 3, 799: 3, 765: 3, 445: 3, 251: 3, 430: 4, 492: 4}
cluster_target_selection: {16: 970, 5: 973, 23: 847, 21: 653, 6: 560, 8: 326, 19: 393, 20: 467, 15: 502, 18: 510, 3: 179, 7: 243, 4: 207, 12: 77, 10: 105, 28: 263, 11: 227, 22: 352, 14: 386, 2: 480, 24: 642, 27: 951, 9: 982, 13: 827, 1: 799, 0: 765, 25: 445, 29: 251, 26: 430, 17: 492}
num_nodes_transformed_graph: 126
agent_paths:({0: [(14, 31), (13, 31), (12, 31), (11, 31), (10, 31), (10, 30), (11, 30), (12, 30), (13, 30), (13, 29), (13, 28), (13, 27), (14, 27), (15, 27), (15, 26), (15, 25), (14, 25), (13, 25), (13, 24), (13, 23), (13, 22), (13, 21), (13, 20), (13, 19), (13, 18), (13, 17), (14, 17), (15, 17), (16, 17), (16, 16), (16, 15), (16, 14), (16, 13), (16, 12), (16, 11), (16, 10), (16, 10)], 1: [(18, 4), (19, 4), (19, 5), (19, 6), (19, 7), (18, 7), (17, 7), (16, 7), (15, 7), (15, 6), (14, 6), (13, 6), (13, 5), (13, 4), (13, 3), (13, 2), (12, 2), (11, 2), (10, 2), (9, 2), (9, 3), (8, 3), (7, 3), (7, 4), (7, 5), (7, 6), (7, 7), (7, 8), (7, 7), (6, 7), (5, 7), (4, 7), (3, 7), (2, 7), (1, 7), (0, 7), (0, 8), (0, 9), (0, 10), (0, 11), (1, 11), (2, 11), (2, 12), (1, 12), (1, 13), (1, 14), (0, 14), (0, 15), (1, 15), (2, 15), (2, 16), (2, 17), (2, 18), (2, 19), (2, 20), (2, 19), (2, 18), (3, 18), (4, 18), (5, 18), (5, 19), (5, 19)], 2: [(6, 11), (6, 10), (7, 10), (8, 10), (9, 10), (9, 11), (9, 12), (10, 12), (10, 13), (10, 14), (11, 14), (12, 14), (13, 14), (14, 14), (15, 14), (16, 14), (17, 14), (18, 14), (19, 14), (20, 14), (21, 14), (22, 14), (22, 15), (23, 15), (24, 15), (25, 15), (26, 15), (27, 15), (28, 15), (29, 15), (30, 15), (30, 16), (30, 17), (30, 18), (30, 19), (30, 19)], 3: [(23, 24), (23, 25), (23, 26), (23, 27), (23, 28), (23, 29), (23, 30), (22, 30), (23, 30), (23, 29), (23, 28), (23, 27), (23, 26), (23, 25), (24, 25), (25, 25), (26, 25), (27, 25), (27, 24), (28, 24), (29, 24), (30, 24), (31, 24), (30, 24), (29, 24), (29, 23), (29, 22), (29, 21), (29, 20), (29, 19), (29, 18), (29, 17), (29, 16), (29, 15), (29, 14), (29, 13), (28, 13), (28, 12), (28, 11), (27, 11), (27, 10), (27, 9), (27, 8), (27, 7), (26, 7), (25, 7), (25, 6), (24, 6), (23, 6), (22, 6), (21, 6), (20, 6), (20, 6)], 4: [(19, 9), (18, 9), (17, 9), (16, 9), (15, 9), (14, 9), (14, 10), (14, 11), (14, 12), (14, 13), (13, 13), (12, 13), (12, 14), (12, 15), (11, 15), (10, 15), (10, 16), (10, 17), (10, 18), (10, 18)]}, 60)