

CBSS-C STATS
starts:[447, 142, 1010, 345, 990]
targets:[589, 69, 37, 227, 333, 652, 770, 792, 135, 322]
dests:[999, 571, 765, 849, 876]
ac_dict:{589: {0, 1}, 69: {1, 2}, 37: {2, 3}, 227: {3, 4}, 999: {0}, 571: {1}, 765: {2}, 849: {3}, 876: {4}}
clusters:[2 0 0 3 1 4 1 3 1 2]

round: 1
best_g_value: 154.0
open_list_size: 0
num_low_level_expanded: 695
search_success: 1
search_time: 0.10738188307732344
n_tsp_call: 1
n_tsp_time: 0.08328465698286891
n_roots: 1
num_conflicts: 0
target_assignment: {589: 0, 652: 0, 69: 1, 135: 1, 792: 2}
cluster_target_selection: {2: 589, 4: 652, 0: 69, 1: 135, 3: 792}
num_nodes_transformed_graph: 29
agent_paths:({0: [(31, 13), (31, 14), (30, 14), (29, 14), (28, 14), (27, 14), (26, 14), (25, 14), (24, 14), (23, 14), (22, 14), (21, 14), (20, 14), (19, 14), (18, 14), (17, 14), (16, 14), (15, 14), (14, 14), (13, 14), (13, 15), (13, 16), (13, 17), (13, 18), (12, 18), (12, 19), (12, 20), (11, 20), (10, 20), (9, 20), (8, 20), (8, 21), (8, 22), (8, 23), (8, 24), (8, 25), (8, 26), (8, 27), (8, 28), (7, 28), (7, 29), (7, 30), (7, 31), (7, 31)], 1: [(14, 4), (13, 4), (12, 4), (11, 4), (10, 4), (9, 4), (8, 4), (7, 4), (6, 4), (5, 4), (5, 3), (5, 2), (6, 2), (6, 3), (7, 3), (7, 4), (8, 4), (9, 4), (10, 4), (11, 4), (12, 4), (13, 4), (14, 4), (14, 5), (15, 5), (16, 5), (17, 5), (18, 5), (19, 5), (19, 6), (20, 6), (21, 6), (22, 6), (23, 6), (24, 6), (25, 6), (25, 7), (25, 8), (25, 9), (25, 10), (26, 10), (26, 11), (26, 12), (26, 13), (27, 13), (27, 14), (27, 15), (27, 16), (27, 17), (27, 17)], 2: [(18, 31), (18, 30), (18, 29), (18, 28), (18, 27), (18, 26), (18, 25), (19, 25), (20, 25), (21, 25), (22, 25), (22, 24), (23, 24), (24, 24), (25, 24), (26, 24), (27, 24), (28, 24), (29, 24), (29, 23), (29, 23)], 3: [(25, 10), (24, 10), (23, 10), (22, 10), (21, 10), (20, 10), (19, 10), (19, 11), (19, 12), (19, 13), (19, 14), (19, 15), (19, 16), (19, 17), (18, 17), (18, 18), (18, 19), (17, 19), (17, 20), (17, 21), (17, 22), (17, 23), (17, 24), (17, 25), (17, 26), (17, 26)], 4: [(30, 30), (29, 30), (28, 30), (27, 30), (26, 30), (25, 30), (24, 30), (23, 30), (22, 30), (21, 30), (20, 30), (19, 30), (18, 30), (17, 30), (16, 30), (16, 29), (15, 29), (14, 29), (13, 29), (12, 29), (12, 28), (12, 27), (12, 27)]}, 48)