

CBSS-C STATS
starts:[303, 269, 741, 807, 339]
targets:[97, 944, 279, 92, 628, 643, 835, 946, 815, 238]
dests:[355, 126, 412, 419, 883]
ac_dict:{97: {0, 1}, 944: {1, 2}, 279: {2, 3}, 92: {3, 4}, 355: {0}, 126: {1}, 412: {2}, 419: {3}, 883: {4}}
clusters:[0 1 0 1 1 0 0 1 1 1]

round: 1
best_g_value: 105.0
open_list_size: 0
num_low_level_expanded: 305
search_success: 1
search_time: 0.10815999796614051
n_tsp_call: 1
n_tsp_time: 0.09148488705977798
n_roots: 1
num_conflicts: 0
target_assignment: {643: 3, 628: 2}
cluster_target_selection: {0: 643, 1: 628}
num_nodes_transformed_graph: 48
agent_paths:({0: [(15, 9), (14, 9), (13, 9), (13, 10), (12, 10), (11, 10), (10, 10), (9, 10), (8, 10), (7, 10), (6, 10), (5, 10), (4, 10), (3, 10), (3, 11), (3, 11)], 1: [(13, 8), (13, 7), (13, 6), (14, 6), (15, 6), (16, 6), (17, 6), (18, 6), (19, 6), (20, 6), (21, 6), (22, 6), (23, 6), (23, 5), (24, 5), (25, 5), (25, 4), (26, 4), (27, 4), (28, 4), (29, 4), (30, 4), (30, 3), (30, 3)], 2: [(5, 23), (5, 22), (5, 21), (5, 20), (5, 19), (6, 19), (7, 19), (8, 19), (9, 19), (10, 19), (11, 19), (12, 19), (13, 19), (14, 19), (15, 19), (16, 19), (17, 19), (18, 19), (19, 19), (20, 19), (20, 18), (20, 17), (20, 16), (21, 16), (21, 15), (21, 14), (21, 13), (22, 13), (23, 13), (24, 13), (25, 13), (26, 13), (27, 13), (28, 13), (28, 12), (28, 12)], 3: [(7, 25), (6, 25), (5, 25), (4, 25), (3, 25), (3, 24), (3, 23), (3, 22), (3, 21), (3, 20), (2, 20), (2, 19), (2, 18), (2, 17), (2, 16), (2, 15), (2, 14), (2, 13), (3, 13), (3, 13)], 4: [(19, 10), (19, 11), (19, 12), (19, 13), (19, 14), (19, 15), (19, 16), (19, 17), (19, 18), (19, 19), (19, 20), (19, 21), (19, 22), (19, 23), (19, 24), (19, 25), (19, 26), (19, 27), (19, 27)]}, 34)