

CBSS-C STATS
starts:[264, 240, 742, 797, 689]
targets:[185, 595, 401, 328, 618, 27, 743, 203, 244, 105, 748, 405, 438, 750, 186, 941, 36, 970, 200, 84, 116, 1008, 877, 850, 760, 366, 962, 553, 794, 48, 114, 477, 496, 659, 802, 392, 481, 736, 821, 6, 536, 73, 1017, 0, 605, 916, 682, 999, 728, 440]
dests:[741, 479, 22, 118, 930]
ac_dict:{185: {0, 1}, 595: {1, 2}, 401: {2, 3}, 328: {3, 4}, 741: {0}, 479: {1}, 22: {2}, 118: {3}, 930: {4}}
clusters:[ 6  2 12  3 15 17 29 13 11  4 18  3  7 26  0 12 14 13 20 17 18 25 14 27
  6  1 28 16 19 19  9 15 24  1 11  5  2 21  0 22 10  7  5  9 16  8 23 10
  8  4]

round: 1
best_g_value: 194.0
open_list_size: 0
num_low_level_expanded: 391
search_success: 1
search_time: 4.864819301000352
n_tsp_call: 1
n_tsp_time: 4.804520274999959
n_roots: 1
num_conflicts: 0
target_assignment: {392: 0, 481: 0, 736: 0, 743: 2, 682: 2, 618: 2, 553: 2, 496: 2, 366: 2, 203: 2, 200: 2, 6: 2, 48: 2, 114: 2, 116: 2, 84: 2, 244: 1, 405: 1, 438: 1, 440: 1, 750: 4, 850: 4, 1008: 4, 941: 4, 877: 4, 962: 4, 760: 3, 728: 3, 536: 3, 186: 3}
cluster_target_selection: {5: 392, 2: 481, 21: 736, 29: 743, 23: 682, 15: 618, 16: 553, 24: 496, 1: 366, 13: 203, 20: 200, 22: 6, 19: 48, 9: 114, 18: 116, 17: 84, 11: 244, 3: 405, 7: 438, 4: 440, 26: 750, 27: 850, 25: 1008, 12: 941, 14: 877, 28: 962, 6: 760, 8: 728, 10: 536, 0: 186}
num_nodes_transformed_graph: 127
agent_paths:({0: [(8, 8), (9, 8), (9, 9), (9, 10), (9, 11), (9, 12), (8, 12), (8, 13), (7, 13), (6, 13), (5, 13), (4, 13), (3, 13), (2, 13), (1, 13), (1, 14), (1, 15), (1, 16), (1, 17), (2, 17), (2, 18), (2, 19), (1, 19), (1, 20), (1, 21), (1, 22), (1, 23), (0, 23), (1, 23), (2, 23), (3, 23), (4, 23), (5, 23), (5, 23)], 1: [(16, 7), (17, 7), (18, 7), (19, 7), (20, 7), (21, 7), (21, 8), (21, 9), (21, 10), (21, 11), (21, 12), (22, 12), (22, 13), (23, 13), (24, 13), (25, 13), (26, 13), (27, 13), (28, 13), (29, 13), (29, 14), (30, 14), (31, 14), (31, 14)], 2: [(6, 23), (7, 23), (7, 22), (7, 21), (8, 21), (9, 21), (10, 21), (10, 20), (10, 19), (9, 19), (9, 18), (9, 17), (9, 16), (10, 16), (11, 16), (12, 16), (13, 16), (14, 16), (15, 16), (16, 16), (16, 15), (16, 14), (15, 14), (14, 14), (14, 13), (14, 12), (14, 11), (14, 10), (13, 10), (12, 10), (11, 10), (11, 9), (11, 8), (11, 7), (11, 6), (10, 6), (9, 6), (8, 6), (7, 6), (7, 5), (6, 5), (6, 4), (6, 3), (6, 2), (6, 1), (6, 0), (6, 1), (7, 1), (8, 1), (9, 1), (10, 1), (11, 1), (12, 1), (13, 1), (14, 1), (15, 1), (16, 1), (17, 1), (17, 2), (17, 3), (18, 3), (19, 3), (20, 3), (20, 2), (20, 1), (20, 0), (21, 0), (22, 0), (22, 0)], 3: [(29, 24), (28, 24), (27, 24), (26, 24), (25, 24), (24, 24), (24, 23), (24, 22), (24, 21), (24, 20), (24, 19), (24, 18), (24, 17), (24, 16), (24, 15), (24, 14), (24, 13), (24, 12), (24, 11), (24, 10), (24, 9), (24, 8), (25, 8), (25, 7), (25, 6), (25, 5), (26, 5), (25, 5), (24, 5), (23, 5), (23, 4), (22, 4), (22, 3), (22, 3)], 4: [(17, 21), (16, 21), (15, 21), (15, 22), (15, 23), (14, 23), (15, 23), (16, 23), (17, 23), (18, 23), (18, 24), (18, 25), (18, 26), (17, 26), (16, 26), (16, 27), (16, 28), (16, 29), (16, 30), (16, 31), (15, 31), (14, 31), (13, 31), (13, 30), (13, 29), (13, 28), (13, 27), (12, 27), (11, 27), (10, 27), (9, 27), (8, 27), (8, 28), (7, 28), (6, 28), (5, 28), (4, 28), (4, 29), (3, 29), (2, 29), (2, 30), (2, 29), (2, 29)]}, 67)