

CBSS-C STATS
starts:[190, 939, 864, 1019, 852]
targets:[244, 547, 654, 786, 810, 344, 712, 122, 127, 705, 687, 953, 377, 413, 49, 9, 8, 279, 754, 713]
dests:[123, 872, 787, 462, 1]
ac_dict:{244: {0, 1}, 547: {1, 2}, 654: {2, 3}, 786: {3, 4}, 123: {0}, 872: {1}, 787: {2}, 462: {3}, 1: {4}}
clusters:[9 3 7 0 3 2 2 3 9 4 9 0 1 3 0 6 8 1 5 6]

round: 1
best_g_value: 123.0
open_list_size: 0
num_low_level_expanded: 328
search_success: 1
search_time: 0.5292505943216383
n_tsp_call: 1
n_tsp_time: 0.5082719987258315
n_roots: 1
num_conflicts: 0
target_assignment: {122: 0, 344: 4, 279: 4, 9: 4, 8: 4, 705: 2, 786: 3, 754: 3, 687: 3, 654: 3}
cluster_target_selection: {3: 122, 2: 344, 1: 279, 6: 9, 8: 8, 4: 705, 0: 786, 5: 754, 9: 687, 7: 654}
num_nodes_transformed_graph: 53
agent_paths:({0: [(30, 5), (29, 5), (28, 5), (27, 5), (26, 5), (26, 4), (26, 3), (27, 3), (27, 3)], 1: [(11, 29), (10, 29), (10, 28), (9, 28), (8, 28), (8, 27), (8, 27)], 2: [(0, 27), (0, 26), (0, 25), (0, 24), (0, 23), (1, 23), (1, 22), (2, 22), (3, 22), (4, 22), (5, 22), (6, 22), (7, 22), (8, 22), (9, 22), (10, 22), (11, 22), (12, 22), (13, 22), (13, 23), (14, 23), (15, 23), (16, 23), (17, 23), (18, 23), (19, 23), (19, 24), (19, 24)], 3: [(27, 31), (26, 31), (25, 31), (24, 31), (24, 30), (23, 30), (22, 30), (21, 30), (20, 30), (19, 30), (18, 30), (18, 29), (18, 28), (18, 27), (18, 26), (18, 25), (18, 24), (18, 23), (17, 23), (16, 23), (15, 23), (15, 22), (15, 21), (14, 21), (14, 20), (14, 19), (14, 18), (14, 17), (14, 16), (14, 15), (14, 14), (14, 14)], 4: [(20, 26), (20, 25), (21, 25), (22, 25), (22, 24), (23, 24), (24, 24), (24, 23), (24, 22), (24, 21), (24, 20), (24, 19), (24, 18), (24, 17), (24, 16), (24, 15), (24, 14), (24, 13), (24, 12), (24, 11), (24, 10), (23, 10), (23, 9), (23, 8), (22, 8), (21, 8), (20, 8), (20, 7), (19, 7), (18, 7), (17, 7), (16, 7), (15, 7), (14, 7), (13, 7), (12, 7), (11, 7), (10, 7), (10, 6), (10, 5), (10, 4), (9, 4), (9, 3), (9, 2), (9, 1), (9, 0), (8, 0), (8, 1), (7, 1), (6, 1), (5, 1), (4, 1), (3, 1), (2, 1), (1, 1), (1, 0), (1, 0)]}, 55)