

CBSS-C STATS
starts:[1020, 223, 184, 357, 68, 40, 930, 514, 256, 719]
targets:[251, 682, 664, 936, 736, 672, 173, 137, 985, 955, 352, 273, 714, 119, 968]
dests:[201, 485, 422, 694, 595, 118, 103, 907, 424, 177]
ac_dict:{251: {0, 1}, 682: {1, 2}, 664: {2, 3}, 936: {3, 4}, 736: {4, 5}, 672: {5, 6}, 173: {6, 7}, 137: {8, 7}, 985: {8, 9}, 201: {0}, 485: {1}, 422: {2}, 694: {3}, 595: {4}, 118: {5}, 103: {6}, 907: {7}, 424: {8}, 177: {9}}
clusters:[9 2 7 6 6 4 8 7 6 6 1 0 3 5 0]

round: 2
best_g_value: 297.0
open_list_size: 1
num_low_level_expanded: 1657
search_success: 1
search_time: 0.3768003098666668
n_tsp_call: 1
n_tsp_time: 0.32355443201959133
n_roots: 1
num_conflicts: 1
target_assignment: {955: 0, 714: 0, 352: 8, 251: 1, 682: 1, 119: 5, 273: 9, 664: 3, 672: 6, 173: 6}
cluster_target_selection: {6: 955, 3: 714, 1: 352, 9: 251, 2: 682, 5: 119, 0: 273, 7: 664, 4: 672, 8: 173}
num_nodes_transformed_graph: 57
agent_paths:({0: [(28, 31), (27, 31), (27, 30), (27, 29), (26, 29), (25, 29), (24, 29), (23, 29), (23, 28), (23, 27), (22, 27), (21, 27), (20, 27), (19, 27), (18, 27), (17, 27), (16, 27), (15, 27), (14, 27), (13, 27), (12, 27), (11, 27), (10, 27), (10, 26), (10, 25), (10, 24), (10, 23), (10, 22), (10, 21), (10, 20), (10, 19), (10, 18), (10, 17), (10, 16), (10, 15), (10, 14), (10, 13), (10, 12), (9, 12), (9, 11), (9, 10), (9, 9), (9, 8), (9, 7), (9, 6), (9, 6)], 1: [(31, 6), (30, 6), (29, 6), (28, 6), (27, 6), (27, 7), (26, 7), (25, 7), (25, 8), (24, 8), (23, 8), (22, 8), (21, 8), (20, 8), (20, 9), (19, 9), (18, 9), (17, 9), (16, 9), (15, 9), (14, 9), (13, 9), (13, 10), (12, 10), (12, 11), (12, 12), (12, 13), (12, 14), (11, 14), (11, 15), (11, 16), (11, 17), (11, 18), (10, 18), (10, 19), (10, 20), (10, 21), (9, 21), (8, 21), (7, 21), (6, 21), (5, 21), (5, 20), (5, 19), (5, 18), (5, 17), (5, 16), (5, 15), (5, 15)], 2: [(24, 5), (23, 5), (23, 6), (22, 6), (21, 6), (20, 6), (19, 6), (18, 6), (17, 6), (16, 6), (15, 6), (14, 6), (13, 6), (12, 6), (11, 6), (10, 6), (9, 6), (8, 6), (7, 6), (7, 7), (7, 8), (7, 9), (6, 9), (6, 10), (6, 11), (6, 12), (6, 13), (6, 13)], 3: [(5, 11), (6, 11), (6, 12), (6, 13), (6, 14), (6, 15), (7, 15), (7, 16), (8, 16), (9, 16), (10, 16), (11, 16), (12, 16), (13, 16), (14, 16), (15, 16), (16, 16), (17, 16), (17, 17), (18, 17), (19, 17), (20, 17), (21, 17), (22, 17), (23, 17), (24, 17), (24, 18), (24, 19), (24, 20), (23, 20), (22, 20), (22, 21), (22, 21)], 4: [(4, 2), (5, 2), (6, 2), (6, 3), (7, 3), (8, 3), (9, 3), (10, 3), (11, 3), (12, 3), (13, 3), (14, 3), (14, 4), (14, 5), (15, 5), (16, 5), (17, 5), (18, 5), (18, 6), (18, 7), (18, 8), (18, 9), (19, 9), (19, 10), (19, 11), (19, 12), (19, 13), (19, 14), (19, 15), (19, 16), (19, 17), (19, 18), (19, 18)], 5: [(8, 1), (9, 1), (10, 1), (11, 1), (12, 1), (13, 1), (14, 1), (15, 1), (16, 1), (17, 1), (18, 1), (19, 1), (20, 1), (20, 2), (21, 2), (22, 2), (23, 2), (23, 3), (22, 3), (22, 3)], 6: [(2, 29), (2, 28), (2, 27), (2, 26), (2, 25), (1, 25), (1, 24), (1, 23), (1, 22), (1, 21), (0, 21), (0, 20), (0, 19), (1, 19), (2, 19), (2, 18), (2, 17), (2, 16), (2, 15), (2, 14), (2, 13), (2, 12), (2, 11), (2, 10), (2, 9), (3, 9), (3, 8), (3, 7), (4, 7), (5, 7), (6, 7), (7, 7), (7, 6), (8, 6), (9, 6), (10, 6), (10, 5), (11, 5), (12, 5), (13, 5), (12, 5), (11, 5), (10, 5), (10, 4), (9, 4), (8, 4), (7, 4), (7, 3), (7, 3)], 7: [(2, 16), (3, 16), (4, 16), (5, 16), (6, 16), (7, 16), (8, 16), (9, 16), (10, 16), (11, 16), (11, 17), (11, 18), (11, 19), (11, 20), (11, 21), (11, 22), (11, 23), (11, 24), (11, 25), (11, 26), (11, 27), (11, 28), (11, 28)], 8: [(0, 8), (0, 9), (0, 10), (0, 11), (1, 11), (2, 11), (3, 11), (4, 11), (5, 11), (6, 11), (6, 12), (6, 13), (7, 13), (8, 13), (8, 13)], 9: [(15, 22), (15, 21), (15, 20), (15, 19), (16, 19), (16, 18), (16, 17), (16, 16), (16, 15), (16, 14), (16, 13), (16, 12), (16, 11), (16, 10), (16, 9), (16, 8), (17, 8), (17, 7), (17, 6), (17, 5), (17, 5)]}, 47)