

CBSS-C STATS
starts:[864, 450, 645, 1012, 675]
targets:[154, 66, 322, 451, 73, 953, 274, 682, 44, 566]
dests:[99, 486, 172, 155, 570]
ac_dict:{154: {0, 1}, 66: {1, 2}, 322: {2, 3}, 451: {3, 4}, 99: {0}, 486: {1}, 172: {2}, 155: {3}, 570: {4}}
clusters:[3 0 0 1 1 2 4 3 1 4]

round: 1
best_g_value: 131.0
open_list_size: 0
num_low_level_expanded: 374
search_success: 1
search_time: 0.1929214969277382
n_tsp_call: 1
n_tsp_time: 0.17191449971869588
n_roots: 1
num_conflicts: 0
target_assignment: {322: 2, 73: 2, 682: 4, 566: 4, 953: 3}
cluster_target_selection: {0: 322, 1: 73, 3: 682, 4: 566, 2: 953}
num_nodes_transformed_graph: 48
agent_paths:({0: [(0, 27), (0, 26), (0, 25), (0, 24), (0, 23), (1, 23), (1, 22), (1, 21), (1, 20), (1, 19), (2, 19), (2, 18), (2, 17), (2, 16), (2, 15), (2, 14), (2, 13), (2, 12), (2, 11), (2, 10), (2, 9), (3, 9), (3, 8), (3, 7), (3, 6), (3, 5), (3, 4), (3, 3), (3, 3)], 1: [(2, 14), (3, 14), (3, 15), (4, 15), (5, 15), (6, 15), (6, 15)], 2: [(5, 20), (5, 19), (4, 19), (4, 18), (3, 18), (2, 18), (2, 17), (2, 16), (2, 15), (2, 14), (2, 13), (2, 12), (2, 11), (2, 10), (2, 9), (3, 9), (3, 8), (3, 7), (3, 6), (3, 5), (3, 4), (3, 3), (4, 3), (5, 3), (6, 3), (7, 3), (8, 3), (9, 3), (9, 2), (10, 2), (11, 2), (12, 2), (12, 3), (12, 4), (12, 5), (12, 5)], 3: [(20, 31), (20, 30), (21, 30), (22, 30), (23, 30), (23, 29), (24, 29), (25, 29), (25, 28), (25, 27), (25, 26), (25, 25), (25, 24), (26, 24), (26, 23), (26, 22), (26, 21), (26, 20), (27, 20), (27, 19), (27, 18), (27, 17), (27, 16), (27, 15), (27, 14), (27, 13), (26, 13), (26, 12), (26, 11), (26, 10), (27, 10), (27, 9), (27, 8), (27, 7), (27, 6), (27, 5), (27, 4), (27, 4)], 4: [(3, 21), (3, 22), (4, 22), (5, 22), (5, 21), (6, 21), (7, 21), (8, 21), (9, 21), (10, 21), (10, 20), (10, 19), (10, 18), (10, 17), (11, 17), (12, 17), (13, 17), (14, 17), (15, 17), (16, 17), (17, 17), (18, 17), (19, 17), (20, 17), (21, 17), (22, 17), (23, 17), (24, 17), (25, 17), (26, 17), (26, 17)]}, 36)