

CBSS-C STATS
starts:[351, 974, 158, 880, 893, 444, 941, 81, 150, 981]
targets:[109, 385, 43, 409, 870, 171, 945, 944, 873, 28]
dests:[319, 693, 349, 852, 905, 163, 297, 44, 283, 892]
ac_dict:{109: {0, 1}, 385: {1, 2}, 43: {2, 3}, 409: {3, 4}, 870: {4, 5}, 171: {5, 6}, 945: {6, 7}, 944: {8, 7}, 873: {8, 9}, 319: {0}, 693: {1}, 349: {2}, 852: {3}, 905: {4}, 163: {5}, 297: {6}, 44: {7}, 283: {8}, 892: {9}}
clusters:[1 0 0 0 4 2 1 0 2 3]

round: 2
best_g_value: 189.0
open_list_size: 1
num_low_level_expanded: 988
search_success: 1
search_time: 3.384329705964774
n_tsp_call: 14
n_tsp_time: 3.0207420652732253
n_roots: 1
num_conflicts: 1
target_assignment: {945: 6, 409: 4, 870: 4, 28: 5, 171: 5}
cluster_target_selection: {1: 945, 0: 409, 4: 870, 3: 28, 2: 171}
num_nodes_transformed_graph: 48
agent_paths:({0: [(31, 10), (31, 9), (31, 9)], 1: [(14, 30), (14, 30), (14, 29), (14, 28), (14, 27), (15, 27), (15, 26), (15, 25), (15, 24), (15, 23), (15, 22), (15, 21), (16, 21), (17, 21), (18, 21), (19, 21), (20, 21), (21, 21), (21, 21)], 2: [(30, 4), (29, 4), (29, 5), (29, 6), (29, 7), (29, 8), (29, 9), (29, 10), (29, 10)], 3: [(16, 27), (16, 26), (17, 26), (18, 26), (19, 26), (20, 26), (20, 26)], 4: [(29, 27), (28, 27), (27, 27), (26, 27), (26, 26), (26, 25), (26, 24), (26, 23), (26, 22), (26, 21), (25, 21), (25, 20), (25, 19), (25, 18), (25, 17), (25, 16), (25, 15), (25, 14), (25, 13), (25, 12), (24, 12), (23, 12), (22, 12), (21, 12), (20, 12), (19, 12), (18, 12), (17, 12), (16, 12), (15, 12), (14, 12), (14, 13), (13, 13), (12, 13), (12, 14), (11, 14), (10, 14), (9, 14), (9, 15), (9, 16), (8, 16), (7, 16), (7, 17), (7, 18), (7, 19), (7, 20), (7, 21), (7, 22), (7, 23), (7, 24), (7, 25), (6, 25), (6, 26), (6, 27), (6, 28), (7, 28), (8, 28), (9, 28), (9, 28)], 5: [(28, 13), (28, 12), (28, 11), (28, 10), (28, 9), (28, 8), (28, 7), (28, 6), (28, 5), (28, 4), (28, 3), (28, 2), (28, 1), (28, 0), (27, 0), (27, 1), (27, 2), (27, 3), (26, 3), (25, 3), (24, 3), (23, 3), (22, 3), (21, 3), (20, 3), (19, 3), (18, 3), (17, 3), (16, 3), (16, 4), (16, 5), (15, 5), (14, 5), (13, 5), (12, 5), (11, 5), (10, 5), (10, 4), (9, 4), (8, 4), (7, 4), (6, 4), (5, 4), (4, 4), (3, 4), (3, 5), (3, 5)], 6: [(13, 29), (14, 29), (15, 29), (16, 29), (17, 29), (16, 29), (15, 29), (14, 29), (13, 29), (12, 29), (11, 29), (10, 29), (10, 28), (10, 27), (10, 26), (10, 25), (10, 24), (10, 23), (10, 22), (10, 21), (10, 20), (10, 19), (10, 18), (10, 17), (10, 16), (10, 15), (10, 14), (10, 13), (10, 12), (9, 12), (9, 11), (9, 10), (9, 9), (9, 9)], 7: [(17, 2), (16, 2), (16, 1), (15, 1), (14, 1), (13, 1), (12, 1), (12, 1)], 8: [(22, 4), (23, 4), (23, 5), (24, 5), (25, 5), (26, 5), (27, 5), (27, 6), (27, 7), (27, 8), (27, 8)], 9: [(21, 30), (22, 30), (23, 30), (23, 29), (23, 28), (23, 27), (24, 27), (25, 27), (26, 27), (27, 27), (28, 27), (28, 27)]}, 57)