

CBSS-C STATS
starts:[436, 646, 22, 40, 208]
targets:[1013, 757, 622, 991, 970, 513, 218, 206, 710, 68, 73, 42, 205, 849, 612, 403, 28, 269, 692, 355, 728, 66, 628, 926, 256, 261, 794, 915, 824, 390, 474, 302, 222, 688, 807, 872, 65, 29, 132, 13, 818, 1008, 907, 11, 528, 120, 485, 499, 294, 1014]
dests:[734, 39, 303, 369, 653]
ac_dict:{1013: {0, 1}, 757: {1, 2}, 622: {2, 3}, 991: {3, 4}, 734: {0}, 39: {1}, 303: {2}, 369: {3}, 653: {4}}
clusters:[18 11 20  2 21 14 19 27 17  9  6  7  6 12 25 18 24 26  0 16  3 14 18  1
  3 15 29 28 18 17 23  4 18 12 20  0 10 27 22  5 29 16 13  7  8 29  2  4
 19  3]

round: 1
best_g_value: 195.0
open_list_size: 0
num_low_level_expanded: 374
search_success: 1
search_time: 35.79465193499982
n_tsp_call: 1
n_tsp_time: 35.68481277599949
n_roots: 1
num_conflicts: 0
target_assignment: {915: 0, 907: 0, 970: 0, 1008: 0, 1013: 0, 1014: 0, 926: 0, 528: 4, 42: 3, 13: 3, 205: 3, 206: 3, 269: 3, 302: 3, 120: 2, 28: 2, 474: 2, 757: 2, 692: 2, 688: 2, 622: 2, 612: 1, 485: 1, 390: 1, 294: 1, 261: 1, 132: 1, 65: 1, 66: 1, 68: 1}
cluster_target_selection: {28: 915, 13: 907, 21: 970, 16: 1008, 18: 1013, 3: 1014, 1: 926, 8: 528, 7: 42, 5: 13, 6: 205, 27: 206, 26: 269, 4: 302, 29: 120, 24: 28, 23: 474, 11: 757, 0: 692, 12: 688, 20: 622, 25: 612, 2: 485, 17: 390, 19: 294, 15: 261, 22: 132, 10: 65, 14: 66, 9: 68}
num_nodes_transformed_graph: 248
agent_paths:({0: [(20, 13), (19, 13), (19, 14), (19, 15), (19, 16), (19, 17), (19, 18), (19, 19), (19, 20), (19, 21), (19, 22), (19, 23), (19, 24), (19, 25), (19, 26), (19, 27), (19, 28), (18, 28), (17, 28), (16, 28), (15, 28), (14, 28), (13, 28), (12, 28), (11, 28), (10, 28), (10, 29), (10, 30), (11, 30), (12, 30), (13, 30), (14, 30), (14, 31), (15, 31), (16, 31), (17, 31), (18, 31), (19, 31), (20, 31), (21, 31), (22, 31), (22, 30), (23, 30), (23, 29), (23, 28), (24, 28), (25, 28), (26, 28), (27, 28), (28, 28), (29, 28), (30, 28), (30, 27), (30, 26), (30, 25), (30, 24), (30, 23), (30, 22), (30, 22)], 1: [(6, 20), (5, 20), (5, 19), (4, 19), (4, 18), (4, 17), (4, 16), (4, 15), (5, 15), (5, 14), (5, 13), (6, 13), (6, 12), (6, 11), (6, 10), (6, 9), (5, 9), (5, 8), (5, 7), (5, 6), (5, 5), (4, 5), (4, 4), (3, 4), (2, 4), (1, 4), (1, 3), (1, 2), (2, 2), (3, 2), (4, 2), (4, 1), (5, 1), (6, 1), (7, 1), (7, 1)], 2: [(22, 0), (23, 0), (24, 0), (24, 1), (24, 2), (24, 3), (25, 3), (26, 3), (27, 3), (27, 2), (27, 1), (27, 0), (28, 0), (27, 0), (27, 1), (27, 2), (27, 3), (27, 4), (27, 5), (27, 6), (27, 7), (27, 8), (27, 9), (27, 10), (26, 10), (26, 11), (26, 12), (26, 13), (26, 14), (25, 14), (24, 14), (23, 14), (22, 14), (21, 14), (21, 15), (21, 16), (21, 17), (21, 18), (21, 19), (21, 20), (21, 21), (21, 22), (21, 23), (21, 22), (20, 22), (20, 21), (19, 21), (18, 21), (17, 21), (16, 21), (15, 21), (14, 21), (14, 20), (14, 19), (14, 18), (14, 17), (14, 16), (14, 15), (14, 14), (14, 13), (14, 12), (14, 11), (14, 10), (14, 9), (15, 9), (15, 9)], 3: [(8, 1), (9, 1), (10, 1), (10, 0), (11, 0), (12, 0), (13, 0), (13, 1), (13, 2), (13, 3), (13, 4), (13, 5), (13, 6), (14, 6), (13, 6), (13, 7), (13, 8), (13, 9), (14, 9), (15, 9), (16, 9), (16, 10), (16, 11), (17, 11), (17, 11)], 4: [(16, 6), (16, 7), (16, 8), (16, 9), (16, 10), (16, 11), (16, 12), (16, 13), (16, 14), (16, 15), (16, 16), (15, 16), (14, 16), (13, 16), (13, 17), (13, 18), (13, 19), (13, 20), (13, 20)]}, 64)