

CBSS-C STATS
starts:[674, 897, 336, 459, 369]
targets:[129, 700, 259, 750, 328, 21, 985, 621, 35, 11, 685, 204, 748, 896, 792, 895, 264, 620, 966, 755]
dests:[120, 205, 122, 376, 344]
ac_dict:{129: {0, 1}, 700: {1, 2}, 259: {2, 3}, 750: {3, 4}, 120: {0}, 205: {1}, 122: {2}, 376: {3}, 344: {4}}
clusters:[4 4 8 7 8 1 2 3 2 7 6 9 0 2 1 4 6 3 5 7]

round: 1
best_g_value: 139.0
open_list_size: 0
num_low_level_expanded: 368
search_success: 1
search_time: 1.6194836748763919
n_tsp_call: 1
n_tsp_time: 1.5869259196333587
n_roots: 1
num_conflicts: 0
target_assignment: {129: 0, 35: 0, 11: 0, 21: 0, 966: 1, 748: 1, 685: 1, 621: 1, 328: 1, 204: 1}
cluster_target_selection: {4: 129, 2: 35, 7: 11, 1: 21, 5: 966, 0: 748, 6: 685, 3: 621, 8: 328, 9: 204}
num_nodes_transformed_graph: 98
agent_paths:({0: [(2, 21), (2, 20), (2, 19), (2, 18), (2, 17), (1, 17), (1, 16), (1, 15), (1, 14), (1, 13), (1, 12), (1, 11), (1, 10), (1, 9), (1, 8), (1, 7), (1, 6), (1, 5), (1, 4), (1, 3), (1, 2), (1, 1), (2, 1), (3, 1), (4, 1), (5, 1), (6, 1), (7, 1), (8, 1), (8, 0), (9, 0), (10, 0), (11, 0), (12, 0), (13, 0), (14, 0), (15, 0), (16, 0), (16, 1), (17, 1), (18, 1), (19, 1), (19, 0), (20, 0), (21, 0), (22, 0), (23, 0), (24, 0), (24, 1), (24, 2), (24, 3), (24, 3)], 1: [(1, 28), (2, 28), (2, 29), (3, 29), (4, 29), (5, 29), (6, 29), (6, 30), (6, 29), (6, 28), (6, 27), (6, 26), (6, 25), (7, 25), (7, 24), (7, 23), (8, 23), (9, 23), (10, 23), (11, 23), (12, 23), (12, 22), (12, 21), (13, 21), (13, 20), (13, 19), (12, 19), (11, 19), (10, 19), (10, 18), (10, 17), (10, 16), (10, 15), (10, 14), (10, 13), (10, 12), (9, 12), (9, 11), (9, 10), (8, 10), (9, 10), (9, 9), (9, 8), (9, 7), (9, 6), (10, 6), (11, 6), (12, 6), (13, 6), (13, 6)], 2: [(16, 10), (16, 9), (16, 8), (16, 7), (16, 6), (16, 5), (16, 4), (16, 3), (17, 3), (18, 3), (19, 3), (20, 3), (21, 3), (22, 3), (23, 3), (24, 3), (25, 3), (26, 3), (26, 3)], 3: [(11, 14), (12, 14), (12, 13), (13, 13), (14, 13), (14, 12), (15, 12), (16, 12), (17, 12), (18, 12), (19, 12), (20, 12), (21, 12), (21, 11), (22, 11), (23, 11), (24, 11), (24, 11)], 4: [(17, 11), (18, 11), (18, 10), (19, 10), (20, 10), (21, 10), (22, 10), (23, 10), (24, 10), (24, 10)]}, 50)