

CBSS-C STATS
starts:[249, 393, 534, 381, 156]
targets:[56, 985, 371, 301, 318, 624, 291, 525, 228, 153, 691, 772, 976, 835, 418, 160, 154, 531, 968, 506, 594, 251, 510, 603, 932, 966, 399, 267, 352, 197, 445, 870, 129, 179, 990, 583, 1011, 367, 671, 220]
dests:[224, 824, 620, 485, 633]
ac_dict:{56: {0, 1}, 985: {1, 2}, 371: {2, 3}, 301: {3, 4}, 224: {0}, 824: {1}, 620: {2}, 485: {3}, 633: {4}}
clusters:[19 12 10  4 21  3 22 10 17  3 23  8  6  4  0 20  2  5  9 24 11  6  1  5
 11  7 13  9  8 18 14  0 13  2  1 16  7 12 14 15]

round: 1
best_g_value: 178.0
open_list_size: 0
num_low_level_expanded: 352
search_success: 1
search_time: 17.04062600799989
n_tsp_call: 1
n_tsp_time: 16.966417286999786
n_roots: 1
num_conflicts: 0
target_assignment: {56: 0, 179: 0, 129: 0, 160: 0, 371: 3, 367: 3, 301: 3, 267: 3, 197: 3, 228: 3, 291: 3, 352: 3, 418: 3, 583: 1, 624: 1, 691: 1, 1011: 1, 220: 4, 251: 4, 318: 4, 445: 4, 510: 4, 506: 4, 531: 2, 594: 2}
cluster_target_selection: {19: 56, 2: 179, 13: 129, 20: 160, 10: 371, 12: 367, 4: 301, 9: 267, 18: 197, 17: 228, 22: 291, 8: 352, 0: 418, 16: 583, 3: 624, 23: 691, 7: 1011, 15: 220, 6: 251, 21: 318, 14: 445, 1: 510, 24: 506, 5: 531, 11: 594}
num_nodes_transformed_graph: 198
agent_paths:({0: [(25, 7), (25, 6), (25, 5), (25, 4), (25, 3), (24, 3), (24, 2), (24, 1), (23, 1), (22, 1), (22, 2), (21, 2), (20, 2), (20, 3), (19, 3), (19, 4), (19, 5), (18, 5), (17, 5), (16, 5), (15, 5), (14, 5), (13, 5), (12, 5), (11, 5), (10, 5), (10, 4), (9, 4), (8, 4), (7, 4), (6, 4), (5, 4), (4, 4), (3, 4), (2, 4), (1, 4), (1, 5), (0, 5), (1, 5), (1, 6), (1, 7), (0, 7), (0, 7)], 1: [(9, 12), (8, 12), (8, 13), (7, 13), (6, 13), (6, 14), (6, 15), (7, 15), (7, 16), (7, 17), (7, 18), (8, 18), (9, 18), (10, 18), (11, 18), (12, 18), (13, 18), (14, 18), (14, 19), (15, 19), (16, 19), (17, 19), (18, 19), (19, 19), (19, 20), (19, 21), (19, 22), (19, 23), (19, 24), (19, 25), (19, 26), (19, 27), (19, 28), (19, 29), (19, 30), (19, 31), (19, 30), (19, 29), (19, 28), (19, 27), (19, 26), (19, 25), (20, 25), (21, 25), (22, 25), (23, 25), (24, 25), (24, 25)], 2: [(22, 16), (21, 16), (20, 16), (19, 16), (19, 17), (18, 17), (18, 18), (18, 19), (17, 19), (16, 19), (15, 19), (14, 19), (13, 19), (12, 19), (12, 19)], 3: [(29, 11), (28, 11), (27, 11), (26, 11), (25, 11), (24, 11), (23, 11), (22, 11), (21, 11), (21, 10), (20, 10), (19, 10), (19, 11), (18, 11), (17, 11), (16, 11), (15, 11), (14, 11), (14, 10), (13, 10), (13, 9), (13, 8), (13, 7), (12, 7), (11, 7), (11, 8), (10, 8), (9, 8), (8, 8), (7, 8), (7, 7), (6, 7), (5, 7), (5, 6), (5, 7), (4, 7), (3, 7), (3, 8), (3, 9), (2, 9), (1, 9), (0, 9), (0, 10), (0, 11), (1, 11), (2, 11), (2, 12), (2, 13), (3, 13), (4, 13), (5, 13), (5, 14), (5, 15), (5, 15)], 4: [(28, 4), (28, 5), (28, 6), (27, 6), (27, 7), (28, 7), (29, 7), (30, 7), (30, 8), (30, 9), (29, 9), (29, 10), (29, 11), (29, 12), (29, 13), (29, 14), (30, 14), (30, 15), (29, 15), (28, 15), (27, 15), (26, 15), (25, 15), (25, 16), (25, 17), (25, 18), (25, 19), (25, 19)]}, 52)