

CBSS-C STATS
starts:[979, 127, 506, 675, 413, 73, 570, 505, 224, 284]
targets:[970, 744, 671, 850, 851, 606, 666, 679, 883, 37]
dests:[796, 981, 640, 864, 55, 818, 777, 368, 521, 821]
ac_dict:{970: {0, 1}, 744: {1, 2}, 671: {2, 3}, 850: {3, 4}, 851: {4, 5}, 606: {5, 6}, 666: {6, 7}, 679: {8, 7}, 883: {8, 9}, 796: {0}, 981: {1}, 640: {2}, 864: {3}, 55: {4}, 818: {5}, 777: {6}, 368: {7}, 521: {8}, 821: {9}}
clusters:[3 4 4 2 2 1 0 2 1 2]

round: 3
best_g_value: 258.0
open_list_size: 2
num_low_level_expanded: 1797
search_success: 1
search_time: 0.22862887382507324
n_tsp_call: 1
n_tsp_time: 0.1722279409877956
n_roots: 1
num_conflicts: 2
target_assignment: {970: 0, 744: 2, 606: 6, 666: 6, 851: 5}
cluster_target_selection: {3: 970, 4: 744, 1: 606, 0: 666, 2: 851}
num_nodes_transformed_graph: 48
agent_paths:({0: [(19, 30), (18, 30), (17, 30), (16, 30), (16, 29), (15, 29), (14, 29), (13, 29), (12, 29), (11, 29), (10, 29), (10, 30), (10, 29), (10, 28), (10, 27), (11, 27), (12, 27), (13, 27), (14, 27), (15, 27), (16, 27), (17, 27), (18, 27), (19, 27), (20, 27), (21, 27), (22, 27), (22, 26), (22, 25), (22, 24), (23, 24), (24, 24), (25, 24), (26, 24), (27, 24), (28, 24), (28, 24)], 1: [(31, 3), (30, 3), (30, 4), (29, 4), (28, 4), (27, 4), (26, 4), (26, 5), (26, 6), (26, 7), (25, 7), (25, 8), (24, 8), (24, 9), (24, 10), (24, 11), (24, 12), (24, 13), (24, 14), (24, 15), (24, 16), (24, 17), (24, 18), (24, 19), (24, 20), (24, 21), (24, 22), (24, 23), (24, 24), (23, 24), (23, 25), (23, 26), (23, 27), (23, 28), (23, 29), (23, 30), (22, 30), (21, 30), (21, 30)], 2: [(26, 15), (25, 15), (24, 15), (23, 15), (22, 15), (21, 15), (21, 16), (20, 16), (19, 16), (19, 17), (18, 17), (17, 17), (16, 17), (15, 17), (14, 17), (13, 17), (12, 17), (11, 17), (10, 17), (9, 17), (8, 17), (8, 18), (8, 19), (8, 20), (8, 21), (8, 22), (8, 23), (7, 23), (6, 23), (5, 23), (4, 23), (3, 23), (2, 23), (1, 23), (1, 22), (1, 21), (0, 21), (0, 20), (0, 20)], 3: [(3, 21), (2, 21), (1, 21), (1, 22), (1, 23), (0, 23), (0, 24), (0, 25), (0, 26), (0, 27), (0, 27)], 4: [(29, 12), (28, 12), (28, 11), (27, 11), (26, 11), (25, 11), (25, 10), (25, 9), (25, 8), (25, 7), (25, 6), (24, 6), (23, 6), (23, 5), (23, 4), (23, 3), (23, 2), (23, 1), (23, 1)], 5: [(9, 2), (10, 2), (11, 2), (12, 2), (13, 2), (14, 2), (14, 3), (14, 4), (14, 5), (15, 5), (16, 5), (17, 5), (18, 5), (18, 6), (18, 7), (18, 8), (18, 9), (19, 9), (19, 10), (19, 11), (19, 12), (19, 13), (19, 14), (19, 15), (19, 16), (19, 17), (19, 18), (19, 19), (19, 20), (19, 21), (19, 22), (19, 23), (19, 24), (19, 25), (19, 26), (18, 26), (18, 25), (18, 25)], 6: [(26, 17), (27, 17), (27, 18), (28, 18), (29, 18), (30, 18), (29, 18), (28, 18), (27, 18), (27, 19), (27, 20), (26, 20), (25, 20), (24, 20), (23, 20), (22, 20), (21, 20), (20, 20), (19, 20), (18, 20), (17, 20), (16, 20), (15, 20), (14, 20), (13, 20), (12, 20), (11, 20), (10, 20), (9, 20), (9, 21), (9, 22), (9, 23), (9, 24), (9, 24)], 7: [(25, 15), (24, 15), (23, 15), (22, 15), (21, 15), (21, 14), (20, 14), (19, 14), (18, 14), (17, 14), (16, 14), (16, 13), (16, 12), (16, 11), (16, 11)], 8: [(0, 7), (1, 7), (2, 7), (3, 7), (4, 7), (5, 7), (5, 8), (5, 9), (6, 9), (6, 10), (6, 11), (6, 12), (6, 13), (6, 14), (6, 15), (7, 15), (7, 16), (8, 16), (9, 16), (9, 16)], 9: [(28, 8), (27, 8), (27, 9), (27, 10), (26, 10), (25, 10), (24, 10), (24, 11), (24, 12), (24, 13), (24, 14), (24, 15), (24, 16), (24, 17), (24, 18), (24, 19), (24, 20), (24, 21), (24, 22), (24, 23), (24, 24), (23, 24), (22, 24), (22, 25), (21, 25), (21, 25)]}, 37)