

CBSS-C STATS
starts:[407, 632, 670, 233, 689]
targets:[879, 599, 982, 41, 612, 781, 101, 1006, 117, 354, 454, 204, 4, 298, 559, 825, 911, 728, 73, 828, 188, 378, 109, 640, 660, 24, 64, 684, 140, 620, 711, 641, 147, 967, 873, 459, 664, 11, 538, 69, 412, 43, 526, 244, 54, 448, 207, 352, 12, 568]
dests:[243, 836, 315, 195, 930]
ac_dict:{879: {0, 1}, 599: {1, 2}, 982: {2, 3}, 41: {3, 4}, 243: {0}, 836: {1}, 315: {2}, 195: {3}, 930: {4}}
clusters:[10 19  0  1 18 11  9  3  7 17  5 19  2 13 14  4 23  9 27 21  1 15 22  6
 20 16  3 12 11 24 29 16  8  6 25 17  7 28  2 13  8 12 26 15  5 10 14  0
 18  4]

round: 1
best_g_value: 170.0
open_list_size: 0
num_low_level_expanded: 375
search_success: 1
search_time: 7.941245752999748
n_tsp_call: 1
n_tsp_time: 7.883550863999517
n_roots: 1
num_conflicts: 0
target_assignment: {244: 0, 664: 1, 660: 1, 879: 1, 911: 1, 1006: 1, 873: 1, 559: 4, 526: 4, 620: 4, 711: 4, 640: 4, 641: 4, 73: 3, 41: 3, 43: 3, 11: 3, 12: 3, 109: 3, 140: 3, 204: 3, 298: 3, 454: 3, 352: 3, 354: 3, 828: 2, 728: 2, 568: 2, 538: 2, 412: 2}
cluster_target_selection: {15: 244, 7: 664, 20: 660, 10: 879, 23: 911, 3: 1006, 25: 873, 14: 559, 26: 526, 24: 620, 29: 711, 6: 640, 16: 641, 27: 73, 1: 41, 12: 43, 28: 11, 18: 12, 22: 109, 11: 140, 19: 204, 13: 298, 5: 454, 0: 352, 17: 354, 21: 828, 9: 728, 4: 568, 2: 538, 8: 412}
num_nodes_transformed_graph: 129
agent_paths:({0: [(23, 12), (22, 12), (21, 12), (21, 11), (21, 10), (20, 10), (20, 9), (20, 8), (20, 7), (19, 7), (19, 7)], 1: [(24, 19), (24, 20), (23, 20), (22, 20), (21, 20), (20, 20), (19, 20), (18, 20), (17, 20), (16, 20), (15, 20), (15, 21), (15, 22), (15, 23), (15, 24), (15, 25), (15, 26), (15, 27), (15, 28), (14, 28), (14, 29), (14, 30), (14, 31), (13, 31), (12, 31), (11, 31), (10, 31), (10, 30), (10, 29), (10, 28), (9, 28), (9, 27), (8, 27), (8, 26), (7, 26), (6, 26), (5, 26), (4, 26), (4, 26)], 2: [(30, 20), (29, 20), (29, 21), (29, 22), (29, 23), (29, 24), (28, 24), (28, 25), (27, 25), (26, 25), (25, 25), (24, 25), (24, 24), (24, 23), (24, 22), (24, 21), (24, 20), (24, 19), (24, 18), (24, 17), (24, 16), (25, 16), (26, 16), (26, 15), (26, 14), (26, 13), (27, 13), (28, 13), (28, 12), (28, 11), (27, 11), (27, 10), (27, 9), (27, 9)], 3: [(9, 7), (9, 6), (8, 6), (8, 5), (8, 4), (8, 3), (9, 3), (9, 2), (9, 1), (10, 1), (11, 1), (11, 0), (12, 0), (13, 0), (13, 1), (13, 2), (13, 3), (12, 3), (12, 4), (12, 5), (12, 6), (11, 6), (10, 6), (10, 7), (10, 8), (10, 9), (9, 9), (9, 10), (8, 10), (7, 10), (6, 10), (6, 11), (6, 12), (6, 13), (6, 14), (5, 14), (5, 13), (4, 13), (3, 13), (2, 13), (1, 13), (1, 12), (1, 11), (0, 11), (1, 11), (2, 11), (2, 10), (2, 9), (3, 9), (3, 8), (3, 7), (3, 6), (3, 6)], 4: [(17, 21), (16, 21), (16, 20), (16, 19), (16, 18), (16, 17), (15, 17), (14, 17), (14, 16), (13, 16), (12, 16), (12, 17), (12, 18), (12, 19), (11, 19), (10, 19), (9, 19), (8, 19), (7, 19), (7, 20), (7, 21), (7, 22), (6, 22), (5, 22), (4, 22), (3, 22), (2, 22), (1, 22), (1, 21), (0, 21), (0, 20), (1, 20), (2, 20), (2, 21), (2, 22), (2, 23), (2, 24), (2, 25), (2, 26), (2, 27), (2, 28), (2, 29), (2, 29)]}, 51)