

CBSS-C STATS
starts:[632, 585, 888, 698, 638, 873, 193, 557, 936, 487]
targets:[674, 119, 963, 252, 685, 146, 812, 1019, 595, 399]
dests:[800, 663, 777, 991, 226, 102, 291, 648, 185, 567]
ac_dict:{674: {0, 1}, 119: {1, 2}, 963: {2, 3}, 252: {3, 4}, 685: {4, 5}, 146: {5, 6}, 812: {6, 7}, 1019: {8, 7}, 595: {8, 9}, 800: {0}, 663: {1}, 777: {2}, 991: {3}, 226: {4}, 102: {5}, 291: {6}, 648: {7}, 185: {8}, 567: {9}}
clusters:[1 0 4 1 3 3 0 1 2 3]

round: 4
best_g_value: 249.0
open_list_size: 3
num_low_level_expanded: 1857
search_success: 1
search_time: 0.24896887922659516
n_tsp_call: 1
n_tsp_time: 0.19602251891046762
n_roots: 1
num_conflicts: 3
target_assignment: {674: 0, 963: 2, 399: 4, 812: 7, 595: 8}
cluster_target_selection: {1: 674, 4: 963, 3: 399, 0: 812, 2: 595}
num_nodes_transformed_graph: 48
agent_paths:({0: [(24, 19), (23, 19), (22, 19), (21, 19), (20, 19), (19, 19), (18, 19), (17, 19), (17, 20), (16, 20), (15, 20), (14, 20), (13, 20), (12, 20), (11, 20), (10, 20), (9, 20), (8, 20), (7, 20), (6, 20), (5, 20), (5, 21), (5, 22), (4, 22), (3, 22), (2, 22), (2, 21), (1, 21), (1, 22), (1, 23), (0, 23), (0, 24), (0, 25), (0, 25)], 1: [(9, 18), (10, 18), (11, 18), (12, 18), (13, 18), (14, 18), (14, 19), (15, 19), (16, 19), (17, 19), (18, 19), (19, 19), (20, 19), (21, 19), (22, 19), (23, 19), (23, 20), (23, 20)], 2: [(24, 27), (23, 27), (22, 27), (21, 27), (20, 27), (19, 27), (18, 27), (17, 27), (16, 27), (15, 27), (14, 27), (13, 27), (12, 27), (11, 27), (10, 27), (9, 27), (8, 27), (8, 28), (7, 28), (6, 28), (5, 28), (4, 28), (4, 29), (3, 29), (3, 30), (3, 29), (4, 29), (4, 28), (4, 27), (4, 26), (4, 25), (5, 25), (6, 25), (7, 25), (7, 24), (8, 24), (9, 24), (9, 24)], 3: [(26, 21), (27, 21), (28, 21), (29, 21), (29, 22), (30, 22), (30, 23), (30, 24), (30, 25), (30, 26), (30, 27), (31, 27), (31, 28), (31, 29), (31, 30), (31, 30)], 4: [(30, 19), (29, 19), (29, 18), (28, 18), (27, 18), (26, 18), (25, 18), (24, 18), (23, 18), (22, 18), (21, 18), (20, 18), (19, 18), (18, 18), (18, 17), (17, 17), (16, 17), (16, 16), (16, 15), (16, 14), (15, 14), (15, 13), (15, 12), (14, 12), (14, 11), (14, 10), (13, 10), (12, 10), (11, 10), (10, 10), (9, 10), (8, 10), (7, 10), (6, 10), (5, 10), (4, 10), (4, 9), (4, 8), (3, 8), (3, 7), (2, 7), (2, 7)], 5: [(9, 27), (8, 27), (8, 26), (7, 26), (7, 25), (7, 24), (7, 23), (7, 22), (7, 21), (7, 20), (7, 19), (7, 18), (7, 17), (6, 17), (6, 16), (6, 15), (6, 14), (6, 13), (6, 12), (6, 11), (6, 10), (6, 9), (5, 9), (5, 8), (5, 7), (5, 6), (5, 5), (5, 4), (5, 3), (6, 3), (6, 3)], 6: [(1, 6), (2, 6), (3, 6), (3, 7), (3, 8), (3, 9), (3, 9)], 7: [(13, 17), (12, 17), (12, 18), (12, 19), (12, 20), (12, 21), (12, 22), (12, 23), (12, 24), (12, 25), (11, 25), (10, 25), (9, 25), (8, 25), (8, 24), (8, 23), (8, 22), (8, 21), (8, 20), (8, 20)], 8: [(8, 29), (8, 28), (8, 27), (8, 26), (8, 25), (8, 24), (8, 23), (8, 22), (8, 21), (8, 20), (8, 19), (9, 19), (10, 19), (11, 19), (12, 19), (13, 19), (14, 19), (15, 19), (16, 19), (17, 19), (18, 19), (18, 18), (19, 18), (19, 17), (19, 16), (19, 15), (19, 14), (19, 13), (19, 12), (19, 11), (19, 10), (19, 9), (20, 9), (20, 8), (20, 7), (20, 6), (21, 6), (22, 6), (23, 6), (23, 5), (24, 5), (25, 5), (25, 5)], 9: [(7, 15), (7, 16), (8, 16), (9, 16), (10, 16), (11, 16), (12, 16), (13, 16), (14, 16), (15, 16), (16, 16), (17, 16), (17, 17), (18, 17), (19, 17), (20, 17), (21, 17), (22, 17), (23, 17), (23, 17)]}, 41)