

CBSS-C STATS
starts:[945, 971, 25, 643, 131]
targets:[866, 762, 306, 771, 120, 607, 492, 812, 160, 317, 940, 990, 674, 788, 506, 369, 889, 679, 859, 426, 472, 21, 399, 522, 537, 190, 202, 735, 579, 243, 442, 47, 925, 158, 88, 998, 352, 518, 539, 302, 725, 580, 948, 58, 195, 811, 15, 695, 778, 1006]
dests:[67, 206, 209, 854, 617]
ac_dict:{866: {0, 1}, 762: {1, 2}, 306: {2, 3}, 771: {3, 4}, 67: {0}, 206: {1}, 209: {2}, 854: {3}, 617: {4}}
clusters:[ 6  4 38  8 22 17 36 34 25 20 35  8  2 19  7 11 26  4 39 27 21 16  6 30
  0  3 15  2  7 32  1 13 14  9 18  3 37 29 28  0 23 31  5 10 24  9  5  1
 33 12]

round: 1
best_g_value: 236.0
open_list_size: 0
num_low_level_expanded: 424
search_success: 1
search_time: 32.47050375800063
n_tsp_call: 1
n_tsp_time: 32.35081822699976
n_roots: 1
num_conflicts: 0
target_assignment: {948: 0, 889: 0, 859: 0, 925: 0, 607: 0, 539: 0, 537: 0, 472: 0, 442: 0, 317: 0, 190: 0, 158: 0, 58: 0, 120: 0, 88: 0, 47: 0, 195: 4, 160: 4, 352: 4, 579: 4, 580: 4, 518: 4, 522: 4, 21: 2, 243: 2, 306: 2, 369: 2, 399: 2, 1006: 1, 940: 1, 812: 1, 492: 1, 426: 1, 202: 1, 674: 3, 771: 3, 679: 3, 778: 3, 788: 3, 725: 3}
cluster_target_selection: {5: 948, 26: 889, 39: 859, 14: 925, 17: 607, 28: 539, 0: 537, 21: 472, 1: 442, 20: 317, 3: 190, 9: 158, 10: 58, 22: 120, 18: 88, 13: 47, 24: 195, 25: 160, 37: 352, 7: 579, 31: 580, 29: 518, 30: 522, 16: 21, 32: 243, 38: 306, 11: 369, 6: 399, 12: 1006, 35: 940, 34: 812, 36: 492, 27: 426, 15: 202, 2: 674, 8: 771, 4: 679, 33: 778, 19: 788, 23: 725}
num_nodes_transformed_graph: 248
agent_paths:({0: [(17, 29), (18, 29), (19, 29), (20, 29), (20, 28), (20, 27), (21, 27), (22, 27), (23, 27), (24, 27), (25, 27), (25, 26), (26, 26), (27, 26), (27, 27), (28, 27), (29, 27), (29, 28), (29, 27), (29, 26), (29, 25), (29, 24), (29, 23), (29, 22), (29, 21), (29, 20), (29, 19), (29, 18), (30, 18), (31, 18), (30, 18), (29, 18), (28, 18), (27, 18), (27, 17), (27, 16), (26, 16), (25, 16), (24, 16), (24, 15), (24, 14), (24, 13), (25, 13), (26, 13), (26, 12), (26, 11), (26, 10), (27, 10), (27, 9), (28, 9), (29, 9), (29, 8), (29, 7), (29, 6), (29, 5), (30, 5), (30, 4), (29, 4), (28, 4), (27, 4), (27, 3), (27, 2), (27, 1), (26, 1), (27, 1), (27, 2), (27, 3), (26, 3), (25, 3), (24, 3), (24, 2), (23, 2), (22, 2), (21, 2), (20, 2), (20, 1), (19, 1), (18, 1), (17, 1), (16, 1), (15, 1), (14, 1), (13, 1), (12, 1), (11, 1), (10, 1), (9, 1), (8, 1), (7, 1), (6, 1), (5, 1), (4, 1), (3, 1), (3, 2), (3, 2)], 1: [(11, 30), (12, 30), (13, 30), (14, 30), (14, 31), (13, 31), (12, 31), (12, 30), (12, 29), (12, 28), (12, 27), (12, 26), (12, 25), (12, 24), (12, 23), (12, 22), (12, 21), (12, 20), (12, 19), (12, 18), (12, 17), (12, 16), (12, 15), (11, 15), (10, 15), (10, 14), (10, 13), (10, 12), (10, 11), (10, 10), (10, 9), (10, 8), (10, 7), (10, 6), (11, 6), (12, 6), (13, 6), (14, 6), (14, 6)], 2: [(25, 0), (24, 0), (23, 0), (22, 0), (21, 0), (20, 0), (20, 1), (20, 2), (20, 3), (19, 3), (19, 4), (19, 5), (19, 6), (19, 7), (18, 7), (18, 8), (18, 9), (18, 10), (18, 11), (17, 11), (16, 11), (15, 11), (15, 12), (15, 11), (15, 10), (15, 9), (16, 9), (16, 8), (16, 7), (16, 6), (17, 6), (17, 6)], 3: [(3, 20), (2, 20), (2, 21), (3, 21), (3, 22), (3, 23), (3, 24), (3, 23), (3, 22), (4, 22), (5, 22), (5, 21), (6, 21), (7, 21), (8, 21), (9, 21), (10, 21), (10, 22), (10, 23), (10, 24), (11, 24), (12, 24), (13, 24), (14, 24), (15, 24), (16, 24), (17, 24), (18, 24), (19, 24), (20, 24), (19, 24), (19, 23), (19, 22), (20, 22), (21, 22), (21, 23), (22, 23), (22, 24), (22, 25), (22, 26), (22, 26)], 4: [(3, 4), (3, 5), (3, 6), (2, 6), (1, 6), (1, 5), (0, 5), (1, 5), (1, 6), (1, 7), (0, 7), (0, 8), (0, 9), (0, 10), (0, 11), (1, 11), (2, 11), (3, 11), (3, 12), (3, 13), (3, 14), (3, 15), (3, 16), (3, 17), (3, 18), (4, 18), (4, 17), (4, 16), (5, 16), (6, 16), (7, 16), (8, 16), (9, 16), (10, 16), (9, 16), (9, 17), (9, 18), (9, 19), (9, 19)]}, 93)