

CBSS-C STATS
starts:[896, 420, 233, 845, 519, 867, 886, 679, 767, 58]
targets:[625, 205, 750, 131, 913, 723, 769, 736, 841, 453]
dests:[728, 236, 501, 503, 744, 834, 527, 740, 765, 289]
ac_dict:{625: {0, 1}, 205: {1, 2}, 750: {2, 3}, 131: {3, 4}, 913: {4, 5}, 723: {5, 6}, 769: {6, 7}, 736: {8, 7}, 841: {8, 9}, 728: {0}, 236: {1}, 501: {2}, 503: {3}, 744: {4}, 834: {5}, 527: {6}, 740: {7}, 765: {8}, 289: {9}}
clusters:[4 0 4 2 4 3 3 2 1 2]

round: 1
best_g_value: 191.0
open_list_size: 0
num_low_level_expanded: 876
search_success: 1
search_time: 0.13603513408452272
n_tsp_call: 1
n_tsp_time: 0.10488700214773417
n_roots: 1
num_conflicts: 0
target_assignment: {841: 9, 453: 9, 205: 2, 750: 3, 723: 6}
cluster_target_selection: {1: 841, 2: 453, 0: 205, 4: 750, 3: 723}
num_nodes_transformed_graph: 34
agent_paths:({0: [(0, 28), (0, 27), (0, 26), (0, 25), (1, 25), (2, 25), (3, 25), (4, 25), (5, 25), (6, 25), (7, 25), (8, 25), (9, 25), (10, 25), (11, 25), (12, 25), (13, 25), (14, 25), (15, 25), (16, 25), (17, 25), (18, 25), (19, 25), (20, 25), (21, 25), (22, 25), (22, 24), (23, 24), (24, 24), (24, 23), (24, 22), (24, 22)], 1: [(4, 13), (4, 12), (4, 11), (4, 10), (4, 9), (5, 9), (6, 9), (7, 9), (7, 8), (8, 8), (9, 8), (9, 7), (10, 7), (11, 7), (12, 7), (12, 7)], 2: [(9, 7), (9, 6), (10, 6), (11, 6), (12, 6), (13, 6), (14, 6), (15, 6), (16, 6), (17, 6), (18, 6), (19, 6), (20, 6), (21, 6), (21, 7), (21, 8), (21, 9), (21, 10), (21, 11), (21, 12), (21, 13), (21, 14), (21, 15), (21, 15)], 3: [(13, 26), (13, 25), (13, 24), (13, 23), (14, 23), (15, 23), (15, 22), (15, 21), (15, 20), (15, 19), (16, 19), (16, 18), (16, 17), (17, 17), (18, 17), (19, 17), (19, 16), (20, 16), (21, 16), (21, 15), (22, 15), (23, 15), (23, 15)], 4: [(7, 16), (8, 16), (8, 17), (8, 18), (8, 19), (8, 20), (8, 21), (8, 22), (8, 23), (8, 23)], 5: [(3, 27), (2, 27), (2, 26), (2, 26)], 6: [(22, 27), (21, 27), (20, 27), (19, 27), (19, 26), (19, 25), (19, 24), (19, 23), (19, 22), (18, 22), (17, 22), (16, 22), (16, 21), (16, 20), (16, 19), (16, 18), (16, 17), (15, 17), (15, 16), (15, 16)], 7: [(7, 21), (6, 21), (5, 21), (5, 22), (4, 22), (4, 23), (4, 23)], 8: [(31, 23), (30, 23), (29, 23), (29, 23)], 9: [(26, 1), (27, 1), (27, 2), (27, 3), (26, 3), (25, 3), (24, 3), (23, 3), (22, 3), (21, 3), (20, 3), (19, 3), (18, 3), (17, 3), (16, 3), (16, 4), (16, 5), (15, 5), (14, 5), (13, 5), (12, 5), (11, 5), (10, 5), (10, 6), (10, 7), (10, 8), (10, 9), (10, 10), (10, 11), (10, 12), (10, 13), (10, 14), (9, 14), (9, 15), (9, 16), (9, 17), (9, 18), (9, 19), (9, 20), (9, 21), (9, 22), (9, 23), (9, 24), (9, 25), (9, 26), (8, 26), (7, 26), (7, 25), (7, 24), (7, 23), (6, 23), (5, 23), (5, 22), (5, 21), (5, 20), (5, 19), (5, 18), (5, 17), (5, 16), (5, 15), (5, 14), (5, 13), (4, 13), (3, 13), (2, 13), (1, 13), (1, 12), (1, 11), (1, 10), (1, 9), (1, 9)]}, 69)