

CBSS-C STATS
starts:[581, 982, 466, 109, 687]
targets:[940, 781, 269, 244, 824, 592, 48, 119, 914, 399]
dests:[870, 858, 185, 661, 786]
ac_dict:{940: {0, 1}, 781: {1, 2}, 269: {2, 3}, 244: {3, 4}, 870: {0}, 858: {1}, 185: {2}, 661: {3}, 786: {4}}
clusters:[4 1 3 2 1 4 3 0 3 4]

round: 1
best_g_value: 81.0
open_list_size: 0
num_low_level_expanded: 189
search_success: 1
search_time: 0.160380978602916
n_tsp_call: 1
n_tsp_time: 0.14787027286365628
n_roots: 1
num_conflicts: 0
target_assignment: {592: 4, 269: 3, 244: 3, 824: 1, 119: 2}
cluster_target_selection: {4: 592, 3: 269, 2: 244, 1: 824, 0: 119}
num_nodes_transformed_graph: 48
agent_paths:({0: [(5, 18), (5, 19), (6, 19), (6, 20), (6, 21), (6, 22), (6, 23), (7, 23), (7, 24), (7, 25), (6, 25), (6, 26), (6, 27), (6, 27)], 1: [(22, 30), (23, 30), (23, 29), (23, 28), (23, 27), (23, 26), (23, 25), (24, 25), (25, 25), (26, 25), (26, 26), (26, 26)], 2: [(18, 14), (18, 13), (18, 12), (18, 11), (18, 10), (18, 9), (18, 8), (18, 7), (18, 6), (18, 5), (18, 4), (18, 3), (19, 3), (20, 3), (21, 3), (22, 3), (23, 3), (24, 3), (25, 3), (25, 4), (25, 5), (25, 5)], 3: [(13, 3), (13, 4), (13, 5), (13, 6), (13, 7), (13, 8), (13, 7), (14, 7), (15, 7), (16, 7), (17, 7), (18, 7), (19, 7), (20, 7), (21, 7), (21, 8), (21, 9), (21, 10), (21, 11), (21, 12), (21, 13), (21, 14), (21, 15), (21, 16), (21, 17), (21, 18), (21, 19), (21, 20), (21, 20)], 4: [(15, 21), (15, 20), (15, 19), (16, 19), (16, 18), (16, 19), (17, 19), (18, 19), (18, 20), (18, 21), (18, 22), (18, 23), (18, 24), (18, 24)]}, 27)