

CBSS-C STATS
starts:[724, 358, 435, 167, 505]
targets:[366, 792, 309, 1000, 670, 847, 158, 513, 281, 330, 763, 413, 42, 34, 417, 628, 943, 24, 907, 659]
dests:[249, 385, 472, 431, 368]
ac_dict:{366: {0, 1}, 792: {1, 2}, 309: {2, 3}, 1000: {3, 4}, 249: {0}, 385: {1}, 472: {2}, 431: {3}, 368: {4}}
clusters:[1 2 9 2 2 4 9 5 8 2 6 3 8 7 9 6 5 6 3 0]

round: 1
best_g_value: 131.0
open_list_size: 0
num_low_level_expanded: 372
search_success: 1
search_time: 0.5721658081747591
n_tsp_call: 1
n_tsp_time: 0.5511541292071342
n_roots: 1
num_conflicts: 0
target_assignment: {847: 0, 659: 0, 628: 0, 413: 0, 330: 1, 366: 1, 513: 1, 417: 1, 34: 3, 42: 3}
cluster_target_selection: {4: 847, 0: 659, 6: 628, 3: 413, 2: 330, 1: 366, 5: 513, 9: 417, 7: 34, 8: 42}
num_nodes_transformed_graph: 54
agent_paths:({0: [(20, 22), (19, 22), (18, 22), (17, 22), (16, 22), (15, 22), (15, 23), (15, 24), (15, 25), (15, 26), (15, 25), (15, 24), (15, 23), (15, 22), (15, 21), (15, 20), (16, 20), (17, 20), (18, 20), (19, 20), (19, 19), (20, 19), (20, 18), (20, 17), (20, 16), (21, 16), (21, 15), (21, 14), (21, 13), (22, 13), (23, 13), (24, 13), (25, 13), (26, 13), (27, 13), (28, 13), (28, 12), (29, 12), (28, 12), (28, 11), (27, 11), (26, 11), (25, 11), (25, 10), (25, 9), (25, 8), (25, 7), (25, 7)], 1: [(6, 11), (6, 10), (7, 10), (8, 10), (9, 10), (10, 10), (11, 10), (12, 10), (13, 10), (14, 10), (14, 11), (14, 12), (14, 13), (13, 13), (12, 13), (12, 14), (11, 14), (10, 14), (9, 14), (9, 15), (9, 16), (8, 16), (7, 16), (6, 16), (5, 16), (4, 16), (3, 16), (2, 16), (1, 16), (1, 15), (1, 14), (1, 13), (1, 12), (1, 12)], 2: [(19, 13), (20, 13), (21, 13), (22, 13), (23, 13), (24, 13), (24, 14), (24, 14)], 3: [(7, 5), (6, 5), (5, 5), (4, 5), (3, 5), (2, 5), (2, 4), (2, 3), (2, 2), (2, 1), (3, 1), (4, 1), (5, 1), (6, 1), (7, 1), (8, 1), (9, 1), (10, 1), (11, 1), (12, 1), (13, 1), (13, 2), (13, 3), (13, 4), (13, 5), (13, 6), (13, 7), (13, 8), (13, 9), (14, 9), (15, 9), (15, 10), (15, 11), (15, 12), (15, 13), (15, 13)], 4: [(25, 15), (24, 15), (23, 15), (22, 15), (21, 15), (21, 14), (20, 14), (19, 14), (18, 14), (17, 14), (16, 14), (16, 13), (16, 12), (16, 11), (16, 11)]}, 46)