

CBSS-C STATS
starts:[498, 328]
targets:[885, 754, 338, 711, 694, 524, 779, 326, 681, 947, 760, 549, 166, 482, 283, 730, 523, 665, 221, 886, 806, 506, 758, 2, 564, 217, 318, 962, 677, 915, 412, 977, 419, 1009, 213, 280, 604, 1017, 181, 272, 491, 92, 894, 672, 14, 473, 222, 762, 580, 204, 556, 447, 969, 782, 335, 570, 227, 267, 325, 223, 661, 356, 627, 1002, 238, 834, 174, 458, 113, 64, 443, 380, 841, 11, 161, 126, 149, 409, 674, 954, 974, 584, 642, 808, 955, 984, 6, 402, 679, 600, 350, 838, 439, 766, 780, 269, 753, 339, 499, 795]
dests:[695, 961]
ac_dict:{885: {0, 1}, 695: {0}, 961: {1}}
clusters:[25 20 23 37 33  7 19 33 17 24 38  7 18 39  4 29 26 11 39 36  0 13 25 25
 30  8 26 37  4 17 31  4 20 34 33 32 10  5  7 37 11 19  5 28 27 13 29 21
 23 25 33  2 28  9 31  1  3  6 27  8 31 20 29 11 33 20 35  4  3 10  6 15
  4  3 19 34 27  7 29 23  6  8  5 36 23 20 32 28 16 30 16 18 17 13  4 12
  1 22  2 14]

round: 1
best_g_value: 430.0
open_list_size: 0
num_low_level_expanded: 273
search_success: 1
search_time: 9.198685994997504
n_tsp_call: 1
n_tsp_time: 9.100845977001882
n_roots: 1
num_conflicts: 0
target_assignment: {499: 0, 402: 0, 339: 0, 338: 0, 269: 0, 174: 0, 113: 0, 149: 0, 181: 0, 213: 0, 280: 0, 217: 0, 221: 0, 222: 0, 318: 0, 350: 0, 380: 0, 412: 0, 443: 0, 506: 0, 570: 0, 600: 0, 604: 0, 795: 0, 762: 0, 1017: 0, 984: 0, 1009: 0, 947: 0, 915: 0, 885: 0, 760: 0, 491: 1, 779: 1, 782: 1, 780: 1, 808: 1, 806: 1, 838: 1, 962: 1}
cluster_target_selection: {2: 499, 28: 402, 22: 339, 23: 338, 12: 269, 35: 174, 3: 113, 27: 149, 7: 181, 33: 213, 32: 280, 8: 217, 39: 221, 29: 222, 26: 318, 16: 350, 15: 380, 31: 412, 6: 443, 13: 506, 1: 570, 30: 600, 10: 604, 14: 795, 21: 762, 5: 1017, 20: 984, 34: 1009, 24: 947, 17: 915, 25: 885, 38: 760, 11: 491, 19: 779, 9: 782, 4: 780, 36: 808, 0: 806, 18: 838, 37: 962}
num_nodes_transformed_graph: 104
agent_paths:({0: [(18, 15), (19, 15), (18, 15), (18, 14), (18, 13), (18, 12), (18, 11), (18, 10), (19, 10), (18, 10), (18, 9), (17, 9), (16, 9), (15, 9), (14, 9), (13, 9), (13, 8), (13, 7), (13, 6), (13, 5), (14, 5), (15, 5), (16, 5), (16, 4), (16, 3), (17, 3), (18, 3), (19, 3), (20, 3), (21, 3), (21, 4), (21, 5), (21, 6), (22, 6), (22, 7), (22, 8), (23, 8), (24, 8), (25, 8), (25, 7), (25, 6), (26, 6), (27, 6), (28, 6), (29, 6), (30, 6), (30, 7), (30, 8), (30, 9), (30, 10), (29, 10), (28, 10), (28, 11), (28, 12), (28, 13), (27, 13), (26, 13), (26, 14), (26, 15), (26, 16), (26, 17), (25, 17), (24, 17), (24, 18), (25, 18), (26, 18), (27, 18), (28, 18), (27, 18), (27, 19), (27, 20), (27, 21), (27, 22), (27, 23), (27, 24), (26, 24), (26, 23), (26, 24), (25, 24), (25, 25), (25, 26), (25, 27), (25, 28), (25, 29), (25, 30), (25, 31), (24, 31), (24, 30), (23, 30), (22, 30), (21, 30), (20, 30), (19, 30), (18, 30), (17, 30), (17, 31), (17, 30), (17, 29), (18, 29), (19, 29), (19, 28), (19, 27), (20, 27), (21, 27), (22, 27), (22, 26), (22, 25), (22, 24), (23, 24), (24, 24), (24, 23), (24, 22), (23, 22), (23, 21), (23, 21)], 1: [(8, 10), (9, 10), (10, 10), (10, 11), (10, 12), (10, 13), (10, 14), (11, 14), (11, 15), (11, 16), (11, 17), (11, 18), (11, 19), (11, 20), (11, 21), (11, 22), (11, 23), (11, 24), (12, 24), (13, 24), (14, 24), (13, 24), (12, 24), (11, 24), (10, 24), (9, 24), (8, 24), (8, 25), (7, 25), (6, 25), (6, 26), (5, 26), (4, 26), (3, 26), (2, 26), (2, 27), (2, 28), (2, 29), (2, 30), (1, 30), (1, 30)]}, 113)