

CBSS-C STATS
starts:[810, 76, 901, 898, 3]
targets:[69, 641, 804, 459, 837, 575, 340, 304, 263, 412]
dests:[466, 574, 58, 42, 554]
ac_dict:{69: {0, 1}, 641: {1, 2}, 804: {2, 3}, 459: {3, 4}, 466: {0}, 574: {1}, 58: {2}, 42: {3}, 554: {4}}
clusters:[0 1 1 1 0 0 1 0 1 0]

round: 2
best_g_value: 161.0
open_list_size: 1
num_low_level_expanded: 1722
search_success: 1
search_time: 0.2269960599951446
n_tsp_call: 1
n_tsp_time: 0.18510525207966566
n_roots: 1
num_conflicts: 1
target_assignment: {837: 2, 340: 1}
cluster_target_selection: {0: 837, 1: 340}
num_nodes_transformed_graph: 48
agent_paths:({0: [(10, 25), (10, 24), (10, 23), (10, 22), (10, 21), (10, 20), (10, 19), (10, 18), (10, 17), (10, 16), (10, 15), (10, 14), (11, 14), (12, 14), (13, 14), (14, 14), (15, 14), (16, 14), (17, 14), (18, 14), (18, 14)], 1: [(12, 2), (13, 2), (14, 2), (14, 3), (14, 4), (14, 5), (15, 5), (16, 5), (17, 5), (18, 5), (19, 5), (19, 6), (20, 6), (20, 7), (20, 8), (20, 9), (20, 10), (21, 10), (22, 10), (23, 10), (24, 10), (25, 10), (26, 10), (27, 10), (28, 10), (29, 10), (29, 11), (29, 12), (29, 13), (29, 14), (30, 14), (30, 15), (30, 16), (30, 17), (30, 17)], 2: [(5, 28), (5, 27), (5, 26), (5, 25), (6, 25), (7, 25), (7, 24), (7, 23), (7, 22), (7, 21), (7, 20), (7, 19), (7, 18), (7, 17), (7, 16), (8, 16), (9, 16), (9, 15), (9, 14), (10, 14), (11, 14), (12, 14), (12, 13), (12, 12), (12, 11), (12, 10), (13, 10), (13, 9), (13, 8), (13, 7), (13, 6), (13, 5), (14, 5), (15, 5), (16, 5), (16, 4), (16, 3), (17, 3), (18, 3), (19, 3), (20, 3), (21, 3), (22, 3), (23, 3), (24, 3), (25, 3), (26, 3), (27, 3), (27, 2), (27, 1), (26, 1), (26, 1)], 3: [(2, 28), (2, 27), (2, 26), (2, 25), (2, 24), (2, 23), (2, 22), (2, 21), (2, 20), (2, 19), (2, 18), (2, 17), (2, 16), (2, 15), (2, 14), (2, 13), (2, 12), (2, 11), (2, 10), (2, 9), (3, 9), (3, 8), (3, 7), (3, 6), (3, 5), (3, 4), (3, 3), (3, 2), (3, 1), (4, 1), (5, 1), (6, 1), (7, 1), (8, 1), (9, 1), (10, 1), (10, 1)], 4: [(3, 0), (4, 0), (5, 0), (6, 0), (6, 1), (7, 1), (8, 1), (9, 1), (10, 1), (10, 2), (10, 3), (10, 4), (10, 5), (10, 6), (10, 7), (10, 8), (10, 9), (10, 10), (10, 11), (10, 12), (10, 13), (10, 14), (10, 15), (10, 16), (10, 17), (10, 17)]}, 50)