

CBSS-C STATS
starts:[735, 781, 747, 212, 230]
targets:[344, 245, 417, 46, 421, 524, 972, 378, 879, 793, 689, 706, 1019, 627, 467, 830, 146, 157, 609, 984, 998, 119, 474, 628, 888, 431, 44, 274, 884, 873, 882, 951, 831, 581, 947, 596, 922, 859, 76, 297, 409, 48, 123, 573, 122, 683, 361, 88, 290, 22]
dests:[852, 307, 857, 49, 802]
ac_dict:{344: {0, 1}, 245: {1, 2}, 417: {2, 3}, 46: {3, 4}, 852: {0}, 307: {1}, 857: {2}, 49: {3}, 802: {4}}
clusters:[19  2  4 26 19 25  9 14  7 28 29 22 12 27 23 18 25 17 11 20 24 27 16 15
  1 13 16 28  6 22  5 27 14 23 21  0 11  8  0 16 10  3 12 12 26 13 23 23
 11 12]

round: 1
best_g_value: 179.0
open_list_size: 0
num_low_level_expanded: 399
search_success: 1
search_time: 6.884124467999754
n_tsp_call: 1
n_tsp_time: 6.824514863000331
n_roots: 1
num_conflicts: 0
target_assignment: {831: 0, 830: 0, 859: 0, 888: 0, 884: 0, 689: 1, 627: 1, 628: 1, 596: 1, 474: 1, 409: 1, 122: 1, 123: 1, 157: 1, 245: 1, 274: 1, 683: 2, 581: 2, 421: 2, 417: 2, 998: 2, 972: 2, 879: 2, 882: 2, 947: 2, 984: 2, 290: 4, 706: 4, 146: 3, 48: 3}
cluster_target_selection: {14: 831, 18: 830, 8: 859, 1: 888, 6: 884, 29: 689, 27: 627, 15: 628, 0: 596, 16: 474, 10: 409, 26: 122, 12: 123, 17: 157, 2: 245, 28: 274, 13: 683, 23: 581, 19: 421, 4: 417, 24: 998, 9: 972, 7: 879, 5: 882, 21: 947, 20: 984, 11: 290, 22: 706, 25: 146, 3: 48}
num_nodes_transformed_graph: 125
agent_paths:({0: [(31, 22), (31, 23), (31, 24), (31, 25), (30, 25), (29, 25), (28, 25), (27, 25), (27, 26), (26, 26), (25, 26), (24, 26), (24, 27), (23, 27), (22, 27), (21, 27), (20, 27), (20, 26), (20, 26)], 1: [(13, 24), (13, 23), (13, 22), (13, 21), (14, 21), (15, 21), (16, 21), (17, 21), (17, 20), (17, 19), (18, 19), (19, 19), (20, 19), (20, 18), (20, 17), (20, 16), (21, 16), (21, 15), (21, 14), (22, 14), (23, 14), (24, 14), (25, 14), (26, 14), (25, 14), (25, 13), (25, 12), (25, 11), (25, 10), (25, 9), (25, 8), (25, 7), (25, 6), (25, 5), (25, 4), (25, 3), (26, 3), (27, 3), (28, 3), (28, 4), (29, 4), (28, 4), (27, 4), (26, 4), (25, 4), (25, 5), (24, 5), (23, 5), (23, 6), (22, 6), (21, 6), (21, 7), (20, 7), (19, 7), (18, 7), (18, 8), (18, 9), (19, 9), (19, 9)], 2: [(11, 23), (11, 22), (11, 21), (10, 21), (9, 21), (8, 21), (7, 21), (6, 21), (5, 21), (5, 20), (5, 19), (5, 18), (5, 17), (5, 16), (5, 15), (5, 14), (5, 13), (4, 13), (3, 13), (2, 13), (1, 13), (2, 13), (2, 14), (2, 15), (2, 16), (2, 17), (2, 18), (2, 19), (2, 20), (3, 20), (3, 21), (3, 22), (4, 22), (4, 23), (4, 24), (4, 25), (5, 25), (6, 25), (6, 26), (6, 27), (6, 28), (6, 29), (6, 30), (6, 31), (6, 30), (7, 30), (8, 30), (9, 30), (10, 30), (11, 30), (12, 30), (12, 29), (12, 28), (12, 27), (13, 27), (14, 27), (15, 27), (16, 27), (17, 27), (18, 27), (19, 27), (19, 28), (19, 29), (20, 29), (21, 29), (21, 30), (22, 30), (23, 30), (24, 30), (24, 29), (24, 28), (24, 27), (24, 26), (25, 26), (25, 26)], 3: [(20, 6), (19, 6), (18, 6), (18, 5), (18, 4), (17, 4), (16, 4), (16, 3), (16, 2), (16, 1), (17, 1), (17, 1)], 4: [(6, 7), (5, 7), (4, 7), (3, 7), (3, 8), (3, 9), (2, 9), (2, 10), (2, 11), (2, 12), (2, 13), (2, 14), (2, 15), (2, 16), (2, 17), (2, 18), (2, 19), (2, 20), (2, 21), (2, 22), (2, 23), (2, 24), (2, 25), (2, 25)]}, 73)