

CBSS-C STATS
starts:[603, 531, 1021, 552, 712]
targets:[1016, 331, 669, 540, 957, 831, 226, 409, 601, 571]
dests:[419, 335, 976, 670, 101]
ac_dict:{1016: {0, 1}, 331: {1, 2}, 669: {2, 3}, 540: {3, 4}, 419: {0}, 335: {1}, 976: {2}, 670: {3}, 101: {4}}
clusters:[4 2 0 3 1 3 2 3 2 1]

round: 2
best_g_value: 128.0
open_list_size: 1
num_low_level_expanded: 983
search_success: 1
search_time: 0.11214580712839961
n_tsp_call: 1
n_tsp_time: 0.08520945673808455
n_roots: 1
num_conflicts: 1
target_assignment: {601: 0, 1016: 0, 571: 3, 540: 3, 669: 3}
cluster_target_selection: {2: 601, 4: 1016, 1: 571, 3: 540, 0: 669}
num_nodes_transformed_graph: 29
agent_paths:({0: [(27, 18), (26, 18), (25, 18), (24, 18), (24, 19), (24, 20), (24, 21), (24, 22), (24, 23), (24, 24), (24, 25), (24, 26), (24, 27), (24, 28), (24, 29), (24, 30), (24, 31), (24, 30), (23, 30), (22, 30), (21, 30), (20, 30), (19, 30), (18, 30), (17, 30), (17, 29), (16, 29), (15, 29), (14, 29), (13, 29), (12, 29), (11, 29), (10, 29), (10, 28), (9, 28), (8, 28), (8, 27), (8, 26), (7, 26), (7, 25), (7, 24), (7, 23), (6, 23), (5, 23), (5, 22), (5, 21), (5, 20), (5, 19), (4, 19), (4, 18), (3, 18), (3, 17), (3, 16), (3, 15), (3, 14), (3, 13), (3, 13)], 1: [(19, 16), (19, 15), (18, 15), (17, 15), (16, 15), (16, 14), (15, 14), (15, 13), (15, 12), (15, 11), (15, 10), (15, 10)], 2: [(29, 31), (28, 31), (27, 31), (26, 31), (25, 31), (24, 31), (24, 30), (23, 30), (22, 30), (21, 30), (20, 30), (19, 30), (18, 30), (17, 30), (16, 30), (16, 30)], 3: [(8, 17), (9, 17), (10, 17), (11, 17), (12, 17), (13, 17), (14, 17), (15, 17), (16, 17), (17, 17), (18, 17), (19, 17), (20, 17), (21, 17), (22, 17), (23, 17), (24, 17), (25, 17), (26, 17), (27, 17), (27, 16), (28, 16), (29, 16), (29, 17), (29, 18), (29, 19), (29, 20), (30, 20), (30, 20)], 4: [(8, 22), (7, 22), (7, 21), (7, 20), (7, 19), (7, 18), (7, 17), (6, 17), (6, 16), (6, 15), (6, 14), (6, 13), (6, 12), (6, 11), (5, 11), (5, 10), (5, 9), (5, 8), (5, 7), (5, 6), (5, 5), (5, 4), (5, 3), (5, 3)]}, 55)