

CBSS-C STATS
starts:[64, 994, 9, 538, 758]
targets:[797, 166, 115, 664, 133, 80, 542, 527, 184, 94]
dests:[638, 489, 330, 569, 880]
ac_dict:{797: {0, 1}, 166: {1, 2}, 115: {2, 3}, 664: {3, 4}, 638: {0}, 489: {1}, 330: {2}, 569: {3}, 880: {4}}
clusters:[1 4 2 4 3 0 0 3 0 1]

round: 2
best_g_value: 127.0
open_list_size: 1
num_low_level_expanded: 694
search_success: 1
search_time: 0.10565900010988116
n_tsp_call: 1
n_tsp_time: 0.08317442890256643
n_roots: 1
num_conflicts: 1
target_assignment: {133: 0, 94: 0, 542: 0, 115: 2, 664: 3}
cluster_target_selection: {3: 133, 1: 94, 0: 542, 2: 115, 4: 664}
num_nodes_transformed_graph: 28
agent_paths:({0: [(0, 2), (1, 2), (2, 2), (3, 2), (4, 2), (5, 2), (5, 3), (5, 4), (6, 4), (7, 4), (8, 4), (9, 4), (10, 4), (11, 4), (12, 4), (13, 4), (14, 4), (14, 5), (15, 5), (16, 5), (16, 4), (16, 3), (17, 3), (18, 3), (19, 3), (20, 3), (21, 3), (22, 3), (23, 3), (24, 3), (25, 3), (26, 3), (27, 3), (27, 2), (28, 2), (29, 2), (30, 2), (30, 3), (30, 4), (30, 5), (30, 6), (30, 7), (30, 8), (30, 9), (30, 10), (30, 11), (30, 12), (29, 12), (29, 13), (29, 14), (30, 14), (30, 15), (30, 16), (30, 17), (30, 18), (30, 19), (30, 19)], 1: [(2, 31), (2, 30), (2, 29), (2, 28), (2, 27), (2, 26), (2, 25), (2, 24), (2, 23), (2, 22), (2, 21), (2, 20), (2, 19), (2, 18), (2, 17), (2, 16), (3, 16), (4, 16), (5, 16), (6, 16), (7, 16), (8, 16), (9, 16), (9, 15), (9, 15)], 2: [(9, 0), (10, 0), (11, 0), (12, 0), (13, 0), (14, 0), (15, 0), (16, 0), (16, 1), (17, 1), (17, 2), (17, 3), (18, 3), (19, 3), (18, 3), (17, 3), (17, 4), (17, 5), (17, 6), (16, 6), (15, 6), (14, 6), (13, 6), (12, 6), (11, 6), (10, 6), (10, 7), (10, 8), (10, 9), (10, 10), (10, 10)], 3: [(26, 16), (25, 16), (24, 16), (24, 17), (24, 18), (24, 19), (24, 20), (24, 19), (24, 18), (24, 17), (25, 17), (25, 17)], 4: [(22, 23), (22, 24), (22, 25), (21, 25), (20, 25), (19, 25), (18, 25), (17, 25), (16, 25), (16, 26), (16, 27), (16, 27)]}, 55)