

CBSS-C STATS
starts:[1019, 931, 46, 697, 807]
targets:[39, 573, 502, 754, 986, 473, 485, 163, 828, 409, 738, 747, 159, 900, 10, 354, 97, 699, 459, 136]
dests:[895, 555, 558, 958, 210]
ac_dict:{39: {0, 1}, 573: {1, 2}, 502: {2, 3}, 754: {3, 4}, 895: {0}, 555: {1}, 558: {2}, 958: {3}, 210: {4}}
clusters:[8 5 9 7 5 2 8 2 6 3 3 0 6 2 9 0 4 1 8 9]

round: 1
best_g_value: 137.0
open_list_size: 0
num_low_level_expanded: 354
search_success: 1
search_time: 0.6037631258368492
n_tsp_call: 1
n_tsp_time: 0.5828411490656435
n_roots: 1
num_conflicts: 0
target_assignment: {986: 0, 738: 1, 747: 1, 459: 4, 97: 2, 163: 2, 136: 2, 699: 3, 754: 3, 828: 3}
cluster_target_selection: {5: 986, 3: 738, 0: 747, 8: 459, 4: 97, 2: 163, 9: 136, 1: 699, 7: 754, 6: 828}
num_nodes_transformed_graph: 52
agent_paths:({0: [(27, 31), (26, 31), (26, 30), (26, 29), (26, 28), (26, 27), (27, 27), (28, 27), (29, 27), (30, 27), (31, 27), (31, 27)], 1: [(3, 29), (2, 29), (2, 28), (2, 27), (2, 26), (2, 25), (2, 24), (2, 23), (3, 23), (4, 23), (5, 23), (6, 23), (7, 23), (8, 23), (9, 23), (10, 23), (11, 23), (11, 22), (11, 21), (11, 20), (11, 19), (11, 18), (11, 17), (11, 17)], 2: [(14, 1), (13, 1), (12, 1), (11, 1), (10, 1), (9, 1), (8, 1), (7, 1), (6, 1), (5, 1), (4, 1), (3, 1), (2, 1), (1, 1), (1, 2), (1, 3), (2, 3), (3, 3), (3, 4), (3, 5), (3, 4), (4, 4), (5, 4), (6, 4), (7, 4), (8, 4), (9, 4), (10, 4), (11, 4), (12, 4), (13, 4), (13, 5), (13, 6), (13, 7), (13, 8), (13, 9), (14, 9), (14, 10), (14, 11), (14, 12), (14, 13), (14, 14), (14, 15), (14, 16), (14, 17), (14, 17)], 3: [(25, 21), (26, 21), (27, 21), (26, 21), (25, 21), (24, 21), (23, 21), (22, 21), (21, 21), (20, 21), (19, 21), (18, 21), (18, 22), (18, 23), (19, 23), (19, 24), (20, 24), (20, 25), (21, 25), (22, 25), (23, 25), (24, 25), (25, 25), (26, 25), (27, 25), (28, 25), (29, 25), (30, 25), (30, 26), (30, 27), (30, 28), (30, 29), (30, 29)], 4: [(7, 25), (7, 24), (7, 23), (7, 22), (7, 21), (7, 20), (7, 19), (7, 18), (7, 17), (7, 16), (8, 16), (9, 16), (9, 15), (9, 14), (10, 14), (11, 14), (12, 14), (12, 13), (12, 12), (12, 11), (12, 10), (13, 10), (13, 9), (13, 8), (13, 7), (13, 6), (14, 6), (15, 6), (16, 6), (17, 6), (18, 6), (18, 6)]}, 44)