

CBSS-C STATS
starts:[567, 503, 581, 815, 998, 44, 778, 386, 1001, 977]
targets:[602, 183, 470, 230, 344, 827, 405, 244, 25, 630]
dests:[920, 208, 469, 483, 195, 967, 905, 654, 126, 1020]
ac_dict:{602: {0, 1}, 183: {1, 2}, 470: {2, 3}, 230: {3, 4}, 344: {4, 5}, 827: {5, 6}, 405: {6, 7}, 244: {8, 7}, 25: {8, 9}, 920: {0}, 208: {1}, 469: {2}, 483: {3}, 195: {4}, 967: {5}, 905: {6}, 654: {7}, 126: {8}, 1020: {9}}
clusters:[2 4 3 0 4 4 1 2 0 4]

round: 1
best_g_value: 244.0
open_list_size: 0
num_low_level_expanded: 974
search_success: 1
search_time: 0.1652820399031043
n_tsp_call: 1
n_tsp_time: 0.12358121620491147
n_roots: 1
num_conflicts: 0
target_assignment: {630: 0, 230: 4, 470: 2, 244: 8, 405: 7}
cluster_target_selection: {4: 630, 0: 230, 3: 470, 2: 244, 1: 405}
num_nodes_transformed_graph: 34
agent_paths:({0: [(23, 17), (22, 17), (22, 18), (22, 19), (23, 19), (24, 19), (24, 20), (24, 21), (24, 22), (24, 23), (24, 24), (24, 25), (24, 26), (24, 27), (24, 28), (24, 28)], 1: [(23, 15), (22, 15), (21, 15), (21, 14), (20, 14), (19, 14), (18, 14), (17, 14), (16, 14), (16, 13), (16, 12), (16, 11), (16, 10), (16, 9), (16, 8), (16, 7), (16, 6), (16, 6)], 2: [(5, 18), (5, 17), (5, 16), (6, 16), (7, 16), (8, 16), (9, 16), (9, 15), (9, 14), (10, 14), (11, 14), (12, 14), (13, 14), (14, 14), (15, 14), (16, 14), (17, 14), (18, 14), (19, 14), (20, 14), (21, 14), (22, 14), (21, 14), (21, 14)], 3: [(15, 25), (14, 25), (13, 25), (12, 25), (11, 25), (10, 25), (9, 25), (8, 25), (7, 25), (7, 24), (7, 23), (6, 23), (5, 23), (5, 22), (5, 21), (5, 20), (5, 19), (4, 19), (4, 18), (3, 18), (3, 17), (3, 16), (3, 15), (3, 15)], 4: [(6, 31), (6, 30), (6, 29), (6, 28), (6, 27), (6, 26), (6, 25), (7, 25), (7, 24), (7, 23), (7, 22), (7, 21), (7, 20), (7, 19), (7, 18), (7, 17), (6, 17), (6, 16), (6, 15), (6, 14), (6, 13), (6, 12), (6, 11), (6, 10), (6, 9), (5, 9), (5, 8), (5, 7), (6, 7), (5, 7), (4, 7), (3, 7), (3, 6), (3, 6)], 5: [(12, 1), (11, 1), (10, 1), (10, 2), (10, 3), (10, 4), (10, 5), (10, 6), (10, 7), (10, 8), (10, 9), (10, 10), (10, 11), (10, 12), (10, 13), (10, 14), (9, 14), (9, 15), (9, 16), (8, 16), (8, 17), (8, 18), (8, 19), (8, 20), (8, 21), (8, 22), (8, 23), (8, 24), (8, 25), (8, 26), (8, 27), (8, 28), (7, 28), (7, 29), (7, 30), (7, 30)], 6: [(10, 24), (9, 24), (9, 25), (9, 26), (9, 27), (9, 28), (9, 28)], 7: [(2, 12), (3, 12), (4, 12), (4, 11), (5, 11), (6, 11), (6, 10), (7, 10), (8, 10), (9, 10), (10, 10), (11, 10), (12, 10), (13, 10), (14, 10), (15, 10), (16, 10), (16, 11), (17, 11), (18, 11), (19, 11), (19, 12), (20, 12), (21, 12), (20, 12), (19, 12), (18, 12), (17, 12), (16, 12), (15, 12), (14, 12), (14, 13), (14, 14), (14, 15), (14, 16), (14, 17), (14, 18), (14, 19), (14, 20), (14, 20)], 8: [(9, 31), (9, 30), (10, 30), (10, 29), (10, 28), (10, 27), (10, 26), (10, 25), (10, 24), (10, 23), (10, 22), (10, 21), (10, 20), (10, 19), (10, 18), (10, 17), (10, 16), (10, 15), (10, 14), (10, 13), (10, 12), (10, 11), (10, 10), (10, 9), (10, 8), (10, 7), (11, 7), (12, 7), (13, 7), (14, 7), (15, 7), (16, 7), (17, 7), (18, 7), (19, 7), (20, 7), (20, 6), (21, 6), (22, 6), (23, 6), (23, 5), (24, 5), (25, 5), (25, 4), (26, 4), (27, 4), (28, 4), (29, 4), (30, 4), (30, 3), (30, 3)], 9: [(17, 30), (18, 30), (19, 30), (20, 30), (21, 30), (22, 30), (23, 30), (24, 30), (25, 30), (26, 30), (27, 30), (28, 30), (28, 31), (28, 31)]}, 49)