

CBSS-C STATS
starts:[881, 181, 723, 750, 586]
targets:[546, 849, 1007, 332, 121, 471, 854, 335, 347, 441, 973, 81, 60, 1023, 573, 588, 825, 399, 15, 804, 450, 890, 989, 592, 483, 775, 38, 827, 574, 999, 953, 156, 990, 287, 693, 641, 155, 971, 790, 233, 154, 101, 224, 618, 426, 913, 751, 431, 709, 855]
dests:[1016, 380, 518, 568, 650]
ac_dict:{546: {0, 1}, 849: {1, 2}, 1007: {2, 3}, 332: {3, 4}, 1016: {0}, 380: {1}, 518: {2}, 568: {3}, 650: {4}}
clusters:[ 4  1 29 27  5 25 18 26 13  3 15  7  2 21 11 20 15  8  0 18 10 19 11  3
  8  1  0 14 19  6 28 12 28  9 20 16 17 26  6 27  2  7 24 23  2 22  6  5
 16  1]

round: 1
best_g_value: 193.0
open_list_size: 0
num_low_level_expanded: 453
search_success: 1
search_time: 43.90830468900003
n_tsp_call: 1
n_tsp_time: 43.79802994799957
n_roots: 1
num_conflicts: 0
target_assignment: {854: 0, 855: 0, 890: 0, 827: 0, 989: 0, 990: 0, 1023: 0, 913: 2, 1007: 2, 973: 2, 971: 2, 709: 2, 618: 4, 751: 3, 693: 3, 81: 1, 15: 1, 233: 1, 224: 1, 450: 1, 546: 1, 483: 1, 471: 1, 441: 1, 121: 1, 154: 1, 155: 1, 156: 1, 287: 1, 347: 1}
cluster_target_selection: {18: 854, 1: 855, 19: 890, 14: 827, 11: 989, 28: 990, 21: 1023, 22: 913, 29: 1007, 15: 973, 26: 971, 16: 709, 23: 618, 6: 751, 20: 693, 7: 81, 0: 15, 27: 233, 24: 224, 10: 450, 4: 546, 8: 483, 25: 471, 3: 441, 5: 121, 2: 154, 17: 155, 12: 156, 9: 287, 13: 347}
num_nodes_transformed_graph: 248
agent_paths:({0: [(17, 27), (18, 27), (19, 27), (20, 27), (21, 27), (22, 27), (22, 26), (23, 26), (24, 26), (25, 26), (26, 26), (26, 27), (26, 26), (26, 25), (27, 25), (28, 25), (29, 25), (29, 26), (29, 27), (29, 28), (29, 29), (29, 30), (30, 30), (31, 30), (31, 31), (30, 31), (29, 31), (28, 31), (27, 31), (26, 31), (25, 31), (24, 31), (24, 31)], 1: [(21, 5), (21, 4), (20, 4), (19, 4), (18, 4), (17, 4), (17, 3), (17, 2), (16, 2), (16, 1), (15, 1), (15, 0), (14, 0), (13, 0), (12, 0), (11, 0), (10, 0), (10, 1), (10, 2), (10, 3), (10, 4), (10, 5), (10, 6), (9, 6), (9, 7), (9, 6), (8, 6), (7, 6), (7, 7), (6, 7), (5, 7), (4, 7), (3, 7), (2, 7), (1, 7), (0, 7), (1, 7), (1, 8), (1, 9), (2, 9), (2, 10), (2, 11), (2, 12), (2, 13), (2, 14), (2, 15), (2, 16), (2, 17), (2, 16), (2, 15), (3, 15), (4, 15), (5, 15), (6, 15), (7, 15), (7, 16), (8, 16), (9, 16), (9, 15), (9, 14), (10, 14), (11, 14), (12, 14), (13, 14), (14, 14), (15, 14), (16, 14), (17, 14), (18, 14), (19, 14), (20, 14), (21, 14), (22, 14), (23, 14), (23, 13), (24, 13), (25, 13), (25, 12), (25, 11), (25, 10), (25, 9), (25, 8), (25, 7), (25, 6), (25, 5), (25, 4), (25, 3), (26, 3), (26, 4), (27, 4), (28, 4), (29, 4), (30, 4), (31, 4), (31, 5), (31, 6), (31, 7), (31, 8), (30, 8), (29, 8), (28, 8), (27, 8), (27, 9), (27, 10), (28, 10), (28, 11), (28, 11)], 2: [(19, 22), (18, 22), (17, 22), (17, 23), (17, 24), (17, 25), (17, 26), (17, 27), (17, 28), (16, 28), (16, 29), (16, 30), (16, 31), (15, 31), (14, 31), (13, 31), (13, 30), (12, 30), (11, 30), (10, 30), (9, 30), (8, 30), (8, 29), (8, 28), (8, 27), (8, 26), (7, 26), (7, 25), (7, 24), (7, 23), (6, 23), (5, 23), (5, 22), (5, 21), (5, 20), (5, 19), (5, 18), (5, 17), (5, 16), (6, 16), (6, 16)], 3: [(14, 23), (15, 23), (15, 22), (15, 21), (16, 21), (17, 21), (18, 21), (19, 21), (20, 21), (21, 21), (21, 20), (21, 19), (21, 18), (21, 17), (22, 17), (23, 17), (24, 17), (24, 17)], 4: [(10, 18), (10, 19), (10, 20), (10, 20)]}, 105)