

CBSS-C STATS
starts:[588, 414, 390, 892, 158]
targets:[948, 503, 737, 720, 185, 716, 486, 28, 200, 51, 435, 900, 32, 516, 990, 92, 763, 742, 987, 941, 142, 699, 885, 649, 790, 861, 444, 607, 769, 207, 589, 46, 750, 36, 429, 925, 252, 628, 458, 924, 306, 288, 749, 43, 520, 70, 908, 64, 643, 463]
dests:[131, 89, 927, 940, 536]
ac_dict:{948: {0, 1}, 503: {1, 2}, 737: {2, 3}, 720: {3, 4}, 131: {0}, 89: {1}, 927: {2}, 940: {3}, 536: {4}}
clusters:[ 9 37 10 21  6 22  0 18  9  3 13  2  2 16 31  5 20 29 19 30  8 17  1  7
 15 34  4 25  7  4  5 28  3  8  1 32 24 27 26 12 23 36  6 33 39 11 14  0
 35 38]

round: 2
best_g_value: 239.0
open_list_size: 1
num_low_level_expanded: 600
search_success: 1
search_time: 7.323131343999194
n_tsp_call: 1
n_tsp_time: 7.2479200329999
n_roots: 1
num_conflicts: 1
target_assignment: {46: 0, 43: 0, 200: 0, 70: 0, 36: 0, 32: 0, 288: 0, 924: 3, 925: 3, 861: 3, 790: 3, 628: 3, 720: 3, 750: 3, 749: 3, 716: 3, 908: 3, 941: 3, 252: 1, 28: 1, 92: 1, 444: 4, 486: 2, 516: 2, 643: 2, 737: 2, 742: 2, 649: 2, 520: 2, 458: 2, 429: 2, 463: 2, 306: 2, 435: 2, 503: 2, 607: 2, 699: 2, 763: 2, 987: 2, 990: 2}
cluster_target_selection: {28: 46, 33: 43, 9: 200, 11: 70, 8: 36, 2: 32, 36: 288, 12: 924, 32: 925, 34: 861, 15: 790, 27: 628, 21: 720, 3: 750, 6: 749, 22: 716, 14: 908, 30: 941, 24: 252, 18: 28, 5: 92, 4: 444, 0: 486, 16: 516, 35: 643, 10: 737, 29: 742, 7: 649, 39: 520, 26: 458, 1: 429, 38: 463, 23: 306, 13: 435, 37: 503, 25: 607, 17: 699, 20: 763, 19: 987, 31: 990}
num_nodes_transformed_graph: 125
agent_paths:({0: [(12, 18), (12, 17), (12, 16), (12, 15), (12, 14), (12, 13), (12, 12), (12, 11), (12, 10), (13, 10), (13, 9), (13, 8), (13, 7), (13, 6), (13, 5), (13, 4), (13, 3), (13, 2), (13, 1), (14, 1), (13, 1), (12, 1), (11, 1), (10, 1), (9, 1), (9, 2), (9, 3), (8, 3), (8, 4), (8, 5), (8, 6), (7, 6), (7, 5), (6, 5), (6, 4), (6, 3), (6, 2), (5, 2), (4, 2), (4, 1), (3, 1), (2, 1), (1, 1), (0, 1), (0, 2), (0, 3), (1, 3), (1, 4), (1, 5), (1, 6), (1, 7), (0, 7), (0, 8), (0, 9), (0, 8), (0, 7), (1, 7), (1, 6), (1, 5), (1, 4), (2, 4), (3, 4), (3, 4)], 1: [(30, 12), (29, 12), (29, 11), (29, 10), (29, 9), (29, 8), (29, 7), (28, 7), (28, 6), (28, 5), (28, 4), (28, 3), (28, 2), (28, 1), (28, 0), (28, 1), (28, 2), (27, 2), (27, 3), (26, 3), (25, 3), (25, 2), (25, 2)], 2: [(6, 12), (6, 13), (6, 14), (6, 15), (5, 15), (4, 15), (4, 16), (3, 16), (3, 17), (3, 18), (2, 18), (2, 19), (2, 20), (3, 20), (2, 20), (1, 20), (1, 21), (1, 22), (1, 23), (2, 23), (3, 23), (4, 23), (5, 23), (6, 23), (6, 22), (6, 21), (6, 20), (7, 20), (8, 20), (9, 20), (8, 20), (8, 19), (8, 18), (8, 17), (8, 16), (9, 16), (9, 15), (9, 14), (10, 14), (11, 14), (12, 14), (12, 13), (13, 13), (14, 13), (15, 13), (15, 14), (15, 13), (15, 12), (15, 11), (15, 10), (15, 9), (16, 9), (17, 9), (18, 9), (19, 9), (19, 10), (19, 11), (19, 12), (19, 13), (20, 13), (21, 13), (22, 13), (23, 13), (23, 14), (23, 15), (24, 15), (25, 15), (26, 15), (27, 15), (28, 15), (29, 15), (30, 15), (30, 16), (30, 17), (31, 17), (31, 18), (30, 18), (29, 18), (28, 18), (27, 18), (27, 19), (27, 20), (27, 21), (27, 22), (27, 23), (27, 24), (27, 25), (27, 26), (27, 27), (27, 28), (27, 29), (27, 30), (28, 30), (29, 30), (30, 30), (30, 29), (30, 28), (31, 28), (31, 28)], 3: [(28, 27), (28, 28), (29, 28), (29, 27), (29, 26), (29, 25), (28, 25), (27, 25), (26, 25), (25, 25), (24, 25), (23, 25), (22, 25), (22, 24), (22, 23), (21, 23), (21, 22), (20, 22), (20, 21), (20, 20), (20, 19), (19, 19), (18, 19), (17, 19), (16, 19), (16, 20), (16, 21), (16, 22), (15, 22), (15, 23), (14, 23), (13, 23), (12, 23), (12, 22), (12, 23), (12, 24), (12, 25), (12, 26), (12, 27), (12, 28), (13, 28), (13, 29), (12, 29), (12, 29)], 4: [(30, 4), (29, 4), (28, 4), (28, 5), (28, 6), (28, 7), (28, 8), (28, 9), (28, 10), (28, 11), (28, 12), (28, 13), (27, 13), (26, 13), (25, 13), (24, 13), (24, 14), (24, 15), (24, 16), (24, 16)]}, 97)