

CBSS-C STATS
starts:[849, 60, 138, 379, 978]
targets:[12, 120, 622, 567, 737, 986, 135, 175, 96, 194, 836, 292, 77, 815, 886, 827, 144, 131, 0, 225, 212, 656, 762, 129, 66, 330, 668, 785, 607, 613, 721, 25, 269, 16, 784, 87, 998, 566, 959, 315, 693, 203, 606, 305, 941, 104, 645, 797, 251, 44]
dests:[504, 484, 609, 354, 715]
ac_dict:{12: {0, 1}, 120: {1, 2}, 622: {2, 3}, 567: {3, 4}, 504: {0}, 484: {1}, 609: {2}, 354: {3}, 715: {4}}
clusters:[16 31 14 21  9 33 37  4 35  5  4 39 17  8 36 32 29  7 19 20  9  7 27  0
  6 25  2  5 22 15 10 34  1 18 13  1  0  3 23 28 12 11 38  6  2 26  3 30
  8 24]

round: 1
best_g_value: 246.0
open_list_size: 0
num_low_level_expanded: 637
search_success: 1
search_time: 5.56086220600082
n_tsp_call: 1
n_tsp_time: 5.488353493999966
n_roots: 1
num_conflicts: 0
target_assignment: {785: 0, 721: 0, 693: 0, 886: 0, 986: 0, 959: 0, 797: 0, 827: 0, 762: 0, 668: 0, 607: 0, 606: 0, 315: 3, 567: 3, 566: 3, 784: 4, 815: 4, 120: 1, 25: 1, 87: 1, 212: 1, 175: 1, 144: 1, 16: 1, 12: 1, 44: 1, 77: 1, 203: 1, 330: 1, 104: 2, 135: 2, 131: 2, 66: 2, 0: 2, 96: 2, 129: 2, 225: 2, 292: 2, 622: 2, 613: 2}
cluster_target_selection: {5: 785, 10: 721, 12: 693, 36: 886, 33: 986, 23: 959, 30: 797, 32: 827, 27: 762, 2: 668, 22: 607, 38: 606, 28: 315, 21: 567, 3: 566, 13: 784, 8: 815, 31: 120, 34: 25, 1: 87, 9: 212, 4: 175, 29: 144, 18: 16, 16: 12, 24: 44, 17: 77, 11: 203, 25: 330, 26: 104, 37: 135, 7: 131, 6: 66, 19: 0, 35: 96, 0: 129, 20: 225, 39: 292, 14: 622, 15: 613}
num_nodes_transformed_graph: 129
agent_paths:({0: [(17, 26), (17, 25), (17, 24), (17, 23), (17, 22), (17, 21), (18, 21), (19, 21), (20, 21), (21, 21), (21, 22), (21, 23), (22, 23), (22, 24), (22, 25), (22, 26), (22, 27), (23, 27), (24, 27), (25, 27), (26, 27), (26, 28), (26, 29), (26, 30), (26, 29), (27, 29), (28, 29), (29, 29), (30, 29), (31, 29), (30, 29), (29, 29), (29, 28), (29, 27), (29, 26), (29, 25), (29, 24), (28, 24), (27, 24), (27, 25), (26, 25), (26, 24), (26, 23), (26, 22), (26, 21), (26, 20), (27, 20), (28, 20), (29, 20), (29, 19), (29, 18), (30, 18), (31, 18), (30, 18), (29, 18), (28, 18), (27, 18), (26, 18), (25, 18), (24, 18), (24, 17), (24, 16), (24, 15), (24, 15)], 1: [(28, 1), (27, 1), (27, 2), (27, 3), (26, 3), (25, 3), (24, 3), (24, 2), (24, 1), (24, 0), (25, 0), (24, 0), (23, 0), (23, 1), (23, 2), (22, 2), (21, 2), (21, 3), (21, 4), (21, 5), (21, 6), (20, 6), (19, 6), (18, 6), (17, 6), (16, 6), (15, 6), (15, 5), (16, 5), (16, 4), (16, 3), (16, 2), (16, 1), (16, 0), (15, 0), (14, 0), (13, 0), (12, 0), (12, 1), (13, 1), (13, 2), (12, 2), (11, 2), (11, 3), (11, 4), (11, 5), (11, 6), (10, 6), (10, 7), (10, 8), (10, 9), (10, 10), (9, 10), (8, 10), (7, 10), (6, 10), (6, 11), (6, 12), (6, 13), (5, 13), (5, 14), (5, 15), (4, 15), (4, 15)], 2: [(10, 4), (9, 4), (8, 4), (8, 3), (7, 3), (7, 4), (6, 4), (5, 4), (4, 4), (3, 4), (2, 4), (2, 3), (2, 2), (1, 2), (0, 2), (0, 1), (0, 0), (0, 1), (0, 2), (0, 3), (1, 3), (1, 4), (1, 5), (1, 6), (1, 7), (2, 7), (3, 7), (4, 7), (4, 8), (4, 9), (5, 9), (6, 9), (7, 9), (7, 10), (8, 10), (9, 10), (10, 10), (11, 10), (12, 10), (13, 10), (14, 10), (14, 11), (14, 12), (14, 13), (14, 14), (14, 15), (14, 16), (14, 17), (14, 18), (14, 19), (13, 19), (12, 19), (11, 19), (10, 19), (9, 19), (8, 19), (7, 19), (6, 19), (5, 19), (4, 19), (4, 18), (3, 18), (2, 18), (2, 19), (1, 19), (1, 19)], 3: [(27, 11), (27, 10), (27, 9), (27, 10), (26, 10), (25, 10), (24, 10), (23, 10), (23, 11), (23, 12), (23, 13), (23, 14), (23, 15), (23, 16), (23, 17), (22, 17), (21, 17), (20, 17), (19, 17), (18, 17), (17, 17), (16, 17), (15, 17), (14, 17), (13, 17), (12, 17), (11, 17), (10, 17), (9, 17), (8, 17), (7, 17), (6, 17), (5, 17), (4, 17), (3, 17), (2, 17), (2, 16), (2, 15), (2, 14), (2, 13), (2, 12), (2, 11), (2, 11)], 4: [(18, 30), (17, 30), (16, 30), (16, 29), (16, 28), (16, 27), (16, 26), (16, 25), (16, 24), (15, 24), (15, 25), (14, 25), (13, 25), (12, 25), (11, 25), (11, 24), (11, 23), (11, 22), (11, 22)]}, 64)