

CBSS-C STATS
starts:[331, 21, 653, 984, 650]
targets:[678, 522, 868, 985, 986, 685, 515, 3, 546, 561]
dests:[533, 251, 965, 762, 65]
ac_dict:{678: {0, 1}, 522: {1, 2}, 868: {2, 3}, 985: {3, 4}, 533: {0}, 251: {1}, 965: {2}, 762: {3}, 65: {4}}
clusters:[4 3 1 0 2 4 1 4 2 1]

round: 1
best_g_value: 93.0
open_list_size: 0
num_low_level_expanded: 299
search_success: 1
search_time: 0.11026160418987274
n_tsp_call: 1
n_tsp_time: 0.0950083788484335
n_roots: 1
num_conflicts: 0
target_assignment: {985: 3, 986: 3, 685: 2, 522: 2, 515: 4}
cluster_target_selection: {0: 985, 2: 986, 4: 685, 3: 522, 1: 515}
num_nodes_transformed_graph: 48
agent_paths:({0: [(11, 10), (12, 10), (13, 10), (14, 10), (15, 10), (16, 10), (16, 11), (17, 11), (18, 11), (19, 11), (19, 12), (20, 12), (21, 12), (21, 13), (21, 14), (21, 15), (21, 16), (21, 16)], 1: [(21, 0), (22, 0), (23, 0), (24, 0), (24, 1), (24, 2), (25, 2), (25, 3), (26, 3), (27, 3), (27, 4), (27, 5), (27, 6), (27, 7), (27, 7)], 2: [(13, 20), (13, 21), (12, 21), (11, 21), (10, 21), (10, 20), (10, 19), (10, 18), (10, 17), (10, 16), (9, 16), (8, 16), (7, 16), (7, 17), (7, 18), (7, 19), (7, 20), (7, 21), (7, 22), (7, 23), (7, 24), (7, 25), (6, 25), (5, 25), (5, 26), (5, 27), (5, 28), (5, 29), (5, 30), (5, 30)], 3: [(24, 30), (25, 30), (26, 30), (26, 29), (26, 28), (26, 27), (26, 26), (26, 25), (26, 24), (26, 23), (26, 23)], 4: [(10, 20), (9, 20), (8, 20), (7, 20), (6, 20), (5, 20), (5, 19), (4, 19), (4, 18), (3, 18), (3, 17), (3, 16), (2, 16), (1, 16), (1, 15), (1, 14), (1, 13), (1, 12), (1, 11), (1, 10), (1, 9), (1, 8), (1, 7), (1, 6), (1, 5), (1, 4), (1, 3), (1, 2), (1, 2)]}, 28)