

CBSS-C STATS
starts:[580, 454]
targets:[506, 641, 538, 545, 806, 866, 680, 617, 75, 95, 191, 808, 578, 552, 139, 113, 388, 1008, 843, 886, 396, 1010, 905, 604, 788, 176, 333, 281, 457, 594, 656, 672, 658, 401, 864, 1004, 350, 316, 742, 85, 579, 618, 329, 679, 516, 448, 841, 588, 600, 942, 434, 1023, 121, 930, 217, 615, 958, 369, 894, 14, 96, 699, 885, 110, 2, 126, 881, 865, 481, 386, 117, 42, 13, 348, 498, 792, 692, 738, 439, 963, 222, 440, 408, 685, 650, 797, 1017, 338, 887, 973, 838, 399, 181, 575, 313, 850, 974, 965, 744, 867]
dests:[24, 278]
ac_dict:{506: {0, 1}, 24: {0}, 278: {1}}
clusters:[19 33 23 13 36 35 26 37 26 12  3 22 39 31 22 17 11  1 32 37  6 35 21 28
  0 24 39  6 13 39 20 33 30 17 10 22 19  9  3 39 31 38 25 19 18  5 31 37
  4 19 25 35 14 15 34 20 16 20 14 27 19 33 32 24 35 19 17  8 11  7  2 34
 11 10 32 32  4 10 23 18 29 10 19 10 34 33 17 10 35 27  2 10 10  8 27 30
 33 24 30 38]

round: 1
best_g_value: 476.0
open_list_size: 0
num_low_level_expanded: 381
search_success: 1
search_time: 12.728596758002823
n_tsp_call: 1
n_tsp_time: 12.610653112998989
n_roots: 1
num_conflicts: 0
target_assignment: {579: 0, 578: 0, 545: 0, 481: 0, 448: 0, 386: 0, 516: 0, 615: 0, 617: 0, 680: 0, 808: 0, 806: 0, 867: 0, 866: 0, 865: 0, 930: 0, 965: 0, 905: 0, 973: 0, 1008: 0, 881: 0, 850: 0, 788: 0, 692: 0, 117: 0, 498: 1, 434: 1, 506: 1, 538: 1, 604: 1, 797: 1, 894: 1, 958: 1, 348: 1, 316: 1, 222: 1, 95: 1, 191: 1, 217: 1, 281: 1}
cluster_target_selection: {31: 579, 39: 578, 13: 545, 11: 481, 5: 448, 7: 386, 18: 516, 20: 615, 37: 617, 26: 680, 22: 808, 36: 806, 38: 867, 35: 866, 8: 865, 15: 930, 24: 965, 21: 905, 27: 973, 1: 1008, 17: 881, 30: 850, 0: 788, 4: 692, 2: 117, 32: 498, 25: 434, 19: 506, 23: 538, 28: 604, 33: 797, 14: 894, 16: 958, 10: 348, 9: 316, 29: 222, 12: 95, 3: 191, 34: 217, 6: 281}
num_nodes_transformed_graph: 104
agent_paths:({0: [(4, 18), (3, 18), (2, 18), (2, 17), (1, 17), (1, 16), (1, 15), (0, 15), (0, 14), (1, 14), (1, 13), (1, 12), (2, 12), (3, 12), (3, 13), (3, 14), (3, 15), (4, 15), (4, 16), (5, 16), (6, 16), (7, 16), (7, 17), (7, 18), (7, 19), (8, 19), (9, 19), (8, 19), (8, 20), (8, 21), (8, 22), (8, 23), (8, 24), (8, 25), (7, 25), (6, 25), (5, 25), (4, 25), (3, 25), (3, 26), (3, 27), (2, 27), (1, 27), (2, 27), (2, 28), (2, 29), (3, 29), (4, 29), (5, 29), (5, 30), (5, 29), (5, 28), (6, 28), (7, 28), (8, 28), (9, 28), (10, 28), (11, 28), (12, 28), (13, 28), (13, 29), (13, 30), (14, 30), (14, 31), (15, 31), (16, 31), (16, 30), (16, 29), (16, 28), (16, 27), (17, 27), (17, 26), (18, 26), (18, 25), (18, 24), (19, 24), (20, 24), (19, 24), (19, 23), (19, 22), (19, 21), (20, 21), (20, 20), (20, 19), (20, 18), (20, 17), (20, 16), (21, 16), (21, 15), (21, 14), (21, 13), (21, 12), (21, 11), (21, 10), (21, 9), (21, 8), (21, 7), (21, 6), (21, 5), (21, 4), (21, 3), (21, 2), (22, 2), (22, 1), (22, 0), (23, 0), (24, 0), (24, 0)], 1: [(6, 14), (6, 15), (7, 15), (7, 16), (8, 16), (9, 16), (10, 16), (11, 16), (12, 16), (13, 16), (14, 16), (15, 16), (16, 16), (16, 15), (17, 15), (18, 15), (18, 14), (18, 13), (19, 13), (20, 13), (21, 13), (22, 13), (23, 13), (24, 13), (25, 13), (26, 13), (26, 14), (26, 15), (26, 16), (27, 16), (27, 17), (27, 18), (28, 18), (29, 18), (29, 19), (29, 20), (29, 21), (29, 22), (29, 23), (29, 24), (30, 24), (30, 25), (30, 26), (30, 27), (30, 28), (30, 29), (29, 29), (29, 28), (29, 27), (29, 26), (29, 25), (29, 24), (29, 23), (29, 22), (29, 21), (29, 20), (29, 19), (29, 18), (29, 17), (29, 16), (28, 16), (28, 15), (28, 14), (28, 13), (28, 12), (28, 11), (28, 10), (28, 9), (28, 8), (28, 7), (28, 6), (29, 6), (30, 6), (30, 5), (30, 4), (30, 3), (30, 2), (31, 2), (31, 3), (31, 4), (31, 5), (30, 5), (29, 5), (28, 5), (27, 5), (26, 5), (25, 5), (25, 6), (25, 7), (25, 8), (24, 8), (23, 8), (22, 8), (22, 8)]}, 106)