

CBSS-C STATS
starts:[470, 974, 767, 682, 799]
targets:[409, 194, 801, 595, 50, 884, 78, 123, 639, 356, 88, 73, 850, 76, 338, 100, 931, 316, 688, 147, 1022, 758, 797, 252, 310, 35, 965, 106, 569, 499, 39, 31, 490, 806, 951, 689, 855, 230, 972, 211, 864, 417, 163, 984, 1020, 461, 212, 815, 824, 34]
dests:[752, 109, 13, 234, 238]
ac_dict:{409: {0, 1}, 194: {1, 2}, 801: {2, 3}, 595: {3, 4}, 752: {0}, 109: {1}, 13: {2}, 234: {3}, 238: {4}}
clusters:[25 22 29  1 26 11 34  3  9  5 27 32 21  3 33 37  8  1  9 30 20 13  7  5
 23 36  6  6  0 12  0  4  7 19 39 10  8  2 28 15  2 31 24  4 18 16 17 35
 14 38]

round: 1
best_g_value: 248.0
open_list_size: 0
num_low_level_expanded: 552
search_success: 1
search_time: 5.218412796000848
n_tsp_call: 1
n_tsp_time: 5.151996233000318
n_roots: 1
num_conflicts: 0
target_assignment: {409: 0, 310: 0, 338: 0, 499: 0, 689: 0, 688: 0, 972: 1, 490: 1, 230: 1, 194: 1, 163: 1, 100: 1, 34: 1, 35: 1, 39: 1, 73: 1, 106: 1, 1022: 4, 1020: 4, 984: 4, 951: 4, 855: 4, 824: 4, 758: 4, 884: 4, 850: 4, 815: 4, 461: 4, 316: 2, 252: 2, 123: 2, 88: 2, 212: 2, 211: 2, 147: 2, 50: 2, 78: 2, 806: 3, 801: 3, 417: 3}
cluster_target_selection: {25: 409, 23: 310, 33: 338, 12: 499, 10: 689, 9: 688, 28: 972, 7: 490, 2: 230, 22: 194, 24: 163, 37: 100, 38: 34, 36: 35, 0: 39, 32: 73, 6: 106, 20: 1022, 18: 1020, 4: 984, 39: 951, 8: 855, 14: 824, 13: 758, 11: 884, 21: 850, 35: 815, 16: 461, 1: 316, 5: 252, 3: 123, 27: 88, 17: 212, 15: 211, 30: 147, 26: 50, 34: 78, 19: 806, 29: 801, 31: 417}
num_nodes_transformed_graph: 122
agent_paths:({0: [(22, 14), (22, 13), (22, 12), (23, 12), (24, 12), (25, 12), (24, 12), (23, 12), (22, 12), (22, 11), (22, 10), (22, 9), (21, 9), (20, 9), (19, 9), (18, 9), (18, 10), (19, 10), (19, 11), (19, 12), (19, 13), (19, 14), (19, 15), (19, 16), (19, 17), (18, 17), (18, 18), (18, 19), (17, 19), (17, 20), (17, 21), (16, 21), (16, 22), (16, 23), (16, 23)], 1: [(14, 30), (13, 30), (12, 30), (11, 30), (10, 30), (10, 29), (10, 28), (10, 27), (10, 26), (10, 25), (10, 24), (10, 23), (10, 22), (10, 21), (10, 20), (10, 19), (10, 18), (10, 17), (10, 16), (10, 15), (10, 14), (10, 13), (10, 12), (9, 12), (9, 11), (9, 10), (8, 10), (7, 10), (7, 9), (7, 8), (7, 7), (6, 7), (5, 7), (4, 7), (3, 7), (2, 7), (2, 6), (2, 5), (3, 5), (3, 4), (3, 3), (4, 3), (3, 3), (2, 3), (2, 2), (2, 1), (3, 1), (4, 1), (5, 1), (6, 1), (7, 1), (8, 1), (9, 1), (9, 2), (10, 2), (10, 3), (11, 3), (12, 3), (13, 3), (13, 3)], 2: [(31, 23), (30, 23), (29, 23), (29, 22), (29, 21), (29, 20), (29, 19), (29, 18), (29, 17), (29, 16), (28, 16), (28, 15), (28, 14), (28, 13), (28, 12), (28, 11), (28, 10), (28, 9), (28, 8), (28, 7), (27, 7), (27, 6), (27, 5), (27, 4), (27, 3), (26, 3), (25, 3), (24, 3), (24, 2), (23, 2), (22, 2), (21, 2), (21, 3), (21, 4), (21, 5), (21, 6), (20, 6), (19, 6), (19, 5), (19, 4), (18, 4), (18, 3), (17, 3), (17, 2), (17, 1), (18, 1), (17, 1), (16, 1), (15, 1), (14, 1), (14, 2), (13, 2), (13, 1), (13, 0), (13, 0)], 3: [(10, 21), (9, 21), (8, 21), (7, 21), (7, 22), (7, 23), (7, 24), (7, 25), (6, 25), (5, 25), (4, 25), (3, 25), (2, 25), (1, 25), (1, 24), (1, 23), (1, 22), (1, 21), (1, 20), (1, 19), (2, 19), (2, 18), (2, 17), (1, 17), (1, 16), (1, 15), (1, 14), (1, 13), (1, 12), (1, 11), (1, 10), (1, 9), (2, 9), (3, 9), (4, 9), (5, 9), (6, 9), (7, 9), (7, 8), (8, 8), (9, 8), (9, 7), (10, 7), (10, 7)], 4: [(31, 24), (30, 24), (30, 25), (30, 26), (30, 27), (30, 28), (30, 29), (30, 30), (30, 31), (29, 31), (28, 31), (27, 31), (26, 31), (25, 31), (24, 31), (24, 30), (23, 30), (23, 29), (23, 28), (23, 27), (23, 26), (23, 25), (24, 25), (23, 25), (22, 25), (22, 24), (22, 23), (22, 24), (22, 25), (21, 25), (20, 25), (20, 26), (20, 27), (19, 27), (18, 27), (18, 26), (17, 26), (16, 26), (15, 26), (15, 25), (14, 25), (13, 25), (13, 24), (13, 23), (13, 22), (13, 21), (13, 20), (13, 19), (13, 18), (13, 17), (13, 16), (13, 15), (13, 14), (13, 13), (14, 13), (14, 12), (14, 11), (14, 10), (14, 9), (13, 9), (13, 8), (13, 7), (14, 7), (14, 7)]}, 62)