

CBSS-C STATS
starts:[692, 483, 947, 931, 104, 750, 904, 522, 632, 946]
targets:[485, 380, 784, 547, 991, 680, 109, 6, 174, 887, 779, 558, 477, 826, 312]
dests:[94, 803, 952, 685, 527, 985, 595, 869, 213, 392]
ac_dict:{485: {0, 1}, 380: {1, 2}, 784: {2, 3}, 547: {3, 4}, 991: {4, 5}, 680: {5, 6}, 109: {6, 7}, 6: {8, 7}, 174: {8, 9}, 94: {0}, 803: {1}, 952: {2}, 685: {3}, 527: {4}, 985: {5}, 595: {6}, 869: {7}, 213: {8}, 392: {9}}
clusters:[6 9 8 1 5 2 2 7 1 7 7 7 3 0 4]

round: 1
best_g_value: 256.0
open_list_size: 0
num_low_level_expanded: 853
search_success: 1
search_time: 1.4880152642726898
n_tsp_call: 1
n_tsp_time: 1.439006730914116
n_roots: 1
num_conflicts: 0
target_assignment: {477: 0, 547: 3, 784: 2, 380: 2, 779: 9, 312: 8, 826: 5, 991: 5, 485: 1, 680: 6}
cluster_target_selection: {3: 477, 1: 547, 8: 784, 9: 380, 7: 779, 4: 312, 0: 826, 5: 991, 6: 485, 2: 680}
num_nodes_transformed_graph: 98
agent_paths:({0: [(20, 21), (20, 20), (20, 19), (20, 18), (20, 17), (20, 16), (21, 16), (21, 15), (21, 14), (22, 14), (23, 14), (24, 14), (25, 14), (26, 14), (27, 14), (28, 14), (29, 14), (29, 13), (29, 12), (29, 11), (29, 10), (29, 9), (29, 8), (29, 7), (29, 6), (29, 5), (29, 4), (30, 4), (30, 3), (30, 2), (30, 2)], 1: [(3, 15), (4, 15), (5, 15), (5, 16), (5, 17), (5, 18), (5, 19), (5, 20), (5, 21), (5, 22), (4, 22), (3, 22), (3, 23), (3, 24), (3, 25), (3, 25)], 2: [(19, 29), (18, 29), (17, 29), (16, 29), (16, 28), (16, 27), (16, 26), (16, 25), (16, 24), (16, 23), (16, 22), (16, 21), (16, 20), (16, 19), (16, 18), (16, 17), (16, 16), (16, 15), (16, 14), (16, 13), (16, 12), (17, 12), (18, 12), (19, 12), (20, 12), (21, 12), (21, 11), (22, 11), (23, 11), (24, 11), (25, 11), (26, 11), (27, 11), (28, 11), (27, 11), (26, 11), (25, 11), (24, 11), (24, 12), (24, 13), (24, 14), (24, 15), (24, 16), (24, 17), (24, 18), (24, 19), (24, 20), (24, 21), (24, 22), (24, 23), (24, 24), (24, 25), (24, 26), (24, 27), (24, 28), (24, 29), (24, 29)], 3: [(3, 29), (2, 29), (2, 28), (2, 27), (2, 26), (2, 25), (2, 24), (2, 23), (2, 22), (2, 21), (2, 20), (2, 19), (2, 18), (2, 17), (3, 17), (4, 17), (5, 17), (6, 17), (7, 17), (8, 17), (9, 17), (10, 17), (11, 17), (12, 17), (13, 17), (13, 18), (13, 19), (13, 20), (13, 21), (13, 21)], 4: [(8, 3), (9, 3), (10, 3), (11, 3), (12, 3), (13, 3), (13, 4), (13, 5), (13, 6), (13, 7), (13, 8), (13, 9), (14, 9), (14, 10), (14, 11), (14, 12), (14, 13), (14, 14), (14, 15), (14, 16), (15, 16), (15, 16)], 5: [(14, 23), (15, 23), (16, 23), (17, 23), (18, 23), (19, 23), (19, 24), (20, 24), (20, 25), (21, 25), (22, 25), (23, 25), (24, 25), (25, 25), (26, 25), (27, 25), (28, 25), (29, 25), (30, 25), (30, 26), (30, 27), (31, 27), (31, 28), (31, 29), (31, 30), (30, 30), (29, 30), (28, 30), (27, 30), (26, 30), (25, 30), (25, 30)], 6: [(8, 28), (8, 27), (8, 26), (8, 25), (8, 24), (8, 23), (8, 22), (8, 21), (8, 20), (8, 19), (9, 19), (10, 19), (11, 19), (12, 19), (13, 19), (14, 19), (15, 19), (16, 19), (17, 19), (18, 19), (18, 18), (19, 18), (19, 18)], 7: [(10, 16), (9, 16), (8, 16), (7, 16), (7, 17), (7, 18), (7, 19), (7, 20), (7, 21), (7, 22), (7, 23), (7, 24), (7, 25), (6, 25), (5, 25), (5, 26), (5, 27), (5, 27)], 8: [(24, 19), (24, 18), (24, 17), (24, 16), (24, 15), (24, 14), (24, 13), (24, 12), (24, 11), (24, 10), (24, 9), (23, 9), (22, 9), (21, 9), (21, 8), (21, 7), (21, 6), (21, 6)], 9: [(18, 29), (17, 29), (16, 29), (15, 29), (14, 29), (13, 29), (12, 29), (11, 29), (11, 28), (11, 27), (11, 26), (11, 25), (11, 24), (10, 24), (10, 23), (10, 22), (10, 21), (10, 20), (10, 19), (10, 18), (10, 17), (10, 16), (10, 15), (10, 14), (10, 13), (10, 12), (9, 12), (8, 12), (8, 12)]}, 55)