

CBSS-C STATS
starts:[28, 780, 237, 492, 219]
targets:[322, 369, 706, 114, 823, 294, 652, 856, 569, 959, 274, 997, 533, 531, 130, 116, 260, 31, 579, 711, 241, 616, 662, 292, 253, 643, 233, 236, 112, 813, 985, 799, 346, 690, 973, 505, 178, 919, 672, 77, 297, 612, 1014, 615, 303, 691, 640, 908, 930, 574]
dests:[969, 934, 195, 548, 215]
ac_dict:{322: {0, 1}, 369: {1, 2}, 706: {2, 3}, 114: {3, 4}, 969: {0}, 934: {1}, 195: {2}, 548: {3}, 215: {4}}
clusters:[36 26  0 32 16 31 27 38 19  4 21 39  7  8  9  8 13 14  7  2 22 10 18 37
 29 15 23 17  5  6 12 25  3  1 28  6  5  1 11  9 30  4  2 33  0 35 24 34
  3 20]

round: 1
best_g_value: 225.0
open_list_size: 0
num_low_level_expanded: 457
search_success: 1
search_time: 30.527287364000586
n_tsp_call: 1
n_tsp_time: 30.410886364999897
n_roots: 1
num_conflicts: 0
target_assignment: {31: 0, 253: 0, 346: 0, 505: 0, 569: 0, 574: 0, 799: 0, 985: 0, 856: 0, 823: 0, 662: 0, 691: 0, 690: 0, 652: 0, 616: 0, 615: 0, 612: 0, 579: 0, 322: 0, 643: 0, 640: 0, 672: 0, 711: 0, 178: 4, 114: 4, 116: 4, 241: 2, 274: 2, 369: 2, 303: 2, 236: 2, 233: 2, 297: 2, 294: 2, 292: 2, 260: 2, 130: 2, 908: 1, 973: 1, 997: 1}
cluster_target_selection: {14: 31, 29: 253, 3: 346, 6: 505, 19: 569, 20: 574, 25: 799, 12: 985, 38: 856, 16: 823, 18: 662, 35: 691, 1: 690, 27: 652, 10: 616, 33: 615, 4: 612, 7: 579, 36: 322, 15: 643, 24: 640, 11: 672, 2: 711, 5: 178, 32: 114, 8: 116, 22: 241, 21: 274, 26: 369, 0: 303, 17: 236, 23: 233, 30: 297, 31: 294, 37: 292, 13: 260, 9: 130, 34: 908, 28: 973, 39: 997}
num_nodes_transformed_graph: 248
agent_paths:({0: [(28, 0), (29, 0), (30, 0), (31, 0), (30, 0), (30, 1), (30, 2), (30, 3), (30, 4), (29, 4), (29, 5), (29, 6), (29, 7), (28, 7), (27, 7), (27, 8), (27, 9), (27, 10), (26, 10), (25, 10), (25, 11), (25, 12), (25, 13), (25, 14), (25, 15), (25, 16), (25, 17), (26, 17), (27, 17), (27, 16), (28, 16), (29, 16), (30, 16), (30, 17), (30, 18), (30, 19), (30, 20), (29, 20), (29, 21), (29, 22), (30, 22), (31, 22), (31, 23), (31, 24), (30, 24), (29, 24), (28, 24), (27, 24), (26, 24), (25, 24), (25, 25), (25, 26), (25, 27), (25, 28), (25, 29), (25, 30), (24, 30), (24, 29), (24, 28), (24, 27), (24, 26), (23, 26), (23, 25), (22, 25), (22, 24), (22, 23), (21, 23), (21, 22), (21, 21), (21, 20), (22, 20), (21, 20), (20, 20), (19, 20), (19, 21), (18, 21), (17, 21), (16, 21), (15, 21), (14, 21), (13, 21), (12, 21), (12, 20), (11, 20), (10, 20), (9, 20), (8, 20), (8, 19), (7, 19), (6, 19), (5, 19), (4, 19), (4, 18), (3, 18), (2, 18), (2, 17), (2, 16), (2, 15), (2, 14), (2, 13), (2, 12), (2, 11), (2, 10), (2, 11), (2, 12), (2, 13), (2, 14), (2, 15), (2, 16), (2, 17), (2, 18), (2, 19), (2, 20), (3, 20), (2, 20), (1, 20), (0, 20), (0, 21), (1, 21), (2, 21), (3, 21), (3, 22), (4, 22), (5, 22), (6, 22), (7, 22), (8, 22), (8, 23), (8, 24), (8, 25), (8, 26), (8, 27), (8, 28), (8, 29), (8, 30), (9, 30), (9, 30)], 1: [(12, 24), (12, 25), (12, 26), (12, 27), (12, 28), (13, 28), (13, 29), (13, 30), (12, 30), (11, 30), (10, 30), (9, 30), (8, 30), (7, 30), (6, 30), (5, 30), (5, 31), (5, 30), (5, 29), (6, 29), (6, 29)], 2: [(13, 7), (14, 7), (15, 7), (16, 7), (17, 7), (18, 7), (18, 8), (18, 9), (18, 10), (18, 11), (17, 11), (16, 11), (15, 11), (15, 10), (15, 9), (14, 9), (13, 9), (13, 8), (13, 7), (12, 7), (11, 7), (10, 7), (9, 7), (9, 8), (9, 9), (9, 8), (8, 8), (7, 8), (7, 9), (6, 9), (5, 9), (4, 9), (4, 8), (3, 8), (3, 7), (2, 7), (2, 6), (2, 5), (2, 4), (3, 4), (3, 5), (3, 6), (3, 6)], 3: [(12, 15), (11, 15), (10, 15), (9, 15), (9, 16), (8, 16), (7, 16), (6, 16), (5, 16), (4, 16), (4, 17), (4, 17)], 4: [(27, 6), (26, 6), (25, 6), (24, 6), (23, 6), (22, 6), (21, 6), (20, 6), (19, 6), (18, 6), (18, 5), (18, 4), (18, 3), (19, 3), (20, 3), (21, 3), (22, 3), (23, 3), (23, 4), (23, 5), (23, 6), (23, 6)]}, 135)