

CBSS-C STATS
starts:[906, 409]
targets:[151, 145, 85, 30, 610, 134, 97, 748, 498, 639, 976, 653, 46, 278, 158, 867, 977, 48, 866, 54, 984, 643, 206, 224, 608, 67, 199, 612, 792, 533, 486, 665, 317, 443, 598, 824, 133, 214, 1008, 461, 55, 870, 236, 948, 245, 775, 901, 288, 524, 929, 561, 999, 910, 668, 1006, 234, 432, 850, 430, 571, 983, 721, 664, 772, 385, 408, 1014, 320, 735, 568, 969, 489, 124, 532, 528, 69, 3, 596, 205, 174, 914, 150, 595, 584, 1023, 627, 33, 573, 505, 607, 895, 315, 691, 101, 944, 575, 1021, 793, 462, 705]
dests:[357, 762]
ac_dict:{151: {0, 1}, 357: {0}, 762: {1}}
clusters:[12 35 23  1 29 12  7  9 24  5 22 24 34 29 36 29 24 25 22 37  2  3 35 11
  3 37 20 17 15  8 31 31 30  5 13 30 14 32 30 19 12 13  4 23 24 18 25 32
 32  6 18 19 25 34  5 38  4 14 35 28  1 26  3 39 18 17 27 21 21 32 28 11
  6  5 12 37  3 24 10 12  7 33 36 26  4 28 27 16 10 12  0 23  1 27 11 14
 35 37 19 29]

round: 1
best_g_value: 438.0
open_list_size: 0
num_low_level_expanded: 286
search_success: 1
search_time: 42.67772326100385
n_tsp_call: 1
n_tsp_time: 42.5057383270032
n_roots: 1
num_conflicts: 0
target_assignment: {999: 0, 870: 0, 901: 0, 929: 0, 866: 0, 867: 0, 772: 0, 748: 0, 721: 0, 691: 0, 627: 0, 595: 0, 596: 0, 532: 0, 533: 0, 85: 0, 150: 0, 206: 0, 205: 0, 236: 0, 234: 0, 199: 0, 134: 0, 133: 0, 101: 0, 97: 0, 224: 0, 288: 0, 320: 0, 385: 0, 408: 1, 664: 1, 665: 1, 668: 1, 573: 1, 895: 1, 984: 1, 824: 1, 792: 1, 793: 1}
cluster_target_selection: {19: 999, 13: 870, 25: 901, 6: 929, 22: 866, 29: 867, 39: 772, 9: 748, 26: 721, 1: 691, 28: 627, 36: 595, 24: 596, 5: 532, 8: 533, 23: 85, 33: 150, 35: 206, 10: 205, 4: 236, 38: 234, 20: 199, 12: 134, 14: 133, 27: 101, 7: 97, 11: 224, 32: 288, 21: 320, 18: 385, 17: 408, 3: 664, 31: 665, 34: 668, 16: 573, 0: 895, 2: 984, 30: 824, 15: 792, 37: 793}
num_nodes_transformed_graph: 204
agent_paths:({0: [(10, 28), (9, 28), (8, 28), (7, 28), (7, 29), (7, 30), (7, 31), (6, 31), (6, 30), (6, 29), (6, 28), (6, 27), (5, 27), (5, 28), (4, 28), (4, 29), (3, 29), (2, 29), (1, 29), (1, 28), (1, 27), (2, 27), (3, 27), (3, 26), (3, 25), (3, 24), (4, 24), (4, 23), (5, 23), (6, 23), (7, 23), (8, 23), (9, 23), (10, 23), (11, 23), (12, 23), (13, 23), (14, 23), (15, 23), (15, 22), (16, 22), (17, 22), (17, 21), (18, 21), (19, 21), (19, 20), (19, 19), (19, 18), (20, 18), (20, 17), (20, 16), (21, 16), (21, 15), (21, 14), (21, 13), (21, 12), (21, 11), (21, 10), (21, 9), (21, 8), (21, 7), (21, 6), (21, 5), (21, 4), (21, 3), (21, 2), (22, 2), (22, 3), (22, 4), (21, 4), (20, 4), (19, 4), (18, 4), (17, 4), (16, 4), (16, 5), (15, 5), (14, 5), (14, 6), (13, 6), (12, 6), (12, 7), (11, 7), (10, 7), (9, 7), (9, 6), (8, 6), (7, 6), (7, 5), (6, 5), (6, 4), (5, 4), (5, 3), (4, 3), (3, 3), (2, 3), (1, 3), (1, 4), (1, 5), (1, 6), (1, 7), (0, 7), (0, 8), (0, 9), (0, 10), (1, 10), (1, 11), (1, 12), (1, 11), (2, 11), (3, 11), (4, 11), (5, 11), (5, 11)], 1: [(25, 12), (24, 12), (24, 13), (24, 14), (24, 15), (24, 16), (24, 17), (24, 18), (24, 19), (24, 20), (25, 20), (26, 20), (27, 20), (28, 20), (29, 20), (29, 19), (29, 18), (29, 17), (29, 18), (29, 19), (29, 20), (29, 21), (29, 22), (30, 22), (30, 23), (30, 24), (30, 25), (30, 26), (30, 27), (31, 27), (30, 27), (29, 27), (28, 27), (27, 27), (26, 27), (25, 27), (24, 27), (24, 28), (24, 29), (24, 30), (24, 29), (24, 28), (24, 27), (24, 26), (24, 25), (24, 24), (25, 24), (26, 24), (26, 23), (26, 23)]}, 112)