

CBSS-C STATS
starts:[475, 429]
targets:[520, 21, 595, 99, 544, 990, 393, 731, 1008, 620, 307, 830, 897, 803, 974, 238, 795, 583, 746, 627, 553, 824, 140, 622, 113, 802, 261, 742, 146, 693, 375, 409, 476, 941, 66, 973, 546, 413, 531, 123, 981, 728, 51, 354, 775, 740, 321, 926, 197, 819, 188, 1004, 548, 84, 315, 855, 107, 538, 961, 74, 85, 890, 613, 32, 947, 797, 834, 363, 484, 564, 52, 736, 811, 757, 324, 266, 949, 302, 457, 184, 630, 866, 878, 407, 533, 419, 94, 166, 609, 656, 996, 443, 22, 527, 928, 161, 385, 827, 626, 167]
dests:[1001, 771]
ac_dict:{520: {0, 1}, 1001: {0}, 771: {1}}
clusters:[ 8  3 11 10 23  7 29 24  0 34 34 31  5 37  9 19  6 26 27 18  2 10 13 26
 23 15 27 32  3 17  4 15 29 12 19  6 37 39 30 16 15 27 27 17 25  1 35  7
 22 25  2 16 13 38 20  5 33 14 38 10 27 18 23 33 34 28 10 29 19 29 15 20
 38 29 17 13 14 30 17  5 25  2 10 15 21 27 23  4 33 17  9 21 34 21  1  2
 36 11 21  6]

round: 1
best_g_value: 426.0
open_list_size: 0
num_low_level_expanded: 273
search_success: 1
search_time: 36.44464568699914
n_tsp_call: 1
n_tsp_time: 36.27171287400415
n_roots: 1
num_conflicts: 0
target_assignment: {443: 0, 413: 0, 476: 0, 538: 0, 731: 0, 827: 0, 797: 0, 830: 0, 926: 0, 890: 0, 947: 0, 1008: 0, 974: 0, 973: 0, 941: 0, 1004: 0, 302: 1, 146: 1, 113: 1, 140: 1, 107: 1, 166: 1, 197: 1, 324: 1, 321: 1, 385: 1, 419: 1, 484: 1, 520: 1, 583: 1, 775: 1, 742: 1, 740: 1, 736: 1, 961: 1, 897: 1, 866: 1, 834: 1, 802: 1, 803: 1}
cluster_target_selection: {21: 443, 39: 413, 29: 476, 14: 538, 24: 731, 11: 827, 28: 797, 31: 830, 7: 926, 18: 890, 34: 947, 0: 1008, 9: 974, 6: 973, 12: 941, 16: 1004, 30: 302, 3: 146, 23: 113, 13: 140, 33: 107, 4: 166, 22: 197, 17: 324, 35: 321, 36: 385, 27: 419, 19: 484, 8: 520, 26: 583, 25: 775, 32: 742, 1: 740, 20: 736, 38: 961, 5: 897, 2: 866, 10: 834, 15: 802, 37: 803}
num_nodes_transformed_graph: 204
agent_paths:({0: [(27, 14), (27, 13), (28, 13), (28, 12), (29, 12), (28, 12), (28, 13), (28, 14), (27, 14), (26, 14), (26, 15), (26, 16), (27, 16), (27, 17), (27, 18), (27, 19), (27, 20), (27, 21), (27, 22), (27, 23), (27, 24), (27, 25), (27, 24), (28, 24), (29, 24), (30, 24), (30, 25), (30, 26), (30, 27), (30, 28), (29, 28), (28, 28), (27, 28), (26, 28), (26, 27), (25, 27), (24, 27), (23, 27), (22, 27), (21, 27), (20, 27), (19, 27), (19, 28), (19, 29), (18, 29), (17, 29), (16, 29), (16, 30), (16, 31), (15, 31), (14, 31), (14, 30), (13, 30), (13, 29), (12, 29), (12, 30), (12, 31), (11, 31), (10, 31), (9, 31), (9, 31)], 1: [(13, 13), (14, 13), (14, 12), (14, 11), (14, 10), (14, 9), (15, 9), (16, 9), (16, 8), (16, 7), (16, 6), (16, 5), (16, 4), (17, 4), (18, 4), (17, 4), (17, 3), (16, 3), (16, 4), (16, 5), (15, 5), (14, 5), (13, 5), (12, 5), (12, 4), (11, 4), (11, 3), (10, 3), (9, 3), (8, 3), (7, 3), (6, 3), (6, 4), (6, 5), (5, 5), (5, 6), (5, 7), (4, 7), (4, 8), (4, 9), (4, 10), (3, 10), (2, 10), (1, 10), (1, 11), (1, 12), (2, 12), (3, 12), (3, 13), (3, 14), (3, 15), (4, 15), (5, 15), (6, 15), (7, 15), (7, 16), (8, 16), (7, 16), (7, 17), (7, 18), (7, 19), (7, 20), (7, 21), (7, 22), (7, 23), (7, 24), (7, 23), (6, 23), (5, 23), (4, 23), (3, 23), (2, 23), (1, 23), (0, 23), (0, 24), (0, 25), (0, 26), (0, 27), (1, 27), (1, 28), (1, 29), (1, 30), (1, 29), (1, 28), (1, 27), (2, 27), (2, 26), (2, 25), (3, 25), (3, 24), (3, 24)]}, 89)