

CBSS-C STATS
starts:[848, 257, 276, 378, 302]
targets:[381, 428, 656, 313, 782, 88, 279, 106, 533, 457, 170, 361, 743, 828, 310, 616, 730, 685, 130, 284, 403, 881, 535, 6, 901, 5, 592, 695, 95, 668, 621, 234, 240, 405, 866, 175, 531, 739, 266, 673, 717, 809, 97, 692, 667, 412, 374, 124, 514, 986]
dests:[160, 957, 723, 677, 906]
ac_dict:{381: {0, 1}, 428: {1, 2}, 656: {2, 3}, 313: {3, 4}, 160: {0}, 957: {1}, 723: {2}, 677: {3}, 906: {4}}
clusters:[12  9 29  1 19  3  8 26 12 18  0  7 20  1 22 14 19 17 15 11  2 24  9  8
  6 16 13  6 28 25 16  7  0  5 14 21 17  4  4  3  2 10 15 10 23 11  5 27
 13 18]

round: 1
best_g_value: 209.0
open_list_size: 0
num_low_level_expanded: 435
search_success: 1
search_time: 5.461351332999584
n_tsp_call: 1
n_tsp_time: 5.3996145229994
n_roots: 1
num_conflicts: 0
target_assignment: {881: 0, 782: 0, 743: 0, 739: 0, 673: 0, 514: 0, 284: 3, 95: 3, 124: 3, 279: 3, 310: 3, 374: 3, 656: 3, 621: 3, 616: 3, 97: 1, 106: 1, 170: 1, 175: 1, 531: 1, 533: 1, 535: 1, 695: 1, 668: 1, 667: 1, 828: 1, 361: 4, 457: 4, 809: 4, 403: 2}
cluster_target_selection: {24: 881, 19: 782, 20: 743, 4: 739, 3: 673, 13: 514, 11: 284, 28: 95, 27: 124, 8: 279, 22: 310, 5: 374, 29: 656, 16: 621, 14: 616, 15: 97, 26: 106, 0: 170, 21: 175, 17: 531, 12: 533, 9: 535, 6: 695, 25: 668, 23: 667, 1: 828, 7: 361, 18: 457, 10: 809, 2: 403}
num_nodes_transformed_graph: 124
agent_paths:({0: [(16, 26), (17, 26), (17, 27), (16, 27), (15, 27), (15, 26), (15, 25), (14, 25), (14, 24), (13, 24), (12, 24), (11, 24), (10, 24), (9, 24), (8, 24), (7, 24), (7, 23), (6, 23), (5, 23), (4, 23), (3, 23), (2, 23), (1, 23), (1, 22), (1, 21), (1, 20), (1, 19), (2, 19), (2, 18), (2, 17), (2, 16), (1, 16), (1, 15), (1, 14), (1, 13), (1, 12), (1, 11), (1, 10), (1, 9), (1, 8), (1, 7), (1, 6), (1, 5), (0, 5), (0, 5)], 1: [(1, 8), (1, 7), (1, 6), (1, 5), (1, 4), (1, 3), (2, 3), (3, 3), (4, 3), (5, 3), (6, 3), (7, 3), (8, 3), (9, 3), (10, 3), (10, 4), (10, 5), (11, 5), (12, 5), (13, 5), (14, 5), (15, 5), (16, 5), (17, 5), (18, 5), (18, 6), (18, 7), (18, 8), (18, 9), (19, 9), (19, 10), (19, 11), (19, 12), (19, 13), (19, 14), (19, 15), (19, 16), (20, 16), (21, 16), (22, 16), (23, 16), (23, 17), (23, 18), (23, 19), (23, 20), (23, 21), (23, 20), (24, 20), (25, 20), (26, 20), (27, 20), (28, 20), (27, 20), (27, 21), (27, 22), (27, 23), (27, 24), (28, 24), (28, 25), (29, 25), (29, 26), (29, 27), (29, 28), (29, 29), (29, 29)], 2: [(20, 8), (20, 9), (19, 9), (19, 10), (19, 11), (19, 12), (19, 13), (19, 14), (19, 15), (19, 16), (19, 17), (19, 18), (19, 19), (19, 20), (19, 21), (19, 22), (19, 22)], 3: [(26, 11), (26, 10), (27, 10), (27, 9), (27, 8), (28, 8), (28, 7), (28, 6), (28, 5), (28, 4), (28, 3), (28, 2), (29, 2), (30, 2), (31, 2), (30, 2), (29, 2), (28, 2), (28, 3), (27, 3), (26, 3), (25, 3), (25, 4), (25, 5), (25, 6), (25, 7), (25, 8), (24, 8), (23, 8), (22, 8), (22, 9), (22, 10), (22, 11), (21, 11), (21, 12), (20, 12), (19, 12), (18, 12), (17, 12), (16, 12), (16, 13), (16, 14), (16, 15), (16, 16), (16, 17), (16, 18), (16, 19), (16, 20), (15, 20), (14, 20), (13, 20), (13, 19), (12, 19), (11, 19), (10, 19), (9, 19), (8, 19), (7, 19), (6, 19), (5, 19), (5, 20), (5, 21), (5, 21)], 4: [(14, 9), (13, 9), (13, 10), (12, 10), (11, 10), (10, 10), (9, 10), (9, 11), (9, 12), (10, 12), (10, 13), (10, 14), (9, 14), (9, 15), (9, 16), (9, 17), (9, 18), (9, 19), (9, 20), (9, 21), (9, 22), (9, 23), (9, 24), (9, 25), (10, 25), (10, 26), (10, 27), (10, 28), (10, 28)]}, 63)