

CBSS-C STATS
starts:[473, 838, 107, 710, 134]
targets:[993, 841, 570, 239, 806, 685, 353, 458, 27, 788, 59, 108, 457, 490, 562, 523, 201, 807, 951, 701, 633, 340, 783, 914, 483, 251, 748, 567, 954, 43, 850, 161, 955, 880, 848, 959, 5, 525, 872, 724, 373, 910, 181, 904, 828, 637, 207, 215, 908, 497]
dests:[3, 325, 141, 139, 77]
ac_dict:{993: {0, 1}, 841: {1, 2}, 570: {2, 3}, 239: {3, 4}, 3: {0}, 325: {1}, 141: {2}, 139: {3}, 77: {4}}
clusters:[12 18  4 23 18 13 20 21 17 22  3 11 14 29  2  5  1  5  1 13 10  6 16 14
 12 15 24  7  0 10  3 16  9  7  8 15 27  2  8  9  6 11  4 28  0 25 19 19
 17 26]

round: 1
best_g_value: 174.0
open_list_size: 0
num_low_level_expanded: 381
search_success: 1
search_time: 54.99197857499985
n_tsp_call: 1
n_tsp_time: 54.88313191399993
n_roots: 1
num_conflicts: 0
target_assignment: {497: 0, 525: 0, 490: 0, 458: 0, 457: 0, 201: 0, 5: 0, 108: 2, 806: 1, 807: 1, 483: 1, 353: 1, 904: 3, 908: 3, 748: 3, 783: 3, 848: 3, 850: 3, 788: 3, 954: 3, 955: 3, 959: 3, 701: 3, 637: 3, 570: 3, 567: 3, 340: 3, 239: 3, 207: 3, 43: 4}
cluster_target_selection: {26: 497, 2: 525, 29: 490, 21: 458, 14: 457, 1: 201, 27: 5, 11: 108, 18: 806, 5: 807, 12: 483, 20: 353, 28: 904, 17: 908, 24: 748, 16: 783, 8: 848, 3: 850, 22: 788, 0: 954, 9: 955, 15: 959, 13: 701, 25: 637, 4: 570, 7: 567, 6: 340, 23: 239, 19: 207, 10: 43}
num_nodes_transformed_graph: 248
agent_paths:({0: [(25, 14), (24, 14), (23, 14), (22, 14), (21, 14), (20, 14), (19, 14), (18, 14), (17, 14), (17, 15), (16, 15), (16, 16), (15, 16), (14, 16), (13, 16), (12, 16), (11, 16), (10, 16), (10, 15), (10, 14), (9, 14), (10, 14), (10, 13), (10, 12), (9, 12), (9, 11), (9, 10), (9, 9), (9, 8), (9, 7), (9, 6), (8, 6), (7, 6), (7, 5), (6, 5), (5, 5), (5, 4), (5, 3), (5, 2), (5, 1), (5, 0), (4, 0), (3, 0), (3, 0)], 1: [(6, 26), (6, 25), (7, 25), (7, 24), (7, 23), (6, 23), (5, 23), (5, 22), (5, 21), (5, 20), (5, 19), (4, 19), (4, 18), (3, 18), (3, 17), (3, 16), (3, 15), (2, 15), (1, 15), (1, 14), (1, 13), (1, 12), (1, 11), (1, 10), (2, 10), (3, 10), (4, 10), (5, 10), (5, 10)], 2: [(11, 3), (12, 3), (13, 3), (13, 4), (13, 4)], 3: [(6, 22), (7, 22), (8, 22), (8, 23), (8, 24), (8, 25), (8, 26), (8, 27), (8, 28), (9, 28), (10, 28), (11, 28), (12, 28), (12, 27), (12, 26), (12, 25), (12, 24), (12, 23), (13, 23), (14, 23), (15, 23), (15, 24), (16, 24), (16, 25), (16, 26), (17, 26), (18, 26), (18, 25), (18, 24), (19, 24), (20, 24), (20, 25), (21, 25), (22, 25), (23, 25), (24, 25), (25, 25), (26, 25), (26, 26), (26, 27), (26, 28), (26, 29), (27, 29), (28, 29), (29, 29), (30, 29), (31, 29), (30, 29), (29, 29), (29, 28), (29, 27), (29, 26), (29, 25), (29, 24), (29, 23), (29, 22), (29, 21), (29, 20), (29, 19), (29, 18), (28, 18), (27, 18), (26, 18), (26, 17), (25, 17), (24, 17), (23, 17), (22, 17), (21, 17), (21, 16), (21, 15), (21, 14), (21, 13), (21, 12), (21, 11), (21, 10), (20, 10), (19, 10), (18, 10), (18, 9), (17, 9), (16, 9), (16, 8), (16, 7), (15, 7), (15, 6), (14, 6), (13, 6), (12, 6), (11, 6), (11, 5), (11, 4), (11, 4)], 4: [(6, 4), (6, 3), (6, 2), (6, 1), (7, 1), (8, 1), (9, 1), (10, 1), (11, 1), (12, 1), (13, 1), (13, 2), (13, 2)]}, 91)