

CBSS-C STATS
starts:[695, 662, 772, 900, 28]
targets:[1022, 966, 223, 879, 276, 862, 952, 977, 751, 100, 460, 569, 898, 481, 371, 581, 993, 828, 651, 650, 55, 839, 400, 88, 428, 612, 597, 641, 295, 642, 457, 451, 857, 60, 586, 445, 525, 418, 429, 133, 40, 866, 461, 107, 224, 373, 984, 771, 213, 836]
dests:[893, 528, 163, 171, 191]
ac_dict:{1022: {0, 1}, 966: {1, 2}, 223: {2, 3}, 879: {3, 4}, 893: {0}, 528: {1}, 163: {2}, 171: {3}, 191: {4}}
clusters:[ 5  3 10  6  8 18  0 29  4 12  7 13 16 15 26  9  8  2 27 12 19 24  7 11
 17  9 14 10  1 16  2 13  1 28  6 23  5 11 14 25  4 22 18 21 20 19 15  0
  3 17]

round: 1
best_g_value: 176.0
open_list_size: 0
num_low_level_expanded: 344
search_success: 1
search_time: 8.1262249600004
n_tsp_call: 1
n_tsp_time: 8.068832251000458
n_roots: 1
num_conflicts: 0
target_assignment: {751: 0, 977: 0, 984: 0, 952: 0, 857: 0, 828: 0, 60: 4, 445: 4, 641: 2, 642: 2, 612: 2, 451: 2, 418: 2, 224: 2, 133: 2, 866: 3, 836: 3, 839: 3, 650: 3, 651: 3, 586: 3, 525: 3, 461: 3, 107: 3, 597: 1, 373: 1, 213: 1, 276: 1, 371: 1, 400: 1}
cluster_target_selection: {4: 751, 29: 977, 15: 984, 0: 952, 1: 857, 2: 828, 28: 60, 23: 445, 10: 641, 16: 642, 9: 612, 13: 451, 11: 418, 20: 224, 25: 133, 22: 866, 17: 836, 24: 839, 12: 650, 27: 651, 6: 586, 5: 525, 18: 461, 21: 107, 14: 597, 19: 373, 3: 213, 8: 276, 26: 371, 7: 400}
num_nodes_transformed_graph: 122
agent_paths:({0: [(23, 21), (22, 21), (21, 21), (20, 21), (19, 21), (18, 21), (17, 21), (16, 21), (15, 21), (15, 22), (15, 23), (16, 23), (17, 23), (17, 24), (17, 25), (17, 26), (17, 27), (17, 28), (17, 29), (17, 30), (18, 30), (19, 30), (20, 30), (21, 30), (22, 30), (23, 30), (24, 30), (24, 29), (24, 28), (24, 27), (24, 26), (25, 26), (25, 25), (26, 25), (27, 25), (28, 25), (29, 25), (29, 26), (29, 27), (29, 27)], 1: [(22, 20), (21, 20), (21, 19), (21, 18), (21, 17), (21, 16), (21, 15), (21, 14), (21, 13), (21, 12), (21, 11), (21, 10), (21, 9), (21, 8), (21, 7), (21, 6), (20, 6), (20, 7), (20, 8), (20, 9), (19, 9), (19, 10), (19, 11), (18, 11), (17, 11), (16, 11), (16, 12), (16, 13), (16, 14), (16, 15), (16, 16), (16, 16)], 2: [(4, 24), (3, 24), (2, 24), (1, 24), (1, 23), (1, 22), (1, 21), (1, 20), (2, 20), (2, 19), (2, 18), (3, 18), (4, 18), (4, 19), (4, 18), (3, 18), (3, 17), (3, 16), (3, 15), (3, 14), (2, 14), (2, 13), (1, 13), (1, 12), (1, 11), (0, 11), (0, 10), (0, 9), (0, 8), (0, 7), (1, 7), (1, 6), (1, 5), (1, 4), (2, 4), (3, 4), (4, 4), (5, 4), (4, 4), (3, 4), (3, 5), (3, 5)], 3: [(4, 28), (4, 27), (3, 27), (2, 27), (2, 26), (3, 26), (4, 26), (5, 26), (6, 26), (7, 26), (7, 25), (7, 24), (7, 23), (7, 22), (7, 21), (7, 20), (8, 20), (9, 20), (10, 20), (11, 20), (10, 20), (10, 19), (10, 18), (10, 17), (10, 16), (11, 16), (12, 16), (13, 16), (13, 15), (13, 14), (12, 14), (12, 13), (12, 12), (12, 11), (11, 11), (11, 10), (11, 9), (11, 8), (11, 7), (11, 6), (11, 5), (11, 4), (11, 3), (11, 4), (11, 5), (11, 5)], 4: [(28, 0), (28, 1), (28, 2), (28, 3), (28, 4), (29, 4), (29, 5), (29, 6), (29, 7), (29, 8), (29, 9), (29, 10), (29, 11), (29, 12), (29, 13), (29, 12), (29, 11), (29, 10), (29, 9), (29, 8), (29, 7), (29, 6), (29, 5), (30, 5), (31, 5), (31, 5)]}, 44)