

CBSS-C STATS
starts:[285, 249, 1011, 963, 568]
targets:[237, 735, 50, 947, 137, 330, 955, 765, 989, 368, 747, 976, 723, 100, 905, 661, 55, 22, 490, 612]
dests:[293, 889, 5, 501, 463]
ac_dict:{237: {0, 1}, 735: {1, 2}, 50: {2, 3}, 947: {3, 4}, 293: {0}, 889: {1}, 5: {2}, 501: {3}, 463: {4}}
clusters:[5 8 6 6 1 9 0 3 2 7 4 4 9 9 6 2 4 8 4 2]

round: 1
best_g_value: 155.0
open_list_size: 0
num_low_level_expanded: 442
search_success: 1
search_time: 0.36318923719227314
n_tsp_call: 1
n_tsp_time: 0.3395388340577483
n_roots: 1
num_conflicts: 0
target_assignment: {237: 0, 723: 2, 368: 2, 137: 2, 905: 3, 747: 3, 661: 3, 735: 1, 765: 1, 955: 1}
cluster_target_selection: {5: 237, 9: 723, 7: 368, 1: 137, 6: 905, 4: 747, 2: 661, 8: 735, 3: 765, 0: 955}
num_nodes_transformed_graph: 53
agent_paths:({0: [(29, 8), (28, 8), (27, 8), (27, 7), (26, 7), (25, 7), (25, 6), (24, 6), (23, 6), (22, 6), (21, 6), (20, 6), (19, 6), (18, 6), (17, 6), (16, 6), (15, 6), (14, 6), (13, 6), (13, 7), (12, 7), (11, 7), (10, 7), (9, 7), (9, 8), (8, 8), (7, 8), (7, 9), (6, 9), (5, 9), (5, 9)], 1: [(25, 7), (26, 7), (27, 7), (28, 7), (29, 7), (29, 8), (29, 9), (29, 10), (29, 11), (29, 12), (29, 13), (29, 14), (29, 15), (29, 16), (29, 17), (29, 18), (29, 19), (29, 20), (29, 21), (29, 22), (30, 22), (31, 22), (30, 22), (29, 22), (29, 23), (29, 24), (28, 24), (27, 24), (27, 25), (27, 26), (27, 27), (27, 28), (27, 29), (26, 29), (25, 29), (25, 28), (25, 27), (25, 27)], 2: [(19, 31), (19, 30), (19, 29), (19, 28), (19, 27), (19, 26), (19, 25), (19, 24), (19, 23), (19, 22), (18, 22), (17, 22), (16, 22), (16, 21), (16, 20), (16, 19), (16, 18), (16, 17), (16, 16), (16, 15), (16, 14), (16, 13), (16, 12), (16, 11), (15, 11), (14, 11), (14, 10), (13, 10), (12, 10), (11, 10), (10, 10), (10, 9), (10, 8), (10, 7), (10, 6), (10, 5), (10, 4), (9, 4), (8, 4), (7, 4), (6, 4), (5, 4), (5, 3), (5, 2), (5, 1), (5, 0), (5, 0)], 3: [(3, 30), (3, 29), (4, 29), (4, 28), (5, 28), (6, 28), (7, 28), (8, 28), (9, 28), (9, 27), (9, 26), (9, 25), (9, 24), (9, 23), (10, 23), (11, 23), (11, 22), (11, 21), (11, 20), (12, 20), (13, 20), (14, 20), (15, 20), (16, 20), (17, 20), (18, 20), (19, 20), (20, 20), (21, 20), (21, 19), (21, 18), (21, 17), (21, 16), (21, 15), (21, 15)], 4: [(24, 17), (23, 17), (22, 17), (21, 17), (20, 17), (19, 17), (18, 17), (17, 17), (16, 17), (16, 16), (16, 15), (16, 14), (15, 14), (15, 14)]}, 45)