

CBSS-C STATS
starts:[197, 569, 779, 34, 875]
targets:[914, 46, 965, 617, 331, 291, 554, 77, 162, 771, 919, 35, 325, 322, 249, 361, 546, 866, 278, 224, 98, 951, 404, 23, 246, 597, 943, 650, 979, 785, 485, 769, 32, 783, 1007, 339, 251, 706, 571, 788, 657, 592, 852, 1011, 700, 876, 91, 25, 838, 898]
dests:[104, 340, 631, 622, 1012]
ac_dict:{914: {0, 1}, 46: {1, 2}, 965: {2, 3}, 617: {3, 4}, 104: {0}, 340: {1}, 631: {2}, 622: {3}, 1012: {4}}
clusters:[12 14 11  5  1 25 22  2  7 31 13  3  5 38  4 36  6 24 15 23  0  3 30  8
  2 10 16 29  8 37 26 19 21 28 35  9 17 33 18 20  1  7 34  0  4 39 32 27
  6  9]

round: 1
best_g_value: 224.0
open_list_size: 0
num_low_level_expanded: 497
search_success: 1
search_time: 8.797130058999755
n_tsp_call: 1
n_tsp_time: 8.736480774001393
n_roots: 1
num_conflicts: 0
target_assignment: {783: 2, 785: 2, 657: 2, 571: 1, 919: 1, 914: 1, 852: 1, 788: 1, 597: 1, 404: 1, 246: 1, 278: 1, 249: 1, 251: 1, 91: 1, 25: 1, 23: 1, 46: 1, 876: 4, 943: 4, 1007: 4, 35: 3, 32: 3, 98: 3, 162: 3, 224: 3, 291: 3, 322: 3, 325: 3, 361: 3, 485: 3, 546: 3, 706: 3, 769: 3, 771: 3, 866: 3, 898: 3, 965: 3, 650: 3, 554: 3}
cluster_target_selection: {28: 783, 37: 785, 1: 657, 18: 571, 13: 919, 12: 914, 34: 852, 20: 788, 10: 597, 30: 404, 2: 246, 15: 278, 4: 249, 17: 251, 32: 91, 27: 25, 8: 23, 14: 46, 39: 876, 16: 943, 35: 1007, 3: 35, 21: 32, 0: 98, 7: 162, 23: 224, 25: 291, 38: 322, 5: 325, 36: 361, 26: 485, 6: 546, 33: 706, 19: 769, 31: 771, 24: 866, 9: 898, 11: 965, 29: 650, 22: 554}
num_nodes_transformed_graph: 122
agent_paths:({0: [(5, 6), (5, 5), (5, 4), (5, 3), (6, 3), (7, 3), (8, 3), (8, 3)], 1: [(25, 17), (26, 17), (27, 17), (26, 17), (25, 17), (24, 17), (24, 18), (24, 19), (24, 20), (24, 21), (24, 22), (24, 23), (24, 24), (23, 24), (23, 25), (23, 26), (23, 27), (23, 28), (23, 27), (22, 27), (21, 27), (20, 27), (19, 27), (18, 27), (18, 28), (18, 27), (18, 26), (19, 26), (20, 26), (20, 25), (20, 24), (19, 24), (19, 23), (19, 22), (19, 21), (19, 20), (19, 19), (19, 18), (20, 18), (21, 18), (21, 17), (21, 16), (21, 15), (21, 14), (20, 14), (20, 13), (20, 12), (21, 12), (21, 11), (21, 10), (21, 9), (21, 8), (21, 7), (22, 7), (22, 8), (23, 8), (24, 8), (25, 8), (25, 7), (26, 7), (27, 7), (27, 6), (27, 5), (27, 4), (27, 3), (27, 2), (27, 3), (26, 3), (25, 3), (25, 2), (24, 2), (24, 1), (24, 0), (25, 0), (24, 0), (23, 0), (22, 0), (21, 0), (20, 0), (19, 0), (19, 1), (18, 1), (17, 1), (16, 1), (15, 1), (14, 1), (15, 1), (16, 1), (17, 1), (17, 2), (17, 3), (18, 3), (19, 3), (19, 4), (19, 5), (19, 6), (20, 6), (20, 7), (20, 8), (20, 9), (20, 10), (20, 10)], 2: [(11, 24), (12, 24), (13, 24), (14, 24), (15, 24), (16, 24), (17, 24), (17, 23), (17, 22), (17, 21), (17, 20), (17, 19), (18, 19), (19, 19), (20, 19), (21, 19), (22, 19), (23, 19), (23, 19)], 3: [(2, 1), (3, 1), (2, 1), (1, 1), (0, 1), (1, 1), (2, 1), (2, 2), (2, 3), (2, 4), (2, 5), (1, 5), (1, 6), (1, 7), (0, 7), (1, 7), (2, 7), (3, 7), (3, 8), (3, 9), (2, 9), (2, 10), (3, 10), (4, 10), (5, 10), (6, 10), (7, 10), (8, 10), (9, 10), (9, 11), (9, 12), (8, 12), (8, 13), (7, 13), (6, 13), (5, 13), (5, 14), (5, 15), (4, 15), (3, 15), (2, 15), (2, 16), (2, 17), (2, 18), (2, 19), (2, 20), (2, 21), (2, 22), (1, 22), (1, 23), (1, 24), (2, 24), (3, 24), (2, 24), (2, 25), (2, 26), (2, 27), (2, 28), (2, 29), (3, 29), (4, 29), (5, 29), (5, 30), (5, 29), (5, 28), (5, 27), (5, 26), (5, 25), (6, 25), (7, 25), (7, 24), (7, 23), (7, 22), (7, 21), (7, 20), (8, 20), (9, 20), (10, 20), (10, 19), (10, 18), (10, 17), (11, 17), (12, 17), (13, 17), (14, 17), (14, 18), (14, 19), (14, 19)], 4: [(11, 27), (12, 27), (13, 27), (14, 27), (15, 27), (15, 28), (15, 29), (14, 29), (14, 30), (14, 31), (15, 31), (16, 31), (17, 31), (18, 31), (19, 31), (20, 31), (20, 31)]}, 100)