

CBSS-C STATS
starts:[1003, 641, 116, 592, 800]
targets:[621, 763, 98, 479, 1009, 197, 753, 949, 32, 186]
dests:[120, 912, 341, 484, 990]
ac_dict:{621: {0, 1}, 763: {1, 2}, 98: {2, 3}, 479: {3, 4}, 120: {0}, 912: {1}, 341: {2}, 484: {3}, 990: {4}}
clusters:[1 0 1 0 1 1 0 1 1 1]

round: 1
best_g_value: 122.0
open_list_size: 0
num_low_level_expanded: 460
search_success: 1
search_time: 0.14277285477146506
n_tsp_call: 1
n_tsp_time: 0.12712827837094665
n_roots: 1
num_conflicts: 0
target_assignment: {1009: 0, 753: 0}
cluster_target_selection: {1: 1009, 0: 753}
num_nodes_transformed_graph: 48
agent_paths:({0: [(11, 31), (12, 31), (13, 31), (14, 31), (15, 31), (16, 31), (17, 31), (17, 30), (17, 29), (17, 28), (17, 27), (17, 26), (17, 25), (17, 24), (17, 23), (17, 22), (17, 21), (17, 20), (17, 19), (18, 19), (18, 18), (18, 17), (19, 17), (19, 16), (19, 15), (19, 14), (19, 13), (19, 12), (19, 11), (19, 10), (19, 9), (20, 9), (20, 8), (20, 7), (20, 6), (21, 6), (21, 5), (21, 4), (21, 3), (22, 3), (23, 3), (24, 3), (24, 3)], 1: [(1, 20), (2, 20), (3, 20), (3, 21), (3, 22), (4, 22), (5, 22), (6, 22), (7, 22), (8, 22), (9, 22), (10, 22), (11, 22), (12, 22), (13, 22), (13, 23), (14, 23), (15, 23), (16, 23), (16, 24), (16, 25), (16, 26), (16, 27), (16, 28), (16, 28)], 2: [(20, 3), (21, 3), (21, 4), (21, 5), (21, 6), (21, 7), (21, 8), (21, 9), (21, 10), (21, 10)], 3: [(16, 18), (16, 17), (15, 17), (14, 17), (13, 17), (12, 17), (11, 17), (10, 17), (9, 17), (8, 17), (7, 17), (6, 17), (5, 17), (4, 17), (4, 16), (4, 15), (4, 15)], 4: [(0, 25), (1, 25), (2, 25), (3, 25), (4, 25), (5, 25), (6, 25), (7, 25), (8, 25), (9, 25), (10, 25), (11, 25), (12, 25), (13, 25), (14, 25), (15, 25), (16, 25), (17, 25), (18, 25), (19, 25), (20, 25), (21, 25), (22, 25), (23, 25), (24, 25), (25, 25), (26, 25), (27, 25), (28, 25), (29, 25), (30, 25), (30, 26), (30, 27), (30, 28), (30, 29), (30, 30), (30, 30)]}, 41)