

CBSS-C STATS
starts:[709, 943, 799, 891, 953]
targets:[347, 720, 538, 561, 571, 466, 748, 724, 980, 181]
dests:[762, 238, 587, 820, 822]
ac_dict:{347: {0, 1}, 720: {1, 2}, 538: {2, 3}, 561: {3, 4}, 762: {0}, 238: {1}, 587: {2}, 820: {3}, 822: {4}}
clusters:[0 0 1 1 0 1 1 0 0 1]

round: 24
best_g_value: 94.0
open_list_size: 23
num_low_level_expanded: 1043
search_success: 1
search_time: 0.8047056756913662
n_tsp_call: 5
n_tsp_time: 0.5527397305704653
n_roots: 1
num_conflicts: 23
target_assignment: {724: 2, 748: 1}
cluster_target_selection: {0: 724, 1: 748}
num_nodes_transformed_graph: 48
agent_paths:({0: [(5, 22), (6, 22), (7, 22), (8, 22), (9, 22), (10, 22), (11, 22), (12, 22), (13, 22), (13, 21), (14, 21), (15, 21), (16, 21), (17, 21), (18, 21), (19, 21), (20, 21), (21, 21), (22, 21), (23, 21), (24, 21), (25, 21), (26, 21), (26, 22), (26, 23), (26, 23)], 1: [(15, 29), (14, 29), (13, 29), (12, 29), (12, 28), (12, 27), (12, 26), (12, 25), (12, 24), (12, 23), (12, 22), (12, 21), (12, 20), (12, 19), (12, 18), (12, 17), (12, 16), (12, 15), (12, 14), (12, 13), (12, 12), (12, 11), (12, 10), (13, 10), (13, 9), (13, 8), (13, 7), (14, 7), (14, 7)], 2: [(31, 24), (30, 24), (29, 24), (28, 24), (27, 24), (26, 24), (25, 24), (24, 24), (23, 24), (22, 24), (22, 23), (21, 23), (21, 22), (20, 22), (19, 22), (18, 22), (17, 22), (16, 22), (15, 22), (15, 21), (14, 21), (13, 21), (12, 21), (11, 21), (11, 20), (11, 19), (11, 18), (11, 18)], 3: [(27, 27), (26, 27), (25, 27), (24, 27), (24, 26), (23, 26), (23, 25), (22, 25), (21, 25), (20, 25), (20, 25)], 4: [(25, 29), (24, 29), (23, 29), (23, 28), (23, 27), (22, 27), (22, 26), (22, 26), (22, 25), (22, 25)]}, 27)