

CBSS-C STATS
starts:[466, 108, 103, 940, 431]
targets:[657, 51, 744, 868, 409, 755, 735, 405, 527, 480]
dests:[788, 80, 942, 617, 43]
ac_dict:{657: {0, 1}, 51: {1, 2}, 744: {2, 3}, 868: {3, 4}, 788: {0}, 80: {1}, 942: {2}, 617: {3}, 43: {4}}
clusters:[4 1 3 3 2 0 3 2 2 4]

round: 1
best_g_value: 95.0
open_list_size: 0
num_low_level_expanded: 246
search_success: 1
search_time: 0.06169975223019719
n_tsp_call: 1
n_tsp_time: 0.04932537395507097
n_roots: 1
num_conflicts: 0
target_assignment: {527: 0, 657: 0, 755: 0, 51: 1, 744: 2}
cluster_target_selection: {2: 527, 4: 657, 0: 755, 1: 51, 3: 744}
num_nodes_transformed_graph: 28
agent_paths:({0: [(18, 14), (17, 14), (16, 14), (16, 15), (16, 16), (15, 16), (16, 16), (16, 17), (16, 18), (16, 19), (17, 19), (17, 20), (18, 20), (19, 20), (19, 21), (19, 22), (19, 23), (19, 24), (20, 24), (20, 24)], 1: [(12, 3), (12, 2), (12, 1), (13, 1), (14, 1), (15, 1), (16, 1), (17, 1), (18, 1), (19, 1), (18, 1), (17, 1), (16, 1), (16, 2), (16, 2)], 2: [(7, 3), (7, 4), (7, 5), (7, 6), (7, 7), (7, 8), (7, 9), (7, 10), (6, 10), (6, 11), (6, 12), (6, 13), (6, 14), (6, 15), (7, 15), (7, 16), (8, 16), (8, 17), (8, 18), (8, 19), (8, 20), (8, 21), (8, 22), (8, 23), (9, 23), (10, 23), (11, 23), (12, 23), (13, 23), (13, 24), (13, 25), (13, 26), (13, 27), (14, 27), (14, 28), (14, 29), (14, 29)], 3: [(12, 29), (11, 29), (10, 29), (10, 28), (9, 28), (9, 27), (9, 26), (9, 25), (9, 24), (9, 23), (9, 22), (9, 21), (9, 20), (9, 19), (9, 19)], 4: [(15, 13), (14, 13), (13, 13), (12, 13), (12, 12), (12, 11), (11, 11), (11, 10), (11, 9), (11, 8), (11, 7), (11, 6), (11, 5), (11, 4), (11, 3), (11, 2), (11, 1), (11, 1)]}, 35)