

CBSS-C STATS
starts:[81, 893, 712, 607, 406, 288, 875, 986, 992, 747]
targets:[705, 386, 903, 548, 583, 532, 462, 378, 768, 872, 228, 217, 333, 249, 439]
dests:[595, 485, 852, 823, 302, 48, 783, 617, 290, 841]
ac_dict:{705: {0, 1}, 386: {1, 2}, 903: {2, 3}, 548: {3, 4}, 583: {4, 5}, 532: {5, 6}, 462: {6, 7}, 378: {8, 7}, 768: {8, 9}, 595: {0}, 485: {1}, 852: {2}, 823: {3}, 302: {4}, 48: {5}, 783: {6}, 617: {7}, 290: {8}, 841: {9}}
clusters:[4 3 7 6 2 0 5 7 1 8 4 4 9 3 0]

round: 2
best_g_value: 242.0
open_list_size: 1
num_low_level_expanded: 833
search_success: 1
search_time: 0.735415882896632
n_tsp_call: 1
n_tsp_time: 0.6965936687774956
n_roots: 1
num_conflicts: 1
target_assignment: {228: 5, 768: 8, 548: 4, 583: 4, 333: 4, 378: 7, 249: 7, 439: 7, 462: 7, 872: 1}
cluster_target_selection: {4: 228, 1: 768, 6: 548, 2: 583, 9: 333, 7: 378, 3: 249, 0: 439, 5: 462, 8: 872}
num_nodes_transformed_graph: 56
agent_paths:({0: [(17, 2), (17, 3), (18, 3), (18, 4), (18, 5), (18, 6), (18, 7), (18, 8), (18, 9), (19, 9), (19, 10), (19, 11), (19, 12), (19, 13), (19, 14), (19, 15), (19, 16), (19, 17), (19, 18), (19, 18)], 1: [(29, 27), (28, 27), (27, 27), (26, 27), (25, 27), (24, 27), (23, 27), (22, 27), (21, 27), (20, 27), (19, 27), (18, 27), (17, 27), (16, 27), (15, 27), (14, 27), (13, 27), (12, 27), (11, 27), (10, 27), (9, 27), (8, 27), (8, 26), (7, 26), (7, 25), (7, 24), (7, 23), (6, 23), (5, 23), (5, 22), (5, 21), (5, 20), (5, 19), (5, 18), (5, 17), (5, 16), (5, 15), (5, 15)], 2: [(8, 22), (9, 22), (10, 22), (11, 22), (12, 22), (13, 22), (13, 23), (14, 23), (15, 23), (16, 23), (17, 23), (18, 23), (19, 23), (19, 24), (20, 24), (20, 25), (20, 26), (20, 26)], 3: [(31, 18), (30, 18), (29, 18), (28, 18), (27, 18), (26, 18), (25, 18), (24, 18), (24, 19), (24, 20), (24, 21), (24, 22), (24, 23), (24, 24), (23, 24), (23, 25), (23, 25)], 4: [(22, 12), (21, 12), (20, 12), (19, 12), (18, 12), (17, 12), (16, 12), (15, 12), (14, 12), (14, 13), (13, 13), (12, 13), (12, 14), (11, 14), (10, 14), (9, 14), (9, 15), (9, 16), (8, 16), (7, 16), (6, 16), (5, 16), (4, 16), (4, 17), (5, 17), (6, 17), (7, 17), (7, 18), (7, 17), (7, 16), (8, 16), (9, 16), (9, 15), (9, 14), (10, 14), (10, 13), (10, 12), (10, 11), (10, 10), (11, 10), (12, 10), (13, 10), (13, 9), (14, 9), (14, 9)], 5: [(0, 9), (0, 8), (0, 7), (1, 7), (2, 7), (3, 7), (4, 7), (5, 7), (5, 6), (5, 5), (5, 4), (5, 3), (5, 2), (5, 1), (6, 1), (7, 1), (8, 1), (9, 1), (10, 1), (11, 1), (12, 1), (13, 1), (14, 1), (15, 1), (16, 1), (16, 1)], 6: [(11, 27), (11, 26), (11, 25), (11, 24), (12, 24), (13, 24), (14, 24), (15, 24), (15, 24)], 7: [(26, 30), (26, 29), (26, 28), (27, 28), (27, 27), (27, 26), (27, 25), (27, 24), (27, 23), (27, 22), (27, 21), (27, 20), (27, 19), (27, 18), (26, 18), (26, 17), (26, 16), (26, 15), (26, 14), (26, 13), (26, 12), (26, 11), (25, 11), (25, 10), (25, 9), (25, 8), (25, 7), (25, 8), (24, 8), (23, 8), (23, 9), (23, 10), (23, 11), (23, 12), (23, 13), (22, 13), (21, 13), (20, 13), (19, 13), (18, 13), (17, 13), (16, 13), (15, 13), (14, 13), (14, 14), (13, 14), (12, 14), (11, 14), (10, 14), (9, 14), (9, 15), (9, 16), (9, 17), (9, 18), (9, 19), (9, 19)], 8: [(0, 31), (0, 30), (0, 29), (0, 28), (0, 27), (0, 26), (0, 25), (0, 24), (0, 23), (1, 23), (1, 22), (1, 21), (1, 20), (1, 19), (2, 19), (2, 18), (2, 17), (2, 16), (2, 15), (2, 14), (2, 13), (2, 12), (2, 11), (2, 10), (2, 9), (2, 9)], 9: [(11, 23), (10, 23), (9, 23), (9, 24), (9, 25), (9, 26), (9, 26)]}, 54)