

CBSS-C STATS
starts:[295, 290, 181, 858, 158, 911, 767, 8, 956, 69]
targets:[235, 806, 821, 323, 370]
dests:[66, 715, 351, 123, 171, 982, 651, 202, 448, 601]
ac_dict:{235: {0, 1}, 806: {1, 2}, 821: {2, 3}, 323: {3, 4}, 370: {4, 5}, 66: {0}, 715: {1}, 351: {2}, 123: {3}, 171: {4}, 982: {5}, 651: {6}, 202: {7}, 448: {8}, 601: {9}}
clusters:[1 1 1 1 0]

round: 1
best_g_value: 232.0
open_list_size: 0
num_low_level_expanded: 1121
search_success: 1
search_time: 0.10174018237739801
n_tsp_call: 1
n_tsp_time: 0.07016166904941201
n_roots: 1
num_conflicts: 0
target_assignment: {806: 1, 370: 4}
cluster_target_selection: {1: 806, 0: 370}
num_nodes_transformed_graph: 25
agent_paths:({0: [(7, 9), (6, 9), (5, 9), (4, 9), (3, 9), (3, 8), (3, 7), (2, 7), (2, 6), (2, 5), (2, 4), (2, 3), (2, 2), (2, 2)], 1: [(2, 9), (2, 10), (2, 11), (2, 12), (2, 13), (2, 14), (2, 15), (2, 16), (2, 17), (2, 18), (2, 19), (2, 20), (3, 20), (3, 21), (3, 22), (4, 22), (4, 23), (4, 24), (4, 25), (5, 25), (6, 25), (7, 25), (7, 24), (7, 23), (7, 22), (8, 22), (9, 22), (10, 22), (11, 22), (11, 22)], 2: [(21, 5), (21, 6), (22, 6), (23, 6), (24, 6), (25, 6), (26, 6), (27, 6), (28, 6), (29, 6), (30, 6), (31, 6), (31, 7), (31, 8), (31, 9), (31, 10), (31, 10)], 3: [(26, 26), (26, 25), (26, 24), (26, 23), (26, 22), (26, 21), (26, 20), (27, 20), (27, 19), (27, 18), (27, 17), (27, 16), (27, 15), (27, 14), (27, 13), (26, 13), (26, 12), (26, 11), (26, 10), (27, 10), (27, 9), (27, 8), (27, 7), (27, 6), (27, 5), (27, 4), (27, 3), (27, 3)], 4: [(30, 4), (29, 4), (28, 4), (27, 4), (26, 4), (25, 4), (25, 5), (24, 5), (23, 5), (23, 6), (22, 6), (21, 6), (20, 6), (19, 6), (18, 6), (18, 7), (18, 8), (18, 9), (18, 10), (18, 11), (17, 11), (16, 11), (15, 11), (14, 11), (14, 10), (13, 10), (12, 10), (11, 10), (11, 9), (11, 8), (11, 7), (11, 6), (11, 5), (11, 5)], 5: [(15, 28), (16, 28), (17, 28), (18, 28), (19, 28), (20, 28), (20, 29), (21, 29), (21, 30), (22, 30), (22, 30)], 6: [(31, 23), (30, 23), (29, 23), (29, 22), (28, 22), (27, 22), (26, 22), (26, 21), (25, 21), (24, 21), (23, 21), (22, 21), (21, 21), (20, 21), (19, 21), (18, 21), (17, 21), (16, 21), (15, 21), (14, 21), (13, 21), (12, 21), (11, 21), (11, 20), (11, 20)], 7: [(8, 0), (9, 0), (10, 0), (10, 1), (10, 2), (10, 3), (10, 4), (10, 5), (10, 6), (10, 6)], 8: [(28, 29), (27, 29), (26, 29), (25, 29), (24, 29), (23, 29), (23, 28), (23, 27), (22, 27), (21, 27), (20, 27), (19, 27), (18, 27), (17, 27), (16, 27), (15, 27), (14, 27), (13, 27), (12, 27), (11, 27), (10, 27), (9, 27), (8, 27), (8, 26), (7, 26), (6, 26), (5, 26), (4, 26), (3, 26), (2, 26), (2, 25), (2, 24), (2, 23), (2, 22), (2, 21), (2, 20), (2, 19), (2, 18), (2, 17), (1, 17), (1, 16), (1, 15), (0, 15), (0, 14), (0, 14)], 9: [(5, 2), (6, 2), (6, 3), (7, 3), (8, 3), (9, 3), (10, 3), (11, 3), (12, 3), (13, 3), (14, 3), (14, 4), (14, 5), (15, 5), (16, 5), (17, 5), (18, 5), (19, 5), (19, 6), (20, 6), (21, 6), (22, 6), (23, 6), (24, 6), (25, 6), (25, 7), (25, 8), (25, 9), (25, 10), (25, 11), (25, 12), (25, 13), (25, 14), (25, 15), (25, 16), (25, 17), (25, 18), (25, 18)]}, 43)