

CBSS-C STATS
starts:[568, 379, 610, 1005, 264]
targets:[95, 55, 772, 993, 342, 154, 234, 598, 612, 439, 630, 901, 370, 28, 48, 297, 190, 625, 618, 982, 463, 584, 490, 325, 694, 929, 939, 707, 31, 354, 35, 11, 790, 86, 758, 657, 315, 214, 885, 442, 933, 533, 355, 24, 953, 867, 1021, 32, 189, 699]
dests:[785, 347, 294, 733, 677]
ac_dict:{95: {0, 1}, 55: {1, 2}, 772: {2, 3}, 993: {3, 4}, 785: {0}, 347: {1}, 294: {2}, 733: {3}, 677: {4}}
clusters:[ 0 18  9 23 11  3 21 29 19  8  6 20 14  5  1  4 15 11 13  9 12 15 17 24
  5 22 28 16  3 17  2 16 10  7  1  2  4 27 25 26  8  0 19 14 12  6 10 18
  7 13]

round: 1
best_g_value: 162.0
open_list_size: 0
num_low_level_expanded: 304
search_success: 1
search_time: 6.9427903120003975
n_tsp_call: 1
n_tsp_time: 6.885167128999456
n_roots: 1
num_conflicts: 0
target_assignment: {598: 0, 533: 0, 625: 0, 657: 0, 234: 4, 490: 4, 584: 4, 901: 4, 929: 4, 993: 4, 867: 4, 707: 4, 442: 1, 439: 1, 214: 1, 86: 1, 55: 1, 24: 1, 154: 1, 315: 1, 939: 3, 982: 3, 953: 3, 885: 3, 790: 3, 758: 3, 694: 3, 699: 3, 355: 2, 325: 2}
cluster_target_selection: {29: 598, 0: 533, 11: 625, 2: 657, 21: 234, 17: 490, 15: 584, 20: 901, 22: 929, 23: 993, 6: 867, 16: 707, 26: 442, 8: 439, 27: 214, 7: 86, 18: 55, 14: 24, 3: 154, 4: 315, 28: 939, 9: 982, 12: 953, 25: 885, 10: 790, 1: 758, 5: 694, 13: 699, 19: 355, 24: 325}
num_nodes_transformed_graph: 122
agent_paths:({0: [(24, 17), (23, 17), (22, 17), (22, 18), (21, 18), (21, 17), (21, 16), (20, 16), (19, 16), (19, 17), (18, 17), (18, 18), (18, 19), (17, 19), (17, 20), (17, 21), (17, 22), (17, 23), (17, 24), (17, 24)], 1: [(27, 11), (26, 11), (26, 12), (26, 13), (25, 13), (24, 13), (23, 13), (22, 13), (22, 12), (22, 11), (22, 10), (22, 9), (22, 8), (22, 7), (22, 6), (21, 6), (21, 5), (21, 4), (21, 3), (21, 2), (22, 2), (22, 1), (23, 1), (23, 0), (24, 0), (24, 1), (24, 2), (25, 2), (25, 3), (26, 3), (26, 4), (27, 4), (27, 5), (27, 6), (27, 7), (27, 8), (27, 9), (27, 10), (27, 10)], 2: [(2, 19), (2, 18), (2, 17), (2, 16), (2, 15), (2, 14), (2, 13), (2, 12), (2, 11), (3, 11), (3, 10), (4, 10), (5, 10), (5, 9), (6, 9), (6, 9)], 3: [(13, 31), (12, 31), (11, 31), (11, 30), (11, 29), (12, 29), (13, 29), (14, 29), (15, 29), (16, 29), (17, 29), (18, 29), (19, 29), (20, 29), (21, 29), (21, 30), (22, 30), (23, 30), (23, 29), (24, 29), (25, 29), (24, 29), (23, 29), (23, 28), (23, 27), (22, 27), (21, 27), (22, 27), (22, 26), (22, 25), (22, 24), (22, 23), (21, 23), (21, 22), (21, 21), (22, 21), (23, 21), (24, 21), (25, 21), (26, 21), (27, 21), (28, 21), (29, 21), (29, 22), (29, 22)], 4: [(8, 8), (9, 8), (9, 7), (10, 7), (10, 8), (10, 9), (10, 10), (10, 11), (10, 12), (10, 13), (10, 14), (10, 15), (9, 15), (9, 16), (8, 16), (8, 17), (8, 18), (7, 18), (7, 19), (7, 20), (7, 21), (7, 22), (7, 23), (7, 24), (7, 25), (6, 25), (5, 25), (5, 26), (5, 27), (5, 28), (4, 28), (4, 29), (3, 29), (2, 29), (1, 29), (1, 30), (1, 31), (1, 30), (1, 29), (1, 28), (1, 27), (2, 27), (3, 27), (3, 26), (3, 25), (3, 24), (3, 23), (3, 22), (4, 22), (5, 22), (5, 21), (5, 21)]}, 50)