

CBSS-C STATS
starts:[985, 310, 19, 786, 259]
targets:[588, 798, 134, 669, 366, 450, 312, 651, 75, 118, 583, 483, 556, 916, 496, 953, 60, 792, 155, 957, 457, 76, 38, 54, 629, 305, 284, 479, 21, 596, 912, 661, 967, 235, 852, 215, 998, 524, 887, 926, 245, 236, 890, 239, 683, 31, 267, 865, 433, 441]
dests:[940, 122, 210, 409, 655]
ac_dict:{588: {0, 1}, 798: {1, 2}, 134: {2, 3}, 669: {3, 4}, 940: {0}, 122: {1}, 210: {2}, 409: {3}, 655: {4}}
clusters:[ 7  5  9 31 22 29 16  9 27 19 34 37 30 13 15 36  0  6  4  8  7 39 38 10
 28  5  1 26  3  0  1 11  2 18 32 17  6 33 25 23  4 21 12  3 20  2  8 14
 35 24]

round: 1
best_g_value: 208.0
open_list_size: 0
num_low_level_expanded: 415
search_success: 1
search_time: 9.945713838000302
n_tsp_call: 1
n_tsp_time: 9.88321004700083
n_roots: 1
num_conflicts: 0
target_assignment: {953: 0, 957: 0, 926: 0, 890: 0, 887: 0, 852: 0, 916: 0, 912: 0, 865: 0, 998: 0, 967: 0, 312: 1, 155: 1, 38: 4, 76: 4, 75: 4, 235: 4, 236: 4, 305: 4, 366: 4, 433: 4, 496: 4, 524: 4, 556: 4, 457: 4, 450: 4, 483: 4, 583: 4, 683: 4, 651: 4, 21: 2, 54: 2, 118: 2, 215: 2, 596: 3, 629: 3, 661: 3, 669: 3, 479: 3, 441: 3}
cluster_target_selection: {36: 953, 8: 957, 23: 926, 12: 890, 25: 887, 32: 852, 13: 916, 1: 912, 14: 865, 6: 998, 2: 967, 16: 312, 4: 155, 38: 38, 39: 76, 27: 75, 18: 235, 21: 236, 5: 305, 22: 366, 35: 433, 15: 496, 33: 524, 30: 556, 7: 457, 29: 450, 37: 483, 34: 583, 20: 683, 9: 651, 3: 21, 10: 54, 19: 118, 17: 215, 0: 596, 28: 629, 11: 661, 31: 669, 26: 479, 24: 441}
num_nodes_transformed_graph: 127
agent_paths:({0: [(25, 30), (25, 29), (26, 29), (27, 29), (28, 29), (29, 29), (29, 28), (30, 28), (29, 28), (28, 28), (27, 28), (26, 28), (26, 27), (25, 27), (24, 27), (23, 27), (22, 27), (21, 27), (20, 27), (20, 26), (20, 27), (20, 28), (19, 28), (18, 28), (17, 28), (16, 28), (15, 28), (14, 28), (13, 28), (12, 28), (11, 28), (10, 28), (9, 28), (8, 28), (7, 28), (6, 28), (5, 28), (4, 28), (4, 27), (3, 27), (2, 27), (1, 27), (2, 27), (3, 27), (4, 27), (5, 27), (6, 27), (6, 28), (6, 29), (6, 30), (6, 31), (6, 30), (7, 30), (8, 30), (9, 30), (10, 30), (10, 29), (11, 29), (12, 29), (12, 29)], 1: [(22, 9), (23, 9), (24, 9), (24, 8), (25, 8), (25, 7), (25, 6), (25, 5), (25, 4), (26, 4), (27, 4), (26, 4), (26, 3), (26, 3)], 2: [(19, 0), (20, 0), (21, 0), (22, 0), (22, 1), (22, 2), (22, 3), (23, 3), (23, 4), (23, 5), (23, 6), (22, 6), (21, 6), (20, 6), (19, 6), (18, 6), (18, 6)], 3: [(18, 24), (18, 23), (18, 22), (18, 21), (18, 20), (18, 19), (18, 18), (19, 18), (20, 18), (21, 18), (21, 19), (21, 20), (22, 20), (23, 20), (24, 20), (25, 20), (26, 20), (27, 20), (28, 20), (29, 20), (29, 19), (29, 18), (29, 17), (29, 16), (29, 15), (29, 14), (30, 14), (31, 14), (30, 14), (29, 14), (28, 14), (27, 14), (26, 14), (25, 14), (25, 13), (25, 12), (25, 12)], 4: [(3, 8), (3, 7), (3, 6), (3, 5), (3, 4), (3, 3), (3, 2), (3, 1), (4, 1), (5, 1), (6, 1), (7, 1), (8, 1), (9, 1), (10, 1), (11, 1), (12, 1), (12, 2), (11, 2), (11, 3), (11, 4), (11, 5), (11, 6), (11, 7), (12, 7), (13, 7), (14, 7), (15, 7), (16, 7), (17, 7), (17, 8), (17, 9), (16, 9), (15, 9), (14, 9), (14, 10), (14, 11), (15, 11), (16, 11), (17, 11), (17, 12), (17, 13), (16, 13), (16, 14), (16, 15), (16, 16), (15, 16), (14, 16), (13, 16), (12, 16), (12, 17), (11, 17), (10, 17), (9, 17), (9, 16), (9, 15), (9, 14), (9, 15), (9, 16), (8, 16), (7, 16), (6, 16), (5, 16), (4, 16), (3, 16), (2, 16), (2, 15), (2, 14), (3, 14), (3, 15), (4, 15), (5, 15), (6, 15), (7, 15), (7, 16), (7, 17), (7, 18), (8, 18), (9, 18), (10, 18), (11, 18), (11, 19), (11, 20), (11, 21), (11, 20), (12, 20), (13, 20), (14, 20), (15, 20), (15, 20)]}, 88)