

CBSS-C STATS
starts:[693, 80, 715, 236, 92]
targets:[966, 448, 939, 37, 166, 281, 509, 529, 93, 59]
dests:[16, 820, 679, 536, 988]
ac_dict:{966: {0, 1}, 448: {1, 2}, 939: {2, 3}, 37: {3, 4}, 16: {0}, 820: {1}, 679: {2}, 536: {3}, 988: {4}}
clusters:[0 0 1 0 0 1 1 0 1 0]

round: 1
best_g_value: 109.0
open_list_size: 0
num_low_level_expanded: 330
search_success: 1
search_time: 0.053482430055737495
n_tsp_call: 1
n_tsp_time: 0.039608311373740435
n_roots: 1
num_conflicts: 0
target_assignment: {529: 0, 509: 4}
cluster_target_selection: {0: 529, 1: 509}
num_nodes_transformed_graph: 29
agent_paths:({0: [(21, 21), (20, 21), (19, 21), (18, 21), (18, 20), (18, 19), (18, 18), (18, 17), (17, 17), (17, 16), (16, 16), (16, 15), (16, 14), (16, 13), (16, 12), (16, 11), (16, 10), (16, 9), (16, 8), (16, 7), (16, 6), (16, 5), (16, 4), (16, 3), (16, 2), (16, 1), (16, 0), (16, 0)], 1: [(16, 2), (17, 2), (17, 3), (18, 3), (18, 4), (18, 5), (18, 6), (18, 7), (18, 8), (18, 9), (19, 9), (19, 10), (19, 11), (19, 12), (19, 13), (19, 14), (19, 15), (19, 16), (19, 17), (19, 18), (19, 19), (19, 20), (19, 21), (19, 22), (19, 23), (19, 24), (20, 24), (20, 25), (20, 25)], 2: [(11, 22), (10, 22), (9, 22), (8, 22), (7, 22), (7, 21), (7, 21)], 3: [(12, 7), (13, 7), (14, 7), (15, 7), (16, 7), (17, 7), (18, 7), (19, 7), (20, 7), (21, 7), (22, 7), (22, 8), (23, 8), (24, 8), (24, 9), (24, 10), (24, 11), (24, 12), (24, 13), (24, 14), (24, 15), (24, 16), (24, 16)], 4: [(28, 2), (28, 3), (28, 4), (29, 4), (29, 5), (29, 6), (29, 7), (29, 8), (29, 9), (29, 10), (29, 11), (29, 12), (29, 13), (29, 14), (29, 15), (29, 16), (29, 17), (29, 18), (29, 19), (29, 20), (29, 21), (29, 22), (29, 23), (29, 24), (29, 25), (29, 26), (29, 27), (28, 27), (28, 28), (28, 29), (28, 30), (28, 30)]}, 30)