

CBSS-C STATS
starts:[802, 888, 1016, 910, 107]
targets:[944, 189, 987, 689, 661, 844, 516, 559, 498, 643]
dests:[797, 727, 463, 306, 149]
ac_dict:{944: {0, 1}, 189: {1, 2}, 987: {2, 3}, 689: {3, 4}, 797: {0}, 727: {1}, 463: {2}, 306: {3}, 149: {4}}
clusters:[1 2 4 0 3 4 3 1 1 4]

round: 1
best_g_value: 130.0
open_list_size: 0
num_low_level_expanded: 366
search_success: 1
search_time: 0.11611921293660998
n_tsp_call: 1
n_tsp_time: 0.09543918538838625
n_roots: 1
num_conflicts: 0
target_assignment: {987: 2, 189: 2, 689: 3, 661: 3, 498: 3}
cluster_target_selection: {4: 987, 2: 189, 0: 689, 3: 661, 1: 498}
num_nodes_transformed_graph: 48
agent_paths:({0: [(2, 25), (3, 25), (4, 25), (5, 25), (6, 25), (7, 25), (8, 25), (9, 25), (10, 25), (11, 25), (12, 25), (13, 25), (14, 25), (15, 25), (16, 25), (17, 25), (18, 25), (19, 25), (20, 25), (21, 25), (22, 25), (22, 24), (23, 24), (24, 24), (25, 24), (26, 24), (27, 24), (28, 24), (29, 24), (29, 24)], 1: [(24, 27), (24, 26), (24, 25), (24, 24), (24, 23), (24, 22), (23, 22), (23, 22)], 2: [(24, 31), (24, 30), (25, 30), (26, 30), (27, 30), (27, 29), (27, 28), (27, 27), (27, 26), (27, 25), (27, 24), (27, 23), (27, 22), (27, 21), (27, 20), (27, 19), (27, 18), (27, 17), (27, 16), (27, 15), (27, 14), (27, 13), (28, 13), (28, 12), (28, 11), (28, 10), (28, 9), (28, 8), (28, 7), (28, 6), (28, 5), (29, 5), (28, 5), (27, 5), (26, 5), (25, 5), (24, 5), (23, 5), (23, 6), (22, 6), (21, 6), (20, 6), (19, 6), (18, 6), (17, 6), (16, 6), (16, 7), (16, 8), (16, 9), (15, 9), (15, 10), (15, 11), (15, 12), (15, 13), (15, 14), (15, 14)], 3: [(14, 28), (14, 27), (15, 27), (15, 26), (15, 25), (15, 24), (15, 23), (15, 22), (15, 21), (16, 21), (17, 21), (17, 20), (18, 20), (19, 20), (20, 20), (21, 20), (20, 20), (19, 20), (19, 19), (19, 18), (19, 17), (19, 16), (19, 15), (18, 15), (18, 14), (18, 13), (18, 12), (18, 11), (18, 10), (18, 9), (18, 9)], 4: [(11, 3), (12, 3), (13, 3), (14, 3), (14, 4), (14, 5), (15, 5), (16, 5), (16, 4), (17, 4), (18, 4), (19, 4), (20, 4), (21, 4), (21, 4)]}, 54)