

CBSS-C STATS
starts:[873, 994, 613, 158, 406, 984, 814, 430, 286, 616]
targets:[1000, 897, 553, 628, 643, 417, 915, 596, 531, 325, 142, 242, 805, 556, 251]
dests:[911, 298, 311, 211, 604, 479, 821, 313, 803, 477]
ac_dict:{1000: {0, 1}, 897: {1, 2}, 553: {2, 3}, 628: {3, 4}, 643: {4, 5}, 417: {5, 6}, 915: {6, 7}, 596: {8, 7}, 531: {8, 9}, 911: {0}, 298: {1}, 311: {2}, 211: {3}, 604: {4}, 479: {5}, 821: {6}, 313: {7}, 803: {8}, 477: {9}}
clusters:[7 6 5 8 4 1 3 9 8 9 6 5 0 4 2]

round: 4
best_g_value: 275.0
open_list_size: 3
num_low_level_expanded: 5078
search_success: 1
search_time: 7.052848358638585
n_tsp_call: 18
n_tsp_time: 6.098657300230116
n_roots: 1
num_conflicts: 3
target_assignment: {1000: 0, 553: 2, 556: 2, 417: 5, 531: 9, 897: 1, 805: 1, 596: 8, 915: 6, 251: 3}
cluster_target_selection: {7: 1000, 5: 553, 4: 556, 1: 417, 8: 531, 6: 897, 0: 805, 9: 596, 3: 915, 2: 251}
num_nodes_transformed_graph: 57
agent_paths:({0: [(9, 27), (8, 27), (8, 28), (8, 29), (8, 30), (8, 31), (8, 30), (8, 29), (8, 28), (9, 28), (10, 28), (11, 28), (12, 28), (13, 28), (14, 28), (15, 28), (15, 28)], 1: [(2, 31), (1, 31), (1, 30), (1, 29), (1, 28), (1, 27), (2, 27), (2, 26), (2, 25), (3, 25), (4, 25), (5, 25), (6, 25), (7, 25), (7, 24), (7, 23), (7, 22), (7, 21), (7, 20), (7, 19), (7, 18), (7, 17), (7, 16), (8, 16), (9, 16), (9, 15), (9, 14), (10, 14), (10, 13), (10, 12), (10, 11), (10, 10), (10, 9), (10, 9)], 2: [(5, 19), (5, 18), (5, 17), (6, 17), (7, 17), (8, 17), (9, 17), (10, 17), (11, 17), (12, 17), (12, 16), (12, 15), (12, 14), (12, 13), (12, 12), (12, 11), (12, 10), (13, 10), (13, 9), (14, 9), (15, 9), (16, 9), (17, 9), (18, 9), (19, 9), (20, 9), (21, 9), (22, 9), (23, 9), (23, 9)], 3: [(30, 4), (29, 4), (28, 4), (27, 4), (27, 5), (27, 6), (27, 7), (26, 7), (25, 7), (25, 6), (24, 6), (23, 6), (22, 6), (21, 6), (20, 6), (19, 6), (19, 6)], 4: [(22, 12), (23, 12), (24, 12), (25, 12), (26, 12), (26, 13), (27, 13), (27, 14), (27, 15), (27, 16), (27, 17), (27, 18), (28, 18), (28, 18)], 5: [(24, 30), (23, 30), (22, 30), (21, 30), (20, 30), (19, 30), (18, 30), (17, 30), (16, 30), (16, 29), (15, 29), (14, 29), (13, 29), (12, 29), (11, 29), (10, 29), (10, 28), (9, 28), (8, 28), (7, 28), (6, 28), (5, 28), (4, 28), (4, 27), (3, 27), (2, 27), (2, 26), (2, 25), (2, 24), (2, 23), (2, 22), (2, 21), (2, 20), (2, 19), (2, 18), (2, 17), (1, 17), (1, 16), (1, 15), (1, 14), (1, 13), (2, 13), (3, 13), (4, 13), (5, 13), (6, 13), (7, 13), (8, 13), (8, 12), (9, 12), (10, 12), (10, 13), (10, 14), (11, 14), (12, 14), (13, 14), (14, 14), (15, 14), (16, 14), (17, 14), (18, 14), (19, 14), (20, 14), (21, 14), (22, 14), (23, 14), (24, 14), (25, 14), (26, 14), (27, 14), (28, 14), (28, 15), (29, 15), (30, 15), (30, 14), (31, 14), (31, 14)], 6: [(14, 25), (15, 25), (16, 25), (17, 25), (18, 25), (19, 25), (19, 26), (19, 27), (19, 28), (19, 27), (19, 26), (19, 25), (20, 25), (21, 25), (21, 25)], 7: [(14, 13), (14, 12), (14, 11), (14, 10), (14, 9), (15, 9), (16, 9), (17, 9), (18, 9), (19, 9), (20, 9), (21, 9), (22, 9), (23, 9), (24, 9), (25, 9), (25, 9)], 8: [(30, 8), (29, 8), (28, 8), (27, 8), (27, 9), (27, 10), (26, 10), (25, 10), (24, 10), (23, 10), (22, 10), (21, 10), (21, 11), (21, 12), (21, 13), (21, 14), (21, 15), (21, 16), (20, 16), (20, 17), (20, 18), (19, 18), (18, 18), (18, 19), (17, 19), (16, 19), (15, 19), (14, 19), (13, 19), (12, 19), (11, 19), (10, 19), (9, 19), (8, 19), (7, 19), (6, 19), (5, 19), (5, 20), (5, 21), (5, 22), (4, 22), (3, 22), (3, 23), (3, 24), (3, 25), (3, 25)], 9: [(8, 19), (8, 18), (8, 17), (9, 17), (10, 17), (11, 17), (12, 17), (13, 17), (14, 17), (15, 17), (16, 17), (17, 17), (18, 17), (19, 17), (19, 16), (19, 15), (19, 14), (20, 14), (21, 14), (22, 14), (23, 14), (24, 14), (25, 14), (26, 14), (27, 14), (28, 14), (29, 14), (29, 14)]}, 75)