

CBSS-C STATS
starts:[545, 122, 464, 755, 697]
targets:[238, 856, 353, 199, 246, 412, 641, 313, 799, 428]
dests:[349, 843, 327, 651, 852]
ac_dict:{238: {0, 1}, 856: {1, 2}, 353: {2, 3}, 199: {3, 4}, 349: {0}, 843: {1}, 327: {2}, 651: {3}, 852: {4}}
clusters:[1 1 1 0 1 0 0 1 1 0]

round: 2
best_g_value: 107.0
open_list_size: 1
num_low_level_expanded: 826
search_success: 1
search_time: 0.21833122987300158
n_tsp_call: 1
n_tsp_time: 0.19052558112889528
n_roots: 1
num_conflicts: 1
target_assignment: {428: 0, 238: 1}
cluster_target_selection: {0: 428, 1: 238}
num_nodes_transformed_graph: 48
agent_paths:({0: [(1, 17), (1, 16), (2, 16), (3, 16), (4, 16), (5, 16), (6, 16), (7, 16), (8, 16), (9, 16), (9, 15), (9, 14), (10, 14), (11, 14), (12, 14), (12, 13), (13, 13), (14, 13), (14, 12), (14, 11), (15, 11), (16, 11), (17, 11), (18, 11), (18, 10), (19, 10), (20, 10), (21, 10), (22, 10), (23, 10), (24, 10), (25, 10), (26, 10), (27, 10), (28, 10), (29, 10), (29, 10)], 1: [(26, 3), (25, 3), (24, 3), (23, 3), (22, 3), (21, 3), (20, 3), (19, 3), (18, 3), (17, 3), (16, 3), (16, 4), (16, 5), (15, 5), (14, 5), (14, 6), (14, 7), (13, 7), (13, 8), (13, 9), (13, 10), (12, 10), (12, 11), (12, 12), (12, 13), (12, 14), (12, 15), (12, 16), (12, 17), (12, 18), (12, 19), (12, 20), (12, 21), (11, 21), (11, 22), (11, 23), (11, 24), (11, 25), (11, 26), (11, 26)], 2: [(16, 14), (15, 14), (14, 14), (13, 14), (12, 14), (11, 14), (10, 14), (10, 13), (10, 12), (9, 12), (9, 11), (9, 10), (8, 10), (7, 10), (7, 10)], 3: [(19, 23), (18, 23), (17, 23), (16, 23), (15, 23), (14, 23), (13, 23), (12, 23), (11, 23), (11, 22), (11, 21), (11, 20), (11, 20)], 4: [(25, 21), (24, 21), (24, 22), (24, 23), (24, 24), (23, 24), (22, 24), (22, 25), (21, 25), (20, 25), (20, 26), (20, 26)]}, 38)