

CBSS-C STATS
starts:[996, 597, 329, 802, 119, 958, 999, 776, 684, 581]
targets:[758, 33, 469, 308, 1010, 45, 772, 43, 736, 526]
dests:[236, 946, 135, 246, 448, 1000, 607, 715, 2, 857]
ac_dict:{758: {0, 1}, 33: {1, 2}, 469: {2, 3}, 308: {3, 4}, 1010: {4, 5}, 45: {5, 6}, 772: {6, 7}, 43: {8, 7}, 736: {8, 9}, 236: {0}, 946: {1}, 135: {2}, 246: {3}, 448: {4}, 1000: {5}, 607: {6}, 715: {7}, 2: {8}, 857: {9}}
clusters:[2 2 2 4 1 0 3 3 2 3]

round: 1
best_g_value: 285.0
open_list_size: 0
num_low_level_expanded: 1164
search_success: 1
search_time: 0.3003585780970752
n_tsp_call: 1
n_tsp_time: 0.25400805519893765
n_roots: 1
num_conflicts: 0
target_assignment: {45: 6, 526: 6, 469: 3, 1010: 5, 308: 4}
cluster_target_selection: {0: 45, 3: 526, 2: 469, 1: 1010, 4: 308}
num_nodes_transformed_graph: 48
agent_paths:({0: [(4, 31), (5, 31), (5, 30), (5, 29), (5, 28), (5, 27), (5, 26), (5, 25), (6, 25), (7, 25), (7, 24), (7, 23), (7, 22), (7, 21), (7, 20), (7, 19), (7, 18), (7, 17), (7, 16), (8, 16), (9, 16), (9, 15), (9, 14), (10, 14), (10, 13), (10, 12), (10, 11), (10, 10), (10, 9), (10, 8), (10, 7), (11, 7), (12, 7), (12, 7)], 1: [(21, 18), (20, 18), (19, 18), (18, 18), (18, 19), (18, 20), (18, 21), (18, 22), (18, 23), (18, 24), (18, 25), (18, 26), (18, 27), (18, 28), (18, 29), (18, 29)], 2: [(9, 10), (8, 10), (7, 10), (7, 9), (7, 8), (7, 7), (7, 6), (7, 5), (7, 4), (7, 4)], 3: [(2, 25), (2, 24), (2, 23), (2, 22), (2, 21), (2, 20), (2, 19), (2, 18), (2, 17), (2, 16), (3, 16), (4, 16), (5, 16), (6, 16), (7, 16), (8, 16), (9, 16), (9, 15), (9, 14), (10, 14), (11, 14), (12, 14), (13, 14), (14, 14), (15, 14), (16, 14), (17, 14), (18, 14), (19, 14), (20, 14), (21, 14), (21, 13), (21, 12), (21, 11), (21, 10), (21, 9), (21, 8), (21, 7), (22, 7), (22, 7)], 4: [(23, 3), (22, 3), (21, 3), (21, 4), (21, 5), (21, 6), (20, 6), (20, 7), (20, 8), (20, 9), (19, 9), (18, 9), (17, 9), (16, 9), (15, 9), (14, 9), (13, 9), (13, 10), (12, 10), (11, 10), (10, 10), (9, 10), (8, 10), (7, 10), (6, 10), (5, 10), (4, 10), (3, 10), (2, 10), (1, 10), (1, 11), (1, 12), (1, 13), (1, 14), (0, 14), (0, 14)], 5: [(30, 29), (29, 29), (28, 29), (27, 29), (26, 29), (25, 29), (24, 29), (23, 29), (23, 30), (22, 30), (21, 30), (20, 30), (19, 30), (18, 30), (18, 31), (17, 31), (16, 31), (15, 31), (14, 31), (13, 31), (12, 31), (11, 31), (10, 31), (9, 31), (8, 31), (8, 31)], 6: [(7, 31), (7, 30), (7, 29), (7, 28), (8, 28), (8, 27), (8, 26), (8, 25), (8, 24), (8, 23), (8, 22), (8, 21), (8, 20), (8, 19), (8, 18), (8, 17), (8, 16), (9, 16), (9, 15), (9, 14), (10, 14), (10, 13), (10, 12), (10, 11), (10, 10), (10, 9), (10, 8), (10, 7), (10, 6), (10, 5), (10, 4), (10, 3), (10, 2), (10, 1), (11, 1), (12, 1), (13, 1), (13, 2), (13, 3), (13, 4), (13, 5), (13, 6), (13, 7), (13, 8), (13, 9), (14, 9), (14, 10), (14, 11), (14, 12), (14, 13), (14, 14), (14, 15), (14, 16), (15, 16), (16, 16), (17, 16), (17, 17), (18, 17), (19, 17), (20, 17), (21, 17), (22, 17), (23, 17), (24, 17), (25, 17), (26, 17), (27, 17), (27, 18), (28, 18), (29, 18), (30, 18), (31, 18), (31, 18)], 7: [(8, 24), (8, 23), (8, 22), (9, 22), (10, 22), (11, 22), (11, 22)], 8: [(12, 21), (11, 21), (10, 21), (9, 21), (8, 21), (7, 21), (6, 21), (5, 21), (5, 20), (5, 19), (4, 19), (4, 18), (3, 18), (3, 17), (3, 16), (3, 15), (3, 14), (3, 13), (3, 12), (3, 11), (3, 10), (3, 9), (3, 8), (3, 7), (2, 7), (2, 6), (2, 5), (2, 4), (2, 3), (2, 2), (2, 1), (2, 0), (2, 0)], 9: [(5, 18), (5, 19), (6, 19), (7, 19), (8, 19), (9, 19), (10, 19), (11, 19), (12, 19), (13, 19), (14, 19), (15, 19), (16, 19), (17, 19), (18, 19), (19, 19), (20, 19), (21, 19), (22, 19), (23, 19), (24, 19), (24, 20), (24, 21), (24, 22), (24, 23), (24, 24), (25, 24), (25, 25), (25, 26), (25, 26)]}, 71)