

CBSS-C STATS
starts:[821, 138, 851, 603, 809]
targets:[765, 775, 531, 707, 486, 368, 30, 672, 120, 771, 895, 725, 352, 433, 166, 371, 1014, 441, 894, 642, 868, 556, 458, 116, 673, 227, 749, 1004, 803, 666, 719, 540, 137, 626, 820, 949, 777, 532, 230, 69, 496, 469, 633, 382, 263, 795, 681, 193, 409, 988]
dests:[508, 171, 570, 419, 98]
ac_dict:{765: {0, 1}, 775: {1, 2}, 531: {2, 3}, 707: {3, 4}, 508: {0}, 171: {1}, 570: {2}, 419: {3}, 98: {4}}
clusters:[18  2 15  1  3  6 12  5  8 11  4 36 20 22  0 30 38 10 19 34  9 25  7  1
 29 17  6 16 26 35  2  8  4  7 32 31 24 21 13 14 37 23  9 27  0 39  5 28
  3 33]

round: 1
best_g_value: 219.0
open_list_size: 0
num_low_level_expanded: 436
search_success: 1
search_time: 19.28679516900047
n_tsp_call: 1
n_tsp_time: 19.167181373999483
n_roots: 1
num_conflicts: 0
target_assignment: {820: 0, 949: 0, 1014: 0, 988: 0, 894: 0, 795: 0, 765: 0, 540: 0, 30: 3, 382: 3, 409: 3, 441: 3, 469: 3, 532: 3, 531: 3, 371: 3, 433: 3, 496: 3, 556: 3, 458: 3, 1004: 2, 749: 2, 719: 2, 725: 2, 666: 2, 633: 2, 137: 1, 777: 4, 803: 4, 771: 4, 707: 4, 673: 4, 672: 4, 642: 4, 352: 4, 193: 4, 227: 4, 230: 4, 166: 4, 69: 4}
cluster_target_selection: {32: 820, 31: 949, 38: 1014, 33: 988, 19: 894, 39: 795, 18: 765, 8: 540, 12: 30, 27: 382, 3: 409, 10: 441, 23: 469, 21: 532, 15: 531, 30: 371, 22: 433, 37: 496, 25: 556, 7: 458, 16: 1004, 6: 749, 2: 719, 36: 725, 35: 666, 9: 633, 4: 137, 24: 777, 26: 803, 11: 771, 1: 707, 29: 673, 5: 672, 34: 642, 20: 352, 28: 193, 17: 227, 13: 230, 0: 166, 14: 69}
num_nodes_transformed_graph: 248
agent_paths:({0: [(21, 25), (20, 25), (20, 26), (20, 27), (20, 28), (20, 29), (21, 29), (21, 30), (22, 30), (22, 31), (22, 30), (23, 30), (24, 30), (25, 30), (26, 30), (27, 30), (28, 30), (28, 29), (28, 28), (28, 27), (29, 27), (30, 27), (29, 27), (28, 27), (27, 27), (27, 26), (27, 25), (27, 24), (28, 24), (29, 24), (29, 23), (29, 22), (29, 21), (29, 20), (29, 19), (29, 18), (29, 17), (29, 16), (28, 16), (28, 15), (28, 15)], 1: [(10, 4), (9, 4), (10, 4), (11, 4), (11, 5), (11, 5)], 2: [(19, 26), (18, 26), (17, 26), (16, 26), (15, 26), (15, 27), (14, 27), (13, 27), (12, 27), (12, 28), (12, 29), (12, 30), (12, 31), (12, 30), (12, 29), (12, 28), (12, 27), (12, 26), (12, 25), (12, 24), (12, 23), (13, 23), (14, 23), (15, 23), (15, 22), (16, 22), (17, 22), (18, 22), (19, 22), (20, 22), (21, 22), (21, 21), (21, 20), (22, 20), (23, 20), (24, 20), (25, 20), (26, 20), (25, 20), (25, 19), (25, 18), (25, 17), (26, 17), (26, 17)], 3: [(27, 18), (27, 17), (27, 16), (27, 15), (27, 14), (27, 13), (28, 13), (28, 12), (28, 11), (28, 10), (28, 9), (28, 8), (28, 7), (28, 6), (28, 5), (28, 4), (28, 3), (28, 2), (28, 1), (28, 0), (29, 0), (30, 0), (30, 1), (30, 2), (30, 3), (30, 4), (30, 5), (30, 6), (30, 7), (30, 8), (30, 9), (30, 10), (30, 11), (29, 11), (28, 11), (27, 11), (26, 11), (25, 11), (25, 12), (25, 13), (24, 13), (23, 13), (22, 13), (21, 13), (21, 14), (21, 15), (21, 16), (20, 16), (19, 16), (19, 15), (19, 14), (19, 13), (19, 12), (19, 11), (18, 11), (17, 11), (17, 12), (17, 13), (16, 13), (16, 14), (16, 15), (16, 16), (15, 16), (14, 16), (13, 16), (12, 16), (12, 17), (11, 17), (10, 17), (10, 16), (10, 15), (10, 14), (10, 13), (10, 12), (9, 12), (8, 12), (8, 13), (7, 13), (6, 13), (5, 13), (4, 13), (3, 13), (3, 13)], 4: [(9, 25), (9, 24), (8, 24), (7, 24), (7, 25), (6, 25), (5, 25), (4, 25), (3, 25), (3, 24), (3, 23), (3, 22), (2, 22), (1, 22), (1, 21), (0, 21), (0, 20), (1, 20), (2, 20), (2, 19), (2, 18), (2, 17), (1, 17), (1, 16), (1, 15), (1, 14), (1, 13), (1, 12), (1, 11), (0, 11), (0, 10), (0, 9), (0, 8), (0, 7), (1, 7), (1, 6), (2, 6), (3, 6), (3, 7), (4, 7), (5, 7), (6, 7), (5, 7), (5, 6), (5, 5), (6, 5), (5, 5), (5, 4), (5, 3), (5, 2), (4, 2), (3, 2), (2, 2), (2, 3), (2, 3)]}, 81)