

CBSS-C STATS
starts:[13, 578]
targets:[720, 35, 884, 724, 758, 935, 77, 776, 291, 5, 594, 829, 566, 765, 159, 910, 269, 328, 951, 682, 848, 589, 1008, 847, 217, 514, 878, 802, 494, 780, 590, 185, 544, 297, 560, 265, 908, 806, 597, 588, 122, 396, 478, 87, 555, 459, 671, 1014, 921, 637, 522, 747, 348, 953, 106, 573, 800, 817, 980, 801, 31, 712, 414, 233, 955, 183, 363, 744, 579, 405, 333, 86, 110, 346, 506, 672, 959, 985, 503, 3, 326, 309, 978, 138, 173, 120, 709, 157, 378, 22, 571, 894, 241, 841, 799, 253, 798, 635, 130, 539]
dests:[952, 179]
ac_dict:{720: {0, 1}, 952: {0}, 179: {1}}
clusters:[ 1  4 31 13 12 25 21 11 31 25 20 32  3 35 17 17  8 21 29 38 17  5 10 27
  9 31 15  7 18  6 33  8 38 36  4 37 26  2 34 17 21 11 24 39 11 15 23 18
 22 13 14  1 22 21 21  1 33 15 34 15 12 33 24 21  7 16 31 29 38 20  7 14
  8  2 18 26 28 35 26 21  7 14 32 35 34 29  1 25 20 27 13 17  0  4  7 19
  7  8 30 15]

round: 1
best_g_value: 452.0
open_list_size: 0
num_low_level_expanded: 310
search_success: 1
search_time: 41.63041954799701
n_tsp_call: 1
n_tsp_time: 41.449504017000436
n_roots: 1
num_conflicts: 0
target_assignment: {22: 0, 86: 0, 87: 0, 183: 0, 185: 0, 217: 0, 157: 0, 253: 0, 348: 0, 346: 0, 378: 0, 414: 0, 573: 0, 637: 0, 671: 0, 765: 0, 829: 0, 894: 0, 959: 0, 955: 0, 953: 0, 758: 0, 597: 0, 566: 0, 560: 0, 590: 0, 589: 0, 555: 0, 780: 0, 908: 0, 878: 0, 1008: 0, 1014: 0, 951: 0, 579: 1, 291: 1, 130: 1, 265: 1, 297: 1, 241: 1}
cluster_target_selection: {27: 22, 14: 86, 39: 87, 16: 183, 8: 185, 9: 217, 25: 157, 19: 253, 22: 348, 2: 346, 20: 378, 24: 414, 1: 573, 13: 637, 23: 671, 35: 765, 32: 829, 17: 894, 28: 959, 7: 955, 21: 953, 12: 758, 34: 597, 3: 566, 4: 560, 33: 590, 5: 589, 11: 555, 6: 780, 26: 908, 15: 878, 10: 1008, 18: 1014, 29: 951, 38: 579, 31: 291, 30: 130, 37: 265, 36: 297, 0: 241}
num_nodes_transformed_graph: 204
agent_paths:({0: [(13, 0), (14, 0), (15, 0), (16, 0), (16, 1), (17, 1), (18, 1), (19, 1), (19, 0), (20, 0), (21, 0), (22, 0), (22, 1), (22, 2), (23, 2), (23, 3), (23, 4), (23, 5), (24, 5), (25, 5), (25, 6), (25, 5), (25, 4), (26, 4), (27, 4), (28, 4), (29, 4), (29, 5), (29, 6), (29, 7), (28, 7), (28, 8), (28, 9), (28, 10), (27, 10), (26, 10), (26, 11), (27, 11), (28, 11), (29, 11), (30, 11), (30, 12), (29, 12), (29, 13), (29, 14), (29, 15), (29, 16), (29, 17), (29, 18), (29, 19), (30, 19), (31, 19), (31, 20), (30, 20), (29, 20), (29, 21), (29, 22), (29, 23), (29, 24), (29, 25), (30, 25), (30, 26), (30, 27), (31, 27), (31, 28), (31, 29), (30, 29), (29, 29), (28, 29), (27, 29), (26, 29), (25, 29), (24, 29), (23, 29), (23, 28), (23, 27), (22, 27), (22, 26), (22, 25), (22, 24), (22, 23), (21, 23), (21, 22), (21, 21), (21, 20), (21, 19), (21, 18), (21, 17), (22, 17), (21, 17), (20, 17), (19, 17), (18, 17), (17, 17), (16, 17), (15, 17), (14, 17), (14, 18), (13, 18), (12, 18), (11, 18), (11, 17), (12, 17), (12, 18), (12, 19), (12, 20), (12, 21), (12, 22), (12, 23), (12, 24), (12, 25), (12, 26), (12, 27), (12, 28), (12, 27), (13, 27), (14, 27), (15, 27), (16, 27), (16, 28), (16, 29), (16, 30), (16, 31), (17, 31), (18, 31), (19, 31), (20, 31), (21, 31), (22, 31), (22, 30), (23, 30), (23, 29), (24, 29), (24, 29)], 1: [(2, 18), (3, 18), (3, 17), (3, 16), (3, 15), (3, 14), (3, 13), (3, 12), (3, 11), (3, 10), (3, 9), (3, 8), (3, 7), (2, 7), (2, 6), (2, 5), (2, 4), (3, 4), (4, 4), (5, 4), (6, 4), (7, 4), (8, 4), (8, 5), (8, 6), (9, 6), (9, 7), (9, 8), (9, 9), (9, 8), (9, 7), (10, 7), (11, 7), (12, 7), (13, 7), (14, 7), (15, 7), (16, 7), (17, 7), (17, 6), (17, 5), (18, 5), (19, 5), (19, 5)]}, 132)