

CBSS-C STATS
starts:[570, 239, 598, 987, 545]
targets:[883, 925, 69, 77, 800, 802, 905, 188, 820, 861, 874, 178, 941, 930, 620, 894, 242, 330, 838, 594]
dests:[4, 834, 336, 240, 444]
ac_dict:{883: {0, 1}, 925: {1, 2}, 69: {2, 3}, 77: {3, 4}, 4: {0}, 834: {1}, 336: {2}, 240: {3}, 444: {4}}
clusters:[9 7 5 7 3 2 0 2 1 6 0 9 0 4 2 8 7 2 4 8]

round: 1
best_g_value: 194.0
open_list_size: 0
num_low_level_expanded: 785
search_success: 1
search_time: 2.0929131312295794
n_tsp_call: 1
n_tsp_time: 2.054154987912625
n_roots: 1
num_conflicts: 0
target_assignment: {242: 0, 178: 0, 594: 2, 620: 1, 874: 1, 838: 1, 800: 1, 861: 3, 820: 3, 69: 3}
cluster_target_selection: {7: 242, 9: 178, 8: 594, 2: 620, 0: 874, 4: 838, 3: 800, 6: 861, 1: 820, 5: 69}
num_nodes_transformed_graph: 98
agent_paths:({0: [(26, 17), (25, 17), (24, 17), (23, 17), (22, 17), (21, 17), (20, 17), (19, 17), (19, 16), (19, 15), (18, 15), (18, 14), (18, 13), (18, 12), (18, 11), (18, 10), (18, 9), (18, 8), (18, 7), (18, 6), (18, 5), (17, 5), (16, 5), (15, 5), (14, 5), (13, 5), (12, 5), (11, 5), (10, 5), (10, 4), (9, 4), (8, 4), (7, 4), (6, 4), (5, 4), (4, 4), (4, 3), (4, 2), (4, 1), (4, 0), (4, 0)], 1: [(15, 7), (14, 7), (13, 7), (13, 8), (13, 9), (13, 10), (12, 10), (12, 11), (12, 12), (12, 13), (12, 14), (12, 15), (12, 16), (12, 17), (12, 18), (12, 19), (11, 19), (10, 19), (10, 20), (10, 21), (10, 22), (10, 23), (10, 24), (10, 25), (10, 26), (10, 27), (9, 27), (8, 27), (8, 26), (7, 26), (6, 26), (5, 26), (4, 26), (3, 26), (2, 26), (2, 25), (1, 25), (0, 25), (1, 25), (2, 25), (2, 26), (2, 26)], 2: [(22, 18), (21, 18), (20, 18), (19, 18), (18, 18), (18, 17), (17, 17), (16, 17), (16, 16), (16, 15), (16, 14), (16, 13), (16, 12), (16, 11), (16, 10), (16, 10)], 3: [(27, 30), (27, 29), (27, 28), (27, 27), (28, 27), (29, 27), (29, 26), (29, 25), (28, 25), (27, 25), (26, 25), (25, 25), (24, 25), (23, 25), (22, 25), (21, 25), (20, 25), (19, 25), (18, 25), (17, 25), (16, 25), (15, 25), (14, 25), (13, 25), (12, 25), (11, 25), (10, 25), (9, 25), (8, 25), (7, 25), (7, 24), (7, 23), (7, 22), (7, 21), (7, 20), (7, 19), (7, 18), (7, 17), (6, 17), (6, 16), (6, 15), (6, 14), (6, 13), (6, 12), (6, 11), (5, 11), (5, 10), (5, 9), (5, 8), (5, 7), (5, 6), (5, 5), (5, 4), (5, 3), (5, 2), (6, 2), (6, 3), (7, 3), (8, 3), (9, 3), (10, 3), (11, 3), (12, 3), (13, 3), (14, 3), (14, 4), (14, 5), (15, 5), (16, 5), (16, 6), (16, 7), (16, 7)], 4: [(1, 17), (1, 16), (2, 16), (3, 16), (4, 16), (5, 16), (6, 16), (7, 16), (8, 16), (9, 16), (9, 15), (9, 14), (10, 14), (11, 14), (12, 14), (12, 13), (13, 13), (14, 13), (15, 13), (16, 13), (17, 13), (18, 13), (19, 13), (20, 13), (21, 13), (22, 13), (23, 13), (24, 13), (25, 13), (26, 13), (27, 13), (28, 13), (28, 13)]}, 70)