

CBSS-C STATS
starts:[498, 328]
targets:[885, 754, 338, 711, 694, 524, 779, 326, 681, 947, 760, 549, 166, 482, 283, 730, 523, 665, 221, 886, 806, 506, 758, 2, 564, 217, 318, 962, 677, 915, 412, 977, 419, 1009, 213, 280, 604, 1017, 181, 272, 491, 92, 894, 672, 14, 473, 222, 762, 580, 204, 556, 447, 969, 782, 335, 570, 227, 267, 325, 223, 661, 356, 627, 1002, 238, 834, 174, 458, 113, 64, 443, 380, 841, 11, 161, 126, 149, 409, 674, 954, 974, 584, 642, 808, 955, 984, 6, 402, 679, 600, 350, 838, 439, 766, 780, 269, 753, 339, 499, 795]
dests:[695, 961]
ac_dict:{885: {0, 1}, 695: {0}, 961: {1}}
clusters:[25 20 23 37 33  7 19 33 17 24 38  7 18 39  4 29 26 11 39 36  0 13 25 25
 30  8 26 37  4 17 31  4 20 34 33 32 10  5  7 37 11 19  5 28 27 13 29 21
 23 25 33  2 28  9 31  1  3  6 27  8 31 20 29 11 33 20 35  4  3 10  6 15
  4  3 19 34 27  7 29 23  6  8  5 36 23 20 32 28 16 30 16 18 17 13  4 12
  1 22  2 14]

round: 1
best_g_value: 420.0
open_list_size: 0
num_low_level_expanded: 255
search_success: 1
search_time: 36.99585424399993
n_tsp_call: 1
n_tsp_time: 36.83160313499684
n_roots: 1
num_conflicts: 0
target_assignment: {402: 0, 338: 0, 339: 0, 499: 0, 564: 0, 661: 0, 269: 1, 238: 1, 174: 1, 113: 1, 149: 1, 181: 1, 280: 1, 217: 1, 221: 1, 222: 1, 318: 1, 350: 1, 380: 1, 443: 1, 506: 1, 570: 1, 604: 1, 665: 1, 760: 1, 762: 1, 795: 1, 894: 1, 886: 1, 885: 1, 915: 1, 947: 1, 977: 1, 1009: 1, 782: 1, 779: 1, 806: 1, 838: 1, 834: 1, 962: 1}
cluster_target_selection: {28: 402, 23: 338, 22: 339, 2: 499, 30: 564, 31: 661, 12: 269, 33: 238, 35: 174, 3: 113, 27: 149, 7: 181, 32: 280, 8: 217, 39: 221, 29: 222, 26: 318, 16: 350, 15: 380, 6: 443, 13: 506, 1: 570, 10: 604, 11: 665, 38: 760, 21: 762, 14: 795, 5: 894, 36: 886, 25: 885, 17: 915, 24: 947, 4: 977, 34: 1009, 9: 782, 19: 779, 0: 806, 18: 838, 20: 834, 37: 962}
num_nodes_transformed_graph: 204
agent_paths:({0: [(18, 15), (18, 14), (18, 13), (18, 12), (18, 11), (18, 10), (19, 10), (19, 11), (19, 12), (19, 13), (19, 14), (19, 15), (19, 16), (20, 16), (20, 17), (21, 17), (21, 18), (21, 19), (21, 20), (22, 20), (23, 20), (23, 21), (23, 21)], 1: [(8, 10), (9, 10), (10, 10), (11, 10), (12, 10), (13, 10), (13, 9), (13, 8), (13, 7), (14, 7), (14, 6), (14, 5), (15, 5), (16, 5), (16, 4), (16, 3), (17, 3), (18, 3), (19, 3), (20, 3), (21, 3), (21, 4), (21, 5), (21, 6), (22, 6), (22, 7), (22, 8), (23, 8), (24, 8), (25, 8), (25, 7), (25, 6), (26, 6), (27, 6), (28, 6), (29, 6), (30, 6), (30, 7), (30, 8), (30, 9), (30, 10), (29, 10), (28, 10), (28, 11), (28, 12), (28, 13), (27, 13), (26, 13), (26, 14), (26, 15), (26, 16), (26, 17), (27, 17), (27, 18), (28, 18), (27, 18), (26, 18), (25, 18), (25, 19), (25, 20), (24, 20), (24, 21), (24, 22), (24, 23), (24, 24), (25, 24), (26, 24), (26, 23), (27, 23), (27, 24), (28, 24), (29, 24), (30, 24), (30, 25), (30, 26), (30, 27), (29, 27), (28, 27), (27, 27), (26, 27), (25, 27), (24, 27), (23, 27), (22, 27), (21, 27), (20, 27), (19, 27), (19, 28), (19, 29), (18, 29), (17, 29), (17, 30), (17, 31), (16, 31), (16, 30), (16, 29), (15, 29), (15, 28), (15, 27), (15, 26), (15, 25), (14, 25), (14, 24), (13, 24), (12, 24), (11, 24), (10, 24), (9, 24), (8, 24), (7, 24), (7, 25), (6, 25), (6, 26), (5, 26), (4, 26), (3, 26), (2, 26), (2, 27), (2, 28), (2, 29), (2, 30), (1, 30), (1, 30)]}, 121)