

CBSS-C STATS
starts:[669, 338, 344, 867, 862, 139, 783, 720, 667, 624]
targets:[393, 747, 377, 96, 479, 56, 996, 29, 954, 571]
dests:[38, 526, 654, 473, 898, 518, 1011, 317, 961, 834]
ac_dict:{393: {0, 1}, 747: {1, 2}, 377: {2, 3}, 96: {3, 4}, 479: {4, 5}, 56: {5, 6}, 996: {6, 7}, 29: {8, 7}, 954: {8, 9}, 38: {0}, 526: {1}, 654: {2}, 473: {3}, 898: {4}, 518: {5}, 1011: {6}, 317: {7}, 961: {8}, 834: {9}}
clusters:[0 3 2 2 3 3 0 4 3 1]

round: 2
best_g_value: 276.0
open_list_size: 1
num_low_level_expanded: 1427
search_success: 1
search_time: 0.2578968810848892
n_tsp_call: 1
n_tsp_time: 0.2058337447233498
n_roots: 1
num_conflicts: 1
target_assignment: {393: 0, 954: 8, 571: 7, 29: 7, 377: 2}
cluster_target_selection: {0: 393, 3: 954, 1: 571, 4: 29, 2: 377}
num_nodes_transformed_graph: 48
agent_paths:({0: [(29, 20), (28, 20), (27, 20), (26, 20), (25, 20), (24, 20), (23, 20), (22, 20), (21, 20), (20, 20), (19, 20), (18, 20), (17, 20), (16, 20), (15, 20), (14, 20), (13, 20), (12, 20), (11, 20), (10, 20), (10, 19), (10, 18), (10, 17), (10, 16), (10, 15), (10, 14), (10, 13), (10, 12), (9, 12), (9, 11), (9, 10), (8, 10), (7, 10), (7, 9), (7, 8), (7, 7), (7, 6), (7, 5), (6, 5), (6, 4), (6, 3), (6, 2), (6, 1), (6, 1)], 1: [(18, 10), (18, 11), (17, 11), (16, 11), (15, 11), (14, 11), (14, 12), (14, 13), (14, 14), (14, 15), (14, 16), (14, 16)], 2: [(24, 10), (25, 10), (25, 11), (24, 11), (23, 11), (22, 11), (21, 11), (21, 12), (20, 12), (19, 12), (18, 12), (17, 12), (16, 12), (16, 13), (16, 14), (16, 15), (16, 16), (15, 16), (15, 17), (14, 17), (14, 18), (14, 19), (14, 20), (14, 20)], 3: [(3, 27), (3, 26), (3, 25), (3, 24), (3, 23), (3, 22), (4, 22), (5, 22), (5, 21), (5, 20), (5, 19), (5, 18), (5, 17), (5, 16), (6, 16), (7, 16), (8, 16), (9, 16), (9, 15), (9, 14), (10, 14), (11, 14), (12, 14), (13, 14), (14, 14), (15, 14), (16, 14), (17, 14), (18, 14), (19, 14), (20, 14), (21, 14), (22, 14), (23, 14), (24, 14), (25, 14), (25, 14)], 4: [(30, 26), (29, 26), (29, 27), (28, 27), (27, 27), (26, 27), (25, 27), (24, 27), (23, 27), (22, 27), (21, 27), (20, 27), (19, 27), (18, 27), (17, 27), (16, 27), (15, 27), (14, 27), (13, 27), (12, 27), (11, 27), (10, 27), (9, 27), (8, 27), (8, 28), (7, 28), (6, 28), (5, 28), (4, 28), (4, 27), (3, 27), (2, 27), (2, 28), (2, 28)], 5: [(11, 4), (10, 4), (9, 4), (8, 4), (7, 4), (7, 5), (7, 6), (7, 7), (7, 8), (7, 9), (6, 9), (6, 10), (6, 11), (6, 12), (6, 13), (6, 14), (6, 15), (6, 16), (6, 16)], 6: [(15, 24), (16, 24), (17, 24), (18, 24), (19, 24), (19, 25), (19, 26), (19, 27), (19, 28), (19, 29), (19, 30), (19, 31), (19, 31)], 7: [(16, 22), (16, 21), (16, 20), (16, 19), (16, 18), (16, 17), (17, 17), (18, 17), (19, 17), (20, 17), (21, 17), (22, 17), (23, 17), (24, 17), (25, 17), (26, 17), (27, 17), (27, 16), (27, 15), (27, 14), (27, 13), (28, 13), (28, 12), (28, 11), (28, 10), (28, 9), (28, 8), (28, 7), (28, 6), (28, 5), (28, 4), (28, 3), (28, 2), (28, 1), (28, 0), (29, 0), (29, 1), (29, 2), (28, 2), (28, 3), (28, 4), (29, 4), (29, 5), (29, 6), (29, 7), (29, 8), (29, 9), (29, 9)], 8: [(27, 20), (26, 20), (26, 21), (26, 22), (26, 23), (26, 24), (26, 25), (26, 26), (26, 27), (26, 28), (26, 29), (25, 29), (24, 29), (23, 29), (23, 30), (22, 30), (21, 30), (20, 30), (19, 30), (18, 30), (17, 30), (16, 30), (16, 29), (15, 29), (14, 29), (13, 29), (12, 29), (11, 29), (10, 29), (10, 30), (9, 30), (8, 30), (7, 30), (6, 30), (5, 30), (5, 29), (4, 29), (3, 29), (2, 29), (1, 29), (1, 30), (1, 30)], 9: [(16, 19), (15, 19), (14, 19), (13, 19), (12, 19), (11, 19), (10, 19), (9, 19), (8, 19), (7, 19), (6, 19), (5, 19), (5, 20), (5, 21), (5, 22), (4, 22), (3, 22), (2, 22), (2, 23), (2, 24), (2, 25), (2, 26), (2, 26)]}, 46)