

CBSS-C STATS
starts:[352, 301, 334, 549, 499]
targets:[100, 386, 646, 31, 98, 437, 869, 462, 966, 810, 138, 32, 287, 769, 371, 830, 790, 792, 550, 998]
dests:[209, 441, 674, 41, 436]
ac_dict:{100: {0, 1}, 386: {1, 2}, 646: {2, 3}, 31: {3, 4}, 209: {0}, 441: {1}, 674: {2}, 41: {3}, 436: {4}}
clusters:[1 5 0 4 1 8 7 7 9 7 1 2 8 9 2 6 9 2 3 7]

round: 2
best_g_value: 160.0
open_list_size: 1
num_low_level_expanded: 522
search_success: 1
search_time: 5.759797086007893
n_tsp_call: 1
n_tsp_time: 5.721768094692379
n_roots: 1
num_conflicts: 1
target_assignment: {138: 0, 550: 3, 646: 3, 790: 3, 792: 3, 830: 3, 31: 3, 386: 2, 462: 1, 437: 1}
cluster_target_selection: {1: 138, 3: 550, 0: 646, 9: 790, 2: 792, 6: 830, 4: 31, 5: 386, 7: 462, 8: 437}
num_nodes_transformed_graph: 98
agent_paths:({0: [(0, 11), (0, 10), (0, 9), (0, 8), (0, 7), (1, 7), (1, 6), (1, 5), (1, 4), (2, 4), (3, 4), (4, 4), (5, 4), (6, 4), (7, 4), (8, 4), (9, 4), (10, 4), (11, 4), (12, 4), (13, 4), (14, 4), (14, 5), (15, 5), (16, 5), (17, 5), (17, 6), (17, 6)], 1: [(13, 9), (14, 9), (14, 10), (14, 11), (14, 12), (14, 13), (14, 14), (15, 14), (16, 14), (17, 14), (18, 14), (19, 14), (20, 14), (21, 14), (21, 13), (22, 13), (23, 13), (24, 13), (25, 13), (25, 13)], 2: [(14, 10), (13, 10), (12, 10), (11, 10), (10, 10), (9, 10), (8, 10), (7, 10), (6, 10), (5, 10), (4, 10), (3, 10), (2, 10), (2, 11), (2, 12), (2, 13), (2, 14), (2, 15), (2, 16), (2, 17), (2, 18), (2, 19), (2, 20), (2, 21), (2, 21)], 3: [(5, 17), (6, 17), (5, 17), (5, 18), (5, 19), (6, 19), (6, 20), (7, 20), (8, 20), (9, 20), (10, 20), (11, 20), (12, 20), (13, 20), (14, 20), (15, 20), (16, 20), (17, 20), (18, 20), (19, 20), (20, 20), (21, 20), (21, 21), (21, 22), (21, 23), (22, 23), (22, 24), (23, 24), (24, 24), (25, 24), (26, 24), (27, 24), (28, 24), (29, 24), (30, 24), (30, 25), (30, 24), (30, 23), (30, 22), (29, 22), (29, 21), (29, 20), (29, 19), (29, 18), (29, 17), (29, 16), (29, 15), (29, 14), (29, 13), (29, 12), (29, 11), (29, 10), (29, 9), (29, 8), (29, 7), (29, 6), (29, 5), (29, 4), (30, 4), (30, 3), (30, 2), (30, 1), (30, 0), (31, 0), (30, 0), (29, 0), (28, 0), (27, 0), (27, 1), (27, 2), (27, 3), (26, 3), (25, 3), (24, 3), (23, 3), (22, 3), (21, 3), (20, 3), (19, 3), (18, 3), (17, 3), (16, 3), (16, 2), (16, 1), (15, 1), (14, 1), (13, 1), (12, 1), (11, 1), (10, 1), (9, 1), (9, 1)], 4: [(19, 15), (19, 14), (19, 13), (20, 13), (20, 13)]}, 90)