

CBSS-C STATS
starts:[37, 286, 352, 935, 285]
targets:[708, 689, 840, 231, 496, 815, 856, 104, 295, 480]
dests:[909, 722, 563, 580, 687]
ac_dict:{708: {0, 1}, 689: {1, 2}, 840: {2, 3}, 231: {3, 4}, 909: {0}, 722: {1}, 563: {2}, 580: {3}, 687: {4}}
clusters:[0 3 3 0 1 4 1 2 2 2]

round: 1
best_g_value: 139.0
open_list_size: 0
num_low_level_expanded: 485
search_success: 1
search_time: 0.25754026509821415
n_tsp_call: 1
n_tsp_time: 0.23568624211475253
n_roots: 1
num_conflicts: 0
target_assignment: {708: 0, 815: 0, 480: 2, 840: 3, 496: 4}
cluster_target_selection: {0: 708, 4: 815, 2: 480, 3: 840, 1: 496}
num_nodes_transformed_graph: 48
agent_paths:({0: [(5, 1), (5, 2), (5, 3), (5, 4), (5, 5), (5, 6), (5, 7), (4, 7), (4, 8), (4, 9), (4, 10), (4, 11), (4, 12), (4, 13), (5, 13), (5, 14), (5, 15), (5, 16), (5, 17), (5, 18), (5, 19), (5, 20), (5, 21), (5, 22), (4, 22), (5, 22), (6, 22), (7, 22), (8, 22), (9, 22), (10, 22), (11, 22), (12, 22), (13, 22), (13, 23), (14, 23), (15, 23), (15, 24), (15, 25), (14, 25), (13, 25), (13, 26), (13, 27), (13, 28), (13, 28)], 1: [(30, 8), (29, 8), (28, 8), (27, 8), (27, 9), (27, 10), (26, 10), (25, 10), (24, 10), (23, 10), (22, 10), (21, 10), (20, 10), (19, 10), (19, 11), (19, 12), (19, 13), (19, 14), (19, 15), (19, 16), (19, 17), (18, 17), (18, 18), (18, 19), (18, 20), (18, 21), (18, 22), (18, 22)], 2: [(0, 11), (1, 11), (1, 12), (1, 13), (1, 14), (0, 14), (0, 15), (1, 15), (2, 15), (3, 15), (4, 15), (5, 15), (6, 15), (7, 15), (7, 16), (8, 16), (9, 16), (10, 16), (11, 16), (12, 16), (13, 16), (14, 16), (15, 16), (16, 16), (17, 16), (17, 17), (18, 17), (19, 17), (19, 17)], 3: [(7, 29), (7, 28), (8, 28), (8, 27), (8, 26), (7, 26), (7, 25), (7, 24), (7, 23), (6, 23), (5, 23), (5, 22), (5, 21), (5, 20), (5, 19), (4, 19), (4, 18), (4, 18)], 4: [(29, 8), (28, 8), (27, 8), (27, 9), (27, 10), (26, 10), (25, 10), (24, 10), (23, 10), (22, 10), (21, 10), (20, 10), (19, 10), (18, 10), (18, 11), (17, 11), (16, 11), (16, 12), (16, 13), (16, 14), (16, 15), (16, 16), (16, 17), (16, 18), (16, 19), (15, 19), (15, 20), (15, 21), (15, 21)]}, 43)