

CBSS-C STATS
starts:[538, 647, 410, 154, 787, 105, 281, 68, 380, 946]
targets:[321, 967, 101, 220, 531, 185, 241, 283, 991, 888, 526, 1006, 490, 38, 442]
dests:[963, 310, 972, 650, 762, 25, 610, 513, 130, 392]
ac_dict:{321: {0, 1}, 967: {1, 2}, 101: {2, 3}, 220: {3, 4}, 531: {4, 5}, 185: {5, 6}, 241: {6, 7}, 283: {8, 7}, 991: {8, 9}, 963: {0}, 310: {1}, 972: {2}, 650: {3}, 762: {4}, 25: {5}, 610: {6}, 513: {7}, 130: {8}, 392: {9}}
clusters:[1 0 5 2 5 0 4 3 1 7 6 8 2 9 8]

round: 2
best_g_value: 301.0
open_list_size: 1
num_low_level_expanded: 1204
search_success: 1
search_time: 1.7686165669001639
n_tsp_call: 1
n_tsp_time: 1.7048864061944187
n_roots: 1
num_conflicts: 1
target_assignment: {442: 2, 888: 2, 185: 6, 241: 6, 283: 8, 321: 1, 38: 3, 101: 3, 526: 9, 490: 9}
cluster_target_selection: {8: 442, 7: 888, 0: 185, 4: 241, 3: 283, 1: 321, 9: 38, 5: 101, 6: 526, 2: 490}
num_nodes_transformed_graph: 98
agent_paths:({0: [(26, 16), (25, 16), (24, 16), (23, 16), (22, 16), (21, 16), (20, 16), (19, 16), (19, 17), (18, 17), (17, 17), (16, 17), (15, 17), (14, 17), (13, 17), (12, 17), (11, 17), (10, 17), (9, 17), (8, 17), (7, 17), (6, 17), (5, 17), (5, 18), (5, 19), (5, 20), (5, 21), (5, 22), (4, 22), (4, 23), (4, 24), (4, 25), (4, 26), (4, 27), (4, 28), (4, 29), (3, 29), (3, 30), (3, 30)], 1: [(7, 20), (6, 20), (5, 20), (5, 19), (4, 19), (4, 18), (3, 18), (2, 18), (2, 17), (2, 16), (2, 15), (2, 14), (2, 13), (2, 12), (1, 12), (1, 11), (1, 10), (2, 10), (3, 10), (4, 10), (5, 10), (6, 10), (7, 10), (8, 10), (9, 10), (10, 10), (11, 10), (12, 10), (13, 10), (13, 9), (14, 9), (15, 9), (16, 9), (17, 9), (18, 9), (19, 9), (20, 9), (21, 9), (22, 9), (22, 9)], 2: [(26, 12), (26, 13), (25, 13), (24, 13), (24, 14), (24, 15), (24, 16), (24, 17), (24, 18), (24, 19), (24, 20), (24, 21), (24, 22), (24, 23), (24, 24), (24, 25), (24, 26), (24, 27), (23, 27), (22, 27), (21, 27), (20, 27), (19, 27), (18, 27), (17, 27), (16, 27), (15, 27), (14, 27), (13, 27), (12, 27), (12, 28), (12, 29), (12, 30), (12, 30)], 3: [(26, 4), (25, 4), (25, 3), (24, 3), (23, 3), (22, 3), (21, 3), (20, 3), (19, 3), (18, 3), (17, 3), (16, 3), (16, 2), (16, 1), (15, 1), (14, 1), (13, 1), (12, 1), (11, 1), (10, 1), (9, 1), (8, 1), (7, 1), (6, 1), (5, 1), (5, 2), (5, 3), (6, 3), (7, 3), (8, 3), (9, 3), (10, 3), (10, 4), (10, 5), (10, 6), (10, 7), (10, 8), (10, 9), (10, 10), (10, 11), (10, 12), (10, 13), (10, 14), (10, 15), (10, 16), (10, 17), (10, 18), (10, 19), (10, 20), (10, 20)], 4: [(19, 24), (20, 24), (20, 25), (21, 25), (22, 25), (22, 24), (23, 24), (24, 24), (25, 24), (26, 24), (26, 23), (26, 23)], 5: [(9, 3), (9, 2), (9, 1), (10, 1), (11, 1), (12, 1), (13, 1), (14, 1), (15, 1), (16, 1), (17, 1), (18, 1), (19, 1), (19, 0), (20, 0), (21, 0), (22, 0), (23, 0), (24, 0), (25, 0), (25, 0)], 6: [(25, 8), (25, 7), (25, 6), (25, 5), (24, 5), (23, 5), (23, 6), (22, 6), (21, 6), (20, 6), (19, 6), (18, 6), (17, 6), (17, 7), (16, 7), (15, 7), (14, 7), (13, 7), (12, 7), (11, 7), (10, 7), (9, 7), (9, 8), (8, 8), (7, 8), (7, 9), (6, 9), (5, 9), (4, 9), (3, 9), (2, 9), (2, 10), (2, 11), (2, 12), (2, 13), (2, 14), (2, 15), (2, 16), (2, 17), (2, 18), (2, 19), (2, 19)], 7: [(4, 2), (3, 2), (2, 2), (1, 2), (1, 3), (1, 4), (1, 5), (1, 6), (1, 7), (1, 8), (1, 9), (1, 10), (1, 11), (1, 12), (1, 13), (1, 14), (1, 15), (1, 16), (1, 16)], 8: [(28, 11), (27, 11), (27, 10), (27, 9), (27, 8), (27, 7), (26, 7), (25, 7), (25, 6), (24, 6), (23, 6), (22, 6), (21, 6), (20, 6), (19, 6), (18, 6), (17, 6), (16, 6), (15, 6), (14, 6), (13, 6), (12, 6), (11, 6), (10, 6), (9, 6), (8, 6), (7, 6), (7, 5), (6, 5), (5, 5), (4, 5), (3, 5), (2, 5), (2, 4), (2, 4)], 9: [(18, 29), (17, 29), (16, 29), (15, 29), (15, 28), (15, 27), (15, 26), (15, 25), (15, 24), (15, 23), (15, 22), (15, 21), (14, 21), (14, 20), (14, 19), (14, 18), (14, 17), (14, 16), (13, 16), (12, 16), (11, 16), (10, 16), (10, 15), (10, 14), (10, 13), (10, 12), (9, 12), (8, 12), (8, 12)]}, 48)