

CBSS-C STATS
starts:[286, 127, 511, 998, 586]
targets:[848, 223, 843, 722, 328, 622, 1021, 22, 1014, 163, 812, 205, 28, 390, 571, 546, 518, 197, 678, 329, 201, 289, 782, 540, 310, 374, 29, 772, 108, 749, 827, 499, 109, 824, 907, 356, 804, 430, 322, 370]
dests:[336, 238, 38, 487, 923]
ac_dict:{848: {0, 1}, 223: {1, 2}, 843: {2, 3}, 722: {3, 4}, 336: {0}, 238: {1}, 38: {2}, 487: {3}, 923: {4}}
clusters:[ 5 12  9  2 17 11  6 14  0 13  7 23 22  9 10  6 15 24  3 11 13 10 18  7
  4  0 12  1 16  8 21  5 14  3  8 19  4  1  2 20]

round: 1
best_g_value: 164.0
open_list_size: 0
num_low_level_expanded: 388
search_success: 1
search_time: 2.2299344470002325
n_tsp_call: 1
n_tsp_time: 2.1860063250001076
n_roots: 1
num_conflicts: 0
target_assignment: {374: 0, 370: 0, 540: 2, 499: 2, 329: 2, 328: 2, 390: 2, 356: 2, 322: 2, 289: 2, 163: 2, 197: 2, 804: 3, 772: 3, 546: 3, 518: 3, 29: 1, 28: 1, 109: 1, 108: 1, 205: 1, 749: 4, 782: 4, 824: 4, 827: 4}
cluster_target_selection: {0: 374, 20: 370, 7: 540, 5: 499, 11: 329, 17: 328, 9: 390, 19: 356, 2: 322, 10: 289, 13: 163, 24: 197, 4: 804, 1: 772, 6: 546, 15: 518, 12: 29, 22: 28, 14: 109, 16: 108, 23: 205, 8: 749, 18: 782, 3: 824, 21: 827}
num_nodes_transformed_graph: 102
agent_paths:({0: [(30, 8), (29, 8), (28, 8), (27, 8), (27, 9), (27, 10), (26, 10), (25, 10), (24, 10), (23, 10), (22, 10), (22, 11), (21, 11), (21, 10), (20, 10), (19, 10), (18, 10), (18, 11), (17, 11), (16, 11), (16, 10), (16, 10)], 1: [(31, 3), (30, 3), (30, 2), (29, 2), (29, 1), (29, 0), (28, 0), (27, 0), (27, 1), (27, 2), (27, 3), (26, 3), (25, 3), (24, 3), (23, 3), (22, 3), (21, 3), (20, 3), (19, 3), (18, 3), (17, 3), (16, 3), (16, 2), (16, 1), (15, 1), (14, 1), (13, 1), (13, 2), (13, 3), (12, 3), (13, 3), (13, 4), (13, 5), (13, 6), (14, 6), (14, 7), (14, 7)], 2: [(31, 15), (30, 15), (29, 15), (28, 15), (28, 16), (27, 16), (26, 16), (25, 16), (24, 16), (23, 16), (22, 16), (21, 16), (20, 16), (19, 16), (19, 15), (18, 15), (17, 15), (16, 15), (16, 14), (15, 14), (14, 14), (13, 14), (12, 14), (11, 14), (10, 14), (10, 13), (10, 12), (9, 12), (9, 11), (9, 10), (8, 10), (7, 10), (6, 10), (6, 11), (6, 12), (6, 11), (5, 11), (4, 11), (3, 11), (2, 11), (2, 10), (1, 10), (1, 9), (1, 8), (1, 7), (1, 6), (1, 5), (2, 5), (3, 5), (4, 5), (5, 5), (5, 6), (5, 5), (5, 4), (5, 3), (5, 2), (5, 1), (6, 1), (6, 1)], 3: [(6, 31), (5, 31), (5, 30), (5, 29), (4, 29), (4, 28), (4, 27), (4, 26), (4, 25), (4, 24), (3, 24), (2, 24), (2, 23), (2, 22), (2, 21), (2, 20), (2, 19), (2, 18), (2, 17), (2, 16), (3, 16), (4, 16), (5, 16), (6, 16), (6, 15), (7, 15), (7, 15)], 4: [(10, 18), (11, 18), (12, 18), (13, 18), (13, 19), (13, 20), (13, 21), (13, 22), (13, 23), (14, 23), (14, 24), (15, 24), (16, 24), (17, 24), (18, 24), (19, 24), (20, 24), (20, 25), (21, 25), (22, 25), (23, 25), (24, 25), (25, 25), (26, 25), (27, 25), (27, 26), (27, 27), (27, 28), (27, 28)]}, 57)