

CBSS-C STATS
starts:[9, 661, 683, 524, 911]
targets:[941, 150, 1016, 381, 940, 798, 216, 752, 147, 514, 224, 116, 816, 35, 841, 413, 11, 343, 392, 984, 998, 796, 490, 993, 691, 745, 463, 350, 700, 1023, 245, 519, 763, 866, 953, 333, 680, 437, 805, 13, 687, 319, 156, 329, 330, 821, 203, 682, 266, 877]
dests:[685, 779, 88, 204, 956]
ac_dict:{941: {0, 1}, 150: {1, 2}, 1016: {2, 3}, 381: {3, 4}, 685: {0}, 779: {1}, 88: {2}, 204: {3}, 956: {4}}
clusters:[28  1 10  2  3 19  6 12 16 13 11  9 19 26  2 17  4 15  5 14  7 18 23  4
  8 16  7  3 15 29 12  0  8 13  6 21 27  0 10 14 18 22  1 17 20  9 25 11
 24  5]

round: 1
best_g_value: 179.0
open_list_size: 0
num_low_level_expanded: 366
search_success: 1
search_time: 6.8326067500001955
n_tsp_call: 1
n_tsp_time: 6.774618838000606
n_roots: 1
num_conflicts: 0
target_assignment: {11: 0, 35: 0, 514: 0, 805: 0, 841: 0, 745: 0, 680: 0, 691: 1, 687: 1, 752: 1, 816: 1, 877: 1, 941: 1, 940: 1, 821: 4, 984: 4, 953: 4, 1023: 4, 333: 3, 329: 3, 330: 3, 266: 3, 203: 3, 682: 2, 490: 2, 463: 2, 437: 2, 343: 2, 319: 2, 156: 2}
cluster_target_selection: {4: 11, 26: 35, 13: 514, 10: 805, 2: 841, 16: 745, 27: 680, 8: 691, 18: 687, 12: 752, 19: 816, 5: 877, 28: 941, 3: 940, 9: 821, 14: 984, 6: 953, 29: 1023, 21: 333, 17: 329, 20: 330, 24: 266, 25: 203, 11: 682, 23: 490, 7: 463, 0: 437, 15: 343, 22: 319, 1: 156}
num_nodes_transformed_graph: 125
agent_paths:({0: [(9, 0), (10, 0), (11, 0), (10, 0), (9, 0), (8, 0), (8, 1), (7, 1), (6, 1), (5, 1), (4, 1), (3, 1), (3, 2), (3, 3), (3, 4), (3, 5), (3, 6), (3, 7), (3, 8), (3, 9), (2, 9), (2, 10), (2, 11), (2, 12), (2, 13), (2, 14), (2, 15), (2, 16), (2, 17), (2, 18), (2, 19), (2, 20), (3, 20), (3, 21), (3, 22), (4, 22), (4, 23), (4, 24), (4, 25), (5, 25), (6, 25), (7, 25), (8, 25), (9, 25), (9, 26), (9, 25), (9, 24), (9, 23), (8, 23), (8, 22), (8, 21), (9, 21), (10, 21), (11, 21), (12, 21), (13, 21), (13, 21)], 1: [(21, 20), (20, 20), (19, 20), (19, 21), (18, 21), (17, 21), (16, 21), (15, 21), (16, 21), (16, 22), (16, 23), (16, 24), (16, 25), (15, 25), (14, 25), (13, 25), (13, 26), (13, 27), (13, 28), (13, 29), (12, 29), (11, 29), (11, 28), (11, 27), (11, 26), (11, 25), (11, 24), (11, 24)], 2: [(11, 21), (10, 21), (10, 20), (10, 19), (10, 18), (10, 17), (10, 16), (10, 15), (10, 14), (11, 14), (12, 14), (13, 14), (14, 14), (15, 14), (15, 13), (16, 13), (17, 13), (18, 13), (19, 13), (20, 13), (21, 13), (21, 12), (21, 11), (21, 10), (22, 10), (23, 10), (24, 10), (25, 10), (26, 10), (27, 10), (27, 9), (28, 9), (29, 9), (30, 9), (31, 9), (30, 9), (29, 9), (28, 9), (28, 8), (28, 7), (28, 6), (28, 5), (28, 4), (27, 4), (26, 4), (25, 4), (25, 3), (24, 3), (24, 2), (24, 2)], 3: [(12, 16), (12, 15), (12, 14), (12, 13), (12, 12), (12, 11), (12, 10), (13, 10), (12, 10), (11, 10), (10, 10), (9, 10), (10, 10), (10, 9), (10, 8), (10, 7), (10, 6), (11, 6), (12, 6), (12, 6)], 4: [(15, 28), (15, 27), (15, 26), (15, 25), (16, 25), (17, 25), (18, 25), (19, 25), (20, 25), (21, 25), (22, 25), (23, 25), (24, 25), (24, 26), (24, 27), (24, 28), (24, 29), (24, 30), (24, 29), (25, 29), (26, 29), (27, 29), (28, 29), (29, 29), (30, 29), (31, 29), (31, 30), (31, 31), (30, 31), (29, 31), (28, 31), (28, 30), (28, 29), (28, 29)]}, 55)