

CBSS-C STATS
starts:[382, 708, 902, 32, 34]
targets:[781, 84, 915, 594, 532, 346, 757, 307, 769, 223, 457, 798, 474, 109, 312, 927, 885, 669, 256, 16, 678, 683, 609, 754, 378, 597, 1008, 686, 264, 520, 269, 795, 430, 623, 156, 208, 612, 403, 68, 506, 641, 74, 286, 138, 567, 548, 529, 940, 92, 1018]
dests:[725, 864, 745, 429, 433]
ac_dict:{781: {0, 1}, 84: {1, 2}, 915: {2, 3}, 594: {3, 4}, 725: {0}, 864: {1}, 745: {2}, 429: {3}, 433: {4}}
clusters:[24 23 11 24 18 16  3 19 22 14 25  7  6  4  1 16  3  7 28 15 29 28  5 20
 10  8 19  5 12 26 27 21 12  2 17 28  0 25 23 13 14 17 29  2  9  5  8  2
 20  5]

round: 1
best_g_value: 177.0
open_list_size: 0
num_low_level_expanded: 311
search_success: 1
search_time: 42.031337980999524
n_tsp_call: 1
n_tsp_time: 41.92216743800054
n_roots: 1
num_conflicts: 0
target_assignment: {669: 0, 795: 0, 757: 0, 68: 3, 520: 3, 457: 3, 430: 3, 678: 1, 612: 1, 609: 1, 641: 1, 769: 1, 74: 4, 109: 4, 16: 4, 208: 4, 269: 4, 307: 4, 312: 4, 346: 4, 378: 4, 474: 4, 506: 4, 567: 4, 532: 4, 594: 4, 529: 4, 940: 2, 915: 2, 754: 2}
cluster_target_selection: {7: 669, 21: 795, 3: 757, 23: 68, 26: 520, 25: 457, 12: 430, 29: 678, 0: 612, 5: 609, 14: 641, 22: 769, 17: 74, 4: 109, 15: 16, 28: 208, 27: 269, 19: 307, 1: 312, 16: 346, 10: 378, 6: 474, 13: 506, 9: 567, 18: 532, 24: 594, 8: 529, 2: 940, 11: 915, 20: 754}
num_nodes_transformed_graph: 248
agent_paths:({0: [(30, 11), (29, 11), (29, 12), (29, 13), (29, 14), (29, 15), (29, 16), (29, 17), (29, 18), (29, 19), (29, 20), (28, 20), (27, 20), (27, 21), (27, 22), (27, 23), (27, 24), (26, 24), (25, 24), (24, 24), (23, 24), (22, 24), (22, 23), (21, 23), (21, 22), (21, 22)], 1: [(4, 22), (5, 22), (5, 21), (6, 21), (5, 21), (5, 20), (5, 19), (4, 19), (4, 18), (3, 18), (2, 18), (2, 19), (1, 19), (1, 20), (1, 21), (1, 22), (1, 23), (1, 24), (0, 24), (0, 25), (0, 26), (0, 27), (0, 27)], 2: [(6, 28), (7, 28), (8, 28), (9, 28), (10, 28), (11, 28), (12, 28), (12, 29), (12, 28), (13, 28), (14, 28), (15, 28), (16, 28), (17, 28), (18, 28), (19, 28), (18, 28), (18, 27), (18, 26), (18, 25), (18, 24), (18, 23), (17, 23), (16, 23), (15, 23), (14, 23), (13, 23), (12, 23), (11, 23), (10, 23), (9, 23), (9, 23)], 3: [(0, 1), (1, 1), (2, 1), (3, 1), (4, 1), (4, 2), (5, 2), (5, 3), (5, 4), (5, 5), (5, 6), (5, 7), (5, 8), (5, 9), (6, 9), (6, 10), (6, 11), (6, 12), (6, 13), (6, 14), (6, 15), (7, 15), (7, 16), (8, 16), (9, 16), (9, 15), (9, 14), (10, 14), (11, 14), (12, 14), (12, 13), (13, 13), (14, 13), (13, 13), (13, 13)], 4: [(2, 1), (3, 1), (4, 1), (5, 1), (6, 1), (7, 1), (8, 1), (9, 1), (10, 1), (10, 2), (11, 2), (12, 2), (13, 2), (13, 3), (13, 2), (13, 1), (13, 0), (14, 0), (15, 0), (16, 0), (16, 1), (16, 2), (16, 3), (16, 4), (16, 5), (16, 6), (15, 6), (14, 6), (13, 6), (13, 7), (13, 8), (13, 9), (14, 9), (15, 9), (16, 9), (17, 9), (18, 9), (19, 9), (20, 9), (21, 9), (22, 9), (23, 9), (24, 9), (25, 9), (25, 10), (26, 10), (26, 11), (26, 12), (26, 13), (26, 14), (26, 15), (25, 15), (24, 15), (23, 15), (23, 16), (23, 17), (22, 17), (21, 17), (20, 17), (20, 16), (19, 16), (19, 17), (18, 17), (18, 18), (18, 17), (17, 17), (17, 16), (17, 15), (17, 14), (17, 13), (17, 13)]}, 69)