

CBSS-C STATS
starts:[108, 958, 810, 449, 137, 721, 831, 10, 596, 641]
targets:[505, 961, 745, 328, 251, 670, 93, 578, 879, 70]
dests:[973, 126, 778, 432, 150, 728, 803, 443, 29, 788]
ac_dict:{505: {0, 1}, 961: {1, 2}, 745: {2, 3}, 328: {3, 4}, 251: {4, 5}, 670: {5, 6}, 93: {6, 7}, 578: {8, 7}, 879: {8, 9}, 973: {0}, 126: {1}, 778: {2}, 432: {3}, 150: {4}, 728: {5}, 803: {6}, 443: {7}, 29: {8}, 788: {9}}
clusters:[3 4 2 2 1 2 0 0 2 4]

round: 1
best_g_value: 251.0
open_list_size: 0
num_low_level_expanded: 751
search_success: 1
search_time: 0.23599714692682028
n_tsp_call: 1
n_tsp_time: 0.19889771891757846
n_roots: 1
num_conflicts: 0
target_assignment: {505: 1, 251: 4, 328: 3, 70: 7, 93: 7}
cluster_target_selection: {3: 505, 1: 251, 2: 328, 4: 70, 0: 93}
num_nodes_transformed_graph: 48
agent_paths:({0: [(12, 3), (13, 3), (13, 4), (13, 5), (13, 6), (13, 7), (13, 8), (13, 9), (13, 10), (12, 10), (12, 11), (12, 12), (12, 13), (13, 13), (13, 14), (13, 15), (13, 16), (13, 17), (13, 18), (13, 19), (13, 20), (13, 21), (13, 22), (13, 23), (13, 24), (13, 25), (13, 26), (13, 27), (13, 28), (13, 29), (13, 30), (13, 30)], 1: [(30, 29), (29, 29), (28, 29), (27, 29), (26, 29), (26, 28), (26, 27), (26, 26), (26, 25), (26, 24), (26, 23), (26, 22), (26, 21), (25, 21), (25, 20), (25, 19), (25, 18), (25, 17), (25, 16), (25, 15), (25, 14), (25, 13), (25, 12), (25, 11), (25, 10), (25, 9), (25, 8), (25, 7), (25, 6), (25, 5), (25, 4), (26, 4), (27, 4), (28, 4), (29, 4), (30, 4), (30, 3), (30, 3)], 2: [(10, 25), (10, 24), (10, 24)], 3: [(1, 14), (1, 13), (1, 12), (1, 11), (1, 10), (2, 10), (3, 10), (4, 10), (5, 10), (6, 10), (7, 10), (8, 10), (9, 10), (10, 10), (11, 10), (12, 10), (13, 10), (14, 10), (15, 10), (16, 10), (16, 11), (16, 12), (16, 13), (16, 13)], 4: [(9, 4), (10, 4), (11, 4), (12, 4), (13, 4), (14, 4), (14, 5), (15, 5), (16, 5), (17, 5), (18, 5), (19, 5), (19, 6), (20, 6), (21, 6), (22, 6), (23, 6), (24, 6), (25, 6), (26, 6), (27, 6), (27, 7), (26, 7), (25, 7), (25, 6), (24, 6), (23, 6), (23, 5), (23, 4), (22, 4), (22, 4)], 5: [(17, 22), (18, 22), (19, 22), (20, 22), (21, 22), (21, 21), (22, 21), (23, 21), (24, 21), (24, 22), (24, 22)], 6: [(31, 25), (30, 25), (29, 25), (28, 25), (27, 25), (26, 25), (25, 25), (24, 25), (23, 25), (22, 25), (21, 25), (20, 25), (19, 25), (18, 25), (17, 25), (16, 25), (15, 25), (14, 25), (13, 25), (12, 25), (11, 25), (10, 25), (9, 25), (8, 25), (7, 25), (6, 25), (5, 25), (4, 25), (3, 25), (3, 25)], 7: [(10, 0), (9, 0), (8, 0), (8, 1), (7, 1), (6, 1), (6, 2), (6, 1), (7, 1), (8, 1), (9, 1), (10, 1), (11, 1), (12, 1), (13, 1), (14, 1), (15, 1), (16, 1), (17, 1), (18, 1), (19, 1), (20, 1), (20, 2), (21, 2), (22, 2), (23, 2), (24, 2), (25, 2), (25, 3), (26, 3), (27, 3), (27, 2), (28, 2), (29, 2), (28, 2), (28, 3), (28, 4), (28, 5), (28, 6), (28, 7), (28, 8), (28, 9), (28, 10), (28, 11), (28, 12), (28, 13), (27, 13), (27, 13)], 8: [(20, 18), (20, 17), (20, 16), (21, 16), (21, 15), (21, 14), (21, 13), (21, 12), (21, 11), (21, 10), (21, 9), (21, 8), (21, 7), (21, 6), (21, 5), (21, 4), (21, 3), (22, 3), (23, 3), (24, 3), (25, 3), (26, 3), (27, 3), (27, 2), (27, 1), (27, 0), (28, 0), (29, 0), (29, 0)], 9: [(1, 20), (2, 20), (3, 20), (3, 21), (3, 22), (4, 22), (5, 22), (6, 22), (7, 22), (8, 22), (9, 22), (10, 22), (11, 22), (12, 22), (13, 22), (13, 23), (14, 23), (15, 23), (16, 23), (17, 23), (18, 23), (19, 23), (19, 24), (20, 24), (20, 24)]}, 46)