

CBSS-C STATS
starts:[188, 132]
targets:[119, 399, 1005, 433, 346, 124, 925, 849, 326, 768, 146, 56, 514, 630, 580, 800, 302, 20, 44, 590, 329, 78, 970, 670, 343, 915, 542, 475, 490, 133, 108, 432, 493, 480, 985, 86, 767, 1006, 64, 888, 968, 435, 448, 578, 400, 894, 3, 371, 963, 841, 176, 535, 179, 991, 74, 559, 240, 501, 470, 641, 443, 154, 598, 874, 121, 418, 555, 140, 744, 832, 783, 826, 954, 778, 1000, 253, 854, 886, 554, 324, 883, 912, 292, 156, 801, 517, 962, 65, 52, 1018, 887, 864, 794, 40, 35, 77, 236, 428, 100, 318]
dests:[257, 622]
ac_dict:{119: {0, 1}, 257: {0}, 622: {1}}
clusters:[38 13  9 29 24  0 31 11 13  5 13 18 17  0 11 31 21 20 26  1 18 24 15 20
 36  8 28 13 12  2 27 38 28 27  5 15  6  8 32 19 30  7  6 14 33 10 34 37
  1 16 21 35  0 31 25  7 31 20  6 32 12 24 36 13 21 23 14  6 12  6 32 37
  9 13 39 24  5 19  3 22 15  4 33 20 17 11 21  5 31  4 35 18 37 32  3 11
 10 26 16 20]

round: 1
best_g_value: 423.0
open_list_size: 0
num_low_level_expanded: 280
search_success: 1
search_time: 37.87760643000365
n_tsp_call: 1
n_tsp_time: 37.70609654600412
n_roots: 1
num_conflicts: 0
target_assignment: {156: 0, 154: 0, 121: 0, 56: 0, 343: 0, 535: 0, 630: 0, 854: 0, 886: 0, 883: 0, 912: 0, 1006: 0, 1005: 0, 1000: 0, 968: 0, 744: 0, 580: 0, 578: 0, 514: 0, 418: 0, 324: 0, 133: 1, 100: 1, 3: 1, 35: 1, 40: 1, 74: 1, 44: 1, 108: 1, 140: 1, 236: 1, 240: 1, 371: 1, 435: 1, 433: 1, 432: 1, 400: 1, 399: 1, 493: 1, 590: 1}
cluster_target_selection: {20: 156, 24: 154, 21: 121, 18: 56, 36: 343, 35: 535, 0: 630, 5: 854, 19: 886, 15: 883, 4: 912, 8: 1006, 9: 1005, 39: 1000, 30: 968, 12: 744, 11: 580, 14: 578, 17: 514, 23: 418, 22: 324, 2: 133, 16: 100, 34: 3, 3: 35, 32: 40, 25: 74, 26: 44, 27: 108, 6: 140, 10: 236, 31: 240, 37: 371, 7: 435, 29: 433, 38: 432, 33: 400, 13: 399, 28: 493, 1: 590}
num_nodes_transformed_graph: 204
agent_paths:({0: [(28, 5), (28, 4), (27, 4), (26, 4), (25, 4), (25, 3), (24, 3), (24, 2), (24, 1), (23, 1), (23, 2), (23, 3), (23, 4), (23, 5), (23, 6), (22, 6), (22, 7), (22, 8), (23, 8), (23, 9), (23, 10), (23, 11), (23, 12), (23, 13), (23, 14), (23, 15), (23, 16), (22, 16), (22, 17), (22, 18), (22, 19), (22, 20), (22, 21), (21, 21), (21, 22), (21, 23), (22, 23), (22, 24), (22, 25), (22, 26), (22, 27), (21, 27), (20, 27), (19, 27), (18, 27), (17, 27), (16, 27), (16, 28), (15, 28), (14, 28), (14, 29), (14, 30), (14, 31), (13, 31), (12, 31), (11, 31), (10, 31), (9, 31), (8, 31), (8, 30), (8, 29), (8, 28), (8, 27), (8, 26), (8, 25), (8, 24), (8, 23), (7, 23), (6, 23), (5, 23), (5, 22), (5, 21), (5, 20), (5, 19), (4, 19), (4, 18), (3, 18), (2, 18), (2, 17), (2, 16), (2, 15), (2, 14), (2, 13), (2, 12), (2, 11), (2, 10), (3, 10), (4, 10), (3, 10), (2, 10), (1, 10), (1, 9), (1, 8), (1, 8)], 1: [(4, 4), (5, 4), (4, 4), (4, 3), (3, 3), (3, 2), (3, 1), (3, 0), (3, 1), (4, 1), (5, 1), (6, 1), (7, 1), (8, 1), (9, 1), (10, 1), (10, 2), (10, 1), (11, 1), (12, 1), (12, 2), (12, 3), (12, 4), (12, 5), (12, 6), (12, 7), (13, 7), (14, 7), (15, 7), (16, 7), (17, 7), (18, 7), (18, 8), (18, 9), (19, 9), (19, 10), (19, 11), (19, 12), (19, 13), (18, 13), (17, 13), (16, 13), (16, 12), (15, 12), (14, 12), (14, 13), (13, 13), (13, 14), (13, 15), (14, 15), (14, 16), (14, 17), (14, 18), (14, 19), (14, 19)]}, 92)