

CBSS-C STATS
starts:[162, 398, 73, 738, 352, 936, 706, 607, 229, 588]
targets:[711, 633, 645, 967, 526, 812, 310, 563, 1021, 101, 929, 944, 514, 719, 974]
dests:[52, 657, 1005, 790, 202, 185, 540, 652, 173, 897]
ac_dict:{711: {0, 1}, 633: {1, 2}, 645: {2, 3}, 967: {3, 4}, 526: {4, 5}, 812: {5, 6}, 310: {6, 7}, 563: {8, 7}, 1021: {8, 9}, 52: {0}, 657: {1}, 1005: {2}, 790: {3}, 202: {4}, 185: {5}, 540: {6}, 652: {7}, 173: {8}, 897: {9}}
clusters:[4 9 5 5 0 2 2 8 1 8 6 4 3 7 9]

round: 7
best_g_value: 277.0
open_list_size: 6
num_low_level_expanded: 2364
search_success: 1
search_time: 0.7633004928939044
n_tsp_call: 1
n_tsp_time: 0.6520529799163342
n_roots: 1
num_conflicts: 6
target_assignment: {101: 0, 514: 6, 719: 9, 1021: 9, 944: 9, 974: 9, 929: 9, 645: 3, 812: 5, 526: 5}
cluster_target_selection: {8: 101, 3: 514, 7: 719, 1: 1021, 4: 944, 9: 974, 6: 929, 5: 645, 2: 812, 0: 526}
num_nodes_transformed_graph: 59
agent_paths:({0: [(2, 5), (2, 4), (2, 3), (3, 3), (4, 3), (5, 3), (5, 2), (5, 1), (6, 1), (7, 1), (8, 1), (9, 1), (10, 1), (11, 1), (12, 1), (13, 1), (14, 1), (15, 1), (16, 1), (17, 1), (18, 1), (19, 1), (20, 1), (20, 1)], 1: [(14, 12), (15, 12), (16, 12), (16, 13), (16, 14), (16, 15), (16, 16), (16, 17), (16, 18), (16, 19), (17, 19), (17, 20), (17, 20)], 2: [(9, 2), (10, 2), (11, 2), (11, 3), (11, 4), (11, 5), (11, 6), (11, 7), (11, 8), (11, 9), (11, 10), (12, 10), (12, 11), (12, 12), (12, 13), (13, 13), (13, 14), (13, 15), (13, 16), (13, 17), (13, 18), (13, 19), (13, 20), (13, 21), (13, 22), (13, 23), (13, 24), (13, 25), (13, 26), (13, 27), (13, 28), (13, 29), (13, 30), (13, 31), (13, 31)], 3: [(2, 23), (2, 22), (3, 22), (4, 22), (5, 22), (5, 21), (5, 20), (6, 20), (7, 20), (8, 20), (9, 20), (10, 20), (11, 20), (11, 21), (12, 21), (13, 21), (14, 21), (15, 21), (16, 21), (17, 21), (18, 21), (19, 21), (20, 21), (21, 21), (21, 22), (21, 23), (22, 23), (22, 24), (22, 24)], 4: [(0, 11), (0, 10), (0, 9), (0, 8), (0, 7), (1, 7), (2, 7), (3, 7), (4, 7), (5, 7), (6, 7), (7, 7), (7, 6), (8, 6), (9, 6), (10, 6), (10, 6)], 5: [(8, 29), (8, 28), (8, 27), (8, 26), (8, 25), (9, 25), (10, 25), (11, 25), (12, 25), (12, 24), (12, 23), (12, 22), (12, 21), (12, 20), (12, 19), (12, 18), (12, 17), (13, 17), (14, 17), (14, 16), (14, 15), (14, 14), (14, 13), (14, 12), (14, 11), (14, 10), (14, 9), (15, 9), (16, 9), (16, 8), (16, 7), (16, 6), (17, 6), (18, 6), (19, 6), (20, 6), (21, 6), (22, 6), (23, 6), (23, 5), (24, 5), (25, 5), (25, 5)], 6: [(2, 22), (2, 21), (2, 20), (2, 19), (2, 18), (2, 17), (2, 16), (3, 16), (4, 16), (5, 16), (6, 16), (7, 16), (8, 16), (9, 16), (10, 16), (11, 16), (12, 16), (13, 16), (14, 16), (15, 16), (16, 16), (17, 16), (17, 15), (18, 15), (19, 15), (19, 16), (20, 16), (21, 16), (22, 16), (23, 16), (24, 16), (25, 16), (26, 16), (27, 16), (28, 16), (28, 16)], 7: [(31, 18), (30, 18), (29, 18), (28, 18), (27, 18), (26, 18), (25, 18), (24, 18), (23, 18), (22, 18), (21, 18), (20, 18), (19, 18), (18, 18), (18, 19), (17, 19), (16, 19), (15, 19), (14, 19), (13, 19), (12, 19), (12, 20), (12, 20)], 8: [(5, 7), (6, 7), (7, 7), (7, 6), (8, 6), (9, 6), (10, 6), (10, 5), (11, 5), (12, 5), (13, 5), (13, 5)], 9: [(12, 18), (13, 18), (14, 18), (14, 19), (15, 19), (15, 20), (15, 21), (15, 22), (16, 22), (17, 22), (18, 22), (19, 22), (20, 22), (21, 22), (21, 23), (22, 23), (22, 24), (23, 24), (24, 24), (25, 24), (26, 24), (27, 24), (28, 24), (29, 24), (29, 25), (29, 26), (29, 27), (29, 28), (29, 29), (29, 30), (29, 31), (28, 31), (27, 31), (26, 31), (25, 31), (24, 31), (24, 30), (23, 30), (22, 30), (21, 30), (20, 30), (19, 30), (18, 30), (17, 30), (16, 30), (16, 29), (15, 29), (14, 29), (14, 30), (13, 30), (12, 30), (11, 30), (10, 30), (9, 30), (8, 30), (7, 30), (6, 30), (5, 30), (5, 29), (4, 29), (3, 29), (2, 29), (1, 29), (1, 28), (1, 28)]}, 63)