

CBSS-C STATS
starts:[594, 862, 517, 719, 982]
targets:[281, 695, 559, 467, 138, 771, 788, 1014, 59, 109, 252, 945, 135, 967, 503, 392, 229, 916, 256, 105, 850, 423, 678, 854, 49, 356, 787, 121, 447, 404, 429, 312, 584, 628, 716, 803, 757, 785, 958, 754]
dests:[925, 912, 20, 137, 858]
ac_dict:{281: {0, 1}, 695: {1, 2}, 559: {2, 3}, 467: {3, 4}, 925: {0}, 912: {1}, 20: {2}, 137: {3}, 858: {4}}
clusters:[ 1  9 15  1 12  8 24 20  5 14 18 10  6 16 13 12  2 23 10 19  4  9 22  3
  7  4  0  3  2 17 13 21  8  5  7 14 11  6 11  0]

round: 1
best_g_value: 182.0
open_list_size: 0
num_low_level_expanded: 364
search_success: 1
search_time: 14.895820398000069
n_tsp_call: 1
n_tsp_time: 14.819975615000203
n_roots: 1
num_conflicts: 0
target_assignment: {628: 0, 404: 0, 312: 0, 281: 0, 252: 0, 958: 0, 678: 2, 967: 2, 584: 2, 423: 2, 229: 2, 135: 2, 105: 2, 109: 2, 49: 2, 788: 1, 787: 1, 850: 1, 945: 1, 1014: 4, 916: 4, 854: 4, 559: 3, 429: 3, 138: 3}
cluster_target_selection: {5: 628, 17: 404, 21: 312, 1: 281, 18: 252, 11: 958, 22: 678, 16: 967, 8: 584, 9: 423, 2: 229, 6: 135, 19: 105, 14: 109, 7: 49, 24: 788, 0: 787, 4: 850, 10: 945, 20: 1014, 23: 916, 3: 854, 15: 559, 13: 429, 12: 138}
num_nodes_transformed_graph: 198
agent_paths:({0: [(18, 18), (19, 18), (20, 18), (20, 19), (20, 18), (20, 17), (20, 16), (19, 16), (19, 15), (19, 14), (19, 13), (19, 12), (20, 12), (21, 12), (21, 11), (21, 10), (21, 9), (22, 9), (23, 9), (24, 9), (24, 8), (25, 8), (25, 7), (26, 7), (27, 7), (28, 7), (29, 7), (29, 8), (29, 9), (29, 10), (29, 11), (29, 12), (29, 13), (29, 14), (29, 15), (29, 16), (29, 17), (29, 18), (29, 19), (29, 20), (29, 21), (29, 22), (30, 22), (30, 23), (30, 24), (30, 25), (30, 26), (30, 27), (30, 28), (30, 29), (29, 29), (29, 28), (29, 28)], 1: [(30, 26), (29, 26), (29, 25), (28, 25), (27, 25), (26, 25), (25, 25), (24, 25), (23, 25), (22, 25), (21, 25), (20, 25), (20, 24), (19, 24), (18, 24), (18, 25), (18, 26), (17, 26), (17, 27), (17, 28), (17, 29), (16, 29), (16, 28), (16, 28)], 2: [(5, 16), (5, 17), (5, 18), (5, 19), (6, 19), (6, 20), (6, 21), (7, 21), (7, 22), (7, 23), (7, 24), (7, 25), (7, 26), (6, 26), (6, 27), (6, 28), (7, 28), (7, 29), (7, 30), (7, 29), (7, 28), (8, 28), (8, 27), (8, 26), (8, 25), (8, 24), (8, 23), (8, 22), (8, 21), (8, 20), (8, 19), (8, 18), (7, 18), (7, 17), (7, 16), (7, 15), (6, 15), (6, 14), (6, 13), (7, 13), (6, 13), (6, 12), (6, 11), (5, 11), (5, 10), (5, 9), (5, 8), (5, 7), (5, 6), (5, 5), (5, 4), (6, 4), (7, 4), (7, 3), (8, 3), (9, 3), (10, 3), (11, 3), (12, 3), (13, 3), (13, 2), (13, 1), (14, 1), (15, 1), (16, 1), (17, 1), (18, 1), (19, 1), (19, 0), (20, 0), (20, 0)], 3: [(15, 22), (15, 21), (15, 20), (15, 19), (14, 19), (14, 18), (14, 17), (15, 17), (14, 17), (13, 17), (13, 16), (13, 15), (13, 14), (13, 13), (12, 13), (12, 12), (12, 11), (11, 11), (10, 11), (10, 10), (10, 9), (10, 8), (10, 7), (10, 6), (10, 5), (10, 4), (9, 4), (9, 4)], 4: [(22, 30), (22, 31), (21, 31), (20, 31), (20, 30), (20, 29), (20, 28), (20, 27), (21, 27), (22, 27), (22, 26), (23, 26), (24, 26), (25, 26), (26, 26), (26, 26)]}, 69)