

CBSS-C STATS
starts:[101, 913, 451, 297, 1021]
targets:[748, 849, 373, 153, 915, 381, 606, 1014, 193, 622]
dests:[807, 202, 948, 968, 231]
ac_dict:{748: {0, 1}, 849: {1, 2}, 373: {2, 3}, 153: {3, 4}, 807: {0}, 202: {1}, 948: {2}, 968: {3}, 231: {4}}
clusters:[1 1 0 1 0 0 0 0 0 0]

round: 1
best_g_value: 155.0
open_list_size: 0
num_low_level_expanded: 806
search_success: 1
search_time: 0.1118971649557352
n_tsp_call: 1
n_tsp_time: 0.08603784581646323
n_roots: 1
num_conflicts: 0
target_assignment: {622: 2, 748: 1}
cluster_target_selection: {0: 622, 1: 748}
num_nodes_transformed_graph: 29
agent_paths:({0: [(5, 3), (5, 4), (5, 5), (5, 6), (5, 7), (5, 8), (5, 9), (6, 9), (6, 10), (6, 11), (6, 12), (6, 13), (6, 14), (6, 15), (7, 15), (7, 16), (7, 17), (7, 18), (7, 19), (7, 20), (7, 21), (7, 22), (7, 23), (7, 24), (7, 25), (7, 25)], 1: [(17, 28), (16, 28), (15, 28), (14, 28), (13, 28), (12, 28), (12, 27), (12, 26), (12, 25), (12, 24), (12, 23), (11, 23), (10, 23), (10, 22), (10, 21), (10, 20), (10, 19), (10, 18), (10, 17), (10, 16), (10, 15), (10, 14), (10, 13), (10, 12), (10, 11), (10, 10), (10, 9), (10, 8), (10, 7), (10, 6), (10, 6)], 2: [(3, 14), (3, 15), (4, 15), (5, 15), (6, 15), (7, 15), (7, 16), (8, 16), (9, 16), (10, 16), (11, 16), (12, 16), (13, 16), (14, 16), (14, 17), (14, 18), (14, 19), (15, 19), (16, 19), (17, 19), (18, 19), (19, 19), (19, 20), (19, 21), (19, 22), (19, 23), (19, 24), (20, 24), (20, 25), (20, 26), (20, 27), (20, 28), (20, 29), (20, 29)], 3: [(9, 9), (9, 10), (9, 11), (9, 12), (10, 12), (10, 13), (10, 14), (9, 14), (9, 15), (9, 16), (8, 16), (8, 17), (8, 18), (8, 19), (8, 20), (8, 21), (8, 22), (8, 23), (8, 24), (8, 25), (8, 26), (8, 27), (8, 28), (8, 29), (8, 30), (8, 30)], 4: [(29, 31), (28, 31), (27, 31), (26, 31), (25, 31), (24, 31), (24, 30), (23, 30), (22, 30), (21, 30), (20, 30), (19, 30), (18, 30), (17, 30), (16, 30), (16, 29), (15, 29), (14, 29), (13, 29), (12, 29), (11, 29), (10, 29), (10, 28), (10, 27), (10, 26), (10, 25), (10, 24), (10, 23), (10, 22), (10, 21), (10, 20), (10, 19), (10, 18), (10, 17), (10, 16), (10, 15), (10, 14), (10, 13), (10, 12), (9, 12), (9, 11), (9, 10), (8, 10), (7, 10), (7, 9), (7, 8), (7, 7), (7, 7)]}, 46)