

CBSS-C STATS
starts:[999, 458, 255, 267, 777]
targets:[880, 162, 280, 924, 707, 810, 200, 231, 14, 55, 750, 815, 453, 448, 642, 744, 921, 263, 132, 184, 77, 207, 678, 724, 521, 51, 460, 321, 363, 170, 241, 155, 647, 313, 968, 727, 787, 393, 91, 507, 38, 632, 477, 623, 680, 30, 75, 600, 701, 832]
dests:[21, 465, 333, 920, 149]
ac_dict:{880: {0, 1}, 162: {1, 2}, 280: {2, 3}, 924: {3, 4}, 21: {0}, 465: {1}, 333: {2}, 920: {3}, 149: {4}}
clusters:[ 6 14  0 10 29 13 18  2 15 18 24  8 17 11  8 27 20 16 26  0  1  7 10  5
  3  7  4 12  5 17  9 21 28 25 16 11 13  9 14 19  6 15 23 12 22  4  3 19
  2  1]

round: 1
best_g_value: 198.0
open_list_size: 0
num_low_level_expanded: 411
search_success: 1
search_time: 5.482735918000799
n_tsp_call: 1
n_tsp_time: 5.4263329099994735
n_roots: 1
num_conflicts: 0
target_assignment: {707: 0, 678: 0, 727: 0, 632: 0, 507: 0, 477: 0, 155: 0, 91: 0, 55: 0, 313: 2, 280: 2, 241: 2, 363: 3, 623: 3, 750: 3, 815: 3, 787: 3, 921: 3, 460: 1, 744: 4, 680: 4, 647: 4, 453: 4, 263: 4, 231: 4, 132: 4, 38: 4, 75: 4, 77: 4, 51: 4}
cluster_target_selection: {29: 707, 10: 678, 11: 727, 15: 632, 19: 507, 23: 477, 21: 155, 14: 91, 18: 55, 25: 313, 0: 280, 9: 241, 5: 363, 12: 623, 24: 750, 8: 815, 13: 787, 20: 921, 4: 460, 27: 744, 22: 680, 28: 647, 17: 453, 16: 263, 2: 231, 26: 132, 6: 38, 3: 75, 1: 77, 7: 51}
num_nodes_transformed_graph: 121
agent_paths:({0: [(7, 31), (6, 31), (5, 31), (5, 30), (5, 29), (4, 29), (4, 28), (4, 27), (3, 27), (3, 26), (3, 25), (3, 24), (3, 23), (3, 22), (4, 22), (5, 22), (5, 21), (6, 21), (7, 21), (8, 21), (9, 21), (10, 21), (11, 21), (12, 21), (13, 21), (14, 21), (15, 21), (16, 21), (17, 21), (18, 21), (19, 21), (20, 21), (21, 21), (22, 21), (23, 21), (23, 22), (23, 21), (23, 20), (23, 19), (24, 19), (24, 18), (24, 17), (24, 16), (24, 15), (25, 15), (26, 15), (27, 15), (27, 14), (28, 14), (29, 14), (28, 14), (28, 13), (28, 12), (28, 11), (27, 11), (27, 10), (27, 9), (27, 8), (27, 7), (27, 6), (27, 5), (27, 4), (27, 3), (27, 2), (27, 3), (26, 3), (25, 3), (24, 3), (23, 3), (23, 2), (23, 1), (22, 1), (22, 0), (21, 0), (21, 0)], 1: [(10, 14), (11, 14), (12, 14), (13, 14), (14, 14), (15, 14), (16, 14), (17, 14), (17, 14)], 2: [(31, 7), (30, 7), (29, 7), (28, 7), (27, 7), (26, 7), (25, 7), (25, 8), (25, 9), (24, 9), (24, 8), (23, 8), (22, 8), (21, 8), (20, 8), (20, 7), (19, 7), (18, 7), (17, 7), (16, 7), (15, 7), (14, 7), (13, 7), (13, 8), (13, 9), (13, 10), (13, 10)], 3: [(11, 8), (11, 9), (11, 10), (11, 11), (12, 11), (12, 12), (12, 13), (13, 13), (14, 13), (14, 14), (14, 15), (14, 16), (14, 17), (14, 18), (14, 19), (15, 19), (15, 20), (15, 21), (15, 22), (15, 23), (14, 23), (15, 23), (15, 24), (15, 25), (15, 24), (16, 24), (17, 24), (18, 24), (19, 24), (20, 24), (20, 25), (21, 25), (22, 25), (23, 25), (24, 25), (25, 25), (25, 26), (25, 27), (25, 28), (24, 28), (24, 28)], 4: [(9, 24), (8, 24), (8, 23), (8, 22), (8, 21), (7, 21), (7, 20), (6, 20), (5, 20), (5, 19), (5, 18), (5, 17), (5, 16), (5, 15), (5, 14), (5, 13), (6, 13), (6, 12), (6, 11), (6, 10), (6, 9), (7, 9), (7, 8), (7, 7), (6, 7), (5, 7), (5, 6), (5, 5), (4, 5), (4, 4), (4, 3), (4, 2), (4, 1), (5, 1), (6, 1), (7, 1), (8, 1), (9, 1), (10, 1), (11, 1), (11, 2), (12, 2), (13, 2), (13, 1), (14, 1), (15, 1), (16, 1), (17, 1), (18, 1), (19, 1), (20, 1), (20, 2), (21, 2), (21, 3), (21, 4), (21, 4)]}, 73)