

CBSS-C STATS
starts:[711, 782, 598, 412, 735]
targets:[134, 135, 221, 195, 478, 37, 187, 354, 231, 328, 453, 12, 333, 80, 159, 810, 473, 744, 331, 730]
dests:[376, 706, 563, 715, 540]
ac_dict:{134: {0, 1}, 135: {1, 2}, 221: {2, 3}, 195: {3, 4}, 376: {0}, 706: {1}, 563: {2}, 715: {3}, 540: {4}}
clusters:[6 9 1 1 1 6 4 5 8 1 2 8 3 7 8 3 1 0 6 2]

round: 1
best_g_value: 154.0
open_list_size: 0
num_low_level_expanded: 455
search_success: 1
search_time: 1.0369221200235188
n_tsp_call: 1
n_tsp_time: 1.011840181890875
n_roots: 1
num_conflicts: 0
target_assignment: {331: 0, 333: 0, 80: 0, 187: 3, 473: 3, 744: 1, 453: 1, 135: 1, 231: 1, 354: 1}
cluster_target_selection: {6: 331, 3: 333, 7: 80, 4: 187, 1: 473, 0: 744, 2: 453, 9: 135, 8: 231, 5: 354}
num_nodes_transformed_graph: 52
agent_paths:({0: [(7, 22), (7, 21), (7, 20), (7, 19), (7, 18), (7, 17), (7, 16), (8, 16), (9, 16), (9, 15), (9, 14), (10, 14), (10, 13), (10, 12), (10, 11), (10, 10), (11, 10), (12, 10), (13, 10), (13, 9), (13, 8), (13, 7), (13, 6), (13, 5), (14, 5), (15, 5), (16, 5), (16, 4), (16, 3), (16, 2), (17, 2), (17, 3), (18, 3), (19, 3), (20, 3), (21, 3), (21, 4), (21, 5), (21, 6), (22, 6), (22, 7), (22, 8), (23, 8), (24, 8), (24, 9), (24, 10), (24, 11), (24, 11)], 1: [(14, 24), (13, 24), (12, 24), (11, 24), (10, 24), (9, 24), (8, 24), (8, 23), (7, 23), (6, 23), (5, 23), (5, 22), (5, 21), (5, 20), (5, 19), (5, 18), (5, 17), (5, 16), (5, 15), (5, 14), (5, 13), (6, 13), (6, 12), (6, 11), (6, 10), (6, 9), (7, 9), (7, 8), (7, 7), (7, 6), (7, 5), (7, 4), (7, 5), (7, 6), (7, 7), (6, 7), (5, 7), (4, 7), (3, 7), (3, 8), (3, 9), (2, 9), (2, 10), (2, 11), (2, 12), (2, 13), (2, 14), (2, 15), (2, 16), (2, 17), (2, 18), (2, 19), (2, 20), (2, 21), (2, 22), (2, 22)], 2: [(22, 18), (21, 18), (20, 18), (19, 18), (19, 17), (19, 17)], 3: [(28, 12), (28, 11), (27, 11), (27, 10), (27, 9), (27, 8), (27, 7), (27, 6), (27, 5), (26, 5), (25, 5), (25, 6), (25, 7), (25, 8), (25, 9), (25, 10), (25, 11), (25, 12), (25, 13), (25, 14), (24, 14), (23, 14), (22, 14), (21, 14), (20, 14), (19, 14), (18, 14), (17, 14), (16, 14), (15, 14), (14, 14), (13, 14), (12, 14), (11, 14), (11, 15), (11, 16), (11, 17), (11, 18), (11, 19), (11, 20), (11, 21), (11, 22), (11, 22)], 4: [(31, 22), (30, 22), (29, 22), (29, 21), (29, 20), (29, 19), (29, 18), (29, 17), (29, 16), (28, 16), (28, 16)]}, 54)