

CBSS-C STATS
starts:[639, 473, 38, 592, 114]
targets:[709, 869, 400, 353, 876, 503, 751, 991, 506, 96, 711, 170, 804, 511, 910, 327, 855, 194, 264, 820, 412, 340, 667, 279, 266, 981, 851, 784, 758, 888, 638, 161, 362, 821, 915, 812, 215, 368, 122, 973, 199, 801, 70, 110, 666, 113, 838, 775, 303, 807]
dests:[680, 3, 405, 901, 294]
ac_dict:{709: {0, 1}, 869: {1, 2}, 400: {2, 3}, 353: {3, 4}, 680: {0}, 3: {1}, 405: {2}, 901: {3}, 294: {4}}
clusters:[10 18  4 31  9 20 22  0 14 25 21  4  2 28  1  5 11 26  2 19 23 24  0 13
 27  6 15  5 12 29  8  7  3  9 16  3  1  6  7 38 30 36 35 37  8 34 33 17
 39 32]

round: 2
best_g_value: 230.0
open_list_size: 1
num_low_level_expanded: 1223
search_success: 1
search_time: 25.450577823999993
n_tsp_call: 1
n_tsp_time: 25.312582806000137
n_roots: 1
num_conflicts: 1
target_assignment: {638: 0, 667: 0, 113: 4, 110: 4, 170: 4, 266: 4, 362: 4, 327: 4, 353: 4, 751: 3, 711: 3, 775: 3, 807: 3, 838: 3, 70: 2, 199: 2, 303: 2, 368: 2, 340: 2, 279: 2, 412: 1, 511: 1, 506: 1, 503: 1, 758: 1, 888: 1, 855: 1, 821: 1, 820: 1, 851: 1, 915: 1, 910: 1, 973: 1, 869: 1, 804: 1, 801: 1, 709: 1, 194: 1, 161: 1, 96: 1}
cluster_target_selection: {8: 638, 0: 667, 34: 113, 37: 110, 4: 170, 27: 266, 3: 362, 5: 327, 31: 353, 22: 751, 21: 711, 17: 775, 32: 807, 33: 838, 35: 70, 30: 199, 39: 303, 6: 368, 24: 340, 13: 279, 23: 412, 28: 511, 14: 506, 20: 503, 12: 758, 29: 888, 11: 855, 9: 821, 19: 820, 15: 851, 16: 915, 1: 910, 38: 973, 18: 869, 2: 804, 36: 801, 10: 709, 26: 194, 7: 161, 25: 96}
num_nodes_transformed_graph: 248
agent_paths:({0: [(31, 19), (30, 19), (29, 19), (29, 20), (28, 20), (27, 20), (26, 20), (25, 20), (24, 20), (23, 20), (22, 20), (21, 20), (20, 20), (19, 20), (18, 20), (17, 20), (16, 20), (15, 20), (14, 20), (13, 20), (12, 20), (11, 20), (10, 20), (9, 20), (8, 20), (8, 21), (8, 21)], 1: [(25, 14), (25, 13), (26, 13), (27, 13), (28, 13), (28, 12), (29, 12), (29, 13), (29, 14), (30, 14), (31, 14), (31, 15), (30, 15), (29, 15), (28, 15), (27, 15), (26, 15), (25, 15), (24, 15), (23, 15), (22, 15), (22, 16), (22, 17), (22, 18), (22, 19), (22, 20), (22, 21), (21, 21), (21, 22), (21, 23), (22, 23), (22, 24), (23, 24), (24, 24), (24, 25), (24, 26), (24, 27), (23, 27), (23, 26), (22, 26), (22, 25), (21, 25), (20, 25), (19, 25), (19, 26), (19, 27), (19, 28), (18, 28), (17, 28), (16, 28), (15, 28), (14, 28), (13, 28), (13, 29), (13, 30), (12, 30), (11, 30), (10, 30), (9, 30), (8, 30), (7, 30), (6, 30), (6, 29), (6, 28), (6, 27), (5, 27), (4, 27), (4, 26), (4, 25), (3, 25), (2, 25), (1, 25), (1, 24), (1, 23), (1, 22), (2, 22), (3, 22), (4, 22), (5, 22), (5, 21), (5, 20), (5, 19), (4, 19), (4, 18), (3, 18), (3, 17), (3, 16), (3, 15), (3, 14), (3, 13), (3, 12), (3, 11), (3, 10), (3, 9), (3, 8), (3, 7), (2, 7), (2, 6), (1, 6), (1, 5), (1, 4), (1, 3), (0, 3), (0, 2), (0, 1), (0, 0), (1, 0), (2, 0), (3, 0), (3, 0)], 2: [(6, 1), (6, 2), (6, 3), (7, 3), (7, 4), (7, 5), (7, 6), (8, 6), (9, 6), (10, 6), (11, 6), (12, 6), (13, 6), (13, 7), (13, 8), (13, 9), (14, 9), (15, 9), (16, 9), (16, 10), (16, 11), (17, 11), (18, 11), (18, 10), (19, 10), (20, 10), (20, 9), (20, 8), (21, 8), (22, 8), (23, 8), (22, 8), (21, 8), (21, 9), (21, 10), (21, 11), (21, 12), (21, 12)], 3: [(16, 18), (16, 19), (15, 19), (15, 20), (15, 21), (15, 22), (15, 23), (14, 23), (13, 23), (12, 23), (11, 23), (10, 23), (9, 23), (8, 23), (7, 23), (7, 22), (7, 23), (7, 24), (7, 25), (6, 25), (6, 26), (5, 26), (5, 27), (5, 28), (5, 28)], 4: [(18, 3), (17, 3), (16, 3), (16, 2), (16, 1), (15, 1), (14, 1), (14, 2), (14, 3), (13, 3), (12, 3), (11, 3), (10, 3), (10, 4), (10, 5), (10, 6), (10, 7), (10, 8), (10, 9), (10, 10), (10, 11), (9, 11), (9, 10), (8, 10), (7, 10), (6, 10), (5, 10), (4, 10), (3, 10), (2, 10), (1, 10), (1, 11), (1, 10), (1, 9), (2, 9), (3, 9), (4, 9), (5, 9), (6, 9), (6, 9)]}, 108)