

CBSS-C STATS
starts:[675, 64, 994, 6, 757, 673, 647, 32, 229, 740]
targets:[663, 992, 251, 523, 668]
dests:[109, 638, 489, 971, 205, 660, 48, 814, 944, 376]
ac_dict:{663: {0, 1}, 992: {1, 2}, 251: {2, 3}, 523: {3, 4}, 668: {4, 5}, 109: {0}, 638: {1}, 489: {2}, 971: {3}, 205: {4}, 660: {5}, 48: {6}, 814: {7}, 944: {8}, 376: {9}}
clusters:[1 0 0 0 0]

round: 2
best_g_value: 315.0
open_list_size: 1
num_low_level_expanded: 2071
search_success: 1
search_time: 0.16139973187819123
n_tsp_call: 1
n_tsp_time: 0.09015063010156155
n_roots: 1
num_conflicts: 1
target_assignment: {663: 1, 523: 3}
cluster_target_selection: {1: 663, 0: 523}
num_nodes_transformed_graph: 30
agent_paths:({0: [(3, 21), (3, 20), (2, 20), (2, 19), (2, 18), (2, 17), (2, 16), (2, 15), (2, 14), (2, 13), (2, 12), (2, 11), (2, 10), (2, 9), (3, 9), (3, 8), (3, 7), (3, 6), (3, 5), (3, 4), (3, 3), (4, 3), (5, 3), (6, 3), (7, 3), (8, 3), (9, 3), (10, 3), (11, 3), (12, 3), (13, 3), (13, 3)], 1: [(0, 2), (1, 2), (2, 2), (3, 2), (4, 2), (5, 2), (6, 2), (6, 3), (7, 3), (8, 3), (9, 3), (10, 3), (11, 3), (12, 3), (13, 3), (14, 3), (14, 4), (14, 5), (15, 5), (16, 5), (17, 5), (18, 5), (19, 5), (19, 6), (20, 6), (21, 6), (22, 6), (22, 7), (22, 8), (23, 8), (23, 9), (23, 10), (23, 11), (23, 12), (23, 13), (23, 14), (23, 15), (23, 16), (23, 17), (23, 18), (23, 19), (23, 20), (24, 20), (25, 20), (26, 20), (27, 20), (28, 20), (29, 20), (29, 19), (30, 19), (30, 19)], 2: [(2, 31), (2, 30), (2, 29), (2, 28), (2, 27), (2, 26), (2, 25), (2, 24), (2, 23), (2, 22), (2, 21), (2, 20), (2, 19), (2, 18), (2, 17), (2, 16), (3, 16), (4, 16), (5, 16), (6, 16), (7, 16), (8, 16), (9, 16), (9, 15), (9, 15)], 3: [(6, 0), (6, 1), (6, 2), (6, 3), (7, 3), (8, 3), (8, 4), (8, 5), (8, 6), (9, 6), (9, 7), (9, 8), (9, 9), (9, 10), (10, 10), (10, 11), (10, 12), (10, 13), (10, 14), (11, 14), (11, 15), (11, 16), (11, 17), (11, 18), (11, 19), (11, 20), (11, 21), (11, 22), (11, 23), (11, 24), (11, 25), (11, 26), (11, 27), (11, 28), (11, 29), (11, 30), (11, 30)], 4: [(21, 23), (21, 22), (20, 22), (19, 22), (18, 22), (17, 22), (16, 22), (15, 22), (15, 21), (14, 21), (14, 20), (14, 19), (14, 18), (14, 17), (14, 16), (14, 15), (14, 14), (14, 13), (14, 12), (14, 11), (14, 10), (13, 10), (13, 9), (13, 8), (13, 7), (13, 6), (13, 6)], 5: [(1, 21), (2, 21), (3, 21), (3, 22), (4, 22), (5, 22), (5, 21), (5, 20), (6, 20), (7, 20), (8, 20), (9, 20), (10, 20), (11, 20), (12, 20), (13, 20), (14, 20), (15, 20), (16, 20), (17, 20), (18, 20), (19, 20), (20, 20), (20, 20)], 6: [(7, 20), (7, 19), (7, 18), (7, 17), (7, 16), (8, 16), (9, 16), (9, 15), (9, 14), (10, 14), (10, 13), (10, 12), (10, 11), (10, 10), (10, 9), (10, 8), (10, 7), (10, 6), (10, 5), (10, 4), (10, 3), (10, 2), (10, 1), (11, 1), (12, 1), (13, 1), (14, 1), (15, 1), (16, 1), (16, 1)], 7: [(0, 1), (1, 1), (2, 1), (3, 1), (4, 1), (5, 1), (6, 1), (7, 1), (8, 1), (9, 1), (10, 1), (11, 1), (11, 2), (11, 3), (11, 4), (11, 5), (11, 6), (11, 7), (11, 8), (11, 9), (11, 10), (12, 10), (12, 11), (12, 12), (12, 13), (13, 13), (13, 14), (13, 15), (13, 16), (13, 17), (13, 18), (13, 19), (13, 20), (13, 21), (13, 22), (13, 23), (14, 23), (14, 24), (14, 25), (14, 25)], 8: [(5, 7), (6, 7), (7, 7), (7, 8), (8, 8), (9, 8), (10, 8), (11, 8), (11, 9), (11, 10), (12, 10), (13, 10), (14, 10), (15, 10), (16, 10), (16, 11), (16, 12), (16, 13), (16, 14), (16, 15), (16, 16), (16, 17), (16, 18), (16, 19), (16, 20), (16, 21), (16, 22), (16, 23), (16, 24), (16, 25), (16, 26), (16, 27), (16, 28), (16, 29), (16, 29)], 9: [(4, 23), (4, 22), (5, 22), (5, 21), (5, 20), (5, 19), (5, 18), (5, 17), (5, 16), (6, 16), (7, 16), (8, 16), (9, 16), (9, 15), (9, 14), (10, 14), (11, 14), (12, 14), (12, 13), (13, 13), (14, 13), (14, 12), (15, 12), (16, 12), (17, 12), (18, 12), (19, 12), (20, 12), (21, 12), (21, 11), (22, 11), (23, 11), (24, 11), (24, 11)]}, 49)