

CBSS-C STATS
starts:[87, 891, 186, 223, 62]
targets:[309, 459, 532, 237, 214, 963, 328, 117, 567, 641, 428, 630, 77, 234, 405, 925, 710, 194, 798, 953, 531, 326, 35, 955, 32, 815, 38, 720, 540, 694, 825, 539, 311, 612, 2, 680, 1007, 426, 138, 381, 684, 829, 989, 257, 236, 454, 31, 831, 795, 430]
dests:[42, 877, 0, 464, 509]
ac_dict:{309: {0, 1}, 459: {1, 2}, 532: {2, 3}, 237: {3, 4}, 42: {0}, 877: {1}, 0: {2}, 464: {3}, 509: {4}}
clusters:[ 9 18  3 33 39 34  7  8 20 28 22  8  0 38  6 24 31 26 17  1 12 16  4  7
 30  3 14  4  1  9 32 25 11 35  0 37 21 13  5  2 10  5 27 15  2 23 36 19
 29  6]

round: 1
best_g_value: 235.0
open_list_size: 0
num_low_level_expanded: 432
search_success: 1
search_time: 38.381610754000576
n_tsp_call: 1
n_tsp_time: 38.258956218000094
n_roots: 1
num_conflicts: 0
target_assignment: {117: 0, 214: 3, 237: 3, 234: 3, 428: 3, 430: 3, 311: 2, 567: 2, 532: 2, 531: 2, 459: 2, 426: 2, 454: 2, 326: 2, 257: 2, 194: 2, 38: 2, 35: 2, 2: 2, 32: 2, 955: 1, 989: 1, 925: 1, 829: 1, 831: 1, 798: 1, 795: 1, 825: 1, 694: 1, 684: 1, 680: 1, 710: 1, 612: 1, 641: 1, 963: 1, 1007: 1, 31: 4, 381: 4, 539: 4, 540: 4}
cluster_target_selection: {8: 117, 39: 214, 33: 237, 38: 234, 22: 428, 6: 430, 11: 311, 20: 567, 3: 532, 12: 531, 18: 459, 13: 426, 23: 454, 16: 326, 15: 257, 26: 194, 14: 38, 4: 35, 0: 2, 30: 32, 7: 955, 27: 989, 24: 925, 5: 829, 19: 831, 17: 798, 29: 795, 32: 825, 9: 694, 10: 684, 37: 680, 31: 710, 35: 612, 28: 641, 34: 963, 21: 1007, 36: 31, 2: 381, 25: 539, 1: 540}
num_nodes_transformed_graph: 248
agent_paths:({0: [(23, 2), (22, 2), (21, 2), (21, 3), (20, 3), (19, 3), (18, 3), (17, 3), (16, 3), (16, 2), (16, 1), (15, 1), (14, 1), (13, 1), (12, 1), (11, 1), (10, 1), (10, 1)], 1: [(27, 27), (27, 28), (27, 29), (28, 29), (29, 29), (29, 30), (29, 29), (29, 28), (29, 27), (29, 26), (29, 25), (30, 25), (31, 25), (30, 25), (30, 24), (29, 24), (28, 24), (27, 24), (26, 24), (25, 24), (25, 25), (24, 25), (24, 24), (24, 23), (24, 22), (23, 22), (23, 21), (22, 21), (21, 21), (20, 21), (19, 21), (18, 21), (17, 21), (16, 21), (15, 21), (14, 21), (13, 21), (12, 21), (11, 21), (10, 21), (9, 21), (8, 21), (7, 21), (6, 21), (6, 22), (5, 22), (5, 21), (5, 20), (5, 19), (4, 19), (4, 18), (3, 18), (2, 18), (2, 19), (1, 19), (1, 20), (2, 20), (2, 21), (2, 22), (2, 23), (2, 24), (2, 25), (2, 26), (2, 27), (2, 28), (2, 29), (3, 29), (3, 30), (3, 29), (4, 29), (5, 29), (6, 29), (7, 29), (8, 29), (8, 30), (9, 30), (10, 30), (11, 30), (12, 30), (13, 30), (14, 30), (14, 31), (15, 31), (14, 31), (13, 31), (13, 30), (13, 29), (13, 28), (13, 27), (13, 27)], 2: [(26, 5), (25, 5), (25, 6), (25, 7), (25, 8), (24, 8), (23, 8), (23, 9), (23, 10), (23, 11), (23, 12), (23, 13), (23, 14), (23, 15), (23, 16), (23, 17), (22, 17), (21, 17), (20, 17), (20, 16), (19, 16), (19, 15), (18, 15), (17, 15), (16, 15), (16, 14), (15, 14), (14, 14), (13, 14), (12, 14), (11, 14), (10, 14), (10, 13), (10, 12), (9, 12), (8, 12), (8, 13), (7, 13), (6, 13), (6, 14), (6, 13), (6, 12), (6, 11), (6, 10), (5, 10), (4, 10), (3, 10), (2, 10), (1, 10), (1, 9), (1, 8), (1, 7), (1, 6), (2, 6), (2, 5), (2, 4), (2, 3), (2, 2), (2, 1), (3, 1), (4, 1), (5, 1), (6, 1), (5, 1), (4, 1), (3, 1), (2, 1), (2, 0), (1, 0), (0, 0), (0, 1), (0, 0), (0, 0)], 3: [(31, 6), (30, 6), (29, 6), (28, 6), (27, 6), (26, 6), (25, 6), (24, 6), (23, 6), (22, 6), (21, 6), (20, 6), (19, 6), (18, 6), (17, 6), (16, 6), (15, 6), (14, 6), (13, 6), (13, 7), (12, 7), (11, 7), (10, 7), (11, 7), (11, 8), (11, 9), (11, 10), (12, 10), (12, 11), (12, 12), (12, 13), (13, 13), (14, 13), (15, 13), (16, 13), (16, 14), (16, 14)], 4: [(30, 1), (30, 0), (31, 0), (30, 0), (30, 1), (30, 2), (30, 3), (30, 4), (29, 4), (29, 5), (29, 6), (29, 7), (29, 8), (29, 9), (29, 10), (29, 11), (28, 11), (28, 12), (28, 13), (27, 13), (27, 14), (27, 15), (27, 16), (28, 16), (28, 15), (29, 15), (29, 15)]}, 88)