

CBSS-C STATS
starts:[639, 473, 38, 592, 114]
targets:[709, 869, 400, 353, 876, 503, 751, 991, 506, 96, 711, 170, 804, 511, 910, 327, 855, 194, 264, 820, 412, 340, 667, 279, 266, 981, 851, 784, 758, 888, 638, 161, 362, 821, 915, 812, 215, 368, 122, 973, 199, 801, 70, 110, 666, 113, 838, 775, 303, 807]
dests:[680, 3, 405, 901, 294]
ac_dict:{709: {0, 1}, 869: {1, 2}, 400: {2, 3}, 353: {3, 4}, 680: {0}, 3: {1}, 405: {2}, 901: {3}, 294: {4}}
clusters:[10 18  4 31  9 20 22  0 14 25 21  4  2 28  1  5 11 26  2 19 23 24  0 13
 27  6 15  5 12 29  8  7  3  9 16  3  1  6  7 38 30 36 35 37  8 34 33 17
 39 32]

round: 1
best_g_value: 246.0
open_list_size: 0
num_low_level_expanded: 613
search_success: 1
search_time: 6.540691135000088
n_tsp_call: 1
n_tsp_time: 6.471046675998878
n_roots: 1
num_conflicts: 0
target_assignment: {638: 0, 667: 0, 888: 0, 855: 0, 758: 0, 821: 0, 820: 0, 851: 0, 915: 0, 910: 0, 973: 0, 775: 0, 711: 0, 709: 0, 70: 2, 96: 2, 161: 2, 194: 2, 801: 2, 804: 2, 869: 2, 400: 2, 368: 2, 340: 2, 412: 1, 511: 1, 506: 1, 503: 1, 279: 1, 303: 1, 199: 1, 751: 3, 812: 3, 807: 3, 838: 3, 113: 4, 110: 4, 266: 4, 327: 4, 353: 4}
cluster_target_selection: {8: 638, 0: 667, 29: 888, 11: 855, 12: 758, 9: 821, 19: 820, 15: 851, 16: 915, 1: 910, 38: 973, 17: 775, 21: 711, 10: 709, 35: 70, 25: 96, 7: 161, 26: 194, 36: 801, 2: 804, 18: 869, 4: 400, 6: 368, 24: 340, 23: 412, 28: 511, 14: 506, 20: 503, 13: 279, 39: 303, 30: 199, 22: 751, 3: 812, 32: 807, 33: 838, 34: 113, 37: 110, 27: 266, 5: 327, 31: 353}
num_nodes_transformed_graph: 126
agent_paths:({0: [(31, 19), (30, 19), (29, 19), (29, 20), (28, 20), (27, 20), (26, 20), (25, 20), (24, 20), (24, 21), (24, 22), (24, 23), (24, 24), (24, 25), (24, 26), (24, 27), (23, 27), (23, 26), (22, 26), (22, 25), (22, 24), (22, 23), (22, 24), (22, 25), (21, 25), (20, 25), (19, 25), (19, 26), (19, 27), (19, 28), (18, 28), (17, 28), (16, 28), (15, 28), (14, 28), (13, 28), (13, 29), (13, 30), (12, 30), (11, 30), (10, 30), (9, 30), (8, 30), (8, 29), (8, 28), (8, 27), (8, 26), (7, 26), (7, 25), (7, 24), (7, 23), (7, 22), (6, 22), (5, 22), (5, 21), (6, 21), (7, 21), (8, 21), (8, 21)], 1: [(25, 14), (25, 13), (26, 13), (27, 13), (28, 13), (28, 12), (29, 12), (29, 13), (29, 14), (30, 14), (31, 14), (31, 15), (30, 15), (29, 15), (28, 15), (27, 15), (26, 15), (25, 15), (24, 15), (23, 15), (23, 14), (23, 13), (23, 12), (23, 11), (23, 10), (23, 9), (23, 8), (22, 8), (21, 8), (20, 8), (20, 9), (19, 9), (18, 9), (17, 9), (16, 9), (15, 9), (14, 9), (13, 9), (13, 8), (13, 7), (12, 7), (11, 7), (10, 7), (9, 7), (9, 6), (8, 6), (7, 6), (7, 5), (6, 5), (5, 5), (4, 5), (3, 5), (3, 4), (3, 3), (3, 2), (3, 1), (3, 0), (3, 0)], 2: [(6, 1), (6, 2), (5, 2), (4, 2), (3, 2), (2, 2), (1, 2), (0, 2), (0, 3), (1, 3), (1, 4), (1, 5), (2, 5), (2, 6), (1, 6), (1, 7), (1, 8), (1, 9), (1, 10), (1, 11), (1, 12), (1, 13), (1, 14), (1, 15), (1, 16), (1, 17), (2, 17), (2, 18), (2, 19), (1, 19), (1, 20), (1, 21), (1, 22), (1, 23), (1, 24), (1, 25), (2, 25), (3, 25), (4, 25), (5, 25), (5, 26), (5, 27), (5, 26), (5, 25), (6, 25), (7, 25), (7, 24), (7, 23), (7, 22), (7, 21), (7, 20), (7, 19), (7, 18), (7, 17), (7, 16), (8, 16), (9, 16), (9, 15), (9, 14), (10, 14), (11, 14), (12, 14), (12, 13), (13, 13), (14, 13), (14, 12), (15, 12), (16, 12), (16, 11), (17, 11), (18, 11), (18, 10), (19, 10), (20, 10), (21, 10), (21, 11), (21, 12), (21, 12)], 3: [(16, 18), (16, 19), (15, 19), (15, 20), (15, 21), (15, 22), (15, 23), (14, 23), (13, 23), (12, 23), (12, 24), (12, 25), (11, 25), (10, 25), (9, 25), (8, 25), (7, 25), (6, 25), (6, 26), (5, 26), (5, 27), (5, 28), (5, 28)], 4: [(18, 3), (17, 3), (16, 3), (16, 2), (16, 1), (15, 1), (14, 1), (14, 2), (14, 3), (13, 3), (12, 3), (11, 3), (10, 3), (10, 4), (10, 5), (10, 6), (10, 7), (10, 8), (9, 8), (8, 8), (7, 8), (7, 9), (7, 10), (6, 10), (5, 10), (4, 10), (3, 10), (2, 10), (1, 10), (1, 11), (1, 10), (1, 9), (2, 9), (3, 9), (4, 9), (5, 9), (6, 9), (6, 9)]}, 76)