

CBSS-C STATS
starts:[13, 578]
targets:[720, 35, 884, 724, 758, 935, 77, 776, 291, 5, 594, 829, 566, 765, 159, 910, 269, 328, 951, 682, 848, 589, 1008, 847, 217, 514, 878, 802, 494, 780, 590, 185, 544, 297, 560, 265, 908, 806, 597, 588, 122, 396, 478, 87, 555, 459, 671, 1014, 921, 637, 522, 747, 348, 953, 106, 573, 800, 817, 980, 801, 31, 712, 414, 233, 955, 183, 363, 744, 579, 405, 333, 86, 110, 346, 506, 672, 959, 985, 503, 3, 326, 309, 978, 138, 173, 120, 709, 157, 378, 22, 571, 894, 241, 841, 799, 253, 798, 635, 130, 539]
dests:[952, 179]
ac_dict:{720: {0, 1}, 952: {0}, 179: {1}}
clusters:[ 1  4 31 13 12 25 21 11 31 25 20 32  3 35 17 17  8 21 29 38 17  5 10 27
  9 31 15  7 18  6 33  8 38 36  4 37 26  2 34 17 21 11 24 39 11 15 23 18
 22 13 14  1 22 21 21  1 33 15 34 15 12 33 24 21  7 16 31 29 38 20  7 14
  8  2 18 26 28 35 26 21  7 14 32 35 34 29  1 25 20 27 13 17  0  4  7 19
  7  8 30 15]

round: 2
best_g_value: 486.0
open_list_size: 1
num_low_level_expanded: 1848
search_success: 1
search_time: 8.981501162998029
n_tsp_call: 1
n_tsp_time: 8.846728378004627
n_roots: 1
num_conflicts: 1
target_assignment: {579: 1, 291: 1, 130: 1, 233: 1, 265: 1, 297: 1, 522: 1, 555: 1, 588: 1, 589: 1, 590: 1, 560: 1, 566: 1, 597: 1, 758: 1, 724: 1, 720: 1, 780: 1, 908: 1, 878: 1, 847: 1, 1008: 1, 1014: 1, 955: 1, 959: 1, 829: 1, 765: 1, 671: 1, 478: 1, 378: 1, 346: 1, 348: 1, 253: 1, 157: 1, 217: 1, 185: 1, 120: 1, 87: 1, 183: 1, 241: 1}
cluster_target_selection: {38: 579, 31: 291, 30: 130, 21: 233, 37: 265, 36: 297, 14: 522, 11: 555, 17: 588, 5: 589, 33: 590, 4: 560, 3: 566, 34: 597, 12: 758, 13: 724, 1: 720, 6: 780, 26: 908, 15: 878, 27: 847, 10: 1008, 18: 1014, 7: 955, 28: 959, 32: 829, 35: 765, 23: 671, 24: 478, 20: 378, 2: 346, 22: 348, 19: 253, 25: 157, 9: 217, 8: 185, 29: 120, 39: 87, 16: 183, 0: 241}
num_nodes_transformed_graph: 104
agent_paths:({0: [(13, 0), (14, 0), (15, 0), (16, 0), (16, 1), (17, 1), (18, 1), (19, 1), (20, 1), (20, 2), (21, 2), (21, 3), (21, 4), (21, 5), (21, 6), (22, 6), (22, 7), (22, 8), (23, 8), (24, 8), (24, 9), (24, 10), (24, 11), (24, 12), (24, 13), (24, 14), (24, 15), (24, 16), (24, 17), (24, 18), (24, 19), (24, 20), (24, 21), (24, 22), (24, 23), (24, 24), (24, 25), (24, 26), (24, 27), (24, 28), (24, 29), (24, 29)], 1: [(2, 18), (3, 18), (3, 17), (3, 16), (3, 15), (3, 14), (3, 13), (3, 12), (3, 11), (3, 10), (3, 9), (3, 8), (3, 7), (2, 7), (2, 6), (2, 5), (2, 4), (3, 4), (4, 4), (5, 4), (6, 4), (7, 4), (8, 4), (8, 5), (8, 6), (9, 6), (9, 7), (9, 8), (9, 9), (10, 9), (10, 10), (10, 11), (10, 12), (10, 13), (10, 14), (10, 15), (10, 16), (11, 16), (11, 17), (12, 17), (12, 18), (13, 18), (14, 18), (14, 17), (15, 17), (16, 17), (17, 17), (18, 17), (19, 17), (20, 17), (21, 17), (22, 17), (21, 17), (21, 18), (21, 19), (21, 20), (21, 21), (21, 22), (21, 23), (22, 23), (21, 23), (21, 22), (20, 22), (19, 22), (18, 22), (17, 22), (16, 22), (15, 22), (15, 23), (14, 23), (13, 23), (12, 23), (12, 24), (12, 25), (12, 26), (12, 27), (12, 28), (12, 27), (13, 27), (14, 27), (15, 27), (15, 26), (16, 26), (16, 27), (16, 28), (16, 29), (16, 30), (16, 31), (17, 31), (18, 31), (19, 31), (20, 31), (21, 31), (22, 31), (22, 30), (23, 30), (24, 30), (25, 30), (25, 29), (26, 29), (27, 29), (28, 29), (29, 29), (30, 29), (31, 29), (30, 29), (29, 29), (29, 28), (29, 27), (29, 26), (29, 25), (29, 24), (29, 23), (29, 22), (29, 21), (29, 20), (30, 20), (31, 20), (30, 20), (30, 19), (30, 18), (30, 17), (30, 16), (30, 15), (30, 14), (29, 14), (28, 14), (27, 14), (26, 14), (26, 13), (26, 12), (26, 11), (26, 10), (27, 10), (28, 10), (28, 9), (28, 8), (28, 7), (29, 7), (29, 6), (29, 5), (29, 4), (28, 4), (27, 4), (26, 4), (25, 4), (25, 5), (25, 6), (25, 5), (25, 4), (25, 3), (24, 3), (23, 3), (23, 2), (23, 3), (23, 4), (23, 5), (23, 6), (22, 6), (21, 6), (20, 6), (19, 6), (18, 6), (17, 6), (17, 7), (17, 6), (17, 5), (18, 5), (19, 5), (19, 5)]}, 168)