

CBSS-C STATS
starts:[141, 447, 434, 1001, 123]
targets:[493, 830, 812, 378, 517, 162, 48, 60, 105, 854, 230, 997, 513, 184, 15, 253, 289, 967, 329, 472, 331, 433, 291, 724, 873, 680, 978, 786, 220, 627, 4, 548, 524, 158, 503, 531, 98, 38, 970, 94]
dests:[59, 219, 126, 357, 711]
ac_dict:{493: {0, 1}, 830: {1, 2}, 812: {2, 3}, 378: {3, 4}, 59: {0}, 219: {1}, 126: {2}, 357: {3}, 711: {4}}
clusters:[ 3 14  5 16 19 10 10  7  0  6  8  1  2 11  4 17 13 11 23  6 13  9  9  4
 22  7 12  2 12 21  0 18 20  1 15  5  3  8 24 14]

round: 1
best_g_value: 171.0
open_list_size: 0
num_low_level_expanded: 360
search_success: 1
search_time: 11.459203734999846
n_tsp_call: 1
n_tsp_time: 11.383562255000015
n_roots: 1
num_conflicts: 0
target_assignment: {105: 0, 98: 0, 38: 0, 48: 0, 378: 4, 472: 4, 503: 4, 531: 4, 627: 4, 724: 4, 786: 4, 970: 3, 873: 3, 680: 3, 548: 3, 517: 3, 524: 3, 331: 3, 329: 3, 253: 1, 220: 1, 433: 2, 184: 2, 158: 2, 94: 2}
cluster_target_selection: {0: 105, 3: 98, 8: 38, 10: 48, 16: 378, 6: 472, 15: 503, 5: 531, 21: 627, 4: 724, 2: 786, 24: 970, 22: 873, 7: 680, 18: 548, 19: 517, 20: 524, 13: 331, 23: 329, 17: 253, 12: 220, 9: 433, 11: 184, 1: 158, 14: 94}
num_nodes_transformed_graph: 198
agent_paths:({0: [(13, 4), (12, 4), (11, 4), (10, 4), (9, 4), (9, 3), (8, 3), (7, 3), (6, 3), (5, 3), (4, 3), (3, 3), (2, 3), (2, 2), (2, 1), (3, 1), (4, 1), (5, 1), (6, 1), (7, 1), (8, 1), (9, 1), (10, 1), (11, 1), (12, 1), (13, 1), (14, 1), (15, 1), (16, 1), (17, 1), (18, 1), (19, 1), (20, 1), (20, 2), (21, 2), (22, 2), (23, 2), (24, 2), (25, 2), (25, 3), (26, 3), (27, 3), (27, 2), (27, 1), (27, 1)], 1: [(31, 13), (31, 14), (30, 14), (29, 14), (29, 13), (29, 12), (29, 11), (29, 10), (29, 9), (29, 8), (29, 7), (28, 7), (28, 6), (27, 6), (27, 6)], 2: [(18, 13), (17, 13), (17, 12), (17, 11), (18, 11), (18, 10), (18, 9), (18, 8), (18, 7), (18, 6), (19, 6), (20, 6), (21, 6), (22, 6), (23, 6), (23, 5), (24, 5), (25, 5), (25, 4), (26, 4), (27, 4), (28, 4), (29, 4), (30, 4), (30, 3), (30, 2), (30, 3), (30, 3)], 3: [(9, 31), (9, 30), (10, 30), (10, 29), (10, 28), (9, 28), (9, 27), (8, 27), (8, 26), (8, 25), (8, 24), (8, 23), (8, 22), (8, 21), (7, 21), (6, 21), (5, 21), (5, 20), (5, 19), (4, 19), (4, 18), (4, 17), (4, 16), (5, 16), (6, 16), (7, 16), (8, 16), (9, 16), (10, 16), (11, 16), (12, 16), (12, 15), (12, 14), (12, 13), (12, 12), (12, 11), (11, 11), (11, 10), (10, 10), (9, 10), (8, 10), (7, 10), (6, 10), (5, 10), (5, 11), (5, 11)], 4: [(27, 3), (27, 4), (27, 5), (27, 6), (27, 7), (27, 8), (27, 9), (27, 10), (26, 10), (26, 11), (25, 11), (24, 11), (24, 12), (24, 13), (24, 14), (23, 14), (23, 15), (22, 15), (21, 15), (21, 16), (20, 16), (19, 16), (19, 17), (19, 18), (19, 19), (20, 19), (20, 20), (20, 21), (20, 22), (19, 22), (18, 22), (18, 23), (18, 24), (17, 24), (16, 24), (15, 24), (14, 24), (13, 24), (12, 24), (11, 24), (10, 24), (9, 24), (8, 24), (7, 24), (7, 23), (7, 22), (7, 22)]}, 45)