

CBSS-C STATS
starts:[767, 934, 170, 377, 926]
targets:[349, 202, 327, 442, 929, 991, 13, 682, 545, 567, 854, 976, 671, 421, 970, 174, 699, 665, 178, 478, 800, 791, 507, 884, 74, 962, 583, 356, 999, 24, 39, 932, 993, 826, 841, 967, 915, 1014, 422, 160, 266, 362, 594, 334, 104, 463, 393, 188, 283, 219]
dests:[528, 524, 242, 839, 648]
ac_dict:{349: {0, 1}, 202: {1, 2}, 327: {2, 3}, 442: {3, 4}, 528: {0}, 524: {1}, 242: {2}, 839: {3}, 648: {4}}
clusters:[21  7  0 18 27 19 25  5 15 11  3 14 29  1  4  2  5  8  9 22 10 18  4 16
 28  9 11 17 26  8 19  6 12 17  2  3  6 15 13  0 16 12 20  1 13 23  7 24
 10 14]

round: 10
best_g_value: 203.0
open_list_size: 9
num_low_level_expanded: 1626
search_success: 1
search_time: 112.60089695200077
n_tsp_call: 35
n_tsp_time: 112.03673233700192
n_roots: 1
num_conflicts: 9
target_assignment: {671: 0, 478: 0, 349: 0, 188: 0, 219: 0, 283: 0, 463: 0, 826: 4, 665: 4, 202: 2, 266: 2, 362: 2, 327: 2, 39: 2, 74: 2, 13: 2, 174: 2, 178: 2, 442: 3, 507: 3, 567: 3, 594: 3, 682: 3, 999: 1, 967: 1, 932: 1, 929: 1, 545: 1, 421: 1, 422: 1}
cluster_target_selection: {29: 671, 22: 478, 21: 349, 24: 188, 14: 219, 10: 283, 23: 463, 17: 826, 8: 665, 7: 202, 16: 266, 12: 362, 0: 327, 19: 39, 28: 74, 25: 13, 2: 174, 9: 178, 18: 442, 4: 507, 11: 567, 20: 594, 5: 682, 26: 999, 3: 967, 6: 932, 27: 929, 15: 545, 1: 421, 13: 422}
num_nodes_transformed_graph: 122
agent_paths:({0: [(31, 23), (31, 22), (30, 22), (29, 22), (29, 21), (29, 20), (30, 20), (31, 20), (30, 20), (30, 19), (30, 18), (30, 17), (30, 16), (30, 15), (30, 14), (29, 14), (29, 13), (29, 12), (29, 11), (29, 10), (28, 10), (28, 9), (28, 8), (28, 7), (28, 6), (28, 5), (27, 5), (27, 6), (27, 7), (27, 8), (27, 9), (27, 10), (26, 10), (25, 10), (24, 10), (23, 10), (22, 10), (21, 10), (20, 10), (19, 10), (18, 10), (18, 11), (17, 11), (16, 11), (15, 11), (15, 12), (15, 13), (15, 14), (16, 14), (16, 15), (16, 16), (16, 16)], 1: [(6, 29), (7, 29), (7, 30), (7, 31), (7, 30), (6, 30), (5, 30), (5, 29), (4, 29), (3, 29), (2, 29), (1, 29), (1, 28), (1, 27), (2, 27), (2, 26), (2, 25), (2, 24), (2, 23), (2, 22), (2, 21), (2, 20), (2, 19), (2, 18), (2, 17), (1, 17), (1, 16), (1, 15), (1, 14), (1, 13), (2, 13), (3, 13), (4, 13), (5, 13), (6, 13), (6, 14), (6, 15), (7, 15), (7, 16), (8, 16), (9, 16), (10, 16), (11, 16), (12, 16), (12, 16)], 2: [(10, 5), (10, 6), (10, 7), (10, 8), (10, 9), (10, 10), (10, 11), (9, 11), (9, 10), (8, 10), (7, 10), (7, 9), (7, 8), (7, 7), (7, 6), (7, 5), (7, 4), (7, 3), (6, 3), (6, 2), (6, 1), (7, 1), (8, 1), (9, 1), (10, 1), (10, 2), (10, 1), (10, 0), (11, 0), (12, 0), (13, 0), (14, 0), (14, 1), (14, 2), (14, 3), (14, 4), (14, 5), (15, 5), (16, 5), (17, 5), (18, 5), (18, 6), (18, 7), (18, 7)], 3: [(25, 11), (26, 11), (26, 12), (26, 13), (27, 13), (27, 14), (27, 15), (26, 15), (25, 15), (24, 15), (23, 15), (23, 16), (23, 17), (22, 17), (21, 17), (20, 17), (19, 17), (18, 17), (18, 18), (18, 19), (17, 19), (16, 19), (15, 19), (14, 19), (13, 19), (12, 19), (11, 19), (10, 19), (10, 20), (10, 21), (9, 21), (8, 21), (7, 21), (7, 22), (7, 23), (7, 24), (7, 25), (7, 26), (7, 26)], 4: [(30, 28), (29, 28), (28, 28), (27, 28), (26, 28), (26, 27), (26, 26), (26, 25), (26, 24), (26, 23), (26, 22), (26, 21), (25, 21), (25, 20), (24, 20), (23, 20), (22, 20), (21, 20), (20, 20), (19, 20), (18, 20), (17, 20), (16, 20), (15, 20), (14, 20), (13, 20), (12, 20), (11, 20), (11, 20), (10, 20), (9, 20), (8, 20), (8, 20)]}, 50)