

CBSS-C STATS
starts:[225, 620, 4, 751, 539]
targets:[1022, 795, 766, 770, 693, 987, 523, 912, 884, 744, 923, 10, 158, 646, 978, 191, 377, 643, 346, 371, 654, 535, 104, 668, 398, 635, 399, 768, 88, 201, 701, 686, 157, 486, 1000, 479, 522, 855, 308, 988, 677, 462, 670, 394, 459, 608, 719, 807, 97, 788]
dests:[301, 254, 619, 489, 732]
ac_dict:{1022: {0, 1}, 795: {1, 2}, 766: {2, 3}, 770: {3, 4}, 301: {0}, 254: {1}, 619: {2}, 489: {3}, 732: {4}}
clusters:[18 10 25  0 29 30 21  7  7 22 31  5 14 39 24 36 33 32  6 13 19  2  3 27
 16 23 20 26 15  3  2  5  9  4  9  1 34  1  0 37  4 38  8  8 17 12  6 28
 35 11]

round: 1
best_g_value: 237.0
open_list_size: 0
num_low_level_expanded: 502
search_success: 1
search_time: 10.303106501998627
n_tsp_call: 1
n_tsp_time: 10.239410310001404
n_roots: 1
num_conflicts: 0
target_assignment: {97: 0, 104: 0, 635: 4, 668: 4, 788: 3, 855: 3, 766: 3, 701: 3, 693: 3, 371: 3, 399: 3, 398: 3, 462: 3, 459: 3, 744: 3, 807: 3, 770: 3, 768: 3, 608: 3, 643: 3, 677: 3, 646: 3, 654: 1, 686: 1, 719: 1, 912: 1, 978: 1, 988: 1, 1022: 1, 987: 1, 923: 1, 795: 1, 377: 1, 88: 1, 157: 1, 158: 1, 191: 1, 394: 2, 522: 2, 523: 2}
cluster_target_selection: {35: 97, 3: 104, 23: 635, 27: 668, 11: 788, 1: 855, 25: 766, 2: 701, 29: 693, 13: 371, 20: 399, 16: 398, 38: 462, 17: 459, 22: 744, 28: 807, 0: 770, 26: 768, 12: 608, 32: 643, 4: 677, 39: 646, 19: 654, 5: 686, 6: 719, 7: 912, 24: 978, 37: 988, 18: 1022, 30: 987, 31: 923, 10: 795, 33: 377, 15: 88, 9: 157, 14: 158, 36: 191, 8: 394, 34: 522, 21: 523}
num_nodes_transformed_graph: 126
agent_paths:({0: [(1, 7), (1, 6), (1, 5), (1, 4), (1, 3), (2, 3), (3, 3), (4, 3), (5, 3), (6, 3), (7, 3), (8, 3), (9, 3), (10, 3), (11, 3), (12, 3), (13, 3), (13, 4), (13, 5), (13, 6), (13, 7), (13, 8), (13, 9), (13, 9)], 1: [(12, 19), (13, 19), (14, 19), (14, 20), (14, 21), (15, 21), (15, 22), (16, 22), (16, 23), (16, 24), (16, 25), (16, 26), (16, 27), (16, 28), (17, 28), (18, 28), (18, 29), (18, 30), (19, 30), (20, 30), (21, 30), (22, 30), (23, 30), (24, 30), (25, 30), (26, 30), (27, 30), (28, 30), (29, 30), (30, 30), (30, 31), (29, 31), (28, 31), (27, 31), (27, 30), (27, 29), (27, 28), (27, 27), (27, 26), (27, 25), (27, 24), (26, 24), (26, 23), (26, 22), (26, 21), (25, 21), (25, 20), (25, 19), (25, 18), (25, 17), (25, 16), (25, 15), (25, 14), (25, 13), (25, 12), (25, 11), (25, 10), (25, 9), (25, 8), (25, 7), (25, 6), (25, 5), (25, 4), (25, 3), (24, 3), (24, 2), (25, 2), (25, 3), (26, 3), (27, 3), (28, 3), (28, 4), (29, 4), (30, 4), (31, 4), (31, 5), (30, 5), (30, 6), (30, 7), (30, 7)], 2: [(4, 0), (5, 0), (6, 0), (6, 1), (7, 1), (8, 1), (9, 1), (10, 1), (10, 2), (10, 3), (10, 4), (10, 5), (10, 6), (10, 7), (10, 8), (10, 9), (10, 10), (10, 11), (10, 12), (10, 13), (10, 14), (10, 15), (10, 16), (11, 16), (11, 17), (11, 18), (11, 19), (11, 19)], 3: [(15, 23), (16, 23), (17, 23), (18, 23), (19, 23), (19, 24), (20, 24), (20, 25), (21, 25), (22, 25), (23, 25), (23, 26), (23, 25), (23, 24), (24, 24), (25, 24), (26, 24), (27, 24), (28, 24), (29, 24), (29, 23), (30, 23), (29, 23), (29, 22), (29, 21), (28, 21), (27, 21), (26, 21), (25, 21), (24, 21), (23, 21), (22, 21), (21, 21), (20, 21), (19, 21), (19, 20), (19, 19), (19, 18), (19, 17), (19, 16), (19, 15), (19, 14), (19, 13), (19, 12), (19, 11), (18, 11), (17, 11), (16, 11), (15, 11), (15, 12), (14, 12), (14, 13), (14, 14), (13, 14), (12, 14), (11, 14), (10, 14), (9, 14), (9, 15), (9, 16), (8, 16), (8, 17), (8, 18), (8, 19), (8, 20), (8, 21), (8, 22), (8, 23), (7, 23), (7, 24), (7, 25), (6, 25), (5, 25), (4, 25), (3, 25), (2, 25), (2, 24), (1, 24), (0, 24), (0, 23), (1, 23), (1, 22), (1, 21), (0, 21), (0, 20), (0, 19), (1, 19), (2, 19), (2, 20), (3, 20), (3, 21), (3, 22), (4, 22), (5, 22), (5, 21), (5, 20), (6, 20), (6, 19), (7, 19), (7, 18), (7, 17), (7, 16), (8, 16), (9, 16), (9, 15), (9, 15)], 4: [(27, 16), (27, 17), (27, 18), (27, 19), (27, 20), (28, 20), (28, 21), (28, 22), (28, 22)]}, 104)