

CBSS-C STATS
starts:[89, 797]
targets:[313, 561, 219, 177, 398, 914, 204, 426, 907, 546, 785, 670, 24, 557, 345, 492, 471, 955, 1003, 643, 990, 185, 791, 482, 805, 505, 528, 527, 14, 325, 51, 552, 25, 808, 1019, 1004, 771, 679, 458, 574, 513, 401, 41, 308, 191, 1008, 1009, 402, 654, 159, 10, 737, 923, 195, 651, 312, 866, 52, 97, 618, 839, 807, 1018, 376, 317, 469, 879, 366, 790, 996, 548, 921, 510, 535, 515, 147, 607, 242, 157, 948, 972, 723, 240, 677, 962, 243, 850, 855, 826, 30, 190, 394, 669, 710, 922, 13, 538, 161, 930, 148]
dests:[93, 878]
ac_dict:{313: {0, 1}, 93: {0}, 878: {1}}
clusters:[34 10  9  4  4 25 10 30 25 31  7 12  0 13 32 28 19  3 18 25  6 38  3  2
 14  6 20 33 27  5 32 25 26 15  8 30 23 22 17  2 22 36  2  1 17 31 36  3
 18  3 32  3 29  2 38  2 38 23 14 12 11 32 31 17 35 11  7 23 17  5 17  3
 28 17  2 39 16 28 24 30 21 18 24 37 39  2 14 35 19 15 16 16 28 38 24 26
 29 22 30  8]

round: 1
best_g_value: 438.0
open_list_size: 0
num_low_level_expanded: 323
search_success: 1
search_time: 9.18565414200566
n_tsp_call: 1
n_tsp_time: 9.071007181999448
n_roots: 1
num_conflicts: 0
target_assignment: {24: 0, 52: 0, 148: 0, 147: 0, 308: 0, 243: 0, 242: 0, 177: 0, 14: 0, 13: 0, 204: 0, 325: 0, 677: 0, 679: 0, 618: 0, 557: 0, 527: 0, 528: 0, 469: 0, 471: 0, 505: 0, 376: 0, 345: 0, 313: 0, 185: 0, 219: 0, 190: 0, 30: 0, 923: 1, 922: 1, 921: 1, 855: 1, 850: 1, 914: 1, 1009: 1, 1008: 1, 1003: 1, 1004: 1, 972: 1, 879: 1}
cluster_target_selection: {0: 24, 23: 52, 8: 148, 39: 147, 1: 308, 2: 243, 28: 242, 4: 177, 27: 14, 26: 13, 10: 204, 5: 325, 37: 677, 22: 679, 12: 618, 13: 557, 33: 527, 20: 528, 11: 469, 19: 471, 6: 505, 17: 376, 32: 345, 34: 313, 38: 185, 9: 219, 16: 190, 15: 30, 29: 923, 24: 922, 3: 921, 35: 855, 14: 850, 25: 914, 36: 1009, 31: 1008, 18: 1003, 30: 1004, 21: 972, 7: 879}
num_nodes_transformed_graph: 104
agent_paths:({0: [(25, 2), (24, 2), (24, 1), (24, 0), (23, 0), (22, 0), (21, 0), (20, 0), (20, 1), (20, 2), (20, 3), (20, 4), (19, 4), (19, 5), (19, 6), (20, 6), (20, 7), (20, 8), (20, 9), (20, 8), (20, 7), (19, 7), (18, 7), (17, 7), (17, 6), (17, 5), (16, 5), (15, 5), (14, 5), (14, 4), (14, 3), (14, 2), (14, 1), (14, 0), (13, 0), (12, 0), (12, 1), (12, 2), (12, 3), (12, 4), (12, 5), (12, 6), (11, 6), (10, 6), (9, 6), (8, 6), (7, 6), (7, 7), (6, 7), (5, 7), (5, 8), (5, 9), (5, 10), (5, 11), (4, 11), (4, 12), (4, 13), (5, 13), (5, 14), (5, 15), (5, 16), (5, 17), (5, 18), (5, 19), (5, 20), (5, 21), (6, 21), (7, 21), (7, 20), (7, 19), (8, 19), (9, 19), (10, 19), (10, 18), (10, 17), (11, 17), (12, 17), (13, 17), (13, 16), (14, 16), (15, 16), (16, 16), (16, 15), (16, 14), (17, 14), (18, 14), (19, 14), (20, 14), (21, 14), (22, 14), (23, 14), (24, 14), (25, 14), (25, 15), (24, 15), (24, 14), (24, 13), (24, 12), (24, 11), (24, 10), (25, 10), (25, 9), (25, 8), (25, 7), (25, 6), (25, 5), (26, 5), (27, 5), (27, 6), (27, 5), (28, 5), (29, 5), (30, 5), (30, 4), (30, 3), (30, 2), (30, 1), (30, 0), (29, 0), (29, 1), (29, 2), (29, 2)], 1: [(29, 24), (28, 24), (27, 24), (27, 25), (27, 26), (27, 27), (27, 28), (26, 28), (25, 28), (24, 28), (23, 28), (23, 27), (23, 26), (22, 26), (22, 25), (21, 25), (20, 25), (19, 25), (18, 25), (18, 26), (18, 27), (18, 28), (17, 28), (17, 29), (17, 30), (17, 31), (16, 31), (15, 31), (14, 31), (13, 31), (12, 31), (11, 31), (12, 31), (12, 30), (12, 29), (12, 28), (12, 27), (13, 27), (14, 27), (15, 27), (14, 27), (14, 27)]}, 120)