

CBSS-C STATS
starts:[153, 336, 891, 959, 199]
targets:[602, 403, 370, 746, 806, 716, 884, 958, 491, 236]
dests:[545, 322, 398, 749, 856]
ac_dict:{602: {0, 1}, 403: {1, 2}, 370: {2, 3}, 746: {3, 4}, 545: {0}, 322: {1}, 398: {2}, 749: {3}, 856: {4}}
clusters:[1 1 0 0 0 1 0 0 1 1]

round: 2
best_g_value: 140.0
open_list_size: 1
num_low_level_expanded: 1141
search_success: 1
search_time: 0.09548656502738595
n_tsp_call: 1
n_tsp_time: 0.0643150438554585
n_roots: 1
num_conflicts: 1
target_assignment: {491: 0, 884: 2}
cluster_target_selection: {1: 491, 0: 884}
num_nodes_transformed_graph: 29
agent_paths:({0: [(25, 4), (25, 5), (24, 5), (23, 5), (23, 6), (22, 6), (21, 6), (20, 6), (19, 6), (18, 6), (18, 7), (17, 7), (16, 7), (15, 7), (14, 7), (13, 7), (13, 8), (13, 9), (13, 10), (12, 10), (12, 11), (12, 12), (12, 13), (12, 14), (11, 14), (11, 15), (10, 15), (9, 15), (9, 16), (8, 16), (7, 16), (6, 16), (5, 16), (4, 16), (3, 16), (2, 16), (1, 16), (1, 17), (1, 17)], 1: [(16, 10), (15, 10), (14, 10), (13, 10), (12, 10), (11, 10), (10, 10), (9, 10), (8, 10), (7, 10), (6, 10), (5, 10), (4, 10), (3, 10), (2, 10), (2, 10)], 2: [(27, 27), (26, 27), (25, 27), (24, 27), (23, 27), (22, 27), (21, 27), (20, 27), (19, 27), (18, 27), (17, 27), (16, 27), (15, 27), (15, 26), (15, 25), (15, 24), (15, 23), (15, 22), (15, 21), (14, 21), (14, 20), (14, 19), (14, 18), (14, 17), (14, 16), (14, 15), (14, 14), (14, 13), (14, 12), (14, 12)], 3: [(31, 29), (30, 29), (29, 29), (28, 29), (27, 29), (26, 29), (25, 29), (24, 29), (23, 29), (23, 28), (23, 27), (22, 27), (21, 27), (20, 27), (19, 27), (18, 27), (17, 27), (16, 27), (15, 27), (14, 27), (13, 27), (13, 26), (13, 25), (13, 24), (13, 23), (13, 23)], 4: [(7, 6), (8, 6), (9, 6), (10, 6), (11, 6), (12, 6), (13, 6), (14, 6), (15, 6), (16, 6), (17, 6), (18, 6), (19, 6), (20, 6), (21, 6), (22, 6), (22, 7), (22, 8), (23, 8), (24, 8), (24, 9), (24, 10), (24, 11), (24, 12), (24, 13), (24, 14), (24, 15), (24, 16), (24, 17), (24, 18), (24, 19), (24, 20), (24, 21), (24, 22), (24, 23), (24, 24), (24, 25), (24, 26), (24, 26)]}, 37)