

CBSS-C STATS
starts:[661, 581, 150, 993, 632]
targets:[368, 569, 59, 460, 473, 188, 580, 490, 613, 445, 966, 6, 435, 340, 597, 849, 675, 481, 317, 700]
dests:[371, 118, 515, 441, 641]
ac_dict:{368: {0, 1}, 569: {1, 2}, 59: {2, 3}, 460: {3, 4}, 371: {0}, 118: {1}, 515: {2}, 441: {3}, 641: {4}}
clusters:[4 2 4 5 7 6 8 2 1 9 4 4 7 7 2 0 8 0 3 1]

round: 1
best_g_value: 160.0
open_list_size: 0
num_low_level_expanded: 384
search_success: 1
search_time: 1.7977248327806592
n_tsp_call: 1
n_tsp_time: 1.7634321288205683
n_roots: 1
num_conflicts: 0
target_assignment: {188: 2, 317: 2, 445: 2, 481: 3, 490: 3, 460: 3, 473: 3, 613: 4, 580: 4, 368: 1}
cluster_target_selection: {6: 188, 3: 317, 9: 445, 0: 481, 2: 490, 5: 460, 7: 473, 1: 613, 8: 580, 4: 368}
num_nodes_transformed_graph: 98
agent_paths:({0: [(21, 20), (20, 20), (19, 20), (19, 19), (19, 18), (19, 17), (19, 16), (19, 15), (19, 14), (19, 13), (19, 12), (19, 11), (19, 11)], 1: [(5, 18), (5, 17), (5, 16), (6, 16), (7, 16), (8, 16), (9, 16), (9, 15), (9, 14), (10, 14), (11, 14), (12, 14), (12, 13), (13, 13), (14, 13), (14, 12), (14, 11), (15, 11), (16, 11), (16, 10), (16, 9), (16, 8), (16, 7), (16, 6), (16, 5), (16, 4), (16, 3), (17, 3), (18, 3), (19, 3), (20, 3), (21, 3), (22, 3), (22, 3)], 2: [(22, 4), (23, 4), (23, 5), (24, 5), (25, 5), (26, 5), (27, 5), (28, 5), (29, 5), (29, 6), (29, 7), (29, 8), (29, 9), (29, 10), (29, 11), (29, 12), (29, 13), (28, 13), (27, 13), (26, 13), (25, 13), (24, 13), (23, 13), (22, 13), (21, 13), (20, 13), (19, 13), (18, 13), (17, 13), (16, 13), (15, 13), (14, 13), (13, 13), (12, 13), (12, 14), (11, 14), (10, 14), (9, 14), (9, 15), (9, 16), (8, 16), (7, 16), (6, 16), (5, 16), (4, 16), (3, 16), (3, 16)], 3: [(1, 31), (1, 30), (1, 29), (1, 28), (1, 27), (2, 27), (2, 26), (2, 25), (2, 24), (2, 23), (2, 22), (2, 21), (2, 20), (2, 19), (2, 18), (2, 17), (1, 17), (1, 16), (1, 15), (2, 15), (3, 15), (4, 15), (5, 15), (6, 15), (7, 15), (7, 16), (8, 16), (9, 16), (9, 15), (10, 15), (10, 14), (11, 14), (12, 14), (13, 14), (14, 14), (15, 14), (16, 14), (17, 14), (18, 14), (19, 14), (20, 14), (21, 14), (22, 14), (23, 14), (24, 14), (25, 14), (25, 13), (25, 13)], 4: [(24, 19), (23, 19), (22, 19), (21, 19), (20, 19), (19, 19), (18, 19), (17, 19), (16, 19), (15, 19), (14, 19), (13, 19), (12, 19), (11, 19), (10, 19), (9, 19), (8, 19), (7, 19), (6, 19), (5, 19), (4, 19), (4, 18), (3, 18), (2, 18), (2, 19), (1, 19), (1, 20), (1, 20)]}, 46)