

CBSS-C STATS
starts:[2, 905, 720, 87, 993]
targets:[862, 589, 114, 949, 627, 86, 814, 823, 398, 935, 369, 586, 926, 873, 193, 363, 552, 242, 449, 641, 132, 640, 130, 716, 733, 682, 954, 649, 273, 27, 238, 763, 663, 588, 571, 520, 41, 734, 535, 463, 185, 931, 671, 998, 933, 390, 29, 564, 745, 979]
dests:[851, 567, 317, 824, 533]
ac_dict:{862: {0, 1}, 589: {1, 2}, 114: {2, 3}, 949: {3, 4}, 851: {0}, 567: {1}, 317: {2}, 824: {3}, 533: {4}}
clusters:[10 22 28 27  3 10 20 15  1 16  9  0 23  2 15  8 11 17 18  4 16  5 11 13
 26 29  6 12  8  7 19 14  4 17 13 12 19 21  1  7 14  2  6  5  3  9 25  0
 18 24]

round: 5
best_g_value: 221.0
open_list_size: 4
num_low_level_expanded: 1838
search_success: 1
search_time: 84.14545176399952
n_tsp_call: 35
n_tsp_time: 83.57235008800126
n_roots: 1
num_conflicts: 4
target_assignment: {130: 0, 238: 0, 369: 0, 931: 4, 933: 4, 998: 4, 935: 4, 814: 4, 663: 4, 535: 4, 273: 2, 242: 2, 114: 2, 27: 2, 29: 2, 86: 3, 185: 3, 571: 3, 733: 3, 734: 3, 926: 3, 954: 3, 949: 3, 979: 3, 823: 3, 745: 1, 682: 1, 649: 1, 589: 1, 564: 1}
cluster_target_selection: {11: 130, 19: 238, 9: 369, 2: 931, 3: 933, 5: 998, 16: 935, 20: 814, 4: 663, 1: 535, 8: 273, 17: 242, 28: 114, 7: 27, 25: 29, 10: 86, 14: 185, 13: 571, 26: 733, 21: 734, 23: 926, 6: 954, 27: 949, 24: 979, 15: 823, 18: 745, 29: 682, 12: 649, 22: 589, 0: 564}
num_nodes_transformed_graph: 128
agent_paths:({0: [(2, 0), (2, 1), (2, 2), (2, 3), (2, 4), (3, 4), (4, 4), (5, 4), (6, 4), (7, 4), (8, 4), (9, 4), (10, 4), (11, 4), (12, 4), (13, 4), (14, 4), (14, 5), (14, 6), (14, 7), (15, 7), (16, 7), (16, 8), (16, 9), (16, 10), (16, 11), (17, 11), (18, 11), (19, 11), (19, 12), (19, 13), (19, 14), (19, 15), (19, 16), (19, 17), (19, 18), (19, 19), (19, 20), (19, 21), (19, 22), (19, 23), (19, 24), (19, 25), (19, 26), (19, 26)], 1: [(9, 28), (9, 27), (9, 26), (9, 25), (9, 24), (9, 23), (9, 22), (9, 21), (10, 21), (9, 21), (9, 20), (9, 19), (9, 18), (10, 18), (11, 18), (12, 18), (13, 18), (13, 17), (14, 17), (15, 17), (16, 17), (17, 17), (18, 17), (19, 17), (20, 17), (21, 17), (22, 17), (23, 17), (23, 17)], 2: [(16, 22), (16, 21), (16, 20), (16, 19), (16, 18), (16, 17), (16, 16), (16, 15), (16, 14), (16, 13), (16, 12), (16, 11), (16, 10), (16, 9), (16, 8), (17, 8), (17, 7), (18, 7), (18, 6), (18, 5), (18, 4), (18, 3), (19, 3), (20, 3), (21, 3), (22, 3), (23, 3), (24, 3), (25, 3), (26, 3), (27, 3), (27, 2), (27, 1), (27, 0), (28, 0), (29, 0), (29, 1), (29, 2), (28, 2), (28, 3), (28, 4), (29, 4), (29, 5), (29, 6), (29, 7), (29, 8), (29, 9), (29, 9)], 3: [(23, 2), (22, 2), (23, 2), (24, 2), (25, 2), (25, 3), (25, 4), (25, 5), (25, 6), (25, 7), (25, 8), (25, 9), (25, 10), (26, 10), (26, 11), (26, 12), (26, 13), (27, 13), (27, 14), (27, 15), (27, 16), (27, 17), (27, 18), (28, 18), (29, 18), (29, 19), (29, 20), (29, 21), (29, 22), (30, 22), (30, 23), (30, 24), (30, 25), (30, 26), (30, 27), (30, 28), (29, 28), (28, 28), (27, 28), (26, 28), (26, 29), (25, 29), (24, 29), (23, 29), (23, 30), (22, 30), (21, 30), (21, 29), (20, 29), (19, 29), (19, 30), (19, 29), (19, 28), (19, 27), (20, 27), (20, 26), (20, 25), (21, 25), (22, 25), (23, 25), (24, 25), (24, 25)], 4: [(1, 31), (1, 30), (1, 29), (2, 29), (3, 29), (4, 29), (5, 29), (6, 29), (6, 30), (6, 31), (6, 30), (6, 29), (7, 29), (7, 28), (8, 28), (8, 27), (8, 26), (8, 25), (9, 25), (10, 25), (11, 25), (12, 25), (13, 25), (14, 25), (14, 24), (14, 23), (15, 23), (15, 22), (15, 21), (15, 20), (16, 20), (17, 20), (18, 20), (19, 20), (20, 20), (21, 20), (22, 20), (23, 20), (23, 19), (23, 18), (22, 18), (22, 17), (22, 16), (23, 16), (22, 16), (21, 16), (21, 16)]}, 60)