

CBSS-C STATS
starts:[781, 814, 977, 538, 1022]
targets:[506, 478, 568, 3, 244, 841, 592, 613, 802, 47, 493, 660, 755, 174, 817, 984, 787, 496, 992, 806, 955, 744, 263, 915, 33, 114, 875, 387, 485, 892, 361, 610, 606, 1016, 502, 575, 357, 323, 916, 913]
dests:[983, 925, 859, 329, 667]
ac_dict:{506: {0, 1}, 478: {1, 2}, 568: {2, 3}, 3: {3, 4}, 983: {0}, 925: {1}, 859: {2}, 329: {3}, 667: {4}}
clusters:[ 1  0 14  1  2  5  6 10  8 16  3 14  3  8 15 11 18  0  9 21  4 24  2  9
  6 17 12 20 22  7 11  4 13 19 10 13 12  5  7 23]

round: 1
best_g_value: 173.0
open_list_size: 0
num_low_level_expanded: 357
search_success: 1
search_time: 4.775467310000295
n_tsp_call: 1
n_tsp_time: 4.732638288000089
n_roots: 1
num_conflicts: 0
target_assignment: {744: 0, 806: 0, 841: 0, 913: 0, 915: 0, 916: 0, 817: 1, 787: 1, 755: 1, 502: 1, 506: 1, 606: 1, 568: 3, 592: 3, 496: 3, 114: 3, 47: 3, 174: 3, 263: 3, 485: 3, 387: 3, 357: 3, 984: 2, 1016: 2, 955: 2}
cluster_target_selection: {24: 744, 21: 806, 5: 841, 23: 913, 9: 915, 7: 916, 15: 817, 18: 787, 3: 755, 10: 502, 1: 506, 13: 606, 14: 568, 6: 592, 0: 496, 17: 114, 16: 47, 8: 174, 2: 263, 22: 485, 20: 387, 12: 357, 11: 984, 19: 1016, 4: 955}
num_nodes_transformed_graph: 103
agent_paths:({0: [(13, 24), (12, 24), (11, 24), (10, 24), (9, 24), (8, 24), (8, 23), (7, 23), (7, 24), (7, 25), (6, 25), (7, 25), (8, 25), (9, 25), (9, 26), (10, 26), (11, 26), (12, 26), (13, 26), (13, 27), (14, 27), (15, 27), (16, 27), (17, 27), (17, 28), (18, 28), (19, 28), (20, 28), (20, 29), (21, 29), (21, 30), (22, 30), (23, 30), (23, 30)], 1: [(14, 25), (15, 25), (16, 25), (17, 25), (17, 24), (18, 24), (19, 24), (19, 23), (19, 22), (19, 21), (19, 20), (19, 19), (19, 18), (19, 17), (19, 16), (20, 16), (21, 16), (21, 15), (22, 15), (23, 15), (24, 15), (25, 15), (26, 15), (27, 15), (28, 15), (29, 15), (30, 15), (30, 16), (30, 17), (30, 18), (29, 18), (29, 19), (29, 20), (29, 21), (29, 22), (29, 23), (29, 24), (29, 25), (29, 26), (29, 27), (29, 28), (29, 28)], 2: [(17, 30), (18, 30), (19, 30), (20, 30), (21, 30), (22, 30), (23, 30), (24, 30), (24, 31), (24, 30), (24, 29), (25, 29), (26, 29), (27, 29), (27, 28), (27, 27), (27, 26), (27, 26)], 3: [(26, 16), (25, 16), (24, 16), (24, 17), (23, 17), (22, 17), (21, 17), (20, 17), (19, 17), (18, 17), (17, 17), (16, 17), (16, 18), (16, 17), (16, 16), (16, 15), (16, 14), (16, 13), (16, 12), (16, 11), (16, 10), (16, 9), (16, 8), (16, 7), (16, 6), (16, 5), (16, 4), (16, 3), (17, 3), (18, 3), (17, 3), (16, 3), (16, 2), (16, 1), (15, 1), (14, 1), (14, 2), (14, 3), (14, 4), (14, 5), (13, 5), (12, 5), (11, 5), (10, 5), (10, 6), (9, 6), (8, 6), (7, 6), (7, 7), (7, 8), (7, 9), (6, 9), (6, 10), (6, 11), (6, 12), (6, 13), (5, 13), (5, 14), (5, 15), (4, 15), (3, 15), (3, 14), (3, 13), (3, 12), (3, 11), (4, 11), (5, 11), (5, 10), (6, 10), (7, 10), (8, 10), (9, 10), (9, 10)], 4: [(30, 31), (29, 31), (28, 31), (27, 31), (27, 30), (27, 29), (27, 28), (27, 27), (27, 26), (27, 25), (27, 24), (27, 23), (27, 22), (27, 21), (27, 20), (27, 20)]}, 71)