

CBSS-C STATS
starts:[276, 159, 251, 765, 793]
targets:[696, 987, 179, 847, 909, 14, 657, 130, 228, 244, 873, 802, 193, 480, 75, 910, 730, 832, 816, 459]
dests:[254, 381, 526, 967, 830]
ac_dict:{696: {0, 1}, 987: {1, 2}, 179: {2, 3}, 847: {3, 4}, 254: {0}, 381: {1}, 526: {2}, 967: {3}, 830: {4}}
clusters:[4 5 3 2 1 0 9 1 2 4 6 1 4 3 7 5 8 7 3 0]

round: 2
best_g_value: 105.0
open_list_size: 1
num_low_level_expanded: 411
search_success: 1
search_time: 1.4107024217955768
n_tsp_call: 1
n_tsp_time: 1.3793901498429477
n_roots: 1
num_conflicts: 1
target_assignment: {244: 0, 75: 2, 459: 2, 730: 3, 657: 3, 816: 3, 847: 3, 910: 3, 909: 3, 873: 3}
cluster_target_selection: {4: 244, 7: 75, 0: 459, 8: 730, 9: 657, 3: 816, 2: 847, 5: 910, 1: 909, 6: 873}
num_nodes_transformed_graph: 98
agent_paths:({0: [(20, 8), (20, 7), (21, 7), (22, 7), (22, 8), (23, 8), (24, 8), (25, 8), (25, 7), (26, 7), (27, 7), (28, 7), (29, 7), (30, 7), (30, 7)], 1: [(31, 4), (30, 4), (29, 4), (29, 5), (29, 6), (29, 7), (29, 8), (29, 9), (29, 10), (29, 11), (29, 11)], 2: [(27, 7), (26, 7), (25, 7), (25, 6), (24, 6), (23, 6), (22, 6), (21, 6), (20, 6), (19, 6), (18, 6), (17, 6), (16, 6), (15, 6), (14, 6), (13, 6), (12, 6), (11, 6), (11, 5), (11, 4), (11, 3), (11, 2), (11, 3), (11, 4), (11, 5), (11, 6), (11, 7), (11, 8), (11, 9), (11, 10), (11, 11), (10, 11), (10, 12), (10, 13), (10, 14), (11, 14), (12, 14), (13, 14), (14, 14), (14, 15), (14, 16), (14, 16)], 3: [(29, 23), (29, 22), (28, 22), (27, 22), (26, 22), (26, 21), (25, 21), (24, 21), (23, 21), (22, 21), (21, 21), (20, 21), (19, 21), (18, 21), (17, 21), (17, 20), (16, 20), (16, 21), (16, 22), (16, 23), (16, 24), (16, 25), (15, 25), (15, 26), (15, 27), (14, 27), (14, 28), (13, 28), (12, 28), (11, 28), (10, 28), (9, 28), (9, 27), (8, 27), (8, 28), (7, 28), (7, 29), (7, 30), (7, 30)], 4: [(25, 24), (26, 24), (27, 24), (28, 24), (29, 24), (30, 24), (30, 25), (30, 25)]}, 40)