

CBSS-C STATS
starts:[266, 159, 880, 449, 929]
targets:[418, 412, 331, 770, 319, 517, 168, 928, 439, 791]
dests:[399, 696, 133, 965, 969]
ac_dict:{418: {0, 1}, 412: {1, 2}, 331: {2, 3}, 770: {3, 4}, 399: {0}, 696: {1}, 133: {2}, 965: {3}, 969: {4}}
clusters:[0 0 1 0 1 0 0 0 1 0]

round: 1
best_g_value: 96.0
open_list_size: 0
num_low_level_expanded: 335
search_success: 1
search_time: 0.09558571223169565
n_tsp_call: 1
n_tsp_time: 0.08143466664478183
n_roots: 1
num_conflicts: 0
target_assignment: {331: 2, 770: 3}
cluster_target_selection: {1: 331, 0: 770}
num_nodes_transformed_graph: 29
agent_paths:({0: [(10, 8), (11, 8), (11, 9), (11, 10), (12, 10), (13, 10), (14, 10), (15, 10), (15, 11), (15, 12), (15, 12)], 1: [(31, 4), (30, 4), (29, 4), (28, 4), (27, 4), (26, 4), (25, 4), (25, 5), (25, 6), (25, 7), (25, 8), (24, 8), (24, 9), (24, 10), (24, 11), (24, 12), (24, 13), (24, 14), (24, 15), (24, 16), (24, 17), (24, 18), (24, 19), (24, 20), (24, 21), (24, 21)], 2: [(16, 27), (15, 27), (14, 27), (13, 27), (12, 27), (12, 26), (12, 25), (12, 24), (12, 23), (12, 22), (12, 21), (12, 20), (12, 19), (12, 18), (12, 17), (12, 16), (12, 15), (12, 14), (12, 13), (12, 12), (12, 11), (11, 11), (11, 10), (10, 10), (9, 10), (8, 10), (7, 10), (6, 10), (5, 10), (5, 9), (5, 8), (5, 7), (5, 6), (5, 5), (5, 4), (5, 4)], 3: [(1, 14), (2, 14), (2, 15), (2, 16), (2, 17), (2, 18), (2, 19), (2, 20), (2, 21), (2, 22), (2, 23), (2, 24), (3, 24), (4, 24), (4, 25), (5, 25), (5, 26), (5, 27), (5, 28), (5, 29), (5, 30), (5, 30)], 4: [(1, 29), (2, 29), (3, 29), (4, 29), (5, 29), (6, 29), (7, 29), (8, 29), (8, 30), (9, 30), (9, 30)]}, 34)