

CBSS-C STATS
starts:[327, 186, 87, 711, 353]
targets:[295, 949, 631, 708, 4, 1005, 363, 349, 632, 993]
dests:[800, 379, 830, 221, 41]
ac_dict:{295: {0, 1}, 949: {1, 2}, 631: {2, 3}, 708: {3, 4}, 800: {0}, 379: {1}, 830: {2}, 221: {3}, 41: {4}}
clusters:[1 1 1 1 0 1 1 0 0 1]

round: 1
best_g_value: 115.0
open_list_size: 0
num_low_level_expanded: 447
search_success: 1
search_time: 0.08477562433108687
n_tsp_call: 1
n_tsp_time: 0.06777790002524853
n_roots: 1
num_conflicts: 0
target_assignment: {631: 3, 349: 3}
cluster_target_selection: {1: 631, 0: 349}
num_nodes_transformed_graph: 29
agent_paths:({0: [(7, 10), (6, 10), (5, 10), (4, 10), (3, 10), (2, 10), (2, 11), (2, 12), (2, 13), (2, 14), (2, 15), (2, 16), (2, 17), (2, 18), (2, 19), (1, 19), (1, 20), (1, 21), (1, 22), (1, 23), (0, 23), (0, 24), (0, 25), (0, 25)], 1: [(26, 5), (27, 5), (27, 6), (27, 7), (27, 8), (27, 9), (27, 10), (27, 11), (27, 11)], 2: [(23, 2), (24, 2), (25, 2), (25, 3), (26, 3), (27, 3), (28, 3), (28, 4), (29, 4), (29, 5), (29, 6), (29, 7), (29, 8), (29, 9), (29, 10), (29, 11), (29, 12), (29, 13), (29, 14), (29, 15), (29, 16), (29, 17), (29, 18), (29, 19), (29, 20), (29, 21), (29, 22), (30, 22), (30, 23), (30, 24), (30, 25), (30, 25)], 3: [(7, 22), (7, 21), (7, 20), (7, 19), (8, 19), (9, 19), (10, 19), (11, 19), (12, 19), (13, 19), (14, 19), (15, 19), (16, 19), (17, 19), (18, 19), (19, 19), (20, 19), (21, 19), (22, 19), (23, 19), (23, 18), (23, 17), (23, 16), (23, 15), (23, 14), (23, 13), (23, 12), (23, 11), (23, 10), (24, 10), (25, 10), (26, 10), (27, 10), (28, 10), (29, 10), (29, 9), (29, 8), (29, 7), (29, 6), (29, 6)], 4: [(1, 11), (1, 10), (1, 9), (1, 8), (1, 7), (1, 6), (1, 5), (1, 4), (1, 3), (1, 2), (1, 1), (2, 1), (3, 1), (4, 1), (5, 1), (6, 1), (7, 1), (8, 1), (9, 1), (9, 1)]}, 38)