

CBSS-C STATS
starts:[88, 346, 609, 678, 160]
targets:[19, 193, 466, 459, 683, 174, 374, 472, 24, 947, 449, 482, 246, 37, 230, 981, 293, 624, 584, 578]
dests:[479, 722, 118, 586, 75]
ac_dict:{19: {0, 1}, 193: {1, 2}, 466: {2, 3}, 459: {3, 4}, 479: {0}, 722: {1}, 118: {2}, 586: {3}, 75: {4}}
clusters:[9 4 5 0 0 1 8 2 1 8 1 6 4 7 7 6 0 3 9 6]

round: 2
best_g_value: 111.0
open_list_size: 1
num_low_level_expanded: 421
search_success: 1
search_time: 0.3597206212580204
n_tsp_call: 1
n_tsp_time: 0.33353069284930825
n_roots: 1
num_conflicts: 1
target_assignment: {24: 0, 37: 4, 472: 1, 578: 2, 584: 2, 624: 2, 466: 2, 374: 2, 246: 2, 683: 3}
cluster_target_selection: {1: 24, 7: 37, 2: 472, 6: 578, 9: 584, 3: 624, 5: 466, 8: 374, 4: 246, 0: 683}
num_nodes_transformed_graph: 53
agent_paths:({0: [(24, 2), (24, 1), (24, 0), (24, 1), (24, 2), (25, 2), (25, 3), (26, 3), (27, 3), (28, 3), (28, 4), (29, 4), (29, 5), (29, 6), (29, 7), (29, 8), (29, 9), (29, 10), (29, 11), (29, 12), (29, 13), (29, 14), (30, 14), (31, 14), (31, 14)], 1: [(26, 10), (25, 10), (24, 10), (24, 11), (24, 12), (24, 13), (24, 14), (23, 14), (22, 14), (21, 14), (20, 14), (19, 14), (19, 15), (19, 16), (19, 17), (18, 17), (18, 18), (18, 19), (18, 20), (18, 21), (18, 22), (18, 22)], 2: [(1, 19), (2, 19), (2, 18), (3, 18), (4, 18), (5, 18), (5, 17), (6, 17), (7, 17), (8, 17), (8, 18), (9, 18), (9, 19), (10, 19), (11, 19), (12, 19), (13, 19), (14, 19), (15, 19), (16, 19), (16, 18), (16, 17), (16, 16), (16, 15), (16, 14), (17, 14), (18, 14), (18, 13), (18, 12), (19, 12), (20, 12), (21, 12), (21, 11), (22, 11), (22, 10), (22, 9), (22, 8), (22, 7), (22, 6), (21, 6), (21, 5), (21, 4), (21, 3), (22, 3), (22, 3)], 3: [(6, 21), (7, 21), (8, 21), (9, 21), (10, 21), (11, 21), (10, 21), (10, 20), (10, 19), (10, 18), (10, 18)], 4: [(0, 5), (1, 5), (1, 4), (1, 3), (1, 2), (1, 1), (2, 1), (3, 1), (4, 1), (5, 1), (6, 1), (7, 1), (8, 1), (9, 1), (10, 1), (11, 1), (11, 2), (11, 2)]}, 43)