

CBSS-C STATS
starts:[840, 77, 238, 48, 414, 781, 344, 511, 728, 157]
targets:[454, 339, 251, 790, 598, 720, 492, 628, 948, 547, 335, 709, 747, 51, 600]
dests:[984, 882, 616, 545, 89, 274, 654, 280, 470, 852]
ac_dict:{454: {0, 1}, 339: {1, 2}, 251: {2, 3}, 790: {3, 4}, 598: {4, 5}, 720: {5, 6}, 492: {6, 7}, 628: {8, 7}, 948: {8, 9}, 984: {0}, 882: {1}, 616: {2}, 545: {3}, 89: {4}, 274: {5}, 654: {6}, 280: {7}, 470: {8}, 852: {9}}
clusters:[9 4 3 0 6 0 0 1 2 0 7 2 5 4 8]

round: 5
best_g_value: 272.0
open_list_size: 4
num_low_level_expanded: 2191
search_success: 1
search_time: 0.47990168491378427
n_tsp_call: 1
n_tsp_time: 0.381225842051208
n_roots: 1
num_conflicts: 4
target_assignment: {747: 5, 720: 5, 598: 5, 628: 8, 948: 9, 335: 1, 454: 1, 51: 3, 251: 3, 600: 6}
cluster_target_selection: {5: 747, 0: 720, 6: 598, 1: 628, 2: 948, 7: 335, 9: 454, 4: 51, 3: 251, 8: 600}
num_nodes_transformed_graph: 54
agent_paths:({0: [(8, 26), (9, 26), (10, 26), (11, 26), (12, 26), (13, 26), (13, 27), (14, 27), (15, 27), (16, 27), (17, 27), (18, 27), (19, 27), (20, 27), (21, 27), (22, 27), (23, 27), (24, 27), (24, 28), (24, 29), (24, 30), (24, 30)], 1: [(13, 2), (13, 3), (13, 4), (13, 5), (13, 6), (13, 7), (13, 8), (13, 9), (14, 9), (15, 9), (15, 10), (14, 10), (13, 10), (12, 10), (11, 10), (10, 10), (9, 10), (8, 10), (7, 10), (6, 10), (6, 11), (6, 12), (6, 13), (6, 14), (6, 15), (7, 15), (7, 16), (8, 16), (9, 16), (10, 16), (11, 16), (12, 16), (13, 16), (14, 16), (15, 16), (16, 16), (17, 16), (17, 17), (18, 17), (18, 18), (18, 19), (18, 20), (18, 21), (18, 22), (18, 23), (18, 24), (18, 25), (18, 26), (18, 27), (18, 27)], 2: [(14, 7), (13, 7), (12, 7), (11, 7), (10, 7), (10, 8), (10, 9), (10, 10), (10, 11), (10, 12), (10, 13), (10, 14), (9, 14), (9, 15), (9, 16), (8, 16), (8, 17), (8, 18), (8, 19), (8, 19)], 3: [(16, 1), (17, 1), (18, 1), (19, 1), (20, 1), (20, 2), (21, 2), (22, 2), (23, 2), (24, 2), (25, 2), (25, 3), (26, 3), (27, 3), (27, 4), (27, 5), (27, 6), (27, 7), (26, 7), (25, 7), (25, 8), (25, 9), (24, 9), (23, 9), (22, 9), (21, 9), (20, 9), (19, 9), (18, 9), (17, 9), (16, 9), (15, 9), (14, 9), (13, 9), (13, 10), (12, 10), (11, 10), (10, 10), (9, 10), (8, 10), (7, 10), (6, 10), (5, 10), (4, 10), (3, 10), (2, 10), (1, 10), (1, 11), (1, 12), (1, 13), (1, 14), (1, 15), (1, 16), (1, 17), (1, 17)], 4: [(30, 12), (29, 12), (28, 12), (28, 11), (27, 11), (26, 11), (25, 11), (25, 10), (25, 9), (25, 8), (25, 7), (25, 6), (25, 5), (25, 4), (25, 3), (25, 2), (25, 2)], 5: [(13, 24), (12, 24), (11, 24), (11, 23), (12, 23), (13, 23), (14, 23), (15, 23), (15, 22), (16, 22), (16, 21), (16, 20), (17, 20), (18, 20), (19, 20), (19, 19), (19, 18), (20, 18), (21, 18), (22, 18), (21, 18), (20, 18), (19, 18), (19, 17), (19, 16), (19, 15), (18, 15), (18, 14), (18, 13), (18, 12), (18, 11), (18, 10), (18, 9), (18, 8), (18, 8)], 6: [(24, 10), (24, 11), (24, 12), (24, 13), (24, 14), (24, 15), (24, 16), (24, 17), (24, 18), (23, 18), (22, 18), (21, 18), (20, 18), (19, 18), (18, 18), (18, 19), (17, 19), (16, 19), (15, 19), (14, 19), (14, 20), (14, 20)], 7: [(31, 15), (30, 15), (29, 15), (28, 15), (27, 15), (26, 15), (25, 15), (25, 14), (25, 13), (25, 12), (25, 11), (25, 10), (24, 10), (24, 9), (24, 8), (24, 8)], 8: [(24, 22), (23, 22), (23, 21), (22, 21), (21, 21), (20, 21), (20, 20), (20, 19), (20, 18), (20, 17), (20, 16), (21, 16), (21, 15), (21, 14), (22, 14), (22, 14)], 9: [(29, 4), (28, 4), (27, 4), (26, 4), (25, 4), (25, 5), (25, 6), (25, 7), (25, 8), (24, 8), (24, 9), (24, 10), (24, 11), (24, 12), (24, 13), (24, 14), (24, 15), (24, 16), (24, 17), (24, 18), (24, 19), (24, 20), (24, 21), (24, 22), (24, 23), (24, 24), (23, 24), (22, 24), (22, 25), (21, 25), (20, 25), (20, 26), (20, 27), (20, 28), (20, 29), (20, 28), (20, 27), (20, 26), (20, 26)]}, 53)