

CBSS-C STATS
starts:[602, 700, 295, 589, 426]
targets:[369, 665, 478, 859, 195, 837, 735, 632, 524, 138, 988, 318, 923, 868, 463, 505, 42, 33, 341, 521, 984, 587, 289, 851, 585, 213, 557, 131, 133, 971, 400, 763, 414, 613, 460, 672, 525, 458, 951, 750, 227, 367, 70, 681, 144, 449, 51, 970, 193, 507]
dests:[784, 733, 98, 208, 1013]
ac_dict:{369: {0, 1}, 665: {1, 2}, 478: {2, 3}, 859: {3, 4}, 784: {0}, 733: {1}, 98: {2}, 208: {3}, 1013: {4}}
clusters:[32 36 28 38  2  8 16  1 15 37  6 33 18 24  3  1 17 13 23  9  7 22 14 10
  4  5 19 35  9 21 11 31 25  5  3  2 34  6 27  7  0  4 26 39 29  8 20 30
  0 12]

round: 1
best_g_value: 211.0
open_list_size: 0
num_low_level_expanded: 448
search_success: 1
search_time: 3.708104445000572
n_tsp_call: 1
n_tsp_time: 3.649112288001561
n_roots: 1
num_conflicts: 0
target_assignment: {341: 0, 369: 0, 400: 0, 665: 1, 763: 1, 735: 1, 525: 3, 557: 3, 505: 3, 507: 3, 478: 3, 414: 3, 318: 3, 213: 3, 51: 3, 144: 3, 458: 4, 460: 4, 524: 4, 587: 4, 585: 4, 681: 4, 837: 4, 868: 4, 970: 4, 971: 4, 851: 4, 859: 4, 923: 4, 984: 4, 951: 4, 289: 2, 193: 2, 195: 2, 131: 2, 133: 2, 138: 2, 42: 2, 70: 2, 33: 2}
cluster_target_selection: {23: 341, 32: 369, 11: 400, 36: 665, 31: 763, 16: 735, 34: 525, 19: 557, 1: 505, 12: 507, 28: 478, 25: 414, 33: 318, 5: 213, 20: 51, 29: 144, 6: 458, 3: 460, 15: 524, 22: 587, 4: 585, 39: 681, 8: 837, 24: 868, 30: 970, 21: 971, 10: 851, 38: 859, 18: 923, 7: 984, 27: 951, 14: 289, 0: 193, 2: 195, 35: 131, 9: 133, 37: 138, 17: 42, 26: 70, 13: 33}
num_nodes_transformed_graph: 123
agent_paths:({0: [(26, 18), (25, 18), (24, 18), (23, 18), (22, 18), (21, 18), (21, 17), (21, 16), (21, 15), (21, 14), (21, 13), (21, 12), (21, 11), (21, 10), (20, 10), (19, 10), (18, 10), (18, 11), (17, 11), (16, 11), (16, 12), (16, 13), (16, 14), (16, 15), (16, 16), (16, 17), (16, 18), (16, 19), (16, 20), (16, 21), (16, 22), (16, 23), (16, 24), (16, 24)], 1: [(28, 21), (27, 21), (26, 21), (25, 21), (25, 20), (26, 20), (27, 20), (27, 21), (27, 22), (27, 23), (27, 22), (28, 22), (29, 22), (30, 22), (31, 22), (30, 22), (29, 22), (29, 22)], 2: [(7, 9), (6, 9), (5, 9), (4, 9), (3, 9), (2, 9), (1, 9), (1, 8), (1, 7), (1, 6), (2, 6), (3, 6), (3, 5), (3, 4), (4, 4), (5, 4), (6, 4), (7, 4), (8, 4), (9, 4), (10, 4), (10, 3), (10, 2), (10, 1), (9, 1), (8, 1), (7, 1), (6, 1), (6, 2), (5, 2), (4, 2), (3, 2), (2, 2), (1, 2), (1, 1), (2, 1), (2, 2), (2, 3), (2, 3)], 3: [(13, 18), (13, 17), (13, 16), (13, 17), (14, 17), (15, 17), (16, 17), (17, 17), (18, 17), (19, 17), (19, 16), (20, 16), (21, 16), (21, 15), (22, 15), (23, 15), (24, 15), (25, 15), (26, 15), (27, 15), (27, 14), (28, 14), (29, 14), (30, 14), (29, 14), (29, 13), (29, 12), (30, 12), (30, 11), (30, 10), (30, 9), (29, 9), (28, 9), (27, 9), (27, 8), (27, 7), (26, 7), (25, 7), (25, 6), (24, 6), (23, 6), (22, 6), (21, 6), (21, 5), (21, 4), (20, 4), (20, 3), (20, 2), (20, 1), (19, 1), (18, 1), (17, 1), (16, 1), (16, 2), (16, 3), (16, 4), (16, 5), (16, 6), (16, 6)], 4: [(10, 13), (10, 14), (11, 14), (12, 14), (12, 15), (12, 16), (11, 16), (11, 17), (11, 18), (10, 18), (9, 18), (9, 19), (9, 20), (9, 21), (8, 21), (7, 21), (7, 22), (7, 23), (7, 24), (7, 25), (6, 25), (5, 25), (5, 26), (4, 26), (4, 27), (5, 27), (6, 27), (6, 28), (7, 28), (8, 28), (9, 28), (10, 28), (10, 29), (10, 30), (11, 30), (11, 29), (11, 28), (11, 27), (12, 27), (13, 27), (14, 27), (15, 27), (15, 26), (16, 26), (17, 26), (18, 26), (19, 26), (20, 26), (20, 25), (21, 25), (22, 25), (23, 25), (24, 25), (25, 25), (26, 25), (27, 25), (27, 26), (27, 27), (27, 28), (26, 28), (25, 28), (24, 28), (24, 29), (24, 30), (23, 30), (23, 29), (23, 30), (22, 30), (21, 30), (21, 31), (21, 31)]}, 69)