

CBSS-C STATS
starts:[553, 745, 722, 943, 1]
targets:[462, 504, 177, 149, 915, 868, 11, 564, 58, 624, 893, 689, 864, 635, 463, 94, 581, 21, 630, 606, 369, 927, 444, 75, 290, 85, 878, 91, 1002, 99, 735, 851, 642, 819, 514, 68, 728, 870, 294, 841, 279, 639, 178, 51, 708, 555, 993, 92, 54, 25]
dests:[837, 954, 696, 660, 288]
ac_dict:{462: {0, 1}, 504: {1, 2}, 177: {2, 3}, 149: {3, 4}, 837: {0}, 954: {1}, 696: {2}, 660: {3}, 288: {4}}
clusters:[27 19 20  0  8 21 29 17 32  6 11  7 14 24  5 15  1  6  5  4 25 33  7  3
  4 39 13 35  2 30 16 10  8 22  1  0 12 18  2  9  9 28 23 31 26 37 36 38
 34  3]

round: 1
best_g_value: 227.0
open_list_size: 0
num_low_level_expanded: 460
search_success: 1
search_time: 61.99494606600092
n_tsp_call: 1
n_tsp_time: 61.87621530800061
n_roots: 1
num_conflicts: 0
target_assignment: {581: 0, 708: 0, 868: 0, 993: 0, 864: 0, 870: 0, 689: 2, 624: 2, 369: 2, 178: 2, 177: 2, 75: 2, 11: 2, 51: 2, 85: 2, 54: 2, 91: 2, 94: 2, 92: 2, 58: 2, 279: 2, 504: 2, 728: 2, 555: 1, 462: 1, 463: 1, 564: 1, 635: 1, 639: 1, 735: 1, 927: 1, 893: 1, 878: 3, 915: 3, 851: 3, 819: 3, 68: 4, 99: 4, 294: 4, 290: 4}
cluster_target_selection: {1: 581, 26: 708, 21: 868, 36: 993, 14: 864, 18: 870, 7: 689, 6: 624, 25: 369, 23: 178, 20: 177, 3: 75, 29: 11, 31: 51, 39: 85, 34: 54, 35: 91, 15: 94, 38: 92, 32: 58, 9: 279, 19: 504, 12: 728, 37: 555, 27: 462, 5: 463, 17: 564, 24: 635, 28: 639, 16: 735, 33: 927, 11: 893, 13: 878, 8: 915, 10: 851, 22: 819, 0: 68, 30: 99, 2: 294, 4: 290}
num_nodes_transformed_graph: 248
agent_paths:({0: [(9, 17), (8, 17), (7, 17), (6, 17), (5, 17), (5, 18), (5, 19), (5, 20), (5, 21), (5, 22), (4, 22), (4, 23), (4, 24), (4, 25), (4, 26), (4, 27), (3, 27), (2, 27), (1, 27), (1, 28), (1, 29), (1, 30), (1, 31), (0, 31), (0, 30), (0, 29), (0, 28), (0, 27), (1, 27), (2, 27), (3, 27), (4, 27), (5, 27), (6, 27), (5, 27), (5, 26), (5, 26)], 1: [(9, 23), (9, 22), (9, 21), (9, 20), (9, 19), (9, 18), (9, 17), (10, 17), (11, 17), (11, 16), (11, 15), (11, 14), (12, 14), (13, 14), (14, 14), (15, 14), (16, 14), (17, 14), (18, 14), (19, 14), (19, 15), (19, 16), (20, 16), (20, 17), (21, 17), (22, 17), (23, 17), (24, 17), (25, 17), (26, 17), (27, 17), (27, 18), (27, 19), (27, 18), (28, 18), (29, 18), (30, 18), (31, 18), (31, 19), (31, 20), (30, 20), (29, 20), (29, 21), (29, 22), (30, 22), (31, 22), (31, 23), (31, 24), (31, 25), (30, 25), (30, 26), (30, 27), (31, 27), (31, 28), (30, 28), (29, 28), (29, 27), (28, 27), (27, 27), (26, 27), (26, 28), (26, 29), (26, 29)], 2: [(18, 22), (17, 22), (17, 21), (16, 21), (16, 20), (16, 19), (16, 18), (16, 17), (16, 16), (16, 15), (16, 14), (16, 13), (16, 12), (16, 11), (17, 11), (18, 11), (18, 10), (18, 9), (18, 8), (18, 7), (18, 6), (18, 5), (17, 5), (16, 5), (15, 5), (14, 5), (13, 5), (12, 5), (11, 5), (11, 4), (11, 3), (11, 2), (11, 1), (11, 0), (12, 0), (13, 0), (14, 0), (15, 0), (16, 0), (16, 1), (17, 1), (18, 1), (19, 1), (20, 1), (20, 2), (21, 2), (22, 2), (22, 1), (23, 1), (24, 1), (24, 2), (25, 2), (25, 3), (26, 3), (27, 3), (27, 2), (28, 2), (29, 2), (30, 2), (29, 2), (28, 2), (27, 2), (27, 1), (26, 1), (27, 1), (27, 2), (27, 3), (26, 3), (25, 3), (25, 4), (25, 5), (25, 6), (25, 7), (25, 8), (24, 8), (23, 8), (24, 8), (24, 9), (24, 10), (24, 11), (24, 12), (24, 13), (24, 14), (24, 15), (24, 16), (24, 17), (24, 18), (24, 19), (24, 20), (24, 21), (24, 22), (24, 21), (24, 21)], 3: [(15, 29), (14, 29), (14, 28), (14, 27), (15, 27), (16, 27), (17, 27), (18, 27), (19, 27), (19, 28), (19, 27), (19, 26), (19, 25), (19, 24), (19, 23), (19, 22), (19, 21), (19, 20), (20, 20), (20, 20)], 4: [(1, 0), (2, 0), (3, 0), (4, 0), (4, 1), (4, 2), (3, 2), (3, 3), (4, 3), (5, 3), (5, 4), (5, 5), (5, 6), (5, 7), (5, 8), (5, 9), (6, 9), (5, 9), (4, 9), (3, 9), (2, 9), (1, 9), (0, 9), (0, 9)]}, 91)