

CBSS-C STATS
starts:[242, 870, 75, 147, 551]
targets:[102, 437, 54, 151, 352, 924, 608, 709, 992, 548]
dests:[487, 73, 345, 148, 857]
ac_dict:{102: {0, 1}, 437: {1, 2}, 54: {2, 3}, 151: {3, 4}, 487: {0}, 73: {1}, 345: {2}, 148: {3}, 857: {4}}
clusters:[1 1 1 0 0 0 0 0 1 0]

round: 2
best_g_value: 105.0
open_list_size: 1
num_low_level_expanded: 711
search_success: 1
search_time: 0.10869503300637007
n_tsp_call: 1
n_tsp_time: 0.08401070302352309
n_roots: 1
num_conflicts: 1
target_assignment: {709: 1, 102: 1}
cluster_target_selection: {0: 709, 1: 102}
num_nodes_transformed_graph: 48
agent_paths:({0: [(18, 7), (17, 7), (16, 7), (15, 7), (14, 7), (13, 7), (12, 7), (11, 7), (10, 7), (10, 8), (10, 9), (10, 10), (10, 11), (10, 12), (10, 13), (10, 14), (9, 14), (9, 15), (9, 16), (8, 16), (7, 16), (7, 15), (7, 15)], 1: [(6, 27), (5, 27), (5, 26), (5, 25), (4, 25), (4, 24), (4, 23), (4, 22), (5, 22), (5, 21), (5, 20), (5, 19), (5, 18), (5, 17), (5, 16), (5, 15), (5, 14), (5, 13), (6, 13), (6, 12), (6, 11), (6, 10), (6, 9), (5, 9), (5, 8), (5, 7), (5, 6), (5, 5), (5, 4), (5, 3), (6, 3), (7, 3), (8, 3), (9, 3), (9, 2), (9, 2)], 2: [(11, 2), (12, 2), (13, 2), (14, 2), (14, 3), (14, 4), (14, 5), (15, 5), (16, 5), (17, 5), (18, 5), (19, 5), (19, 6), (20, 6), (21, 6), (22, 6), (23, 6), (24, 6), (25, 6), (25, 7), (25, 8), (25, 9), (25, 10), (25, 10)], 3: [(19, 4), (20, 4), (20, 4)], 4: [(7, 17), (8, 17), (9, 17), (10, 17), (11, 17), (12, 17), (13, 17), (14, 17), (15, 17), (16, 17), (17, 17), (18, 17), (19, 17), (20, 17), (21, 17), (22, 17), (23, 17), (24, 17), (24, 18), (24, 19), (24, 20), (24, 21), (24, 22), (24, 23), (24, 24), (25, 24), (25, 25), (25, 26), (25, 26)]}, 34)