

CBSS-C STATS
starts:[334, 594, 356, 540, 693, 102, 843, 212, 624, 191]
targets:[51, 324, 731, 404, 491, 171, 949, 38, 892, 80, 210, 49, 12, 890, 523]
dests:[737, 592, 181, 1021, 277, 840, 444, 259, 648, 369]
ac_dict:{51: {0, 1}, 324: {1, 2}, 731: {2, 3}, 404: {3, 4}, 491: {4, 5}, 171: {5, 6}, 949: {6, 7}, 38: {8, 7}, 892: {8, 9}, 737: {0}, 592: {1}, 181: {2}, 1021: {3}, 277: {4}, 840: {5}, 444: {6}, 259: {7}, 648: {8}, 369: {9}}
clusters:[1 5 7 6 3 2 4 1 8 0 9 6 7 3 6]

round: 2
best_g_value: 243.0
open_list_size: 1
num_low_level_expanded: 1097
search_success: 1
search_time: 0.46064806124195457
n_tsp_call: 1
n_tsp_time: 0.4105975041165948
n_roots: 1
num_conflicts: 1
target_assignment: {523: 0, 731: 3, 892: 9, 324: 2, 171: 5, 210: 7, 80: 7, 38: 7, 949: 6, 890: 6}
cluster_target_selection: {6: 523, 7: 731, 8: 892, 5: 324, 2: 171, 9: 210, 0: 80, 1: 38, 4: 949, 3: 890}
num_nodes_transformed_graph: 59
agent_paths:({0: [(14, 10), (13, 10), (12, 10), (12, 11), (12, 12), (12, 13), (12, 14), (11, 14), (11, 15), (11, 16), (10, 16), (9, 16), (8, 16), (7, 16), (6, 16), (5, 16), (4, 16), (3, 16), (2, 16), (2, 17), (2, 18), (2, 19), (1, 19), (1, 20), (1, 21), (1, 22), (1, 23), (1, 23)], 1: [(18, 18), (18, 17), (17, 17), (16, 17), (16, 18), (16, 18)], 2: [(4, 11), (4, 10), (4, 9), (4, 8), (4, 7), (5, 7), (6, 7), (7, 7), (7, 6), (8, 6), (9, 6), (10, 6), (11, 6), (12, 6), (13, 6), (14, 6), (15, 6), (16, 6), (17, 6), (18, 6), (19, 6), (20, 6), (21, 6), (21, 5), (21, 5)], 3: [(28, 16), (27, 16), (27, 17), (27, 18), (27, 19), (27, 20), (27, 21), (27, 22), (28, 22), (29, 22), (29, 23), (29, 24), (29, 25), (29, 26), (29, 27), (29, 28), (29, 29), (29, 30), (29, 31), (29, 31)], 4: [(21, 21), (21, 20), (21, 19), (21, 18), (21, 17), (21, 16), (21, 15), (21, 14), (21, 13), (21, 12), (21, 11), (21, 10), (21, 9), (21, 8), (21, 8)], 5: [(6, 3), (7, 3), (8, 3), (9, 3), (10, 3), (11, 3), (11, 4), (11, 5), (10, 5), (10, 6), (10, 7), (10, 8), (10, 9), (10, 10), (10, 11), (10, 12), (10, 13), (10, 14), (9, 14), (9, 15), (9, 16), (9, 17), (9, 18), (9, 19), (9, 20), (9, 21), (8, 21), (8, 22), (8, 23), (8, 24), (8, 25), (8, 26), (8, 26)], 6: [(11, 26), (12, 26), (13, 26), (13, 27), (14, 27), (15, 27), (16, 27), (17, 27), (18, 27), (19, 27), (20, 27), (20, 28), (20, 29), (21, 29), (20, 29), (20, 28), (20, 27), (21, 27), (22, 27), (23, 27), (24, 27), (25, 27), (26, 27), (26, 26), (26, 25), (26, 24), (26, 23), (26, 22), (26, 21), (26, 20), (27, 20), (27, 19), (27, 18), (27, 17), (27, 16), (27, 15), (27, 14), (27, 13), (28, 13), (28, 13)], 7: [(20, 6), (19, 6), (18, 6), (17, 6), (16, 6), (16, 5), (16, 4), (16, 3), (16, 2), (16, 1), (15, 1), (14, 1), (13, 1), (12, 1), (11, 1), (10, 1), (9, 1), (8, 1), (7, 1), (6, 1), (5, 1), (4, 1), (3, 1), (3, 2), (3, 3), (3, 4), (3, 5), (3, 6), (3, 7), (3, 8), (3, 8)], 8: [(16, 19), (15, 19), (14, 19), (13, 19), (12, 19), (11, 19), (10, 19), (9, 19), (8, 19), (8, 20), (8, 20)], 9: [(31, 5), (30, 5), (29, 5), (29, 6), (29, 7), (29, 8), (29, 9), (29, 10), (29, 11), (29, 12), (29, 13), (29, 14), (29, 15), (29, 16), (29, 17), (29, 18), (29, 19), (29, 20), (29, 21), (29, 22), (29, 23), (29, 24), (29, 25), (29, 26), (29, 27), (28, 27), (27, 27), (26, 27), (25, 27), (24, 27), (23, 27), (22, 27), (21, 27), (20, 27), (19, 27), (18, 27), (18, 26), (18, 25), (18, 24), (18, 23), (18, 22), (18, 21), (18, 20), (18, 19), (18, 18), (18, 17), (17, 17), (17, 16), (17, 15), (17, 14), (17, 13), (17, 12), (17, 11), (17, 11)]}, 52)