

CBSS-C STATS
starts:[179, 193, 669, 546, 710, 683, 419, 927, 635, 440]
targets:[957, 481, 544, 630, 724, 893, 16, 109, 240, 277]
dests:[746, 81, 379, 413, 212, 534, 808, 921, 565, 444]
ac_dict:{957: {0, 1}, 481: {1, 2}, 544: {2, 3}, 630: {3, 4}, 724: {4, 5}, 893: {5, 6}, 16: {6, 7}, 109: {8, 7}, 240: {8, 9}, 746: {0}, 81: {1}, 379: {2}, 413: {3}, 212: {4}, 534: {5}, 808: {6}, 921: {7}, 565: {8}, 444: {9}}
clusters:[1 1 1 2 2 0 4 0 1 3]

round: 7
best_g_value: 247.0
open_list_size: 6
num_low_level_expanded: 3036
search_success: 1
search_time: 0.2236729869619012
n_tsp_call: 1
n_tsp_time: 0.12892143381759524
n_roots: 1
num_conflicts: 6
target_assignment: {277: 4, 724: 5, 893: 5, 16: 6, 544: 3}
cluster_target_selection: {3: 277, 2: 724, 0: 893, 4: 16, 1: 544}
num_nodes_transformed_graph: 34
agent_paths:({0: [(19, 5), (18, 5), (17, 5), (16, 5), (15, 5), (14, 5), (13, 5), (12, 5), (11, 5), (10, 5), (10, 6), (10, 7), (10, 8), (10, 9), (10, 10), (10, 11), (10, 12), (10, 13), (10, 14), (10, 15), (10, 16), (10, 17), (10, 18), (10, 19), (10, 20), (10, 21), (10, 22), (10, 23), (10, 23)], 1: [(1, 6), (1, 5), (1, 4), (1, 3), (2, 3), (3, 3), (4, 3), (5, 3), (6, 3), (7, 3), (8, 3), (9, 3), (9, 2), (10, 2), (11, 2), (12, 2), (13, 2), (14, 2), (14, 1), (15, 1), (16, 1), (17, 1), (17, 2), (17, 2)], 2: [(29, 20), (29, 19), (29, 18), (29, 17), (29, 16), (29, 15), (29, 14), (29, 13), (29, 12), (28, 12), (28, 11), (27, 11), (27, 11)], 3: [(2, 17), (1, 17), (0, 17), (1, 17), (1, 16), (2, 16), (3, 16), (4, 16), (5, 16), (6, 16), (7, 16), (8, 16), (9, 16), (9, 15), (9, 14), (10, 14), (11, 14), (12, 14), (13, 14), (14, 14), (15, 14), (16, 14), (17, 14), (18, 14), (19, 14), (20, 14), (21, 14), (22, 14), (23, 14), (24, 14), (25, 14), (26, 14), (27, 14), (28, 14), (29, 14), (29, 13), (29, 12), (29, 12)], 4: [(6, 22), (6, 21), (6, 20), (6, 19), (7, 19), (7, 18), (7, 17), (7, 16), (8, 16), (9, 16), (9, 15), (9, 14), (10, 14), (11, 14), (12, 14), (12, 13), (12, 12), (12, 11), (12, 10), (13, 10), (13, 9), (14, 9), (15, 9), (16, 9), (17, 9), (18, 9), (19, 9), (20, 9), (20, 8), (21, 8), (20, 8), (20, 7), (20, 6), (20, 6)], 5: [(11, 21), (12, 21), (13, 21), (14, 21), (15, 21), (16, 21), (17, 21), (18, 21), (19, 21), (20, 21), (20, 22), (21, 22), (21, 23), (22, 23), (22, 24), (23, 24), (24, 24), (25, 24), (26, 24), (27, 24), (28, 24), (29, 24), (29, 25), (29, 26), (29, 27), (28, 27), (27, 27), (26, 27), (25, 27), (24, 27), (24, 26), (24, 25), (24, 24), (24, 23), (24, 22), (23, 22), (23, 21), (22, 21), (22, 20), (22, 19), (22, 18), (22, 17), (22, 16), (22, 16)], 6: [(3, 13), (3, 12), (3, 11), (3, 10), (3, 9), (3, 8), (3, 7), (3, 6), (3, 5), (3, 4), (3, 3), (3, 2), (3, 1), (4, 1), (5, 1), (6, 1), (7, 1), (8, 1), (8, 0), (9, 0), (10, 0), (11, 0), (12, 0), (13, 0), (14, 0), (15, 0), (16, 0), (15, 0), (14, 0), (13, 0), (12, 0), (11, 0), (10, 0), (10, 1), (10, 2), (10, 3), (10, 4), (10, 5), (10, 6), (10, 7), (10, 8), (10, 9), (10, 10), (10, 11), (10, 12), (10, 13), (10, 14), (9, 14), (9, 15), (9, 16), (8, 16), (8, 17), (8, 18), (8, 19), (8, 20), (8, 21), (8, 22), (8, 23), (8, 24), (8, 25), (8, 25)], 7: [(31, 28), (30, 28), (29, 28), (28, 28), (27, 28), (26, 28), (25, 28), (25, 28)], 8: [(27, 19), (27, 18), (26, 18), (25, 18), (24, 18), (23, 18), (22, 18), (21, 18), (21, 17), (21, 17)], 9: [(24, 13), (25, 13), (26, 13), (27, 13), (28, 13), (28, 13)]}, 59)