

CBSS-C STATS
starts:[567, 105, 781, 62, 36]
targets:[381, 612, 772, 934, 689, 705, 811, 575, 50, 747, 449, 581, 200, 134, 883, 1023, 971, 517, 850, 461, 936, 550, 830, 881, 978, 951, 477, 464, 977, 954, 535, 548, 481, 261, 303, 930, 852, 862, 507, 288, 554, 404, 958, 813, 959, 428, 213, 127, 792, 735]
dests:[720, 44, 204, 3, 0]
ac_dict:{381: {0, 1}, 612: {1, 2}, 772: {2, 3}, 934: {3, 4}, 720: {0}, 44: {1}, 204: {2}, 3: {3}, 0: {4}}
clusters:[ 6  8 36 18  3  1  8  0 16 23 33 32  4 27 31  4 24 17 10 19 21  6  7  5
 13 15 12  7 28 37  2 22  9  2 11 30  3  1 34  9  5 14 39 20 38  0 29 26
 25 35]

round: 1
best_g_value: 225.0
open_list_size: 0
num_low_level_expanded: 448
search_success: 1
search_time: 11.298112876998857
n_tsp_call: 1
n_tsp_time: 11.230574548000732
n_roots: 1
num_conflicts: 0
target_assignment: {535: 0, 507: 0, 477: 0, 735: 0, 830: 0, 862: 0, 958: 0, 1023: 0, 959: 0, 954: 0, 951: 0, 792: 0, 852: 0, 883: 0, 978: 0, 977: 0, 881: 0, 850: 0, 127: 3, 213: 3, 404: 3, 428: 3, 747: 3, 811: 3, 971: 3, 936: 3, 934: 3, 930: 3, 772: 3, 581: 3, 550: 3, 517: 3, 548: 3, 481: 3, 449: 3, 134: 3, 813: 2, 461: 2, 303: 2, 50: 1}
cluster_target_selection: {2: 535, 34: 507, 12: 477, 35: 735, 7: 830, 1: 862, 39: 958, 4: 1023, 38: 959, 37: 954, 15: 951, 25: 792, 3: 852, 31: 883, 13: 978, 28: 977, 5: 881, 10: 850, 26: 127, 29: 213, 14: 404, 0: 428, 23: 747, 8: 811, 24: 971, 21: 936, 18: 934, 30: 930, 36: 772, 32: 581, 6: 550, 17: 517, 22: 548, 9: 481, 33: 449, 27: 134, 20: 813, 19: 461, 11: 303, 16: 50}
num_nodes_transformed_graph: 129
agent_paths:({0: [(23, 17), (23, 16), (23, 15), (24, 15), (25, 15), (26, 15), (27, 15), (27, 14), (28, 14), (29, 14), (29, 15), (29, 16), (29, 17), (29, 18), (29, 19), (29, 20), (29, 21), (29, 22), (30, 22), (31, 22), (30, 22), (30, 23), (30, 24), (30, 25), (30, 26), (30, 27), (30, 28), (30, 29), (31, 29), (31, 30), (31, 31), (31, 30), (31, 29), (30, 29), (29, 29), (28, 29), (27, 29), (26, 29), (25, 29), (24, 29), (23, 29), (23, 28), (23, 27), (23, 26), (23, 25), (23, 24), (24, 24), (23, 24), (22, 24), (22, 25), (21, 25), (20, 25), (20, 26), (19, 26), (19, 27), (18, 27), (18, 28), (18, 29), (18, 30), (17, 30), (17, 29), (17, 28), (17, 27), (17, 26), (18, 26), (17, 26), (16, 26), (16, 25), (16, 24), (16, 23), (16, 22), (16, 22)], 1: [(9, 3), (9, 2), (9, 1), (10, 1), (11, 1), (12, 1), (13, 1), (14, 1), (15, 1), (16, 1), (17, 1), (18, 1), (17, 1), (16, 1), (15, 1), (14, 1), (13, 1), (12, 1), (12, 1)], 2: [(13, 24), (13, 25), (13, 24), (13, 23), (13, 22), (13, 21), (13, 20), (13, 19), (13, 18), (13, 17), (13, 16), (13, 15), (13, 14), (13, 13), (14, 13), (14, 12), (14, 11), (14, 10), (14, 9), (15, 9), (14, 9), (13, 9), (13, 8), (13, 7), (12, 7), (12, 6), (12, 6)], 3: [(30, 1), (30, 2), (31, 2), (31, 3), (30, 3), (30, 4), (29, 4), (28, 4), (27, 4), (26, 4), (25, 4), (25, 5), (24, 5), (23, 5), (23, 6), (22, 6), (21, 6), (21, 7), (21, 8), (21, 9), (21, 10), (21, 11), (21, 12), (20, 12), (19, 12), (18, 12), (17, 12), (16, 12), (15, 12), (14, 12), (14, 13), (13, 13), (12, 13), (12, 14), (11, 14), (11, 15), (11, 16), (11, 17), (11, 18), (11, 19), (11, 20), (11, 21), (11, 22), (11, 23), (11, 24), (11, 25), (11, 26), (11, 27), (11, 28), (11, 29), (11, 30), (10, 30), (9, 30), (8, 30), (8, 29), (7, 29), (6, 29), (5, 29), (4, 29), (3, 29), (2, 29), (2, 28), (2, 27), (2, 26), (2, 25), (2, 24), (3, 24), (4, 24), (4, 23), (4, 22), (5, 22), (5, 21), (5, 20), (5, 19), (5, 18), (5, 17), (6, 17), (5, 17), (5, 16), (4, 16), (4, 17), (3, 17), (2, 17), (1, 17), (1, 16), (1, 15), (1, 14), (1, 13), (1, 12), (1, 11), (1, 10), (1, 9), (1, 8), (1, 7), (1, 6), (1, 5), (1, 4), (2, 4), (3, 4), (4, 4), (5, 4), (6, 4), (5, 4), (4, 4), (3, 4), (3, 3), (3, 2), (3, 1), (3, 0), (3, 0)], 4: [(4, 1), (3, 1), (2, 1), (1, 1), (0, 1), (0, 0), (0, 0)]}, 108)