

CBSS-C STATS
starts:[984, 30, 409, 610, 558, 754, 36, 817, 503, 31]
targets:[222, 265, 170, 770, 555, 545, 946, 904, 290, 980, 900, 935, 11, 659, 29]
dests:[480, 200, 960, 146, 47, 96, 390, 781, 1017, 436]
ac_dict:{222: {0, 1}, 265: {1, 2}, 170: {2, 3}, 770: {3, 4}, 555: {4, 5}, 545: {5, 6}, 946: {6, 7}, 904: {8, 7}, 290: {8, 9}, 480: {0}, 200: {1}, 960: {2}, 146: {3}, 47: {4}, 96: {5}, 390: {6}, 781: {7}, 1017: {8}, 436: {9}}
clusters:[9 0 1 8 7 3 7 6 6 4 2 3 9 5 5]

round: 1
best_g_value: 288.0
open_list_size: 0
num_low_level_expanded: 1143
search_success: 1
search_time: 0.4229757976718247
n_tsp_call: 1
n_tsp_time: 0.3708094982430339
n_roots: 1
num_conflicts: 0
target_assignment: {980: 0, 900: 0, 770: 3, 170: 3, 555: 5, 222: 1, 265: 1, 904: 7, 935: 2, 29: 9}
cluster_target_selection: {4: 980, 2: 900, 8: 770, 1: 170, 7: 555, 9: 222, 0: 265, 6: 904, 3: 935, 5: 29}
num_nodes_transformed_graph: 59
agent_paths:({0: [(24, 30), (23, 30), (22, 30), (21, 30), (20, 30), (19, 30), (18, 30), (17, 30), (16, 30), (16, 29), (15, 29), (14, 29), (13, 29), (12, 29), (11, 29), (10, 29), (10, 28), (9, 28), (8, 28), (7, 28), (6, 28), (5, 28), (4, 28), (4, 27), (3, 27), (2, 27), (2, 26), (2, 25), (2, 24), (2, 23), (2, 22), (2, 21), (2, 20), (2, 19), (2, 18), (2, 17), (1, 17), (1, 16), (1, 15), (0, 15), (0, 15)], 1: [(30, 0), (30, 1), (30, 2), (30, 3), (30, 4), (30, 5), (30, 6), (29, 6), (28, 6), (27, 6), (26, 6), (25, 6), (24, 6), (23, 6), (22, 6), (21, 6), (20, 6), (19, 6), (18, 6), (17, 6), (16, 6), (15, 6), (14, 6), (13, 6), (12, 6), (11, 6), (10, 6), (9, 6), (9, 7), (9, 8), (9, 7), (9, 6), (8, 6), (8, 6)], 2: [(25, 12), (24, 12), (23, 12), (22, 12), (21, 12), (20, 12), (19, 12), (18, 12), (17, 12), (16, 12), (15, 12), (14, 12), (14, 13), (13, 13), (12, 13), (12, 14), (11, 14), (10, 14), (9, 14), (9, 15), (9, 16), (8, 16), (8, 17), (8, 18), (8, 19), (8, 20), (8, 21), (8, 22), (8, 23), (8, 24), (8, 25), (8, 26), (8, 27), (8, 28), (7, 28), (7, 29), (6, 29), (5, 29), (4, 29), (3, 29), (2, 29), (1, 29), (0, 29), (0, 30), (0, 30)], 3: [(2, 19), (2, 20), (2, 21), (2, 22), (2, 23), (2, 24), (2, 23), (2, 22), (2, 21), (2, 20), (2, 19), (2, 18), (2, 17), (2, 16), (2, 15), (2, 14), (2, 13), (2, 12), (2, 11), (2, 10), (2, 9), (3, 9), (3, 8), (3, 7), (4, 7), (5, 7), (6, 7), (7, 7), (7, 6), (8, 6), (9, 6), (10, 6), (10, 5), (11, 5), (12, 5), (13, 5), (14, 5), (15, 5), (16, 5), (16, 4), (17, 4), (18, 4), (18, 4)], 4: [(14, 17), (14, 16), (14, 15), (14, 14), (14, 13), (14, 12), (14, 11), (14, 10), (14, 9), (15, 9), (16, 9), (16, 8), (16, 7), (16, 6), (16, 5), (16, 4), (16, 3), (16, 2), (16, 1), (15, 1), (15, 1)], 5: [(18, 23), (17, 23), (16, 23), (15, 23), (14, 23), (13, 23), (12, 23), (11, 23), (11, 22), (11, 21), (11, 20), (11, 19), (11, 18), (11, 17), (10, 17), (9, 17), (8, 17), (7, 17), (6, 17), (5, 17), (4, 17), (3, 17), (2, 17), (1, 17), (1, 16), (1, 15), (1, 14), (1, 13), (1, 12), (1, 11), (1, 10), (1, 9), (1, 8), (1, 7), (1, 6), (1, 5), (1, 4), (1, 3), (0, 3), (0, 3)], 6: [(4, 1), (5, 1), (5, 2), (5, 3), (5, 4), (5, 5), (5, 6), (5, 7), (5, 8), (5, 9), (6, 9), (6, 10), (6, 11), (6, 12), (6, 12)], 7: [(17, 25), (16, 25), (15, 25), (14, 25), (13, 25), (12, 25), (11, 25), (10, 25), (9, 25), (8, 25), (8, 26), (8, 27), (8, 28), (8, 27), (8, 26), (8, 25), (8, 24), (9, 24), (10, 24), (11, 24), (12, 24), (13, 24), (13, 24)], 8: [(23, 15), (24, 15), (24, 16), (24, 17), (24, 18), (24, 19), (24, 20), (24, 21), (24, 22), (24, 23), (24, 24), (25, 24), (25, 25), (25, 26), (25, 27), (25, 28), (25, 29), (25, 30), (25, 31), (25, 31)], 9: [(31, 0), (30, 0), (29, 0), (28, 0), (27, 0), (27, 1), (27, 2), (27, 3), (26, 3), (25, 3), (24, 3), (23, 3), (22, 3), (21, 3), (21, 4), (21, 5), (21, 6), (21, 7), (21, 8), (21, 9), (21, 10), (21, 11), (21, 12), (20, 12), (20, 13), (20, 13)]}, 43)