

CBSS-C STATS
starts:[261, 989, 777, 839, 224]
targets:[680, 467, 179, 858, 842, 916, 938, 949, 317, 655, 35, 1005, 930, 273, 418, 484, 538, 423, 76, 51, 328, 920, 1022, 549, 923, 429, 233, 428, 354, 650, 741, 223, 800, 601, 866, 355, 1012, 921, 560, 849, 751, 209, 6, 431, 896, 547, 740, 987, 757, 129]
dests:[1006, 448, 278, 1003, 701]
ac_dict:{680: {0, 1}, 467: {1, 2}, 179: {2, 3}, 858: {3, 4}, 1006: {0}, 448: {1}, 278: {2}, 1003: {3}, 701: {4}}
clusters:[ 2 15 19  3  6  9  1  7 19  0  9  8  5 17  8  5 16 15 20 10 23 17  6 22
 10 14 14 12  4 24 18 18 28  0 27  2 13 11 21 29 13 12 25  7  3 11  1 16
 26  4]

round: 1
best_g_value: 204.0
open_list_size: 0
num_low_level_expanded: 436
search_success: 1
search_time: 31.51727284900062
n_tsp_call: 1
n_tsp_time: 31.399331298000106
n_roots: 1
num_conflicts: 0
target_assignment: {328: 0, 741: 0, 800: 0, 896: 0, 866: 0, 930: 0, 1005: 0, 129: 4, 35: 4, 6: 4, 76: 4, 428: 4, 429: 4, 431: 4, 757: 4, 650: 2, 655: 2, 560: 2, 467: 2, 179: 2, 842: 3, 938: 3, 987: 1, 923: 1, 921: 1, 920: 1, 849: 1, 751: 1, 680: 1, 549: 1}
cluster_target_selection: {23: 328, 18: 741, 28: 800, 3: 896, 27: 866, 5: 930, 8: 1005, 4: 129, 9: 35, 25: 6, 20: 76, 12: 428, 14: 429, 7: 431, 26: 757, 24: 650, 0: 655, 21: 560, 15: 467, 19: 179, 6: 842, 1: 938, 16: 987, 10: 923, 11: 921, 17: 920, 29: 849, 13: 751, 2: 680, 22: 549}
num_nodes_transformed_graph: 248
agent_paths:({0: [(5, 8), (5, 9), (6, 9), (7, 9), (7, 10), (8, 10), (7, 10), (6, 10), (6, 11), (6, 12), (6, 13), (5, 13), (5, 14), (5, 15), (5, 16), (5, 17), (5, 18), (5, 19), (5, 20), (5, 21), (5, 22), (5, 23), (4, 23), (3, 23), (2, 23), (1, 23), (0, 23), (0, 24), (0, 25), (0, 26), (0, 27), (0, 28), (0, 27), (1, 27), (2, 27), (2, 28), (2, 29), (3, 29), (4, 29), (5, 29), (6, 29), (7, 29), (8, 29), (8, 30), (9, 30), (10, 30), (11, 30), (12, 30), (13, 30), (13, 31), (14, 31), (14, 31)], 1: [(29, 30), (28, 30), (27, 30), (27, 29), (27, 28), (26, 28), (25, 28), (24, 28), (23, 28), (23, 27), (22, 27), (21, 27), (20, 27), (19, 27), (18, 27), (17, 27), (17, 26), (16, 26), (15, 26), (15, 25), (15, 24), (15, 23), (14, 23), (13, 23), (12, 23), (11, 23), (10, 23), (9, 23), (8, 23), (8, 22), (8, 21), (7, 21), (6, 21), (5, 21), (5, 20), (5, 19), (5, 18), (5, 17), (4, 17), (3, 17), (2, 17), (1, 17), (1, 16), (1, 15), (0, 15), (0, 14), (0, 14)], 2: [(9, 24), (9, 23), (9, 22), (9, 21), (9, 20), (10, 20), (11, 20), (12, 20), (13, 20), (14, 20), (15, 20), (15, 19), (16, 19), (16, 18), (16, 17), (16, 16), (16, 15), (16, 14), (17, 14), (18, 14), (19, 14), (19, 13), (19, 12), (19, 11), (19, 10), (19, 9), (18, 9), (18, 8), (18, 7), (18, 6), (18, 5), (19, 5), (19, 6), (20, 6), (21, 6), (22, 6), (22, 7), (22, 8), (22, 8)], 3: [(7, 26), (8, 26), (9, 26), (10, 26), (10, 27), (10, 28), (10, 29), (11, 29), (11, 30), (11, 31), (11, 31)], 4: [(0, 7), (1, 7), (1, 6), (1, 5), (1, 4), (1, 3), (1, 2), (1, 1), (2, 1), (3, 1), (3, 0), (4, 0), (5, 0), (6, 0), (6, 1), (7, 1), (8, 1), (9, 1), (10, 1), (11, 1), (12, 1), (12, 2), (12, 3), (12, 4), (12, 5), (12, 6), (12, 7), (11, 7), (11, 8), (11, 9), (11, 10), (12, 10), (12, 11), (12, 12), (12, 13), (13, 13), (14, 13), (15, 13), (16, 13), (17, 13), (18, 13), (19, 13), (20, 13), (21, 13), (21, 14), (21, 15), (21, 16), (21, 17), (21, 18), (21, 19), (21, 20), (21, 21), (21, 22), (21, 23), (21, 22), (21, 21), (22, 21), (23, 21), (24, 21), (25, 21), (26, 21), (27, 21), (28, 21), (29, 21), (29, 21)]}, 63)