

CBSS-C STATS
starts:[912, 204, 893, 880, 326]
targets:[179, 541, 614, 814, 374, 919, 528, 558, 835, 722, 462, 748, 5, 708, 542, 402, 174, 823, 330, 438, 633, 868, 988, 797, 735, 979, 489, 667, 600, 974, 225, 649, 470, 48, 990, 757, 795, 1023, 358, 531, 925, 511, 407, 23, 509, 763, 1007, 476, 847, 153]
dests:[596, 503, 905, 852, 651]
ac_dict:{179: {0, 1}, 541: {1, 2}, 614: {2, 3}, 814: {3, 4}, 596: {0}, 503: {1}, 905: {2}, 852: {3}, 651: {4}}
clusters:[13 22 29  1  1 19 32  6 38 10 39 14 17 36 20  7  7 35 18 11  2 27  6  9
 30 16  2  4 21 12  0  8 25  5  3  9  5 24 34 33 31 26 23  3 28 15  4 37
  8  0]

round: 1
best_g_value: 211.0
open_list_size: 0
num_low_level_expanded: 437
search_success: 1
search_time: 31.23788281599991
n_tsp_call: 1
n_tsp_time: 31.121458872999938
n_roots: 1
num_conflicts: 0
target_assignment: {722: 0, 531: 0, 174: 1, 179: 1, 374: 1, 407: 1, 438: 1, 470: 1, 476: 1, 509: 1, 511: 1, 542: 1, 541: 1, 633: 1, 600: 1, 925: 2, 990: 2, 1023: 2, 735: 2, 797: 2, 763: 2, 795: 2, 823: 2, 919: 2, 979: 2, 1007: 2, 974: 2, 748: 2, 649: 2, 614: 2, 708: 2, 835: 2, 868: 2, 225: 4, 5: 4, 358: 4, 330: 4, 462: 4, 528: 4, 558: 4}
cluster_target_selection: {10: 722, 33: 531, 7: 174, 13: 179, 1: 374, 23: 407, 11: 438, 25: 470, 37: 476, 28: 509, 26: 511, 20: 542, 22: 541, 2: 633, 21: 600, 31: 925, 3: 990, 24: 1023, 30: 735, 9: 797, 15: 763, 5: 795, 35: 823, 19: 919, 16: 979, 4: 1007, 12: 974, 14: 748, 8: 649, 29: 614, 36: 708, 38: 835, 27: 868, 0: 225, 17: 5, 34: 358, 18: 330, 39: 462, 32: 528, 6: 558}
num_nodes_transformed_graph: 248
agent_paths:({0: [(16, 28), (16, 27), (16, 26), (16, 25), (16, 24), (16, 23), (16, 22), (17, 22), (18, 22), (18, 21), (18, 20), (18, 19), (18, 18), (18, 17), (19, 17), (19, 16), (20, 16), (20, 17), (20, 18), (20, 18)], 1: [(12, 6), (12, 5), (13, 5), (14, 5), (15, 5), (16, 5), (17, 5), (18, 5), (19, 5), (19, 6), (20, 6), (21, 6), (22, 6), (22, 7), (22, 8), (22, 9), (22, 10), (22, 11), (23, 11), (23, 12), (22, 12), (22, 13), (22, 14), (23, 14), (24, 14), (25, 14), (26, 14), (27, 14), (28, 14), (29, 14), (29, 15), (30, 15), (31, 15), (30, 15), (30, 16), (29, 16), (28, 16), (27, 16), (26, 16), (25, 16), (25, 17), (25, 18), (25, 19), (24, 19), (24, 18), (23, 18), (23, 17), (23, 16), (23, 15), (23, 15)], 2: [(29, 27), (29, 28), (30, 28), (30, 29), (30, 30), (31, 30), (31, 31), (31, 30), (31, 29), (31, 28), (31, 27), (30, 27), (30, 26), (30, 25), (30, 24), (30, 23), (30, 22), (31, 22), (30, 22), (29, 22), (29, 23), (29, 24), (28, 24), (27, 24), (27, 23), (27, 24), (26, 24), (25, 24), (24, 24), (23, 24), (23, 25), (23, 26), (23, 27), (23, 28), (23, 29), (23, 30), (22, 30), (21, 30), (20, 30), (19, 30), (18, 30), (17, 30), (16, 30), (16, 31), (15, 31), (14, 31), (14, 30), (13, 30), (12, 30), (12, 29), (12, 28), (12, 27), (12, 26), (12, 25), (12, 24), (12, 23), (11, 23), (10, 23), (9, 23), (9, 22), (9, 21), (9, 20), (8, 20), (7, 20), (6, 20), (6, 19), (5, 19), (5, 20), (5, 21), (5, 22), (4, 22), (3, 22), (3, 23), (3, 24), (3, 25), (3, 26), (4, 26), (4, 27), (5, 27), (6, 27), (6, 28), (7, 28), (8, 28), (9, 28), (9, 28)], 3: [(16, 27), (16, 26), (17, 26), (18, 26), (19, 26), (20, 26), (20, 26)], 4: [(6, 10), (5, 10), (4, 10), (3, 10), (2, 10), (1, 10), (1, 9), (1, 8), (1, 7), (1, 6), (1, 5), (1, 4), (1, 3), (1, 2), (1, 1), (1, 0), (2, 0), (3, 0), (4, 0), (5, 0), (5, 1), (5, 2), (5, 3), (5, 4), (5, 5), (5, 6), (5, 7), (5, 8), (5, 9), (6, 9), (6, 10), (6, 11), (6, 10), (7, 10), (8, 10), (9, 10), (10, 10), (11, 10), (12, 10), (13, 10), (14, 10), (14, 11), (14, 12), (14, 13), (14, 14), (15, 14), (16, 14), (16, 15), (16, 16), (15, 16), (14, 16), (14, 17), (13, 17), (12, 17), (11, 17), (11, 18), (11, 19), (11, 20), (11, 20)]}, 83)