

CBSS-C STATS
starts:[771, 641, 378, 288, 30]
targets:[835, 896, 735, 700, 76, 987, 273, 880, 983, 161, 454, 578, 27, 573, 595, 981, 278, 142, 191, 550]
dests:[225, 20, 302, 489, 770]
ac_dict:{835: {0, 1}, 896: {1, 2}, 735: {2, 3}, 700: {3, 4}, 225: {0}, 20: {1}, 302: {2}, 489: {3}, 770: {4}}
clusters:[9 3 1 6 1 1 0 7 3 9 2 4 0 8 5 9 5 6 5 4]

round: 2
best_g_value: 155.0
open_list_size: 1
num_low_level_expanded: 730
search_success: 1
search_time: 0.8116594515740871
n_tsp_call: 1
n_tsp_time: 0.7799097299575806
n_roots: 1
num_conflicts: 1
target_assignment: {578: 0, 573: 4, 700: 4, 987: 4, 983: 4, 981: 4, 880: 4, 454: 3, 278: 2, 273: 1}
cluster_target_selection: {4: 578, 8: 573, 6: 700, 1: 987, 3: 983, 9: 981, 7: 880, 2: 454, 5: 278, 0: 273}
num_nodes_transformed_graph: 98
agent_paths:({0: [(3, 24), (2, 24), (2, 23), (2, 22), (2, 21), (2, 20), (2, 19), (2, 18), (2, 17), (1, 17), (1, 16), (1, 15), (1, 14), (1, 13), (1, 12), (1, 11), (1, 10), (1, 9), (1, 8), (1, 7), (1, 7)], 1: [(1, 20), (1, 19), (2, 19), (2, 18), (2, 17), (2, 16), (2, 15), (2, 14), (2, 13), (2, 12), (2, 11), (2, 10), (3, 10), (4, 10), (5, 10), (6, 10), (7, 10), (8, 10), (9, 10), (10, 10), (11, 10), (12, 10), (13, 10), (14, 10), (15, 10), (15, 9), (16, 9), (16, 8), (17, 8), (17, 7), (17, 6), (17, 5), (17, 4), (17, 3), (17, 2), (17, 1), (18, 1), (19, 1), (19, 0), (20, 0), (20, 0)], 2: [(26, 11), (25, 11), (24, 11), (23, 11), (22, 11), (22, 10), (22, 9), (22, 8), (21, 8), (20, 8), (20, 9), (19, 9), (18, 9), (17, 9), (16, 9), (15, 9), (14, 9), (14, 9)], 3: [(0, 9), (1, 9), (2, 9), (3, 9), (4, 9), (5, 9), (6, 9), (6, 10), (6, 11), (6, 12), (6, 13), (6, 14), (6, 15), (7, 15), (7, 16), (8, 16), (9, 16), (9, 15), (9, 15)], 4: [(30, 0), (30, 1), (30, 2), (30, 3), (30, 4), (29, 4), (29, 5), (29, 6), (29, 7), (29, 8), (29, 9), (29, 10), (29, 11), (29, 12), (29, 13), (29, 14), (29, 15), (29, 16), (29, 17), (29, 18), (29, 19), (29, 20), (28, 20), (28, 21), (27, 21), (27, 22), (27, 23), (27, 24), (27, 25), (27, 26), (27, 27), (27, 28), (27, 29), (27, 30), (26, 30), (25, 30), (24, 30), (23, 30), (22, 30), (21, 30), (20, 30), (19, 30), (18, 30), (17, 30), (16, 30), (16, 29), (16, 28), (16, 27), (15, 27), (14, 27), (13, 27), (12, 27), (11, 27), (10, 27), (9, 27), (8, 27), (8, 26), (7, 26), (6, 26), (5, 26), (4, 26), (3, 26), (2, 26), (2, 25), (2, 24), (2, 24)]}, 64)