

CBSS-C STATS
starts:[598, 697]
targets:[356, 291, 666, 49, 607, 101, 787, 113, 768, 494, 252, 814, 556, 105, 864, 608, 551, 376, 757, 449, 59, 793, 826, 709, 110, 665, 70, 933, 1019, 910, 851, 919, 224, 131, 8, 693, 920, 780, 705, 444, 960, 254, 536, 480, 371, 714, 601, 914, 957, 277, 181, 803, 31, 650, 629, 482, 991, 877, 413, 889, 938, 900, 242, 822, 647, 940, 969, 993, 754, 810, 302, 852, 610, 269, 324, 516, 408, 367, 838, 735, 843, 301, 1004, 578, 818, 256, 87, 350, 766, 479, 715, 532, 941, 916, 498, 312, 297, 313, 515, 228]
dests:[478, 823]
ac_dict:{356: {0, 1}, 478: {0}, 823: {1}}
clusters:[36 22 14 28  4 29 33 32 37 21  6  0  9  2 13 15 12  8 24 26  6  8 22  6
 14 35 33 30 24 15  5 14 34 39 27  1  6 10 10 13 36 16  1 24  6 28  8 20
 38 38 10  3 26 27 20 37 35 30 15 18 21 37 21  9 31 31 17 25 14 25 36  4
 37  4  9  3  8 11 11  7 14 22  3 13 10 23  9 29 13  9 27 31  0 10 19  1
  7 38 27 19]

round: 1
best_g_value: 462.0
open_list_size: 0
num_low_level_expanded: 518
search_success: 1
search_time: 11.906208447006065
n_tsp_call: 1
n_tsp_time: 11.787323988988646
n_roots: 1
num_conflicts: 0
target_assignment: {629: 0, 532: 0, 498: 0, 367: 0, 302: 0, 113: 0, 181: 0, 277: 0, 252: 0, 254: 0, 350: 0, 413: 0, 665: 1, 666: 1, 735: 1, 766: 1, 826: 1, 889: 1, 793: 1, 757: 1, 693: 1, 105: 1, 70: 1, 131: 1, 224: 1, 256: 1, 449: 1, 482: 1, 515: 1, 516: 1, 551: 1, 714: 1, 810: 1, 938: 1, 969: 1, 941: 1, 877: 1, 851: 1, 852: 1, 822: 1}
cluster_target_selection: {20: 629, 31: 532, 19: 498, 11: 367, 36: 302, 32: 113, 10: 181, 38: 277, 6: 252, 16: 254, 29: 350, 15: 413, 35: 665, 14: 666, 7: 735, 13: 766, 22: 826, 18: 889, 8: 793, 24: 757, 1: 693, 2: 105, 33: 70, 39: 131, 34: 224, 23: 256, 26: 449, 37: 482, 27: 515, 3: 516, 12: 551, 28: 714, 25: 810, 21: 938, 17: 969, 0: 941, 30: 877, 5: 851, 4: 852, 9: 822}
num_nodes_transformed_graph: 104
agent_paths:({0: [(22, 18), (21, 18), (21, 19), (20, 19), (20, 18), (20, 17), (20, 16), (19, 16), (19, 15), (18, 15), (17, 15), (16, 15), (16, 14), (15, 14), (15, 13), (15, 12), (15, 11), (14, 11), (14, 10), (14, 9), (15, 9), (16, 9), (16, 8), (16, 7), (16, 6), (16, 5), (16, 4), (16, 3), (17, 3), (18, 3), (19, 3), (20, 3), (21, 3), (21, 4), (21, 5), (21, 6), (21, 7), (21, 8), (22, 8), (23, 8), (24, 8), (25, 8), (25, 7), (26, 7), (27, 7), (28, 7), (29, 7), (30, 7), (30, 8), (30, 9), (30, 10), (29, 10), (29, 11), (29, 12), (29, 13), (29, 14), (30, 14), (30, 14)], 1: [(25, 21), (25, 20), (26, 20), (27, 20), (28, 20), (29, 20), (29, 21), (29, 22), (30, 22), (31, 22), (30, 22), (30, 23), (29, 23), (29, 24), (28, 24), (27, 24), (26, 24), (26, 25), (25, 25), (25, 26), (25, 27), (25, 26), (25, 25), (25, 24), (24, 24), (23, 24), (22, 24), (22, 23), (21, 23), (21, 22), (21, 21), (20, 21), (19, 21), (18, 21), (17, 21), (16, 21), (15, 21), (14, 21), (13, 21), (12, 21), (11, 21), (10, 21), (10, 20), (10, 19), (10, 18), (10, 17), (10, 16), (10, 15), (10, 14), (10, 13), (10, 12), (10, 11), (10, 10), (10, 9), (10, 8), (10, 7), (10, 6), (10, 5), (10, 4), (9, 4), (9, 3), (8, 3), (7, 3), (6, 3), (6, 2), (5, 2), (4, 2), (3, 2), (3, 3), (3, 4), (2, 4), (1, 4), (1, 5), (1, 6), (1, 7), (0, 7), (0, 8), (1, 8), (1, 9), (1, 10), (1, 11), (1, 12), (1, 13), (1, 14), (2, 14), (2, 15), (3, 15), (3, 16), (4, 16), (5, 16), (6, 16), (7, 16), (7, 17), (8, 17), (9, 17), (10, 17), (10, 18), (10, 19), (10, 20), (10, 21), (10, 22), (10, 23), (10, 24), (10, 25), (10, 26), (10, 27), (10, 28), (10, 29), (10, 30), (9, 30), (10, 30), (10, 29), (11, 29), (12, 29), (13, 29), (13, 28), (13, 27), (14, 27), (15, 27), (15, 26), (16, 26), (17, 26), (18, 26), (19, 26), (20, 26), (20, 25), (21, 25), (22, 25), (23, 25), (23, 25)]}, 128)