

CBSS-C STATS
starts:[132, 563, 822, 183, 419]
targets:[32, 263, 487, 661, 358, 321, 144, 497, 755, 167, 316, 445, 363, 75, 312, 907, 330, 982, 121, 931, 406, 278, 289, 56, 223, 912, 608, 884, 522, 737, 649, 68, 264, 712, 1016, 219, 42, 786, 318, 159, 173, 1018, 454, 338, 114, 934, 787, 919, 560, 595]
dests:[588, 580, 91, 191, 562]
ac_dict:{32: {0, 1}, 263: {1, 2}, 487: {2, 3}, 661: {3, 4}, 588: {0}, 580: {1}, 91: {2}, 191: {3}, 562: {4}}
clusters:[ 0 35  6 33 13  4 18  6  7 29  9  5 16 19 34 28  4  8 36 11 17 38 23 25
  5  3 32 26 10  2 39 20 22  0 21 31 30 37 27  1  9  2  1 12 24  8 14  7
  3 15]

round: 1
best_g_value: 239.0
open_list_size: 0
num_low_level_expanded: 521
search_success: 1
search_time: 8.393944352999824
n_tsp_call: 1
n_tsp_time: 8.319817642999624
n_roots: 1
num_conflicts: 0
target_assignment: {68: 0, 42: 0, 75: 0, 363: 0, 522: 0, 560: 1, 907: 1, 934: 1, 931: 1, 737: 1, 608: 1, 321: 4, 289: 4, 264: 4, 144: 4, 338: 4, 278: 4, 312: 4, 406: 4, 661: 4, 595: 4, 219: 3, 316: 3, 318: 3, 223: 3, 1016: 2, 919: 2, 884: 2, 787: 2, 786: 2, 712: 2, 649: 2, 487: 2, 454: 2, 358: 2, 263: 2, 167: 2, 114: 2, 56: 2, 121: 2}
cluster_target_selection: {20: 68, 30: 42, 19: 75, 16: 363, 10: 522, 3: 560, 28: 907, 8: 934, 11: 931, 2: 737, 32: 608, 4: 321, 23: 289, 22: 264, 18: 144, 12: 338, 38: 278, 34: 312, 17: 406, 33: 661, 15: 595, 31: 219, 9: 316, 27: 318, 5: 223, 21: 1016, 7: 919, 26: 884, 14: 787, 37: 786, 0: 712, 39: 649, 6: 487, 1: 454, 13: 358, 35: 263, 29: 167, 24: 114, 25: 56, 36: 121}
num_nodes_transformed_graph: 128
agent_paths:({0: [(4, 4), (4, 3), (4, 2), (4, 1), (5, 1), (6, 1), (7, 1), (8, 1), (9, 1), (10, 1), (11, 1), (11, 2), (11, 3), (11, 4), (11, 5), (11, 6), (11, 7), (11, 8), (11, 9), (11, 10), (11, 11), (10, 11), (10, 12), (10, 13), (10, 14), (10, 15), (10, 16), (11, 16), (12, 16), (12, 17), (12, 18), (12, 18)], 1: [(19, 17), (18, 17), (17, 17), (16, 17), (15, 17), (14, 17), (13, 17), (12, 17), (11, 17), (11, 18), (11, 19), (11, 20), (11, 21), (11, 22), (11, 23), (11, 24), (11, 25), (11, 26), (11, 27), (11, 28), (10, 28), (9, 28), (8, 28), (7, 28), (6, 28), (6, 29), (5, 29), (4, 29), (3, 29), (2, 29), (2, 28), (2, 27), (2, 26), (2, 25), (1, 25), (1, 24), (1, 23), (1, 22), (1, 21), (0, 21), (0, 20), (0, 19), (1, 19), (2, 19), (2, 18), (3, 18), (4, 18), (4, 18)], 2: [(22, 25), (23, 25), (24, 25), (24, 26), (24, 27), (24, 28), (24, 29), (24, 30), (24, 31), (24, 30), (23, 30), (23, 29), (23, 28), (23, 27), (22, 27), (21, 27), (20, 27), (19, 27), (19, 26), (19, 25), (19, 24), (18, 24), (17, 24), (16, 24), (15, 24), (14, 24), (13, 24), (12, 24), (11, 24), (10, 24), (9, 24), (8, 24), (8, 23), (8, 22), (8, 21), (8, 20), (9, 20), (8, 20), (7, 20), (7, 19), (7, 18), (7, 17), (7, 16), (7, 15), (6, 15), (6, 14), (6, 13), (6, 12), (6, 11), (6, 10), (6, 9), (7, 9), (7, 8), (7, 7), (7, 6), (7, 5), (7, 4), (8, 4), (9, 4), (10, 4), (11, 4), (12, 4), (13, 4), (14, 4), (14, 5), (15, 5), (16, 5), (16, 4), (16, 3), (17, 3), (18, 3), (19, 3), (20, 3), (20, 2), (21, 2), (22, 2), (22, 1), (23, 1), (24, 1), (24, 2), (25, 2), (25, 3), (26, 3), (27, 3), (27, 2), (27, 2)], 3: [(23, 5), (24, 5), (25, 5), (26, 5), (27, 5), (27, 6), (28, 6), (28, 7), (28, 8), (28, 9), (29, 9), (30, 9), (30, 8), (30, 7), (30, 6), (31, 6), (31, 5), (31, 5)], 4: [(3, 13), (2, 13), (1, 13), (1, 12), (1, 11), (1, 10), (1, 9), (2, 9), (3, 9), (4, 9), (5, 9), (6, 9), (7, 9), (7, 8), (8, 8), (9, 8), (9, 7), (9, 6), (10, 6), (10, 5), (11, 5), (12, 5), (13, 5), (14, 5), (15, 5), (16, 5), (16, 4), (17, 4), (18, 4), (18, 5), (18, 6), (18, 7), (18, 8), (18, 9), (18, 10), (18, 9), (19, 9), (20, 9), (20, 8), (21, 8), (22, 8), (23, 8), (24, 8), (24, 9), (23, 9), (22, 9), (22, 10), (22, 11), (22, 12), (21, 12), (21, 13), (21, 14), (21, 15), (21, 16), (21, 17), (21, 18), (21, 19), (21, 20), (20, 20), (19, 20), (19, 19), (19, 18), (18, 18), (18, 17), (18, 17)]}, 84)