

CBSS-C STATS
starts:[77, 857, 75, 213, 649]
targets:[982, 295, 43, 95, 434, 717, 420, 85, 716, 747, 706, 491, 994, 544, 145, 710, 328, 864, 465, 479, 568, 225, 936, 989, 171, 870, 954, 735, 386, 450, 286, 667, 94, 536, 587, 62, 406, 891, 1011, 996]
dests:[740, 769, 289, 58, 66]
ac_dict:{982: {0, 1}, 295: {1, 2}, 43: {2, 3}, 95: {3, 4}, 740: {0}, 769: {1}, 289: {2}, 58: {3}, 66: {4}}
clusters:[22 15  6 17 11  4 13  0  7  5 14 12  3  2 10  9  8  3  2  8  5  6 24 16
  1  7 23 13 19 21 14 11  1 12 18  4 10  0 20  9]

round: 4
best_g_value: 166.0
open_list_size: 3
num_low_level_expanded: 875
search_success: 1
search_time: 93.18227362700009
n_tsp_call: 30
n_tsp_time: 92.14297528299949
n_roots: 1
num_conflicts: 3
target_assignment: {145: 0, 434: 0, 465: 0, 491: 0, 587: 0, 747: 0, 891: 1, 954: 1, 989: 1, 982: 1, 1011: 1, 936: 1, 870: 1, 864: 1, 710: 4, 706: 4, 450: 4, 420: 4, 386: 4, 225: 4, 328: 2, 295: 2, 94: 3, 95: 3, 62: 3}
cluster_target_selection: {10: 145, 11: 434, 2: 465, 12: 491, 18: 587, 5: 747, 0: 891, 23: 954, 16: 989, 22: 982, 20: 1011, 24: 936, 7: 870, 3: 864, 9: 710, 14: 706, 21: 450, 13: 420, 19: 386, 6: 225, 8: 328, 15: 295, 1: 94, 17: 95, 4: 62}
num_nodes_transformed_graph: 198
agent_paths:({0: [(13, 2), (14, 2), (14, 3), (14, 4), (14, 5), (15, 5), (16, 5), (16, 4), (17, 4), (18, 4), (18, 5), (18, 6), (18, 7), (18, 8), (18, 9), (18, 10), (18, 11), (18, 12), (18, 13), (17, 13), (17, 14), (16, 14), (15, 14), (14, 14), (13, 14), (12, 14), (11, 14), (11, 15), (11, 16), (11, 17), (11, 18), (11, 19), (11, 20), (11, 21), (11, 22), (11, 23), (10, 23), (9, 23), (8, 23), (7, 23), (6, 23), (5, 23), (4, 23), (4, 23)], 1: [(25, 26), (26, 26), (27, 26), (27, 27), (26, 27), (26, 28), (26, 29), (27, 29), (28, 29), (29, 29), (29, 30), (28, 30), (27, 30), (26, 30), (25, 30), (24, 30), (23, 30), (22, 30), (21, 30), (20, 30), (19, 30), (19, 31), (18, 31), (17, 31), (16, 31), (15, 31), (14, 31), (13, 31), (12, 31), (11, 31), (10, 31), (9, 31), (8, 31), (8, 30), (8, 29), (7, 29), (6, 29), (6, 28), (6, 27), (5, 27), (4, 27), (3, 27), (2, 27), (1, 27), (0, 27), (0, 26), (0, 25), (0, 24), (1, 24), (1, 24)], 2: [(11, 2), (10, 2), (10, 3), (10, 4), (10, 5), (10, 6), (9, 6), (9, 7), (9, 8), (9, 9), (9, 10), (8, 10), (7, 10), (7, 9), (6, 9), (5, 9), (4, 9), (3, 9), (2, 9), (1, 9), (1, 9)], 3: [(21, 6), (21, 5), (21, 4), (21, 3), (22, 3), (23, 3), (24, 3), (25, 3), (26, 3), (27, 3), (27, 2), (28, 2), (29, 2), (30, 2), (31, 2), (30, 2), (30, 1), (29, 1), (28, 1), (27, 1), (26, 1), (26, 1)], 4: [(9, 20), (8, 20), (7, 20), (6, 20), (6, 21), (6, 22), (5, 22), (4, 22), (3, 22), (2, 22), (2, 21), (2, 20), (2, 19), (2, 18), (2, 17), (2, 16), (2, 15), (2, 14), (2, 13), (3, 13), (4, 13), (3, 13), (2, 13), (2, 12), (1, 12), (1, 11), (1, 10), (0, 10), (0, 9), (0, 8), (0, 7), (1, 7), (1, 6), (1, 5), (1, 4), (1, 3), (1, 2), (2, 2), (2, 2)]}, 48)