

CBSS-C STATS
starts:[510, 289, 751, 947, 681, 886, 931, 404, 211, 874]
targets:[32, 754, 486, 1000, 719, 379, 407, 944, 141, 901, 607, 618, 841, 172, 420]
dests:[545, 210, 555, 968, 725, 698, 74, 898, 144, 811]
ac_dict:{32: {0, 1}, 754: {1, 2}, 486: {2, 3}, 1000: {3, 4}, 719: {4, 5}, 379: {5, 6}, 407: {6, 7}, 944: {8, 7}, 141: {8, 9}, 545: {0}, 210: {1}, 555: {2}, 968: {3}, 725: {4}, 698: {5}, 74: {6}, 898: {7}, 144: {8}, 811: {9}}
clusters:[8 5 1 2 0 7 4 3 1 4 3 4 6 9 1]

round: 5
best_g_value: 224.0
open_list_size: 4
num_low_level_expanded: 1761
search_success: 1
search_time: 16.567868744954467
n_tsp_call: 17
n_tsp_time: 14.561582540161908
n_roots: 1
num_conflicts: 4
target_assignment: {607: 0, 754: 2, 32: 1, 172: 1, 1000: 3, 618: 7, 841: 7, 379: 5, 420: 6, 719: 4}
cluster_target_selection: {3: 607, 5: 754, 8: 32, 9: 172, 2: 1000, 4: 618, 6: 841, 7: 379, 1: 420, 0: 719}
num_nodes_transformed_graph: 98
agent_paths:({0: [(30, 15), (30, 16), (30, 17), (31, 17), (31, 18), (30, 18), (29, 18), (28, 18), (27, 18), (26, 18), (25, 18), (24, 18), (23, 18), (22, 18), (21, 18), (20, 18), (19, 18), (18, 18), (18, 17), (17, 17), (16, 17), (15, 17), (14, 17), (13, 17), (12, 17), (12, 16), (11, 16), (10, 16), (9, 16), (8, 16), (7, 16), (6, 16), (5, 16), (4, 16), (3, 16), (2, 16), (1, 16), (1, 17), (1, 17)], 1: [(1, 9), (1, 8), (1, 7), (1, 6), (1, 5), (1, 4), (1, 3), (0, 3), (0, 2), (0, 1), (1, 1), (2, 1), (3, 1), (4, 1), (5, 1), (6, 1), (7, 1), (8, 1), (9, 1), (10, 1), (11, 1), (12, 1), (12, 2), (12, 3), (12, 4), (12, 5), (13, 5), (14, 5), (15, 5), (16, 5), (17, 5), (18, 5), (18, 6), (18, 6)], 2: [(15, 23), (16, 23), (17, 23), (18, 23), (17, 23), (16, 23), (15, 23), (14, 23), (13, 23), (12, 23), (11, 23), (11, 22), (11, 21), (11, 20), (11, 19), (11, 18), (11, 17), (11, 17)], 3: [(19, 29), (18, 29), (17, 29), (16, 29), (15, 29), (14, 29), (13, 29), (12, 29), (11, 29), (10, 29), (10, 30), (9, 30), (8, 30), (8, 31), (8, 30), (8, 30)], 4: [(9, 21), (10, 21), (11, 21), (12, 21), (13, 21), (14, 21), (15, 21), (15, 22), (16, 22), (17, 22), (18, 22), (19, 22), (20, 22), (21, 22), (21, 22)], 5: [(22, 27), (22, 26), (22, 25), (22, 24), (23, 24), (24, 24), (24, 23), (24, 22), (24, 21), (24, 20), (24, 19), (25, 19), (25, 18), (25, 17), (25, 16), (25, 15), (25, 14), (25, 13), (25, 12), (25, 11), (26, 11), (27, 11), (26, 11), (26, 12), (26, 13), (26, 14), (26, 15), (26, 16), (26, 17), (26, 18), (25, 18), (25, 19), (25, 20), (26, 20), (26, 21), (26, 21)], 6: [(3, 29), (4, 29), (4, 28), (4, 27), (4, 26), (4, 25), (4, 24), (4, 23), (4, 22), (5, 22), (5, 21), (5, 20), (5, 19), (5, 18), (5, 17), (5, 16), (5, 15), (5, 14), (5, 13), (4, 13), (4, 12), (4, 11), (4, 10), (4, 9), (4, 8), (4, 7), (5, 7), (5, 6), (5, 5), (5, 4), (5, 3), (6, 3), (7, 3), (8, 3), (9, 3), (9, 2), (10, 2), (10, 2)], 7: [(20, 12), (19, 12), (18, 12), (17, 12), (16, 12), (15, 12), (14, 12), (14, 13), (13, 13), (12, 13), (12, 14), (11, 14), (10, 14), (10, 15), (10, 16), (10, 17), (10, 18), (10, 19), (9, 19), (9, 20), (9, 21), (9, 22), (9, 23), (9, 24), (9, 25), (9, 26), (8, 26), (7, 26), (6, 26), (5, 26), (4, 26), (3, 26), (2, 26), (2, 27), (2, 28), (2, 28)], 8: [(19, 6), (18, 6), (17, 6), (16, 6), (16, 5), (16, 4), (16, 4)], 9: [(10, 27), (10, 26), (10, 25), (11, 25), (11, 25)]}, 37)