

CBSS-C STATS
starts:[91, 334, 1003, 556, 916]
targets:[75, 1000, 685, 52, 635, 484, 13, 288, 430, 238, 889, 273, 66, 116, 809, 741, 366, 197, 812, 355]
dests:[709, 249, 926, 862, 226]
ac_dict:{75: {0, 1}, 1000: {1, 2}, 685: {2, 3}, 52: {3, 4}, 709: {0}, 249: {1}, 926: {2}, 862: {3}, 226: {4}}
clusters:[9 7 0 6 0 5 2 3 4 6 7 9 8 8 1 0 1 1 5 4]

round: 1
best_g_value: 160.0
open_list_size: 0
num_low_level_expanded: 485
search_success: 1
search_time: 1.6562729240395129
n_tsp_call: 1
n_tsp_time: 1.6200470719486475
n_roots: 1
num_conflicts: 0
target_assignment: {116: 0, 13: 0, 75: 0, 635: 3, 809: 4, 484: 4, 355: 4, 288: 4, 238: 1, 889: 2}
cluster_target_selection: {8: 116, 2: 13, 9: 75, 0: 635, 1: 809, 5: 484, 4: 355, 3: 288, 6: 238, 7: 889}
num_nodes_transformed_graph: 98
agent_paths:({0: [(27, 2), (27, 3), (26, 3), (25, 3), (24, 3), (23, 3), (22, 3), (21, 3), (20, 3), (19, 3), (18, 3), (17, 3), (16, 3), (16, 2), (16, 1), (15, 1), (14, 1), (13, 1), (13, 0), (12, 0), (11, 0), (11, 1), (11, 2), (10, 2), (9, 2), (9, 3), (8, 3), (7, 3), (7, 4), (7, 5), (7, 6), (7, 7), (7, 8), (7, 9), (6, 9), (6, 10), (6, 11), (6, 12), (6, 13), (5, 13), (5, 14), (5, 15), (5, 16), (5, 17), (5, 18), (5, 19), (5, 20), (5, 21), (5, 22), (5, 22)], 1: [(14, 10), (14, 9), (13, 9), (13, 8), (13, 7), (14, 7), (15, 7), (16, 7), (17, 7), (18, 7), (19, 7), (20, 7), (21, 7), (22, 7), (22, 6), (23, 6), (24, 6), (25, 6), (25, 7), (25, 7)], 2: [(11, 31), (11, 30), (11, 29), (11, 28), (11, 27), (12, 27), (13, 27), (14, 27), (15, 27), (16, 27), (17, 27), (18, 27), (19, 27), (20, 27), (21, 27), (22, 27), (23, 27), (24, 27), (25, 27), (26, 27), (27, 27), (28, 27), (29, 27), (30, 27), (30, 28), (30, 28)], 3: [(12, 17), (13, 17), (14, 17), (15, 17), (16, 17), (17, 17), (18, 17), (19, 17), (20, 17), (21, 17), (22, 17), (23, 17), (24, 17), (25, 17), (26, 17), (27, 17), (27, 18), (27, 19), (27, 20), (28, 20), (29, 20), (29, 21), (29, 22), (30, 22), (30, 23), (30, 24), (30, 25), (30, 26), (30, 26)], 4: [(20, 28), (19, 28), (18, 28), (17, 28), (16, 28), (15, 28), (14, 28), (13, 28), (12, 28), (11, 28), (10, 28), (9, 28), (9, 27), (9, 26), (9, 25), (8, 25), (7, 25), (7, 24), (7, 23), (6, 23), (5, 23), (5, 22), (5, 21), (5, 20), (5, 19), (4, 19), (4, 18), (4, 17), (4, 16), (4, 15), (3, 15), (3, 14), (3, 13), (3, 12), (3, 11), (2, 11), (1, 11), (0, 11), (0, 10), (0, 9), (0, 8), (0, 7), (1, 7), (2, 7), (2, 7)]}, 48)