

CBSS-C STATS
starts:[478, 909, 829, 962, 874]
targets:[43, 944, 139, 479, 294, 754, 867, 344, 647, 832]
dests:[205, 713, 900, 597, 13]
ac_dict:{43: {0, 1}, 944: {1, 2}, 139: {2, 3}, 479: {3, 4}, 205: {0}, 713: {1}, 900: {2}, 597: {3}, 13: {4}}
clusters:[1 0 0 0 1 0 0 0 0 1]

round: 1
best_g_value: 128.0
open_list_size: 0
num_low_level_expanded: 480
search_success: 1
search_time: 0.07644465519115329
n_tsp_call: 1
n_tsp_time: 0.05796307744458318
n_roots: 1
num_conflicts: 0
target_assignment: {832: 3, 647: 3}
cluster_target_selection: {1: 832, 0: 647}
num_nodes_transformed_graph: 29
agent_paths:({0: [(30, 14), (29, 14), (28, 14), (27, 14), (26, 14), (25, 14), (24, 14), (23, 14), (22, 14), (21, 14), (20, 14), (19, 14), (18, 14), (17, 14), (16, 14), (15, 14), (14, 14), (14, 13), (14, 12), (14, 11), (14, 10), (13, 10), (13, 9), (13, 8), (13, 7), (13, 6), (13, 6)], 1: [(13, 28), (12, 28), (11, 28), (10, 28), (9, 28), (9, 27), (9, 26), (9, 25), (9, 24), (9, 23), (9, 22), (9, 22)], 2: [(29, 25), (28, 25), (27, 25), (26, 25), (25, 25), (24, 25), (23, 25), (22, 25), (21, 25), (20, 25), (19, 25), (18, 25), (17, 25), (16, 25), (15, 25), (14, 25), (13, 25), (12, 25), (11, 25), (10, 25), (9, 25), (8, 25), (7, 25), (6, 25), (5, 25), (4, 25), (4, 26), (4, 27), (4, 28), (4, 28)], 3: [(2, 30), (1, 30), (0, 30), (0, 29), (0, 28), (0, 27), (0, 26), (0, 25), (0, 24), (0, 23), (1, 23), (1, 22), (2, 22), (3, 22), (4, 22), (5, 22), (5, 21), (5, 20), (6, 20), (7, 20), (7, 19), (8, 19), (9, 19), (10, 19), (11, 19), (12, 19), (13, 19), (14, 19), (15, 19), (16, 19), (17, 19), (18, 19), (18, 18), (19, 18), (20, 18), (21, 18), (21, 18)], 4: [(10, 27), (10, 26), (10, 25), (10, 24), (10, 23), (10, 22), (10, 21), (10, 20), (10, 19), (10, 18), (10, 17), (10, 16), (10, 15), (10, 14), (10, 13), (10, 12), (10, 11), (10, 10), (10, 9), (10, 8), (10, 7), (10, 6), (10, 5), (10, 4), (10, 3), (10, 2), (10, 1), (10, 0), (11, 0), (12, 0), (13, 0), (13, 0)]}, 35)