

CBSS-C STATS
starts:[615, 313, 639, 96, 562]
targets:[963, 701, 828, 561, 374, 698, 769, 581, 966, 528, 537, 483, 868, 906, 939, 821, 949, 907, 251, 187, 767, 667, 609, 574, 882, 857, 460, 67, 290, 843, 327, 134, 508, 999, 807, 283, 11, 569, 368, 834, 110, 816, 706, 344, 73, 654, 404, 385, 797, 33]
dests:[744, 466, 680, 795, 399]
ac_dict:{963: {0, 1}, 701: {1, 2}, 828: {2, 3}, 561: {3, 4}, 744: {0}, 466: {1}, 680: {2}, 795: {3}, 399: {4}}
clusters:[24  2  9 37 11 38 31  9 35  7  6 10 14  4  1  8 21  3 25  3  8 12 30  4
  2 13 18 20  5 23  0  1 32 29 17 28 34 33  7  0 22 36  5 15 19 26 27  6
 39 16]

round: 1
best_g_value: 196.0
open_list_size: 0
num_low_level_expanded: 406
search_success: 1
search_time: 29.236141407000105
n_tsp_call: 1
n_tsp_time: 29.122114394000164
n_roots: 1
num_conflicts: 0
target_assignment: {581: 0, 483: 0, 609: 0, 706: 0, 769: 0, 834: 0, 868: 0, 963: 0, 966: 0, 999: 0, 906: 0, 907: 0, 843: 0, 807: 0, 33: 3, 67: 3, 134: 3, 73: 3, 11: 3, 110: 3, 251: 3, 283: 3, 508: 3, 537: 3, 569: 3, 698: 3, 667: 3, 701: 2, 797: 2, 857: 2, 949: 2, 821: 2, 816: 2, 654: 2, 561: 4, 528: 4, 460: 4, 344: 1, 374: 1, 404: 1}
cluster_target_selection: {9: 581, 10: 483, 30: 609, 5: 706, 31: 769, 0: 834, 14: 868, 24: 963, 35: 966, 29: 999, 4: 906, 3: 907, 23: 843, 17: 807, 16: 33, 20: 67, 1: 134, 19: 73, 34: 11, 22: 110, 25: 251, 28: 283, 32: 508, 6: 537, 33: 569, 38: 698, 12: 667, 2: 701, 39: 797, 13: 857, 21: 949, 8: 821, 36: 816, 26: 654, 37: 561, 7: 528, 18: 460, 15: 344, 11: 374, 27: 404}
num_nodes_transformed_graph: 248
agent_paths:({0: [(7, 19), (6, 19), (5, 19), (5, 18), (4, 18), (3, 18), (3, 17), (3, 16), (3, 15), (2, 15), (2, 16), (2, 17), (2, 18), (2, 19), (1, 19), (2, 19), (2, 20), (2, 21), (2, 22), (1, 22), (1, 23), (1, 24), (2, 24), (2, 25), (2, 26), (3, 26), (4, 26), (4, 27), (4, 28), (4, 29), (3, 29), (3, 30), (3, 29), (4, 29), (5, 29), (6, 29), (6, 30), (7, 30), (7, 31), (7, 30), (7, 29), (7, 28), (8, 28), (9, 28), (10, 28), (11, 28), (11, 27), (11, 26), (10, 26), (9, 26), (8, 26), (7, 26), (7, 25), (7, 24), (7, 23), (8, 23), (8, 23)], 1: [(25, 9), (24, 9), (24, 10), (23, 10), (22, 10), (22, 11), (21, 11), (21, 12), (20, 12), (19, 12), (18, 12), (18, 13), (18, 14), (18, 14)], 2: [(31, 19), (30, 19), (29, 19), (29, 20), (29, 21), (29, 22), (29, 23), (29, 24), (28, 24), (27, 24), (26, 24), (25, 24), (25, 25), (25, 26), (24, 26), (23, 26), (22, 26), (22, 27), (21, 27), (20, 27), (20, 28), (20, 29), (21, 29), (20, 29), (20, 28), (20, 27), (20, 26), (20, 25), (21, 25), (20, 25), (19, 25), (18, 25), (17, 25), (16, 25), (15, 25), (15, 24), (15, 23), (15, 22), (15, 21), (14, 21), (14, 20), (13, 20), (12, 20), (11, 20), (10, 20), (9, 20), (8, 20), (8, 21), (8, 21)], 3: [(0, 3), (0, 2), (0, 1), (1, 1), (2, 1), (3, 1), (3, 2), (4, 2), (5, 2), (6, 2), (6, 3), (6, 4), (6, 3), (7, 3), (8, 3), (9, 3), (9, 2), (9, 1), (9, 0), (10, 0), (11, 0), (12, 0), (13, 0), (14, 0), (14, 1), (14, 2), (14, 3), (14, 4), (14, 5), (15, 5), (16, 5), (17, 5), (18, 5), (19, 5), (19, 6), (20, 6), (21, 6), (22, 6), (23, 6), (24, 6), (25, 6), (26, 6), (27, 6), (27, 7), (27, 8), (28, 8), (28, 9), (28, 10), (28, 11), (28, 12), (28, 13), (28, 14), (28, 15), (27, 15), (26, 15), (25, 15), (25, 16), (25, 17), (25, 18), (25, 19), (25, 20), (26, 20), (26, 21), (26, 20), (27, 20), (27, 21), (27, 22), (27, 23), (27, 24), (27, 24)], 4: [(18, 17), (17, 17), (16, 17), (16, 16), (15, 16), (14, 16), (13, 16), (12, 16), (12, 15), (12, 14), (12, 13), (13, 13), (14, 13), (14, 12), (15, 12), (15, 12)]}, 68)