

CBSS-C STATS
starts:[931, 313, 114, 322, 116, 507, 832, 426, 146, 946]
targets:[861, 130, 981, 46, 97]
dests:[555, 940, 407, 919, 315, 401, 927, 993, 535, 91]
ac_dict:{861: {0, 1}, 130: {1, 2}, 981: {2, 3}, 46: {3, 4}, 97: {4, 5}, 555: {0}, 940: {1}, 407: {2}, 919: {3}, 315: {4}, 401: {5}, 927: {6}, 993: {7}, 535: {8}, 91: {9}}
clusters:[0 0 1 1 1]

round: 3
best_g_value: 259.0
open_list_size: 2
num_low_level_expanded: 2109
search_success: 1
search_time: 0.12832286208868027
n_tsp_call: 1
n_tsp_time: 0.0628569470718503
n_roots: 1
num_conflicts: 2
target_assignment: {981: 3, 861: 1}
cluster_target_selection: {1: 981, 0: 861}
num_nodes_transformed_graph: 25
agent_paths:({0: [(3, 29), (4, 29), (4, 28), (4, 27), (4, 26), (4, 25), (4, 24), (4, 23), (4, 22), (5, 22), (5, 21), (5, 20), (5, 19), (5, 18), (5, 17), (6, 17), (7, 17), (8, 17), (9, 17), (10, 17), (11, 17), (11, 17)], 1: [(25, 9), (25, 10), (26, 10), (27, 10), (28, 10), (29, 10), (29, 11), (29, 12), (29, 13), (29, 14), (29, 15), (29, 16), (29, 17), (29, 18), (29, 19), (29, 20), (29, 21), (29, 22), (29, 23), (29, 24), (29, 25), (29, 26), (29, 27), (28, 27), (27, 27), (26, 27), (25, 27), (24, 27), (23, 27), (22, 27), (21, 27), (20, 27), (19, 27), (18, 27), (17, 27), (16, 27), (15, 27), (14, 27), (13, 27), (12, 27), (12, 28), (12, 29), (12, 29)], 2: [(18, 3), (19, 3), (20, 3), (21, 3), (21, 4), (21, 5), (21, 6), (22, 6), (22, 7), (22, 8), (23, 8), (23, 9), (23, 10), (23, 11), (23, 12), (23, 12)], 3: [(2, 10), (3, 10), (4, 10), (5, 10), (6, 10), (7, 10), (8, 10), (9, 10), (10, 10), (11, 10), (12, 10), (13, 10), (14, 10), (15, 10), (16, 10), (16, 11), (17, 11), (18, 11), (18, 12), (19, 12), (19, 13), (19, 14), (19, 15), (19, 16), (19, 17), (19, 18), (19, 19), (19, 20), (19, 21), (19, 22), (19, 23), (19, 24), (20, 24), (20, 25), (20, 26), (20, 27), (20, 28), (20, 29), (21, 29), (21, 30), (22, 30), (23, 30), (23, 29), (23, 28), (23, 28)], 4: [(20, 3), (21, 3), (22, 3), (23, 3), (24, 3), (25, 3), (26, 3), (27, 3), (27, 4), (27, 5), (27, 6), (27, 7), (27, 8), (27, 9), (27, 9)], 5: [(27, 15), (26, 15), (25, 15), (24, 15), (23, 15), (22, 15), (21, 15), (21, 14), (20, 14), (19, 14), (18, 14), (17, 14), (17, 13), (17, 12), (17, 12)], 6: [(0, 26), (0, 27), (1, 27), (2, 27), (3, 27), (4, 27), (5, 27), (6, 27), (6, 28), (7, 28), (8, 28), (9, 28), (10, 28), (11, 28), (12, 28), (13, 28), (14, 28), (15, 28), (16, 28), (17, 28), (18, 28), (19, 28), (20, 28), (20, 27), (21, 27), (22, 27), (23, 27), (23, 28), (24, 28), (25, 28), (26, 28), (27, 28), (28, 28), (29, 28), (30, 28), (31, 28), (31, 28)], 7: [(10, 13), (10, 14), (9, 14), (9, 15), (9, 16), (8, 16), (7, 16), (6, 16), (5, 16), (4, 16), (3, 16), (2, 16), (2, 17), (2, 18), (2, 19), (2, 20), (2, 21), (2, 22), (2, 23), (2, 24), (2, 25), (2, 26), (2, 27), (1, 27), (1, 28), (1, 29), (1, 30), (1, 31), (1, 31)], 8: [(18, 4), (19, 4), (20, 4), (21, 4), (21, 5), (21, 6), (22, 6), (22, 7), (22, 8), (23, 8), (23, 9), (23, 10), (23, 11), (23, 12), (23, 13), (23, 14), (23, 15), (23, 16), (23, 16)], 9: [(18, 29), (18, 28), (18, 27), (18, 26), (18, 25), (18, 24), (18, 23), (18, 22), (18, 21), (18, 20), (18, 19), (18, 18), (18, 17), (19, 17), (19, 16), (19, 15), (19, 14), (19, 13), (19, 12), (19, 11), (19, 10), (19, 9), (20, 9), (20, 8), (20, 7), (20, 6), (21, 6), (21, 5), (21, 4), (21, 3), (22, 3), (23, 3), (24, 3), (25, 3), (26, 3), (27, 3), (27, 2), (27, 2)]}, 43)