

CBSS-C STATS
starts:[935, 5, 431, 758, 309]
targets:[973, 1000, 323, 998, 641, 689, 36, 367, 467, 705]
dests:[666, 872, 794, 838, 481]
ac_dict:{973: {0, 1}, 1000: {1, 2}, 323: {2, 3}, 998: {3, 4}, 666: {0}, 872: {1}, 794: {2}, 838: {3}, 481: {4}}
clusters:[0 0 4 0 4 1 2 3 2 3]

round: 1
best_g_value: 135.0
open_list_size: 0
num_low_level_expanded: 446
search_success: 1
search_time: 0.33037710888311267
n_tsp_call: 1
n_tsp_time: 0.31088255997747183
n_roots: 1
num_conflicts: 0
target_assignment: {973: 0, 689: 0, 467: 2, 641: 1, 705: 1}
cluster_target_selection: {0: 973, 1: 689, 2: 467, 4: 641, 3: 705}
num_nodes_transformed_graph: 48
agent_paths:({0: [(7, 29), (8, 29), (8, 30), (9, 30), (10, 30), (11, 30), (12, 30), (13, 30), (13, 29), (13, 28), (13, 27), (13, 26), (13, 25), (13, 24), (13, 23), (13, 22), (13, 21), (14, 21), (15, 21), (16, 21), (17, 21), (17, 20), (18, 20), (19, 20), (20, 20), (21, 20), (22, 20), (23, 20), (24, 20), (25, 20), (26, 20), (26, 20)], 1: [(5, 0), (4, 0), (3, 0), (3, 1), (3, 2), (3, 3), (3, 4), (3, 5), (3, 6), (3, 7), (3, 8), (3, 9), (2, 9), (2, 10), (2, 11), (2, 12), (2, 13), (2, 14), (2, 15), (2, 16), (2, 17), (2, 18), (2, 19), (1, 19), (1, 20), (1, 21), (1, 22), (2, 22), (3, 22), (4, 22), (5, 22), (6, 22), (7, 22), (8, 22), (8, 23), (8, 24), (8, 25), (8, 26), (8, 27), (8, 27)], 2: [(15, 13), (16, 13), (17, 13), (18, 13), (19, 13), (19, 14), (20, 14), (21, 14), (22, 14), (23, 14), (24, 14), (25, 14), (25, 15), (25, 16), (25, 17), (25, 18), (25, 19), (25, 20), (26, 20), (26, 21), (26, 22), (26, 23), (26, 24), (26, 24)], 3: [(22, 23), (22, 24), (22, 25), (21, 25), (20, 25), (19, 25), (18, 25), (17, 25), (16, 25), (15, 25), (14, 25), (13, 25), (12, 25), (11, 25), (10, 25), (9, 25), (8, 25), (7, 25), (6, 25), (6, 26), (6, 26)], 4: [(21, 9), (20, 9), (19, 9), (18, 9), (17, 9), (16, 9), (15, 9), (14, 9), (13, 9), (13, 10), (12, 10), (11, 10), (10, 10), (9, 10), (8, 10), (7, 10), (6, 10), (5, 10), (4, 10), (3, 10), (2, 10), (1, 10), (1, 11), (1, 12), (1, 13), (1, 14), (1, 15), (1, 15)]}, 38)