

CBSS-C STATS
starts:[650, 352]
targets:[70, 626, 261, 385, 41, 665, 255, 813, 1004, 809, 346, 825, 946, 494, 166, 144, 114, 960, 265, 622, 208, 862, 938, 769, 797, 732, 712, 864, 102, 284, 777, 672, 313, 734, 819, 8, 93, 54, 28, 884, 274, 559, 630, 520, 273, 68, 581, 510, 919, 281, 472, 821, 135, 566, 496, 700, 297, 785, 471, 252, 962, 413, 417, 190, 801, 924, 679, 347, 984, 916, 257, 573, 217, 710, 163, 280, 295, 3, 477, 138, 118, 628, 386, 302, 19, 285, 877, 992, 814, 1012, 778, 771, 930, 728, 548, 914, 330, 848, 666, 59]
dests:[727, 97]
ac_dict:{70: {0, 1}, 727: {0}, 97: {1}}
clusters:[34 38 15 31 20 37 11 28 34  3 15 29 39 38 10  5  4 23 19 34 23 32 30 22
  7 26 18  5 11  2 26 29 26 24 13  8 21 10 29 20 21 26  3  9 14 10 13 27
 25 11 13 36 17 28 27  0 18 37 11 25 20  3 36 14 25 11  3 12 28 22 14 22
 27  4 30 25  6 11 32  1  6 36 13  4  4 14  6 39 31 33 30 13 30 26 16 28
 30 35  6 26]

round: 1
best_g_value: 436.0
open_list_size: 0
num_low_level_expanded: 283
search_success: 1
search_time: 53.965552948997356
n_tsp_call: 1
n_tsp_time: 53.7901611289999
n_roots: 1
num_conflicts: 0
target_assignment: {778: 0, 809: 0, 813: 0, 814: 0, 848: 0, 946: 0, 1012: 0, 916: 0, 884: 0, 821: 0, 825: 0, 797: 0, 862: 0, 734: 0, 732: 0, 700: 0, 666: 0, 665: 0, 386: 1, 548: 1, 520: 1, 494: 1, 302: 1, 273: 1, 274: 1, 346: 1, 347: 1, 284: 1, 252: 1, 217: 1, 208: 1, 144: 1, 265: 1, 297: 1, 138: 1, 135: 1, 102: 1, 70: 1, 8: 1, 68: 1}
cluster_target_selection: {30: 778, 3: 809, 28: 813, 31: 814, 35: 848, 39: 946, 33: 1012, 22: 916, 20: 884, 36: 821, 29: 825, 7: 797, 32: 862, 24: 734, 26: 732, 0: 700, 6: 666, 37: 665, 13: 386, 16: 548, 9: 520, 38: 494, 4: 302, 14: 273, 21: 274, 15: 346, 12: 347, 2: 284, 25: 252, 27: 217, 23: 208, 5: 144, 19: 265, 18: 297, 1: 138, 17: 135, 11: 102, 34: 70, 8: 8, 10: 68}
num_nodes_transformed_graph: 204
agent_paths:({0: [(10, 20), (10, 21), (10, 22), (10, 23), (10, 24), (9, 24), (9, 25), (10, 25), (11, 25), (12, 25), (13, 25), (14, 25), (15, 25), (16, 25), (16, 26), (17, 26), (18, 26), (18, 27), (18, 28), (18, 29), (19, 29), (20, 29), (20, 30), (20, 31), (20, 30), (20, 29), (20, 28), (20, 27), (20, 26), (20, 25), (21, 25), (22, 25), (23, 25), (24, 25), (25, 25), (25, 24), (26, 24), (27, 24), (28, 24), (29, 24), (30, 24), (30, 25), (30, 26), (30, 25), (30, 24), (30, 23), (30, 22), (29, 22), (28, 22), (28, 21), (27, 21), (26, 21), (26, 20), (25, 20), (24, 20), (23, 20), (23, 21), (23, 22), (23, 22)], 1: [(0, 11), (1, 11), (2, 11), (2, 12), (3, 12), (3, 13), (3, 14), (3, 15), (4, 15), (4, 16), (4, 17), (4, 16), (5, 16), (6, 16), (7, 16), (8, 16), (9, 16), (9, 15), (10, 15), (11, 15), (12, 15), (13, 15), (14, 15), (14, 14), (14, 13), (14, 12), (14, 11), (14, 10), (14, 9), (15, 9), (16, 9), (16, 8), (17, 8), (18, 8), (18, 9), (19, 9), (20, 9), (21, 9), (22, 9), (23, 9), (24, 9), (25, 9), (25, 10), (26, 10), (27, 10), (27, 9), (27, 8), (28, 8), (28, 7), (27, 7), (26, 7), (25, 7), (25, 6), (24, 6), (23, 6), (22, 6), (21, 6), (20, 6), (19, 6), (18, 6), (17, 6), (16, 6), (16, 5), (16, 4), (16, 5), (15, 5), (14, 5), (13, 5), (12, 5), (11, 5), (10, 5), (10, 6), (9, 6), (9, 7), (9, 8), (9, 9), (9, 8), (9, 7), (9, 6), (10, 6), (10, 5), (10, 4), (9, 4), (8, 4), (7, 4), (6, 4), (6, 3), (6, 2), (6, 1), (7, 1), (8, 1), (8, 0), (8, 1), (7, 1), (6, 1), (5, 1), (4, 1), (4, 2), (3, 2), (2, 2), (1, 2), (1, 3), (1, 3)]}, 101)