

CBSS-C STATS
starts:[472, 896]
targets:[768, 283, 943, 193, 958, 74, 655, 155, 467, 845, 736, 916, 24, 735, 957, 139, 492, 106, 555, 501, 751, 637, 632, 318, 61, 850, 771, 387, 781, 706, 233, 471, 641, 251, 731, 849, 68, 570, 478, 745, 6, 491, 273, 429, 481, 10, 951, 265, 705, 829, 746, 236, 792, 256, 15, 645, 336, 651, 357, 790, 70, 984, 941, 184, 388, 857, 879, 545, 1005, 777, 211, 672, 516, 151, 876, 631, 814, 426, 997, 12, 373, 743, 420, 920, 210, 1004, 91, 55, 809, 398, 95, 39, 589, 293, 133, 776, 461, 870, 989, 538]
dests:[793, 450]
ac_dict:{768: {0, 1}, 793: {0}, 450: {1}}
clusters:[ 8  1  8 11  7 11  2  6  9 30 31 32  2 26 14 19 27 29  2  3  1 25  5 23
 33 32  9  3 10 16 28 20 18 18 32 22 34 22 25  8 17 29 26 37 32  1 39 29
 29 21 17 24 14 20  2 39 35 21 24  8 31  4 28  3 34 25 30 26 16 30 10  0
 18 13  1  9 20  9  5 35 28  2  8 30 36  9 12  9 35  3  6 10 29  6 15  7
 38 39  7  4]

round: 1
best_g_value: 429.0
open_list_size: 0
num_low_level_expanded: 282
search_success: 1
search_time: 51.569956465005816
n_tsp_call: 1
n_tsp_time: 51.39275431400165
n_roots: 1
num_conflicts: 0
target_assignment: {471: 0, 373: 0, 273: 0, 210: 0, 211: 0, 151: 0, 91: 0, 61: 0, 251: 0, 283: 0, 318: 0, 478: 0, 538: 0, 570: 0, 632: 0, 792: 0, 736: 1, 672: 1, 706: 1, 771: 1, 870: 1, 776: 1, 809: 1, 777: 1, 745: 1, 746: 1, 651: 1, 555: 1, 491: 1, 492: 1, 461: 1, 429: 1, 139: 1, 74: 1, 133: 1, 293: 1, 357: 1, 388: 1, 387: 1, 481: 1}
cluster_target_selection: {20: 471, 28: 373, 26: 273, 36: 210, 10: 211, 13: 151, 12: 91, 33: 61, 18: 251, 1: 283, 23: 318, 25: 478, 4: 538, 22: 570, 5: 632, 14: 792, 31: 736, 0: 672, 16: 706, 9: 771, 39: 870, 7: 776, 35: 809, 30: 777, 8: 745, 17: 746, 21: 651, 2: 555, 29: 491, 27: 492, 38: 461, 37: 429, 19: 139, 11: 74, 15: 133, 6: 293, 24: 357, 34: 388, 3: 387, 32: 481}
num_nodes_transformed_graph: 204
agent_paths:({0: [(24, 14), (23, 14), (22, 14), (21, 14), (21, 13), (21, 12), (21, 11), (21, 10), (20, 10), (19, 10), (18, 10), (18, 9), (17, 9), (17, 8), (17, 7), (17, 6), (18, 6), (19, 6), (19, 5), (19, 4), (20, 4), (21, 4), (22, 4), (23, 4), (23, 3), (24, 3), (25, 3), (26, 3), (27, 3), (27, 2), (27, 1), (28, 1), (29, 1), (28, 1), (27, 1), (27, 2), (27, 3), (27, 4), (27, 5), (27, 6), (27, 7), (27, 8), (28, 8), (29, 8), (30, 8), (30, 9), (30, 10), (30, 11), (30, 12), (29, 12), (29, 13), (29, 14), (30, 14), (29, 14), (28, 14), (27, 14), (26, 14), (26, 15), (26, 16), (26, 17), (25, 17), (24, 17), (24, 18), (24, 19), (24, 20), (24, 21), (24, 22), (24, 23), (24, 24), (25, 24), (25, 24)], 1: [(0, 28), (0, 27), (0, 26), (0, 25), (0, 24), (0, 23), (1, 23), (1, 22), (1, 21), (0, 21), (1, 21), (2, 21), (2, 22), (3, 22), (3, 23), (3, 24), (4, 24), (4, 25), (5, 25), (6, 25), (6, 26), (6, 27), (6, 26), (6, 25), (7, 25), (7, 24), (8, 24), (9, 24), (9, 25), (9, 24), (9, 23), (10, 23), (10, 22), (10, 21), (10, 20), (11, 20), (11, 19), (11, 18), (11, 17), (11, 16), (11, 15), (12, 15), (12, 14), (13, 14), (13, 13), (12, 13), (12, 12), (12, 11), (11, 11), (11, 10), (11, 9), (11, 8), (11, 7), (11, 6), (11, 5), (11, 4), (10, 4), (10, 3), (10, 2), (9, 2), (9, 3), (8, 3), (7, 3), (6, 3), (5, 3), (5, 4), (5, 5), (5, 6), (5, 7), (5, 8), (5, 9), (5, 10), (5, 11), (4, 11), (4, 12), (3, 12), (2, 12), (1, 12), (1, 13), (1, 14), (1, 15), (1, 14), (2, 14), (2, 14)]}, 82)