

CBSS-C STATS
starts:[80, 545, 146, 661, 308]
targets:[708, 595, 892, 429, 74, 341, 22, 970, 1, 912, 893, 504, 253, 531, 941, 284, 597, 73, 450, 603, 693, 792, 494, 830, 563, 692, 58, 1014, 811, 672, 347, 43, 1018, 837, 1011, 238, 842, 117, 942, 107, 9, 587, 668, 326, 630, 329, 673, 465, 520, 746]
dests:[910, 812, 851, 10, 652]
ac_dict:{708: {0, 1}, 595: {1, 2}, 892: {2, 3}, 429: {3, 4}, 910: {0}, 812: {1}, 851: {2}, 10: {3}, 652: {4}}
clusters:[27 15 28  6 11 12 16 13  6 27  4  2 25 22  3 21 27  5  9  2 17 15 17 13
 29 14 20 14  0 23 18  7 10 18 29  1 26 19 13  3 14  1 14 24 18 25 21 23
  8  0]

round: 1
best_g_value: 204.0
open_list_size: 0
num_low_level_expanded: 442
search_success: 1
search_time: 5.234294570999737
n_tsp_call: 1
n_tsp_time: 5.171586768999987
n_roots: 1
num_conflicts: 0
target_assignment: {43: 0, 74: 0, 73: 0, 326: 0, 329: 0, 746: 0, 842: 0, 941: 0, 942: 0, 341: 4, 465: 4, 429: 4, 597: 3, 504: 3, 347: 3, 284: 3, 58: 3, 117: 3, 22: 3, 450: 1, 520: 1, 587: 1, 531: 2, 563: 2, 595: 2, 692: 2, 693: 2, 893: 2, 892: 2, 1018: 2}
cluster_target_selection: {7: 43, 11: 74, 5: 73, 24: 326, 25: 329, 0: 746, 26: 842, 3: 941, 13: 942, 12: 341, 23: 465, 6: 429, 27: 597, 2: 504, 18: 347, 21: 284, 20: 58, 19: 117, 16: 22, 9: 450, 8: 520, 1: 587, 22: 531, 29: 563, 15: 595, 14: 692, 17: 693, 4: 893, 28: 892, 10: 1018}
num_nodes_transformed_graph: 123
agent_paths:({0: [(16, 2), (16, 1), (15, 1), (14, 1), (13, 1), (12, 1), (11, 1), (10, 1), (10, 2), (9, 2), (9, 3), (8, 3), (7, 3), (7, 4), (7, 5), (7, 6), (7, 7), (7, 8), (7, 9), (6, 9), (6, 10), (7, 10), (8, 10), (9, 10), (10, 10), (10, 11), (10, 12), (10, 13), (10, 14), (10, 15), (10, 16), (10, 17), (10, 18), (10, 19), (10, 20), (10, 21), (10, 22), (10, 23), (10, 24), (10, 25), (10, 26), (11, 26), (12, 26), (13, 26), (13, 27), (13, 28), (13, 29), (14, 29), (14, 28), (14, 28)], 1: [(1, 17), (1, 16), (1, 15), (1, 14), (2, 14), (3, 14), (3, 15), (4, 15), (5, 15), (6, 15), (7, 15), (7, 16), (8, 16), (9, 16), (10, 16), (11, 16), (11, 17), (11, 18), (12, 18), (12, 19), (12, 20), (12, 21), (12, 22), (12, 23), (12, 24), (12, 25), (12, 25)], 2: [(18, 4), (18, 5), (18, 6), (18, 7), (18, 8), (18, 9), (19, 9), (19, 10), (19, 11), (19, 12), (19, 13), (19, 14), (19, 15), (19, 16), (19, 17), (19, 18), (20, 18), (20, 19), (20, 20), (20, 21), (21, 21), (22, 21), (23, 21), (24, 21), (25, 21), (26, 21), (27, 21), (28, 21), (29, 21), (29, 22), (29, 23), (29, 24), (29, 25), (29, 26), (29, 27), (28, 27), (27, 27), (26, 27), (26, 28), (26, 29), (26, 30), (26, 31), (25, 31), (24, 31), (24, 30), (23, 30), (22, 30), (21, 30), (20, 30), (19, 30), (19, 29), (19, 28), (19, 27), (19, 26), (19, 26)], 3: [(21, 20), (21, 19), (21, 18), (21, 17), (21, 16), (21, 15), (22, 15), (23, 15), (24, 15), (24, 14), (24, 13), (24, 12), (24, 11), (24, 10), (25, 10), (26, 10), (27, 10), (27, 9), (27, 8), (28, 8), (27, 8), (27, 7), (27, 6), (27, 5), (27, 4), (27, 3), (27, 2), (27, 1), (26, 1), (27, 1), (27, 2), (27, 3), (26, 3), (25, 3), (24, 3), (23, 3), (22, 3), (21, 3), (21, 2), (22, 2), (22, 1), (22, 0), (21, 0), (20, 0), (19, 0), (19, 1), (18, 1), (17, 1), (16, 1), (15, 1), (14, 1), (13, 1), (12, 1), (11, 1), (10, 1), (10, 0), (10, 0)], 4: [(20, 9), (21, 9), (21, 10), (20, 10), (19, 10), (18, 10), (18, 11), (17, 11), (17, 12), (17, 13), (17, 14), (16, 14), (15, 14), (14, 14), (13, 14), (13, 13), (12, 13), (12, 14), (12, 15), (12, 16), (12, 17), (12, 18), (12, 19), (12, 20), (12, 20)]}, 55)