

CBSS-C STATS
starts:[942, 1016, 663, 448, 80, 896, 509, 915, 705, 116]
targets:[1011, 808, 75, 670, 475]
dests:[732, 254, 362, 212, 830, 165, 289, 118, 525, 982]
ac_dict:{1011: {0, 1}, 808: {1, 2}, 75: {2, 3}, 670: {3, 4}, 475: {4, 5}, 732: {0}, 254: {1}, 362: {2}, 212: {3}, 830: {4}, 165: {5}, 289: {6}, 118: {7}, 525: {8}, 982: {9}}
clusters:[0 0 0 0 1]

round: 1
best_g_value: 279.0
open_list_size: 0
num_low_level_expanded: 1175
search_success: 1
search_time: 0.1537542613223195
n_tsp_call: 1
n_tsp_time: 0.10460914205759764
n_roots: 1
num_conflicts: 0
target_assignment: {475: 4, 670: 4}
cluster_target_selection: {1: 475, 0: 670}
num_nodes_transformed_graph: 30
agent_paths:({0: [(14, 29), (14, 28), (14, 27), (15, 27), (15, 26), (15, 25), (16, 25), (17, 25), (18, 25), (19, 25), (20, 25), (21, 25), (22, 25), (22, 24), (23, 24), (24, 24), (25, 24), (26, 24), (26, 23), (26, 22), (27, 22), (28, 22), (28, 22)], 1: [(24, 31), (24, 30), (24, 29), (24, 28), (24, 27), (24, 26), (24, 25), (24, 24), (24, 23), (24, 22), (24, 21), (24, 20), (24, 19), (24, 18), (24, 17), (24, 16), (24, 15), (24, 14), (24, 13), (24, 12), (24, 11), (24, 10), (24, 9), (24, 8), (25, 8), (25, 7), (26, 7), (27, 7), (28, 7), (29, 7), (30, 7), (30, 7)], 2: [(23, 20), (22, 20), (21, 20), (20, 20), (19, 20), (18, 20), (17, 20), (16, 20), (15, 20), (14, 20), (13, 20), (12, 20), (11, 20), (10, 20), (10, 19), (10, 18), (10, 17), (10, 16), (10, 15), (10, 14), (10, 13), (10, 12), (10, 11), (10, 11)], 3: [(0, 14), (1, 14), (1, 13), (1, 12), (1, 11), (1, 10), (1, 9), (1, 8), (1, 7), (2, 7), (3, 7), (4, 7), (5, 7), (6, 7), (7, 7), (7, 6), (8, 6), (9, 6), (10, 6), (11, 6), (12, 6), (13, 6), (14, 6), (15, 6), (16, 6), (17, 6), (18, 6), (19, 6), (20, 6), (20, 6)], 4: [(16, 2), (17, 2), (17, 3), (18, 3), (19, 3), (20, 3), (21, 3), (22, 3), (23, 3), (24, 3), (25, 3), (25, 4), (25, 5), (25, 6), (25, 7), (25, 8), (25, 9), (25, 10), (26, 10), (26, 11), (26, 12), (26, 13), (27, 13), (27, 14), (28, 14), (29, 14), (30, 14), (30, 15), (30, 16), (30, 17), (30, 18), (30, 19), (30, 20), (29, 20), (29, 21), (29, 22), (30, 22), (30, 23), (30, 24), (30, 25), (30, 25)], 5: [(0, 28), (0, 27), (0, 26), (0, 25), (0, 24), (0, 23), (1, 23), (1, 22), (1, 21), (1, 20), (1, 19), (2, 19), (2, 18), (2, 17), (2, 16), (2, 15), (2, 14), (2, 13), (2, 12), (2, 11), (2, 10), (2, 9), (3, 9), (3, 8), (3, 7), (3, 6), (3, 5), (4, 5), (5, 5), (5, 5)], 6: [(29, 15), (28, 15), (27, 15), (26, 15), (25, 15), (24, 15), (23, 15), (22, 15), (21, 15), (21, 14), (20, 14), (19, 14), (18, 14), (17, 14), (16, 14), (15, 14), (14, 14), (13, 14), (12, 14), (11, 14), (10, 14), (10, 13), (10, 12), (9, 12), (9, 11), (9, 10), (8, 10), (7, 10), (6, 10), (5, 10), (4, 10), (3, 10), (2, 10), (1, 10), (1, 9), (1, 9)], 7: [(19, 28), (19, 27), (19, 26), (19, 25), (19, 24), (19, 23), (19, 22), (19, 21), (19, 20), (19, 19), (19, 18), (19, 17), (19, 16), (19, 15), (19, 14), (19, 13), (19, 12), (19, 11), (19, 10), (19, 9), (20, 9), (20, 8), (20, 7), (20, 6), (21, 6), (21, 5), (21, 4), (21, 3), (22, 3), (22, 3)], 8: [(1, 22), (1, 21), (1, 20), (1, 19), (2, 19), (2, 18), (2, 17), (2, 16), (3, 16), (4, 16), (5, 16), (6, 16), (7, 16), (8, 16), (9, 16), (10, 16), (11, 16), (12, 16), (13, 16), (13, 16)], 9: [(20, 3), (21, 3), (21, 4), (21, 5), (21, 6), (21, 7), (21, 8), (21, 9), (21, 10), (21, 11), (21, 12), (21, 13), (21, 14), (21, 15), (21, 16), (21, 17), (21, 18), (21, 19), (21, 20), (21, 21), (21, 22), (21, 23), (22, 23), (22, 24), (22, 25), (22, 26), (22, 27), (23, 27), (23, 28), (23, 29), (23, 30), (22, 30), (22, 30)]}, 39)