

CBSS-C STATS
starts:[28, 780, 237, 492, 219]
targets:[322, 369, 706, 114, 823, 294, 652, 856, 569, 959, 274, 997, 533, 531, 130, 116, 260, 31, 579, 711, 241, 616, 662, 292, 253, 643, 233, 236, 112, 813, 985, 799, 346, 690, 973, 505, 178, 919, 672, 77, 297, 612, 1014, 615, 303, 691, 640, 908, 930, 574]
dests:[969, 934, 195, 548, 215]
ac_dict:{322: {0, 1}, 369: {1, 2}, 706: {2, 3}, 114: {3, 4}, 969: {0}, 934: {1}, 195: {2}, 548: {3}, 215: {4}}
clusters:[36 26  0 32 16 31 27 38 19  4 21 39  7  8  9  8 13 14  7  2 22 10 18 37
 29 15 23 17  5  6 12 25  3  1 28  6  5  1 11  9 30  4  2 33  0 35 24 34
  3 20]

round: 1
best_g_value: 225.0
open_list_size: 0
num_low_level_expanded: 455
search_success: 1
search_time: 6.310437352000008
n_tsp_call: 1
n_tsp_time: 6.248327986999357
n_roots: 1
num_conflicts: 0
target_assignment: {31: 0, 253: 0, 574: 0, 505: 0, 569: 0, 662: 0, 691: 0, 690: 0, 823: 0, 856: 0, 799: 0, 985: 0, 1014: 0, 973: 0, 908: 0, 303: 2, 369: 2, 274: 2, 241: 2, 236: 2, 233: 2, 297: 2, 294: 2, 292: 2, 260: 2, 130: 2, 652: 1, 616: 1, 615: 1, 612: 1, 579: 1, 322: 1, 643: 1, 640: 1, 672: 1, 930: 1, 997: 1, 116: 4, 114: 4, 178: 4}
cluster_target_selection: {14: 31, 29: 253, 20: 574, 6: 505, 19: 569, 18: 662, 35: 691, 1: 690, 16: 823, 38: 856, 25: 799, 12: 985, 2: 1014, 28: 973, 34: 908, 0: 303, 26: 369, 21: 274, 22: 241, 17: 236, 23: 233, 30: 297, 31: 294, 37: 292, 13: 260, 9: 130, 27: 652, 10: 616, 33: 615, 4: 612, 7: 579, 36: 322, 15: 643, 24: 640, 11: 672, 3: 930, 39: 997, 8: 116, 32: 114, 5: 178}
num_nodes_transformed_graph: 126
agent_paths:({0: [(28, 0), (29, 0), (30, 0), (31, 0), (30, 0), (30, 1), (30, 2), (30, 3), (30, 4), (29, 4), (29, 5), (29, 6), (29, 7), (29, 8), (29, 9), (29, 10), (29, 11), (29, 12), (29, 13), (29, 14), (30, 14), (30, 15), (30, 16), (30, 17), (29, 17), (29, 16), (28, 16), (27, 16), (26, 16), (25, 16), (25, 15), (25, 16), (25, 17), (24, 17), (23, 17), (22, 17), (22, 18), (22, 19), (22, 20), (21, 20), (20, 20), (19, 20), (19, 21), (18, 21), (19, 21), (20, 21), (21, 21), (21, 22), (21, 23), (22, 23), (22, 24), (23, 24), (23, 25), (24, 25), (24, 26), (24, 25), (24, 24), (25, 24), (26, 24), (27, 24), (28, 24), (29, 24), (30, 24), (31, 24), (30, 24), (29, 24), (28, 24), (27, 24), (26, 24), (25, 24), (25, 25), (25, 26), (25, 27), (25, 28), (25, 29), (25, 30), (24, 30), (23, 30), (22, 30), (22, 31), (21, 31), (20, 31), (19, 31), (18, 31), (17, 31), (16, 31), (15, 31), (14, 31), (13, 31), (13, 30), (12, 30), (12, 29), (12, 28), (11, 28), (10, 28), (10, 29), (10, 30), (9, 30), (9, 30)], 1: [(12, 24), (12, 23), (12, 22), (12, 21), (12, 20), (11, 20), (10, 20), (9, 20), (8, 20), (8, 19), (7, 19), (6, 19), (5, 19), (4, 19), (4, 18), (3, 18), (2, 18), (2, 17), (2, 16), (2, 15), (2, 14), (2, 13), (2, 12), (2, 11), (2, 10), (2, 11), (2, 12), (2, 13), (2, 14), (2, 15), (2, 16), (2, 17), (2, 18), (2, 19), (2, 20), (3, 20), (2, 20), (1, 20), (0, 20), (0, 21), (1, 21), (2, 21), (2, 22), (2, 23), (2, 24), (2, 25), (2, 26), (2, 27), (2, 28), (2, 29), (3, 29), (4, 29), (5, 29), (5, 30), (5, 31), (5, 30), (5, 29), (6, 29), (6, 29)], 2: [(13, 7), (13, 8), (13, 9), (14, 9), (15, 9), (16, 9), (16, 10), (16, 11), (17, 11), (18, 11), (18, 10), (18, 9), (18, 8), (17, 8), (17, 7), (16, 7), (15, 7), (14, 7), (13, 7), (12, 7), (11, 7), (10, 7), (9, 7), (9, 8), (9, 9), (9, 8), (8, 8), (7, 8), (7, 9), (6, 9), (5, 9), (4, 9), (4, 8), (3, 8), (3, 7), (2, 7), (2, 6), (2, 5), (2, 4), (3, 4), (3, 5), (3, 6), (3, 6)], 3: [(12, 15), (11, 15), (10, 15), (9, 15), (9, 16), (8, 16), (7, 16), (6, 16), (5, 16), (4, 16), (4, 17), (4, 17)], 4: [(27, 6), (26, 6), (25, 6), (24, 6), (23, 6), (22, 6), (21, 6), (21, 5), (21, 4), (20, 4), (20, 3), (19, 3), (18, 3), (18, 4), (18, 5), (19, 5), (19, 6), (20, 6), (21, 6), (22, 6), (23, 6), (23, 6)]}, 97)