

CBSS-C STATS
starts:[840, 848, 55, 158, 666]
targets:[643, 959, 181, 113, 900, 132, 931, 205, 733, 197, 784, 147, 178, 686, 615, 220, 15, 24, 716, 114, 838, 651, 364, 707, 245, 224, 708, 783, 970, 316, 344, 642, 335, 681, 699, 976, 550, 896, 279, 336, 376, 781, 667, 628, 921, 338, 190, 32, 54, 501]
dests:[984, 202, 808, 536, 657]
ac_dict:{643: {0, 1}, 959: {1, 2}, 181: {2, 3}, 113: {3, 4}, 984: {0}, 202: {1}, 808: {2}, 536: {3}, 657: {4}}
clusters:[ 8 14 13 12 17  6  9 16  0  7 18 19  2  5 12 15 24 11 16  1  0 10 18  8
 22  6 19 20 10 25  5 26 11 23  7  4  3 14 28 17 29 15 21  2  3  4  1 27
  9 13]

round: 1
best_g_value: 184.0
open_list_size: 0
num_low_level_expanded: 363
search_success: 1
search_time: 6.7623866860003545
n_tsp_call: 1
n_tsp_time: 6.699433921000491
n_roots: 1
num_conflicts: 0
target_assignment: {838: 0, 896: 0, 931: 0, 900: 0, 970: 0, 976: 0, 190: 3, 220: 3, 316: 3, 344: 3, 376: 3, 279: 3, 245: 3, 501: 3, 24: 2, 15: 2, 32: 2, 224: 2, 642: 2, 707: 2, 708: 2, 699: 4, 667: 4, 628: 4, 784: 1, 783: 1, 716: 1, 681: 1, 615: 1, 550: 1}
cluster_target_selection: {0: 838, 14: 896, 9: 931, 17: 900, 10: 970, 4: 976, 1: 190, 15: 220, 25: 316, 5: 344, 29: 376, 28: 279, 22: 245, 13: 501, 11: 24, 24: 15, 27: 32, 6: 224, 26: 642, 8: 707, 19: 708, 7: 699, 21: 667, 2: 628, 18: 784, 20: 783, 16: 716, 23: 681, 12: 615, 3: 550}
num_nodes_transformed_graph: 128
agent_paths:({0: [(8, 26), (7, 26), (6, 26), (5, 26), (4, 26), (3, 26), (2, 26), (2, 27), (1, 27), (0, 27), (0, 28), (1, 28), (2, 28), (2, 29), (3, 29), (4, 29), (4, 28), (5, 28), (6, 28), (7, 28), (8, 28), (9, 28), (10, 28), (10, 29), (10, 30), (11, 30), (12, 30), (13, 30), (14, 30), (14, 29), (15, 29), (16, 29), (16, 30), (17, 30), (18, 30), (19, 30), (20, 30), (21, 30), (22, 30), (23, 30), (24, 30), (24, 30)], 1: [(16, 26), (16, 25), (16, 24), (15, 24), (14, 24), (13, 24), (12, 24), (12, 23), (12, 22), (11, 22), (10, 22), (9, 22), (9, 21), (8, 21), (7, 21), (7, 20), (7, 19), (7, 18), (7, 17), (6, 17), (6, 16), (6, 15), (6, 14), (6, 13), (6, 12), (6, 11), (6, 10), (6, 9), (7, 9), (7, 8), (7, 7), (7, 6), (8, 6), (9, 6), (10, 6), (10, 6)], 2: [(23, 1), (23, 0), (24, 0), (23, 0), (22, 0), (21, 0), (20, 0), (19, 0), (19, 1), (18, 1), (17, 1), (16, 1), (15, 1), (15, 0), (14, 0), (13, 0), (12, 0), (11, 0), (10, 0), (9, 0), (8, 0), (8, 1), (7, 1), (6, 1), (5, 1), (4, 1), (3, 1), (2, 1), (1, 1), (0, 1), (0, 2), (0, 3), (1, 3), (1, 4), (1, 5), (1, 6), (1, 7), (0, 7), (1, 7), (1, 8), (1, 9), (2, 9), (2, 10), (2, 11), (2, 12), (2, 13), (2, 14), (2, 15), (2, 16), (2, 17), (2, 18), (2, 19), (2, 20), (3, 20), (3, 21), (3, 22), (4, 22), (5, 22), (6, 22), (7, 22), (8, 22), (8, 23), (8, 24), (8, 25), (8, 25)], 3: [(30, 4), (30, 5), (29, 5), (28, 5), (28, 6), (28, 7), (28, 8), (28, 9), (27, 9), (27, 10), (26, 10), (25, 10), (24, 10), (24, 11), (23, 11), (23, 10), (23, 9), (23, 8), (22, 8), (21, 8), (21, 7), (21, 8), (21, 9), (21, 10), (21, 11), (21, 12), (21, 13), (21, 14), (21, 15), (22, 15), (23, 15), (24, 15), (24, 16), (24, 16)], 4: [(26, 20), (27, 20), (27, 21), (27, 20), (26, 20), (25, 20), (24, 20), (23, 20), (22, 20), (21, 20), (20, 20), (20, 19), (19, 19), (18, 19), (17, 19), (17, 20), (17, 20)]}, 63)