

CBSS-C STATS
starts:[283, 27, 551, 747, 414, 445, 783, 150, 778, 550]
targets:[892, 671, 461, 640, 627]
dests:[208, 138, 767, 727, 89, 802, 1011, 722, 865, 1003]
ac_dict:{892: {0, 1}, 671: {1, 2}, 461: {2, 3}, 640: {3, 4}, 627: {4, 5}, 208: {0}, 138: {1}, 767: {2}, 727: {3}, 89: {4}, 802: {5}, 1011: {6}, 722: {7}, 865: {8}, 1003: {9}}
clusters:[1 0 0 0 0]

round: 1
best_g_value: 241.0
open_list_size: 0
num_low_level_expanded: 1032
search_success: 1
search_time: 0.13219286780804396
n_tsp_call: 1
n_tsp_time: 0.09352151304483414
n_roots: 1
num_conflicts: 0
target_assignment: {892: 0, 627: 5}
cluster_target_selection: {1: 892, 0: 627}
num_nodes_transformed_graph: 30
agent_paths:({0: [(27, 8), (28, 8), (28, 9), (28, 10), (28, 11), (28, 12), (28, 13), (28, 14), (28, 15), (28, 16), (27, 16), (27, 17), (27, 18), (27, 19), (27, 20), (27, 21), (27, 22), (27, 23), (27, 24), (27, 25), (27, 26), (27, 27), (28, 27), (27, 27), (26, 27), (25, 27), (24, 27), (23, 27), (22, 27), (21, 27), (20, 27), (19, 27), (18, 27), (17, 27), (16, 27), (16, 26), (16, 25), (16, 24), (16, 23), (16, 22), (16, 21), (16, 20), (16, 19), (16, 18), (16, 17), (16, 16), (16, 15), (16, 14), (16, 13), (16, 12), (16, 11), (16, 10), (16, 9), (16, 8), (16, 7), (16, 6), (16, 6)], 1: [(27, 0), (27, 1), (27, 2), (27, 3), (26, 3), (25, 3), (24, 3), (23, 3), (22, 3), (21, 3), (20, 3), (19, 3), (18, 3), (17, 3), (16, 3), (16, 4), (16, 5), (15, 5), (14, 5), (13, 5), (12, 5), (11, 5), (10, 5), (10, 4), (10, 4)], 2: [(7, 17), (8, 17), (9, 17), (10, 17), (11, 17), (12, 17), (13, 17), (14, 17), (15, 17), (16, 17), (17, 17), (18, 17), (19, 17), (20, 17), (21, 17), (22, 17), (23, 17), (24, 17), (25, 17), (26, 17), (27, 17), (27, 18), (28, 18), (29, 18), (29, 19), (29, 20), (29, 21), (29, 22), (30, 22), (31, 22), (31, 23), (31, 23)], 3: [(11, 23), (12, 23), (13, 23), (14, 23), (15, 23), (15, 22), (16, 22), (17, 22), (18, 22), (19, 22), (20, 22), (21, 22), (21, 21), (22, 21), (23, 21), (23, 22), (23, 22)], 4: [(30, 12), (29, 12), (28, 12), (28, 11), (27, 11), (26, 11), (25, 11), (25, 10), (25, 9), (25, 8), (25, 7), (25, 6), (25, 5), (25, 4), (25, 3), (25, 2), (25, 2)], 5: [(29, 13), (28, 13), (27, 13), (26, 13), (25, 13), (24, 13), (23, 13), (22, 13), (21, 13), (20, 13), (19, 13), (19, 14), (19, 15), (19, 16), (19, 17), (19, 18), (19, 19), (18, 19), (17, 19), (16, 19), (15, 19), (14, 19), (13, 19), (12, 19), (11, 19), (10, 19), (9, 19), (8, 19), (7, 19), (6, 19), (5, 19), (5, 20), (5, 21), (5, 22), (4, 22), (3, 22), (2, 22), (2, 23), (2, 24), (2, 25), (2, 25)], 6: [(15, 24), (16, 24), (17, 24), (18, 24), (19, 24), (19, 25), (19, 26), (19, 27), (19, 28), (19, 29), (19, 30), (19, 31), (19, 31)], 7: [(22, 4), (21, 4), (21, 5), (21, 6), (20, 6), (20, 7), (20, 8), (20, 9), (19, 9), (19, 10), (19, 11), (19, 12), (19, 13), (19, 14), (19, 15), (19, 16), (19, 17), (18, 17), (18, 18), (18, 19), (18, 20), (18, 21), (18, 22), (18, 22)], 8: [(10, 24), (9, 24), (8, 24), (7, 24), (7, 25), (6, 25), (5, 25), (4, 25), (3, 25), (2, 25), (2, 26), (2, 27), (1, 27), (1, 27)], 9: [(6, 17), (7, 17), (8, 17), (9, 17), (10, 17), (11, 17), (11, 18), (11, 19), (11, 20), (11, 21), (11, 22), (11, 23), (11, 24), (11, 25), (11, 26), (11, 27), (11, 28), (11, 29), (11, 30), (11, 31), (11, 31)]}, 55)