

CBSS-C STATS
starts:[693, 849, 85, 922, 893]
targets:[343, 286, 313, 760, 771, 315, 109, 923, 219, 218, 498, 42, 256, 598, 392, 580, 94, 277, 303, 587, 135, 695, 139, 685, 987, 371, 448, 357, 385, 748, 499, 869, 786, 809, 565, 21, 154, 959, 752, 36, 178, 772, 426, 249, 191, 140, 422, 645, 1009, 489]
dests:[715, 528, 884, 65, 737]
ac_dict:{343: {0, 1}, 286: {1, 2}, 313: {2, 3}, 760: {3, 4}, 715: {0}, 528: {1}, 884: {2}, 65: {3}, 737: {4}}
clusters:[ 2 18 16 27  9  5 17 10 16 12  8 11 25  6 12  6 11  7  8 29  2  3  5 19
 22 17 14  0  3  0 24 28 18 10 19  7 13  4 20  1 13 26  9 14 15  1 23 15
 21  4]

round: 1
best_g_value: 193.0
open_list_size: 0
num_low_level_expanded: 412
search_success: 1
search_time: 5.089912406999247
n_tsp_call: 1
n_tsp_time: 5.034957775999828
n_roots: 1
num_conflicts: 0
target_assignment: {923: 4, 987: 4, 1009: 4, 869: 4, 772: 4, 771: 4, 752: 1, 760: 3, 695: 3, 598: 3, 565: 3, 587: 3, 489: 3, 422: 3, 357: 3, 256: 3, 135: 3, 139: 3, 42: 3, 36: 3, 154: 2, 191: 2, 219: 2, 218: 2, 249: 2, 277: 2, 371: 2, 499: 2, 498: 2, 786: 2}
cluster_target_selection: {10: 923, 22: 987, 21: 1009, 28: 869, 26: 772, 9: 771, 20: 752, 27: 760, 3: 695, 6: 598, 19: 565, 29: 587, 4: 489, 23: 422, 0: 357, 25: 256, 2: 135, 5: 139, 11: 42, 1: 36, 13: 154, 15: 191, 16: 219, 12: 218, 14: 249, 7: 277, 17: 371, 24: 499, 8: 498, 18: 786}
num_nodes_transformed_graph: 120
agent_paths:({0: [(21, 21), (20, 21), (19, 21), (18, 21), (17, 21), (16, 21), (15, 21), (14, 21), (13, 21), (12, 21), (11, 21), (11, 22), (11, 22)], 1: [(17, 26), (16, 26), (16, 25), (16, 24), (16, 23), (16, 22), (16, 21), (16, 20), (16, 19), (16, 18), (16, 17), (16, 16), (16, 16)], 2: [(21, 2), (22, 2), (23, 2), (24, 2), (25, 2), (25, 3), (26, 3), (26, 4), (27, 4), (28, 4), (29, 4), (30, 4), (31, 4), (31, 5), (30, 5), (29, 5), (28, 5), (27, 5), (27, 6), (26, 6), (25, 6), (25, 7), (25, 8), (24, 8), (23, 8), (22, 8), (21, 8), (20, 8), (20, 9), (19, 9), (19, 10), (19, 11), (19, 12), (19, 13), (19, 14), (19, 15), (18, 15), (17, 15), (17, 16), (17, 17), (18, 17), (18, 18), (18, 19), (18, 20), (18, 21), (18, 22), (18, 23), (18, 24), (19, 24), (20, 24), (20, 25), (20, 26), (20, 27), (20, 27)], 3: [(26, 28), (25, 28), (24, 28), (24, 27), (24, 26), (24, 25), (24, 24), (24, 23), (24, 22), (23, 22), (23, 21), (22, 21), (22, 20), (22, 19), (22, 18), (21, 18), (21, 17), (20, 17), (19, 17), (18, 17), (17, 17), (16, 17), (15, 17), (14, 17), (13, 17), (12, 17), (11, 17), (11, 18), (10, 18), (9, 18), (9, 17), (9, 16), (9, 15), (9, 16), (8, 16), (7, 16), (6, 16), (6, 15), (6, 14), (6, 13), (6, 12), (6, 11), (5, 11), (4, 11), (3, 11), (2, 11), (1, 11), (0, 11), (0, 10), (0, 9), (0, 8), (0, 7), (1, 7), (1, 6), (1, 5), (1, 4), (2, 4), (3, 4), (4, 4), (5, 4), (6, 4), (7, 4), (8, 4), (9, 4), (10, 4), (11, 4), (10, 4), (10, 3), (10, 2), (10, 1), (9, 1), (8, 1), (7, 1), (6, 1), (5, 1), (4, 1), (3, 1), (2, 1), (1, 1), (1, 2), (1, 2)], 4: [(29, 27), (28, 27), (27, 27), (27, 28), (27, 29), (27, 30), (26, 30), (25, 30), (24, 30), (23, 30), (22, 30), (21, 30), (20, 30), (19, 30), (18, 30), (17, 30), (17, 31), (16, 31), (15, 31), (14, 31), (13, 31), (12, 31), (11, 31), (10, 31), (9, 31), (8, 31), (7, 31), (6, 31), (5, 31), (5, 30), (5, 29), (5, 28), (5, 27), (4, 27), (4, 26), (4, 25), (4, 24), (3, 24), (2, 24), (1, 24), (1, 23), (1, 23)]}, 79)