

CBSS-C STATS
starts:[41, 286, 940, 606, 93]
targets:[435, 1002, 515, 699, 594, 991, 0, 403, 496, 529, 313, 199, 140, 518, 880, 609, 58, 162, 97, 73, 129, 868, 545, 856, 216, 118, 895, 817, 163, 506, 913, 159, 740, 291, 1009, 509, 635, 301, 653, 970, 236, 944, 3, 796, 674, 1011, 780, 413, 461, 889]
dests:[457, 239, 274, 905, 953]
ac_dict:{435: {0, 1}, 1002: {1, 2}, 515: {2, 3}, 699: {3, 4}, 457: {0}, 239: {1}, 274: {2}, 905: {3}, 953: {4}}
clusters:[ 7  6  0 17 18  8 25 21 14 12  7  9 11 25  7 17  9  5  2 20  9 13 20 15
 18 29 26  3 25 14 22 20 13 19 17 23  1  8 11 28 20  2  5 11 24 16 22 10
  4 27]

round: 2
best_g_value: 196.0
open_list_size: 1
num_low_level_expanded: 745
search_success: 1
search_time: 5.395234560000063
n_tsp_call: 1
n_tsp_time: 5.330826592999983
n_roots: 1
num_conflicts: 1
target_assignment: {73: 0, 97: 0, 129: 0, 162: 0, 163: 0, 291: 0, 1002: 2, 970: 2, 740: 2, 674: 2, 515: 2, 461: 2, 496: 2, 529: 2, 403: 2, 796: 3, 895: 3, 991: 3, 1011: 3, 913: 3, 817: 3, 880: 3, 413: 4, 509: 4, 635: 4, 699: 4, 856: 4, 889: 4, 216: 1, 118: 1}
cluster_target_selection: {20: 73, 2: 97, 9: 129, 5: 162, 25: 163, 19: 291, 6: 1002, 28: 970, 13: 740, 24: 674, 0: 515, 4: 461, 14: 496, 12: 529, 21: 403, 11: 796, 26: 895, 8: 991, 16: 1011, 22: 913, 3: 817, 7: 880, 10: 413, 23: 509, 1: 635, 17: 699, 15: 856, 27: 889, 18: 216, 29: 118}
num_nodes_transformed_graph: 125
agent_paths:({0: [(9, 1), (9, 2), (9, 3), (8, 3), (7, 3), (6, 3), (5, 3), (4, 3), (3, 3), (2, 3), (1, 3), (1, 4), (2, 4), (2, 5), (3, 5), (3, 6), (3, 7), (3, 8), (3, 9), (4, 9), (5, 9), (6, 9), (7, 9), (7, 10), (8, 10), (9, 10), (9, 11), (9, 12), (10, 12), (10, 13), (10, 14), (9, 14), (9, 14)], 1: [(30, 8), (29, 8), (28, 8), (27, 8), (27, 7), (26, 7), (25, 7), (25, 6), (24, 6), (23, 6), (23, 5), (23, 4), (22, 4), (22, 3), (21, 3), (20, 3), (19, 3), (18, 3), (17, 3), (16, 3), (16, 4), (16, 5), (15, 5), (15, 6), (15, 7), (15, 7)], 2: [(12, 29), (11, 29), (10, 29), (10, 30), (10, 31), (10, 30), (9, 30), (8, 30), (7, 30), (6, 30), (5, 30), (5, 29), (4, 29), (4, 28), (4, 27), (4, 26), (4, 25), (4, 24), (4, 23), (3, 23), (2, 23), (2, 22), (2, 21), (2, 20), (2, 19), (2, 18), (2, 17), (2, 16), (3, 16), (4, 16), (5, 16), (6, 16), (7, 16), (8, 16), (9, 16), (9, 15), (10, 15), (10, 14), (11, 14), (12, 14), (13, 14), (14, 14), (15, 14), (16, 14), (16, 15), (17, 15), (17, 16), (17, 15), (17, 14), (17, 13), (17, 12), (18, 12), (19, 12), (18, 12), (18, 11), (18, 10), (18, 9), (18, 8), (18, 8)], 3: [(30, 18), (29, 18), (29, 19), (29, 20), (29, 21), (29, 22), (29, 23), (29, 24), (28, 24), (29, 24), (30, 24), (30, 25), (30, 26), (30, 27), (31, 27), (31, 28), (31, 29), (31, 30), (30, 30), (29, 30), (28, 30), (27, 30), (26, 30), (25, 30), (24, 30), (23, 30), (22, 30), (21, 30), (20, 30), (19, 30), (19, 31), (18, 31), (17, 31), (17, 30), (17, 29), (17, 28), (17, 27), (17, 26), (17, 25), (16, 25), (16, 26), (16, 27), (15, 27), (14, 27), (13, 27), (12, 27), (11, 27), (10, 27), (9, 27), (9, 28), (9, 28)], 4: [(29, 2), (28, 2), (28, 3), (28, 4), (29, 4), (29, 5), (29, 6), (29, 7), (29, 8), (29, 9), (29, 10), (29, 11), (29, 12), (29, 13), (29, 14), (29, 15), (28, 15), (27, 15), (27, 16), (27, 17), (27, 18), (27, 19), (27, 20), (27, 21), (26, 21), (25, 21), (24, 21), (24, 22), (24, 23), (24, 24), (24, 25), (24, 26), (25, 26), (25, 27), (25, 28), (25, 29), (25, 29)]}, 57)