

CBSS-C STATS
starts:[116, 504]
targets:[896, 750, 155, 913, 69, 401, 882, 339, 291, 701, 981, 462, 1014, 993, 569, 834, 832, 653, 553, 691, 865, 959, 233, 238, 73, 229, 508, 4, 539, 277, 910, 1011, 592, 685, 828, 843, 857, 511, 665, 740, 199, 915, 798, 207, 974, 503, 158, 565, 103, 613, 788, 129, 460, 19, 548, 775, 736, 645, 153, 450, 64, 753, 186, 188, 826, 239, 225, 476, 876, 984, 797, 313, 725, 532, 283, 664, 1019, 5, 322, 469, 523, 827, 672, 748, 261, 467, 598, 930, 963, 694, 962, 98, 422, 39, 113, 145, 977, 590, 445, 246]
dests:[932, 502]
ac_dict:{896: {0, 1}, 932: {0}, 502: {1}}
clusters:[15 39  0 34 29 27 33 14  5 35 39 34  3 14  1 18 36 25  1  6 23 18 35 26
  1 28 37  6 37 27 13 11 25 24 11 31  9 15 13 18 10 18  9 16 23 14 12 25
 38 22  2 28 16 37  8  5 26 26  1 16  4  1 38 18 28  5 11 12 13 19 37 39
 28 20 33  8 24 10 33  4 31 12 21 25 27 34 35 29 15 24  7 28  2 30 34 32
 16 17 38  6]

round: 1
best_g_value: 446.0
open_list_size: 0
num_low_level_expanded: 304
search_success: 1
search_time: 12.481095568997262
n_tsp_call: 1
n_tsp_time: 12.38247824699647
n_roots: 1
num_conflicts: 0
target_assignment: {113: 0, 145: 0, 186: 0, 155: 0, 188: 0, 701: 0, 797: 0, 828: 0, 827: 0, 826: 0, 857: 0, 984: 0, 1014: 0, 981: 0, 977: 0, 910: 0, 685: 0, 653: 0, 590: 0, 523: 0, 73: 0, 39: 0, 5: 0, 4: 0, 261: 0, 291: 0, 322: 0, 422: 0, 613: 0, 548: 0, 672: 0, 736: 0, 832: 0, 865: 0, 930: 0, 962: 0, 963: 0, 503: 1, 532: 1, 469: 1}
cluster_target_selection: {34: 113, 32: 145, 38: 186, 0: 155, 18: 188, 35: 701, 37: 797, 11: 828, 12: 827, 28: 826, 9: 857, 19: 984, 3: 1014, 39: 981, 16: 977, 13: 910, 24: 685, 25: 653, 17: 590, 31: 523, 1: 73, 30: 39, 10: 5, 6: 4, 27: 261, 5: 291, 33: 322, 2: 422, 22: 613, 8: 548, 21: 672, 26: 736, 36: 832, 23: 865, 29: 930, 7: 962, 15: 963, 14: 503, 20: 532, 4: 469}
num_nodes_transformed_graph: 104
agent_paths:({0: [(20, 3), (19, 3), (18, 3), (17, 3), (17, 4), (18, 4), (19, 4), (20, 4), (21, 4), (22, 4), (23, 4), (23, 5), (24, 5), (25, 5), (26, 5), (26, 4), (27, 4), (28, 4), (28, 5), (29, 5), (29, 6), (29, 7), (29, 8), (29, 9), (29, 10), (29, 11), (29, 12), (29, 13), (29, 14), (29, 15), (29, 16), (29, 17), (29, 18), (29, 19), (29, 20), (29, 21), (29, 22), (29, 23), (29, 24), (28, 24), (28, 25), (27, 25), (26, 25), (25, 25), (25, 26), (24, 26), (24, 27), (24, 28), (24, 29), (24, 30), (23, 30), (22, 30), (22, 31), (21, 31), (21, 30), (20, 30), (19, 30), (18, 30), (17, 30), (16, 30), (16, 29), (15, 29), (14, 29), (14, 28), (13, 28), (13, 27), (13, 26), (13, 25), (13, 24), (13, 23), (13, 22), (13, 21), (13, 20), (13, 19), (13, 18), (14, 18), (13, 18), (12, 18), (11, 18), (11, 17), (11, 16), (10, 16), (10, 15), (10, 14), (10, 13), (10, 12), (10, 11), (10, 10), (10, 9), (10, 8), (10, 7), (10, 6), (10, 5), (10, 4), (9, 4), (9, 3), (9, 2), (9, 1), (8, 1), (7, 1), (6, 1), (5, 1), (5, 0), (4, 0), (5, 0), (5, 1), (5, 2), (5, 3), (5, 4), (5, 5), (5, 6), (5, 7), (5, 8), (4, 8), (3, 8), (3, 9), (2, 9), (2, 10), (3, 10), (4, 10), (5, 10), (6, 10), (6, 11), (6, 12), (6, 13), (5, 13), (5, 14), (5, 15), (5, 16), (5, 17), (5, 18), (5, 19), (4, 19), (4, 18), (4, 17), (3, 17), (2, 17), (2, 18), (2, 19), (1, 19), (0, 19), (0, 20), (0, 21), (1, 21), (1, 22), (1, 23), (0, 23), (0, 24), (0, 25), (0, 26), (0, 27), (1, 27), (2, 27), (2, 28), (2, 29), (2, 30), (3, 30), (3, 29), (4, 29), (4, 29)], 1: [(24, 15), (23, 15), (22, 15), (21, 15), (21, 16), (20, 16), (21, 16), (21, 15), (21, 14), (22, 14), (22, 15), (22, 15)]}, 158)