

CBSS-C STATS
starts:[323, 840, 635, 961, 953]
targets:[962, 522, 471, 813, 969, 976, 375, 520, 1012, 136, 518, 954, 414, 792, 340, 130, 927, 609, 569, 678, 561, 96, 224, 45, 613, 229, 845, 850, 70, 402, 919, 614, 803, 101, 498, 466, 537, 907, 549, 392, 963, 594, 997, 777, 297, 929, 951, 27, 146, 843]
dests:[272, 897, 552, 902, 420]
ac_dict:{962: {0, 1}, 522: {1, 2}, 471: {2, 3}, 813: {3, 4}, 272: {0}, 897: {1}, 552: {2}, 902: {3}, 420: {4}}
clusters:[ 2  5  1 25 18 23  6  1 15  6 22  8 28 18  4  3 29 12 10  9 27 19 14  9
 10 24 14  0  0  7  4 21 13 16 17  3 17 19 12  5  7 20 15  8 26 16  2 11
 13 11]

round: 1
best_g_value: 155.0
open_list_size: 0
num_low_level_expanded: 305
search_success: 1
search_time: 18.972062466000352
n_tsp_call: 1
n_tsp_time: 18.85853456500081
n_roots: 1
num_conflicts: 0
target_assignment: {229: 0, 297: 0, 803: 1, 414: 2, 375: 2, 402: 2, 466: 2, 498: 2, 561: 2, 594: 2, 522: 2, 520: 2, 954: 4, 927: 4, 919: 4, 951: 4, 1012: 4, 976: 4, 850: 4, 813: 4, 845: 4, 843: 4, 907: 4, 969: 4, 678: 4, 614: 4, 613: 4, 549: 4, 518: 4, 929: 3}
cluster_target_selection: {24: 229, 26: 297, 13: 803, 28: 414, 6: 375, 7: 402, 3: 466, 17: 498, 27: 561, 20: 594, 5: 522, 1: 520, 8: 954, 29: 927, 4: 919, 2: 951, 15: 1012, 23: 976, 0: 850, 25: 813, 14: 845, 11: 843, 19: 907, 18: 969, 9: 678, 21: 614, 10: 613, 12: 549, 22: 518, 16: 929}
num_nodes_transformed_graph: 248
agent_paths:({0: [(3, 10), (3, 9), (3, 8), (3, 7), (4, 7), (5, 7), (6, 7), (7, 7), (7, 8), (8, 8), (9, 8), (9, 9), (9, 8), (10, 8), (11, 8), (11, 7), (12, 7), (13, 7), (14, 7), (15, 7), (16, 7), (16, 8), (16, 8)], 1: [(8, 26), (7, 26), (6, 26), (5, 26), (4, 26), (3, 26), (3, 25), (2, 25), (2, 26), (2, 27), (1, 27), (1, 28), (1, 28)], 2: [(27, 19), (27, 18), (27, 17), (27, 16), (27, 15), (27, 14), (27, 13), (28, 13), (28, 12), (29, 12), (30, 12), (29, 12), (28, 12), (28, 11), (27, 11), (26, 11), (25, 11), (24, 11), (23, 11), (22, 11), (21, 11), (21, 12), (20, 12), (19, 12), (18, 12), (18, 13), (18, 14), (18, 15), (17, 15), (17, 16), (17, 17), (18, 17), (18, 18), (18, 17), (17, 17), (16, 17), (15, 17), (14, 17), (13, 17), (12, 17), (11, 17), (10, 17), (10, 16), (9, 16), (8, 16), (8, 17), (8, 17)], 3: [(1, 30), (1, 29), (2, 29), (3, 29), (4, 29), (4, 28), (5, 28), (6, 28), (6, 28)], 4: [(25, 29), (26, 29), (26, 28), (27, 28), (28, 28), (29, 28), (30, 28), (31, 28), (30, 28), (29, 28), (28, 28), (27, 28), (26, 28), (25, 28), (24, 28), (23, 28), (23, 29), (23, 30), (22, 30), (21, 30), (20, 30), (20, 31), (19, 31), (18, 31), (17, 31), (16, 31), (16, 30), (16, 29), (16, 28), (16, 27), (16, 26), (17, 26), (18, 26), (17, 26), (16, 26), (15, 26), (15, 25), (14, 25), (13, 25), (13, 26), (12, 26), (11, 26), (11, 27), (11, 28), (10, 28), (10, 29), (10, 30), (9, 30), (8, 30), (8, 29), (8, 28), (8, 27), (8, 26), (7, 26), (7, 25), (7, 24), (7, 23), (6, 23), (6, 22), (6, 21), (6, 20), (6, 19), (5, 19), (5, 18), (5, 17), (5, 16), (6, 16), (5, 16), (5, 15), (5, 14), (5, 13), (4, 13), (4, 13)]}, 71)