

CBSS-C STATS
starts:[924, 280]
targets:[376, 133, 795, 95, 968, 31, 263, 28, 775, 40, 654, 635, 1011, 24, 487, 214, 589, 948, 470, 690, 505, 37, 276, 141, 680, 626, 127, 691, 492, 106, 785, 627, 39, 940, 381, 721, 131, 961, 12, 744, 220, 841, 78, 409, 748, 15, 667, 647, 991, 905, 836, 810, 867, 45, 927, 931, 184, 367, 227, 56, 273, 155, 633, 741, 480, 291, 301, 623, 977, 244, 832, 993, 887, 190, 537, 600, 370, 992, 319, 146, 442, 378, 710, 461, 552, 857, 578, 542, 692, 888, 144, 43, 272, 449, 401, 254, 85, 1023, 93, 422]
dests:[770, 717]
ac_dict:{376: {0, 1}, 770: {0}, 717: {1}}
clusters:[25  7 23  2 12 12 11 18  0 21 35  3 24  8 38 29 19 26 25 30 12 20 26 16
  8 14 29 38  0 38 29 13  5 10 27 23 26 25 37  0 27  4  0 35 37  1  5 31
 33  9 10 25 20 19 16 38 23 28  9  2 25 18 16 23 12 33 39 16 20  4 28 39
 15 26  7 38 16 10  4 34 27 22 37 17 36 11 31 13 35 19 39 23 37 14 12  6
 18 30 20 32]

round: 1
best_g_value: 469.0
open_list_size: 0
num_low_level_expanded: 420
search_success: 1
search_time: 8.24944406600116
n_tsp_call: 1
n_tsp_time: 8.136182340000232
n_roots: 1
num_conflicts: 0
target_assignment: {155: 1, 127: 1, 95: 1, 254: 1, 381: 1, 378: 1, 409: 1, 505: 1, 537: 1, 635: 1, 667: 1, 795: 1, 857: 1, 888: 1, 887: 1, 948: 1, 1011: 1, 977: 1, 940: 1, 841: 1, 744: 1, 680: 1, 647: 1, 552: 1, 487: 1, 422: 1, 291: 1, 227: 1, 40: 1, 12: 1, 15: 1, 144: 1, 146: 1, 273: 1, 367: 1, 461: 1, 623: 1, 626: 1, 627: 1, 690: 1}
cluster_target_selection: {18: 155, 29: 127, 2: 95, 6: 254, 27: 381, 22: 378, 35: 409, 12: 505, 7: 537, 3: 635, 5: 667, 23: 795, 11: 857, 19: 888, 15: 887, 26: 948, 24: 1011, 20: 977, 10: 940, 4: 841, 0: 744, 8: 680, 31: 647, 36: 552, 38: 487, 32: 422, 33: 291, 9: 227, 21: 40, 37: 12, 1: 15, 39: 144, 34: 146, 25: 273, 28: 367, 17: 461, 16: 623, 14: 626, 13: 627, 30: 690}
num_nodes_transformed_graph: 104
agent_paths:({0: [(28, 28), (27, 28), (26, 28), (25, 28), (24, 28), (23, 28), (23, 27), (22, 27), (21, 27), (20, 27), (19, 27), (18, 27), (17, 27), (16, 27), (15, 27), (14, 27), (13, 27), (12, 27), (11, 27), (10, 27), (9, 27), (8, 27), (8, 26), (7, 26), (6, 26), (5, 26), (4, 26), (3, 26), (2, 26), (2, 25), (2, 24), (2, 24)], 1: [(24, 8), (25, 8), (25, 7), (25, 6), (25, 5), (25, 4), (26, 4), (27, 4), (28, 4), (29, 4), (30, 4), (30, 3), (31, 3), (31, 2), (30, 2), (30, 3), (30, 4), (30, 5), (30, 6), (30, 7), (29, 7), (29, 8), (29, 9), (29, 10), (29, 11), (28, 11), (27, 11), (26, 11), (25, 11), (25, 12), (25, 13), (25, 14), (25, 15), (25, 16), (26, 16), (27, 16), (27, 17), (27, 18), (27, 19), (27, 20), (27, 21), (27, 22), (27, 23), (27, 24), (26, 24), (25, 24), (25, 25), (25, 26), (24, 26), (24, 27), (23, 27), (22, 27), (21, 27), (20, 27), (20, 28), (20, 29), (19, 29), (19, 30), (19, 31), (18, 31), (17, 31), (17, 30), (16, 30), (16, 29), (15, 29), (14, 29), (13, 29), (12, 29), (11, 29), (10, 29), (10, 28), (9, 28), (9, 27), (9, 26), (8, 26), (8, 25), (8, 24), (8, 23), (8, 22), (8, 21), (7, 21), (7, 20), (7, 19), (7, 18), (7, 17), (8, 17), (7, 17), (7, 16), (7, 15), (6, 15), (6, 14), (6, 13), (5, 13), (4, 13), (3, 13), (3, 12), (3, 11), (3, 10), (3, 9), (3, 8), (3, 7), (3, 6), (3, 5), (3, 4), (3, 3), (3, 2), (3, 1), (4, 1), (5, 1), (6, 1), (7, 1), (8, 1), (8, 0), (9, 0), (10, 0), (11, 0), (12, 0), (13, 0), (14, 0), (15, 0), (16, 0), (16, 1), (16, 2), (16, 3), (16, 4), (17, 4), (18, 4), (17, 4), (17, 5), (17, 6), (17, 7), (17, 8), (16, 8), (16, 9), (15, 9), (15, 10), (15, 11), (14, 11), (14, 12), (14, 13), (13, 13), (13, 14), (14, 14), (14, 15), (14, 16), (14, 17), (14, 18), (14, 19), (15, 19), (16, 19), (17, 19), (18, 19), (19, 19), (18, 19), (18, 20), (18, 21), (17, 21), (16, 21), (15, 21), (14, 21), (13, 21), (13, 22), (13, 22)]}, 161)