

CBSS-C STATS
starts:[158, 619, 299, 730, 635]
targets:[116, 465, 931, 505, 557, 399, 812, 406, 607, 29]
dests:[211, 327, 12, 118, 563]
ac_dict:{116: {0, 1}, 465: {1, 2}, 931: {2, 3}, 505: {3, 4}, 211: {0}, 327: {1}, 12: {2}, 118: {3}, 563: {4}}
clusters:[1 0 1 0 1 0 0 1 0 0]

round: 1
best_g_value: 71.0
open_list_size: 0
num_low_level_expanded: 156
search_success: 1
search_time: 0.12522166268900037
n_tsp_call: 1
n_tsp_time: 0.11446289997547865
n_roots: 1
num_conflicts: 0
target_assignment: {505: 3, 406: 3}
cluster_target_selection: {0: 505, 1: 406}
num_nodes_transformed_graph: 48
agent_paths:({0: [(30, 4), (29, 4), (28, 4), (27, 4), (26, 4), (25, 4), (25, 5), (24, 5), (23, 5), (23, 6), (22, 6), (21, 6), (20, 6), (19, 6), (19, 6)], 1: [(11, 19), (10, 19), (10, 18), (10, 17), (10, 16), (10, 15), (10, 14), (10, 13), (10, 12), (9, 12), (9, 11), (9, 10), (8, 10), (7, 10), (7, 10)], 2: [(11, 9), (11, 8), (11, 7), (11, 6), (11, 5), (11, 4), (11, 3), (11, 2), (11, 1), (11, 0), (12, 0), (12, 0)], 3: [(26, 22), (26, 21), (25, 21), (25, 20), (25, 19), (25, 18), (25, 17), (25, 16), (25, 15), (24, 15), (23, 15), (22, 15), (22, 14), (22, 13), (22, 12), (22, 11), (22, 10), (22, 9), (22, 8), (22, 7), (22, 6), (21, 6), (21, 5), (21, 4), (21, 3), (22, 3), (22, 3)], 4: [(27, 19), (27, 18), (26, 18), (25, 18), (24, 18), (23, 18), (22, 18), (21, 18), (20, 18), (19, 18), (19, 17), (19, 17)]}, 25)