

CBSS-C STATS
starts:[832, 599]
targets:[609, 259, 141, 260, 1006, 628, 250, 165, 551, 398, 497, 896, 306, 728, 926, 732, 200, 159, 786, 414, 461, 653, 716, 655, 28, 523, 861, 989, 790, 747, 44, 574, 988, 101, 78, 738, 707, 438, 369, 311, 422, 544, 763, 739, 29, 353, 568, 154, 680, 620, 768, 966, 325, 81, 932, 589, 177, 811, 8, 448, 923, 669, 558, 272, 810, 666, 946, 27, 107, 867, 157, 493, 973, 305, 86, 671, 642, 6, 394, 660, 3, 403, 386, 287, 279, 933, 1010, 921, 174, 122, 954, 743, 245, 179, 740, 594, 888, 678, 335, 211]
dests:[119, 700]
ac_dict:{609: {0, 1}, 119: {0}, 700: {1}}
clusters:[33  0 25 21  5  2 29  5  7 15 29 17  6 19 10 22  3 12 29 25  4 21 32 22
 21 38 38 32 10 24  1 39 22 37 12 21 26  1 22 23  8 33  6 36 34  6 10 28
 20 11 25 25 23  3 32 25 22 33  9 32 22 13 10 13  5 31  7 16 30  1 34 27
  8 25 26 27  3 35  1 34 19 11  8  2 14 22 12 25 16 36 13 30 27 31 21 23
 12  5 18  0]

round: 1
best_g_value: 430.0
open_list_size: 0
num_low_level_expanded: 281
search_success: 1
search_time: 44.533049436999136
n_tsp_call: 1
n_tsp_time: 44.35916632599401
n_roots: 1
num_conflicts: 0
target_assignment: {896: 0, 768: 0, 609: 0, 642: 0, 707: 0, 740: 0, 743: 0, 680: 0, 747: 0, 716: 0, 620: 0, 558: 0, 335: 0, 398: 0, 461: 0, 493: 0, 523: 0, 551: 0, 422: 0, 165: 0, 101: 0, 3: 0, 6: 0, 8: 0, 44: 0, 78: 0, 174: 0, 177: 0, 179: 0, 211: 0, 306: 0, 311: 0, 279: 0, 250: 0, 154: 0, 122: 0, 628: 1, 660: 1, 574: 1, 669: 1}
cluster_target_selection: {17: 896, 25: 768, 33: 609, 3: 642, 26: 707, 21: 740, 30: 743, 20: 680, 24: 747, 32: 716, 11: 620, 10: 558, 18: 335, 15: 398, 4: 461, 27: 493, 38: 523, 7: 551, 8: 422, 5: 165, 37: 101, 19: 3, 35: 6, 9: 8, 1: 44, 12: 78, 16: 174, 22: 177, 31: 179, 0: 211, 6: 306, 23: 311, 14: 279, 29: 250, 28: 154, 36: 122, 2: 628, 34: 660, 39: 574, 13: 669}
num_nodes_transformed_graph: 204
agent_paths:({0: [(0, 26), (0, 27), (0, 28), (0, 27), (0, 26), (0, 25), (0, 24), (0, 23), (1, 23), (1, 22), (1, 21), (1, 20), (1, 19), (2, 19), (2, 20), (3, 20), (3, 21), (3, 22), (4, 22), (4, 23), (5, 23), (6, 23), (7, 23), (7, 22), (7, 21), (8, 21), (9, 21), (10, 21), (11, 21), (11, 22), (11, 23), (11, 22), (12, 22), (12, 21), (12, 20), (12, 19), (12, 18), (12, 17), (13, 17), (14, 17), (14, 16), (14, 15), (14, 14), (14, 13), (14, 12), (14, 11), (14, 10), (15, 10), (14, 10), (14, 11), (14, 12), (14, 13), (13, 13), (13, 14), (13, 15), (12, 15), (11, 15), (11, 16), (10, 16), (9, 16), (8, 16), (7, 16), (7, 17), (6, 17), (6, 16), (6, 15), (6, 14), (6, 13), (6, 12), (6, 11), (5, 11), (5, 10), (5, 9), (5, 8), (5, 7), (5, 6), (5, 5), (5, 4), (5, 3), (4, 3), (3, 3), (3, 2), (3, 1), (3, 0), (4, 0), (5, 0), (6, 0), (6, 1), (7, 1), (8, 1), (8, 0), (9, 0), (10, 0), (11, 0), (12, 0), (12, 1), (13, 1), (14, 1), (14, 2), (14, 3), (14, 4), (14, 5), (15, 5), (16, 5), (17, 5), (18, 5), (19, 5), (19, 6), (18, 6), (18, 7), (18, 8), (18, 9), (19, 9), (20, 9), (21, 9), (22, 9), (23, 9), (23, 8), (24, 8), (25, 8), (25, 7), (26, 7), (26, 6), (26, 5), (26, 4), (26, 3), (25, 3), (24, 3), (23, 3), (23, 3)], 1: [(23, 18), (22, 18), (21, 18), (20, 18), (20, 19), (20, 20), (20, 19), (20, 18), (21, 18), (22, 18), (23, 18), (24, 18), (25, 18), (26, 18), (27, 18), (28, 18), (29, 18), (29, 17), (30, 17), (29, 17), (29, 18), (29, 19), (29, 20), (28, 20), (28, 21), (28, 21)]}, 128)