

CBSS-C STATS
starts:[959, 329]
targets:[851, 361, 824, 837, 237, 410, 695, 464, 320, 1, 771, 627, 87, 404, 396, 830, 865, 160, 368, 100, 101, 172, 951, 55, 666, 535, 947, 928, 926, 734, 614, 809, 999, 784, 47, 848, 185, 571, 768, 203, 378, 445, 529, 779, 113, 422, 527, 227, 994, 893, 882, 948, 931, 309, 475, 473, 444, 664, 579, 56, 622, 540, 89, 61, 330, 244, 578, 76, 234, 740, 723, 1010, 51, 601, 637, 905, 400, 346, 496, 77, 131, 936, 805, 638, 332, 328, 798, 901, 621, 323, 514, 785, 932, 480, 986, 808, 334, 834, 786, 954]
dests:[511, 787]
ac_dict:{851: {0, 1}, 511: {0}, 787: {1}}
clusters:[26  8 22 17 11 13 39 34 33 31  1 14  0 39 14  9  3 23 29 12 13 33  0 20
 37  4 29  8 39 19 17 25 37 38 18 27 29 19 29 36 30 30 16 21  1  4 26  8
 35 21 29 25 37 10 23  0 17  8 38 39 28  1 24  5 32 37 27  1 39 21  9 16
 13 15  6  8  3  3 37 26 28 31  7 11  8  0  2 30  5 22 39 30 38 23 29 38
 34 20 24  5]

round: 1
best_g_value: 432.0
open_list_size: 0
num_low_level_expanded: 306
search_success: 1
search_time: 53.74119997199887
n_tsp_call: 1
n_tsp_time: 53.57469018200209
n_roots: 1
num_conflicts: 0
target_assignment: {926: 0, 830: 0, 798: 0, 734: 0, 638: 0, 637: 0, 601: 0, 535: 0, 473: 0, 475: 0, 330: 1, 323: 1, 131: 1, 100: 1, 101: 1, 203: 1, 172: 1, 76: 1, 77: 1, 47: 1, 309: 1, 368: 1, 400: 1, 464: 1, 496: 1, 529: 1, 627: 1, 621: 1, 779: 1, 809: 1, 808: 1, 805: 1, 837: 1, 834: 1, 994: 1, 936: 1, 905: 1, 848: 1, 785: 1, 786: 1}
cluster_target_selection: {39: 926, 9: 830, 2: 798, 19: 734, 11: 638, 6: 637, 15: 601, 4: 535, 0: 473, 23: 475, 32: 330, 22: 323, 28: 131, 12: 100, 13: 101, 36: 203, 33: 172, 1: 76, 26: 77, 18: 47, 10: 309, 29: 368, 3: 400, 34: 464, 37: 496, 16: 529, 14: 627, 5: 621, 21: 779, 25: 809, 38: 808, 7: 805, 17: 837, 20: 834, 35: 994, 31: 936, 8: 905, 27: 848, 30: 785, 24: 786}
num_nodes_transformed_graph: 204
agent_paths:({0: [(31, 29), (30, 29), (30, 28), (30, 27), (30, 26), (30, 25), (30, 24), (30, 23), (30, 22), (29, 22), (29, 21), (29, 20), (29, 19), (30, 19), (29, 19), (29, 18), (28, 18), (27, 18), (26, 18), (25, 18), (24, 18), (23, 18), (23, 17), (23, 16), (23, 15), (23, 14), (24, 14), (25, 14), (26, 14), (27, 14), (28, 14), (29, 14), (30, 14), (31, 14), (31, 15), (31, 15)], 1: [(9, 10), (10, 10), (9, 10), (8, 10), (7, 10), (6, 10), (5, 10), (4, 10), (3, 10), (3, 9), (3, 8), (3, 7), (3, 6), (3, 5), (3, 4), (3, 3), (4, 3), (5, 3), (6, 3), (7, 3), (8, 3), (9, 3), (10, 3), (11, 3), (11, 4), (11, 5), (11, 6), (11, 5), (12, 5), (12, 4), (12, 3), (12, 2), (13, 2), (13, 1), (14, 1), (15, 1), (16, 1), (17, 1), (18, 1), (19, 1), (20, 1), (20, 2), (21, 2), (21, 3), (21, 4), (21, 5), (21, 6), (21, 7), (21, 8), (21, 9), (20, 9), (19, 9), (18, 9), (17, 9), (16, 9), (16, 10), (16, 11), (16, 12), (16, 13), (16, 14), (16, 15), (17, 15), (17, 16), (17, 17), (18, 17), (19, 17), (19, 18), (19, 19), (18, 19), (17, 19), (16, 19), (15, 19), (14, 19), (13, 19), (12, 19), (11, 19), (11, 20), (11, 21), (11, 22), (11, 23), (11, 24), (10, 24), (9, 24), (9, 25), (8, 25), (7, 25), (6, 25), (5, 25), (5, 26), (4, 26), (3, 26), (2, 26), (2, 27), (2, 28), (2, 29), (2, 30), (2, 31), (2, 30), (2, 29), (3, 29), (4, 29), (5, 29), (6, 29), (7, 29), (8, 29), (8, 28), (9, 28), (9, 27), (10, 27), (11, 27), (12, 27), (13, 27), (14, 27), (15, 27), (15, 26), (16, 26), (16, 25), (16, 24), (17, 24), (18, 24), (19, 24), (19, 24)]}, 120)