

CBSS-C STATS
starts:[757, 775, 331, 731, 539]
targets:[197, 755, 137, 824, 667, 641, 234, 222, 909, 818]
dests:[345, 243, 158, 118, 141]
ac_dict:{197: {0, 1}, 755: {1, 2}, 137: {2, 3}, 824: {3, 4}, 345: {0}, 243: {1}, 158: {2}, 118: {3}, 141: {4}}
clusters:[1 1 0 0 1 1 1 1 0 1]

round: 7
best_g_value: 129.0
open_list_size: 6
num_low_level_expanded: 2078
search_success: 1
search_time: 0.1883490141481161
n_tsp_call: 1
n_tsp_time: 0.12891719117760658
n_roots: 1
num_conflicts: 6
target_assignment: {667: 3, 137: 2}
cluster_target_selection: {1: 667, 0: 137}
num_nodes_transformed_graph: 48
agent_paths:({0: [(21, 23), (21, 22), (21, 21), (21, 20), (21, 19), (21, 18), (21, 17), (21, 16), (21, 15), (21, 14), (21, 13), (21, 12), (21, 11), (21, 10), (22, 10), (23, 10), (24, 10), (25, 10), (25, 10)], 1: [(7, 24), (7, 23), (7, 22), (7, 21), (7, 20), (7, 19), (7, 18), (7, 17), (7, 16), (8, 16), (9, 16), (9, 15), (9, 14), (10, 14), (10, 13), (10, 12), (10, 11), (10, 10), (10, 9), (10, 8), (10, 7), (11, 7), (12, 7), (13, 7), (14, 7), (15, 7), (16, 7), (17, 7), (18, 7), (19, 7), (19, 7)], 2: [(11, 10), (10, 10), (10, 9), (10, 8), (10, 7), (10, 6), (10, 5), (10, 4), (9, 4), (10, 4), (11, 4), (12, 4), (13, 4), (14, 4), (14, 5), (15, 5), (16, 5), (16, 4), (17, 4), (18, 4), (19, 4), (20, 4), (21, 4), (22, 4), (23, 4), (23, 3), (24, 3), (25, 3), (26, 3), (27, 3), (28, 3), (28, 4), (29, 4), (30, 4), (30, 4)], 3: [(27, 22), (27, 21), (27, 20), (26, 20), (25, 20), (25, 19), (25, 18), (25, 17), (25, 16), (25, 15), (25, 14), (25, 13), (25, 12), (25, 11), (25, 10), (25, 9), (25, 8), (25, 7), (25, 6), (24, 6), (23, 6), (23, 5), (23, 4), (23, 3), (22, 3), (22, 3)], 4: [(27, 16), (26, 16), (25, 16), (24, 16), (23, 16), (22, 16), (21, 16), (20, 16), (19, 16), (19, 15), (18, 15), (17, 15), (16, 15), (16, 14), (16, 13), (16, 12), (16, 11), (16, 10), (16, 9), (16, 8), (16, 7), (15, 7), (14, 7), (14, 6), (13, 6), (13, 5), (13, 4), (13, 4)]}, 33)