

CBSS-C STATS
starts:[2, 905, 720, 87, 993]
targets:[862, 589, 114, 949, 627, 86, 814, 823, 398, 935, 369, 586, 926, 873, 193, 363, 552, 242, 449, 641, 132, 640, 130, 716, 733, 682, 954, 649, 273, 27, 238, 763, 663, 588, 571, 520, 41, 734, 535, 463, 185, 931, 671, 998, 933, 390, 29, 564, 745, 979]
dests:[851, 567, 317, 824, 533]
ac_dict:{862: {0, 1}, 589: {1, 2}, 114: {2, 3}, 949: {3, 4}, 851: {0}, 567: {1}, 317: {2}, 824: {3}, 533: {4}}
clusters:[10 22 28 27  3 10 20 15  1 16  9  0 23  2 15  8 11 17 18  4 16  5 11 13
 26 29  6 12  8  7 19 14  4 17 13 12 19 21  1  7 14  2  6  5  3  9 25  0
 18 24]

round: 4
best_g_value: 211.0
open_list_size: 3
num_low_level_expanded: 2415
search_success: 1
search_time: 237.6225065640001
n_tsp_call: 35
n_tsp_time: 236.22399251299794
n_roots: 1
num_conflicts: 3
target_assignment: {130: 0, 132: 0, 390: 0, 520: 0, 682: 0, 716: 0, 814: 0, 238: 2, 273: 2, 242: 2, 114: 2, 86: 2, 27: 2, 29: 2, 185: 3, 823: 3, 933: 4, 998: 4, 979: 4, 949: 4, 954: 4, 926: 4, 734: 4, 733: 4, 663: 4, 535: 4, 873: 1, 745: 1, 589: 1, 564: 1}
cluster_target_selection: {11: 130, 16: 132, 9: 390, 12: 520, 29: 682, 13: 716, 20: 814, 19: 238, 8: 273, 17: 242, 28: 114, 10: 86, 7: 27, 25: 29, 14: 185, 15: 823, 3: 933, 5: 998, 24: 979, 27: 949, 6: 954, 23: 926, 21: 734, 26: 733, 4: 663, 1: 535, 2: 873, 18: 745, 22: 589, 0: 564}
num_nodes_transformed_graph: 248
agent_paths:({0: [(2, 0), (2, 1), (2, 2), (2, 3), (2, 4), (3, 4), (4, 4), (5, 4), (5, 5), (5, 6), (5, 7), (5, 8), (5, 9), (6, 9), (6, 10), (6, 11), (6, 12), (6, 13), (6, 14), (6, 15), (7, 15), (7, 16), (8, 16), (9, 16), (10, 16), (10, 17), (10, 18), (10, 19), (10, 20), (10, 21), (11, 21), (12, 21), (12, 22), (13, 22), (13, 23), (14, 23), (14, 24), (14, 25), (15, 25), (16, 25), (17, 25), (18, 25), (19, 25), (19, 26), (19, 26)], 1: [(9, 28), (9, 27), (9, 26), (9, 25), (9, 24), (9, 23), (9, 22), (9, 21), (9, 20), (9, 19), (9, 18), (10, 18), (11, 18), (12, 18), (13, 18), (13, 17), (14, 17), (15, 17), (16, 17), (17, 17), (18, 17), (19, 17), (20, 17), (21, 17), (22, 17), (23, 17), (23, 17)], 2: [(16, 22), (16, 21), (16, 20), (16, 19), (16, 18), (16, 17), (16, 16), (16, 15), (16, 14), (16, 13), (16, 12), (16, 11), (16, 10), (16, 9), (16, 8), (16, 7), (15, 7), (14, 7), (15, 7), (16, 7), (17, 7), (17, 8), (17, 7), (18, 7), (18, 6), (18, 5), (18, 4), (18, 3), (19, 3), (20, 3), (20, 2), (21, 2), (22, 2), (23, 2), (24, 2), (25, 2), (25, 3), (26, 3), (27, 3), (27, 2), (27, 1), (27, 0), (28, 0), (29, 0), (29, 1), (29, 2), (28, 2), (28, 3), (28, 4), (29, 4), (29, 5), (29, 6), (29, 7), (29, 8), (29, 9), (29, 9)], 3: [(23, 2), (24, 2), (25, 2), (25, 3), (25, 4), (25, 5), (25, 6), (25, 7), (25, 8), (24, 8), (24, 9), (24, 10), (24, 11), (24, 12), (24, 13), (24, 14), (24, 15), (24, 16), (24, 17), (24, 18), (24, 19), (24, 20), (24, 21), (24, 22), (24, 23), (24, 24), (23, 24), (23, 25), (24, 25), (24, 25)], 4: [(1, 31), (1, 30), (1, 29), (2, 29), (3, 29), (4, 29), (5, 29), (6, 29), (6, 30), (6, 31), (7, 31), (8, 31), (9, 31), (10, 31), (11, 31), (12, 31), (13, 31), (14, 31), (15, 31), (16, 31), (16, 30), (17, 30), (18, 30), (19, 30), (19, 29), (20, 29), (21, 29), (21, 30), (22, 30), (23, 30), (23, 29), (24, 29), (25, 29), (26, 29), (26, 28), (27, 28), (28, 28), (29, 28), (30, 28), (30, 27), (30, 26), (30, 25), (30, 24), (30, 23), (30, 22), (29, 22), (28, 22), (27, 22), (26, 22), (26, 21), (25, 21), (24, 21), (23, 21), (23, 20), (23, 19), (23, 18), (22, 18), (22, 17), (22, 16), (23, 16), (22, 16), (21, 16), (21, 16)]}, 61)