

CBSS-C STATS
starts:[796, 515, 653, 850, 424]
targets:[378, 174, 940, 877, 35, 735, 983, 625, 459, 457]
dests:[254, 878, 219, 743, 259]
ac_dict:{378: {0, 1}, 174: {1, 2}, 940: {2, 3}, 877: {3, 4}, 254: {0}, 878: {1}, 219: {2}, 743: {3}, 259: {4}}
clusters:[0 0 1 1 0 0 1 0 1 1]

round: 1
best_g_value: 95.0
open_list_size: 0
num_low_level_expanded: 347
search_success: 1
search_time: 0.054168551694601774
n_tsp_call: 1
n_tsp_time: 0.03940972359851003
n_roots: 1
num_conflicts: 0
target_assignment: {625: 2, 877: 3}
cluster_target_selection: {0: 625, 1: 877}
num_nodes_transformed_graph: 27
agent_paths:({0: [(28, 24), (29, 24), (29, 23), (29, 22), (29, 21), (29, 20), (29, 19), (29, 18), (29, 17), (29, 16), (29, 15), (29, 14), (29, 13), (29, 12), (29, 11), (29, 10), (29, 9), (29, 8), (29, 7), (30, 7), (30, 7)], 1: [(3, 16), (4, 16), (5, 16), (6, 16), (7, 16), (8, 16), (9, 16), (10, 16), (11, 16), (12, 16), (13, 16), (13, 17), (13, 18), (13, 19), (13, 20), (13, 21), (13, 22), (13, 23), (13, 24), (13, 25), (13, 26), (13, 27), (14, 27), (14, 27)], 2: [(13, 20), (13, 19), (14, 19), (15, 19), (16, 19), (17, 19), (18, 19), (18, 18), (18, 17), (19, 17), (19, 16), (19, 15), (19, 14), (19, 13), (19, 12), (19, 11), (19, 10), (19, 9), (20, 9), (20, 8), (20, 7), (20, 6), (21, 6), (22, 6), (23, 6), (24, 6), (25, 6), (26, 6), (27, 6), (27, 6)], 3: [(18, 26), (17, 26), (16, 26), (15, 26), (15, 27), (14, 27), (13, 27), (12, 27), (11, 27), (10, 27), (9, 27), (8, 27), (8, 26), (7, 26), (7, 25), (7, 24), (7, 23), (7, 23)], 4: [(8, 13), (7, 13), (6, 13), (5, 13), (4, 13), (3, 13), (3, 12), (3, 11), (3, 10), (3, 9), (3, 8), (3, 8)]}, 28)