

CBSS-C STATS
starts:[558, 569, 420, 396, 537, 843, 826, 434, 594, 519]
targets:[887, 1002, 1008, 984, 745, 570, 401, 231, 342, 350, 408, 432, 355, 354, 250]
dests:[294, 979, 133, 839, 225, 741, 631, 168, 542, 373]
ac_dict:{887: {0, 1}, 1002: {1, 2}, 1008: {2, 3}, 984: {3, 4}, 745: {4, 5}, 570: {5, 6}, 401: {6, 7}, 231: {8, 7}, 342: {8, 9}, 294: {0}, 979: {1}, 133: {2}, 839: {3}, 225: {4}, 741: {5}, 631: {6}, 168: {7}, 542: {8}, 373: {9}}
clusters:[0 7 4 7 9 1 0 6 7 6 8 9 2 3 5]

round: 1
best_g_value: 206.0
open_list_size: 0
num_low_level_expanded: 572
search_success: 1
search_time: 0.44479927886277437
n_tsp_call: 1
n_tsp_time: 0.4146134932525456
n_roots: 1
num_conflicts: 0
target_assignment: {401: 7, 231: 7, 355: 2, 354: 2, 432: 3, 1008: 3, 570: 6, 342: 9, 408: 4, 250: 4}
cluster_target_selection: {0: 401, 6: 231, 2: 355, 3: 354, 9: 432, 4: 1008, 1: 570, 7: 342, 8: 408, 5: 250}
num_nodes_transformed_graph: 58
agent_paths:({0: [(14, 17), (13, 17), (12, 17), (11, 17), (10, 17), (9, 17), (8, 17), (7, 17), (6, 17), (6, 16), (6, 15), (6, 14), (6, 13), (6, 12), (6, 11), (6, 10), (6, 9), (6, 9)], 1: [(25, 17), (24, 17), (23, 17), (22, 17), (21, 17), (20, 17), (19, 17), (19, 18), (19, 19), (19, 20), (19, 21), (19, 22), (19, 23), (19, 24), (19, 25), (19, 26), (19, 27), (19, 28), (19, 29), (19, 30), (19, 30)], 2: [(4, 13), (3, 13), (3, 12), (3, 11), (2, 11), (2, 10), (2, 9), (3, 9), (3, 8), (3, 7), (3, 6), (3, 5), (3, 4), (4, 4), (5, 4), (5, 4)], 3: [(12, 12), (12, 13), (13, 13), (14, 13), (15, 13), (16, 13), (16, 14), (16, 15), (16, 16), (16, 17), (16, 18), (16, 19), (16, 20), (16, 21), (16, 22), (16, 23), (16, 24), (16, 25), (16, 26), (16, 27), (16, 28), (16, 29), (16, 30), (16, 31), (15, 31), (14, 31), (13, 31), (12, 31), (11, 31), (10, 31), (9, 31), (8, 31), (8, 30), (8, 29), (8, 28), (8, 27), (8, 26), (7, 26), (7, 26)], 4: [(25, 16), (24, 16), (24, 15), (24, 14), (24, 13), (24, 12), (24, 11), (24, 10), (24, 9), (24, 8), (25, 8), (25, 7), (26, 7), (25, 7), (25, 6), (24, 6), (23, 6), (22, 6), (21, 6), (20, 6), (19, 6), (18, 6), (17, 6), (16, 6), (15, 6), (14, 6), (13, 6), (12, 6), (11, 6), (10, 6), (9, 6), (8, 6), (7, 6), (7, 7), (6, 7), (5, 7), (4, 7), (3, 7), (2, 7), (1, 7), (1, 7)], 5: [(11, 26), (10, 26), (9, 26), (8, 26), (7, 26), (7, 25), (7, 24), (7, 23), (6, 23), (5, 23), (5, 23)], 6: [(26, 25), (26, 24), (26, 23), (26, 22), (26, 21), (26, 20), (25, 20), (25, 19), (25, 18), (25, 17), (26, 17), (25, 17), (24, 17), (23, 17), (23, 18), (23, 19), (23, 19)], 7: [(18, 13), (17, 13), (17, 12), (16, 12), (15, 12), (14, 12), (14, 11), (14, 10), (13, 10), (12, 10), (11, 10), (10, 10), (9, 10), (8, 10), (7, 10), (7, 9), (7, 8), (7, 7), (7, 6), (7, 5), (8, 5), (8, 5)], 8: [(18, 18), (18, 17), (19, 17), (19, 16), (20, 16), (21, 16), (22, 16), (23, 16), (24, 16), (25, 16), (26, 16), (27, 16), (28, 16), (29, 16), (30, 16), (30, 16)], 9: [(7, 16), (8, 16), (9, 16), (9, 15), (9, 14), (10, 14), (11, 14), (12, 14), (12, 13), (13, 13), (14, 13), (14, 12), (14, 11), (15, 11), (16, 11), (17, 11), (18, 11), (18, 10), (19, 10), (20, 10), (21, 10), (22, 10), (21, 10), (21, 11), (21, 11)]}, 39)