

CBSS-C STATS
starts:[599, 771, 56, 244, 188]
targets:[144, 897, 315, 787, 880, 821, 1014, 13, 851, 600, 59, 64, 101, 214, 616, 378, 848, 882, 331, 85]
dests:[749, 507, 767, 922, 1004]
ac_dict:{144: {0, 1}, 897: {1, 2}, 315: {2, 3}, 787: {3, 4}, 749: {0}, 507: {1}, 767: {2}, 922: {3}, 1004: {4}}
clusters:[7 8 9 2 1 2 6 7 4 9 5 9 9 6 0 9 5 6 9 3]

round: 1
best_g_value: 184.0
open_list_size: 0
num_low_level_expanded: 713
search_success: 1
search_time: 0.6017905510962009
n_tsp_call: 1
n_tsp_time: 0.5717063266783953
n_roots: 1
num_conflicts: 0
target_assignment: {787: 4, 851: 4, 848: 4, 880: 4, 315: 2, 897: 1, 616: 1, 144: 1, 85: 1, 214: 1}
cluster_target_selection: {2: 787, 4: 851, 5: 848, 1: 880, 9: 315, 8: 897, 0: 616, 7: 144, 3: 85, 6: 214}
num_nodes_transformed_graph: 52
agent_paths:({0: [(23, 18), (22, 18), (21, 18), (20, 18), (19, 18), (18, 18), (18, 19), (17, 19), (16, 19), (15, 19), (14, 19), (13, 19), (13, 20), (13, 21), (13, 22), (13, 23), (13, 23)], 1: [(3, 24), (2, 24), (2, 25), (2, 26), (2, 27), (1, 27), (1, 28), (1, 27), (2, 27), (2, 26), (2, 25), (2, 24), (2, 23), (2, 22), (3, 22), (4, 22), (5, 22), (5, 21), (5, 20), (5, 19), (6, 19), (7, 19), (8, 19), (8, 18), (8, 17), (8, 16), (9, 16), (9, 15), (9, 14), (10, 14), (10, 13), (10, 12), (10, 11), (10, 10), (10, 9), (10, 8), (10, 7), (10, 6), (10, 5), (11, 5), (12, 5), (13, 5), (14, 5), (15, 5), (16, 5), (16, 4), (16, 3), (17, 3), (18, 3), (19, 3), (20, 3), (20, 2), (21, 2), (21, 3), (21, 4), (21, 5), (21, 6), (22, 6), (23, 6), (24, 6), (25, 6), (25, 7), (25, 8), (25, 9), (25, 10), (26, 10), (26, 11), (26, 12), (26, 13), (27, 13), (27, 14), (27, 15), (27, 15)], 2: [(24, 1), (24, 2), (25, 2), (25, 3), (26, 3), (27, 3), (27, 4), (27, 5), (27, 6), (27, 7), (27, 8), (27, 9), (28, 9), (29, 9), (29, 10), (29, 11), (29, 12), (29, 13), (29, 14), (29, 15), (29, 16), (29, 17), (29, 18), (29, 19), (29, 20), (29, 21), (29, 22), (30, 22), (31, 22), (31, 23), (31, 23)], 3: [(20, 7), (21, 7), (22, 7), (22, 8), (23, 8), (24, 8), (25, 8), (25, 9), (25, 10), (25, 11), (25, 12), (25, 13), (25, 14), (25, 15), (25, 16), (25, 17), (25, 18), (25, 19), (25, 20), (26, 20), (26, 21), (26, 22), (26, 23), (26, 24), (26, 25), (26, 26), (26, 27), (26, 28), (26, 28)], 4: [(28, 5), (27, 5), (26, 5), (25, 5), (24, 5), (23, 5), (23, 6), (22, 6), (21, 6), (20, 6), (20, 7), (20, 8), (20, 9), (19, 9), (19, 10), (19, 11), (19, 12), (19, 13), (19, 14), (19, 15), (19, 16), (19, 17), (19, 18), (19, 19), (19, 20), (19, 21), (19, 22), (19, 23), (19, 24), (19, 25), (19, 26), (18, 26), (17, 26), (16, 26), (16, 27), (15, 27), (14, 27), (13, 27), (12, 27), (12, 28), (12, 29), (12, 30), (12, 31), (12, 31)]}, 71)