

CBSS-C STATS
starts:[200, 545, 668, 434, 784]
targets:[783, 961, 78, 966, 700, 974, 708, 492, 241, 873]
dests:[733, 114, 412, 965, 320]
ac_dict:{783: {0, 1}, 961: {1, 2}, 78: {2, 3}, 966: {3, 4}, 733: {0}, 114: {1}, 412: {2}, 965: {3}, 320: {4}}
clusters:[0 0 1 0 1 1 0 0 1 0]

round: 1
best_g_value: 138.0
open_list_size: 0
num_low_level_expanded: 727
search_success: 1
search_time: 0.09053569659590721
n_tsp_call: 1
n_tsp_time: 0.06466474616900086
n_roots: 1
num_conflicts: 0
target_assignment: {974: 3, 708: 4}
cluster_target_selection: {1: 974, 0: 708}
num_nodes_transformed_graph: 29
agent_paths:({0: [(8, 6), (9, 6), (10, 6), (11, 6), (12, 6), (13, 6), (14, 6), (15, 6), (16, 6), (17, 6), (18, 6), (19, 6), (20, 6), (21, 6), (22, 6), (23, 6), (24, 6), (25, 6), (26, 6), (27, 6), (28, 6), (29, 6), (29, 7), (29, 8), (29, 9), (29, 10), (29, 11), (29, 12), (29, 13), (29, 14), (29, 15), (29, 16), (29, 17), (29, 18), (29, 19), (29, 20), (29, 21), (29, 22), (29, 22)], 1: [(1, 17), (1, 16), (1, 15), (1, 14), (1, 13), (1, 12), (1, 11), (1, 10), (1, 9), (1, 8), (1, 7), (2, 7), (3, 7), (4, 7), (5, 7), (6, 7), (7, 7), (7, 6), (8, 6), (9, 6), (10, 6), (10, 5), (11, 5), (12, 5), (13, 5), (14, 5), (15, 5), (16, 5), (16, 4), (16, 3), (17, 3), (18, 3), (18, 3)], 2: [(28, 20), (27, 20), (27, 19), (27, 18), (27, 17), (27, 16), (27, 15), (27, 14), (27, 13), (28, 13), (28, 12), (28, 12)], 3: [(18, 13), (17, 13), (16, 13), (16, 14), (16, 15), (16, 16), (16, 17), (16, 18), (16, 19), (15, 19), (15, 20), (15, 21), (15, 22), (15, 23), (15, 24), (15, 25), (15, 26), (15, 27), (14, 27), (14, 28), (14, 29), (14, 30), (13, 30), (12, 30), (11, 30), (10, 30), (9, 30), (8, 30), (7, 30), (6, 30), (5, 30), (5, 30)], 4: [(16, 24), (15, 24), (14, 24), (13, 24), (12, 24), (11, 24), (10, 24), (9, 24), (8, 24), (7, 24), (7, 23), (6, 23), (5, 23), (4, 23), (4, 22), (3, 22), (2, 22), (2, 21), (2, 20), (2, 19), (2, 18), (2, 17), (1, 17), (1, 16), (1, 15), (1, 14), (1, 13), (1, 12), (1, 11), (0, 11), (0, 10), (0, 10)]}, 37)