

CBSS-C STATS
starts:[335, 69, 753, 0, 333]
targets:[493, 276, 419, 998, 999, 292, 769, 230, 439, 709]
dests:[162, 823, 746, 121, 684]
ac_dict:{493: {0, 1}, 276: {1, 2}, 419: {2, 3}, 998: {3, 4}, 162: {0}, 823: {1}, 746: {2}, 121: {3}, 684: {4}}
clusters:[3 2 1 0 4 3 3 0 0 0]

round: 2
best_g_value: 148.0
open_list_size: 1
num_low_level_expanded: 671
search_success: 1
search_time: 0.2966361357830465
n_tsp_call: 1
n_tsp_time: 0.2737751826643944
n_roots: 1
num_conflicts: 1
target_assignment: {276: 1, 999: 2, 419: 3, 292: 3, 230: 3}
cluster_target_selection: {2: 276, 4: 999, 1: 419, 3: 292, 0: 230}
num_nodes_transformed_graph: 48
agent_paths:({0: [(15, 10), (14, 10), (13, 10), (12, 10), (11, 10), (10, 10), (9, 10), (8, 10), (7, 10), (6, 10), (5, 10), (4, 10), (4, 9), (3, 9), (3, 8), (3, 7), (2, 7), (2, 6), (2, 5), (2, 5)], 1: [(5, 2), (6, 2), (6, 3), (7, 3), (8, 3), (9, 3), (10, 3), (11, 3), (12, 3), (13, 3), (14, 3), (14, 4), (14, 5), (15, 5), (16, 5), (17, 5), (18, 5), (19, 5), (19, 6), (20, 6), (20, 7), (20, 8), (21, 8), (21, 9), (21, 10), (21, 11), (21, 12), (21, 13), (21, 14), (21, 15), (21, 16), (21, 17), (21, 18), (21, 19), (21, 20), (21, 21), (21, 22), (21, 23), (22, 23), (22, 24), (23, 24), (23, 25), (23, 25)], 2: [(17, 23), (16, 23), (15, 23), (14, 23), (13, 23), (12, 23), (11, 23), (10, 23), (9, 23), (8, 23), (8, 24), (8, 25), (8, 26), (8, 27), (8, 28), (7, 28), (7, 29), (7, 30), (7, 31), (7, 30), (7, 29), (7, 28), (8, 28), (8, 27), (8, 26), (8, 25), (8, 24), (8, 23), (9, 23), (10, 23), (10, 23)], 3: [(0, 0), (1, 0), (2, 0), (3, 0), (3, 1), (3, 2), (3, 3), (3, 4), (3, 5), (3, 6), (3, 7), (3, 8), (3, 9), (3, 10), (3, 11), (3, 12), (3, 13), (3, 12), (3, 11), (3, 10), (3, 9), (4, 9), (4, 8), (4, 7), (5, 7), (6, 7), (7, 7), (7, 6), (8, 6), (9, 6), (10, 6), (10, 5), (11, 5), (12, 5), (13, 5), (14, 5), (15, 5), (16, 5), (16, 4), (16, 3), (17, 3), (18, 3), (19, 3), (20, 3), (21, 3), (22, 3), (23, 3), (24, 3), (25, 3), (25, 3)], 4: [(13, 10), (12, 10), (12, 11), (12, 12), (12, 13), (12, 14), (12, 15), (12, 16), (12, 17), (12, 18), (12, 19), (12, 20), (12, 21), (12, 21)]}, 48)