

CBSS-C STATS
starts:[104, 849, 401, 1019, 261, 363, 739, 805, 406, 227]
targets:[113, 998, 823, 442, 523, 549, 569, 968, 687, 985, 41, 742, 990, 225, 944]
dests:[806, 324, 632, 145, 819, 129, 168, 520, 876, 280]
ac_dict:{113: {0, 1}, 998: {1, 2}, 823: {2, 3}, 442: {3, 4}, 523: {4, 5}, 549: {5, 6}, 569: {6, 7}, 968: {8, 7}, 687: {8, 9}, 806: {0}, 324: {1}, 632: {2}, 145: {3}, 819: {4}, 129: {5}, 168: {6}, 520: {7}, 876: {8}, 280: {9}}
clusters:[6 3 4 2 1 8 7 0 6 5 9 6 4 3 0]

round: 18
best_g_value: 289.0
open_list_size: 17
num_low_level_expanded: 5590
search_success: 1
search_time: 5.494791307952255
n_tsp_call: 19
n_tsp_time: 4.694400344509631
n_roots: 1
num_conflicts: 17
target_assignment: {41: 0, 549: 6, 569: 6, 985: 3, 823: 3, 442: 3, 225: 5, 742: 1, 523: 4, 944: 8}
cluster_target_selection: {9: 41, 8: 549, 7: 569, 5: 985, 4: 823, 2: 442, 3: 225, 6: 742, 1: 523, 0: 944}
num_nodes_transformed_graph: 58
agent_paths:({0: [(8, 3), (9, 3), (9, 2), (9, 1), (9, 2), (9, 3), (8, 3), (7, 3), (7, 4), (7, 5), (7, 6), (7, 7), (7, 8), (7, 9), (6, 9), (6, 10), (6, 11), (6, 12), (6, 13), (6, 14), (6, 15), (6, 16), (6, 17), (7, 17), (7, 18), (7, 19), (7, 20), (7, 21), (7, 22), (7, 23), (7, 24), (7, 25), (6, 25), (6, 25)], 1: [(17, 26), (16, 26), (15, 26), (15, 25), (14, 25), (13, 25), (12, 25), (11, 25), (10, 25), (9, 25), (8, 25), (7, 25), (7, 24), (7, 23), (6, 23), (5, 23), (5, 22), (5, 21), (5, 20), (5, 19), (5, 18), (5, 17), (5, 16), (5, 15), (5, 14), (5, 13), (4, 13), (4, 12), (4, 11), (4, 10), (4, 10)], 2: [(17, 12), (18, 12), (18, 13), (19, 13), (20, 13), (21, 13), (22, 13), (23, 13), (24, 13), (24, 14), (24, 15), (24, 16), (24, 17), (24, 18), (24, 19), (24, 19)], 3: [(27, 31), (26, 31), (25, 31), (25, 30), (24, 30), (23, 30), (23, 29), (23, 28), (23, 27), (23, 26), (23, 25), (23, 24), (24, 24), (24, 23), (24, 22), (24, 21), (24, 20), (25, 20), (25, 19), (25, 18), (25, 17), (25, 16), (25, 15), (25, 14), (25, 13), (26, 13), (25, 13), (24, 13), (23, 13), (22, 13), (21, 13), (20, 13), (19, 13), (18, 13), (18, 12), (18, 11), (18, 10), (18, 9), (17, 9), (17, 8), (17, 7), (17, 6), (17, 5), (17, 4), (17, 4)], 4: [(5, 8), (5, 9), (6, 9), (6, 10), (6, 11), (6, 12), (6, 13), (6, 14), (6, 15), (7, 15), (7, 16), (8, 16), (9, 16), (10, 16), (11, 16), (12, 16), (13, 16), (14, 16), (15, 16), (16, 16), (17, 16), (17, 17), (18, 17), (19, 17), (19, 18), (19, 19), (19, 20), (19, 21), (19, 22), (19, 23), (19, 24), (19, 25), (19, 25)], 5: [(11, 11), (10, 11), (9, 11), (9, 10), (8, 10), (7, 10), (6, 10), (5, 10), (4, 10), (3, 10), (2, 10), (1, 10), (1, 9), (1, 8), (1, 7), (1, 6), (1, 5), (1, 4), (1, 4)], 6: [(3, 23), (3, 22), (4, 22), (5, 22), (5, 21), (5, 20), (5, 19), (5, 18), (5, 17), (6, 17), (7, 17), (8, 17), (9, 17), (10, 17), (11, 17), (12, 17), (13, 17), (14, 17), (15, 17), (16, 17), (17, 17), (18, 17), (19, 17), (20, 17), (21, 17), (22, 17), (23, 17), (24, 17), (25, 17), (24, 17), (23, 17), (22, 17), (21, 17), (20, 17), (19, 17), (18, 17), (17, 17), (16, 17), (15, 17), (14, 17), (13, 17), (12, 17), (11, 17), (10, 17), (10, 16), (10, 15), (10, 14), (10, 13), (10, 12), (9, 12), (9, 11), (9, 10), (9, 9), (9, 8), (9, 7), (9, 6), (8, 6), (8, 5), (8, 5)], 7: [(5, 25), (6, 25), (7, 25), (7, 24), (7, 23), (7, 22), (7, 21), (7, 20), (7, 19), (7, 18), (8, 18), (8, 18), (8, 17), (8, 16), (8, 16)], 8: [(22, 12), (21, 12), (20, 12), (19, 12), (18, 12), (17, 12), (16, 12), (16, 13), (16, 14), (16, 15), (16, 16), (16, 17), (16, 18), (16, 19), (16, 20), (16, 21), (16, 22), (16, 23), (16, 24), (16, 25), (16, 26), (16, 27), (16, 28), (16, 29), (15, 29), (14, 29), (13, 29), (12, 29), (12, 28), (12, 27), (12, 27)], 9: [(3, 7), (4, 7), (5, 7), (6, 7), (7, 7), (7, 8), (8, 8), (9, 8), (10, 8), (11, 8), (11, 7), (12, 7), (13, 7), (14, 7), (15, 7), (16, 7), (17, 7), (18, 7), (19, 7), (20, 7), (21, 7), (22, 7), (22, 8), (23, 8), (24, 8), (24, 8)]}, 57)