

CBSS-C STATS
starts:[670, 886, 158, 498, 9, 783, 228, 419, 505, 494]
targets:[23, 67, 906, 619, 870]
dests:[1011, 754, 482, 782, 569, 171, 110, 562, 368, 164]
ac_dict:{23: {0, 1}, 67: {1, 2}, 906: {2, 3}, 619: {3, 4}, 870: {4, 5}, 1011: {0}, 754: {1}, 482: {2}, 782: {3}, 569: {4}, 171: {5}, 110: {6}, 562: {7}, 368: {8}, 164: {9}}
clusters:[1 1 1 0 0]

round: 2
best_g_value: 214.0
open_list_size: 1
num_low_level_expanded: 1031
search_success: 1
search_time: 0.10764876706525683
n_tsp_call: 1
n_tsp_time: 0.06675962591543794
n_roots: 1
num_conflicts: 1
target_assignment: {67: 2, 619: 4}
cluster_target_selection: {1: 67, 0: 619}
num_nodes_transformed_graph: 25
agent_paths:({0: [(30, 20), (29, 20), (28, 20), (27, 20), (26, 20), (25, 20), (24, 20), (23, 20), (22, 20), (21, 20), (20, 20), (19, 20), (19, 21), (19, 22), (19, 23), (19, 24), (19, 25), (19, 26), (19, 27), (19, 28), (19, 29), (19, 30), (19, 31), (19, 31)], 1: [(22, 27), (21, 27), (20, 27), (19, 27), (18, 27), (18, 26), (18, 25), (18, 24), (18, 23), (18, 23)], 2: [(30, 4), (29, 4), (28, 4), (27, 4), (26, 4), (25, 4), (25, 3), (24, 3), (23, 3), (22, 3), (21, 3), (20, 3), (19, 3), (18, 3), (17, 3), (16, 3), (16, 2), (16, 1), (15, 1), (14, 1), (13, 1), (12, 1), (11, 1), (10, 1), (9, 1), (8, 1), (7, 1), (6, 1), (5, 1), (4, 1), (3, 1), (3, 2), (3, 3), (3, 4), (3, 5), (3, 6), (3, 7), (3, 8), (3, 9), (2, 9), (2, 10), (2, 11), (2, 12), (2, 13), (2, 14), (2, 15), (2, 15)], 3: [(18, 15), (17, 15), (16, 15), (16, 16), (16, 17), (16, 18), (16, 19), (15, 19), (15, 20), (15, 21), (15, 22), (15, 23), (14, 23), (14, 24), (14, 24)], 4: [(9, 0), (10, 0), (10, 1), (10, 2), (10, 3), (10, 4), (10, 5), (10, 6), (10, 7), (10, 8), (10, 9), (10, 10), (10, 11), (10, 12), (10, 13), (10, 14), (11, 14), (11, 15), (11, 16), (11, 17), (11, 18), (11, 19), (12, 19), (13, 19), (14, 19), (15, 19), (16, 19), (17, 19), (18, 19), (18, 18), (19, 18), (19, 17), (20, 17), (21, 17), (22, 17), (23, 17), (24, 17), (25, 17), (25, 17)], 5: [(15, 24), (14, 24), (13, 24), (12, 24), (12, 23), (12, 22), (12, 21), (12, 20), (12, 19), (12, 18), (12, 17), (12, 16), (12, 15), (12, 14), (12, 13), (12, 12), (12, 11), (11, 11), (11, 10), (11, 9), (11, 8), (11, 7), (11, 6), (11, 5), (11, 5)], 6: [(4, 7), (5, 7), (5, 6), (5, 5), (5, 4), (5, 3), (6, 3), (7, 3), (8, 3), (9, 3), (10, 3), (11, 3), (12, 3), (13, 3), (14, 3), (14, 3)], 7: [(3, 13), (4, 13), (5, 13), (6, 13), (6, 14), (6, 15), (7, 15), (7, 16), (8, 16), (9, 16), (10, 16), (11, 16), (12, 16), (13, 16), (14, 16), (15, 16), (16, 16), (17, 16), (17, 17), (18, 17), (18, 17)], 8: [(25, 15), (24, 15), (23, 15), (22, 15), (21, 15), (21, 14), (20, 14), (19, 14), (18, 14), (17, 14), (16, 14), (16, 13), (16, 12), (16, 11), (16, 11)], 9: [(14, 15), (13, 15), (12, 15), (11, 15), (10, 15), (10, 14), (10, 13), (10, 12), (9, 12), (9, 11), (9, 10), (8, 10), (7, 10), (6, 10), (5, 10), (5, 9), (5, 8), (5, 7), (5, 6), (5, 5), (4, 5), (4, 5)]}, 45)