

CBSS-C STATS
starts:[605, 313, 866, 566, 622]
targets:[648, 861, 533, 249, 568, 20, 475, 332, 664, 321]
dests:[12, 782, 969, 367, 2]
ac_dict:{648: {0, 1}, 861: {1, 2}, 533: {2, 3}, 249: {3, 4}, 12: {0}, 782: {1}, 969: {2}, 367: {3}, 2: {4}}
clusters:[1 4 1 2 4 1 1 3 0 0]

round: 1
best_g_value: 129.0
open_list_size: 0
num_low_level_expanded: 512
search_success: 1
search_time: 0.1383514110930264
n_tsp_call: 1
n_tsp_time: 0.1189072048291564
n_roots: 1
num_conflicts: 0
target_assignment: {475: 0, 568: 1, 664: 1, 332: 4, 249: 3}
cluster_target_selection: {1: 475, 4: 568, 0: 664, 3: 332, 2: 249}
num_nodes_transformed_graph: 48
agent_paths:({0: [(29, 18), (28, 18), (27, 18), (27, 17), (27, 16), (27, 15), (27, 14), (26, 14), (25, 14), (24, 14), (23, 14), (22, 14), (21, 14), (20, 14), (19, 14), (18, 14), (17, 14), (16, 14), (15, 14), (14, 14), (14, 13), (14, 12), (14, 11), (14, 10), (13, 10), (13, 9), (13, 8), (13, 7), (12, 7), (12, 6), (12, 5), (12, 4), (12, 3), (12, 2), (12, 1), (12, 0), (12, 0)], 1: [(25, 9), (24, 9), (24, 10), (24, 11), (24, 12), (24, 13), (24, 14), (24, 15), (24, 16), (24, 17), (24, 18), (24, 19), (24, 20), (23, 20), (22, 20), (21, 20), (20, 20), (19, 20), (18, 20), (17, 20), (16, 20), (15, 20), (15, 21), (15, 22), (15, 23), (14, 23), (14, 24), (14, 24)], 2: [(2, 27), (3, 27), (4, 27), (5, 27), (6, 27), (6, 28), (7, 28), (8, 28), (8, 29), (8, 30), (9, 30), (9, 30)], 3: [(22, 17), (22, 16), (22, 15), (22, 14), (22, 13), (22, 12), (22, 11), (22, 10), (22, 9), (22, 8), (23, 8), (24, 8), (25, 8), (25, 7), (25, 8), (24, 8), (23, 8), (22, 8), (21, 8), (20, 8), (20, 9), (19, 9), (18, 9), (17, 9), (16, 9), (15, 9), (15, 10), (15, 11), (15, 11)], 4: [(14, 19), (13, 19), (12, 19), (12, 18), (12, 17), (12, 16), (12, 15), (12, 14), (12, 13), (12, 12), (12, 11), (12, 10), (11, 10), (10, 10), (9, 10), (8, 10), (7, 10), (6, 10), (5, 10), (4, 10), (3, 10), (3, 9), (3, 8), (3, 7), (2, 7), (2, 6), (2, 5), (2, 4), (2, 3), (2, 2), (2, 1), (2, 0), (2, 0)]}, 35)