

CBSS-C STATS
starts:[108, 758, 838, 350, 1020]
targets:[87, 371, 919, 59, 154, 463, 709, 274, 251, 889, 85, 824, 49, 834, 311, 708, 608, 231, 921, 971]
dests:[814, 278, 600, 184, 39]
ac_dict:{87: {0, 1}, 371: {1, 2}, 919: {2, 3}, 59: {3, 4}, 814: {0}, 278: {1}, 600: {2}, 184: {3}, 39: {4}}
clusters:[5 1 9 7 6 0 0 2 4 7 2 6 2 0 8 6 8 3 4 6]

round: 1
best_g_value: 159.0
open_list_size: 0
num_low_level_expanded: 465
search_success: 1
search_time: 2.302784482948482
n_tsp_call: 1
n_tsp_time: 2.270281240809709
n_roots: 1
num_conflicts: 0
target_assignment: {371: 1, 85: 1, 87: 1, 311: 1, 921: 4, 889: 4, 824: 4, 463: 4, 231: 4, 919: 2}
cluster_target_selection: {1: 371, 2: 85, 5: 87, 8: 311, 4: 921, 7: 889, 6: 824, 0: 463, 3: 231, 9: 919}
num_nodes_transformed_graph: 98
agent_paths:({0: [(12, 3), (13, 3), (13, 4), (13, 5), (13, 6), (13, 7), (13, 8), (13, 9), (14, 9), (14, 10), (14, 11), (14, 12), (14, 13), (14, 14), (14, 15), (14, 16), (14, 17), (14, 18), (14, 19), (14, 20), (14, 21), (13, 21), (13, 22), (13, 23), (14, 23), (14, 24), (14, 25), (14, 25)], 1: [(22, 23), (21, 23), (21, 22), (20, 22), (19, 22), (19, 21), (19, 20), (19, 19), (19, 18), (19, 17), (19, 16), (19, 15), (19, 14), (19, 13), (19, 12), (19, 11), (19, 10), (19, 9), (20, 9), (20, 8), (20, 7), (20, 6), (21, 6), (21, 5), (21, 4), (21, 3), (21, 2), (22, 2), (23, 2), (23, 3), (23, 4), (23, 5), (23, 6), (22, 6), (22, 7), (22, 8), (23, 8), (23, 9), (22, 9), (22, 8), (22, 8)], 2: [(6, 26), (7, 26), (8, 26), (9, 26), (10, 26), (11, 26), (12, 26), (13, 26), (13, 27), (14, 27), (15, 27), (16, 27), (17, 27), (18, 27), (19, 27), (20, 27), (21, 27), (22, 27), (23, 27), (23, 28), (23, 27), (23, 26), (23, 25), (23, 24), (24, 24), (24, 23), (24, 22), (24, 21), (24, 20), (24, 19), (24, 18), (24, 18)], 3: [(30, 10), (29, 10), (28, 10), (27, 10), (26, 10), (25, 10), (25, 9), (25, 8), (25, 7), (25, 6), (24, 6), (24, 5), (24, 5)], 4: [(28, 31), (27, 31), (26, 31), (25, 31), (25, 30), (25, 29), (25, 28), (25, 27), (24, 27), (24, 26), (24, 25), (23, 25), (22, 25), (21, 25), (20, 25), (19, 25), (18, 25), (17, 25), (16, 25), (16, 24), (16, 23), (16, 22), (16, 21), (16, 20), (16, 19), (16, 18), (16, 17), (16, 16), (16, 15), (16, 14), (15, 14), (14, 14), (13, 14), (12, 14), (11, 14), (10, 14), (10, 13), (10, 12), (9, 12), (9, 11), (9, 10), (8, 10), (7, 10), (7, 9), (7, 8), (7, 7), (7, 6), (7, 5), (7, 4), (7, 3), (6, 3), (6, 2), (6, 1), (7, 1), (7, 1)]}, 53)