

CBSS-C STATS
starts:[190, 555, 957, 710, 228]
targets:[769, 482, 730, 657, 324, 449, 613, 50, 819, 631, 719, 924, 451, 249, 368, 1022, 470, 655, 516, 944, 76, 280, 507, 536, 836, 329, 457, 829, 442, 1023, 312, 498, 138, 989, 191, 848, 276, 315, 828, 417, 771, 265, 385, 735, 155, 709, 266, 946, 963, 8]
dests:[590, 973, 107, 491, 948]
ac_dict:{769: {0, 1}, 482: {1, 2}, 730: {2, 3}, 657: {3, 4}, 590: {0}, 973: {1}, 107: {2}, 491: {3}, 948: {4}}
clusters:[27 13 26 14 22 38  9  5 24 36 12  1 25  2 37 21  6 39  0  3 32  8 31 18
 15 19  7 35  3 11 20 17  4  1 30  5 33 34 10 29 16  2  8  6  4  0  7 28
  9 23]

round: 3
best_g_value: 212.0
open_list_size: 2
num_low_level_expanded: 748
search_success: 1
search_time: 21.298428137000883
n_tsp_call: 1
n_tsp_time: 21.161603398999432
n_roots: 1
num_conflicts: 2
target_assignment: {191: 0, 155: 0, 315: 0, 442: 0, 507: 0, 470: 0, 498: 0, 709: 3, 613: 3, 1022: 2, 1023: 2, 989: 2, 829: 2, 828: 2, 730: 2, 631: 2, 536: 2, 312: 2, 280: 2, 276: 2, 76: 2, 8: 2, 324: 4, 329: 4, 265: 4, 266: 4, 368: 4, 657: 4, 655: 4, 719: 4, 848: 4, 819: 4, 946: 4, 451: 1, 449: 1, 417: 1, 482: 1, 769: 1, 771: 1, 836: 1}
cluster_target_selection: {30: 191, 4: 155, 34: 315, 3: 442, 31: 507, 6: 470, 17: 498, 0: 709, 9: 613, 21: 1022, 11: 1023, 1: 989, 35: 829, 10: 828, 26: 730, 36: 631, 18: 536, 20: 312, 8: 280, 33: 276, 32: 76, 23: 8, 22: 324, 19: 329, 2: 265, 7: 266, 37: 368, 14: 657, 39: 655, 12: 719, 5: 848, 24: 819, 28: 946, 25: 451, 38: 449, 29: 417, 13: 482, 27: 769, 16: 771, 15: 836}
num_nodes_transformed_graph: 248
agent_paths:({0: [(30, 5), (31, 5), (30, 5), (29, 5), (28, 5), (27, 5), (27, 4), (27, 5), (27, 6), (27, 7), (27, 8), (27, 9), (27, 10), (26, 10), (26, 11), (26, 12), (26, 13), (27, 13), (27, 14), (27, 15), (26, 15), (25, 15), (24, 15), (23, 15), (22, 15), (22, 14), (21, 14), (20, 14), (19, 14), (18, 14), (18, 15), (17, 15), (16, 15), (16, 16), (15, 16), (14, 16), (14, 17), (14, 18), (14, 18)], 1: [(11, 17), (10, 17), (9, 17), (8, 17), (7, 17), (6, 17), (5, 17), (4, 17), (3, 17), (3, 16), (3, 15), (3, 14), (2, 14), (1, 14), (1, 13), (2, 13), (2, 14), (2, 15), (2, 16), (2, 17), (2, 18), (2, 19), (1, 19), (1, 20), (1, 21), (1, 22), (1, 23), (1, 24), (2, 24), (3, 24), (4, 24), (4, 25), (4, 26), (5, 26), (6, 26), (7, 26), (8, 26), (9, 26), (10, 26), (11, 26), (12, 26), (13, 26), (13, 27), (13, 28), (13, 29), (13, 30), (13, 30)], 2: [(29, 29), (30, 29), (30, 30), (30, 31), (31, 31), (30, 31), (29, 31), (29, 30), (29, 29), (29, 28), (29, 27), (29, 26), (29, 25), (28, 25), (27, 25), (26, 25), (26, 24), (26, 23), (26, 22), (26, 21), (25, 21), (24, 21), (23, 21), (23, 20), (23, 19), (23, 18), (23, 17), (23, 16), (24, 16), (24, 15), (24, 14), (24, 13), (24, 12), (24, 11), (24, 10), (24, 9), (24, 8), (23, 8), (22, 8), (21, 8), (20, 8), (20, 7), (19, 7), (18, 7), (17, 7), (16, 7), (15, 7), (14, 7), (13, 7), (12, 7), (12, 6), (12, 5), (12, 4), (12, 3), (12, 2), (11, 2), (10, 2), (9, 2), (9, 1), (8, 1), (8, 0), (9, 0), (10, 0), (11, 0), (11, 1), (11, 2), (11, 3), (11, 3)], 3: [(6, 22), (5, 22), (5, 21), (5, 20), (5, 19), (6, 19), (7, 19), (7, 18), (7, 17), (7, 16), (8, 16), (9, 16), (9, 15), (10, 15), (11, 15), (11, 15)], 4: [(4, 7), (4, 8), (4, 9), (4, 10), (5, 10), (6, 10), (7, 10), (8, 10), (9, 10), (9, 9), (9, 8), (10, 8), (11, 8), (11, 9), (11, 10), (12, 10), (13, 10), (14, 10), (15, 10), (16, 10), (16, 11), (16, 12), (16, 13), (16, 14), (16, 15), (16, 16), (16, 17), (16, 18), (16, 19), (17, 19), (17, 20), (16, 20), (15, 20), (15, 21), (15, 22), (16, 22), (16, 23), (16, 24), (16, 25), (16, 26), (16, 25), (17, 25), (18, 25), (19, 25), (18, 25), (18, 26), (18, 27), (18, 28), (18, 29), (19, 29), (20, 29), (20, 29)]}, 66)