

CBSS-C STATS
starts:[148, 647, 864, 977, 1011]
targets:[366, 119, 210, 568, 924, 201, 616, 809, 716, 984, 838, 279, 470, 368, 70, 550, 73, 302, 904, 740, 721, 4, 673, 284, 66, 845, 567, 825, 884, 242, 697, 1016, 1023, 684, 297, 620, 373, 873, 449, 573]
dests:[55, 110, 476, 1020, 320]
ac_dict:{366: {0, 1}, 119: {1, 2}, 210: {2, 3}, 568: {3, 4}, 55: {0}, 110: {1}, 476: {2}, 1020: {3}, 320: {4}}
clusters:[ 4  1 18 12 15  2  0  7 19 14 13  9 11 20  5 14 10 11 12 21 17 24  8  3
 16  2  6 13  3 10 22  8  7 23  9  1  4  5  0  6]

round: 1
best_g_value: 187.0
open_list_size: 0
num_low_level_expanded: 471
search_success: 1
search_time: 24.21035825600029
n_tsp_call: 1
n_tsp_time: 24.132464712
n_roots: 1
num_conflicts: 0
target_assignment: {616: 1, 620: 1, 984: 3, 1016: 3, 924: 3, 740: 2, 809: 2, 716: 2, 684: 2, 721: 2, 368: 2, 210: 2, 242: 2, 373: 2, 470: 2, 884: 4, 825: 4, 697: 4, 568: 4, 567: 4, 297: 4, 201: 4, 70: 4, 4: 4, 66: 4}
cluster_target_selection: {0: 616, 1: 620, 14: 984, 8: 1016, 15: 924, 21: 740, 7: 809, 19: 716, 23: 684, 17: 721, 20: 368, 18: 210, 10: 242, 4: 373, 11: 470, 3: 884, 13: 825, 22: 697, 12: 568, 6: 567, 9: 297, 2: 201, 5: 70, 24: 4, 16: 66}
num_nodes_transformed_graph: 198
agent_paths:({0: [(20, 4), (20, 3), (20, 2), (21, 2), (22, 2), (22, 1), (23, 1), (23, 1)], 1: [(7, 20), (7, 19), (8, 19), (9, 19), (10, 19), (11, 19), (12, 19), (12, 18), (12, 17), (12, 16), (12, 15), (12, 14), (12, 13), (12, 12), (12, 11), (12, 10), (13, 10), (13, 9), (13, 8), (13, 7), (13, 6), (13, 5), (13, 4), (13, 3), (14, 3), (14, 3)], 2: [(0, 27), (0, 26), (0, 25), (0, 24), (0, 23), (1, 23), (2, 23), (3, 23), (4, 23), (5, 23), (6, 23), (7, 23), (8, 23), (9, 23), (9, 24), (9, 25), (9, 24), (9, 23), (9, 22), (10, 22), (11, 22), (12, 22), (12, 21), (13, 21), (14, 21), (15, 21), (16, 21), (17, 21), (17, 22), (16, 22), (16, 21), (16, 20), (16, 19), (16, 18), (16, 17), (16, 16), (16, 15), (16, 14), (16, 13), (16, 12), (16, 11), (16, 10), (16, 9), (16, 8), (16, 7), (16, 6), (17, 6), (18, 6), (18, 7), (19, 7), (20, 7), (21, 7), (21, 8), (21, 9), (21, 10), (21, 11), (22, 11), (22, 12), (22, 13), (22, 14), (23, 14), (24, 14), (25, 14), (26, 14), (27, 14), (28, 14), (28, 14)], 3: [(17, 30), (18, 30), (19, 30), (20, 30), (21, 30), (22, 30), (23, 30), (24, 30), (24, 31), (24, 30), (24, 29), (24, 28), (25, 28), (26, 28), (27, 28), (28, 28), (28, 29), (28, 30), (28, 31), (28, 31)], 4: [(19, 31), (19, 30), (19, 29), (19, 28), (19, 27), (20, 27), (20, 26), (20, 25), (21, 25), (22, 25), (23, 25), (24, 25), (25, 25), (25, 24), (24, 24), (24, 23), (24, 22), (24, 21), (25, 21), (24, 21), (24, 20), (24, 19), (24, 18), (24, 17), (23, 17), (22, 17), (21, 17), (20, 17), (19, 17), (18, 17), (17, 17), (16, 17), (15, 17), (14, 17), (13, 17), (12, 17), (11, 17), (10, 17), (10, 16), (10, 15), (10, 14), (10, 13), (10, 12), (9, 12), (9, 11), (9, 10), (9, 9), (9, 8), (9, 7), (9, 6), (8, 6), (7, 6), (7, 5), (6, 5), (6, 4), (6, 3), (6, 2), (5, 2), (4, 2), (4, 1), (4, 0), (3, 0), (2, 0), (2, 1), (2, 2), (1, 2), (1, 3), (1, 4), (1, 5), (1, 6), (1, 7), (0, 7), (0, 8), (0, 9), (0, 10), (0, 10)]}, 74)