

CBSS-C STATS
starts:[601, 471, 976, 596, 689]
targets:[117, 760, 191, 487, 99, 894, 790, 845, 923, 12, 613, 951, 470, 961, 212, 11, 69, 231, 484, 219, 77, 16, 256, 241, 933, 266, 972, 47, 765, 22, 709, 701, 373, 904, 413, 624, 392, 534, 371, 656]
dests:[880, 33, 775, 989, 784]
ac_dict:{117: {0, 1}, 760: {1, 2}, 191: {2, 3}, 487: {3, 4}, 880: {0}, 33: {1}, 775: {2}, 989: {3}, 784: {4}}
clusters:[20 15 21 23  2  4  0  5  7  3 17  2  8  1  7 16 14  3  9 11  6  5 12 10
  8  6 22 10 18 13  9 12 13 24  1 19 11  0  4 14]

round: 1
best_g_value: 189.0
open_list_size: 0
num_low_level_expanded: 358
search_success: 1
search_time: 18.316765865999514
n_tsp_call: 1
n_tsp_time: 18.237936718999663
n_roots: 1
num_conflicts: 0
target_assignment: {790: 0, 624: 3, 613: 3, 484: 3, 487: 3, 392: 3, 266: 3, 241: 3, 212: 3, 191: 3, 413: 3, 701: 3, 765: 3, 894: 3, 972: 2, 904: 2, 760: 1, 470: 1, 373: 1, 117: 1, 16: 1, 12: 1, 11: 1, 69: 1, 99: 1}
cluster_target_selection: {0: 790, 19: 624, 17: 613, 9: 484, 23: 487, 11: 392, 6: 266, 10: 241, 7: 212, 21: 191, 1: 413, 12: 701, 18: 765, 4: 894, 22: 972, 24: 904, 15: 760, 8: 470, 13: 373, 20: 117, 5: 16, 3: 12, 16: 11, 14: 69, 2: 99}
num_nodes_transformed_graph: 198
agent_paths:({0: [(25, 18), (24, 18), (24, 19), (24, 20), (24, 21), (24, 22), (24, 23), (24, 24), (23, 24), (22, 24), (22, 25), (21, 25), (20, 25), (19, 25), (18, 25), (17, 25), (16, 25), (16, 26), (16, 27), (16, 27)], 1: [(23, 14), (24, 14), (24, 15), (24, 16), (24, 17), (24, 18), (24, 19), (24, 20), (24, 21), (24, 22), (24, 23), (24, 22), (23, 22), (23, 21), (22, 21), (22, 20), (22, 19), (22, 18), (22, 17), (22, 16), (22, 15), (22, 14), (21, 14), (21, 13), (21, 12), (21, 11), (21, 10), (21, 9), (21, 8), (21, 7), (21, 6), (21, 5), (21, 4), (21, 3), (20, 3), (19, 3), (18, 3), (17, 3), (16, 3), (16, 2), (16, 1), (16, 0), (15, 0), (14, 0), (13, 0), (12, 0), (11, 0), (10, 0), (9, 0), (8, 0), (8, 1), (7, 1), (6, 1), (5, 1), (5, 2), (4, 2), (3, 2), (3, 3), (2, 3), (1, 3), (1, 2), (1, 1), (1, 1)], 2: [(16, 30), (16, 29), (15, 29), (14, 29), (13, 29), (12, 29), (12, 30), (11, 30), (10, 30), (9, 30), (8, 30), (8, 29), (8, 28), (8, 27), (8, 26), (7, 26), (7, 25), (7, 24), (7, 24)], 3: [(20, 18), (19, 18), (18, 18), (18, 19), (17, 19), (16, 19), (15, 19), (14, 19), (13, 19), (12, 19), (11, 19), (10, 19), (9, 19), (8, 19), (7, 19), (6, 19), (5, 19), (4, 19), (4, 18), (4, 17), (4, 16), (4, 15), (5, 15), (6, 15), (7, 15), (6, 15), (6, 14), (6, 13), (7, 13), (8, 13), (8, 12), (9, 12), (9, 11), (9, 10), (9, 9), (9, 8), (10, 8), (10, 7), (11, 7), (12, 7), (13, 7), (14, 7), (15, 7), (16, 7), (17, 7), (17, 6), (18, 6), (19, 6), (20, 6), (21, 6), (22, 6), (23, 6), (23, 5), (24, 5), (25, 5), (26, 5), (27, 5), (28, 5), (29, 5), (30, 5), (31, 5), (30, 5), (29, 5), (29, 6), (29, 7), (29, 8), (29, 9), (29, 10), (29, 11), (29, 12), (29, 13), (29, 14), (29, 15), (29, 16), (29, 17), (29, 18), (29, 19), (29, 20), (29, 21), (29, 22), (29, 23), (30, 23), (30, 24), (30, 25), (30, 26), (30, 27), (29, 27), (29, 28), (29, 29), (29, 30), (29, 30)], 4: [(17, 21), (16, 21), (16, 22), (16, 23), (16, 24), (16, 24)]}, 89)