

CBSS-C STATS
starts:[432, 652]
targets:[279, 812, 531, 94, 829, 991, 970, 755, 781, 213, 350, 1014, 242, 730, 16, 376, 824, 987, 272, 134, 130, 287, 598, 808, 55, 843, 509, 175, 822, 244, 150, 705, 956, 876, 954, 778, 444, 643, 882, 323, 121, 566, 758, 993, 405, 62, 286, 358, 386, 981, 1010, 867, 763, 477, 479, 797, 690, 483, 476, 564, 233, 2, 343, 484, 108, 881, 861, 435, 754, 945, 982, 112, 329, 318, 835, 546, 190, 721, 149, 857, 762, 528, 739, 891, 623, 535, 511, 406, 450, 632, 257, 197, 834, 333, 472, 321, 650, 827, 815, 747]
dests:[796, 68]
ac_dict:{279: {0, 1}, 796: {0}, 68: {1}}
clusters:[39 37 18 32 34 38 28 34 31 27 38 21 38 36 32 38 36 37 13  9 37 22 20 24
  7  0  6 13  2 12  3  3 39 32 17 38 22 27 16 33 14  3  7 10  8 34 14 23
 27  7 25 11 35 31 13  6 16  9 21 35 10 24  7  9  8  9 25  3 30 32  9 26
 17 29  5 35  7 29  5 15 16  1 18 14  9  6 31 11  5 23  7 25 23 34 23 19
  5  4 37 24]

round: 1
best_g_value: 425.0
open_list_size: 0
num_low_level_expanded: 281
search_success: 1
search_time: 43.04104391600413
n_tsp_call: 1
n_tsp_time: 42.86904248499923
n_roots: 1
num_conflicts: 0
target_assignment: {528: 0, 690: 0, 721: 0, 754: 0, 755: 0, 822: 0, 824: 0, 857: 0, 891: 0, 827: 0, 650: 1, 747: 1, 843: 1, 970: 1, 876: 1, 812: 1, 781: 1, 623: 1, 531: 1, 564: 1, 598: 1, 566: 1, 535: 1, 472: 1, 476: 1, 444: 1, 406: 1, 405: 1, 343: 1, 279: 1, 213: 1, 244: 1, 242: 1, 112: 1, 175: 1, 233: 1, 329: 1, 321: 1, 323: 1, 197: 1}
cluster_target_selection: {1: 528, 16: 690, 29: 721, 30: 754, 34: 755, 2: 822, 36: 824, 15: 857, 14: 891, 4: 827, 5: 650, 24: 747, 0: 843, 28: 970, 32: 876, 37: 812, 31: 781, 9: 623, 18: 531, 35: 564, 20: 598, 3: 566, 6: 535, 23: 472, 21: 476, 22: 444, 11: 406, 8: 405, 7: 343, 39: 279, 27: 213, 12: 244, 38: 242, 26: 112, 13: 175, 10: 233, 17: 329, 19: 321, 33: 323, 25: 197}
num_nodes_transformed_graph: 204
agent_paths:({0: [(16, 13), (16, 14), (16, 15), (16, 16), (17, 16), (17, 17), (18, 17), (18, 18), (18, 19), (18, 20), (18, 21), (17, 21), (17, 22), (18, 22), (18, 23), (19, 23), (19, 24), (20, 24), (20, 25), (21, 25), (22, 25), (23, 25), (24, 25), (25, 25), (25, 26), (26, 26), (27, 26), (27, 27), (27, 26), (27, 25), (27, 24), (28, 24), (28, 24)], 1: [(12, 20), (11, 20), (10, 20), (11, 20), (11, 21), (11, 22), (11, 23), (11, 24), (11, 25), (11, 26), (10, 26), (10, 27), (10, 28), (10, 29), (10, 30), (10, 29), (10, 28), (10, 27), (11, 27), (12, 27), (12, 26), (12, 25), (12, 24), (13, 24), (13, 23), (13, 22), (13, 21), (13, 20), (13, 19), (14, 19), (15, 19), (16, 19), (16, 18), (16, 17), (17, 17), (18, 17), (19, 17), (19, 16), (20, 16), (20, 17), (21, 17), (22, 17), (22, 18), (22, 17), (22, 16), (23, 16), (23, 15), (23, 14), (24, 14), (25, 14), (26, 14), (27, 14), (28, 14), (28, 13), (27, 13), (26, 13), (25, 13), (24, 13), (23, 13), (22, 13), (22, 12), (21, 12), (21, 11), (21, 10), (22, 10), (23, 10), (23, 9), (23, 8), (22, 8), (21, 8), (21, 7), (21, 6), (20, 6), (20, 7), (19, 7), (18, 7), (17, 7), (16, 7), (16, 6), (16, 5), (16, 4), (16, 3), (16, 4), (16, 5), (15, 5), (14, 5), (13, 5), (12, 5), (11, 5), (10, 5), (10, 6), (9, 6), (9, 7), (9, 8), (9, 9), (9, 10), (8, 10), (7, 10), (6, 10), (5, 10), (4, 10), (3, 10), (2, 10), (1, 10), (2, 10), (3, 10), (3, 9), (3, 8), (3, 7), (4, 7), (5, 7), (5, 6), (5, 5), (4, 5), (4, 4), (4, 3), (4, 2), (4, 2)]}, 116)