

CBSS-C STATS
starts:[55, 819]
targets:[56, 984, 249, 51, 188, 947, 788, 444, 787, 213, 830, 159, 257, 976, 369, 424, 554, 230, 603, 601, 665, 909, 445, 190, 281, 777, 883, 110, 762, 29, 790, 573, 58, 874, 163, 164, 730, 358, 733, 148, 992, 448, 881, 799, 645, 47, 523, 457, 628, 1014, 216, 410, 434, 68, 305, 722, 854, 855, 388, 882, 179, 700, 786, 727, 635, 24, 911, 837, 103, 106, 52, 40, 471, 779, 328, 312, 393, 896, 95, 286, 60, 229, 654, 195, 462, 903, 65, 973, 943, 714, 701, 124, 479, 189, 563, 224, 322, 291, 574, 798]
dests:[638, 37]
ac_dict:{56: {0, 1}, 638: {0}, 37: {1}}
clusters:[28 23 11 32 12 12 17  1 38 24 26  9  1 35 31 35  5 34 10 22  7  5  5  4
 35 22 17  6 27 11 39  8 26 33  8 25 10 13 24 38 29 18 14 16 36 25 35 25
 11 25 13 27 34 17 16 16  3 18 29 28  0  7 19 28  1  4  8 39 11 34 37 14
  0 18 23 34 21 16  6 20 19  3 33 16 32 17 39 17  5  6 35  2  1 15 36 17
  5  3 10 30]

round: 1
best_g_value: 429.0
open_list_size: 0
num_low_level_expanded: 248
search_success: 1
search_time: 7.329340156000399
n_tsp_call: 1
n_tsp_time: 7.231291065996629
n_roots: 1
num_conflicts: 0
target_assignment: {56: 0, 124: 0, 188: 0, 189: 0, 190: 0, 159: 0, 286: 0, 445: 0, 444: 0, 573: 0, 601: 0, 665: 0, 730: 0, 762: 0, 798: 0, 830: 0, 733: 0, 701: 0, 790: 1, 855: 1, 854: 1, 883: 1, 881: 1, 786: 1, 722: 1, 654: 1, 645: 1, 388: 1, 358: 1, 328: 1, 393: 1, 369: 1, 179: 1, 148: 1, 52: 1, 51: 1, 47: 1, 110: 1, 106: 1, 103: 1}
cluster_target_selection: {28: 56, 2: 124, 12: 188, 15: 189, 4: 190, 9: 159, 20: 286, 5: 445, 1: 444, 8: 573, 22: 601, 7: 665, 10: 730, 27: 762, 30: 798, 26: 830, 24: 733, 35: 701, 39: 790, 18: 855, 3: 854, 17: 883, 14: 881, 19: 786, 16: 722, 33: 654, 36: 645, 29: 388, 13: 358, 23: 328, 21: 393, 31: 369, 0: 179, 38: 148, 37: 52, 32: 51, 25: 47, 6: 110, 34: 106, 11: 103}
num_nodes_transformed_graph: 104
agent_paths:({0: [(23, 1), (24, 1), (24, 2), (25, 2), (25, 3), (26, 3), (27, 3), (28, 3), (28, 4), (28, 5), (29, 5), (30, 5), (30, 4), (31, 4), (30, 4), (30, 5), (30, 6), (30, 7), (30, 8), (29, 8), (29, 9), (29, 10), (29, 11), (29, 12), (29, 13), (28, 13), (29, 13), (29, 14), (29, 15), (29, 16), (29, 17), (29, 18), (28, 18), (27, 18), (26, 18), (25, 18), (25, 19), (25, 20), (26, 20), (26, 21), (26, 22), (26, 23), (27, 23), (27, 24), (28, 24), (29, 24), (30, 24), (30, 25), (29, 25), (29, 24), (29, 23), (29, 22), (29, 21), (29, 20), (29, 19), (30, 19), (30, 19)], 1: [(19, 25), (20, 25), (21, 25), (22, 25), (22, 24), (23, 24), (23, 25), (23, 26), (22, 26), (22, 27), (21, 27), (20, 27), (19, 27), (18, 27), (17, 27), (17, 26), (17, 25), (17, 24), (18, 24), (18, 23), (18, 22), (17, 22), (16, 22), (15, 22), (15, 21), (14, 21), (14, 20), (13, 20), (12, 20), (11, 20), (10, 20), (9, 20), (8, 20), (7, 20), (6, 20), (5, 20), (5, 19), (5, 18), (5, 17), (5, 16), (5, 15), (5, 14), (5, 13), (4, 13), (4, 12), (4, 11), (5, 11), (6, 11), (6, 10), (7, 10), (8, 10), (9, 10), (9, 11), (9, 12), (9, 11), (10, 11), (11, 11), (12, 11), (12, 10), (13, 10), (14, 10), (15, 10), (16, 10), (16, 11), (17, 11), (18, 11), (18, 10), (18, 9), (18, 8), (18, 7), (18, 6), (18, 5), (19, 5), (19, 4), (20, 4), (20, 3), (20, 2), (20, 1), (19, 1), (18, 1), (17, 1), (16, 1), (15, 1), (14, 1), (14, 2), (14, 3), (13, 3), (12, 3), (11, 3), (10, 3), (9, 3), (8, 3), (7, 3), (6, 3), (5, 3), (5, 2), (5, 1), (5, 1)]}, 96)