

CBSS-C STATS
starts:[404, 185, 630, 278, 557]
targets:[1001, 266, 919, 407, 606, 854, 210, 98, 852, 839, 971, 797, 902, 436, 859, 120, 933, 47, 612, 40, 409, 204, 390, 294, 138, 609, 114, 531, 486, 643, 81, 131, 595, 769, 686, 662, 973, 663, 567, 528, 473, 809, 385, 1010, 597, 891, 667, 468, 221, 716]
dests:[824, 323, 265, 758, 209]
ac_dict:{1001: {0, 1}, 266: {1, 2}, 919: {2, 3}, 407: {3, 4}, 824: {0}, 323: {1}, 265: {2}, 758: {3}, 209: {4}}
clusters:[ 2 11  7 27 34 39 20  5  3 28 35 21 12 17  6  8 30 14 38 13 18 36  3 31
  0 23 15 24  1 10  8  0  4  9  4 22 37  5 32  6 16 33 26  9  7 19 29  1
  2 25]

round: 1
best_g_value: 216.0
open_list_size: 0
num_low_level_expanded: 439
search_success: 1
search_time: 38.27887766999993
n_tsp_call: 1
n_tsp_time: 38.16065059600078
n_roots: 1
num_conflicts: 0
target_assignment: {436: 0, 531: 0, 595: 0, 597: 0, 567: 0, 663: 0, 662: 2, 716: 2, 973: 2, 971: 2, 809: 2, 839: 2, 902: 2, 933: 2, 769: 2, 609: 2, 643: 2, 612: 2, 486: 2, 390: 2, 294: 2, 266: 2, 407: 3, 409: 3, 473: 3, 606: 3, 667: 3, 797: 3, 859: 3, 891: 3, 854: 3, 204: 4, 221: 1, 210: 1, 114: 1, 81: 1, 47: 1, 40: 1, 131: 1, 385: 1}
cluster_target_selection: {17: 436, 24: 531, 4: 595, 7: 597, 32: 567, 5: 663, 22: 662, 25: 716, 37: 973, 35: 971, 33: 809, 28: 839, 12: 902, 30: 933, 9: 769, 23: 609, 10: 643, 38: 612, 1: 486, 3: 390, 31: 294, 11: 266, 27: 407, 18: 409, 16: 473, 34: 606, 29: 667, 21: 797, 6: 859, 19: 891, 39: 854, 36: 204, 2: 221, 20: 210, 15: 114, 8: 81, 14: 47, 13: 40, 0: 131, 26: 385}
num_nodes_transformed_graph: 248
agent_paths:({0: [(20, 12), (20, 13), (19, 13), (19, 14), (19, 15), (19, 16), (19, 17), (19, 18), (20, 18), (21, 18), (21, 17), (22, 17), (23, 17), (23, 18), (23, 19), (23, 20), (24, 20), (24, 21), (24, 22), (24, 23), (24, 24), (24, 25), (24, 25)], 1: [(25, 5), (26, 5), (27, 5), (28, 5), (29, 5), (29, 6), (28, 6), (27, 6), (26, 6), (25, 6), (24, 6), (23, 6), (22, 6), (21, 6), (20, 6), (19, 6), (18, 6), (18, 5), (18, 4), (18, 3), (17, 3), (17, 2), (16, 2), (16, 1), (15, 1), (14, 1), (13, 1), (12, 1), (11, 1), (10, 1), (9, 1), (8, 1), (7, 1), (6, 1), (5, 1), (4, 1), (3, 1), (3, 2), (3, 3), (3, 4), (2, 4), (1, 4), (1, 5), (1, 6), (1, 7), (1, 8), (1, 9), (1, 10), (1, 11), (1, 12), (1, 11), (1, 10), (2, 10), (3, 10), (3, 10)], 2: [(22, 19), (22, 20), (21, 20), (20, 20), (19, 20), (18, 20), (17, 20), (16, 20), (15, 20), (14, 20), (13, 20), (12, 20), (12, 21), (12, 22), (13, 22), (13, 23), (13, 24), (13, 25), (13, 26), (13, 27), (13, 28), (13, 29), (13, 30), (12, 30), (11, 30), (10, 30), (10, 29), (10, 28), (9, 28), (9, 27), (9, 26), (9, 25), (8, 25), (7, 25), (7, 26), (6, 26), (6, 27), (6, 28), (5, 28), (5, 29), (4, 29), (3, 29), (2, 29), (2, 28), (2, 27), (2, 26), (2, 25), (1, 25), (1, 24), (1, 23), (1, 22), (1, 21), (1, 20), (1, 19), (2, 19), (2, 20), (3, 20), (2, 20), (2, 19), (2, 18), (3, 18), (4, 18), (4, 19), (4, 18), (4, 17), (4, 16), (4, 15), (5, 15), (6, 15), (6, 14), (6, 13), (6, 12), (6, 11), (6, 10), (6, 9), (7, 9), (7, 8), (8, 8), (9, 8), (10, 8), (9, 8), (9, 8)], 3: [(22, 8), (23, 8), (23, 9), (23, 10), (23, 11), (23, 12), (24, 12), (25, 12), (25, 13), (25, 14), (26, 14), (27, 14), (28, 14), (29, 14), (30, 14), (30, 15), (30, 16), (30, 17), (30, 18), (29, 18), (28, 18), (27, 18), (27, 19), (27, 20), (28, 20), (29, 20), (29, 21), (29, 22), (29, 23), (29, 24), (28, 24), (27, 24), (27, 25), (27, 26), (27, 27), (26, 27), (25, 27), (24, 27), (23, 27), (22, 27), (22, 26), (22, 25), (22, 24), (22, 23), (22, 23)], 4: [(13, 17), (12, 17), (12, 16), (12, 15), (12, 14), (12, 13), (12, 12), (12, 11), (12, 10), (11, 10), (11, 9), (11, 8), (11, 7), (11, 6), (12, 6), (13, 6), (14, 6), (15, 6), (16, 6), (17, 6), (17, 6)]}, 80)