

CBSS-C STATS
starts:[657, 339, 620, 815, 552]
targets:[531, 419, 429, 618, 680, 276, 47, 252, 439, 627]
dests:[309, 286, 962, 749, 400]
ac_dict:{531: {0, 1}, 419: {1, 2}, 429: {2, 3}, 618: {3, 4}, 309: {0}, 286: {1}, 962: {2}, 749: {3}, 400: {4}}
clusters:[3 2 1 0 0 1 1 4 2 3]

round: 1
best_g_value: 72.0
open_list_size: 0
num_low_level_expanded: 209
search_success: 1
search_time: 0.14113081200048327
n_tsp_call: 1
n_tsp_time: 0.133044745773077
n_roots: 1
num_conflicts: 0
target_assignment: {627: 0, 439: 0, 276: 1, 252: 1, 680: 2}
cluster_target_selection: {3: 627, 2: 439, 1: 276, 4: 252, 0: 680}
num_nodes_transformed_graph: 48
agent_paths:({0: [(17, 20), (17, 19), (18, 19), (19, 19), (19, 18), (19, 17), (19, 16), (19, 15), (19, 14), (19, 13), (20, 13), (21, 13), (22, 13), (23, 13), (22, 13), (21, 13), (21, 12), (21, 11), (21, 10), (21, 9), (21, 9)], 1: [(19, 10), (19, 9), (20, 9), (20, 8), (21, 8), (22, 8), (23, 8), (24, 8), (25, 8), (25, 7), (26, 7), (27, 7), (28, 7), (29, 7), (30, 7), (30, 8), (30, 8)], 2: [(12, 19), (11, 19), (10, 19), (9, 19), (8, 19), (8, 20), (8, 21), (7, 21), (6, 21), (5, 21), (5, 22), (4, 22), (3, 22), (2, 22), (2, 23), (2, 24), (2, 25), (2, 26), (2, 27), (2, 28), (2, 29), (2, 30), (2, 30)], 3: [(15, 25), (14, 25), (13, 25), (13, 24), (13, 23), (13, 23)], 4: [(8, 17), (8, 16), (9, 16), (9, 15), (9, 14), (10, 14), (11, 14), (12, 14), (12, 13), (13, 13), (14, 13), (14, 12), (15, 12), (16, 12), (16, 12)]}, 21)