

CBSS-C STATS
starts:[204, 273, 316, 105, 220]
targets:[278, 299, 769, 468, 987, 592, 414, 351, 158, 854]
dests:[421, 605, 74, 874, 165]
ac_dict:{278: {0, 1}, 299: {1, 2}, 769: {2, 3}, 468: {3, 4}, 421: {0}, 605: {1}, 74: {2}, 874: {3}, 165: {4}}
clusters:[2 0 4 1 1 3 1 1 2 2]

round: 1
best_g_value: 148.0
open_list_size: 0
num_low_level_expanded: 447
search_success: 1
search_time: 0.06143112387508154
n_tsp_call: 1
n_tsp_time: 0.03976335469633341
n_roots: 1
num_conflicts: 0
target_assignment: {592: 3, 769: 3, 299: 2, 278: 1, 414: 1}
cluster_target_selection: {3: 592, 4: 769, 0: 299, 2: 278, 1: 414}
num_nodes_transformed_graph: 27
agent_paths:({0: [(12, 6), (11, 6), (10, 6), (9, 6), (8, 6), (7, 6), (7, 7), (7, 8), (7, 9), (6, 9), (6, 10), (6, 11), (6, 12), (6, 13), (5, 13), (5, 13)], 1: [(17, 8), (18, 8), (18, 7), (19, 7), (20, 7), (21, 7), (22, 7), (22, 8), (23, 8), (24, 8), (25, 8), (25, 9), (25, 10), (26, 10), (27, 10), (28, 10), (29, 10), (30, 10), (30, 11), (30, 12), (29, 12), (29, 13), (29, 14), (29, 15), (29, 16), (29, 17), (29, 18), (29, 18)], 2: [(28, 9), (27, 9), (27, 10), (26, 10), (25, 10), (24, 10), (23, 10), (22, 10), (21, 10), (20, 10), (19, 10), (18, 10), (18, 9), (17, 9), (16, 9), (15, 9), (14, 9), (13, 9), (13, 10), (12, 10), (11, 10), (11, 9), (10, 9), (10, 8), (10, 7), (10, 6), (10, 5), (10, 4), (10, 3), (10, 2), (10, 2)], 3: [(9, 3), (10, 3), (11, 3), (12, 3), (13, 3), (14, 3), (14, 4), (14, 5), (15, 5), (16, 5), (16, 6), (16, 7), (16, 8), (16, 9), (16, 10), (16, 11), (16, 12), (16, 13), (16, 14), (16, 15), (16, 16), (16, 17), (16, 18), (16, 19), (15, 19), (14, 19), (13, 19), (12, 19), (11, 19), (10, 19), (9, 19), (8, 19), (7, 19), (6, 19), (5, 19), (5, 20), (5, 21), (5, 22), (4, 22), (3, 22), (2, 22), (1, 22), (1, 23), (1, 24), (2, 24), (3, 24), (4, 24), (4, 25), (5, 25), (6, 25), (7, 25), (8, 25), (9, 25), (10, 25), (10, 26), (10, 27), (10, 27)], 4: [(28, 6), (27, 6), (26, 6), (25, 6), (24, 6), (23, 6), (22, 6), (21, 6), (20, 6), (19, 6), (18, 6), (17, 6), (16, 6), (15, 6), (14, 6), (13, 6), (12, 6), (11, 6), (10, 6), (9, 6), (8, 6), (7, 6), (7, 5), (6, 5), (5, 5), (5, 5)]}, 55)