

CBSS-C STATS
starts:[116, 822, 166, 938, 357, 361, 339, 153, 49, 953]
targets:[1018, 450, 502, 351, 441, 727, 254, 587, 137, 706, 807, 30, 20, 957, 968]
dests:[592, 767, 575, 550, 742, 136, 770, 640, 877, 250]
ac_dict:{1018: {0, 1}, 450: {1, 2}, 502: {2, 3}, 351: {3, 4}, 441: {4, 5}, 727: {5, 6}, 254: {6, 7}, 587: {8, 7}, 137: {8, 9}, 592: {0}, 767: {1}, 575: {2}, 550: {3}, 742: {4}, 136: {5}, 770: {6}, 640: {7}, 877: {8}, 250: {9}}
clusters:[8 2 5 5 4 9 3 1 5 8 7 0 6 4 3]

round: 1
best_g_value: 285.0
open_list_size: 0
num_low_level_expanded: 877
search_success: 1
search_time: 1.0013145422562957
n_tsp_call: 1
n_tsp_time: 0.9515127167105675
n_roots: 1
num_conflicts: 0
target_assignment: {20: 0, 587: 7, 957: 9, 30: 9, 727: 6, 706: 6, 968: 3, 807: 3, 450: 2, 502: 2}
cluster_target_selection: {6: 20, 1: 587, 4: 957, 0: 30, 9: 727, 8: 706, 3: 968, 7: 807, 2: 450, 5: 502}
num_nodes_transformed_graph: 98
agent_paths:({0: [(20, 3), (20, 2), (20, 1), (20, 0), (19, 0), (19, 1), (18, 1), (17, 1), (16, 1), (16, 2), (16, 3), (16, 4), (16, 5), (16, 6), (16, 7), (16, 8), (16, 9), (16, 10), (16, 11), (16, 12), (16, 13), (16, 14), (16, 15), (16, 16), (16, 17), (16, 18), (16, 18)], 1: [(22, 25), (22, 24), (23, 24), (24, 24), (25, 24), (26, 24), (27, 24), (28, 24), (29, 24), (29, 23), (30, 23), (31, 23), (31, 23)], 2: [(6, 5), (5, 5), (4, 5), (3, 5), (3, 6), (3, 7), (3, 8), (3, 9), (2, 9), (2, 10), (2, 11), (2, 12), (2, 13), (2, 14), (3, 14), (3, 15), (4, 15), (5, 15), (6, 15), (7, 15), (7, 16), (8, 16), (9, 16), (10, 16), (11, 16), (12, 16), (13, 16), (14, 16), (15, 16), (16, 16), (16, 15), (17, 15), (18, 15), (19, 15), (19, 14), (20, 14), (21, 14), (22, 14), (22, 15), (23, 15), (24, 15), (25, 15), (26, 15), (27, 15), (28, 15), (29, 15), (30, 15), (30, 16), (30, 17), (31, 17), (31, 17)], 3: [(10, 29), (10, 30), (9, 30), (8, 30), (8, 29), (8, 28), (8, 27), (8, 26), (7, 26), (7, 25), (7, 24), (7, 23), (7, 22), (7, 21), (7, 20), (7, 19), (7, 18), (7, 17), (6, 17), (6, 17)], 4: [(5, 11), (6, 11), (6, 12), (6, 13), (6, 14), (6, 15), (6, 16), (6, 17), (5, 17), (5, 18), (5, 19), (6, 19), (6, 20), (6, 21), (6, 22), (6, 23), (6, 23)], 5: [(9, 11), (9, 10), (9, 9), (9, 8), (9, 7), (9, 6), (8, 6), (8, 5), (8, 4), (8, 4)], 6: [(19, 10), (20, 10), (21, 10), (22, 10), (23, 10), (23, 11), (23, 12), (23, 13), (23, 14), (23, 15), (23, 16), (23, 17), (23, 18), (23, 19), (23, 20), (23, 21), (23, 22), (23, 21), (22, 21), (21, 21), (20, 21), (19, 21), (18, 21), (17, 21), (16, 21), (15, 21), (14, 21), (13, 21), (12, 21), (11, 21), (10, 21), (9, 21), (8, 21), (7, 21), (6, 21), (5, 21), (5, 22), (4, 22), (3, 22), (2, 22), (2, 23), (2, 24), (2, 24)], 7: [(25, 4), (25, 5), (24, 5), (23, 5), (23, 6), (22, 6), (21, 6), (20, 6), (19, 6), (18, 6), (17, 6), (16, 6), (15, 6), (14, 6), (13, 6), (13, 7), (13, 8), (13, 9), (13, 10), (12, 10), (12, 11), (12, 12), (12, 13), (12, 14), (11, 14), (11, 15), (11, 16), (11, 17), (11, 18), (10, 18), (9, 18), (8, 18), (7, 18), (7, 19), (6, 19), (5, 19), (4, 19), (4, 18), (3, 18), (2, 18), (2, 19), (1, 19), (0, 19), (0, 20), (0, 20)], 8: [(17, 1), (16, 1), (16, 2), (16, 3), (16, 4), (16, 5), (16, 6), (16, 7), (16, 8), (16, 9), (15, 9), (14, 9), (14, 10), (14, 11), (14, 12), (14, 13), (13, 13), (13, 14), (13, 15), (13, 16), (13, 17), (13, 18), (13, 19), (13, 20), (13, 21), (13, 22), (13, 23), (13, 24), (13, 25), (13, 26), (13, 27), (13, 27)], 9: [(25, 29), (26, 29), (27, 29), (28, 29), (29, 29), (29, 28), (29, 27), (29, 26), (29, 25), (29, 24), (29, 23), (29, 22), (29, 21), (29, 20), (29, 19), (29, 18), (29, 17), (29, 16), (29, 15), (29, 14), (29, 13), (29, 12), (29, 11), (29, 10), (29, 9), (29, 8), (29, 7), (29, 6), (29, 5), (29, 4), (30, 4), (30, 3), (30, 2), (30, 1), (30, 0), (29, 0), (28, 0), (27, 0), (27, 1), (27, 2), (27, 3), (26, 3), (26, 4), (26, 5), (26, 6), (26, 7), (26, 7)]}, 49)