

CBSS-C STATS
starts:[1019, 931, 46, 697, 807]
targets:[39, 573, 502, 754, 986, 473, 485, 163, 828, 409, 738, 747, 159, 900, 10, 354, 97, 699, 459, 136]
dests:[895, 555, 558, 958, 210]
ac_dict:{39: {0, 1}, 573: {1, 2}, 502: {2, 3}, 754: {3, 4}, 895: {0}, 555: {1}, 558: {2}, 958: {3}, 210: {4}}
clusters:[8 5 9 7 5 2 8 2 6 3 3 0 6 2 9 0 4 1 8 9]

round: 1
best_g_value: 121.0
open_list_size: 0
num_low_level_expanded: 272
search_success: 1
search_time: 2.168294798117131
n_tsp_call: 1
n_tsp_time: 2.141352833248675
n_roots: 1
num_conflicts: 0
target_assignment: {986: 0, 754: 4, 97: 2, 136: 2, 459: 2, 699: 3, 828: 3, 900: 1, 738: 1, 747: 1}
cluster_target_selection: {5: 986, 7: 754, 4: 97, 9: 136, 8: 459, 1: 699, 6: 828, 2: 900, 3: 738, 0: 747}
num_nodes_transformed_graph: 98
agent_paths:({0: [(27, 31), (26, 31), (26, 30), (26, 29), (26, 28), (26, 27), (27, 27), (28, 27), (29, 27), (30, 27), (31, 27), (31, 27)], 1: [(3, 29), (4, 29), (4, 28), (4, 27), (3, 27), (2, 27), (2, 26), (2, 25), (2, 24), (2, 23), (3, 23), (4, 23), (5, 23), (6, 23), (7, 23), (8, 23), (9, 23), (10, 23), (11, 23), (11, 22), (11, 21), (11, 20), (11, 19), (11, 18), (11, 17), (11, 17)], 2: [(14, 1), (13, 1), (12, 1), (11, 1), (10, 1), (9, 1), (8, 1), (7, 1), (6, 1), (5, 1), (4, 1), (3, 1), (2, 1), (1, 1), (1, 2), (1, 3), (2, 3), (3, 3), (4, 3), (5, 3), (6, 3), (7, 3), (8, 3), (8, 4), (9, 4), (10, 4), (10, 5), (10, 6), (10, 7), (10, 8), (10, 9), (10, 10), (10, 11), (10, 12), (10, 13), (10, 14), (11, 14), (12, 14), (13, 14), (14, 14), (14, 15), (14, 16), (14, 17), (14, 17)], 3: [(25, 21), (26, 21), (27, 21), (27, 22), (27, 23), (27, 24), (28, 24), (28, 25), (29, 25), (30, 25), (30, 26), (30, 27), (30, 28), (30, 29), (30, 29)], 4: [(7, 25), (7, 24), (7, 23), (8, 23), (9, 23), (10, 23), (11, 23), (12, 23), (13, 23), (14, 23), (15, 23), (16, 23), (17, 23), (18, 23), (18, 22), (18, 21), (18, 20), (18, 19), (18, 18), (18, 17), (17, 17), (17, 16), (17, 15), (17, 14), (17, 13), (17, 12), (17, 11), (18, 11), (18, 10), (18, 9), (18, 8), (18, 7), (18, 6), (18, 6)]}, 42)