

CBSS-C STATS
starts:[373, 652, 902, 1020, 772]
targets:[115, 670, 139, 780, 472, 783, 930, 458, 837, 341]
dests:[480, 113, 489, 201, 163]
ac_dict:{115: {0, 1}, 670: {1, 2}, 139: {2, 3}, 780: {3, 4}, 480: {0}, 113: {1}, 489: {2}, 201: {3}, 163: {4}}
clusters:[0 0 1 1 0 1 1 0 1 1]

round: 2
best_g_value: 131.0
open_list_size: 1
num_low_level_expanded: 582
search_success: 1
search_time: 0.06854324229061604
n_tsp_call: 1
n_tsp_time: 0.04664783086627722
n_roots: 1
num_conflicts: 1
target_assignment: {780: 3, 458: 3}
cluster_target_selection: {1: 780, 0: 458}
num_nodes_transformed_graph: 27
agent_paths:({0: [(21, 11), (21, 12), (20, 12), (19, 12), (18, 12), (17, 12), (16, 12), (15, 12), (14, 12), (14, 13), (13, 13), (12, 13), (12, 14), (11, 14), (10, 14), (10, 15), (10, 16), (9, 16), (8, 16), (7, 16), (6, 16), (5, 16), (4, 16), (3, 16), (2, 16), (1, 16), (1, 15), (0, 15), (0, 15)], 1: [(12, 20), (12, 19), (12, 18), (12, 17), (12, 16), (12, 15), (12, 14), (12, 13), (12, 12), (12, 11), (12, 10), (13, 10), (13, 9), (13, 8), (13, 7), (13, 6), (13, 5), (14, 5), (15, 5), (16, 5), (16, 4), (16, 3), (17, 3), (17, 3)], 2: [(6, 28), (6, 27), (6, 26), (6, 25), (7, 25), (7, 24), (7, 23), (7, 22), (7, 21), (7, 20), (7, 19), (7, 18), (7, 17), (7, 16), (8, 16), (9, 16), (9, 15), (9, 15)], 3: [(28, 31), (27, 31), (26, 31), (25, 31), (24, 31), (24, 30), (23, 30), (22, 30), (21, 30), (20, 30), (19, 30), (18, 30), (17, 30), (16, 30), (16, 29), (15, 29), (14, 29), (13, 29), (12, 29), (12, 28), (12, 27), (12, 26), (12, 25), (12, 24), (11, 24), (10, 24), (10, 23), (10, 22), (10, 21), (10, 20), (10, 19), (10, 18), (10, 17), (10, 16), (10, 15), (10, 14), (10, 13), (10, 12), (9, 12), (9, 11), (9, 10), (9, 9), (9, 8), (9, 7), (9, 6), (9, 6)], 4: [(4, 24), (3, 24), (3, 23), (3, 22), (3, 21), (3, 20), (2, 20), (2, 19), (2, 18), (2, 17), (2, 16), (2, 15), (2, 14), (2, 13), (2, 12), (2, 11), (2, 10), (2, 9), (3, 9), (3, 8), (3, 7), (3, 6), (3, 5), (3, 5)]}, 44)