

CBSS-C STATS
starts:[305, 637]
targets:[59, 897, 369, 103, 535, 27, 315, 563, 181, 148, 627, 489, 839, 896, 165, 257, 252, 669, 601, 880, 798, 23, 722, 66, 6, 279, 587, 710, 744, 938, 753, 560, 393, 743, 693, 643, 787, 619, 755, 570, 831, 1016, 400, 692, 81, 685, 667, 95, 286, 558, 898, 301, 47, 919, 838, 561, 251, 571, 321, 778, 451, 428, 604, 956, 89, 641, 289, 830, 888, 259, 592, 598, 635, 893, 783, 802, 58, 701, 151, 245, 943, 235, 779, 91, 883, 374, 555, 630, 951, 777, 448, 388, 478, 763, 197, 313, 625, 695, 915, 502]
dests:[269, 108]
ac_dict:{59: {0, 1}, 269: {0}, 108: {1}}
clusters:[29 25  1 27 16  7 30 19 13 33 25  3  5 10  7  6 12 37 19 15  2  7  8 32
  1 11 13  5 26 22  0 35  9 18 21 26 38 20 11 21 17 16 31 13 20 39  6 39
  3 15 26 28  1 23 34 27 21 23 30 29  9 34 14 37 25 18  4  8  9 32 24 26
 31 28 37 29 34 36 15 39 39 39 33  3  1  4 21 39 26 15  2 13 36  0  7 29
 31 24 30  2]

round: 1
best_g_value: 434.0
open_list_size: 0
num_low_level_expanded: 305
search_success: 1
search_time: 11.694595575005224
n_tsp_call: 1
n_tsp_time: 11.595190323998395
n_roots: 1
num_conflicts: 0
target_assignment: {301: 0, 669: 1, 701: 1, 798: 1, 830: 1, 831: 1, 667: 1, 635: 1, 604: 1, 571: 1, 252: 1, 251: 1, 315: 1, 374: 1, 535: 1, 563: 1, 561: 1, 560: 1, 592: 1, 753: 1, 755: 1, 787: 1, 883: 1, 943: 1, 938: 1, 898: 1, 897: 1, 896: 1, 838: 1, 839: 1, 743: 1, 777: 1, 778: 1, 779: 1, 619: 1, 587: 1, 489: 1, 393: 1, 259: 1, 197: 1}
cluster_target_selection: {28: 301, 37: 669, 36: 701, 2: 798, 8: 830, 17: 831, 6: 667, 31: 635, 14: 604, 23: 571, 12: 252, 21: 251, 30: 315, 4: 374, 16: 535, 19: 563, 27: 561, 35: 560, 24: 592, 0: 753, 11: 755, 38: 787, 1: 883, 39: 943, 22: 938, 26: 898, 25: 897, 10: 896, 34: 838, 5: 839, 18: 743, 15: 777, 29: 778, 33: 779, 20: 619, 13: 587, 3: 489, 9: 393, 32: 259, 7: 197}
num_nodes_transformed_graph: 104
agent_paths:({0: [(17, 9), (16, 9), (15, 9), (14, 9), (13, 9), (13, 8), (13, 8)], 1: [(29, 19), (29, 20), (29, 21), (29, 22), (30, 22), (30, 23), (30, 24), (30, 25), (31, 25), (30, 25), (29, 25), (28, 25), (27, 25), (27, 24), (27, 23), (27, 22), (27, 21), (27, 20), (27, 19), (27, 18), (28, 18), (27, 18), (27, 17), (27, 16), (27, 15), (27, 14), (27, 13), (28, 13), (28, 12), (28, 11), (28, 10), (28, 9), (28, 8), (28, 7), (27, 7), (27, 8), (27, 9), (27, 10), (26, 10), (25, 10), (24, 10), (23, 10), (22, 10), (22, 11), (23, 11), (23, 12), (23, 13), (23, 14), (23, 15), (23, 16), (22, 16), (21, 16), (20, 16), (19, 16), (19, 17), (18, 17), (17, 17), (16, 17), (16, 18), (16, 19), (17, 19), (17, 20), (17, 21), (17, 22), (17, 23), (18, 23), (19, 23), (19, 24), (19, 25), (19, 26), (19, 27), (18, 27), (17, 27), (16, 27), (15, 27), (15, 28), (15, 29), (14, 29), (13, 29), (12, 29), (11, 29), (10, 29), (10, 28), (9, 28), (8, 28), (7, 28), (6, 28), (5, 28), (4, 28), (4, 27), (3, 27), (2, 27), (2, 28), (1, 28), (0, 28), (0, 27), (1, 27), (2, 27), (2, 26), (3, 26), (4, 26), (5, 26), (6, 26), (7, 26), (7, 25), (7, 24), (7, 23), (8, 23), (9, 23), (9, 24), (10, 24), (11, 24), (11, 23), (11, 22), (11, 21), (11, 20), (11, 19), (11, 18), (10, 18), (9, 18), (9, 17), (9, 16), (9, 15), (9, 14), (10, 14), (10, 13), (10, 12), (9, 12), (9, 11), (9, 10), (8, 10), (7, 10), (6, 10), (5, 10), (4, 10), (3, 10), (3, 9), (3, 8), (3, 7), (4, 7), (5, 7), (5, 6), (5, 5), (5, 4), (5, 3), (6, 3), (7, 3), (8, 3), (9, 3), (10, 3), (11, 3), (12, 3), (12, 3)]}, 151)