

CBSS-C STATS
starts:[80, 545, 146, 661, 308]
targets:[708, 595, 892, 429, 74, 341, 22, 970, 1, 912, 893, 504, 253, 531, 941, 284, 597, 73, 450, 603, 693, 792, 494, 830, 563, 692, 58, 1014, 811, 672, 347, 43, 1018, 837, 1011, 238, 842, 117, 942, 107, 9, 587, 668, 326, 630, 329, 673, 465, 520, 746]
dests:[910, 812, 851, 10, 652]
ac_dict:{708: {0, 1}, 595: {1, 2}, 892: {2, 3}, 429: {3, 4}, 910: {0}, 812: {1}, 851: {2}, 10: {3}, 652: {4}}
clusters:[27 15 28  6 11 12 16 13  6 27  4  2 25 22  3 21 27  5  9  2 17 15 17 13
 29 14 20 14  0 23 18  7 10 18 29  1 26 19 13  3 14  1 14 24 18 25 21 23
  8  0]

round: 1
best_g_value: 198.0
open_list_size: 0
num_low_level_expanded: 439
search_success: 1
search_time: 29.769156373999976
n_tsp_call: 1
n_tsp_time: 29.659234345000186
n_roots: 1
num_conflicts: 0
target_assignment: {630: 3, 597: 3, 563: 3, 531: 3, 465: 3, 429: 3, 329: 3, 326: 3, 73: 3, 74: 3, 107: 3, 43: 3, 341: 4, 494: 4, 117: 2, 22: 2, 58: 2, 284: 2, 603: 2, 668: 2, 830: 2, 893: 2, 892: 2, 1018: 2, 792: 2, 450: 1, 520: 1, 587: 1, 842: 1, 811: 1}
cluster_target_selection: {18: 630, 27: 597, 29: 563, 22: 531, 23: 465, 6: 429, 25: 329, 24: 326, 5: 73, 11: 74, 3: 107, 7: 43, 12: 341, 17: 494, 19: 117, 16: 22, 20: 58, 21: 284, 2: 603, 14: 668, 13: 830, 4: 893, 28: 892, 10: 1018, 15: 792, 9: 450, 8: 520, 1: 587, 26: 842, 0: 811}
num_nodes_transformed_graph: 248
agent_paths:({0: [(16, 2), (16, 3), (16, 4), (16, 5), (16, 6), (16, 7), (16, 8), (16, 9), (16, 10), (16, 11), (16, 12), (16, 13), (16, 14), (16, 15), (16, 16), (16, 17), (16, 18), (16, 19), (15, 19), (15, 20), (15, 21), (15, 22), (15, 23), (15, 24), (15, 25), (15, 26), (15, 27), (14, 27), (14, 28), (14, 28)], 1: [(1, 17), (1, 16), (1, 15), (1, 14), (2, 14), (3, 14), (3, 15), (4, 15), (5, 15), (6, 15), (7, 15), (7, 16), (8, 16), (9, 16), (10, 16), (11, 16), (11, 17), (11, 18), (10, 18), (10, 19), (10, 20), (10, 21), (10, 22), (10, 23), (10, 24), (10, 25), (10, 26), (10, 25), (11, 25), (12, 25), (12, 25)], 2: [(18, 4), (18, 3), (19, 3), (20, 3), (21, 3), (21, 2), (22, 2), (22, 1), (22, 0), (23, 0), (24, 0), (24, 1), (24, 2), (25, 2), (25, 3), (26, 3), (27, 3), (27, 2), (27, 1), (26, 1), (27, 1), (28, 1), (28, 2), (28, 3), (28, 4), (28, 5), (28, 6), (28, 7), (28, 8), (28, 9), (28, 10), (28, 11), (28, 12), (28, 13), (27, 13), (27, 14), (27, 15), (27, 16), (27, 17), (27, 18), (27, 19), (27, 20), (28, 20), (29, 20), (29, 21), (29, 22), (30, 22), (30, 23), (30, 24), (30, 25), (29, 25), (29, 26), (29, 27), (28, 27), (27, 27), (26, 27), (26, 28), (26, 29), (26, 30), (26, 31), (25, 31), (24, 31), (24, 30), (24, 29), (24, 28), (24, 27), (24, 26), (24, 25), (24, 24), (23, 24), (22, 24), (22, 25), (21, 25), (20, 25), (19, 25), (19, 26), (19, 26)], 3: [(21, 20), (21, 19), (22, 19), (21, 19), (21, 18), (20, 18), (19, 18), (19, 17), (19, 16), (19, 15), (18, 15), (17, 15), (17, 14), (16, 14), (15, 14), (14, 14), (13, 14), (13, 13), (12, 13), (12, 12), (12, 11), (11, 11), (10, 11), (9, 11), (9, 10), (8, 10), (7, 10), (6, 10), (6, 9), (7, 9), (7, 8), (7, 7), (7, 6), (7, 5), (7, 4), (7, 3), (8, 3), (9, 3), (9, 2), (10, 2), (11, 2), (11, 3), (11, 2), (11, 1), (10, 1), (10, 0), (10, 0)], 4: [(20, 9), (21, 9), (21, 10), (20, 10), (19, 10), (18, 10), (18, 11), (17, 11), (16, 11), (15, 11), (14, 11), (14, 12), (14, 13), (14, 14), (14, 15), (13, 15), (12, 15), (12, 16), (12, 17), (12, 18), (12, 19), (12, 20), (12, 20)]}, 75)