

CBSS-C STATS
starts:[306, 64, 208, 733, 976]
targets:[850, 215, 624, 643, 19, 886, 1009, 881, 121, 896]
dests:[489, 88, 653, 461, 440]
ac_dict:{850: {0, 1}, 215: {1, 2}, 624: {2, 3}, 643: {3, 4}, 489: {0}, 88: {1}, 653: {2}, 461: {3}, 440: {4}}
clusters:[1 0 0 0 0 0 1 1 1 1]

round: 2
best_g_value: 107.0
open_list_size: 1
num_low_level_expanded: 556
search_success: 1
search_time: 0.07635491527616978
n_tsp_call: 1
n_tsp_time: 0.054732491727918386
n_roots: 1
num_conflicts: 1
target_assignment: {881: 4, 886: 4}
cluster_target_selection: {1: 881, 0: 886}
num_nodes_transformed_graph: 29
agent_paths:({0: [(18, 9), (17, 9), (16, 9), (15, 9), (14, 9), (13, 9), (13, 10), (12, 10), (11, 10), (10, 10), (10, 11), (10, 12), (10, 13), (10, 14), (9, 14), (9, 15), (9, 15)], 1: [(0, 2), (1, 2), (2, 2), (3, 2), (4, 2), (5, 2), (6, 2), (6, 1), (7, 1), (8, 1), (9, 1), (10, 1), (11, 1), (12, 1), (13, 1), (14, 1), (15, 1), (16, 1), (17, 1), (18, 1), (19, 1), (20, 1), (20, 2), (21, 2), (22, 2), (23, 2), (24, 2), (24, 2)], 2: [(16, 6), (16, 7), (16, 8), (16, 9), (15, 9), (14, 9), (14, 10), (14, 11), (14, 12), (14, 13), (13, 13), (13, 14), (13, 15), (13, 16), (13, 17), (13, 18), (13, 19), (13, 20), (13, 20)], 3: [(29, 22), (28, 22), (27, 22), (26, 22), (26, 21), (25, 21), (24, 21), (23, 21), (22, 21), (21, 21), (20, 21), (19, 21), (18, 21), (17, 21), (16, 21), (15, 21), (14, 21), (14, 20), (14, 19), (13, 19), (13, 18), (13, 17), (13, 16), (13, 15), (13, 14), (13, 14)], 4: [(16, 30), (16, 29), (16, 28), (16, 27), (17, 27), (18, 27), (19, 27), (20, 27), (21, 27), (22, 27), (22, 26), (22, 25), (22, 24), (23, 24), (24, 24), (24, 23), (24, 22), (24, 21), (24, 20), (24, 19), (24, 18), (24, 17), (24, 16), (24, 15), (24, 14), (24, 13), (24, 13)]}, 26)