

CBSS-C STATS
starts:[850, 943, 432, 737, 875, 832, 107, 841, 14, 186]
targets:[581, 750, 736, 231, 913, 101, 707, 746, 179, 80]
dests:[806, 834, 219, 603, 842, 978, 908, 345, 35, 801]
ac_dict:{581: {0, 1}, 750: {1, 2}, 736: {2, 3}, 231: {3, 4}, 913: {4, 5}, 101: {5, 6}, 707: {6, 7}, 746: {8, 7}, 179: {8, 9}, 806: {0}, 834: {1}, 219: {2}, 603: {3}, 842: {4}, 978: {5}, 908: {6}, 345: {7}, 35: {8}, 801: {9}}
clusters:[0 1 2 3 4 4 3 1 1 3]

round: 24
best_g_value: 242.0
open_list_size: 23
num_low_level_expanded: 8048
search_success: 1
search_time: 3.1495475242845714
n_tsp_call: 12
n_tsp_time: 2.2682298705913126
n_roots: 1
num_conflicts: 23
target_assignment: {746: 7, 736: 3, 80: 8, 581: 1, 913: 5}
cluster_target_selection: {1: 746, 2: 736, 3: 80, 0: 581, 4: 913}
num_nodes_transformed_graph: 48
agent_paths:({0: [(18, 26), (17, 26), (16, 26), (16, 25), (15, 25), (14, 25), (13, 25), (12, 25), (11, 25), (10, 25), (9, 25), (8, 25), (7, 25), (6, 25), (6, 25)], 1: [(15, 29), (14, 29), (13, 29), (12, 29), (11, 29), (10, 29), (10, 28), (9, 28), (8, 28), (8, 27), (8, 26), (7, 26), (7, 26), (7, 25), (7, 24), (7, 23), (6, 23), (5, 23), (5, 22), (5, 21), (5, 20), (5, 19), (5, 18), (4, 18), (3, 18), (2, 18), (2, 19), (2, 20), (2, 21), (2, 22), (2, 23), (2, 24), (2, 25), (2, 26), (2, 26)], 2: [(16, 13), (16, 12), (16, 11), (16, 10), (16, 9), (16, 8), (16, 7), (17, 7), (18, 7), (19, 7), (19, 6), (20, 6), (21, 6), (22, 6), (23, 6), (24, 6), (25, 6), (26, 6), (27, 6), (27, 6)], 3: [(1, 23), (0, 23), (1, 23), (1, 22), (2, 22), (3, 22), (4, 22), (5, 22), (5, 21), (5, 20), (6, 20), (7, 20), (8, 20), (9, 20), (10, 20), (11, 20), (12, 20), (13, 20), (13, 19), (14, 19), (15, 19), (16, 19), (17, 19), (18, 19), (18, 18), (19, 18), (20, 18), (21, 18), (22, 18), (23, 18), (24, 18), (25, 18), (26, 18), (27, 18), (27, 18)], 4: [(11, 27), (10, 27), (10, 26), (10, 26)], 5: [(0, 26), (0, 27), (1, 27), (2, 27), (3, 27), (4, 27), (5, 27), (6, 27), (6, 28), (7, 28), (8, 28), (9, 28), (10, 28), (11, 28), (12, 28), (13, 28), (14, 28), (15, 28), (16, 28), (17, 28), (18, 28), (18, 29), (18, 30), (18, 30)], 6: [(11, 3), (11, 4), (11, 5), (11, 6), (11, 7), (11, 8), (11, 9), (11, 10), (12, 10), (12, 11), (12, 12), (12, 13), (12, 14), (12, 15), (12, 16), (12, 17), (12, 18), (12, 19), (12, 20), (12, 21), (12, 22), (12, 23), (12, 24), (12, 25), (12, 26), (12, 27), (12, 28), (12, 28)], 7: [(9, 26), (9, 25), (9, 24), (9, 23), (10, 23), (10, 22), (10, 21), (10, 20), (10, 19), (10, 18), (10, 17), (10, 16), (10, 15), (10, 14), (11, 14), (12, 14), (12, 13), (13, 13), (14, 13), (14, 12), (14, 11), (15, 11), (16, 11), (17, 11), (18, 11), (18, 10), (19, 10), (20, 10), (21, 10), (22, 10), (23, 10), (24, 10), (25, 10), (25, 10)], 8: [(14, 0), (15, 0), (16, 0), (16, 1), (16, 2), (16, 1), (15, 1), (14, 1), (13, 1), (12, 1), (11, 1), (10, 1), (9, 1), (8, 1), (7, 1), (6, 1), (5, 1), (4, 1), (3, 1), (3, 1)], 9: [(26, 5), (25, 5), (24, 5), (23, 5), (23, 6), (22, 6), (21, 6), (20, 6), (19, 6), (18, 6), (17, 6), (16, 6), (15, 6), (14, 6), (13, 6), (12, 6), (11, 6), (10, 6), (9, 6), (8, 6), (7, 6), (7, 7), (6, 7), (5, 7), (4, 7), (3, 7), (3, 8), (3, 9), (2, 9), (2, 10), (2, 11), (2, 12), (2, 13), (2, 14), (2, 15), (2, 16), (2, 17), (2, 18), (2, 19), (1, 19), (1, 20), (1, 21), (1, 22), (1, 23), (1, 24), (1, 25), (1, 25)]}, 45)