

CBSS-C STATS
starts:[748, 299, 674, 654, 162]
targets:[204, 313, 40, 911, 779, 230, 560, 645, 707, 660, 312, 321, 95, 316, 717, 838, 868, 541, 628, 947, 88, 678, 468, 1014, 665, 953, 714, 755, 609, 170, 984, 167, 246, 600, 369, 214, 845, 915, 489, 769, 34, 239, 52, 854, 788, 949, 558, 158, 737, 578]
dests:[595, 429, 422, 386, 28]
ac_dict:{204: {0, 1}, 313: {1, 2}, 40: {2, 3}, 911: {3, 4}, 595: {0}, 429: {1}, 422: {2}, 386: {3}, 28: {4}}
clusters:[26 22  1  6 13  9  0 23  4 24 10 28 16  8 37  3  0  9  4  3 19 15 33 20
 25  8 12 39  1 17  7  2 14  7  5 27 34  2 29 38 21 35  6  5 18 31 36 11
 32 30]

round: 1
best_g_value: 213.0
open_list_size: 0
num_low_level_expanded: 407
search_success: 1
search_time: 8.420033463000436
n_tsp_call: 1
n_tsp_time: 8.352834298999369
n_roots: 1
num_conflicts: 0
target_assignment: {779: 0, 845: 0, 915: 0, 947: 0, 949: 0, 1014: 0, 984: 0, 953: 0, 854: 0, 788: 0, 755: 0, 660: 0, 665: 0, 628: 0, 717: 3, 714: 3, 678: 3, 645: 3, 321: 3, 230: 1, 170: 1, 204: 1, 239: 1, 246: 1, 214: 1, 313: 1, 312: 1, 468: 1, 560: 1, 558: 1, 34: 4, 52: 4, 88: 4, 158: 4, 95: 4, 737: 2, 769: 2, 609: 2, 578: 2, 489: 2}
cluster_target_selection: {13: 779, 34: 845, 2: 915, 3: 947, 31: 949, 20: 1014, 7: 984, 8: 953, 5: 854, 18: 788, 39: 755, 24: 660, 25: 665, 4: 628, 37: 717, 12: 714, 15: 678, 23: 645, 28: 321, 9: 230, 17: 170, 26: 204, 35: 239, 14: 246, 27: 214, 22: 313, 10: 312, 33: 468, 0: 560, 36: 558, 21: 34, 6: 52, 19: 88, 11: 158, 16: 95, 32: 737, 38: 769, 1: 609, 30: 578, 29: 489}
num_nodes_transformed_graph: 128
agent_paths:({0: [(12, 23), (11, 23), (11, 24), (12, 24), (13, 24), (13, 25), (13, 26), (13, 27), (14, 27), (15, 27), (16, 27), (17, 27), (18, 27), (19, 27), (19, 28), (19, 29), (20, 29), (21, 29), (21, 30), (22, 30), (22, 31), (22, 30), (23, 30), (24, 30), (24, 29), (25, 29), (24, 29), (23, 29), (23, 28), (23, 27), (22, 27), (22, 26), (22, 25), (21, 25), (20, 25), (20, 24), (19, 24), (19, 23), (19, 22), (19, 21), (19, 20), (20, 20), (21, 20), (22, 20), (23, 20), (24, 20), (25, 20), (24, 20), (23, 20), (22, 20), (21, 20), (20, 20), (20, 19), (19, 19), (19, 18), (19, 18)], 1: [(11, 9), (10, 9), (9, 9), (9, 8), (8, 8), (7, 8), (7, 7), (6, 7), (7, 7), (7, 6), (8, 6), (9, 6), (10, 6), (10, 5), (11, 5), (12, 5), (12, 6), (13, 6), (14, 6), (15, 6), (15, 7), (16, 7), (17, 7), (18, 7), (19, 7), (20, 7), (21, 7), (22, 7), (22, 6), (23, 6), (24, 6), (25, 6), (25, 7), (25, 8), (25, 9), (24, 9), (23, 9), (22, 9), (21, 9), (21, 10), (21, 11), (21, 12), (20, 12), (20, 13), (20, 14), (19, 14), (18, 14), (17, 14), (16, 14), (16, 15), (16, 16), (16, 17), (15, 17), (14, 17), (13, 17), (13, 16), (13, 15), (13, 14), (13, 13), (13, 13)], 2: [(2, 21), (1, 21), (1, 22), (1, 23), (1, 24), (1, 23), (1, 22), (1, 21), (1, 20), (1, 19), (2, 19), (2, 18), (2, 17), (2, 16), (3, 16), (4, 16), (5, 16), (6, 16), (7, 16), (8, 16), (9, 16), (9, 15), (9, 16), (8, 16), (7, 16), (6, 16), (6, 15), (6, 14), (6, 13), (6, 13)], 3: [(14, 20), (13, 20), (13, 21), (13, 22), (12, 22), (11, 22), (10, 22), (9, 22), (8, 22), (7, 22), (6, 22), (6, 21), (5, 21), (5, 20), (5, 19), (4, 19), (4, 18), (3, 18), (2, 18), (2, 17), (1, 17), (1, 16), (1, 15), (1, 14), (1, 13), (1, 12), (1, 11), (1, 10), (2, 10), (2, 11), (2, 12), (2, 12)], 4: [(2, 5), (2, 4), (2, 3), (2, 2), (2, 1), (3, 1), (4, 1), (5, 1), (6, 1), (7, 1), (8, 1), (9, 1), (10, 1), (11, 1), (12, 1), (13, 1), (14, 1), (15, 1), (16, 1), (17, 1), (18, 1), (19, 1), (20, 1), (20, 2), (21, 2), (22, 2), (23, 2), (24, 2), (25, 2), (25, 3), (26, 3), (27, 3), (28, 3), (28, 4), (29, 4), (30, 4), (30, 3), (30, 2), (31, 2), (30, 2), (29, 2), (28, 2), (28, 1), (28, 0), (28, 0)]}, 58)