

CBSS-C STATS
starts:[944, 795, 681, 661, 165]
targets:[784, 876, 829, 447, 237, 459, 205, 66, 462, 850, 173, 320, 680, 309, 68, 277, 298, 993, 963, 625, 566, 364, 120, 1020, 3, 866, 107, 264, 731, 40, 751, 203, 586, 352, 939, 75, 933, 273, 448, 392]
dests:[741, 487, 220, 432, 908]
ac_dict:{784: {0, 1}, 876: {1, 2}, 829: {2, 3}, 447: {3, 4}, 741: {0}, 487: {1}, 220: {2}, 432: {3}, 908: {4}}
clusters:[20  3  8 12 18  5  1 19 11  7  9 14  1  7  4 10 16  0 14  9 11 12  8  2
 15  4 10  3 22 17 23  6 13  2  5 21 13 24  0  6]

round: 2
best_g_value: 174.0
open_list_size: 1
num_low_level_expanded: 1224
search_success: 1
search_time: 3.6688957540000047
n_tsp_call: 1
n_tsp_time: 3.6101291360000687
n_roots: 1
num_conflicts: 1
target_assignment: {784: 0, 751: 0, 586: 2, 459: 2, 364: 2, 237: 2, 273: 2, 309: 2, 277: 2, 120: 2, 731: 1, 566: 1, 68: 4, 66: 4, 3: 4, 40: 4, 75: 4, 203: 4, 298: 4, 264: 4, 320: 4, 352: 4, 448: 4, 680: 4, 625: 3}
cluster_target_selection: {20: 784, 23: 751, 13: 586, 5: 459, 12: 364, 18: 237, 24: 273, 7: 309, 10: 277, 8: 120, 22: 731, 11: 566, 4: 68, 19: 66, 15: 3, 17: 40, 21: 75, 6: 203, 16: 298, 3: 264, 14: 320, 2: 352, 0: 448, 1: 680, 9: 625}
num_nodes_transformed_graph: 104
agent_paths:({0: [(16, 29), (16, 28), (16, 27), (16, 26), (16, 25), (16, 24), (15, 24), (15, 23), (14, 23), (13, 23), (12, 23), (11, 23), (10, 23), (9, 23), (8, 23), (7, 23), (6, 23), (5, 23), (5, 23)], 1: [(27, 24), (27, 23), (27, 22), (26, 22), (26, 21), (25, 21), (24, 21), (23, 21), (22, 21), (22, 20), (22, 19), (22, 18), (22, 17), (21, 17), (20, 17), (19, 17), (18, 17), (17, 17), (16, 17), (15, 17), (14, 17), (13, 17), (12, 17), (11, 17), (10, 17), (9, 17), (8, 17), (7, 17), (7, 16), (7, 15), (7, 15)], 2: [(9, 21), (9, 20), (9, 19), (9, 18), (10, 18), (10, 17), (10, 16), (10, 15), (10, 14), (11, 14), (12, 14), (12, 13), (12, 12), (12, 11), (12, 10), (13, 10), (13, 9), (13, 8), (13, 7), (14, 7), (15, 7), (16, 7), (17, 7), (17, 8), (18, 8), (18, 9), (19, 9), (20, 9), (21, 9), (21, 8), (21, 7), (21, 6), (21, 5), (21, 4), (21, 3), (22, 3), (23, 3), (24, 3), (25, 3), (26, 3), (27, 3), (28, 3), (28, 4), (28, 5), (28, 6), (28, 6)], 3: [(21, 20), (20, 20), (19, 20), (18, 20), (17, 20), (17, 19), (16, 19), (16, 18), (16, 17), (16, 16), (16, 15), (16, 14), (16, 13), (16, 13)], 4: [(5, 5), (4, 5), (4, 4), (4, 3), (4, 2), (3, 2), (2, 2), (2, 1), (2, 0), (3, 0), (4, 0), (5, 0), (6, 0), (6, 1), (7, 1), (8, 1), (9, 1), (10, 1), (11, 1), (11, 2), (11, 3), (11, 4), (11, 5), (11, 6), (10, 6), (10, 7), (10, 8), (10, 9), (9, 9), (9, 8), (8, 8), (7, 8), (7, 9), (6, 9), (5, 9), (4, 9), (3, 9), (2, 9), (1, 9), (0, 9), (0, 10), (0, 11), (1, 11), (1, 12), (1, 13), (1, 14), (0, 14), (1, 14), (2, 14), (3, 14), (3, 15), (4, 15), (5, 15), (6, 15), (6, 16), (7, 16), (8, 16), (8, 17), (8, 18), (8, 19), (8, 20), (8, 21), (9, 21), (10, 21), (11, 21), (12, 21), (12, 22), (12, 23), (12, 24), (12, 25), (12, 26), (12, 27), (12, 28), (12, 28)]}, 72)