

CBSS-C STATS
starts:[745, 585, 356, 316, 355]
targets:[5, 166, 607, 122, 598, 567, 518, 811, 1011, 741, 497, 812, 167, 884, 584, 322, 65, 1016, 237, 852, 492, 474, 653, 264, 520, 932, 155, 273, 952, 80, 630, 354, 996, 750, 667, 908, 924, 371, 795, 642]
dests:[566, 139, 631, 74, 99]
ac_dict:{5: {0, 1}, 166: {1, 2}, 607: {2, 3}, 122: {3, 4}, 566: {0}, 139: {1}, 631: {2}, 74: {3}, 99: {4}}
clusters:[13  4  8 12  8  1  6 10 11  3 14 23 18  9 11 17 16  4 15  0 10  0 13  7
 12 22 19  5  7  5 24 21  1  2 20  3  6 14  9  2]

round: 1
best_g_value: 161.0
open_list_size: 0
num_low_level_expanded: 320
search_success: 1
search_time: 11.533345200999975
n_tsp_call: 1
n_tsp_time: 11.45576545899985
n_roots: 1
num_conflicts: 0
target_assignment: {750: 0, 653: 0, 630: 0, 598: 0, 567: 0, 584: 1, 520: 1, 518: 1, 264: 1, 167: 1, 166: 1, 741: 2, 932: 2, 811: 2, 812: 2, 852: 2, 795: 2, 667: 2, 354: 4, 322: 4, 65: 4, 155: 3, 371: 3, 273: 3, 237: 3}
cluster_target_selection: {2: 750, 13: 653, 24: 630, 8: 598, 1: 567, 11: 584, 12: 520, 6: 518, 7: 264, 18: 167, 4: 166, 3: 741, 22: 932, 10: 811, 23: 812, 0: 852, 9: 795, 20: 667, 21: 354, 17: 322, 16: 65, 19: 155, 14: 371, 5: 273, 15: 237}
num_nodes_transformed_graph: 198
agent_paths:({0: [(9, 23), (10, 23), (11, 23), (12, 23), (13, 23), (14, 23), (13, 23), (13, 22), (13, 21), (13, 20), (13, 19), (14, 19), (15, 19), (16, 19), (17, 19), (18, 19), (19, 19), (20, 19), (21, 19), (22, 19), (22, 18), (22, 17), (23, 17), (22, 17), (22, 17)], 1: [(9, 18), (8, 18), (8, 17), (8, 16), (7, 16), (6, 16), (6, 15), (6, 14), (6, 13), (6, 12), (6, 11), (6, 10), (6, 9), (7, 9), (7, 8), (8, 8), (7, 8), (7, 7), (7, 6), (7, 5), (6, 5), (6, 4), (7, 4), (8, 4), (9, 4), (10, 4), (11, 4), (11, 4)], 2: [(4, 11), (4, 12), (4, 13), (5, 13), (5, 14), (5, 15), (5, 16), (5, 17), (5, 18), (5, 19), (5, 20), (5, 21), (5, 22), (5, 23), (4, 23), (4, 24), (4, 25), (4, 26), (4, 27), (4, 28), (4, 29), (4, 28), (4, 27), (4, 26), (4, 25), (5, 25), (6, 25), (7, 25), (8, 25), (9, 25), (10, 25), (11, 25), (12, 25), (13, 25), (14, 25), (15, 25), (16, 25), (17, 25), (18, 25), (19, 25), (20, 25), (20, 26), (20, 25), (21, 25), (22, 25), (22, 24), (23, 24), (24, 24), (25, 24), (26, 24), (27, 24), (27, 23), (27, 22), (27, 21), (27, 20), (26, 20), (25, 20), (24, 20), (23, 20), (23, 19), (23, 19)], 3: [(28, 9), (27, 9), (27, 8), (27, 7), (27, 6), (27, 5), (27, 4), (26, 4), (25, 4), (25, 5), (24, 5), (23, 5), (23, 6), (22, 6), (21, 6), (20, 6), (20, 7), (20, 8), (20, 9), (19, 9), (19, 10), (19, 11), (18, 11), (18, 10), (18, 9), (17, 9), (17, 8), (16, 8), (16, 7), (15, 7), (14, 7), (13, 7), (12, 7), (11, 7), (10, 7), (10, 6), (10, 5), (10, 4), (10, 3), (10, 2), (10, 2)], 4: [(3, 11), (2, 11), (2, 10), (1, 10), (1, 9), (1, 8), (1, 7), (1, 6), (1, 5), (1, 4), (1, 3), (1, 2), (2, 2), (3, 2), (3, 3), (3, 3)]}, 59)