

CBSS-C STATS
starts:[315, 831, 602, 116, 770]
targets:[594, 852, 269, 892, 963, 261, 212, 742, 449, 435]
dests:[587, 622, 559, 444, 499]
ac_dict:{594: {0, 1}, 852: {1, 2}, 269: {2, 3}, 892: {3, 4}, 587: {0}, 622: {1}, 559: {2}, 444: {3}, 499: {4}}
clusters:[1 2 4 1 3 4 0 2 2 3]

round: 3
best_g_value: 123.0
open_list_size: 2
num_low_level_expanded: 863
search_success: 1
search_time: 1.090148710180074
n_tsp_call: 10
n_tsp_time: 0.9923361148685217
n_roots: 1
num_conflicts: 2
target_assignment: {435: 0, 594: 0, 212: 3, 269: 3, 742: 4}
cluster_target_selection: {3: 435, 1: 594, 0: 212, 4: 269, 2: 742}
num_nodes_transformed_graph: 48
agent_paths:({0: [(27, 9), (27, 10), (26, 10), (25, 10), (24, 10), (23, 10), (22, 10), (21, 10), (20, 10), (19, 10), (19, 11), (19, 12), (19, 13), (19, 14), (19, 15), (19, 16), (19, 17), (18, 17), (18, 18), (18, 19), (17, 19), (16, 19), (15, 19), (14, 19), (13, 19), (12, 19), (11, 19), (11, 18), (11, 18)], 1: [(31, 25), (30, 25), (29, 25), (28, 25), (27, 25), (26, 25), (25, 25), (24, 25), (23, 25), (22, 25), (21, 25), (20, 25), (19, 25), (18, 25), (17, 25), (16, 25), (15, 25), (15, 24), (15, 23), (15, 22), (15, 21), (14, 21), (14, 20), (14, 20), (14, 19), (14, 19)], 2: [(26, 18), (25, 18), (24, 18), (23, 18), (22, 18), (21, 18), (20, 18), (19, 18), (18, 18), (18, 17), (17, 17), (16, 17), (15, 17), (15, 17)], 3: [(20, 3), (20, 4), (19, 4), (19, 5), (19, 6), (20, 6), (19, 6), (18, 6), (17, 6), (16, 6), (15, 6), (14, 6), (13, 6), (13, 7), (13, 8), (13, 9), (14, 9), (15, 9), (16, 9), (17, 9), (18, 9), (19, 9), (20, 9), (21, 9), (22, 9), (23, 9), (24, 9), (25, 9), (25, 10), (26, 10), (27, 10), (28, 10), (28, 11), (28, 12), (28, 13), (28, 13)], 4: [(2, 24), (2, 23), (3, 23), (4, 23), (5, 23), (6, 23), (6, 22), (6, 21), (6, 20), (6, 19), (7, 19), (7, 18), (7, 17), (7, 16), (8, 16), (9, 16), (10, 16), (11, 16), (12, 16), (13, 16), (14, 16), (15, 16), (16, 16), (16, 15), (17, 15), (18, 15), (19, 15), (19, 15)]}, 34)