

CBSS-C STATS
starts:[355, 105, 158, 114, 374]
targets:[525, 592, 919, 472, 102, 826, 73, 737, 451, 62]
dests:[379, 794, 921, 529, 483]
ac_dict:{525: {0, 1}, 592: {1, 2}, 919: {2, 3}, 472: {3, 4}, 379: {0}, 794: {1}, 921: {2}, 529: {3}, 483: {4}}
clusters:[1 1 0 0 1 1 0 0 1 0]

round: 5
best_g_value: 136.0
open_list_size: 4
num_low_level_expanded: 2302
search_success: 1
search_time: 0.1993696130812168
n_tsp_call: 1
n_tsp_time: 0.14374519977718592
n_roots: 1
num_conflicts: 4
target_assignment: {826: 2, 73: 1}
cluster_target_selection: {1: 826, 0: 73}
num_nodes_transformed_graph: 48
agent_paths:({0: [(3, 11), (4, 11), (5, 11), (6, 11), (6, 10), (7, 10), (8, 10), (9, 10), (10, 10), (11, 10), (12, 10), (13, 10), (14, 10), (15, 10), (16, 10), (16, 11), (17, 11), (18, 11), (19, 11), (19, 12), (20, 12), (21, 12), (22, 12), (23, 12), (24, 12), (25, 12), (26, 12), (26, 11), (27, 11), (27, 11)], 1: [(9, 3), (9, 2), (10, 2), (11, 2), (12, 2), (13, 2), (14, 2), (14, 3), (14, 4), (14, 5), (15, 5), (16, 5), (17, 5), (18, 5), (19, 5), (19, 6), (20, 6), (21, 6), (22, 6), (23, 6), (24, 6), (25, 6), (25, 7), (25, 8), (25, 9), (25, 10), (25, 11), (25, 12), (25, 13), (25, 14), (25, 15), (25, 16), (25, 17), (25, 18), (25, 19), (25, 20), (26, 20), (26, 21), (26, 22), (26, 23), (26, 24), (26, 24)], 2: [(30, 4), (29, 4), (28, 4), (28, 5), (28, 6), (28, 7), (28, 8), (28, 9), (28, 10), (28, 11), (28, 12), (28, 13), (27, 13), (27, 14), (27, 15), (27, 16), (27, 17), (27, 18), (27, 19), (27, 20), (26, 20), (26, 21), (26, 22), (26, 23), (26, 24), (26, 25), (25, 25), (25, 26), (25, 27), (25, 28), (25, 28)], 3: [(18, 3), (18, 4), (18, 5), (18, 6), (18, 7), (18, 8), (18, 9), (18, 10), (18, 11), (17, 11), (17, 12), (17, 13), (17, 14), (17, 15), (17, 16), (17, 16)], 4: [(22, 11), (21, 11), (21, 12), (20, 12), (19, 12), (18, 12), (17, 12), (16, 12), (15, 12), (14, 12), (14, 13), (13, 13), (12, 13), (12, 14), (11, 14), (10, 14), (9, 14), (9, 15), (9, 16), (8, 16), (7, 16), (6, 16), (5, 16), (4, 16), (3, 16), (3, 15), (3, 15)]}, 40)