

CBSS-C STATS
starts:[354, 310, 1013, 529, 108]
targets:[214, 535, 993, 220, 129, 382, 193, 147, 511, 671, 835, 42, 963, 771, 990, 840, 441, 538, 598, 619, 445, 561, 404, 1000, 803, 185, 861, 158, 521, 339, 338, 866, 224, 881, 36, 429, 711, 493, 625, 659]
dests:[573, 170, 120, 206, 292]
ac_dict:{214: {0, 1}, 535: {1, 2}, 993: {2, 3}, 220: {3, 4}, 573: {0}, 170: {1}, 120: {2}, 206: {3}, 292: {4}}
clusters:[21 18 16 20  9 22  7  0  8 14 11 10  3  1 19 17  5  0  2 10 23  4 14  6
 12  9 13  3  1 12 11 24  6  8 13  5  4  2  7 15]

round: 1
best_g_value: 217.0
open_list_size: 0
num_low_level_expanded: 486
search_success: 1
search_time: 5.2814935979995425
n_tsp_call: 1
n_tsp_time: 5.232540840000183
n_roots: 1
num_conflicts: 0
target_assignment: {521: 0, 619: 0, 625: 0, 659: 0, 861: 0, 990: 0, 214: 1, 1000: 2, 963: 2, 993: 2, 866: 2, 803: 2, 835: 2, 840: 2, 881: 2, 598: 2, 535: 2, 538: 2, 441: 2, 185: 2, 561: 3, 404: 3, 445: 3, 382: 3, 220: 3}
cluster_target_selection: {1: 521, 10: 619, 7: 625, 15: 659, 13: 861, 19: 990, 21: 214, 6: 1000, 3: 963, 16: 993, 24: 866, 12: 803, 11: 835, 17: 840, 8: 881, 2: 598, 18: 535, 0: 538, 5: 441, 9: 185, 4: 561, 14: 404, 23: 445, 22: 382, 20: 220}
num_nodes_transformed_graph: 100
agent_paths:({0: [(2, 11), (3, 11), (4, 11), (5, 11), (6, 11), (6, 12), (6, 13), (6, 14), (6, 15), (7, 15), (7, 16), (8, 16), (9, 16), (10, 16), (11, 16), (11, 17), (11, 18), (11, 19), (12, 19), (13, 19), (14, 19), (15, 19), (16, 19), (17, 19), (18, 19), (19, 19), (19, 20), (20, 20), (21, 20), (22, 20), (23, 20), (24, 20), (25, 20), (26, 20), (27, 20), (28, 20), (29, 20), (29, 21), (29, 22), (29, 23), (29, 24), (29, 25), (29, 26), (30, 26), (30, 27), (30, 28), (30, 29), (30, 30), (29, 30), (29, 29), (29, 28), (29, 27), (29, 26), (29, 25), (29, 24), (29, 23), (29, 22), (29, 21), (29, 20), (29, 19), (29, 18), (29, 17), (29, 17)], 1: [(22, 9), (22, 8), (22, 7), (22, 6), (21, 6), (20, 6), (19, 6), (18, 6), (17, 6), (16, 6), (15, 6), (14, 6), (13, 6), (12, 6), (11, 6), (10, 6), (10, 5), (10, 5)], 2: [(21, 31), (20, 31), (19, 31), (18, 31), (17, 31), (16, 31), (15, 31), (14, 31), (13, 31), (12, 31), (11, 31), (10, 31), (9, 31), (8, 31), (7, 31), (6, 31), (5, 31), (5, 30), (5, 29), (4, 29), (3, 29), (3, 30), (2, 30), (1, 30), (1, 31), (1, 30), (1, 29), (1, 28), (1, 27), (2, 27), (2, 26), (2, 25), (3, 25), (3, 26), (4, 26), (5, 26), (6, 26), (7, 26), (8, 26), (9, 26), (10, 26), (11, 26), (12, 26), (13, 26), (13, 27), (14, 27), (15, 27), (16, 27), (17, 27), (17, 26), (17, 25), (17, 24), (17, 23), (17, 22), (17, 21), (17, 20), (17, 19), (18, 19), (18, 18), (19, 18), (20, 18), (21, 18), (22, 18), (22, 17), (22, 16), (23, 16), (24, 16), (25, 16), (26, 16), (25, 16), (25, 15), (25, 14), (25, 13), (25, 12), (25, 11), (25, 10), (25, 9), (25, 8), (25, 7), (25, 6), (25, 5), (25, 4), (25, 3), (24, 3), (24, 3)], 3: [(17, 16), (17, 17), (17, 16), (17, 15), (17, 14), (17, 13), (17, 12), (18, 12), (19, 12), (20, 12), (21, 12), (22, 12), (23, 12), (24, 12), (25, 12), (26, 12), (26, 13), (27, 13), (28, 13), (29, 13), (29, 12), (29, 11), (30, 11), (29, 11), (28, 11), (28, 10), (28, 9), (28, 8), (28, 7), (28, 6), (27, 6), (26, 6), (25, 6), (24, 6), (23, 6), (22, 6), (21, 6), (20, 6), (19, 6), (18, 6), (17, 6), (16, 6), (15, 6), (14, 6), (14, 6)], 4: [(12, 3), (11, 3), (10, 3), (9, 3), (8, 3), (7, 3), (6, 3), (5, 3), (5, 4), (5, 5), (5, 6), (5, 7), (4, 7), (4, 8), (4, 9), (4, 9)]}, 83)