

CBSS-C STATS
starts:[77, 371]
targets:[405, 720, 40, 278, 482, 400, 730, 355, 441, 129, 388, 352, 290, 39, 525, 445, 301, 1004, 748, 947, 78, 612, 28, 392, 503, 394, 246, 809, 479, 492, 231, 329, 509, 335, 493, 115, 208, 88, 709, 844, 854, 65, 496, 187, 646, 571, 1019, 156, 641, 685, 623, 767, 283, 687, 981, 515, 1007, 117, 150, 6, 986, 422, 855, 875, 436, 105, 696, 58, 366, 263, 236, 973, 1021, 627, 829, 421, 925, 670, 539, 583, 639, 931, 970, 700, 948, 80, 408, 170, 683, 274, 790, 751, 1023, 305, 367, 517, 193, 584, 1002, 451]
dests:[22, 956]
ac_dict:{405: {0, 1}, 22: {0}, 956: {1}}
clusters:[28 39 36 14  9 38 24 25  0 26 22 11 36 33 10 36 10 23 16 34 37 18 17 22
  5 27 33 22 21  3 35 13 25 38 36 30 15 12 38 27 25  5 10 19 20 26  6 31
 23 28  5  7  8 15  6  2  1 21 17 27 16 13 10  3 14 10 17  1 38  5  6  3
  5 29 32 39 21 14 34 15 10 28 14 35 15  3 33 20 10  3 13 11 29  6  5  4
 21  7 20  7]

round: 1
best_g_value: 428.0
open_list_size: 0
num_low_level_expanded: 275
search_success: 1
search_time: 57.746305071996176
n_tsp_call: 1
n_tsp_time: 57.566452874998504
n_roots: 1
num_conflicts: 0
target_assignment: {78: 0, 80: 0, 115: 0, 117: 0, 150: 0, 283: 0, 187: 0, 156: 0, 58: 0, 88: 0, 305: 1, 335: 1, 394: 1, 392: 1, 422: 1, 421: 1, 517: 1, 515: 1, 451: 1, 482: 1, 641: 1, 612: 1, 646: 1, 683: 1, 748: 1, 751: 1, 687: 1, 623: 1, 627: 1, 436: 1, 405: 1, 408: 1, 441: 1, 445: 1, 509: 1, 539: 1, 571: 1, 700: 1, 730: 1, 829: 1}
cluster_target_selection: {37: 78, 3: 80, 30: 115, 21: 117, 17: 150, 8: 283, 19: 187, 31: 156, 1: 58, 12: 88, 6: 305, 38: 335, 27: 394, 22: 392, 13: 422, 39: 421, 4: 517, 2: 515, 7: 451, 9: 482, 23: 641, 18: 612, 20: 646, 10: 683, 16: 748, 11: 751, 15: 687, 5: 623, 29: 627, 14: 436, 28: 405, 33: 408, 0: 441, 36: 445, 25: 509, 34: 539, 26: 571, 35: 700, 24: 730, 32: 829}
num_nodes_transformed_graph: 204
agent_paths:({0: [(13, 2), (14, 2), (14, 1), (15, 1), (16, 1), (16, 2), (17, 2), (17, 3), (18, 3), (19, 3), (20, 3), (21, 3), (22, 3), (22, 4), (23, 4), (23, 5), (24, 5), (25, 5), (26, 5), (27, 5), (27, 6), (27, 7), (27, 8), (27, 7), (27, 6), (27, 5), (27, 4), (28, 4), (27, 4), (27, 3), (27, 2), (27, 1), (26, 1), (27, 1), (27, 2), (27, 3), (26, 3), (25, 3), (24, 3), (24, 2), (23, 2), (22, 2), (22, 1), (22, 0), (22, 0)], 1: [(19, 11), (18, 11), (18, 10), (18, 9), (17, 9), (16, 9), (15, 9), (15, 10), (14, 10), (13, 10), (12, 10), (11, 10), (10, 10), (10, 11), (10, 12), (9, 12), (8, 12), (8, 13), (7, 13), (6, 13), (5, 13), (5, 14), (5, 15), (5, 16), (4, 16), (3, 16), (3, 15), (3, 14), (2, 14), (2, 15), (2, 16), (2, 17), (2, 18), (2, 19), (1, 19), (1, 20), (1, 19), (2, 19), (2, 18), (3, 18), (4, 18), (4, 19), (5, 19), (6, 19), (6, 20), (7, 20), (8, 20), (9, 20), (10, 20), (11, 20), (11, 21), (12, 21), (12, 22), (12, 23), (13, 23), (14, 23), (15, 23), (15, 22), (15, 21), (15, 20), (15, 19), (16, 19), (17, 19), (18, 19), (19, 19), (19, 18), (19, 17), (19, 16), (19, 15), (19, 14), (19, 13), (20, 13), (20, 12), (21, 12), (22, 12), (23, 12), (24, 12), (25, 12), (25, 13), (26, 13), (27, 13), (28, 13), (29, 13), (29, 14), (29, 15), (28, 15), (27, 15), (27, 16), (27, 17), (27, 18), (27, 19), (27, 20), (28, 20), (28, 21), (27, 21), (26, 21), (26, 22), (27, 22), (28, 22), (29, 22), (29, 23), (29, 24), (29, 25), (29, 26), (29, 27), (28, 27), (28, 28), (28, 29), (28, 29)]}, 107)