

CBSS-C STATS
starts:[348, 355, 94, 216, 121]
targets:[480, 792, 744, 93, 473, 618, 12, 467, 284, 120, 224, 819, 161, 276, 35, 1011, 666, 840, 400, 113, 393, 927, 808, 117, 280, 619, 401, 222, 293, 52, 339, 770, 984, 779, 186, 475, 214, 932, 928, 399, 1002, 541, 170, 80, 454, 356, 409, 969, 617, 865]
dests:[986, 546, 327, 426, 804]
ac_dict:{480: {0, 1}, 792: {1, 2}, 744: {2, 3}, 93: {3, 4}, 986: {0}, 546: {1}, 327: {2}, 426: {3}, 804: {4}}
clusters:[ 1  2  8 16 12 18 14  9 20  9  5 15 15 25  3 11  7 11 14 18  5 10 10  4
 19 13 16 23 29 28  3  6  4 19 24 17  0 26 13  1 27 12 22 21  7  6  8  0
  2 17]

round: 1
best_g_value: 176.0
open_list_size: 0
num_low_level_expanded: 382
search_success: 1
search_time: 20.08713127900046
n_tsp_call: 1
n_tsp_time: 19.977604717999384
n_roots: 1
num_conflicts: 0
target_assignment: {475: 0, 666: 0, 356: 1, 214: 3, 276: 3, 339: 3, 401: 3, 400: 3, 399: 3, 222: 2, 284: 2, 186: 2, 120: 2, 117: 2, 52: 2, 80: 2, 170: 2, 161: 2, 224: 2, 293: 2, 280: 4, 409: 4, 473: 4, 619: 4, 618: 4, 617: 4, 808: 4, 840: 4, 1002: 4, 932: 4}
cluster_target_selection: {17: 475, 7: 666, 6: 356, 0: 214, 25: 276, 3: 339, 16: 401, 14: 400, 1: 399, 23: 222, 20: 284, 24: 186, 9: 120, 4: 117, 28: 52, 21: 80, 22: 170, 15: 161, 5: 224, 29: 293, 19: 280, 8: 409, 12: 473, 13: 619, 18: 618, 2: 617, 10: 808, 11: 840, 27: 1002, 26: 932}
num_nodes_transformed_graph: 248
agent_paths:({0: [(28, 10), (28, 11), (28, 12), (28, 13), (27, 13), (27, 14), (27, 15), (27, 16), (27, 17), (27, 18), (27, 19), (27, 20), (26, 20), (26, 21), (26, 22), (26, 23), (26, 24), (26, 25), (26, 26), (26, 27), (26, 28), (26, 29), (26, 30), (26, 30)], 1: [(3, 11), (4, 11), (3, 11), (2, 11), (2, 12), (2, 13), (2, 14), (2, 15), (2, 16), (2, 17), (2, 17)], 2: [(30, 2), (30, 3), (30, 4), (30, 5), (30, 6), (29, 6), (28, 6), (28, 7), (28, 8), (27, 8), (27, 7), (26, 7), (26, 6), (26, 5), (25, 5), (25, 4), (25, 3), (24, 3), (23, 3), (22, 3), (21, 3), (20, 3), (20, 2), (20, 1), (19, 1), (18, 1), (17, 1), (16, 1), (16, 2), (16, 3), (16, 4), (16, 5), (15, 5), (14, 5), (13, 5), (12, 5), (11, 5), (10, 5), (10, 4), (9, 4), (8, 4), (7, 4), (6, 4), (5, 4), (4, 4), (3, 4), (2, 4), (1, 4), (1, 5), (1, 6), (1, 7), (0, 7), (1, 7), (2, 7), (3, 7), (4, 7), (5, 7), (5, 8), (5, 9), (6, 9), (7, 9), (7, 10), (7, 10)], 3: [(24, 6), (23, 6), (22, 6), (21, 6), (20, 6), (20, 7), (20, 8), (20, 9), (19, 9), (19, 10), (18, 10), (18, 11), (17, 11), (17, 12), (16, 12), (15, 12), (14, 12), (14, 13), (13, 13), (12, 13), (12, 14), (11, 14), (10, 14), (10, 13), (10, 13)], 4: [(25, 3), (25, 4), (25, 5), (25, 6), (25, 7), (25, 8), (24, 8), (25, 8), (25, 9), (25, 10), (25, 11), (25, 12), (25, 13), (25, 14), (24, 14), (23, 14), (22, 14), (21, 14), (20, 14), (19, 14), (18, 14), (17, 14), (16, 14), (15, 14), (14, 14), (13, 14), (12, 14), (11, 14), (11, 15), (11, 16), (11, 17), (11, 18), (11, 19), (10, 19), (9, 19), (8, 19), (8, 20), (8, 21), (8, 22), (8, 23), (8, 24), (8, 25), (8, 26), (9, 26), (10, 26), (10, 27), (10, 28), (10, 29), (10, 30), (10, 31), (9, 31), (8, 31), (7, 31), (6, 31), (5, 31), (5, 30), (5, 29), (4, 29), (4, 28), (4, 27), (4, 26), (4, 25), (4, 25)]}, 61)