

CBSS-C STATS
starts:[466, 108, 103, 940, 431]
targets:[657, 51, 744, 868, 409, 755, 735, 405, 527, 480]
dests:[788, 80, 942, 617, 43]
ac_dict:{657: {0, 1}, 51: {1, 2}, 744: {2, 3}, 868: {3, 4}, 788: {0}, 80: {1}, 942: {2}, 617: {3}, 43: {4}}
clusters:[4 1 3 3 2 0 3 2 2 4]

round: 2
best_g_value: 95.0
open_list_size: 1
num_low_level_expanded: 481
search_success: 1
search_time: 0.12607539910823107
n_tsp_call: 1
n_tsp_time: 0.10485201934352517
n_roots: 1
num_conflicts: 1
target_assignment: {527: 0, 657: 0, 755: 0, 51: 1, 744: 3}
cluster_target_selection: {2: 527, 4: 657, 0: 755, 1: 51, 3: 744}
num_nodes_transformed_graph: 48
agent_paths:({0: [(18, 14), (17, 14), (16, 14), (16, 15), (16, 16), (15, 16), (16, 16), (16, 17), (16, 18), (16, 19), (17, 19), (17, 20), (18, 20), (19, 20), (19, 21), (19, 22), (19, 23), (19, 24), (20, 24), (20, 24)], 1: [(12, 3), (12, 2), (12, 1), (13, 1), (14, 1), (15, 1), (16, 1), (17, 1), (18, 1), (19, 1), (18, 1), (17, 1), (16, 1), (16, 2), (16, 2)], 2: [(7, 3), (8, 3), (9, 3), (10, 3), (10, 4), (10, 5), (10, 6), (10, 7), (10, 8), (10, 9), (11, 9), (11, 10), (12, 10), (12, 11), (12, 12), (12, 13), (13, 13), (13, 14), (13, 15), (13, 16), (13, 17), (13, 18), (13, 19), (13, 20), (13, 21), (13, 22), (13, 23), (13, 24), (13, 25), (13, 26), (13, 27), (14, 27), (14, 28), (14, 29), (14, 29)], 3: [(12, 29), (11, 29), (10, 29), (10, 28), (9, 28), (8, 28), (8, 27), (8, 26), (8, 25), (8, 24), (8, 23), (8, 22), (8, 21), (8, 20), (8, 19), (9, 19), (9, 19)], 4: [(15, 13), (14, 13), (13, 13), (12, 13), (12, 12), (12, 11), (11, 11), (11, 10), (11, 9), (11, 8), (11, 7), (11, 6), (11, 5), (11, 4), (11, 3), (11, 2), (11, 1), (11, 1)]}, 33)