

CBSS-C STATS
starts:[977, 585, 931, 45, 690]
targets:[653, 973, 597, 171, 313, 454, 545, 559, 674, 417]
dests:[154, 663, 555, 486, 1012]
ac_dict:{653: {0, 1}, 973: {1, 2}, 597: {2, 3}, 171: {3, 4}, 154: {0}, 663: {1}, 555: {2}, 486: {3}, 1012: {4}}
clusters:[1 1 1 1 1 0 1 1 1 0]

round: 8
best_g_value: 104.0
open_list_size: 7
num_low_level_expanded: 1873
search_success: 1
search_time: 0.1798623688519001
n_tsp_call: 1
n_tsp_time: 0.13464962132275105
n_roots: 1
num_conflicts: 7
target_assignment: {454: 3, 653: 1}
cluster_target_selection: {0: 454, 1: 653}
num_nodes_transformed_graph: 48
agent_paths:({0: [(17, 30), (17, 29), (17, 28), (17, 27), (17, 26), (17, 25), (17, 24), (17, 23), (17, 22), (17, 21), (18, 21), (19, 21), (20, 21), (21, 21), (22, 21), (23, 21), (24, 21), (24, 20), (24, 19), (24, 18), (24, 17), (24, 16), (24, 15), (24, 14), (24, 13), (24, 12), (24, 11), (24, 10), (24, 9), (24, 8), (25, 8), (25, 7), (25, 6), (25, 5), (25, 4), (26, 4), (26, 4)], 1: [(9, 18), (10, 18), (11, 18), (12, 18), (13, 18), (13, 19), (13, 20), (14, 20), (15, 20), (16, 20), (17, 20), (18, 20), (19, 20), (20, 20), (21, 20), (22, 20), (23, 20), (23, 20)], 2: [(3, 29), (4, 29), (4, 28), (4, 27), (4, 26), (4, 25), (4, 24), (4, 23), (4, 22), (5, 22), (5, 21), (5, 20), (5, 19), (5, 18), (5, 17), (6, 17), (7, 17), (8, 17), (9, 17), (10, 17), (11, 17), (11, 17)], 3: [(13, 1), (12, 1), (11, 1), (10, 1), (9, 1), (9, 2), (9, 3), (8, 3), (7, 3), (7, 4), (7, 5), (7, 6), (7, 7), (7, 8), (7, 9), (6, 9), (6, 10), (6, 11), (6, 12), (6, 13), (6, 14), (6, 15), (6, 15)], 4: [(18, 21), (19, 21), (19, 22), (19, 23), (19, 24), (20, 24), (20, 25), (20, 26), (20, 27), (20, 28), (20, 29), (20, 30), (20, 31), (20, 31)]}, 35)