

CBSS-C STATS
starts:[555, 24, 423, 172, 597]
targets:[578, 827, 336, 70, 831, 710, 889, 2, 494, 283, 189, 691, 712, 162, 842, 333, 643, 85, 631, 510, 753, 757, 353, 371, 976, 912, 538, 330, 235, 655, 522, 466, 430, 478, 802, 43, 11, 571, 233, 526]
dests:[358, 733, 926, 174, 155]
ac_dict:{578: {0, 1}, 827: {1, 2}, 336: {2, 3}, 70: {3, 4}, 358: {0}, 733: {1}, 926: {2}, 174: {3}, 155: {4}}
clusters:[16 14  4  0 13  2 15 18 10  0 19  1 22 17 13  5 11 23 21  9  5  3  1  4
 11  3 20 10  9 12  8  7  7 24  8 14  2  6  6 12]

round: 1
best_g_value: 170.0
open_list_size: 0
num_low_level_expanded: 374
search_success: 1
search_time: 2.3330791129997124
n_tsp_call: 1
n_tsp_time: 2.2925512280003204
n_roots: 1
num_conflicts: 0
target_assignment: {522: 0, 712: 0, 710: 0, 643: 0, 578: 0, 162: 0, 2: 0, 631: 4, 571: 4, 538: 4, 283: 4, 330: 2, 333: 2, 336: 2, 430: 2, 526: 2, 691: 2, 757: 2, 889: 2, 827: 2, 831: 2, 85: 1, 189: 1, 478: 1, 510: 1}
cluster_target_selection: {8: 522, 22: 712, 2: 710, 11: 643, 16: 578, 17: 162, 18: 2, 21: 631, 6: 571, 20: 538, 0: 283, 10: 330, 5: 333, 4: 336, 7: 430, 12: 526, 1: 691, 3: 757, 15: 889, 14: 827, 13: 831, 23: 85, 19: 189, 24: 478, 9: 510}
num_nodes_transformed_graph: 98
agent_paths:({0: [(11, 17), (10, 17), (10, 16), (9, 16), (8, 16), (8, 17), (8, 18), (8, 19), (8, 20), (8, 21), (8, 22), (7, 22), (6, 22), (5, 22), (4, 22), (3, 22), (3, 21), (3, 20), (2, 20), (2, 19), (2, 18), (2, 17), (2, 16), (2, 15), (2, 14), (2, 13), (2, 12), (2, 11), (2, 10), (2, 9), (1, 9), (1, 8), (1, 7), (1, 6), (1, 5), (2, 5), (2, 4), (2, 3), (2, 2), (2, 1), (2, 0), (3, 0), (4, 0), (5, 0), (5, 1), (5, 2), (5, 3), (5, 4), (5, 5), (5, 6), (5, 7), (5, 8), (5, 9), (6, 9), (6, 10), (6, 11), (6, 11)], 1: [(24, 0), (23, 0), (22, 0), (22, 1), (22, 2), (21, 2), (22, 2), (23, 2), (24, 2), (25, 2), (25, 3), (26, 3), (27, 3), (28, 3), (28, 4), (29, 4), (29, 5), (29, 6), (29, 7), (29, 8), (29, 9), (29, 10), (29, 11), (29, 12), (29, 13), (29, 14), (30, 14), (30, 15), (29, 15), (29, 16), (29, 17), (29, 18), (29, 19), (29, 20), (29, 21), (29, 22), (29, 22)], 2: [(7, 13), (8, 13), (8, 12), (9, 12), (9, 11), (9, 10), (10, 10), (11, 10), (12, 10), (13, 10), (14, 10), (15, 10), (16, 10), (15, 10), (14, 10), (14, 11), (14, 12), (14, 13), (14, 14), (14, 15), (14, 16), (15, 16), (16, 16), (17, 16), (17, 17), (18, 17), (19, 17), (19, 18), (19, 19), (19, 20), (19, 21), (20, 21), (21, 21), (21, 22), (21, 23), (22, 23), (22, 24), (23, 24), (24, 24), (25, 24), (25, 25), (25, 26), (25, 27), (25, 26), (25, 25), (26, 25), (27, 25), (28, 25), (29, 25), (30, 25), (31, 25), (30, 25), (30, 26), (30, 27), (30, 28), (30, 28)], 3: [(12, 5), (13, 5), (14, 5), (14, 5)], 4: [(21, 18), (22, 18), (23, 18), (23, 19), (23, 18), (23, 17), (24, 17), (25, 17), (26, 17), (27, 17), (26, 17), (26, 16), (26, 15), (26, 14), (26, 13), (26, 12), (26, 11), (26, 10), (27, 10), (27, 9), (27, 8), (27, 7), (27, 6), (27, 5), (27, 4), (27, 4)]}, 55)