

CBSS-C STATS
starts:[753, 857, 778, 5, 502, 1009, 910, 206, 905, 114]
targets:[93, 711, 207, 189, 226]
dests:[405, 649, 426, 743, 697, 267, 276, 629, 894, 748]
ac_dict:{93: {0, 1}, 711: {1, 2}, 207: {2, 3}, 189: {3, 4}, 226: {4, 5}, 405: {0}, 649: {1}, 426: {2}, 743: {3}, 697: {4}, 267: {5}, 276: {6}, 629: {7}, 894: {8}, 748: {9}}
clusters:[0 0 0 0 1]

round: 2
best_g_value: 229.0
open_list_size: 1
num_low_level_expanded: 1042
search_success: 1
search_time: 0.10451200883835554
n_tsp_call: 1
n_tsp_time: 0.0700358422473073
n_roots: 1
num_conflicts: 1
target_assignment: {226: 5, 711: 1}
cluster_target_selection: {1: 226, 0: 711}
num_nodes_transformed_graph: 25
agent_paths:({0: [(17, 23), (17, 22), (17, 21), (17, 20), (17, 19), (18, 19), (18, 18), (18, 17), (19, 17), (19, 16), (19, 15), (19, 14), (19, 13), (19, 12), (20, 12), (21, 12), (21, 12)], 1: [(25, 26), (24, 26), (23, 26), (22, 26), (22, 25), (21, 25), (20, 25), (19, 25), (18, 25), (17, 25), (16, 25), (15, 25), (14, 25), (13, 25), (12, 25), (11, 25), (10, 25), (9, 25), (8, 25), (7, 25), (7, 24), (7, 23), (7, 22), (8, 22), (8, 21), (8, 20), (9, 20), (9, 20)], 2: [(10, 24), (10, 23), (10, 22), (10, 21), (10, 20), (10, 19), (10, 18), (10, 17), (10, 16), (10, 15), (10, 14), (10, 13), (10, 13)], 3: [(5, 0), (5, 1), (5, 2), (5, 3), (5, 4), (5, 5), (5, 6), (5, 7), (5, 8), (5, 9), (6, 9), (6, 10), (6, 11), (6, 12), (6, 13), (6, 14), (6, 15), (7, 15), (7, 16), (7, 17), (7, 18), (7, 19), (7, 20), (7, 21), (7, 22), (7, 23), (7, 23)], 4: [(22, 15), (23, 15), (24, 15), (25, 15), (25, 16), (25, 17), (25, 18), (25, 19), (25, 20), (25, 21), (25, 21)], 5: [(17, 31), (16, 31), (15, 31), (14, 31), (13, 31), (12, 31), (11, 31), (10, 31), (9, 31), (8, 31), (8, 30), (8, 29), (8, 28), (8, 27), (8, 26), (7, 26), (7, 25), (7, 24), (7, 23), (6, 23), (5, 23), (5, 22), (5, 21), (5, 20), (5, 19), (4, 19), (4, 18), (3, 18), (3, 17), (3, 16), (3, 15), (3, 14), (3, 13), (3, 12), (3, 11), (3, 10), (3, 9), (3, 8), (3, 7), (2, 7), (3, 7), (4, 7), (5, 7), (6, 7), (7, 7), (7, 8), (8, 8), (9, 8), (10, 8), (11, 8), (11, 8)], 6: [(14, 28), (14, 27), (15, 27), (15, 26), (15, 25), (15, 24), (15, 23), (15, 22), (15, 21), (15, 20), (15, 19), (16, 19), (16, 18), (16, 17), (16, 16), (16, 15), (16, 14), (16, 13), (16, 12), (16, 11), (16, 10), (16, 9), (17, 9), (18, 9), (19, 9), (20, 9), (20, 8), (20, 8)], 7: [(14, 6), (15, 6), (16, 6), (17, 6), (18, 6), (19, 6), (20, 6), (21, 6), (21, 7), (21, 8), (21, 9), (21, 10), (21, 11), (21, 12), (21, 13), (21, 14), (21, 15), (21, 16), (21, 17), (21, 18), (21, 19), (21, 19)], 8: [(9, 28), (9, 27), (10, 27), (11, 27), (12, 27), (13, 27), (14, 27), (15, 27), (16, 27), (17, 27), (18, 27), (19, 27), (20, 27), (21, 27), (22, 27), (23, 27), (24, 27), (25, 27), (26, 27), (27, 27), (28, 27), (29, 27), (30, 27), (30, 27)], 9: [(18, 3), (17, 3), (16, 3), (16, 4), (16, 5), (15, 5), (14, 5), (13, 5), (13, 6), (13, 7), (13, 8), (13, 9), (13, 10), (12, 10), (12, 11), (12, 12), (12, 13), (12, 14), (12, 15), (12, 16), (12, 17), (12, 18), (12, 19), (12, 20), (12, 21), (12, 22), (12, 23), (12, 23)]}, 49)