

CBSS-C STATS
starts:[303, 122, 290, 568, 558]
targets:[548, 612, 1021, 142, 584, 596, 954, 3, 574, 945]
dests:[355, 413, 820, 50, 527]
ac_dict:{548: {0, 1}, 612: {1, 2}, 1021: {2, 3}, 142: {3, 4}, 355: {0}, 413: {1}, 820: {2}, 50: {3}, 527: {4}}
clusters:[1 0 1 0 1 0 1 0 0 1]

round: 1
best_g_value: 86.0
open_list_size: 0
num_low_level_expanded: 291
search_success: 1
search_time: 0.06038449006155133
n_tsp_call: 1
n_tsp_time: 0.0476184799335897
n_roots: 1
num_conflicts: 0
target_assignment: {612: 2, 584: 2}
cluster_target_selection: {0: 612, 1: 584}
num_nodes_transformed_graph: 28
agent_paths:({0: [(15, 9), (14, 9), (13, 9), (13, 10), (12, 10), (11, 10), (10, 10), (9, 10), (8, 10), (7, 10), (6, 10), (5, 10), (4, 10), (3, 10), (3, 11), (3, 11)], 1: [(26, 3), (27, 3), (28, 3), (28, 4), (29, 4), (29, 5), (29, 6), (29, 7), (29, 8), (29, 9), (29, 10), (29, 11), (29, 12), (29, 12)], 2: [(2, 9), (3, 9), (3, 10), (3, 11), (3, 12), (3, 13), (3, 14), (3, 15), (4, 15), (4, 16), (4, 17), (4, 18), (4, 19), (5, 19), (6, 19), (7, 19), (7, 18), (8, 18), (9, 18), (10, 18), (11, 18), (12, 18), (13, 18), (14, 18), (14, 19), (15, 19), (16, 19), (17, 19), (18, 19), (19, 19), (19, 20), (19, 21), (19, 22), (19, 23), (19, 24), (20, 24), (20, 25), (20, 25)], 3: [(24, 17), (23, 17), (22, 17), (21, 17), (21, 16), (21, 15), (21, 14), (21, 13), (21, 12), (21, 11), (21, 10), (21, 9), (21, 8), (21, 7), (21, 6), (21, 5), (21, 4), (20, 4), (20, 3), (20, 2), (20, 1), (19, 1), (18, 1), (18, 1)], 4: [(14, 17), (14, 16), (15, 16), (15, 16)]}, 36)