

CBSS-C STATS
starts:[852, 669, 563, 639, 898]
targets:[869, 408, 1000, 727, 35, 15, 100, 1017, 758, 842, 558, 573, 569, 279, 161, 943, 742, 533, 988, 867, 480, 744, 497, 1006, 668, 536, 778, 234, 47, 511, 478, 556, 561, 162, 186, 77, 428, 992, 924, 786]
dests:[682, 351, 363, 524, 712]
ac_dict:{869: {0, 1}, 408: {1, 2}, 1000: {2, 3}, 727: {3, 4}, 682: {0}, 351: {1}, 363: {2}, 524: {3}, 712: {4}}
clusters:[ 2 13  4 20  3  7  5  0  7 24 13 22 18 11  6  1 14  9  9 12 10 23 12 14
  2  8 19  4 11  3 16 17  5  0  1 15  6 10  8 21]

round: 1
best_g_value: 153.0
open_list_size: 0
num_low_level_expanded: 337
search_success: 1
search_time: 2.1814270559998477
n_tsp_call: 1
n_tsp_time: 2.1403440949998185
n_roots: 1
num_conflicts: 0
target_assignment: {786: 0, 943: 0, 842: 0, 778: 0, 668: 3, 727: 3, 569: 3, 536: 3, 533: 3, 558: 3, 556: 3, 992: 4, 867: 4, 742: 4, 744: 4, 561: 2, 15: 2, 47: 2, 77: 2, 161: 2, 162: 2, 234: 2, 573: 1, 511: 1, 478: 1}
cluster_target_selection: {21: 786, 1: 943, 24: 842, 19: 778, 2: 668, 20: 727, 18: 569, 8: 536, 9: 533, 13: 558, 17: 556, 10: 992, 12: 867, 14: 742, 23: 744, 5: 561, 7: 15, 11: 47, 15: 77, 6: 161, 0: 162, 4: 234, 22: 573, 3: 511, 16: 478}
num_nodes_transformed_graph: 97
agent_paths:({0: [(20, 26), (19, 26), (18, 26), (18, 25), (18, 24), (17, 24), (16, 24), (15, 24), (15, 25), (15, 26), (15, 27), (15, 28), (15, 29), (14, 29), (13, 29), (12, 29), (11, 29), (10, 29), (10, 28), (10, 27), (10, 26), (10, 25), (10, 24), (10, 23), (10, 22), (10, 21), (10, 21)], 1: [(29, 20), (29, 19), (29, 18), (29, 17), (29, 16), (29, 15), (30, 15), (31, 15), (30, 15), (30, 14), (29, 14), (29, 13), (29, 12), (29, 11), (29, 10), (30, 10), (31, 10), (31, 10)], 2: [(19, 17), (18, 17), (17, 17), (16, 17), (16, 16), (16, 15), (16, 14), (16, 13), (16, 12), (16, 11), (16, 10), (16, 9), (16, 8), (16, 7), (16, 6), (16, 5), (16, 4), (16, 3), (16, 2), (16, 1), (15, 1), (15, 0), (15, 1), (14, 1), (13, 1), (13, 2), (12, 2), (11, 2), (10, 2), (9, 2), (9, 3), (8, 3), (7, 3), (6, 3), (5, 3), (4, 3), (3, 3), (2, 3), (1, 3), (1, 4), (1, 5), (2, 5), (3, 5), (4, 5), (5, 5), (6, 5), (7, 5), (8, 5), (8, 6), (9, 6), (10, 6), (10, 7), (11, 7), (11, 8), (11, 9), (11, 10), (11, 11), (11, 11)], 3: [(31, 19), (30, 19), (29, 19), (29, 20), (28, 20), (27, 20), (26, 20), (25, 20), (24, 20), (23, 20), (23, 21), (23, 22), (23, 21), (23, 20), (23, 19), (23, 18), (23, 17), (24, 17), (25, 17), (24, 17), (24, 16), (23, 16), (22, 16), (21, 16), (20, 16), (19, 16), (19, 17), (18, 17), (17, 17), (16, 17), (15, 17), (14, 17), (13, 17), (12, 17), (12, 16), (12, 16)], 4: [(2, 28), (1, 28), (0, 28), (0, 29), (0, 30), (0, 31), (0, 30), (0, 29), (0, 28), (0, 27), (1, 27), (2, 27), (3, 27), (3, 26), (3, 25), (3, 24), (3, 23), (4, 23), (5, 23), (6, 23), (7, 23), (8, 23), (8, 22), (8, 22)]}, 56)