

CBSS-C STATS
starts:[230, 727]
targets:[954, 854, 785, 498, 117, 12, 830, 110, 1017, 227, 685, 448, 923, 274, 239, 278, 745, 838, 990, 935, 191, 374, 898, 468, 183, 434, 177, 201, 400, 99, 615, 168, 340, 162, 223, 740, 566, 844, 225, 469, 667, 625, 672, 324, 299, 241, 814, 484, 552, 19, 786, 553, 497, 450, 630, 564, 825, 563, 849, 861, 210, 341, 385, 445, 983, 911, 938, 129, 315, 34, 815, 474, 637, 922, 194, 957, 209, 56, 663, 920, 376, 1023, 534, 353, 765, 666, 1009, 850, 744, 226, 827, 479, 410, 790, 387, 921, 435, 650, 660, 820]
dests:[167, 234]
ac_dict:{954: {0, 1}, 167: {0}, 234: {1}}
clusters:[25 12  7 20 12 37 33  3 32 24  0 28 16  2 24 19  2 15 35 22 27  1 14 23
 21 12  8 17 23 28 31 11 39 35 25 15 28  0  3 14 27 38 30  7 18 17 35 38
 22 36  8 32 22 26 33 37 29 18 27 17  9 23 16 21 29 17 19 13 16  6 20  8
  4 37 23  7 28 15  0 31  7  5  2 36  1 39  8 29 28 39 27  3 10  4  1 34
  1  2 30 24]

round: 1
best_g_value: 423.0
open_list_size: 0
num_low_level_expanded: 246
search_success: 1
search_time: 9.585721048002597
n_tsp_call: 1
n_tsp_time: 9.481986655999208
n_roots: 1
num_conflicts: 0
target_assignment: {227: 0, 450: 0, 385: 0, 353: 0, 225: 0, 129: 0, 34: 0, 99: 0, 168: 0, 825: 1, 921: 1, 920: 1, 922: 1, 954: 1, 1017: 1, 1023: 1, 990: 1, 830: 1, 637: 1, 667: 1, 666: 1, 663: 1, 660: 1, 625: 1, 563: 1, 497: 1, 498: 1, 468: 1, 469: 1, 474: 1, 410: 1, 376: 1, 374: 1, 278: 1, 183: 1, 56: 1, 117: 1, 210: 1, 274: 1, 241: 1}
cluster_target_selection: {24: 227, 26: 450, 16: 385, 36: 353, 3: 225, 13: 129, 6: 34, 28: 99, 11: 168, 29: 825, 34: 921, 31: 920, 37: 922, 25: 954, 32: 1017, 5: 1023, 35: 990, 33: 830, 4: 637, 27: 667, 39: 666, 0: 663, 30: 660, 38: 625, 18: 563, 22: 497, 20: 498, 23: 468, 14: 469, 8: 474, 10: 410, 7: 376, 1: 374, 19: 278, 21: 183, 15: 56, 12: 117, 9: 210, 2: 274, 17: 241}
num_nodes_transformed_graph: 104
agent_paths:({0: [(6, 7), (5, 7), (4, 7), (3, 7), (3, 8), (3, 9), (2, 9), (2, 10), (2, 11), (2, 12), (2, 13), (2, 14), (1, 14), (1, 13), (1, 12), (1, 11), (1, 10), (1, 9), (1, 8), (1, 7), (1, 6), (1, 5), (1, 4), (1, 3), (1, 2), (1, 1), (2, 1), (3, 1), (3, 2), (3, 3), (4, 3), (5, 3), (6, 3), (7, 3), (8, 3), (8, 4), (8, 5), (7, 5), (7, 5)], 1: [(23, 22), (24, 22), (24, 23), (24, 24), (25, 24), (25, 25), (25, 26), (25, 27), (25, 28), (24, 28), (25, 28), (26, 28), (26, 29), (25, 29), (25, 30), (25, 31), (26, 31), (27, 31), (28, 31), (29, 31), (30, 31), (31, 31), (30, 31), (30, 30), (30, 29), (30, 28), (30, 27), (30, 26), (30, 25), (29, 25), (29, 24), (29, 23), (29, 22), (29, 21), (29, 20), (29, 19), (29, 20), (28, 20), (27, 20), (26, 20), (25, 20), (24, 20), (23, 20), (22, 20), (21, 20), (20, 20), (19, 20), (18, 20), (17, 20), (17, 19), (18, 19), (18, 18), (18, 17), (19, 17), (18, 17), (17, 17), (17, 16), (17, 15), (18, 15), (18, 14), (19, 14), (20, 14), (21, 14), (22, 14), (23, 14), (24, 14), (25, 14), (26, 14), (26, 13), (26, 12), (25, 12), (24, 12), (24, 11), (23, 11), (22, 11), (22, 10), (22, 9), (22, 8), (22, 7), (22, 6), (23, 6), (23, 5), (23, 4), (23, 3), (23, 2), (23, 1), (24, 1), (23, 1), (22, 1), (22, 2), (21, 2), (21, 3), (20, 3), (19, 3), (18, 3), (18, 4), (18, 5), (18, 6), (18, 7), (18, 8), (17, 8), (17, 7), (16, 7), (15, 7), (14, 7), (13, 7), (12, 7), (11, 7), (10, 7), (10, 7)]}, 108)