

CBSS-C STATS
starts:[869, 40, 879, 315, 235]
targets:[472, 867, 626, 999, 224, 618, 934, 303, 219, 670, 806, 961, 297, 550, 814, 499, 419, 820, 747, 86, 706, 923, 74, 786, 151, 16, 145, 295, 862, 928, 602, 696, 810, 1004, 763, 243, 746, 99, 451, 945]
dests:[124, 118, 343, 1008, 847]
ac_dict:{472: {0, 1}, 867: {1, 2}, 626: {2, 3}, 999: {3, 4}, 124: {0}, 118: {1}, 343: {2}, 1008: {3}, 847: {4}}
clusters:[ 7 13 20 21 15  9 19  6  5  3 12 23 24  8 13 18 19  0 15 16 19  3 22 10
 21 13  7 13 16 12 14  1 14  4 17 11  2  3  4 23]

round: 1
best_g_value: 176.0
open_list_size: 0
num_low_level_expanded: 378
search_success: 1
search_time: 7.262175494000076
n_tsp_call: 1
n_tsp_time: 7.18437974400058
n_roots: 1
num_conflicts: 0
target_assignment: {806: 0, 550: 0, 451: 0, 419: 0, 303: 0, 243: 0, 219: 0, 297: 4, 618: 4, 746: 4, 747: 4, 810: 4, 814: 4, 74: 1, 145: 1, 151: 1, 86: 1, 786: 2, 626: 2, 499: 2, 670: 3, 763: 3, 696: 3, 820: 3, 945: 3}
cluster_target_selection: {12: 806, 8: 550, 4: 451, 19: 419, 6: 303, 11: 243, 5: 219, 24: 297, 9: 618, 2: 746, 15: 747, 14: 810, 13: 814, 22: 74, 7: 145, 21: 151, 16: 86, 10: 786, 20: 626, 18: 499, 3: 670, 17: 763, 1: 696, 0: 820, 23: 945}
num_nodes_transformed_graph: 198
agent_paths:({0: [(5, 27), (5, 26), (5, 25), (6, 25), (7, 25), (7, 24), (7, 23), (7, 22), (7, 21), (7, 20), (7, 19), (7, 18), (7, 17), (6, 17), (5, 17), (4, 17), (3, 17), (3, 16), (3, 15), (3, 14), (3, 13), (3, 12), (3, 11), (3, 10), (4, 10), (5, 10), (6, 10), (7, 10), (8, 10), (9, 10), (10, 10), (11, 10), (12, 10), (13, 10), (13, 9), (14, 9), (15, 9), (16, 9), (16, 8), (16, 7), (17, 7), (18, 7), (19, 7), (19, 6), (20, 6), (21, 6), (22, 6), (23, 6), (24, 6), (25, 6), (26, 6), (27, 6), (27, 5), (27, 4), (27, 3), (28, 3), (28, 3)], 1: [(8, 1), (9, 1), (10, 1), (10, 2), (11, 2), (12, 2), (13, 2), (14, 2), (14, 3), (14, 4), (14, 5), (15, 5), (16, 5), (16, 4), (17, 4), (18, 4), (19, 4), (20, 4), (21, 4), (22, 4), (23, 4), (22, 4), (22, 3), (22, 2), (22, 3), (22, 3)], 2: [(15, 27), (15, 26), (15, 25), (15, 24), (16, 24), (17, 24), (18, 24), (18, 23), (18, 22), (18, 21), (18, 20), (18, 19), (18, 18), (18, 17), (19, 17), (19, 16), (19, 15), (19, 14), (19, 13), (19, 12), (19, 11), (19, 10), (20, 10), (21, 10), (22, 10), (23, 10), (23, 10)], 3: [(27, 9), (28, 9), (29, 9), (29, 10), (29, 11), (29, 12), (29, 13), (29, 14), (30, 14), (30, 15), (30, 16), (30, 17), (30, 18), (30, 19), (30, 20), (29, 20), (28, 20), (27, 20), (27, 21), (27, 22), (27, 23), (26, 23), (26, 22), (26, 21), (25, 21), (24, 21), (24, 22), (24, 23), (24, 24), (23, 24), (22, 24), (22, 25), (21, 25), (20, 25), (19, 25), (18, 25), (17, 25), (17, 26), (17, 27), (17, 28), (17, 29), (16, 29), (16, 30), (16, 31), (16, 31)], 4: [(11, 7), (10, 7), (9, 7), (9, 8), (9, 9), (10, 9), (10, 10), (10, 11), (10, 12), (10, 13), (10, 14), (10, 15), (10, 16), (10, 17), (10, 18), (10, 19), (10, 20), (10, 21), (10, 22), (10, 23), (11, 23), (10, 23), (10, 24), (10, 25), (11, 25), (12, 25), (13, 25), (14, 25), (15, 25), (15, 26), (15, 26)]}, 55)