

CBSS-C STATS
starts:[709, 943, 799, 891, 953]
targets:[347, 720, 538, 561, 571, 466, 748, 724, 980, 181]
dests:[762, 238, 587, 820, 822]
ac_dict:{347: {0, 1}, 720: {1, 2}, 538: {2, 3}, 561: {3, 4}, 762: {0}, 238: {1}, 587: {2}, 820: {3}, 822: {4}}
clusters:[0 0 1 1 0 1 1 0 0 1]

round: 48
best_g_value: 94.0
open_list_size: 47
num_low_level_expanded: 1996
search_success: 1
search_time: 0.507689852733165
n_tsp_call: 5
n_tsp_time: 0.2651349361985922
n_roots: 1
num_conflicts: 47
target_assignment: {748: 0, 724: 0}
cluster_target_selection: {1: 748, 0: 724}
num_nodes_transformed_graph: 28
agent_paths:({0: [(5, 22), (6, 22), (7, 22), (8, 22), (9, 22), (10, 22), (11, 22), (12, 22), (12, 23), (13, 23), (14, 23), (15, 23), (16, 23), (17, 23), (18, 23), (19, 23), (19, 22), (20, 22), (21, 22), (21, 23), (22, 23), (22, 24), (23, 24), (24, 24), (25, 24), (26, 24), (26, 23), (26, 23)], 1: [(15, 29), (15, 28), (15, 27), (15, 26), (15, 25), (15, 24), (15, 23), (15, 22), (15, 21), (14, 21), (14, 20), (14, 19), (14, 18), (14, 17), (14, 16), (14, 15), (14, 14), (14, 13), (14, 12), (14, 11), (14, 10), (14, 9), (13, 9), (13, 8), (13, 7), (14, 7), (14, 7)], 2: [(31, 24), (30, 24), (29, 24), (28, 24), (27, 24), (26, 24), (25, 24), (24, 24), (23, 24), (22, 24), (22, 23), (21, 23), (21, 22), (20, 22), (19, 22), (18, 22), (17, 22), (16, 22), (15, 22), (15, 21), (14, 21), (13, 21), (12, 21), (11, 21), (11, 20), (11, 19), (11, 18), (11, 18)], 3: [(27, 27), (26, 27), (25, 27), (24, 27), (24, 26), (23, 26), (23, 25), (22, 25), (21, 25), (20, 25), (20, 25)], 4: [(25, 29), (24, 29), (23, 29), (23, 28), (23, 27), (22, 27), (22, 26), (22, 26), (22, 25), (22, 25)]}, 26)