

CBSS-C STATS
starts:[252, 690, 716, 330, 257]
targets:[674, 73, 619, 887, 266, 21, 911, 81, 953, 439, 116, 679, 195, 940, 568, 343, 763, 269, 498, 743, 976, 202, 564, 578, 449, 278, 642, 1017, 928, 312, 519, 264, 1001, 831, 700, 670, 1000, 649, 235, 102, 563, 281, 1010, 506, 594, 929, 872, 542, 136, 999]
dests:[738, 728, 692, 533, 565]
ac_dict:{674: {0, 1}, 73: {1, 2}, 619: {2, 3}, 887: {3, 4}, 738: {0}, 728: {1}, 692: {2}, 533: {3}, 565: {4}}
clusters:[ 8 19 21  7 26 30 39 18 33 11 29  0  6  5  8  4 31 13  0  2  1 38 14  2
 20 12 16  6  9  7 35 37 10  3 32 34 24  4  3  5 15 27 23 25 17 36  9 22
  1 28]

round: 3
best_g_value: 224.0
open_list_size: 2
num_low_level_expanded: 2078
search_success: 1
search_time: 24.98271312200086
n_tsp_call: 1
n_tsp_time: 24.831717186998503
n_roots: 1
num_conflicts: 2
target_assignment: {281: 0, 312: 0, 343: 0, 439: 0, 506: 0, 542: 0, 670: 0, 700: 0, 763: 0, 953: 0, 1017: 0, 1010: 0, 976: 0, 911: 0, 940: 0, 1001: 0, 1000: 0, 999: 0, 929: 0, 928: 0, 674: 0, 642: 0, 578: 0, 619: 2, 264: 2, 202: 2, 73: 2, 81: 2, 21: 2, 116: 2, 278: 2, 449: 4, 519: 4, 594: 4, 563: 4, 564: 4, 266: 3, 235: 3, 269: 3, 498: 3}
cluster_target_selection: {27: 281, 7: 312, 4: 343, 11: 439, 25: 506, 22: 542, 34: 670, 32: 700, 31: 763, 33: 953, 6: 1017, 23: 1010, 1: 976, 39: 911, 5: 940, 10: 1001, 24: 1000, 28: 999, 36: 929, 9: 928, 8: 674, 16: 642, 2: 578, 21: 619, 37: 264, 38: 202, 19: 73, 18: 81, 30: 21, 29: 116, 12: 278, 20: 449, 35: 519, 17: 594, 15: 563, 14: 564, 26: 266, 3: 235, 13: 269, 0: 498}
num_nodes_transformed_graph: 248
agent_paths:({0: [(28, 7), (27, 7), (26, 7), (25, 7), (25, 8), (24, 8), (24, 9), (23, 9), (23, 10), (23, 11), (23, 12), (23, 13), (24, 13), (25, 13), (26, 13), (26, 14), (26, 15), (27, 15), (28, 15), (29, 15), (30, 15), (30, 16), (30, 17), (30, 18), (30, 19), (30, 20), (29, 20), (28, 20), (28, 21), (27, 21), (27, 22), (27, 23), (26, 23), (26, 24), (25, 24), (25, 25), (25, 26), (25, 27), (25, 28), (25, 29), (25, 30), (25, 31), (24, 31), (24, 30), (23, 30), (22, 30), (21, 30), (20, 30), (19, 30), (18, 30), (18, 31), (17, 31), (16, 31), (16, 30), (16, 29), (15, 29), (15, 28), (14, 28), (13, 28), (12, 28), (12, 29), (11, 29), (10, 29), (10, 30), (9, 30), (9, 31), (8, 31), (7, 31), (6, 31), (5, 31), (5, 30), (5, 29), (4, 29), (3, 29), (2, 29), (1, 29), (0, 29), (0, 28), (0, 27), (0, 26), (0, 25), (0, 24), (0, 23), (1, 23), (1, 22), (1, 21), (2, 21), (2, 20), (2, 19), (2, 18), (2, 19), (2, 20), (2, 21), (2, 22), (2, 23), (2, 23)], 1: [(18, 21), (19, 21), (20, 21), (21, 21), (22, 21), (23, 21), (24, 21), (24, 22), (24, 22)], 2: [(12, 22), (11, 22), (11, 21), (11, 20), (11, 19), (10, 19), (10, 18), (10, 17), (10, 16), (10, 15), (10, 14), (10, 13), (10, 12), (9, 12), (9, 11), (9, 10), (9, 9), (9, 8), (8, 8), (9, 8), (9, 7), (9, 6), (10, 6), (10, 5), (10, 4), (9, 4), (9, 3), (9, 2), (10, 2), (11, 2), (12, 2), (13, 2), (14, 2), (14, 1), (15, 1), (16, 1), (17, 1), (17, 2), (17, 1), (18, 1), (19, 1), (19, 0), (20, 0), (21, 0), (20, 0), (20, 1), (20, 2), (20, 3), (21, 3), (21, 4), (21, 5), (21, 6), (22, 6), (22, 7), (22, 8), (22, 9), (22, 10), (22, 11), (22, 12), (22, 13), (22, 14), (22, 15), (22, 16), (22, 17), (22, 18), (21, 18), (20, 18), (20, 19), (20, 20), (20, 21), (20, 21)], 3: [(10, 10), (10, 9), (10, 8), (10, 7), (11, 7), (12, 7), (13, 7), (13, 8), (13, 9), (14, 9), (15, 9), (16, 9), (17, 9), (18, 9), (18, 10), (18, 11), (18, 12), (18, 13), (18, 14), (18, 15), (19, 15), (19, 16), (20, 16), (21, 16), (21, 16)], 4: [(1, 8), (1, 9), (1, 10), (1, 11), (1, 12), (1, 13), (1, 14), (2, 14), (3, 14), (3, 15), (4, 15), (5, 15), (6, 15), (7, 15), (7, 16), (8, 16), (9, 16), (10, 16), (11, 16), (12, 16), (13, 16), (14, 16), (15, 16), (16, 16), (17, 16), (17, 17), (18, 17), (18, 18), (18, 17), (19, 17), (20, 17), (21, 17), (21, 17)]}, 94)