

CBSS-C STATS
starts:[206, 85]
targets:[538, 1017, 264, 443, 719, 692, 715, 439, 664, 215, 86, 409, 289, 903, 478, 350, 993, 493, 829, 850, 378, 627, 999, 502, 325, 522, 870, 316, 199, 465, 379, 674, 748, 897, 230, 84, 339, 486, 101, 211, 471, 579, 2, 693, 596, 786, 267, 549, 35, 52, 67, 944, 882, 276, 648, 599, 533, 615, 1006, 527, 377, 740, 485, 381, 1023, 940, 933, 653, 490, 69, 657, 1014, 150, 146, 438, 189, 721, 310, 133, 104, 656, 10, 205, 1013, 65, 457, 532, 568, 386, 311, 93, 333, 403, 983, 735, 62, 505, 815, 904, 671]
dests:[362, 935]
ac_dict:{538: {0, 1}, 362: {0}, 935: {1}}
clusters:[16 34 23 32  5 13 24  8 33 15  2 26 18 28 19 25  6 26 21  3 34 35  5 36
 16 14  7  4  8 31  8  9 34  3  3 39 22 25 20 32 13  5 25 13  0 27 12 13
  8 26 15 25 30 24 11 13 17 32  0 16  5 25 15 21  6 37  7 17 25  6 12 28
 15  0 10  4  1  4 25 37 31 26 32 38 15  0  9  0 29 37 29 39 19 39 26 25
 22 23 39  1]

round: 1
best_g_value: 432.0
open_list_size: 0
num_low_level_expanded: 309
search_success: 1
search_time: 8.635228293002001
n_tsp_call: 1
n_tsp_time: 8.531512931003817
n_roots: 1
num_conflicts: 0
target_assignment: {205: 0, 104: 0, 101: 0, 69: 0, 133: 0, 386: 0, 289: 0, 264: 0, 86: 1, 150: 1, 276: 1, 310: 1, 438: 1, 409: 1, 377: 1, 378: 1, 379: 1, 381: 1, 478: 1, 505: 1, 502: 1, 533: 1, 532: 1, 596: 1, 627: 1, 599: 1, 664: 1, 983: 1, 1013: 1, 882: 1, 850: 1, 786: 1, 721: 1, 657: 1, 656: 1, 527: 1, 522: 1, 648: 1, 870: 1, 903: 1}
cluster_target_selection: {32: 205, 37: 104, 20: 101, 6: 69, 25: 133, 29: 386, 18: 289, 23: 264, 2: 86, 15: 150, 24: 276, 4: 310, 10: 438, 26: 409, 5: 377, 34: 378, 8: 379, 21: 381, 19: 478, 22: 505, 36: 502, 17: 533, 9: 532, 0: 596, 35: 627, 13: 599, 33: 664, 39: 983, 38: 1013, 30: 882, 3: 850, 27: 786, 1: 721, 12: 657, 31: 656, 16: 527, 14: 522, 11: 648, 7: 870, 28: 903}
num_nodes_transformed_graph: 104
agent_paths:({0: [(14, 6), (13, 6), (12, 6), (11, 6), (10, 6), (9, 6), (8, 6), (8, 5), (8, 4), (8, 3), (7, 3), (6, 3), (5, 3), (5, 2), (5, 3), (5, 4), (4, 4), (3, 4), (3, 5), (3, 6), (3, 7), (3, 8), (3, 9), (2, 9), (2, 10), (2, 11), (2, 12), (1, 12), (1, 11), (1, 10), (1, 9), (2, 9), (3, 9), (4, 9), (5, 9), (6, 9), (7, 9), (7, 8), (8, 8), (9, 8), (10, 8), (10, 9), (10, 10), (10, 11), (10, 11)], 1: [(21, 2), (22, 2), (22, 3), (22, 4), (21, 4), (21, 5), (21, 6), (20, 6), (20, 7), (20, 8), (21, 8), (22, 8), (22, 9), (22, 10), (22, 11), (22, 12), (22, 13), (22, 12), (23, 12), (24, 12), (25, 12), (25, 11), (26, 11), (27, 11), (28, 11), (29, 11), (29, 12), (29, 13), (29, 14), (30, 14), (29, 14), (28, 14), (27, 14), (26, 14), (25, 14), (25, 15), (24, 15), (23, 15), (22, 15), (21, 15), (21, 16), (20, 16), (20, 17), (20, 18), (19, 18), (19, 19), (19, 18), (20, 18), (21, 18), (22, 18), (23, 18), (24, 18), (24, 19), (24, 20), (24, 21), (24, 22), (24, 23), (24, 24), (23, 24), (23, 25), (23, 26), (23, 27), (23, 28), (23, 29), (23, 30), (22, 30), (21, 30), (21, 31), (20, 31), (19, 31), (18, 31), (18, 30), (18, 29), (18, 28), (18, 27), (18, 26), (18, 25), (18, 24), (17, 24), (17, 23), (17, 22), (17, 21), (17, 20), (16, 20), (16, 19), (16, 18), (16, 17), (15, 17), (15, 16), (14, 16), (13, 16), (12, 16), (11, 16), (10, 16), (9, 16), (8, 16), (8, 17), (8, 18), (8, 19), (8, 20), (7, 20), (7, 21), (7, 22), (7, 23), (7, 24), (7, 25), (6, 25), (6, 26), (6, 27), (6, 28), (7, 28), (7, 29), (7, 29)]}, 111)