

CBSS-C STATS
starts:[992, 603, 735, 279, 49]
targets:[87, 745, 228, 944, 77, 202, 786, 959, 845, 712, 138, 598, 723, 330, 280, 37, 408, 1008, 420, 344, 315, 154, 913, 398, 758, 565, 876, 199, 948, 396, 195, 517, 81, 935, 763, 993, 116, 489, 681, 645]
dests:[748, 887, 27, 140, 976]
ac_dict:{87: {0, 1}, 745: {1, 2}, 228: {2, 3}, 944: {3, 4}, 748: {0}, 887: {1}, 27: {2}, 140: {3}, 976: {4}}
clusters:[ 6 15 12 11 19  2 16 12 22 10 11  0  1  7  5 14  8 17 18  4 13  1  4  0
 24 14  7  3  9  6 21  3 23 20  2 10 13  5  8  9]

round: 6
best_g_value: 183.0
open_list_size: 5
num_low_level_expanded: 1407
search_success: 1
search_time: 358.6434038079997
n_tsp_call: 30
n_tsp_time: 357.7777714519998
n_roots: 1
num_conflicts: 5
target_assignment: {993: 0, 935: 0, 876: 0, 845: 0, 77: 4, 396: 4, 398: 4, 913: 4, 944: 4, 1008: 4, 280: 3, 763: 2, 758: 2, 723: 2, 786: 2, 745: 2, 681: 2, 645: 2, 517: 2, 420: 2, 228: 2, 195: 2, 37: 2, 81: 2, 116: 2}
cluster_target_selection: {10: 993, 20: 935, 7: 876, 22: 845, 19: 77, 6: 396, 0: 398, 4: 913, 11: 944, 17: 1008, 5: 280, 2: 763, 24: 758, 1: 723, 16: 786, 15: 745, 8: 681, 9: 645, 3: 517, 18: 420, 12: 228, 21: 195, 14: 37, 23: 81, 13: 116}
num_nodes_transformed_graph: 198
agent_paths:({0: [(0, 31), (1, 31), (1, 30), (1, 29), (2, 29), (3, 29), (4, 29), (5, 29), (6, 29), (7, 29), (7, 28), (8, 28), (8, 27), (9, 27), (10, 27), (11, 27), (12, 27), (12, 26), (13, 26), (12, 26), (12, 25), (12, 24), (12, 23), (12, 23)], 1: [(27, 18), (26, 18), (25, 18), (24, 18), (24, 19), (24, 20), (24, 21), (24, 22), (24, 23), (24, 24), (23, 24), (23, 25), (23, 26), (23, 27), (23, 27)], 2: [(31, 22), (30, 22), (29, 22), (28, 22), (27, 22), (27, 23), (26, 23), (26, 24), (25, 24), (25, 24), (24, 24), (23, 24), (22, 24), (22, 23), (21, 23), (21, 22), (20, 22), (19, 22), (18, 22), (18, 23), (18, 24), (17, 24), (16, 24), (15, 24), (14, 24), (13, 24), (12, 24), (11, 24), (10, 24), (9, 24), (9, 23), (9, 22), (9, 21), (8, 21), (7, 21), (6, 21), (5, 21), (5, 20), (5, 19), (5, 18), (5, 17), (5, 16), (5, 15), (5, 14), (5, 13), (4, 13), (4, 12), (4, 11), (4, 10), (4, 9), (4, 8), (4, 7), (3, 7), (3, 6), (3, 5), (3, 4), (3, 3), (3, 2), (3, 1), (4, 1), (5, 1), (6, 1), (7, 1), (8, 1), (9, 1), (10, 1), (11, 1), (12, 1), (13, 1), (14, 1), (15, 1), (16, 1), (17, 1), (17, 2), (17, 3), (18, 3), (19, 3), (20, 3), (21, 3), (22, 3), (23, 3), (24, 3), (25, 3), (26, 3), (27, 3), (27, 2), (27, 1), (27, 0), (27, 0)], 3: [(23, 8), (24, 8), (23, 8), (22, 8), (21, 8), (20, 8), (20, 7), (19, 7), (18, 7), (17, 7), (16, 7), (15, 7), (14, 7), (13, 7), (12, 7), (12, 6), (12, 5), (12, 4), (12, 4)], 4: [(17, 1), (16, 1), (15, 1), (14, 1), (13, 1), (13, 2), (13, 3), (13, 4), (13, 5), (13, 6), (13, 7), (13, 8), (13, 9), (13, 10), (12, 10), (12, 11), (12, 12), (12, 13), (13, 13), (14, 13), (14, 12), (15, 12), (16, 12), (16, 13), (16, 14), (16, 15), (16, 16), (16, 17), (16, 18), (16, 19), (17, 19), (17, 20), (17, 21), (17, 22), (17, 23), (17, 24), (17, 25), (17, 26), (17, 27), (17, 28), (16, 28), (16, 29), (16, 30), (16, 31), (16, 30), (16, 30)]}, 87)