

CBSS-C STATS
starts:[326, 210]
targets:[201, 237, 420, 680, 78, 238, 732, 697, 403, 122, 516, 493, 226, 130, 709, 158, 993, 881, 905, 303, 552, 666, 625, 178, 141, 193, 98, 979, 272, 1013, 394, 615, 96, 861, 348, 873, 752, 414, 678, 6, 909, 69, 663, 733, 848, 894, 311, 986, 1021, 213, 558, 323, 147, 135, 551, 892, 847, 409, 435, 242, 277, 584, 461, 418, 786, 910, 501, 594, 900, 81, 393, 669, 15, 586, 949, 114, 70, 41, 707, 306, 959, 429, 497, 866, 133, 818, 462, 640, 769, 519, 1010, 322, 521, 398, 929, 885, 713, 922, 884, 803]
dests:[717, 800]
ac_dict:{201: {0, 1}, 717: {0}, 800: {1}}
clusters:[ 5 17 12 18 24 37  3 35 35 10 39 12 21 34 18 10  4 31  1 36  1 27 38  8
 25 14 39  9 16 34 37 14 32  5  6  3 19  9  7 26 23 31 29 33 24  5 17 22
 11 14 28 14  1 13 30 20  9  1  4 39 13 22 39 36 25  0  2 19 17 15 36 23
 27  0 17 14 38 31 21 34 29 18 32 12 15 36  7 38 35 31  3 23  8 24 38 38
  7 15 31 33]

round: 1
best_g_value: 454.0
open_list_size: 0
num_low_level_expanded: 355
search_success: 1
search_time: 11.345576828003686
n_tsp_call: 1
n_tsp_time: 11.240756853003404
n_roots: 1
num_conflicts: 0
target_assignment: {178: 1, 242: 1, 306: 1, 303: 1, 272: 1, 238: 1, 237: 1, 141: 1, 135: 1, 70: 1, 6: 1, 41: 1, 78: 1, 81: 1, 122: 1, 348: 1, 414: 1, 669: 1, 733: 1, 732: 1, 861: 1, 1021: 1, 892: 1, 666: 1, 663: 1, 501: 1, 435: 1, 497: 1, 594: 1, 558: 1, 493: 1, 586: 1, 584: 1, 552: 1, 551: 1, 615: 1, 678: 1, 709: 1, 707: 1, 769: 1}
cluster_target_selection: {8: 178, 39: 242, 34: 306, 36: 303, 16: 272, 37: 238, 17: 237, 25: 141, 13: 135, 38: 70, 26: 6, 31: 41, 24: 78, 15: 81, 10: 122, 6: 348, 9: 414, 23: 669, 33: 733, 3: 732, 5: 861, 11: 1021, 20: 892, 27: 666, 29: 663, 2: 501, 4: 435, 32: 497, 19: 594, 28: 558, 12: 493, 0: 586, 22: 584, 1: 552, 30: 551, 14: 615, 7: 678, 18: 709, 21: 707, 35: 769}
num_nodes_transformed_graph: 104
agent_paths:({0: [(6, 10), (7, 10), (8, 10), (9, 10), (10, 10), (11, 10), (12, 10), (12, 11), (12, 12), (12, 13), (13, 13), (13, 14), (13, 15), (13, 16), (13, 17), (13, 18), (13, 19), (13, 20), (13, 21), (13, 22), (13, 22)], 1: [(18, 6), (18, 5), (18, 6), (18, 7), (18, 8), (18, 9), (17, 9), (16, 9), (15, 9), (16, 9), (16, 8), (16, 7), (15, 7), (14, 7), (13, 7), (13, 6), (13, 5), (13, 4), (12, 4), (11, 4), (10, 4), (9, 4), (8, 4), (7, 4), (6, 4), (6, 3), (6, 2), (6, 1), (6, 0), (6, 1), (7, 1), (8, 1), (9, 1), (10, 1), (11, 1), (12, 1), (13, 1), (14, 1), (14, 2), (14, 1), (15, 1), (16, 1), (17, 1), (17, 2), (17, 3), (18, 3), (19, 3), (20, 3), (21, 3), (22, 3), (23, 3), (24, 3), (25, 3), (26, 3), (27, 3), (28, 3), (28, 4), (28, 5), (28, 6), (28, 7), (28, 8), (28, 9), (28, 10), (29, 10), (30, 10), (30, 11), (30, 12), (29, 12), (29, 13), (29, 14), (29, 15), (29, 16), (29, 17), (29, 18), (29, 19), (29, 20), (29, 21), (29, 22), (28, 22), (29, 22), (29, 23), (29, 24), (29, 25), (29, 26), (29, 27), (29, 28), (29, 29), (29, 30), (29, 31), (28, 31), (28, 30), (28, 29), (28, 28), (28, 27), (27, 27), (26, 27), (26, 26), (26, 25), (26, 24), (26, 23), (26, 22), (26, 21), (26, 20), (25, 20), (24, 20), (23, 20), (22, 20), (21, 20), (21, 19), (21, 18), (21, 17), (21, 16), (21, 15), (21, 14), (20, 14), (19, 14), (19, 13), (18, 13), (17, 13), (17, 14), (17, 15), (17, 16), (17, 17), (18, 17), (18, 18), (18, 17), (17, 17), (16, 17), (15, 17), (14, 17), (13, 17), (13, 16), (13, 15), (12, 15), (11, 15), (10, 15), (10, 16), (10, 17), (10, 18), (9, 18), (8, 18), (8, 17), (7, 17), (7, 18), (7, 19), (6, 19), (6, 20), (6, 21), (5, 21), (5, 22), (4, 22), (3, 22), (2, 22), (1, 22), (1, 23), (1, 24), (0, 24), (0, 25), (0, 25)]}, 157)