

CBSS-C STATS
starts:[369, 42, 8, 711, 257]
targets:[120, 604, 688, 794, 0, 709, 444, 868, 98, 600, 683, 368, 814, 653, 716, 936, 552, 870, 588, 352, 522, 364, 25, 745, 414, 403, 110, 616, 538, 321, 43, 259, 449, 462, 66, 780, 76, 647, 177, 519]
dests:[569, 156, 136, 162, 219]
ac_dict:{120: {0, 1}, 604: {1, 2}, 688: {2, 3}, 794: {3, 4}, 569: {0}, 156: {1}, 136: {2}, 162: {3}, 219: {4}}
clusters:[21 24  3 24 19 20 11  0  7 13 11 16 11 18  3  9  4  1  2 23 18 15 14 10
  8  5  6  6 10 23 22 10 14 17  9  0 20  6  5 12]

round: 1
best_g_value: 173.0
open_list_size: 0
num_low_level_expanded: 379
search_success: 1
search_time: 21.031983219999802
n_tsp_call: 1
n_tsp_time: 20.954939095999634
n_roots: 1
num_conflicts: 0
target_assignment: {368: 0, 403: 0, 600: 0, 259: 4, 364: 4, 462: 4, 588: 4, 653: 4, 716: 4, 780: 4, 794: 4, 444: 4, 414: 4, 870: 3, 647: 3, 552: 3, 519: 3, 449: 3, 321: 3, 0: 3, 66: 3, 98: 3, 43: 1, 76: 1, 120: 1}
cluster_target_selection: {16: 368, 5: 403, 13: 600, 10: 259, 15: 364, 17: 462, 2: 588, 18: 653, 3: 716, 0: 780, 24: 794, 11: 444, 8: 414, 1: 870, 6: 647, 4: 552, 12: 519, 14: 449, 23: 321, 19: 0, 9: 66, 7: 98, 22: 43, 20: 76, 21: 120}
num_nodes_transformed_graph: 198
agent_paths:({0: [(17, 11), (16, 11), (17, 11), (18, 11), (19, 11), (19, 12), (20, 12), (21, 12), (22, 12), (23, 12), (24, 12), (24, 13), (24, 14), (24, 15), (24, 16), (24, 17), (24, 18), (24, 17), (25, 17), (25, 17)], 1: [(10, 1), (11, 1), (12, 1), (12, 2), (13, 2), (14, 2), (14, 1), (15, 1), (16, 1), (17, 1), (18, 1), (19, 1), (20, 1), (20, 2), (21, 2), (22, 2), (23, 2), (24, 2), (24, 3), (25, 3), (26, 3), (27, 3), (28, 3), (28, 4), (28, 4)], 2: [(8, 0), (8, 1), (9, 1), (9, 2), (9, 3), (8, 3), (8, 4), (8, 4)], 3: [(7, 22), (7, 23), (7, 24), (7, 25), (6, 25), (6, 26), (6, 27), (6, 26), (6, 25), (7, 25), (7, 24), (7, 23), (7, 22), (7, 21), (7, 20), (7, 19), (7, 18), (7, 17), (8, 17), (7, 17), (7, 16), (6, 16), (5, 16), (4, 16), (3, 16), (2, 16), (1, 16), (1, 15), (1, 14), (1, 13), (1, 12), (1, 11), (1, 10), (1, 9), (1, 8), (1, 7), (1, 6), (1, 5), (1, 4), (1, 3), (0, 3), (0, 2), (0, 1), (0, 0), (1, 0), (2, 0), (2, 1), (2, 2), (2, 3), (2, 4), (2, 5), (2, 5)], 4: [(1, 8), (1, 7), (2, 7), (3, 7), (3, 8), (4, 8), (5, 8), (5, 9), (6, 9), (7, 9), (7, 10), (8, 10), (9, 10), (10, 10), (11, 10), (12, 10), (12, 11), (12, 12), (12, 13), (13, 13), (14, 13), (14, 14), (13, 14), (12, 14), (12, 15), (12, 16), (12, 17), (12, 18), (13, 18), (13, 19), (13, 20), (12, 20), (12, 21), (12, 22), (12, 23), (12, 24), (13, 24), (14, 24), (15, 24), (16, 24), (17, 24), (18, 24), (19, 24), (20, 24), (20, 25), (21, 25), (22, 25), (22, 24), (23, 24), (24, 24), (25, 24), (26, 24), (26, 23), (26, 22), (26, 21), (26, 20), (27, 20), (27, 19), (27, 18), (27, 17), (27, 16), (27, 15), (27, 14), (27, 13), (28, 13), (28, 12), (29, 12), (30, 12), (29, 12), (28, 12), (28, 11), (27, 11), (27, 10), (27, 9), (27, 8), (27, 7), (27, 6), (27, 6)]}, 76)