

CBSS-C STATS
starts:[347, 896, 1019, 808, 716]
targets:[458, 163, 353, 738, 913, 925, 357, 782, 754, 1002, 600, 68, 457, 440, 519, 281, 141, 663, 47, 629, 517, 503, 396, 813, 988, 990, 906, 409, 299, 325, 886, 692, 40, 174, 386, 238, 451, 98, 190, 356, 618, 497, 753, 136, 217, 340, 661, 64, 121, 106]
dests:[654, 165, 305, 367, 957]
ac_dict:{458: {0, 1}, 163: {1, 2}, 353: {2, 3}, 738: {3, 4}, 654: {0}, 165: {1}, 305: {2}, 367: {3}, 957: {4}}
clusters:[ 7 29 32 27  6  3 12 31  8  5  9 37  1 14 38  3 16 30  5 13 18 36 20  4
  6  2 25  2  4  7  8 19 35 21 23 26 15 34 10 11 24 17 33  0  0 28 39  9
 22  1]

round: 1
best_g_value: 226.0
open_list_size: 0
num_low_level_expanded: 510
search_success: 1
search_time: 23.74536949600042
n_tsp_call: 1
n_tsp_time: 23.620891578999363
n_roots: 1
num_conflicts: 0
target_assignment: {190: 0, 121: 0, 217: 0, 281: 0, 409: 0, 440: 0, 497: 0, 600: 2, 503: 2, 340: 2, 738: 3, 517: 3, 519: 3, 451: 3, 386: 3, 353: 3, 356: 3, 357: 3, 325: 3, 299: 3, 1002: 1, 906: 1, 618: 1, 396: 1, 238: 1, 174: 1, 141: 1, 106: 1, 40: 1, 68: 1, 98: 1, 163: 1, 782: 4, 753: 4, 754: 4, 692: 4, 629: 4, 661: 4, 663: 4, 988: 4}
cluster_target_selection: {10: 190, 22: 121, 0: 217, 3: 281, 2: 409, 14: 440, 17: 497, 9: 600, 36: 503, 28: 340, 27: 738, 18: 517, 38: 519, 15: 451, 23: 386, 32: 353, 11: 356, 12: 357, 7: 325, 4: 299, 5: 1002, 25: 906, 24: 618, 20: 396, 26: 238, 21: 174, 16: 141, 1: 106, 35: 40, 37: 68, 34: 98, 29: 163, 31: 782, 33: 753, 8: 754, 19: 692, 13: 629, 39: 661, 30: 663, 6: 988}
num_nodes_transformed_graph: 248
agent_paths:({0: [(27, 10), (27, 9), (27, 8), (27, 7), (27, 6), (27, 5), (28, 5), (29, 5), (30, 5), (29, 5), (28, 5), (27, 5), (26, 5), (25, 5), (25, 4), (25, 3), (25, 4), (25, 5), (25, 6), (25, 7), (25, 8), (25, 9), (25, 10), (25, 11), (25, 12), (24, 12), (24, 13), (23, 13), (22, 13), (21, 13), (20, 13), (19, 13), (18, 13), (17, 13), (17, 14), (17, 15), (16, 15), (16, 16), (15, 16), (14, 16), (14, 17), (14, 18), (14, 19), (14, 20), (14, 20)], 1: [(0, 28), (1, 28), (2, 28), (2, 29), (3, 29), (4, 29), (5, 29), (6, 29), (7, 29), (8, 29), (8, 30), (9, 30), (10, 30), (10, 31), (10, 30), (10, 29), (10, 28), (10, 27), (10, 26), (10, 25), (10, 24), (10, 23), (10, 22), (10, 21), (10, 20), (10, 19), (10, 18), (10, 17), (10, 16), (10, 15), (10, 14), (11, 14), (12, 14), (12, 13), (12, 12), (12, 11), (12, 10), (13, 10), (13, 9), (13, 8), (13, 7), (14, 7), (14, 6), (14, 5), (13, 5), (13, 4), (12, 4), (11, 4), (10, 4), (10, 3), (9, 3), (9, 2), (9, 1), (8, 1), (7, 1), (6, 1), (5, 1), (4, 1), (4, 2), (3, 2), (2, 2), (2, 3), (3, 3), (3, 4), (3, 5), (4, 5), (5, 5), (5, 5)], 2: [(27, 31), (26, 31), (25, 31), (24, 31), (24, 30), (24, 29), (24, 28), (24, 27), (24, 26), (24, 25), (24, 24), (24, 23), (24, 22), (24, 21), (24, 20), (24, 19), (24, 18), (23, 18), (23, 17), (23, 16), (23, 15), (22, 15), (21, 15), (21, 14), (21, 13), (21, 12), (21, 11), (21, 10), (20, 10), (19, 10), (18, 10), (18, 9), (17, 9), (17, 9)], 3: [(8, 25), (7, 25), (6, 25), (5, 25), (4, 25), (3, 25), (2, 25), (2, 24), (2, 23), (2, 22), (2, 21), (2, 20), (2, 19), (2, 18), (2, 17), (2, 16), (3, 16), (4, 16), (5, 16), (6, 16), (7, 16), (6, 16), (5, 16), (4, 16), (3, 16), (3, 15), (3, 14), (2, 14), (2, 13), (2, 12), (1, 12), (1, 11), (2, 11), (3, 11), (4, 11), (5, 11), (5, 10), (6, 10), (7, 10), (8, 10), (9, 10), (9, 9), (10, 9), (11, 9), (11, 10), (12, 10), (13, 10), (14, 10), (15, 10), (15, 11), (15, 11)], 4: [(12, 22), (13, 22), (13, 23), (14, 23), (14, 24), (14, 23), (15, 23), (16, 23), (17, 23), (18, 23), (18, 22), (18, 21), (19, 21), (20, 21), (20, 20), (20, 19), (21, 19), (21, 20), (22, 20), (23, 20), (24, 20), (25, 20), (26, 20), (27, 20), (27, 21), (27, 22), (27, 23), (27, 24), (27, 25), (27, 26), (27, 27), (28, 27), (28, 28), (28, 29), (28, 30), (28, 29), (29, 29), (29, 29)]}, 66)