

CBSS-C STATS
starts:[87, 804, 733, 925, 116, 868, 609, 174, 731, 990]
targets:[1012, 1003, 822, 673, 19, 605, 951, 123, 392, 989, 631, 922, 328, 589, 988]
dests:[356, 945, 493, 671, 592, 1022, 173, 732, 306, 443]
ac_dict:{1012: {0, 1}, 1003: {1, 2}, 822: {2, 3}, 673: {3, 4}, 19: {4, 5}, 605: {5, 6}, 951: {6, 7}, 123: {8, 7}, 392: {8, 9}, 356: {0}, 945: {1}, 493: {2}, 671: {3}, 592: {4}, 1022: {5}, 173: {6}, 732: {7}, 306: {8}, 443: {9}}
clusters:[2 6 4 7 3 6 5 4 9 0 1 9 4 7 8]

round: 1
best_g_value: 256.0
open_list_size: 0
num_low_level_expanded: 822
search_success: 1
search_time: 0.5323367370292544
n_tsp_call: 1
n_tsp_time: 0.4918275927193463
n_roots: 1
num_conflicts: 0
target_assignment: {631: 2, 589: 2, 1003: 1, 1012: 1, 328: 6, 988: 9, 19: 4, 951: 7, 922: 7, 989: 5}
cluster_target_selection: {1: 631, 7: 589, 6: 1003, 2: 1012, 4: 328, 8: 988, 3: 19, 5: 951, 9: 922, 0: 989}
num_nodes_transformed_graph: 59
agent_paths:({0: [(23, 2), (22, 2), (21, 2), (20, 2), (20, 3), (19, 3), (18, 3), (17, 3), (16, 3), (16, 4), (16, 5), (15, 5), (14, 5), (13, 5), (12, 5), (11, 5), (10, 5), (10, 6), (9, 6), (8, 6), (7, 6), (7, 7), (6, 7), (5, 7), (4, 7), (4, 8), (4, 9), (4, 10), (4, 11), (4, 11)], 1: [(4, 25), (5, 25), (6, 25), (7, 25), (8, 25), (9, 25), (10, 25), (11, 25), (11, 26), (11, 27), (11, 28), (11, 29), (11, 30), (11, 31), (12, 31), (13, 31), (14, 31), (15, 31), (16, 31), (17, 31), (18, 31), (19, 31), (20, 31), (19, 31), (18, 31), (17, 31), (17, 30), (17, 29), (17, 29)], 2: [(29, 22), (28, 22), (27, 22), (26, 22), (26, 21), (25, 21), (24, 21), (23, 21), (23, 20), (23, 19), (22, 19), (21, 19), (20, 19), (19, 19), (18, 19), (17, 19), (16, 19), (15, 19), (14, 19), (13, 19), (13, 18), (13, 17), (13, 16), (13, 15), (13, 15)], 3: [(29, 28), (29, 27), (29, 26), (29, 25), (29, 24), (29, 23), (29, 22), (29, 21), (29, 20), (30, 20), (31, 20), (31, 20)], 4: [(20, 3), (20, 2), (20, 1), (19, 1), (19, 0), (19, 1), (18, 1), (17, 1), (16, 1), (16, 2), (16, 3), (16, 4), (16, 5), (16, 6), (16, 7), (16, 8), (16, 9), (16, 10), (16, 11), (16, 12), (16, 13), (16, 14), (16, 15), (16, 16), (16, 17), (16, 18), (16, 18)], 5: [(4, 27), (5, 27), (6, 27), (6, 28), (7, 28), (8, 28), (9, 28), (10, 28), (11, 28), (12, 28), (13, 28), (14, 28), (15, 28), (16, 28), (17, 28), (18, 28), (19, 28), (20, 28), (20, 29), (21, 29), (21, 30), (22, 30), (23, 30), (24, 30), (25, 30), (26, 30), (27, 30), (28, 30), (29, 30), (30, 30), (30, 31), (30, 31)], 6: [(1, 19), (2, 19), (2, 18), (2, 17), (2, 16), (2, 15), (2, 14), (2, 13), (2, 12), (2, 11), (2, 10), (3, 10), (4, 10), (5, 10), (6, 10), (7, 10), (8, 10), (9, 10), (9, 9), (9, 8), (9, 7), (9, 6), (10, 6), (10, 5), (11, 5), (12, 5), (13, 5), (13, 5)], 7: [(14, 5), (15, 5), (16, 5), (17, 5), (18, 5), (19, 5), (19, 6), (20, 6), (21, 6), (21, 7), (21, 8), (21, 9), (21, 10), (21, 11), (21, 12), (21, 13), (21, 14), (21, 15), (21, 16), (21, 17), (21, 18), (21, 19), (21, 20), (21, 21), (21, 22), (21, 23), (22, 23), (22, 24), (23, 24), (23, 25), (23, 26), (23, 27), (23, 28), (23, 29), (23, 28), (24, 28), (25, 28), (26, 28), (26, 27), (26, 26), (26, 25), (26, 24), (26, 23), (26, 22), (27, 22), (28, 22), (28, 22)], 8: [(27, 22), (26, 22), (26, 21), (25, 21), (24, 21), (23, 21), (22, 21), (21, 21), (20, 21), (19, 21), (19, 20), (19, 19), (19, 18), (19, 17), (19, 16), (19, 15), (18, 15), (18, 14), (18, 13), (18, 12), (18, 11), (18, 10), (18, 9), (18, 9)], 9: [(30, 30), (29, 30), (28, 30), (27, 30), (27, 29), (27, 28), (27, 27), (27, 26), (27, 25), (27, 24), (27, 23), (27, 22), (27, 21), (27, 20), (27, 19), (27, 18), (27, 17), (27, 16), (27, 15), (27, 14), (27, 13), (27, 13)]}, 45)