

CBSS-C STATS
starts:[96, 758, 680, 74, 640]
targets:[393, 230, 909, 760, 627, 763, 249, 596, 612, 308, 810, 3, 733, 15, 210, 32, 923, 710, 59, 227, 174, 409, 926, 250, 287, 418, 954, 338, 547, 64, 775, 477, 339, 716, 1010, 0, 165, 149, 955, 737, 429, 884, 223, 996, 162, 585, 628, 139, 740, 574]
dests:[183, 978, 366, 240, 100]
ac_dict:{393: {0, 1}, 230: {1, 2}, 909: {2, 3}, 760: {3, 4}, 183: {0}, 978: {1}, 366: {2}, 240: {3}, 100: {4}}
clusters:[31  2 18 24  7  6 37 22 11  5 21  9 34 32  1 39 29 38 36  0  3 12 14 26
  4 30  3 33 25  8 35  6  0 28 20 13 19  8 27  1 15 23  5  9 16  7  2 10
  4 17]

round: 1
best_g_value: 248.0
open_list_size: 0
num_low_level_expanded: 498
search_success: 1
search_time: 9.255758744000559
n_tsp_call: 1
n_tsp_time: 9.186314578999372
n_roots: 1
num_conflicts: 0
target_assignment: {64: 0, 32: 0, 0: 0, 3: 0, 165: 0, 393: 0, 338: 0, 308: 0, 409: 0, 249: 0, 250: 0, 59: 0, 775: 2, 810: 2, 909: 2, 429: 2, 139: 3, 15: 3, 737: 4, 740: 4, 710: 4, 716: 4, 760: 4, 596: 4, 628: 4, 627: 4, 612: 4, 547: 4, 418: 4, 227: 4, 162: 4, 763: 1, 733: 1, 574: 1, 926: 1, 923: 1, 955: 1, 954: 1, 884: 1, 1010: 1}
cluster_target_selection: {8: 64, 39: 32, 13: 0, 9: 3, 19: 165, 31: 393, 33: 338, 5: 308, 12: 409, 37: 249, 26: 250, 36: 59, 35: 775, 21: 810, 18: 909, 15: 429, 10: 139, 32: 15, 1: 737, 4: 740, 38: 710, 28: 716, 24: 760, 22: 596, 2: 628, 7: 627, 11: 612, 25: 547, 30: 418, 0: 227, 16: 162, 6: 763, 34: 733, 17: 574, 14: 926, 29: 923, 27: 955, 3: 954, 23: 884, 20: 1010}
num_nodes_transformed_graph: 129
agent_paths:({0: [(0, 3), (0, 2), (0, 1), (0, 0), (1, 0), (2, 0), (3, 0), (4, 0), (5, 0), (5, 1), (5, 2), (5, 3), (5, 4), (5, 5), (6, 5), (7, 5), (8, 5), (8, 6), (9, 6), (9, 7), (9, 8), (9, 9), (9, 10), (9, 11), (9, 12), (9, 11), (9, 10), (10, 10), (11, 10), (12, 10), (13, 10), (14, 10), (15, 10), (16, 10), (16, 9), (17, 9), (18, 9), (18, 10), (18, 9), (19, 9), (20, 9), (21, 9), (22, 9), (23, 9), (24, 9), (25, 9), (25, 10), (25, 11), (25, 12), (25, 11), (25, 10), (25, 9), (25, 8), (25, 7), (26, 7), (26, 6), (26, 5), (26, 4), (26, 3), (27, 3), (27, 2), (27, 1), (27, 2), (27, 3), (26, 3), (25, 3), (24, 3), (23, 3), (23, 4), (23, 5), (23, 5)], 1: [(22, 23), (22, 24), (23, 24), (24, 24), (25, 24), (26, 24), (26, 23), (27, 23), (27, 22), (28, 22), (29, 22), (29, 21), (29, 20), (29, 19), (29, 18), (29, 17), (30, 17), (30, 18), (30, 19), (30, 20), (29, 20), (29, 21), (29, 22), (30, 22), (30, 23), (30, 24), (30, 25), (30, 26), (30, 27), (30, 28), (29, 28), (28, 28), (27, 28), (27, 29), (26, 29), (25, 29), (24, 29), (23, 29), (23, 28), (23, 27), (22, 27), (21, 27), (20, 27), (19, 27), (18, 27), (18, 28), (18, 29), (18, 30), (18, 31), (18, 30), (18, 30)], 2: [(8, 21), (7, 21), (7, 22), (7, 23), (7, 24), (8, 24), (9, 24), (10, 24), (10, 25), (11, 25), (12, 25), (13, 25), (13, 26), (13, 27), (13, 28), (13, 27), (13, 26), (13, 25), (13, 24), (13, 23), (13, 22), (13, 21), (13, 20), (13, 19), (13, 18), (13, 17), (13, 16), (13, 15), (13, 14), (13, 13), (14, 13), (14, 12), (14, 11), (14, 11)], 3: [(10, 2), (11, 2), (11, 3), (11, 4), (11, 3), (11, 2), (11, 1), (11, 0), (12, 0), (13, 0), (14, 0), (15, 0), (16, 0), (16, 1), (16, 2), (16, 3), (16, 4), (16, 5), (16, 6), (16, 7), (16, 7)], 4: [(0, 20), (1, 20), (1, 21), (1, 22), (1, 23), (2, 23), (3, 23), (4, 23), (4, 22), (5, 22), (6, 22), (7, 22), (8, 22), (9, 22), (10, 22), (11, 22), (12, 22), (13, 22), (13, 21), (14, 21), (15, 21), (16, 21), (17, 21), (18, 21), (19, 21), (20, 21), (21, 21), (22, 21), (23, 21), (24, 21), (24, 22), (24, 23), (24, 22), (23, 22), (23, 21), (22, 21), (21, 21), (20, 21), (20, 20), (20, 19), (20, 18), (20, 19), (19, 19), (18, 19), (17, 19), (16, 19), (15, 19), (14, 19), (13, 19), (12, 19), (11, 19), (10, 19), (9, 19), (8, 19), (7, 19), (6, 19), (5, 19), (4, 19), (4, 18), (3, 18), (3, 17), (2, 17), (2, 16), (2, 15), (2, 14), (2, 13), (2, 12), (2, 11), (2, 10), (2, 9), (3, 9), (3, 8), (3, 7), (2, 7), (2, 6), (2, 5), (2, 4), (2, 3), (3, 3), (4, 3), (4, 3)]}, 79)