

CBSS-C STATS
starts:[594, 387, 829, 737, 461]
targets:[340, 290, 613, 799, 905, 482, 246, 564, 478, 590, 770, 441, 237, 76, 961, 159, 864, 979, 762, 578, 293, 32, 170, 171, 628, 28, 551, 168, 78, 898, 51, 61, 487, 612, 885, 710, 549, 721, 449, 783, 50, 438, 986, 117, 144, 442, 147, 900, 341, 882]
dests:[749, 127, 534, 681, 250]
ac_dict:{340: {0, 1}, 290: {1, 2}, 613: {2, 3}, 799: {3, 4}, 749: {0}, 127: {1}, 534: {2}, 681: {3}, 250: {4}}
clusters:[ 0  2  8  6  3 10 27 23 14 20 11 18  8 15 18 10  4  2  7 28 17 16  4  3
  9 29 22 26  5 24 21  6 13 17  1 19 19 11 15  7  9 13 14 16  0  1  5 12
 25 12]

round: 1
best_g_value: 161.0
open_list_size: 0
num_low_level_expanded: 334
search_success: 1
search_time: 3.72185673399963
n_tsp_call: 1
n_tsp_time: 3.664760452000337
n_roots: 1
num_conflicts: 0
target_assignment: {564: 0, 590: 0, 783: 0, 478: 2, 442: 2, 441: 2, 438: 2, 900: 3, 898: 3, 770: 3, 578: 3, 613: 3, 549: 3, 551: 3, 341: 4, 246: 4, 290: 1, 293: 1, 168: 1, 170: 1, 171: 1, 76: 1, 78: 1, 144: 1, 50: 1, 51: 1, 117: 1, 28: 1, 61: 1, 159: 1}
cluster_target_selection: {23: 564, 20: 590, 7: 783, 14: 478, 1: 442, 18: 441, 13: 438, 12: 900, 24: 898, 11: 770, 28: 578, 8: 613, 19: 549, 22: 551, 25: 341, 27: 246, 2: 290, 17: 293, 26: 168, 4: 170, 3: 171, 15: 76, 5: 78, 0: 144, 9: 50, 21: 51, 16: 117, 29: 28, 6: 61, 10: 159}
num_nodes_transformed_graph: 124
agent_paths:({0: [(18, 18), (18, 17), (19, 17), (20, 17), (19, 17), (18, 17), (17, 17), (16, 17), (15, 17), (14, 17), (14, 18), (14, 19), (15, 19), (15, 20), (15, 21), (15, 22), (15, 23), (15, 24), (14, 24), (13, 24), (13, 23), (13, 23)], 1: [(3, 12), (2, 12), (2, 11), (2, 10), (2, 9), (3, 9), (4, 9), (5, 9), (5, 8), (5, 7), (5, 6), (5, 5), (6, 5), (7, 5), (8, 5), (8, 4), (9, 4), (10, 4), (10, 5), (11, 5), (11, 4), (11, 3), (11, 2), (12, 2), (13, 2), (14, 2), (14, 3), (14, 4), (14, 5), (15, 5), (16, 5), (16, 4), (16, 3), (16, 2), (16, 1), (17, 1), (18, 1), (19, 1), (20, 1), (20, 2), (21, 2), (21, 3), (22, 3), (23, 3), (24, 3), (25, 3), (26, 3), (27, 3), (27, 2), (27, 1), (27, 0), (28, 0), (29, 0), (29, 1), (30, 1), (30, 2), (31, 2), (31, 3), (31, 4), (31, 3), (31, 3)], 2: [(29, 25), (29, 24), (29, 23), (29, 22), (29, 21), (29, 20), (29, 19), (29, 18), (29, 17), (29, 16), (29, 15), (29, 14), (30, 14), (29, 14), (28, 14), (27, 14), (26, 14), (26, 13), (25, 13), (24, 13), (23, 13), (22, 13), (22, 14), (22, 15), (22, 16), (22, 16)], 3: [(1, 23), (2, 23), (3, 23), (4, 23), (4, 24), (4, 25), (4, 26), (4, 27), (4, 28), (4, 27), (3, 27), (2, 27), (2, 28), (2, 27), (2, 26), (2, 25), (2, 24), (2, 23), (2, 22), (2, 21), (2, 20), (2, 19), (2, 18), (3, 18), (4, 18), (5, 18), (5, 19), (5, 18), (5, 17), (6, 17), (7, 17), (8, 17), (9, 17), (9, 18), (9, 19), (9, 20), (9, 21), (9, 21)], 4: [(13, 14), (13, 13), (14, 13), (14, 12), (14, 11), (15, 11), (16, 11), (17, 11), (18, 11), (18, 10), (19, 10), (20, 10), (21, 10), (21, 9), (21, 8), (21, 7), (22, 7), (22, 6), (23, 6), (24, 6), (25, 6), (26, 6), (26, 7), (26, 7)]}, 59)