

CBSS-C STATS
starts:[30, 116, 451, 662, 792]
targets:[289, 798, 707, 130, 205, 157, 830, 990, 454, 356, 339, 322, 910, 277, 849, 197, 507, 84, 907, 710]
dests:[652, 852, 606, 517, 750]
ac_dict:{289: {0, 1}, 798: {1, 2}, 707: {2, 3}, 130: {3, 4}, 652: {0}, 852: {1}, 606: {2}, 517: {3}, 750: {4}}
clusters:[7 2 9 0 2 9 2 1 3 6 4 0 8 7 4 5 1 6 0 2]

round: 1
best_g_value: 162.0
open_list_size: 0
num_low_level_expanded: 396
search_success: 1
search_time: 2.158976387232542
n_tsp_call: 1
n_tsp_time: 2.1282699331641197
n_roots: 1
num_conflicts: 0
target_assignment: {157: 0, 507: 0, 277: 1, 339: 1, 710: 3, 322: 2, 197: 2, 356: 2, 454: 2, 910: 4}
cluster_target_selection: {9: 157, 1: 507, 7: 277, 4: 339, 2: 710, 0: 322, 5: 197, 6: 356, 3: 454, 8: 910}
num_nodes_transformed_graph: 98
agent_paths:({0: [(30, 0), (30, 1), (30, 2), (30, 3), (30, 4), (29, 4), (28, 4), (28, 5), (28, 6), (28, 7), (28, 8), (28, 9), (28, 10), (28, 11), (28, 12), (28, 13), (27, 13), (27, 14), (27, 15), (26, 15), (25, 15), (24, 15), (23, 15), (22, 15), (21, 15), (21, 16), (20, 16), (19, 16), (19, 17), (18, 17), (17, 17), (16, 17), (15, 17), (14, 17), (13, 17), (12, 17), (12, 18), (12, 19), (12, 20), (12, 20)], 1: [(20, 3), (21, 3), (21, 4), (21, 5), (21, 6), (21, 7), (21, 8), (20, 8), (20, 9), (19, 9), (19, 10), (19, 11), (19, 12), (19, 13), (19, 14), (19, 15), (19, 16), (19, 17), (19, 18), (19, 19), (19, 20), (19, 21), (19, 22), (19, 23), (19, 24), (20, 24), (20, 25), (20, 26), (20, 26)], 2: [(3, 14), (2, 14), (2, 13), (2, 12), (2, 11), (2, 10), (2, 9), (3, 9), (3, 8), (3, 7), (4, 7), (5, 7), (5, 6), (5, 7), (4, 7), (4, 8), (4, 9), (4, 10), (4, 11), (5, 11), (6, 11), (6, 12), (6, 13), (6, 14), (6, 15), (7, 15), (7, 16), (8, 16), (9, 16), (10, 16), (11, 16), (12, 16), (13, 16), (14, 16), (15, 16), (16, 16), (17, 16), (17, 17), (18, 17), (19, 17), (20, 17), (21, 17), (22, 17), (23, 17), (24, 17), (25, 17), (26, 17), (27, 17), (27, 18), (28, 18), (29, 18), (30, 18), (30, 18)], 3: [(22, 20), (21, 20), (20, 20), (19, 20), (18, 20), (17, 20), (16, 20), (15, 20), (14, 20), (13, 20), (12, 20), (11, 20), (10, 20), (9, 20), (8, 20), (7, 20), (6, 20), (6, 21), (6, 22), (5, 22), (5, 21), (5, 20), (5, 19), (5, 18), (5, 17), (5, 16), (5, 16)], 4: [(24, 24), (23, 24), (22, 24), (22, 25), (21, 25), (20, 25), (19, 25), (18, 25), (17, 25), (16, 25), (15, 25), (15, 26), (15, 27), (14, 27), (14, 28), (14, 27), (13, 27), (13, 26), (13, 25), (13, 24), (13, 23), (14, 23), (14, 23)]}, 51)