

CBSS-C STATS
starts:[121, 363, 740, 209, 449]
targets:[127, 140, 330, 934, 141, 435, 170, 1017, 719, 106, 222, 566, 563, 81, 460, 219, 912, 647, 994, 430]
dests:[765, 31, 1002, 660, 965]
ac_dict:{127: {0, 1}, 140: {1, 2}, 330: {2, 3}, 934: {3, 4}, 765: {0}, 31: {1}, 1002: {2}, 660: {3}, 965: {4}}
clusters:[2 5 9 0 3 5 5 3 2 7 5 1 2 2 8 4 6 3 9 0]

round: 1
best_g_value: 142.0
open_list_size: 0
num_low_level_expanded: 369
search_success: 1
search_time: 1.508624569978565
n_tsp_call: 1
n_tsp_time: 1.4825277589261532
n_roots: 1
num_conflicts: 0
target_assignment: {219: 0, 994: 4, 106: 1, 140: 1, 141: 1, 912: 2, 430: 3, 460: 3, 563: 3, 566: 3}
cluster_target_selection: {4: 219, 9: 994, 7: 106, 5: 140, 3: 141, 6: 912, 0: 430, 8: 460, 2: 563, 1: 566}
num_nodes_transformed_graph: 98
agent_paths:({0: [(25, 3), (26, 3), (27, 3), (27, 4), (27, 5), (27, 6), (28, 6), (29, 6), (29, 7), (29, 8), (29, 9), (29, 10), (29, 11), (29, 12), (29, 13), (29, 14), (29, 15), (29, 16), (29, 17), (29, 18), (29, 19), (29, 20), (29, 21), (29, 22), (29, 23), (29, 23)], 1: [(11, 11), (10, 11), (10, 10), (10, 9), (10, 8), (10, 7), (10, 6), (10, 5), (10, 4), (10, 3), (11, 3), (12, 3), (12, 4), (13, 4), (14, 4), (14, 5), (15, 5), (16, 5), (16, 4), (16, 3), (17, 3), (18, 3), (19, 3), (20, 3), (21, 3), (22, 3), (23, 3), (24, 3), (25, 3), (26, 3), (27, 3), (27, 2), (27, 1), (27, 0), (28, 0), (29, 0), (30, 0), (31, 0), (31, 0)], 2: [(4, 23), (5, 23), (6, 23), (7, 23), (8, 23), (9, 23), (10, 23), (11, 23), (12, 23), (13, 23), (14, 23), (15, 23), (16, 23), (16, 24), (16, 25), (16, 26), (16, 27), (16, 28), (15, 28), (14, 28), (13, 28), (12, 28), (11, 28), (10, 28), (10, 29), (10, 30), (10, 31), (10, 31)], 3: [(17, 6), (16, 6), (16, 7), (16, 8), (16, 9), (15, 9), (14, 9), (14, 10), (14, 11), (14, 12), (14, 13), (13, 13), (12, 13), (12, 14), (13, 14), (14, 14), (15, 14), (16, 14), (17, 14), (18, 14), (19, 14), (19, 15), (19, 16), (19, 17), (20, 17), (21, 17), (22, 17), (21, 17), (20, 17), (20, 18), (20, 19), (20, 20), (20, 20)], 4: [(1, 14), (2, 14), (2, 15), (2, 16), (2, 17), (2, 18), (2, 19), (2, 20), (2, 21), (2, 22), (2, 23), (2, 24), (2, 25), (2, 26), (2, 27), (2, 28), (2, 29), (2, 30), (2, 31), (2, 30), (3, 30), (3, 29), (4, 29), (5, 29), (5, 30), (5, 30)]}, 37)