

CBSS-C STATS
starts:[486, 309, 637, 328, 567]
targets:[820, 286, 110, 680, 120, 183, 74, 264, 459, 4]
dests:[844, 536, 632, 489, 228]
ac_dict:{820: {0, 1}, 286: {1, 2}, 110: {2, 3}, 680: {3, 4}, 844: {0}, 536: {1}, 632: {2}, 489: {3}, 228: {4}}
clusters:[3 0 3 1 0 3 2 2 2 4]

round: 1
best_g_value: 111.0
open_list_size: 0
num_low_level_expanded: 322
search_success: 1
search_time: 0.0879459478892386
n_tsp_call: 1
n_tsp_time: 0.07315619941800833
n_roots: 1
num_conflicts: 0
target_assignment: {459: 3, 183: 1, 120: 1, 680: 4, 4: 4}
cluster_target_selection: {2: 459, 3: 183, 0: 120, 1: 680, 4: 4}
num_nodes_transformed_graph: 29
agent_paths:({0: [(6, 15), (7, 15), (7, 16), (8, 16), (9, 16), (10, 16), (11, 16), (12, 16), (12, 17), (12, 18), (12, 19), (12, 20), (12, 21), (12, 22), (12, 23), (12, 24), (12, 25), (12, 26), (12, 26)], 1: [(21, 9), (21, 8), (21, 7), (21, 6), (22, 6), (23, 6), (23, 5), (23, 4), (23, 3), (24, 3), (25, 3), (25, 4), (25, 5), (25, 6), (25, 7), (25, 8), (24, 8), (24, 9), (24, 10), (24, 11), (24, 12), (24, 13), (24, 14), (24, 15), (24, 16), (24, 16)], 2: [(29, 19), (29, 18), (28, 18), (27, 18), (26, 18), (25, 18), (24, 18), (24, 19), (24, 19)], 3: [(8, 10), (9, 10), (10, 10), (10, 11), (10, 12), (10, 13), (10, 14), (11, 14), (10, 14), (9, 14), (9, 15), (9, 15)], 4: [(23, 17), (22, 17), (21, 17), (20, 17), (19, 17), (18, 17), (17, 17), (16, 17), (15, 17), (14, 17), (13, 17), (12, 17), (11, 17), (10, 17), (9, 17), (8, 17), (8, 18), (8, 19), (8, 20), (8, 21), (7, 21), (7, 20), (7, 19), (7, 18), (7, 17), (6, 17), (6, 16), (6, 15), (6, 14), (6, 13), (6, 12), (6, 11), (5, 11), (5, 10), (5, 9), (5, 8), (5, 7), (5, 6), (5, 5), (4, 5), (4, 4), (4, 3), (4, 2), (4, 1), (4, 0), (4, 1), (4, 2), (4, 3), (4, 4), (4, 5), (3, 5), (3, 6), (3, 7), (4, 7), (4, 7)]}, 53)