

CBSS-C STATS
starts:[208, 752]
targets:[25, 868, 806, 116, 819, 195, 356, 1018, 820, 970, 400, 132, 366, 162, 969, 371, 206, 990, 60, 569, 479, 962, 485, 44, 874, 741, 662, 221, 101, 363, 573, 856, 252, 166, 492, 68, 840, 777, 838, 930, 596, 957, 165, 73, 795, 121, 341, 902, 54, 607, 499, 843, 1000, 935, 468, 418, 392, 539, 126, 350, 938, 818, 261, 502, 630, 997, 218, 22, 628, 670, 578, 908, 237, 979, 769, 312, 451, 100, 933, 807, 332, 146, 92, 37, 542, 782, 42, 283, 31, 344, 834, 574, 77, 959, 890, 664, 639, 11, 753, 811]
dests:[653, 1]
ac_dict:{25: {0, 1}, 653: {0}, 1: {1}}
clusters:[16  4 32 39  0 32 18 13 10 29  2 35 33 17 27 19 22 16 18  7  3 39  6 38
  1  0  4 16 24 33 29 39  5 23 16 37 15  0 13 30 34 13 11 37 30  7 15 35
 20 18 27 31 28  9 13 19 16 36 28 18 29 12 27 25  3 27 31  1 35 24  7 26
 10  3 33 18 14  1 38 15 24 11 12 16 32 16 19 31 26  3 20  8 23 30 10  7
  5 19 21 20]

round: 1
best_g_value: 419.0
open_list_size: 0
num_low_level_expanded: 269
search_success: 1
search_time: 44.03178786100034
n_tsp_call: 1
n_tsp_time: 43.86437860799924
n_roots: 1
num_conflicts: 0
target_assignment: {206: 0, 237: 0, 366: 0, 400: 0, 502: 0, 539: 0, 574: 0, 607: 0, 639: 0, 664: 0, 630: 0, 596: 0, 628: 0, 753: 1, 818: 1, 811: 1, 843: 1, 908: 1, 938: 1, 969: 1, 1000: 1, 935: 1, 933: 1, 930: 1, 962: 1, 868: 1, 838: 1, 806: 1, 807: 1, 741: 1, 485: 1, 451: 1, 418: 1, 162: 1, 165: 1, 166: 1, 101: 1, 100: 1, 68: 1, 37: 1}
cluster_target_selection: {22: 206, 10: 237, 33: 366, 2: 400, 25: 502, 36: 539, 8: 574, 18: 607, 5: 639, 7: 664, 3: 630, 34: 596, 35: 628, 21: 753, 12: 818, 20: 811, 31: 843, 26: 908, 29: 938, 27: 969, 28: 1000, 9: 935, 38: 933, 30: 930, 39: 962, 4: 868, 13: 838, 32: 806, 15: 807, 0: 741, 6: 485, 14: 451, 19: 418, 17: 162, 11: 165, 23: 166, 24: 101, 1: 100, 37: 68, 16: 37}
num_nodes_transformed_graph: 204
agent_paths:({0: [(16, 6), (15, 6), (14, 6), (13, 6), (13, 7), (13, 8), (13, 9), (14, 9), (14, 10), (14, 11), (15, 11), (16, 11), (16, 12), (17, 12), (18, 12), (19, 12), (20, 12), (21, 12), (22, 12), (22, 13), (22, 14), (22, 15), (23, 15), (24, 15), (25, 15), (26, 15), (27, 15), (27, 16), (28, 16), (29, 16), (30, 16), (30, 17), (31, 17), (31, 18), (31, 19), (30, 19), (29, 19), (29, 20), (28, 20), (27, 20), (26, 20), (25, 20), (24, 20), (23, 20), (22, 20), (22, 19), (21, 19), (20, 19), (20, 18), (20, 19), (19, 19), (18, 19), (17, 19), (16, 19), (15, 19), (14, 19), (13, 19), (13, 20), (13, 20)], 1: [(16, 23), (17, 23), (18, 23), (18, 24), (18, 25), (17, 25), (16, 25), (15, 25), (14, 25), (13, 25), (12, 25), (11, 25), (11, 26), (12, 26), (12, 27), (12, 28), (11, 28), (10, 28), (10, 29), (10, 30), (9, 30), (8, 30), (8, 31), (7, 31), (7, 30), (7, 29), (6, 29), (5, 29), (4, 29), (3, 29), (2, 29), (2, 30), (2, 29), (2, 28), (2, 27), (3, 27), (4, 27), (4, 26), (5, 26), (6, 26), (6, 25), (7, 25), (7, 24), (7, 23), (6, 23), (5, 23), (5, 22), (5, 21), (5, 20), (5, 19), (5, 18), (5, 17), (5, 16), (5, 15), (4, 15), (3, 15), (3, 14), (2, 14), (2, 13), (2, 12), (2, 11), (2, 10), (2, 9), (1, 9), (1, 8), (1, 7), (1, 6), (1, 5), (2, 5), (3, 5), (4, 5), (5, 5), (6, 5), (5, 5), (5, 4), (5, 3), (4, 3), (4, 2), (4, 1), (5, 1), (4, 1), (3, 1), (2, 1), (1, 1), (1, 0), (1, 0)]}, 84)