

CBSS-C STATS
starts:[224, 891, 344, 843, 855, 312, 190, 301, 873, 810]
targets:[340, 471, 356, 780, 768, 695, 755, 522, 493, 623]
dests:[165, 240, 99, 132, 246, 69, 590, 86, 547, 468]
ac_dict:{340: {0, 1}, 471: {1, 2}, 356: {2, 3}, 780: {3, 4}, 768: {4, 5}, 695: {5, 6}, 755: {6, 7}, 522: {8, 7}, 493: {8, 9}, 165: {0}, 240: {1}, 99: {2}, 132: {3}, 246: {4}, 69: {5}, 590: {6}, 86: {7}, 547: {8}, 468: {9}}
clusters:[1 0 3 4 4 3 2 1 0 1]

round: 5
best_g_value: 237.0
open_list_size: 4
num_low_level_expanded: 2160
search_success: 1
search_time: 0.1635535010136664
n_tsp_call: 1
n_tsp_time: 0.10998944006860256
n_roots: 1
num_conflicts: 4
target_assignment: {695: 6, 755: 6, 471: 1, 340: 1, 780: 3}
cluster_target_selection: {3: 695, 2: 755, 0: 471, 1: 340, 4: 780}
num_nodes_transformed_graph: 34
agent_paths:({0: [(0, 7), (1, 7), (1, 6), (1, 5), (2, 5), (3, 5), (4, 5), (5, 5), (5, 5)], 1: [(27, 27), (26, 27), (25, 27), (24, 27), (24, 26), (24, 25), (24, 24), (24, 23), (24, 22), (24, 21), (24, 20), (24, 19), (24, 18), (24, 17), (24, 16), (24, 15), (24, 14), (23, 14), (22, 14), (21, 14), (21, 13), (21, 12), (21, 11), (21, 10), (20, 10), (19, 10), (18, 10), (18, 9), (17, 9), (16, 9), (16, 8), (16, 7), (16, 7)], 2: [(24, 10), (23, 10), (22, 10), (21, 10), (20, 10), (19, 10), (18, 10), (18, 9), (17, 9), (16, 9), (15, 9), (14, 9), (13, 9), (13, 8), (13, 7), (12, 7), (11, 7), (10, 7), (9, 7), (9, 6), (8, 6), (7, 6), (7, 5), (6, 5), (6, 4), (5, 4), (4, 4), (3, 4), (3, 3), (3, 3)], 3: [(11, 26), (11, 25), (11, 24), (12, 24), (11, 24), (10, 24), (10, 23), (10, 22), (10, 21), (10, 20), (10, 19), (10, 18), (10, 17), (10, 16), (10, 15), (10, 14), (10, 13), (10, 12), (9, 12), (9, 11), (9, 10), (8, 10), (7, 10), (7, 9), (7, 8), (7, 7), (7, 6), (7, 5), (6, 5), (6, 4), (5, 4), (4, 4), (4, 4)], 4: [(23, 26), (22, 26), (22, 25), (22, 24), (22, 23), (21, 23), (21, 22), (21, 21), (21, 20), (21, 19), (21, 18), (21, 17), (21, 16), (21, 15), (21, 14), (21, 13), (21, 12), (21, 11), (21, 10), (21, 9), (21, 8), (21, 7), (22, 7), (22, 7)], 5: [(24, 9), (23, 9), (22, 9), (21, 9), (20, 9), (19, 9), (18, 9), (17, 9), (16, 9), (15, 9), (14, 9), (13, 9), (13, 8), (13, 7), (12, 7), (11, 7), (10, 7), (9, 7), (9, 6), (8, 6), (7, 6), (7, 5), (6, 5), (6, 4), (5, 4), (5, 3), (5, 2), (5, 2)], 6: [(30, 5), (29, 5), (28, 5), (27, 5), (26, 5), (25, 5), (25, 6), (25, 7), (25, 8), (24, 8), (23, 8), (23, 9), (23, 10), (23, 11), (23, 12), (23, 13), (23, 14), (23, 15), (23, 16), (23, 17), (23, 18), (23, 19), (23, 20), (23, 21), (22, 21), (21, 21), (20, 21), (19, 21), (19, 22), (19, 23), (18, 23), (17, 23), (16, 23), (15, 23), (15, 22), (15, 21), (14, 21), (14, 20), (14, 19), (14, 18), (14, 18)], 7: [(13, 9), (13, 8), (13, 7), (13, 6), (13, 5), (14, 5), (15, 5), (16, 5), (16, 4), (16, 3), (17, 3), (18, 3), (19, 3), (20, 3), (20, 2), (21, 2), (22, 2), (22, 2)], 8: [(9, 27), (8, 27), (8, 26), (7, 26), (7, 25), (7, 24), (7, 23), (6, 23), (5, 23), (5, 22), (5, 21), (5, 20), (5, 19), (4, 19), (4, 18), (3, 18), (3, 17), (3, 17)], 9: [(10, 25), (10, 24), (10, 23), (10, 22), (10, 21), (10, 20), (10, 19), (10, 18), (10, 17), (10, 16), (10, 15), (10, 14), (11, 14), (12, 14), (13, 14), (14, 14), (15, 14), (16, 14), (17, 14), (18, 14), (19, 14), (20, 14), (20, 14)]}, 39)