

CBSS-C STATS
starts:[1004, 292, 583, 997, 48, 502, 785, 519, 716, 687]
targets:[711, 693, 680, 993, 47, 116, 132, 263, 708, 545]
dests:[813, 987, 274, 138, 113, 671, 566, 377, 879, 923]
ac_dict:{711: {0, 1}, 693: {1, 2}, 680: {2, 3}, 993: {3, 4}, 47: {4, 5}, 116: {5, 6}, 132: {6, 7}, 263: {8, 7}, 708: {8, 9}, 813: {0}, 987: {1}, 274: {2}, 138: {3}, 113: {4}, 671: {5}, 566: {6}, 377: {7}, 879: {8}, 923: {9}}
clusters:[3 2 3 3 1 0 2 4 1 1]

round: 2
best_g_value: 223.0
open_list_size: 1
num_low_level_expanded: 1639
search_success: 1
search_time: 0.2719244109466672
n_tsp_call: 1
n_tsp_time: 0.2245919369161129
n_roots: 1
num_conflicts: 1
target_assignment: {693: 1, 680: 3, 47: 4, 263: 7, 116: 5}
cluster_target_selection: {2: 693, 3: 680, 1: 47, 4: 263, 0: 116}
num_nodes_transformed_graph: 48
agent_paths:({0: [(12, 31), (12, 30), (12, 29), (12, 28), (12, 27), (12, 26), (12, 25), (13, 25), (13, 25)], 1: [(4, 9), (5, 9), (6, 9), (7, 9), (7, 10), (8, 10), (9, 10), (10, 10), (11, 10), (12, 10), (13, 10), (14, 10), (15, 10), (16, 10), (16, 11), (17, 11), (18, 11), (19, 11), (19, 12), (20, 12), (21, 12), (21, 13), (21, 14), (21, 15), (21, 16), (21, 17), (21, 18), (21, 19), (21, 20), (21, 21), (22, 21), (23, 21), (24, 21), (25, 21), (26, 21), (26, 22), (26, 23), (26, 24), (26, 25), (26, 26), (26, 27), (26, 28), (26, 29), (27, 29), (27, 30), (27, 30)], 2: [(7, 18), (7, 17), (7, 16), (8, 16), (9, 16), (9, 15), (9, 14), (10, 14), (10, 13), (10, 12), (10, 11), (10, 10), (11, 10), (12, 10), (13, 10), (13, 9), (14, 9), (15, 9), (16, 9), (16, 8), (17, 8), (18, 8), (18, 8)], 3: [(5, 31), (5, 30), (5, 29), (5, 28), (5, 27), (5, 26), (5, 25), (6, 25), (7, 25), (7, 24), (7, 23), (7, 22), (7, 21), (8, 21), (8, 20), (8, 19), (8, 18), (8, 17), (8, 16), (9, 16), (9, 15), (9, 14), (10, 14), (10, 13), (10, 12), (10, 11), (10, 10), (10, 9), (10, 8), (10, 7), (10, 6), (10, 5), (10, 4), (10, 4)], 4: [(16, 1), (15, 1), (16, 1), (17, 1), (17, 2), (17, 3), (17, 3)], 5: [(22, 15), (21, 15), (21, 14), (21, 13), (21, 12), (21, 11), (21, 10), (21, 9), (21, 8), (21, 7), (21, 6), (21, 5), (21, 4), (20, 4), (20, 3), (21, 3), (22, 3), (23, 3), (24, 3), (25, 3), (26, 3), (27, 3), (28, 3), (28, 4), (29, 4), (29, 5), (29, 6), (29, 7), (29, 8), (29, 9), (29, 10), (29, 11), (29, 12), (29, 13), (29, 14), (30, 14), (30, 15), (30, 16), (30, 17), (31, 17), (31, 18), (31, 19), (31, 20), (31, 20)], 6: [(17, 24), (17, 23), (17, 22), (17, 21), (17, 20), (17, 19), (18, 19), (18, 18), (18, 17), (19, 17), (20, 17), (21, 17), (22, 17), (22, 17)], 7: [(7, 16), (7, 15), (6, 15), (6, 14), (6, 13), (6, 12), (6, 11), (6, 10), (6, 9), (7, 9), (7, 8), (8, 8), (9, 8), (10, 8), (11, 8), (11, 9), (11, 10), (12, 10), (13, 10), (14, 10), (15, 10), (16, 10), (16, 11), (17, 11), (18, 11), (19, 11), (19, 10), (20, 10), (21, 10), (22, 10), (23, 10), (24, 10), (25, 10), (25, 11), (25, 11)], 8: [(12, 22), (13, 22), (13, 23), (14, 23), (15, 23), (15, 24), (15, 25), (15, 26), (15, 27), (15, 27)], 9: [(15, 21), (16, 21), (17, 21), (18, 21), (19, 21), (20, 21), (21, 21), (22, 21), (23, 21), (24, 21), (25, 21), (26, 21), (27, 21), (27, 22), (27, 23), (27, 24), (27, 25), (27, 26), (27, 27), (27, 28), (27, 28)]}, 44)