

CBSS-C STATS
starts:[503, 525, 919, 494, 744, 986, 724, 39, 41, 194]
targets:[932, 716, 895, 693, 405]
dests:[565, 578, 969, 108, 625, 902, 843, 765, 977, 178]
ac_dict:{932: {0, 1}, 716: {1, 2}, 895: {2, 3}, 693: {3, 4}, 405: {4, 5}, 565: {0}, 578: {1}, 969: {2}, 108: {3}, 625: {4}, 902: {5}, 843: {6}, 765: {7}, 977: {8}, 178: {9}}
clusters:[0 0 0 1 1]

round: 4
best_g_value: 213.0
open_list_size: 3
num_low_level_expanded: 1740
search_success: 1
search_time: 0.11763963475823402
n_tsp_call: 1
n_tsp_time: 0.06141303712502122
n_roots: 1
num_conflicts: 3
target_assignment: {716: 1, 693: 4}
cluster_target_selection: {0: 716, 1: 693}
num_nodes_transformed_graph: 25
agent_paths:({0: [(23, 15), (22, 15), (21, 15), (21, 16), (21, 17), (21, 17)], 1: [(13, 16), (13, 17), (13, 18), (13, 19), (13, 20), (13, 21), (13, 22), (12, 22), (11, 22), (10, 22), (9, 22), (8, 22), (7, 22), (6, 22), (5, 22), (4, 22), (3, 22), (2, 22), (2, 21), (2, 20), (2, 19), (2, 18), (2, 18)], 2: [(23, 28), (23, 29), (23, 30), (22, 30), (21, 30), (20, 30), (19, 30), (18, 30), (17, 30), (16, 30), (16, 29), (15, 29), (14, 29), (13, 29), (12, 29), (11, 29), (10, 29), (10, 30), (9, 30), (9, 30)], 3: [(14, 15), (14, 14), (14, 13), (14, 12), (14, 11), (14, 10), (13, 10), (13, 9), (13, 8), (13, 7), (12, 7), (12, 6), (12, 5), (12, 4), (12, 3), (12, 3)], 4: [(8, 23), (8, 22), (8, 21), (9, 21), (10, 21), (11, 21), (12, 21), (13, 21), (14, 21), (15, 21), (16, 21), (17, 21), (18, 21), (19, 21), (20, 21), (21, 21), (20, 21), (19, 21), (18, 21), (17, 21), (17, 20), (17, 19), (17, 19)], 5: [(26, 30), (25, 30), (24, 30), (23, 30), (22, 30), (21, 30), (20, 30), (19, 30), (18, 30), (17, 30), (16, 30), (16, 29), (15, 29), (14, 29), (13, 29), (12, 29), (11, 29), (10, 29), (10, 28), (9, 28), (8, 28), (7, 28), (6, 28), (6, 28)], 6: [(20, 22), (19, 22), (18, 22), (17, 22), (16, 22), (15, 22), (15, 23), (14, 23), (13, 23), (12, 23), (11, 23), (11, 24), (11, 25), (11, 26), (11, 26)], 7: [(7, 1), (8, 1), (9, 1), (10, 1), (11, 1), (12, 1), (13, 1), (14, 1), (15, 1), (16, 1), (17, 1), (18, 1), (19, 1), (20, 1), (20, 2), (21, 2), (22, 2), (23, 2), (24, 2), (25, 2), (25, 3), (26, 3), (27, 3), (28, 3), (28, 4), (29, 4), (29, 5), (29, 6), (29, 7), (29, 8), (29, 9), (29, 10), (29, 11), (29, 12), (29, 13), (29, 14), (29, 15), (29, 16), (29, 17), (29, 18), (29, 19), (29, 20), (29, 21), (29, 22), (29, 23), (29, 23)], 8: [(9, 1), (10, 1), (11, 1), (12, 1), (13, 1), (14, 1), (15, 1), (16, 1), (16, 2), (16, 3), (16, 4), (16, 5), (16, 6), (16, 7), (16, 8), (16, 9), (16, 10), (16, 11), (16, 12), (16, 13), (16, 14), (16, 15), (16, 16), (16, 17), (16, 18), (16, 19), (16, 20), (17, 20), (17, 21), (17, 22), (17, 23), (17, 24), (17, 25), (17, 26), (17, 27), (17, 28), (17, 29), (17, 30), (17, 30)], 9: [(2, 6), (2, 5), (3, 5), (4, 5), (5, 5), (6, 5), (7, 5), (8, 5), (8, 4), (9, 4), (10, 4), (11, 4), (12, 4), (13, 4), (14, 4), (14, 5), (15, 5), (16, 5), (17, 5), (18, 5), (18, 5)]}, 44)