

CBSS-C STATS
starts:[689, 25, 95, 669, 159, 496, 672, 140, 288, 16]
targets:[897, 599, 58, 1006, 609]
dests:[1009, 374, 902, 547, 963, 958, 866, 561, 1011, 998]
ac_dict:{897: {0, 1}, 599: {1, 2}, 58: {2, 3}, 1006: {3, 4}, 609: {4, 5}, 1009: {0}, 374: {1}, 902: {2}, 547: {3}, 963: {4}, 958: {5}, 866: {6}, 561: {7}, 1011: {8}, 998: {9}}
clusters:[1 1 0 0 1]

round: 1
best_g_value: 298.0
open_list_size: 0
num_low_level_expanded: 1965
search_success: 1
search_time: 0.14017774211242795
n_tsp_call: 1
n_tsp_time: 0.07908225804567337
n_roots: 1
num_conflicts: 0
target_assignment: {58: 2, 599: 2}
cluster_target_selection: {0: 58, 1: 599}
num_nodes_transformed_graph: 25
agent_paths:({0: [(17, 21), (17, 22), (17, 23), (17, 24), (17, 25), (17, 26), (17, 27), (17, 28), (17, 29), (17, 30), (17, 31), (17, 31)], 1: [(25, 0), (24, 0), (23, 0), (23, 1), (23, 2), (23, 3), (23, 4), (23, 5), (23, 6), (22, 6), (22, 7), (22, 8), (22, 9), (22, 10), (22, 11), (22, 11)], 2: [(31, 2), (30, 2), (29, 2), (28, 2), (27, 2), (27, 1), (26, 1), (27, 1), (27, 2), (27, 3), (26, 3), (25, 3), (25, 4), (25, 5), (25, 6), (25, 7), (25, 8), (24, 8), (23, 8), (23, 9), (23, 10), (23, 11), (23, 12), (23, 13), (23, 14), (23, 15), (23, 16), (23, 17), (23, 18), (22, 18), (21, 18), (20, 18), (19, 18), (18, 18), (18, 19), (17, 19), (16, 19), (15, 19), (14, 19), (13, 19), (12, 19), (11, 19), (10, 19), (9, 19), (8, 19), (7, 19), (7, 20), (7, 21), (7, 22), (7, 23), (7, 24), (7, 25), (6, 25), (6, 26), (6, 27), (6, 28), (6, 28)], 3: [(29, 20), (28, 20), (27, 20), (26, 20), (25, 20), (24, 20), (23, 20), (22, 20), (21, 20), (20, 20), (19, 20), (18, 20), (17, 20), (16, 20), (15, 20), (14, 20), (13, 20), (12, 20), (11, 20), (10, 20), (9, 20), (8, 20), (7, 20), (6, 20), (5, 20), (5, 19), (4, 19), (4, 18), (3, 18), (3, 17), (3, 17)], 4: [(31, 4), (30, 4), (29, 4), (28, 4), (27, 4), (26, 4), (25, 4), (25, 5), (24, 5), (23, 5), (23, 6), (22, 6), (21, 6), (20, 6), (19, 6), (18, 6), (17, 6), (16, 6), (15, 6), (14, 6), (13, 6), (12, 6), (11, 6), (10, 6), (9, 6), (8, 6), (7, 6), (7, 7), (7, 8), (7, 9), (6, 9), (6, 10), (6, 11), (6, 12), (6, 13), (5, 13), (5, 14), (5, 15), (5, 16), (5, 17), (5, 18), (5, 19), (5, 20), (5, 21), (5, 22), (4, 22), (4, 23), (4, 24), (4, 25), (4, 26), (4, 27), (4, 28), (4, 29), (3, 29), (3, 30), (3, 30)], 5: [(16, 15), (17, 15), (18, 15), (19, 15), (19, 16), (20, 16), (21, 16), (22, 16), (23, 16), (24, 16), (25, 16), (26, 16), (27, 16), (28, 16), (29, 16), (29, 17), (29, 18), (29, 19), (29, 20), (29, 21), (29, 22), (30, 22), (30, 23), (30, 24), (30, 25), (30, 26), (30, 27), (30, 28), (30, 29), (30, 29)], 6: [(0, 21), (1, 21), (2, 21), (2, 22), (2, 23), (2, 24), (2, 25), (2, 26), (2, 27), (2, 27)], 7: [(12, 4), (13, 4), (14, 4), (14, 5), (15, 5), (16, 5), (16, 6), (16, 7), (16, 8), (16, 9), (16, 10), (16, 11), (17, 11), (17, 12), (17, 13), (17, 14), (17, 15), (17, 16), (17, 17), (17, 17)], 8: [(0, 9), (1, 9), (2, 9), (3, 9), (4, 9), (5, 9), (6, 9), (7, 9), (7, 10), (8, 10), (9, 10), (10, 10), (11, 10), (12, 10), (13, 10), (14, 10), (15, 10), (16, 10), (16, 11), (17, 11), (18, 11), (19, 11), (19, 12), (19, 13), (19, 14), (19, 15), (19, 16), (19, 17), (19, 18), (19, 19), (19, 20), (19, 21), (19, 22), (19, 23), (19, 24), (19, 25), (19, 26), (19, 27), (19, 28), (19, 29), (19, 30), (19, 31), (19, 31)], 9: [(16, 0), (15, 0), (14, 0), (13, 0), (12, 0), (11, 0), (10, 0), (10, 1), (10, 2), (10, 3), (10, 4), (10, 5), (10, 6), (10, 7), (10, 8), (10, 9), (10, 10), (10, 11), (10, 12), (10, 13), (10, 14), (9, 14), (9, 15), (9, 16), (8, 16), (7, 16), (7, 17), (7, 18), (7, 19), (7, 20), (7, 21), (7, 22), (7, 23), (7, 24), (7, 25), (6, 25), (6, 26), (6, 27), (6, 28), (6, 29), (6, 30), (6, 31), (6, 31)]}, 55)