

CBSS-C STATS
starts:[880, 935, 544, 279, 680, 746, 797, 462, 521, 550]
targets:[1012, 476, 408, 403, 812]
dests:[852, 640, 501, 423, 961, 1004, 222, 753, 87, 98]
ac_dict:{1012: {0, 1}, 476: {1, 2}, 408: {2, 3}, 403: {3, 4}, 812: {4, 5}, 852: {0}, 640: {1}, 501: {2}, 423: {3}, 961: {4}, 1004: {5}, 222: {6}, 753: {7}, 87: {8}, 98: {9}}
clusters:[0 1 0 1 1]

round: 2
best_g_value: 174.0
open_list_size: 1
num_low_level_expanded: 761
search_success: 1
search_time: 0.10251671494916081
n_tsp_call: 1
n_tsp_time: 0.0747490399517119
n_roots: 1
num_conflicts: 1
target_assignment: {408: 3, 812: 5}
cluster_target_selection: {0: 408, 1: 812}
num_nodes_transformed_graph: 25
agent_paths:({0: [(16, 27), (16, 26), (17, 26), (18, 26), (19, 26), (20, 26), (20, 26)], 1: [(7, 29), (6, 29), (5, 29), (4, 29), (3, 29), (2, 29), (2, 28), (2, 27), (2, 26), (2, 25), (1, 25), (1, 24), (1, 23), (1, 22), (1, 21), (0, 21), (0, 20), (0, 20)], 2: [(0, 17), (1, 17), (2, 17), (3, 17), (4, 17), (5, 17), (6, 17), (7, 17), (8, 17), (9, 17), (10, 17), (11, 17), (12, 17), (13, 17), (14, 17), (15, 17), (16, 17), (17, 17), (18, 17), (19, 17), (19, 16), (20, 16), (21, 16), (21, 15), (21, 15)], 3: [(23, 8), (24, 8), (24, 9), (24, 10), (24, 11), (24, 12), (23, 12), (22, 12), (21, 12), (20, 12), (19, 12), (18, 12), (17, 12), (16, 12), (15, 12), (14, 12), (14, 13), (13, 13), (12, 13), (12, 14), (11, 14), (10, 14), (10, 13), (10, 12), (9, 12), (8, 12), (8, 13), (7, 13), (7, 13)], 4: [(8, 21), (7, 21), (6, 21), (5, 21), (5, 22), (4, 22), (3, 22), (2, 22), (2, 23), (2, 24), (2, 25), (2, 26), (2, 27), (1, 27), (1, 28), (1, 29), (1, 30), (1, 30)], 5: [(10, 23), (11, 23), (12, 23), (12, 24), (12, 25), (12, 26), (12, 27), (12, 28), (12, 29), (12, 30), (12, 31), (12, 31)], 6: [(29, 24), (29, 23), (29, 22), (29, 21), (29, 20), (29, 19), (29, 18), (29, 17), (29, 16), (29, 15), (29, 14), (29, 13), (29, 12), (29, 11), (29, 10), (29, 9), (29, 8), (29, 7), (29, 6), (30, 6), (30, 6)], 7: [(14, 14), (15, 14), (16, 14), (16, 15), (16, 16), (16, 17), (16, 18), (16, 19), (17, 19), (17, 20), (17, 21), (17, 22), (17, 23), (17, 23)], 8: [(9, 16), (9, 15), (9, 14), (10, 14), (10, 13), (10, 12), (10, 11), (10, 10), (10, 9), (10, 8), (10, 7), (10, 6), (10, 5), (11, 5), (12, 5), (13, 5), (14, 5), (15, 5), (16, 5), (16, 4), (16, 3), (17, 3), (18, 3), (19, 3), (20, 3), (20, 2), (21, 2), (22, 2), (23, 2), (23, 2)], 9: [(6, 17), (5, 17), (4, 17), (4, 16), (3, 16), (3, 15), (3, 14), (3, 13), (3, 12), (3, 11), (3, 10), (3, 9), (3, 8), (3, 7), (2, 7), (2, 6), (2, 5), (2, 4), (2, 3), (2, 3)]}, 28)