

CBSS-C STATS
starts:[607, 346, 885, 119, 460, 613, 740, 659, 137, 962]
targets:[317, 947, 645, 993, 49, 612, 398, 241, 568, 61]
dests:[255, 338, 228, 237, 508, 870, 623, 655, 589, 692]
ac_dict:{317: {0, 1}, 947: {1, 2}, 645: {2, 3}, 993: {3, 4}, 49: {4, 5}, 612: {5, 6}, 398: {6, 7}, 241: {8, 7}, 568: {8, 9}, 255: {0}, 338: {1}, 228: {2}, 237: {3}, 508: {4}, 870: {5}, 623: {6}, 655: {7}, 589: {8}, 692: {9}}
clusters:[4 2 1 4 2 0 1 3 2 2]

round: 1
best_g_value: 180.0
open_list_size: 0
num_low_level_expanded: 605
search_success: 1
search_time: 0.23316212091594934
n_tsp_call: 1
n_tsp_time: 0.20323314098641276
n_roots: 1
num_conflicts: 0
target_assignment: {317: 0, 947: 2, 645: 2, 612: 5, 241: 8}
cluster_target_selection: {4: 317, 2: 947, 1: 645, 0: 612, 3: 241}
num_nodes_transformed_graph: 48
agent_paths:({0: [(31, 18), (30, 18), (29, 18), (29, 17), (29, 16), (29, 15), (29, 14), (29, 13), (29, 12), (29, 11), (29, 10), (29, 9), (29, 8), (29, 7), (30, 7), (31, 7), (31, 7)], 1: [(26, 10), (25, 10), (24, 10), (23, 10), (22, 10), (21, 10), (20, 10), (19, 10), (18, 10), (18, 10)], 2: [(21, 27), (20, 27), (19, 27), (19, 28), (19, 29), (18, 29), (17, 29), (16, 29), (15, 29), (14, 29), (13, 29), (12, 29), (11, 29), (10, 29), (10, 28), (9, 28), (8, 28), (8, 27), (8, 26), (7, 26), (7, 25), (7, 24), (7, 23), (6, 23), (5, 23), (5, 22), (5, 21), (5, 20), (5, 19), (5, 18), (5, 17), (5, 16), (5, 15), (5, 14), (5, 13), (4, 13), (4, 12), (4, 11), (4, 10), (4, 9), (4, 8), (4, 7), (4, 7)], 3: [(23, 3), (22, 3), (21, 3), (20, 3), (19, 3), (18, 3), (17, 3), (16, 3), (16, 4), (16, 5), (15, 5), (14, 5), (13, 5), (13, 6), (13, 7), (13, 7)], 4: [(12, 14), (13, 14), (14, 14), (15, 14), (16, 14), (17, 14), (18, 14), (19, 14), (20, 14), (21, 14), (22, 14), (23, 14), (24, 14), (25, 14), (26, 14), (27, 14), (28, 14), (28, 15), (28, 15)], 5: [(5, 19), (4, 19), (5, 19), (6, 19), (6, 20), (6, 21), (6, 22), (6, 23), (7, 23), (7, 24), (7, 25), (6, 25), (6, 26), (6, 27), (6, 27)], 6: [(4, 23), (4, 22), (5, 22), (5, 21), (5, 20), (5, 19), (6, 19), (7, 19), (8, 19), (9, 19), (10, 19), (11, 19), (12, 19), (13, 19), (14, 19), (15, 19), (15, 19)], 7: [(19, 20), (18, 20), (17, 20), (16, 20), (15, 20), (15, 20)], 8: [(9, 4), (10, 4), (11, 4), (12, 4), (13, 4), (14, 4), (14, 5), (15, 5), (16, 5), (17, 5), (17, 6), (17, 7), (16, 7), (16, 8), (16, 9), (15, 9), (14, 9), (14, 10), (14, 11), (14, 12), (14, 13), (13, 13), (13, 14), (13, 15), (13, 16), (13, 17), (13, 18), (13, 18)], 9: [(2, 30), (2, 29), (2, 28), (2, 27), (2, 26), (2, 25), (2, 24), (2, 23), (2, 22), (3, 22), (4, 22), (5, 22), (5, 21), (6, 21), (7, 21), (8, 21), (9, 21), (10, 21), (11, 21), (12, 21), (13, 21), (14, 21), (15, 21), (16, 21), (17, 21), (18, 21), (19, 21), (20, 21), (20, 21)]}, 41)