

CBSS-C STATS
starts:[276, 939, 585, 357, 962, 903, 627, 124, 601, 29]
targets:[564, 454, 428, 809, 496]
dests:[1001, 960, 884, 609, 706, 817, 559, 749, 201, 243]
ac_dict:{564: {0, 1}, 454: {1, 2}, 428: {2, 3}, 809: {3, 4}, 496: {4, 5}, 1001: {0}, 960: {1}, 884: {2}, 609: {3}, 706: {4}, 817: {5}, 559: {6}, 749: {7}, 201: {8}, 243: {9}}
clusters:[1 1 1 0 0]

round: 3
best_g_value: 203.0
open_list_size: 2
num_low_level_expanded: 1590
search_success: 1
search_time: 0.11611199006438255
n_tsp_call: 1
n_tsp_time: 0.06416519591584802
n_roots: 1
num_conflicts: 2
target_assignment: {564: 0, 809: 4}
cluster_target_selection: {1: 564, 0: 809}
num_nodes_transformed_graph: 25
agent_paths:({0: [(20, 8), (20, 9), (20, 10), (19, 10), (19, 11), (19, 12), (19, 13), (19, 14), (19, 15), (19, 16), (20, 16), (20, 17), (19, 17), (18, 17), (17, 17), (16, 17), (16, 18), (16, 19), (15, 19), (14, 19), (13, 19), (12, 19), (11, 19), (10, 19), (10, 20), (10, 21), (10, 22), (10, 23), (10, 24), (10, 25), (10, 26), (10, 27), (10, 28), (10, 29), (10, 30), (9, 30), (9, 31), (9, 31)], 1: [(11, 29), (10, 29), (10, 30), (9, 30), (8, 30), (7, 30), (6, 30), (5, 30), (5, 29), (4, 29), (3, 29), (2, 29), (1, 29), (0, 29), (0, 30), (0, 30)], 2: [(9, 18), (10, 18), (11, 18), (12, 18), (13, 18), (14, 18), (14, 19), (15, 19), (16, 19), (17, 19), (18, 19), (19, 19), (19, 20), (19, 21), (19, 22), (19, 23), (19, 24), (20, 24), (20, 25), (20, 26), (20, 27), (20, 27)], 3: [(5, 11), (4, 11), (3, 11), (2, 11), (2, 12), (2, 13), (2, 14), (2, 15), (2, 16), (2, 17), (2, 18), (2, 19), (1, 19), (1, 19)], 4: [(2, 30), (2, 29), (2, 28), (2, 27), (2, 26), (2, 25), (3, 25), (4, 25), (5, 25), (6, 25), (7, 25), (8, 25), (9, 25), (8, 25), (7, 25), (6, 25), (5, 25), (4, 25), (3, 25), (2, 25), (2, 24), (2, 23), (2, 22), (2, 22)], 5: [(7, 28), (8, 28), (8, 27), (8, 26), (8, 25), (9, 25), (10, 25), (11, 25), (12, 25), (13, 25), (14, 25), (15, 25), (16, 25), (17, 25), (17, 25)], 6: [(19, 19), (18, 19), (17, 19), (16, 19), (16, 18), (16, 17), (15, 17), (15, 17)], 7: [(28, 3), (27, 3), (26, 3), (25, 3), (24, 3), (23, 3), (22, 3), (21, 3), (20, 3), (19, 3), (18, 3), (17, 3), (16, 3), (16, 4), (16, 5), (16, 6), (16, 7), (16, 8), (16, 9), (15, 9), (14, 9), (14, 10), (14, 11), (14, 12), (14, 13), (13, 13), (13, 14), (13, 15), (13, 16), (13, 17), (13, 18), (13, 19), (13, 20), (13, 21), (13, 22), (13, 23), (13, 23)], 8: [(25, 18), (24, 18), (23, 18), (22, 18), (21, 18), (20, 18), (19, 18), (18, 18), (18, 17), (17, 17), (16, 17), (16, 16), (15, 16), (14, 16), (13, 16), (12, 16), (11, 16), (10, 16), (10, 15), (10, 14), (10, 13), (10, 12), (9, 12), (9, 11), (9, 10), (9, 9), (9, 8), (9, 7), (9, 6), (9, 6)], 9: [(29, 0), (28, 0), (27, 0), (27, 1), (27, 2), (27, 3), (26, 3), (25, 3), (24, 3), (23, 3), (22, 3), (21, 3), (20, 3), (19, 3), (19, 4), (19, 5), (19, 6), (19, 7), (19, 7)]}, 36)