

CBSS-C STATS
starts:[822, 590]
targets:[385, 924, 447, 213, 974, 585, 668, 907, 113, 305, 370, 225, 136, 499, 89, 594, 868, 50, 835, 1014, 633, 478, 724, 934, 573, 5, 722, 999, 170, 657, 600, 265, 912, 605, 288, 647, 295, 193, 754, 112, 858, 781, 151, 567, 921, 233, 788, 935, 197, 794, 1010, 286, 511, 812, 598, 259, 936, 994, 637, 982, 979, 333, 255, 480, 926, 121, 824, 404, 226, 510, 228, 602, 765, 424, 544, 735, 323, 4, 708, 106, 435, 214, 942, 77, 328, 75, 959, 531, 528, 891, 407, 514, 557, 730, 612, 842, 977, 843, 451, 134]
dests:[142, 618]
ac_dict:{385: {0, 1}, 142: {0}, 618: {1}}
clusters:[36 30 32 11  5  8 10 33 16 20 12 20  2 36 11 34 28 10 10 29  2  2  0 10
  0 35 17  0  8 21 31 11 35 23 22 17  5  6 17 21 37 10 36  8  3 31 14 10
 29 27 12 24 13 12 12 36  6 17 10 11 38  1 15 20 19 13 27 28 25 11 10 23
  7 38 21 30  4 39 11 26  3 39  2 16 18 26 19 35 22  4 26 38 33 10  7  8
  9 22 18 23]

round: 1
best_g_value: 434.0
open_list_size: 0
num_low_level_expanded: 292
search_success: 1
search_time: 43.24067015499895
n_tsp_call: 1
n_tsp_time: 43.06735675600066
n_roots: 1
num_conflicts: 0
target_assignment: {788: 0, 754: 0, 912: 0, 977: 0, 979: 0, 1014: 0, 921: 0, 924: 0, 926: 0, 891: 0, 858: 0, 794: 0, 765: 0, 637: 0, 605: 0, 573: 0, 510: 0, 511: 0, 447: 0, 478: 0, 286: 0, 255: 0, 214: 0, 404: 0, 370: 0, 333: 0, 328: 0, 295: 0, 259: 0, 225: 0, 193: 0, 226: 0, 233: 0, 170: 0, 106: 0, 77: 0, 557: 1, 528: 1, 594: 1, 657: 1}
cluster_target_selection: {14: 788, 17: 754, 35: 912, 9: 977, 38: 979, 29: 1014, 3: 921, 30: 924, 19: 926, 4: 891, 37: 858, 27: 794, 7: 765, 10: 637, 23: 605, 0: 573, 11: 510, 13: 511, 32: 447, 2: 478, 24: 286, 15: 255, 39: 214, 28: 404, 12: 370, 1: 333, 18: 328, 5: 295, 36: 259, 20: 225, 6: 193, 25: 226, 31: 233, 8: 170, 26: 106, 16: 77, 33: 557, 22: 528, 34: 594, 21: 657}
num_nodes_transformed_graph: 204
agent_paths:({0: [(22, 25), (21, 25), (20, 25), (20, 24), (19, 24), (18, 24), (18, 23), (17, 23), (16, 23), (16, 24), (16, 25), (16, 26), (16, 27), (16, 28), (17, 28), (17, 29), (17, 30), (18, 30), (19, 30), (20, 30), (21, 30), (22, 30), (22, 31), (22, 30), (23, 30), (23, 29), (23, 28), (24, 28), (25, 28), (26, 28), (27, 28), (28, 28), (29, 28), (30, 28), (29, 28), (28, 28), (27, 28), (27, 27), (26, 27), (26, 26), (26, 25), (26, 24), (27, 24), (28, 24), (29, 24), (29, 23), (29, 22), (29, 21), (29, 20), (29, 19), (29, 18), (29, 17), (29, 16), (29, 15), (30, 15), (31, 15), (31, 14), (31, 13), (31, 14), (30, 14), (29, 14), (29, 13), (29, 12), (29, 11), (29, 10), (29, 9), (29, 8), (30, 8), (30, 7), (31, 7), (30, 7), (29, 7), (28, 7), (27, 7), (26, 7), (25, 7), (25, 6), (24, 6), (23, 6), (22, 6), (21, 6), (21, 7), (21, 8), (21, 9), (21, 10), (21, 11), (21, 12), (20, 12), (19, 12), (18, 12), (18, 11), (17, 11), (16, 11), (15, 11), (14, 11), (14, 10), (13, 10), (12, 10), (11, 10), (10, 10), (9, 10), (8, 10), (7, 10), (7, 9), (6, 9), (5, 9), (4, 9), (3, 9), (3, 8), (3, 7), (2, 7), (1, 7), (1, 6), (2, 6), (2, 7), (3, 7), (4, 7), (5, 7), (6, 7), (7, 7), (7, 6), (8, 6), (9, 6), (9, 7), (9, 6), (10, 6), (10, 5), (10, 4), (10, 3), (10, 2), (11, 2), (12, 2), (13, 2), (14, 2), (14, 3), (14, 4), (14, 4)], 1: [(14, 18), (13, 18), (13, 17), (13, 16), (14, 16), (15, 16), (16, 16), (17, 16), (17, 17), (18, 17), (18, 18), (18, 19), (17, 19), (17, 20), (16, 20), (15, 20), (14, 20), (13, 20), (12, 20), (11, 20), (10, 20), (10, 19), (10, 19)]}, 135)