

CBSS-C STATS
starts:[461, 615, 436, 622, 555]
targets:[620, 743, 119, 781, 335, 1018, 610, 175, 788, 936, 412, 339, 723, 312, 532, 719, 896, 280, 867, 866]
dests:[528, 1017, 509, 401, 327]
ac_dict:{620: {0, 1}, 743: {1, 2}, 119: {2, 3}, 781: {3, 4}, 528: {0}, 1017: {1}, 509: {2}, 401: {3}, 327: {4}}
clusters:[8 3 3 4 1 2 2 4 4 1 9 3 0 5 2 3 1 7 6 6]

round: 1
best_g_value: 107.0
open_list_size: 0
num_low_level_expanded: 288
search_success: 1
search_time: 0.4367217607796192
n_tsp_call: 1
n_tsp_time: 0.42007095227018
n_roots: 1
num_conflicts: 0
target_assignment: {335: 3, 867: 1, 743: 1, 620: 1, 723: 1, 788: 1, 1018: 1, 280: 2, 312: 2, 412: 2}
cluster_target_selection: {1: 335, 6: 867, 3: 743, 8: 620, 0: 723, 4: 788, 2: 1018, 7: 280, 5: 312, 9: 412}
num_nodes_transformed_graph: 47
agent_paths:({0: [(13, 14), (14, 14), (15, 14), (16, 14), (16, 15), (16, 16), (16, 16)], 1: [(7, 19), (6, 19), (5, 19), (5, 20), (5, 21), (5, 22), (4, 22), (3, 22), (3, 23), (3, 24), (3, 25), (3, 26), (3, 27), (3, 26), (3, 25), (3, 24), (3, 23), (4, 23), (5, 23), (6, 23), (7, 23), (7, 22), (7, 21), (7, 20), (7, 19), (8, 19), (9, 19), (10, 19), (11, 19), (12, 19), (13, 19), (14, 19), (15, 19), (16, 19), (17, 19), (18, 19), (19, 19), (19, 20), (19, 21), (19, 22), (19, 23), (19, 24), (20, 24), (20, 25), (21, 25), (22, 25), (23, 25), (24, 25), (25, 25), (26, 25), (26, 26), (26, 27), (26, 28), (26, 29), (26, 30), (26, 31), (25, 31), (25, 31)], 2: [(20, 13), (20, 12), (21, 12), (21, 11), (21, 10), (21, 9), (21, 8), (22, 8), (23, 8), (24, 8), (24, 9), (25, 9), (25, 10), (26, 10), (27, 10), (28, 10), (28, 11), (28, 12), (29, 12), (29, 13), (29, 14), (29, 15), (29, 15)], 3: [(14, 19), (14, 18), (14, 17), (14, 16), (14, 15), (14, 14), (14, 13), (14, 12), (14, 11), (14, 10), (15, 10), (16, 10), (16, 11), (17, 11), (17, 12), (17, 12)], 4: [(11, 17), (10, 17), (10, 16), (10, 15), (10, 14), (10, 13), (10, 12), (9, 12), (9, 11), (9, 10), (8, 10), (7, 10), (7, 10)]}, 56)