

CBSS-C STATS
starts:[802, 279, 566, 468, 251]
targets:[136, 227, 740, 165, 406, 43, 873, 131, 557, 228, 727, 304, 885, 201, 999, 94, 21, 624, 892, 535, 549, 657, 941, 373, 460, 356, 498, 75, 614, 560, 713, 545, 993, 317, 1009, 942, 928, 968, 737, 617]
dests:[749, 845, 1022, 514, 492]
ac_dict:{136: {0, 1}, 227: {1, 2}, 740: {2, 3}, 165: {3, 4}, 749: {0}, 845: {1}, 1022: {2}, 514: {3}, 492: {4}}
clusters:[16 12  0  5 10 22 12  7 19 13  3  4  2  0 11 14 11 21  1 10  3 18  6 14
  9 17  9 13  8  7  8  1  2 24  5  4 15 23  6 20]

round: 1
best_g_value: 188.0
open_list_size: 0
num_low_level_expanded: 421
search_success: 1
search_time: 4.389363516999765
n_tsp_call: 1
n_tsp_time: 4.343714302999615
n_roots: 1
num_conflicts: 0
target_assignment: {928: 0, 993: 0, 999: 0, 968: 0, 873: 0, 713: 0, 727: 2, 892: 2, 75: 1, 43: 1, 136: 1, 201: 1, 356: 1, 617: 1, 624: 1, 657: 1, 1009: 1, 942: 1, 941: 1, 560: 3, 557: 3, 317: 4, 406: 4, 373: 4, 460: 4}
cluster_target_selection: {15: 928, 2: 993, 11: 999, 23: 968, 12: 873, 8: 713, 3: 727, 1: 892, 13: 75, 22: 43, 16: 136, 0: 201, 17: 356, 20: 617, 21: 624, 18: 657, 5: 1009, 4: 942, 6: 941, 7: 560, 19: 557, 24: 317, 10: 406, 14: 373, 9: 460}
num_nodes_transformed_graph: 104
agent_paths:({0: [(2, 25), (1, 25), (0, 25), (0, 26), (0, 27), (0, 28), (0, 29), (1, 29), (1, 30), (1, 31), (2, 31), (2, 30), (3, 30), (3, 29), (4, 29), (5, 29), (6, 29), (7, 29), (7, 30), (7, 31), (7, 30), (8, 30), (8, 29), (8, 28), (8, 27), (9, 27), (9, 26), (9, 25), (9, 24), (9, 23), (9, 22), (10, 22), (11, 22), (12, 22), (13, 22), (13, 23), (13, 23)], 1: [(23, 8), (22, 8), (21, 8), (20, 8), (20, 7), (19, 7), (18, 7), (17, 7), (16, 7), (15, 7), (14, 7), (13, 7), (12, 7), (11, 7), (11, 6), (11, 5), (11, 4), (11, 3), (11, 2), (11, 1), (10, 1), (9, 1), (9, 2), (9, 3), (8, 3), (8, 4), (8, 5), (8, 6), (9, 6), (8, 6), (7, 6), (7, 7), (6, 7), (5, 7), (4, 7), (4, 8), (4, 9), (4, 10), (4, 11), (5, 11), (6, 11), (6, 12), (6, 13), (6, 14), (6, 15), (7, 15), (7, 16), (8, 16), (9, 16), (9, 17), (9, 18), (9, 19), (10, 19), (11, 19), (12, 19), (13, 19), (14, 19), (15, 19), (16, 19), (17, 19), (17, 20), (17, 21), (17, 22), (17, 23), (17, 24), (17, 25), (17, 26), (17, 27), (17, 28), (17, 29), (17, 30), (17, 31), (16, 31), (15, 31), (14, 31), (14, 30), (14, 29), (13, 29), (13, 28), (13, 27), (13, 26), (13, 26)], 2: [(22, 17), (23, 17), (23, 18), (23, 19), (23, 20), (23, 21), (23, 22), (24, 22), (24, 23), (24, 24), (25, 24), (26, 24), (27, 24), (27, 25), (27, 26), (27, 27), (28, 27), (29, 27), (30, 27), (30, 28), (30, 29), (30, 30), (30, 31), (30, 31)], 3: [(20, 14), (19, 14), (18, 14), (17, 14), (16, 14), (16, 15), (16, 16), (16, 17), (15, 17), (14, 17), (13, 17), (12, 17), (11, 17), (10, 17), (9, 17), (8, 17), (7, 17), (6, 17), (5, 17), (4, 17), (3, 17), (2, 17), (2, 16), (2, 16)], 4: [(27, 7), (28, 7), (29, 7), (29, 8), (29, 9), (28, 9), (27, 9), (27, 10), (26, 10), (25, 10), (24, 10), (23, 10), (22, 10), (22, 11), (22, 12), (21, 12), (21, 11), (21, 12), (20, 12), (19, 12), (18, 12), (17, 12), (16, 12), (15, 12), (14, 12), (14, 13), (13, 13), (12, 13), (12, 14), (12, 15), (12, 15)]}, 80)