

CBSS-C STATS
starts:[51, 462]
targets:[31, 715, 804, 744, 469, 629, 406, 56, 775, 21, 237, 901, 216, 624, 326, 678, 313, 861, 651, 426, 398, 367, 474, 81, 478, 1006, 101, 292, 674, 373, 672, 23, 588, 829, 524, 123, 146, 1021, 431, 161, 246, 34, 340, 134, 157, 986, 758, 559, 38, 519, 117, 946, 782, 783, 876, 466, 62, 931, 915, 767, 10, 211, 104, 355, 542, 811, 683, 438, 556, 523, 89, 341, 257, 141, 97, 628, 461, 421, 55, 9, 159, 504, 147, 739, 844, 595, 554, 149, 502, 497, 375, 609, 578, 124, 19, 144, 470, 309, 812, 385]
dests:[957, 942]
ac_dict:{31: {0, 1}, 957: {0}, 942: {1}}
clusters:[ 3 10 39 25  5 12 14  2 39 38 26 27 33 13 19 28 14  3 36 30 30 31  1 20
 18 15 29 34 27 31 23  6  3 15 37  7 23 25 28 25  3 39 16 11 14 16 25 10
 16  8 22 28 39 27 37 33  2 38 25 15  9 23 39 24 22 28 13 24 35  5 31 33
  4 22 12 38 29 15 10 17 24 35 12  0  5 20 14 21 12  4 20 34 27 20  8 28
 31 32 29 17]

round: 1
best_g_value: 423.0
open_list_size: 0
num_low_level_expanded: 276
search_success: 1
search_time: 5.024086231002002
n_tsp_call: 1
n_tsp_time: 4.918032780995418
n_roots: 1
num_conflicts: 0
target_assignment: {19: 0, 21: 0, 23: 0, 56: 0, 123: 0, 149: 0, 309: 0, 341: 0, 375: 0, 406: 0, 438: 0, 470: 0, 502: 0, 504: 0, 474: 0, 478: 0, 542: 0, 829: 0, 861: 0, 398: 1, 237: 1, 10: 1, 38: 1, 134: 1, 326: 1, 292: 1, 257: 1, 385: 1, 672: 1, 674: 1, 739: 1, 775: 1, 744: 1, 651: 1, 683: 1, 715: 1, 811: 1, 812: 1, 844: 1, 876: 1}
cluster_target_selection: {8: 19, 38: 21, 6: 23, 2: 56, 7: 123, 21: 149, 32: 309, 33: 341, 20: 375, 14: 406, 24: 438, 31: 470, 12: 502, 35: 504, 1: 474, 18: 478, 22: 542, 15: 829, 3: 861, 30: 398, 26: 237, 9: 10, 16: 38, 11: 134, 19: 326, 34: 292, 4: 257, 17: 385, 23: 672, 27: 674, 0: 739, 39: 775, 25: 744, 36: 651, 13: 683, 10: 715, 28: 811, 29: 812, 5: 844, 37: 876}
num_nodes_transformed_graph: 104
agent_paths:({0: [(19, 1), (19, 0), (20, 0), (21, 0), (22, 0), (23, 0), (24, 0), (24, 1), (24, 2), (25, 2), (25, 3), (26, 3), (27, 3), (26, 3), (25, 3), (24, 3), (23, 3), (22, 3), (21, 3), (21, 4), (21, 5), (21, 6), (21, 7), (21, 8), (21, 9), (21, 10), (22, 10), (23, 10), (23, 11), (22, 11), (22, 12), (22, 13), (22, 14), (22, 15), (23, 15), (24, 15), (24, 14), (25, 14), (26, 14), (27, 14), (28, 14), (29, 14), (30, 14), (30, 15), (30, 16), (29, 16), (29, 17), (29, 18), (29, 19), (29, 20), (29, 21), (29, 22), (29, 23), (29, 24), (29, 25), (29, 26), (29, 27), (29, 28), (29, 29), (29, 29)], 1: [(14, 14), (14, 13), (14, 12), (14, 11), (14, 10), (13, 10), (13, 9), (13, 8), (13, 7), (12, 7), (11, 7), (10, 7), (10, 6), (10, 5), (10, 4), (10, 3), (10, 2), (10, 1), (10, 0), (9, 0), (8, 0), (8, 1), (7, 1), (6, 1), (6, 2), (6, 3), (6, 4), (6, 5), (5, 5), (5, 6), (5, 7), (5, 8), (5, 9), (6, 9), (6, 10), (5, 10), (4, 10), (4, 9), (3, 9), (2, 9), (1, 9), (1, 8), (1, 9), (1, 10), (1, 11), (1, 12), (1, 13), (1, 14), (1, 15), (1, 16), (1, 17), (2, 17), (2, 18), (2, 19), (1, 19), (0, 19), (0, 20), (0, 21), (1, 21), (2, 21), (3, 21), (3, 22), (3, 23), (4, 23), (5, 23), (6, 23), (7, 23), (7, 24), (7, 23), (8, 23), (8, 22), (8, 21), (8, 20), (9, 20), (10, 20), (11, 20), (11, 21), (11, 22), (11, 23), (11, 24), (11, 25), (12, 25), (12, 26), (12, 27), (13, 27), (14, 27), (14, 28), (14, 29), (14, 29)]}, 87)