

CBSS-C STATS
starts:[52, 770, 280, 740, 361]
targets:[786, 410, 800, 10, 858, 421, 625, 816, 467, 956]
dests:[948, 244, 23, 947, 157]
ac_dict:{786: {0, 1}, 410: {1, 2}, 800: {2, 3}, 10: {3, 4}, 948: {0}, 244: {1}, 23: {2}, 947: {3}, 157: {4}}
clusters:[4 1 3 0 2 1 0 1 4 1]

round: 1
best_g_value: 142.0
open_list_size: 0
num_low_level_expanded: 459
search_success: 1
search_time: 0.07119420822709799
n_tsp_call: 1
n_tsp_time: 0.051588396076112986
n_roots: 1
num_conflicts: 0
target_assignment: {858: 0, 800: 3, 816: 3, 625: 1, 467: 1}
cluster_target_selection: {2: 858, 3: 800, 1: 816, 0: 625, 4: 467}
num_nodes_transformed_graph: 29
agent_paths:({0: [(20, 1), (20, 2), (21, 2), (22, 2), (23, 2), (24, 2), (25, 2), (25, 3), (25, 4), (25, 5), (25, 6), (25, 7), (25, 8), (25, 9), (25, 10), (25, 11), (25, 12), (25, 13), (25, 14), (25, 15), (25, 16), (25, 17), (25, 18), (25, 19), (25, 20), (26, 20), (26, 21), (26, 22), (26, 23), (26, 24), (26, 25), (26, 26), (25, 26), (24, 26), (23, 26), (22, 26), (22, 27), (21, 27), (20, 27), (20, 28), (20, 29), (20, 29)], 1: [(2, 24), (2, 23), (2, 22), (3, 22), (4, 22), (5, 22), (5, 21), (5, 20), (5, 19), (6, 19), (7, 19), (8, 19), (9, 19), (10, 19), (11, 19), (12, 19), (13, 19), (14, 19), (15, 19), (16, 19), (17, 19), (18, 19), (18, 18), (18, 17), (19, 17), (19, 16), (19, 15), (19, 14), (19, 13), (19, 12), (19, 11), (19, 10), (19, 9), (20, 9), (20, 8), (20, 7), (20, 7)], 2: [(24, 8), (23, 8), (22, 8), (22, 7), (22, 6), (23, 6), (23, 5), (23, 4), (23, 3), (23, 2), (23, 1), (23, 0), (23, 0)], 3: [(4, 23), (3, 23), (2, 23), (1, 23), (0, 23), (0, 24), (0, 25), (1, 25), (2, 25), (3, 25), (4, 25), (5, 25), (6, 25), (7, 25), (8, 25), (9, 25), (10, 25), (11, 25), (12, 25), (13, 25), (14, 25), (15, 25), (16, 25), (17, 25), (18, 25), (19, 25), (19, 26), (19, 27), (19, 28), (19, 29), (19, 29)], 4: [(9, 11), (9, 10), (9, 9), (9, 8), (9, 7), (9, 6), (10, 6), (11, 6), (12, 6), (13, 6), (14, 6), (15, 6), (16, 6), (17, 6), (18, 6), (19, 6), (20, 6), (21, 6), (22, 6), (23, 6), (23, 5), (24, 5), (25, 5), (25, 4), (26, 4), (27, 4), (28, 4), (29, 4), (29, 4)]}, 40)