

CBSS-C STATS
starts:[716, 340]
targets:[151, 560, 667, 1002, 25, 215, 116, 385, 731, 1010, 707, 226, 1004, 37, 925, 370, 486, 377, 666, 626, 589, 837, 45, 565, 453, 11, 323, 288, 305, 796, 823, 658, 908, 669, 464, 601, 657, 717, 652, 469, 179, 710, 259, 174, 330, 229, 540, 573, 531, 68, 647, 725, 989, 532, 273, 1020, 412, 534, 496, 115, 878, 287, 932, 744, 947, 633, 420, 274, 778, 87, 156, 49, 768, 188, 264, 879, 939, 967, 193, 968, 347, 263, 265, 792, 368, 432, 836, 981, 375, 401, 695, 997, 334, 749, 376, 441, 527, 689, 170, 405]
dests:[985, 514]
ac_dict:{151: {0, 1}, 985: {0}, 514: {1}}
clusters:[12 10 39 13 36 32 17 24  0  9 10 15 24 14 29 26 16  8 27 21  2 36 20 35
  2 21 22 21  7 28  7  5 10  1 18  8 14 28 14 33 11 22 13 34 27 30 39 30
 32 30 30 33 19 32 28 32 32 38  1 37  6 27  4  0 15 10 26  3 12 20 21  8
 38 29 29 16  6 31 25 39  3 32 13 35 29  5 16 11 17 34 15 33 35  5 23 23
 31 39 21 26]

round: 1
best_g_value: 423.0
open_list_size: 0
num_low_level_expanded: 259
search_success: 1
search_time: 38.78202541400242
n_tsp_call: 1
n_tsp_time: 38.605650295001396
n_roots: 1
num_conflicts: 0
target_assignment: {652: 0, 744: 0, 837: 0, 836: 0, 932: 0, 997: 0, 967: 0, 968: 0, 939: 0, 908: 0, 1004: 0, 1010: 0, 981: 0, 989: 0, 401: 1, 432: 1, 464: 1, 496: 1, 534: 1, 375: 1, 376: 1, 377: 1, 151: 1, 87: 1, 115: 1, 274: 1, 273: 1, 305: 1, 334: 1, 330: 1, 265: 1, 264: 1, 263: 1, 229: 1, 226: 1, 193: 1, 288: 1, 323: 1, 420: 1, 453: 1}
cluster_target_selection: {14: 652, 0: 744, 36: 837, 16: 836, 4: 932, 33: 997, 31: 967, 39: 968, 6: 939, 10: 908, 24: 1004, 9: 1010, 11: 981, 19: 989, 34: 401, 5: 432, 18: 464, 1: 496, 38: 534, 17: 375, 23: 376, 8: 377, 12: 151, 20: 87, 37: 115, 3: 274, 28: 273, 7: 305, 35: 334, 27: 330, 13: 265, 29: 264, 32: 263, 30: 229, 15: 226, 25: 193, 21: 288, 22: 323, 26: 420, 2: 453}
num_nodes_transformed_graph: 204
agent_paths:({0: [(12, 22), (12, 21), (12, 20), (11, 20), (10, 20), (9, 20), (8, 20), (8, 21), (8, 22), (8, 23), (7, 23), (7, 24), (7, 25), (6, 25), (5, 25), (5, 26), (4, 26), (4, 27), (4, 28), (4, 29), (5, 29), (5, 30), (5, 31), (5, 30), (6, 30), (7, 30), (8, 30), (9, 30), (10, 30), (10, 29), (11, 29), (11, 28), (12, 28), (12, 29), (12, 30), (12, 31), (13, 31), (14, 31), (15, 31), (16, 31), (17, 31), (18, 31), (18, 30), (19, 30), (20, 30), (21, 30), (22, 30), (23, 30), (24, 30), (25, 30), (26, 30), (27, 30), (28, 30), (29, 30), (28, 30), (27, 30), (26, 30), (25, 30), (25, 30)], 1: [(20, 10), (19, 10), (18, 10), (18, 11), (17, 11), (17, 12), (16, 12), (16, 13), (16, 14), (16, 15), (17, 15), (18, 15), (19, 15), (19, 16), (20, 16), (21, 16), (22, 16), (22, 15), (22, 14), (22, 13), (22, 12), (22, 11), (23, 11), (24, 11), (25, 11), (25, 10), (25, 9), (25, 8), (25, 7), (25, 6), (24, 6), (23, 6), (23, 5), (23, 4), (23, 3), (23, 2), (22, 2), (21, 2), (20, 2), (20, 3), (19, 3), (18, 3), (18, 4), (18, 5), (18, 6), (18, 7), (18, 8), (17, 8), (17, 9), (16, 9), (15, 9), (14, 9), (14, 10), (13, 10), (12, 10), (11, 10), (10, 10), (9, 10), (9, 9), (9, 8), (8, 8), (7, 8), (7, 7), (6, 7), (5, 7), (4, 7), (3, 7), (2, 7), (1, 7), (1, 6), (1, 7), (0, 7), (0, 8), (0, 9), (1, 9), (2, 9), (3, 9), (3, 10), (4, 10), (4, 11), (4, 12), (4, 13), (5, 13), (5, 14), (5, 15), (4, 15), (3, 15), (2, 15), (2, 16), (2, 16)]}, 88)