

CBSS-C STATS
starts:[356, 468, 422, 521, 308]
targets:[426, 642, 598, 816, 820, 132, 889, 207, 238, 122, 684, 606, 81, 230, 520, 250, 877, 1022, 735, 390, 994, 269, 713, 745, 1003, 235, 623, 484, 155, 575, 1012, 73, 788, 368, 92, 927, 876, 748, 568, 96, 50, 381, 551, 123, 607, 117, 29, 621, 671, 223]
dests:[631, 34, 1007, 375, 868]
ac_dict:{426: {0, 1}, 642: {1, 2}, 598: {2, 3}, 816: {3, 4}, 631: {0}, 34: {1}, 1007: {2}, 375: {3}, 868: {4}}
clusters:[20 17 16 11 14  4  0 24 28  1  9 27 18 15  2 10 25  7 10 13 22 21  0 26
 13 11 29  1  8  3  9  8 12 18  6 17  4  5  6  5 16  3 23 14  2  7 15 19
 19 12]

round: 3
best_g_value: 216.0
open_list_size: 2
num_low_level_expanded: 789
search_success: 1
search_time: 7.774587464000433
n_tsp_call: 1
n_tsp_time: 7.699485500000264
n_roots: 1
num_conflicts: 2
target_assignment: {390: 0, 426: 0, 621: 0, 623: 0, 520: 3, 598: 3, 568: 3, 606: 3, 381: 3, 551: 2, 642: 2, 994: 2, 876: 2, 877: 2, 250: 1, 223: 1, 155: 1, 123: 1, 122: 1, 117: 1, 207: 1, 238: 1, 269: 1, 235: 1, 230: 1, 368: 4, 684: 4, 748: 4, 713: 4, 745: 4}
cluster_target_selection: {13: 390, 20: 426, 19: 621, 29: 623, 2: 520, 16: 598, 6: 568, 27: 606, 3: 381, 23: 551, 17: 642, 22: 994, 4: 876, 25: 877, 10: 250, 12: 223, 8: 155, 14: 123, 1: 122, 7: 117, 24: 207, 28: 238, 21: 269, 11: 235, 15: 230, 18: 368, 9: 684, 5: 748, 0: 713, 26: 745}
num_nodes_transformed_graph: 124
agent_paths:({0: [(4, 11), (5, 11), (6, 11), (6, 12), (6, 13), (7, 13), (8, 13), (8, 12), (9, 12), (10, 12), (10, 13), (10, 14), (11, 14), (12, 14), (13, 14), (13, 15), (13, 16), (13, 17), (13, 18), (13, 19), (14, 19), (15, 19), (16, 19), (17, 19), (18, 19), (19, 19), (20, 19), (21, 19), (22, 19), (23, 19), (23, 19)], 1: [(20, 14), (20, 13), (20, 12), (21, 12), (21, 11), (21, 10), (21, 9), (21, 8), (22, 8), (23, 8), (24, 8), (25, 8), (25, 7), (26, 7), (26, 6), (27, 6), (28, 6), (29, 6), (30, 6), (31, 6), (30, 6), (29, 6), (28, 6), (27, 6), (27, 5), (27, 4), (27, 3), (26, 3), (25, 3), (24, 3), (23, 3), (22, 3), (21, 3), (20, 3), (19, 3), (18, 3), (17, 3), (16, 3), (16, 4), (16, 5), (15, 5), (15, 6), (14, 6), (14, 7), (13, 7), (13, 8), (13, 7), (12, 7), (11, 7), (10, 7), (9, 7), (9, 6), (8, 6), (7, 6), (7, 7), (6, 7), (5, 7), (4, 7), (3, 7), (2, 7), (2, 6), (2, 5), (2, 4), (2, 3), (2, 2), (2, 1), (2, 1)], 2: [(6, 13), (6, 14), (6, 15), (7, 15), (7, 16), (7, 17), (6, 17), (5, 17), (4, 17), (3, 17), (2, 17), (2, 18), (2, 19), (2, 20), (2, 21), (2, 22), (2, 23), (2, 24), (2, 25), (2, 26), (2, 27), (2, 28), (2, 29), (2, 30), (2, 31), (2, 30), (2, 29), (3, 29), (4, 29), (4, 28), (5, 28), (6, 28), (7, 28), (8, 28), (8, 27), (9, 27), (10, 27), (11, 27), (12, 27), (13, 27), (14, 27), (14, 28), (14, 29), (14, 30), (14, 31), (15, 31), (15, 31)], 3: [(9, 16), (8, 16), (9, 16), (10, 16), (11, 16), (12, 16), (13, 16), (14, 16), (15, 16), (16, 16), (17, 16), (17, 17), (18, 17), (19, 17), (20, 17), (21, 17), (22, 17), (22, 18), (22, 17), (23, 17), (24, 17), (25, 17), (26, 17), (27, 17), (27, 18), (28, 18), (29, 18), (30, 18), (29, 18), (29, 17), (29, 16), (29, 15), (29, 14), (29, 13), (29, 12), (29, 11), (28, 11), (27, 11), (26, 11), (25, 11), (24, 11), (23, 11), (23, 11)], 4: [(20, 9), (19, 9), (18, 9), (17, 9), (16, 9), (16, 10), (16, 11), (15, 11), (14, 11), (14, 12), (14, 13), (13, 13), (13, 14), (13, 15), (12, 15), (12, 16), (12, 17), (12, 18), (12, 19), (12, 20), (12, 21), (12, 22), (12, 23), (11, 23), (10, 23), (9, 23), (9, 22), (9, 23), (8, 23), (7, 23), (6, 23), (5, 23), (4, 23), (4, 24), (4, 25), (4, 26), (4, 27), (4, 27)]}, 65)