

CBSS-C STATS
starts:[188, 132]
targets:[119, 399, 1005, 433, 346, 124, 925, 849, 326, 768, 146, 56, 514, 630, 580, 800, 302, 20, 44, 590, 329, 78, 970, 670, 343, 915, 542, 475, 490, 133, 108, 432, 493, 480, 985, 86, 767, 1006, 64, 888, 968, 435, 448, 578, 400, 894, 3, 371, 963, 841, 176, 535, 179, 991, 74, 559, 240, 501, 470, 641, 443, 154, 598, 874, 121, 418, 555, 140, 744, 832, 783, 826, 954, 778, 1000, 253, 854, 886, 554, 324, 883, 912, 292, 156, 801, 517, 962, 65, 52, 1018, 887, 864, 794, 40, 35, 77, 236, 428, 100, 318]
dests:[257, 622]
ac_dict:{119: {0, 1}, 257: {0}, 622: {1}}
clusters:[38 13  9 29 24  0 31 11 13  5 13 18 17  0 11 31 21 20 26  1 18 24 15 20
 36  8 28 13 12  2 27 38 28 27  5 15  6  8 32 19 30  7  6 14 33 10 34 37
  1 16 21 35  0 31 25  7 31 20  6 32 12 24 36 13 21 23 14  6 12  6 32 37
  9 13 39 24  5 19  3 22 15  4 33 20 17 11 21  5 31  4 35 18 37 32  3 11
 10 26 16 20]

round: 1
best_g_value: 443.0
open_list_size: 0
num_low_level_expanded: 330
search_success: 1
search_time: 9.836553420995187
n_tsp_call: 1
n_tsp_time: 9.72875134700007
n_roots: 1
num_conflicts: 0
target_assignment: {133: 1, 100: 1, 35: 1, 3: 1, 40: 1, 74: 1, 44: 1, 77: 1, 78: 1, 108: 1, 140: 1, 236: 1, 240: 1, 302: 1, 329: 1, 326: 1, 324: 1, 418: 1, 514: 1, 578: 1, 744: 1, 968: 1, 1000: 1, 1005: 1, 912: 1, 915: 1, 883: 1, 886: 1, 854: 1, 630: 1, 598: 1, 535: 1, 501: 1, 371: 1, 435: 1, 433: 1, 432: 1, 400: 1, 493: 1, 590: 1}
cluster_target_selection: {2: 133, 16: 100, 3: 35, 34: 3, 32: 40, 25: 74, 26: 44, 11: 77, 24: 78, 27: 108, 6: 140, 10: 236, 31: 240, 21: 302, 18: 329, 13: 326, 22: 324, 23: 418, 17: 514, 14: 578, 12: 744, 30: 968, 39: 1000, 9: 1005, 4: 912, 8: 915, 15: 883, 19: 886, 5: 854, 0: 630, 36: 598, 35: 535, 20: 501, 37: 371, 7: 435, 29: 433, 38: 432, 33: 400, 28: 493, 1: 590}
num_nodes_transformed_graph: 104
agent_paths:({0: [(28, 5), (27, 5), (26, 5), (25, 5), (24, 5), (23, 5), (23, 6), (22, 6), (21, 6), (20, 6), (19, 6), (18, 6), (17, 6), (16, 6), (15, 6), (14, 6), (13, 6), (12, 6), (11, 6), (10, 6), (9, 6), (8, 6), (7, 6), (7, 7), (6, 7), (5, 7), (4, 7), (3, 7), (2, 7), (1, 7), (1, 8), (1, 8)], 1: [(4, 4), (5, 4), (4, 4), (4, 3), (3, 3), (3, 2), (3, 1), (3, 0), (4, 0), (5, 0), (6, 0), (6, 1), (7, 1), (8, 1), (9, 1), (10, 1), (10, 2), (10, 1), (11, 1), (12, 1), (13, 1), (13, 2), (14, 2), (13, 2), (12, 2), (12, 3), (12, 4), (12, 5), (12, 6), (12, 7), (13, 7), (14, 7), (15, 7), (16, 7), (16, 8), (16, 9), (15, 9), (14, 9), (13, 9), (13, 10), (12, 10), (11, 10), (10, 10), (9, 10), (8, 10), (7, 10), (6, 10), (5, 10), (4, 10), (3, 10), (2, 10), (2, 11), (2, 12), (2, 13), (2, 14), (2, 15), (2, 16), (2, 17), (2, 18), (3, 18), (4, 18), (5, 18), (5, 19), (6, 19), (7, 19), (8, 19), (8, 20), (8, 21), (8, 22), (8, 23), (8, 24), (8, 25), (8, 26), (8, 27), (8, 28), (8, 29), (8, 30), (8, 31), (9, 31), (10, 31), (11, 31), (12, 31), (13, 31), (13, 30), (13, 29), (13, 28), (14, 28), (15, 28), (16, 28), (17, 28), (18, 28), (19, 28), (19, 27), (20, 27), (21, 27), (22, 27), (22, 26), (22, 25), (22, 24), (22, 23), (21, 23), (21, 22), (21, 21), (21, 20), (21, 19), (22, 19), (22, 18), (22, 17), (22, 16), (23, 16), (22, 16), (21, 16), (21, 15), (21, 14), (20, 14), (19, 14), (19, 13), (19, 12), (19, 11), (19, 12), (19, 13), (18, 13), (17, 13), (16, 13), (16, 12), (15, 12), (14, 12), (14, 13), (13, 13), (13, 14), (13, 15), (14, 15), (14, 16), (14, 17), (14, 18), (14, 19), (14, 19)]}, 135)