

CBSS-C STATS
starts:[957, 382, 910, 678, 728]
targets:[574, 712, 136, 907, 51, 165, 1010, 161, 498, 656, 34, 645, 11, 308, 32, 0, 431, 987, 501, 121, 794, 315, 316, 212, 506, 837, 857, 482, 796, 236, 974, 968, 123, 542, 780, 886, 850, 471, 684, 619, 173, 683, 241, 301, 1, 992, 946, 598, 440, 85]
dests:[264, 190, 306, 257, 2]
ac_dict:{574: {0, 1}, 712: {1, 2}, 136: {2, 3}, 907: {3, 4}, 264: {0}, 190: {1}, 306: {2}, 257: {3}, 2: {4}}
clusters:[ 5 39 37 29 10  7  4  3 19 36  8 12 11 20 25 26  3 27  0  2 28 15 30 33
 24  1  0 35 17 32  2  9  8  5 23 22 14  1  6 18 34 31 16 13  6  4  7  9
 21 38]

round: 2
best_g_value: 233.0
open_list_size: 1
num_low_level_expanded: 738
search_success: 1
search_time: 27.86575717300002
n_tsp_call: 1
n_tsp_time: 27.728921603000344
n_roots: 1
num_conflicts: 1
target_assignment: {987: 0, 796: 0, 542: 0, 506: 0, 471: 0, 440: 0, 431: 0, 301: 0, 236: 0, 974: 2, 968: 2, 712: 2, 683: 2, 619: 2, 136: 2, 173: 2, 241: 2, 794: 4, 857: 4, 886: 4, 850: 4, 1010: 4, 946: 4, 907: 4, 780: 4, 656: 4, 498: 4, 308: 4, 212: 4, 85: 4, 51: 4, 11: 4, 34: 4, 32: 4, 0: 4, 1: 4, 645: 3, 482: 3, 316: 1, 315: 1}
cluster_target_selection: {27: 987, 17: 796, 5: 542, 24: 506, 1: 471, 21: 440, 3: 431, 13: 301, 32: 236, 2: 974, 9: 968, 39: 712, 31: 683, 18: 619, 37: 136, 34: 173, 16: 241, 28: 794, 0: 857, 22: 886, 14: 850, 4: 1010, 7: 946, 29: 907, 23: 780, 36: 656, 19: 498, 20: 308, 33: 212, 38: 85, 10: 51, 11: 11, 8: 34, 25: 32, 26: 0, 6: 1, 12: 645, 35: 482, 30: 316, 15: 315}
num_nodes_transformed_graph: 248
agent_paths:({0: [(29, 29), (28, 29), (27, 29), (27, 30), (27, 29), (27, 28), (27, 27), (27, 26), (27, 25), (27, 24), (28, 24), (29, 24), (29, 23), (29, 22), (29, 21), (29, 20), (29, 19), (29, 18), (29, 17), (29, 16), (30, 16), (29, 16), (28, 16), (27, 16), (26, 16), (26, 15), (25, 15), (24, 15), (23, 15), (23, 14), (23, 13), (24, 13), (23, 13), (22, 13), (21, 13), (20, 13), (19, 13), (18, 13), (17, 13), (16, 13), (15, 13), (14, 13), (14, 12), (14, 11), (14, 10), (13, 10), (13, 9), (13, 8), (13, 7), (12, 7), (11, 7), (10, 7), (9, 7), (9, 8), (8, 8), (8, 8)], 1: [(30, 11), (29, 11), (28, 11), (28, 10), (28, 9), (27, 9), (27, 8), (27, 7), (27, 6), (27, 5), (28, 5), (29, 5), (30, 5), (30, 5)], 2: [(14, 28), (14, 29), (14, 30), (13, 30), (12, 30), (11, 30), (10, 30), (9, 30), (8, 30), (8, 29), (8, 28), (8, 27), (8, 26), (8, 25), (8, 24), (8, 23), (8, 22), (8, 21), (9, 21), (10, 21), (11, 21), (11, 20), (11, 19), (10, 19), (10, 18), (10, 17), (10, 16), (10, 15), (10, 14), (10, 13), (10, 12), (9, 12), (9, 11), (9, 10), (9, 9), (9, 8), (9, 7), (9, 6), (8, 6), (8, 5), (8, 4), (9, 4), (10, 4), (11, 4), (12, 4), (13, 4), (13, 5), (14, 5), (15, 5), (16, 5), (17, 5), (17, 6), (17, 7), (18, 7), (18, 8), (18, 9), (18, 9)], 3: [(6, 21), (5, 21), (5, 20), (5, 19), (4, 19), (4, 18), (3, 18), (2, 18), (2, 17), (2, 16), (2, 15), (1, 15), (1, 14), (1, 13), (1, 12), (1, 11), (1, 10), (1, 9), (1, 8), (1, 8)], 4: [(24, 22), (24, 23), (24, 24), (25, 24), (26, 24), (25, 24), (25, 25), (25, 26), (24, 26), (23, 26), (22, 26), (22, 27), (21, 27), (20, 27), (19, 27), (18, 27), (18, 26), (18, 27), (18, 28), (18, 29), (18, 30), (18, 31), (18, 30), (18, 29), (17, 29), (16, 29), (15, 29), (14, 29), (13, 29), (12, 29), (11, 29), (11, 28), (11, 27), (11, 26), (11, 25), (11, 24), (12, 24), (12, 23), (12, 22), (12, 21), (12, 20), (13, 20), (14, 20), (15, 20), (16, 20), (16, 19), (16, 18), (16, 17), (16, 16), (16, 15), (17, 15), (18, 15), (18, 14), (18, 13), (18, 12), (18, 11), (18, 10), (19, 10), (19, 9), (20, 9), (20, 8), (20, 7), (20, 6), (21, 6), (21, 5), (21, 4), (21, 3), (21, 2), (20, 2), (20, 1), (19, 1), (18, 1), (17, 1), (16, 1), (15, 1), (14, 1), (13, 1), (12, 1), (11, 1), (11, 0), (10, 0), (9, 0), (8, 0), (8, 1), (7, 1), (6, 1), (5, 1), (4, 1), (3, 1), (2, 1), (1, 1), (0, 1), (0, 0), (1, 0), (2, 0), (2, 0)]}, 94)