

CBSS-C STATS
starts:[51, 259]
targets:[664, 951, 921, 469, 216, 392, 246, 457, 405, 256, 615, 711, 859, 200, 1002, 151, 236, 771, 795, 842, 428, 614, 347, 227, 751, 667, 723, 366, 304, 712, 654, 589, 378, 140, 573, 466, 755, 891, 658, 85, 735, 992, 974, 87, 894, 475, 480, 123, 129, 112, 119, 744, 201, 228, 531, 717, 807, 103, 350, 792, 217, 533, 777, 783, 5, 584, 344, 162, 847, 238, 518, 179, 324, 733, 766, 11, 31, 168, 97, 184, 909, 981, 762, 23, 205, 288, 193, 996, 504, 373, 286, 451, 199, 845, 641, 940, 207, 585, 968, 672]
dests:[476, 743]
ac_dict:{664: {0, 1}, 476: {0}, 743: {1}}
clusters:[31  9 39 26 10  9 36 19 18 25 33 13 25 35 37 27 34 33 31 27 39 11 24  2
 32 36 27 30  0  1  5  7 24 26 24 25  3 34  6 18 29  6 37 36 10 27  8 24
 22 26 25  7 26  7 29 25  8 11 10 32 30 13 10  9 15  0 17 27  0 29 30 21
 25 13 39 14  1  0 20 38 28 23  5 12 14 36  8 10  2 21 26  8 27 10 25 26
 30 38  4 16]

round: 1
best_g_value: 455.0
open_list_size: 0
num_low_level_expanded: 370
search_success: 1
search_time: 7.950946552002279
n_tsp_call: 1
n_tsp_time: 7.845522021998477
n_roots: 1
num_conflicts: 0
target_assignment: {23: 0, 87: 0, 151: 0, 184: 0, 216: 0, 217: 0, 344: 0, 373: 0, 405: 0, 469: 0, 531: 0, 981: 0, 951: 0, 921: 0, 891: 0, 859: 0, 795: 0, 573: 0, 227: 1, 193: 1, 129: 1, 97: 1, 5: 1, 103: 1, 168: 1, 200: 1, 205: 1, 457: 1, 654: 1, 658: 1, 755: 1, 751: 1, 909: 1, 974: 1, 968: 1, 744: 1, 712: 1, 711: 1, 672: 1, 771: 1}
cluster_target_selection: {12: 23, 36: 87, 27: 151, 38: 184, 10: 216, 30: 217, 17: 344, 21: 373, 18: 405, 26: 469, 29: 531, 23: 981, 9: 951, 39: 921, 34: 891, 25: 859, 31: 795, 24: 573, 2: 227, 8: 193, 22: 129, 20: 97, 15: 5, 11: 103, 0: 168, 35: 200, 14: 205, 19: 457, 5: 654, 6: 658, 3: 755, 32: 751, 28: 909, 37: 974, 4: 968, 7: 744, 1: 712, 13: 711, 16: 672, 33: 771}
num_nodes_transformed_graph: 104
agent_paths:({0: [(19, 1), (19, 0), (20, 0), (21, 0), (22, 0), (23, 0), (23, 1), (23, 2), (23, 3), (23, 4), (23, 5), (24, 5), (24, 6), (25, 6), (25, 7), (25, 8), (24, 8), (24, 9), (24, 10), (23, 10), (22, 10), (21, 10), (21, 11), (21, 12), (21, 13), (21, 14), (20, 14), (19, 14), (19, 15), (19, 16), (19, 17), (19, 18), (19, 19), (19, 20), (19, 21), (19, 22), (19, 23), (19, 24), (20, 24), (20, 25), (20, 26), (20, 27), (20, 28), (20, 29), (21, 29), (21, 30), (22, 30), (23, 30), (23, 29), (23, 28), (24, 28), (25, 28), (25, 27), (26, 27), (27, 27), (27, 26), (27, 25), (27, 24), (27, 23), (27, 22), (27, 21), (27, 20), (27, 19), (27, 18), (28, 18), (29, 18), (29, 17), (29, 16), (28, 16), (28, 15), (28, 14), (28, 14)], 1: [(3, 8), (3, 7), (2, 7), (1, 7), (1, 6), (1, 5), (1, 4), (1, 3), (1, 2), (1, 1), (1, 0), (2, 0), (3, 0), (4, 0), (5, 0), (6, 0), (6, 1), (6, 2), (6, 3), (7, 3), (8, 3), (8, 4), (8, 5), (8, 6), (9, 6), (10, 6), (11, 6), (12, 6), (13, 6), (12, 6), (11, 6), (10, 6), (10, 7), (10, 8), (10, 9), (10, 10), (10, 11), (10, 12), (10, 13), (10, 14), (9, 14), (10, 14), (11, 14), (12, 14), (13, 14), (14, 14), (14, 15), (14, 16), (14, 17), (14, 18), (14, 19), (14, 20), (15, 20), (16, 20), (17, 20), (18, 20), (19, 20), (19, 21), (19, 22), (19, 23), (18, 23), (17, 23), (16, 23), (15, 23), (14, 23), (13, 23), (13, 24), (13, 25), (13, 26), (13, 27), (13, 28), (14, 28), (14, 29), (14, 30), (13, 30), (12, 30), (11, 30), (10, 30), (9, 30), (8, 30), (8, 29), (8, 28), (8, 27), (8, 26), (8, 25), (8, 24), (8, 23), (8, 22), (7, 22), (6, 22), (5, 22), (4, 22), (3, 22), (2, 22), (1, 22), (1, 21), (0, 21), (1, 21), (2, 21), (3, 21), (3, 22), (3, 23), (3, 24), (3, 23), (4, 23), (5, 23), (6, 23), (7, 23), (7, 23)]}, 107)