

CBSS-C STATS
starts:[960, 326, 134, 24, 459]
targets:[711, 454, 41, 3, 862, 671, 364, 641, 517, 292, 665, 31, 826, 848, 496, 657, 585, 401, 735, 910]
dests:[418, 237, 187, 706, 750]
ac_dict:{711: {0, 1}, 454: {1, 2}, 41: {2, 3}, 3: {3, 4}, 418: {0}, 237: {1}, 187: {2}, 706: {3}, 750: {4}}
clusters:[4 9 8 0 6 6 4 5 0 1 2 2 6 4 3 8 0 1 7 0]

round: 1
best_g_value: 153.0
open_list_size: 0
num_low_level_expanded: 371
search_success: 1
search_time: 4.095189342740923
n_tsp_call: 1
n_tsp_time: 4.06456189788878
n_roots: 1
num_conflicts: 0
target_assignment: {641: 0, 496: 4, 292: 1, 517: 1, 454: 1, 364: 1, 735: 3, 671: 3, 665: 3, 657: 3}
cluster_target_selection: {5: 641, 3: 496, 1: 292, 0: 517, 9: 454, 4: 364, 7: 735, 6: 671, 2: 665, 8: 657}
num_nodes_transformed_graph: 98
agent_paths:({0: [(0, 30), (0, 29), (0, 28), (0, 27), (0, 26), (0, 25), (0, 24), (0, 23), (1, 23), (1, 22), (1, 21), (1, 20), (1, 19), (2, 19), (2, 18), (2, 17), (2, 16), (2, 15), (2, 14), (2, 13), (2, 13)], 1: [(6, 10), (5, 10), (4, 10), (4, 9), (4, 10), (4, 11), (4, 12), (4, 13), (5, 13), (5, 14), (5, 15), (5, 16), (5, 15), (5, 14), (6, 14), (6, 13), (7, 13), (8, 13), (8, 12), (9, 12), (9, 11), (10, 11), (11, 11), (12, 11), (12, 10), (13, 10), (13, 9), (13, 8), (13, 7), (13, 7)], 2: [(6, 4), (7, 4), (8, 4), (9, 4), (10, 4), (11, 4), (12, 4), (13, 4), (14, 4), (14, 5), (15, 5), (16, 5), (17, 5), (18, 5), (19, 5), (19, 4), (20, 4), (21, 4), (22, 4), (23, 4), (23, 5), (24, 5), (25, 5), (26, 5), (27, 5), (27, 5)], 3: [(24, 0), (24, 1), (24, 2), (25, 2), (25, 3), (26, 3), (27, 3), (28, 3), (28, 4), (29, 4), (29, 5), (29, 6), (29, 7), (29, 8), (29, 9), (29, 10), (29, 11), (29, 12), (29, 13), (29, 14), (29, 15), (29, 16), (29, 17), (29, 18), (29, 19), (29, 20), (29, 21), (29, 22), (30, 22), (31, 22), (30, 22), (29, 22), (29, 21), (29, 20), (30, 20), (31, 20), (30, 20), (29, 20), (28, 20), (27, 20), (26, 20), (25, 20), (24, 20), (23, 20), (22, 20), (21, 20), (20, 20), (19, 20), (18, 20), (17, 20), (16, 20), (15, 20), (14, 20), (13, 20), (12, 20), (11, 20), (10, 20), (9, 20), (8, 20), (7, 20), (6, 20), (5, 20), (5, 21), (5, 22), (4, 22), (3, 22), (2, 22), (2, 22)], 4: [(11, 14), (12, 14), (13, 14), (14, 14), (15, 14), (16, 14), (16, 15), (16, 16), (16, 17), (16, 18), (16, 19), (15, 19), (15, 20), (15, 21), (15, 22), (15, 23), (14, 23), (14, 23)]}, 66)