

CBSS-C STATS
starts:[374, 877]
targets:[40, 256, 722, 843, 228, 708, 14, 474, 536, 959, 794, 37, 356, 430, 875, 784, 845, 281, 450, 838, 775, 286, 316, 570, 685, 297, 306, 832, 96, 602, 54, 819, 501, 166, 368, 696, 6, 1000, 47, 510, 25, 226, 307, 101, 787, 242, 542, 662, 179, 377, 237, 555, 1019, 876, 948, 849, 499, 596, 672, 376, 795, 114, 574, 288, 234, 762, 183, 635, 321, 667, 148, 728, 132, 998, 218, 777, 168, 731, 475, 823, 334, 325, 60, 341, 29, 485, 561, 382, 511, 74, 1009, 186, 752, 386, 468, 390, 273, 609, 492, 855]
dests:[497, 519]
ac_dict:{40: {0, 1}, 497: {0}, 519: {1}}
clusters:[28 33  5 13  3 30 13 15 22 38 20 12 18 15 32 31 27  0 11 38 25 22 37 30
  6 34  6 18 28  8 31 30 30 19 22  8 31 20  9 10  8 29 36 27 15 28 35 36
 25 34  2 13 26 37 26 29 14 25 36 16 11 33 26 39 15  0  3 35 29 12  1 17
 39  8 23 37 16  4 21  5 25  7 15 37 28 21  4 37 26 24 32 17 38 30 17 21
 27 23 33  3]

round: 1
best_g_value: 412.0
open_list_size: 0
num_low_level_expanded: 239
search_success: 1
search_time: 58.28085302999534
n_tsp_call: 1
n_tsp_time: 58.113797398000315
n_roots: 1
num_conflicts: 0
target_assignment: {341: 0, 307: 0, 306: 0, 242: 0, 237: 0, 334: 0, 368: 0, 499: 0, 875: 1, 843: 1, 845: 1, 752: 1, 784: 1, 849: 1, 819: 1, 823: 1, 794: 1, 795: 1, 731: 1, 667: 1, 602: 1, 574: 1, 542: 1, 510: 1, 474: 1, 377: 1, 281: 1, 218: 1, 186: 1, 183: 1, 148: 1, 114: 1, 47: 1, 74: 1, 168: 1, 166: 1, 132: 1, 325: 1, 356: 1, 485: 1}
cluster_target_selection: {37: 341, 36: 307, 6: 306, 28: 242, 2: 237, 25: 334, 22: 368, 14: 499, 32: 875, 13: 843, 27: 845, 38: 752, 31: 784, 29: 849, 30: 819, 5: 823, 20: 794, 11: 795, 4: 731, 12: 667, 8: 602, 26: 574, 35: 542, 10: 510, 15: 474, 34: 377, 0: 281, 23: 218, 17: 186, 3: 183, 1: 148, 33: 114, 9: 47, 24: 74, 16: 168, 19: 166, 39: 132, 7: 325, 18: 356, 21: 485}
num_nodes_transformed_graph: 204
agent_paths:({0: [(22, 11), (21, 11), (21, 10), (20, 10), (19, 10), (19, 9), (18, 9), (18, 8), (18, 7), (17, 7), (16, 7), (15, 7), (14, 7), (13, 7), (13, 8), (13, 9), (14, 9), (14, 10), (15, 10), (16, 10), (16, 11), (17, 11), (18, 11), (19, 11), (19, 12), (19, 13), (19, 14), (19, 15), (18, 15), (17, 15), (17, 15)], 1: [(13, 27), (12, 27), (11, 27), (11, 26), (12, 26), (13, 26), (13, 25), (13, 24), (13, 23), (14, 23), (15, 23), (16, 23), (16, 24), (17, 24), (17, 25), (17, 26), (17, 25), (18, 25), (19, 25), (20, 25), (21, 25), (22, 25), (23, 25), (23, 24), (24, 24), (25, 24), (26, 24), (27, 24), (27, 23), (27, 22), (27, 21), (27, 20), (27, 19), (27, 18), (26, 18), (27, 18), (28, 18), (29, 18), (29, 17), (30, 17), (30, 16), (30, 15), (29, 15), (28, 15), (27, 15), (26, 15), (26, 14), (25, 14), (25, 13), (25, 12), (25, 11), (25, 10), (25, 9), (25, 8), (25, 7), (25, 6), (26, 6), (26, 5), (25, 5), (24, 5), (23, 5), (23, 4), (22, 4), (21, 4), (20, 4), (19, 4), (18, 4), (18, 3), (17, 3), (16, 3), (16, 2), (16, 1), (15, 1), (14, 1), (13, 1), (12, 1), (11, 1), (10, 1), (10, 2), (9, 2), (9, 3), (8, 3), (8, 4), (8, 5), (7, 5), (6, 5), (5, 5), (4, 5), (4, 4), (5, 4), (5, 5), (5, 6), (5, 7), (5, 8), (5, 9), (5, 10), (4, 10), (4, 11), (4, 12), (4, 13), (5, 13), (5, 14), (5, 15), (6, 15), (7, 15), (7, 16), (7, 16)]}, 105)