

CBSS-C STATS
starts:[906, 409]
targets:[151, 145, 85, 30, 610, 134, 97, 748, 498, 639, 976, 653, 46, 278, 158, 867, 977, 48, 866, 54, 984, 643, 206, 224, 608, 67, 199, 612, 792, 533, 486, 665, 317, 443, 598, 824, 133, 214, 1008, 461, 55, 870, 236, 948, 245, 775, 901, 288, 524, 929, 561, 999, 910, 668, 1006, 234, 432, 850, 430, 571, 983, 721, 664, 772, 385, 408, 1014, 320, 735, 568, 969, 489, 124, 532, 528, 69, 3, 596, 205, 174, 914, 150, 595, 584, 1023, 627, 33, 573, 505, 607, 895, 315, 691, 101, 944, 575, 1021, 793, 462, 705]
dests:[357, 762]
ac_dict:{151: {0, 1}, 357: {0}, 762: {1}}
clusters:[12 35 23  1 29 12  7  9 24  5 22 24 34 29 36 29 24 25 22 37  2  3 35 11
  3 37 20 17 15  8 31 31 30  5 13 30 14 32 30 19 12 13  4 23 24 18 25 32
 32  6 18 19 25 34  5 38  4 14 35 28  1 26  3 39 18 17 27 21 21 32 28 11
  6  5 12 37  3 24 10 12  7 33 36 26  4 28 27 16 10 12  0 23  1 27 11 14
 35 37 19 29]

round: 1
best_g_value: 466.0
open_list_size: 0
num_low_level_expanded: 406
search_success: 1
search_time: 12.300838701004977
n_tsp_call: 1
n_tsp_time: 12.18675119499676
n_roots: 1
num_conflicts: 0
target_assignment: {408: 1, 214: 1, 151: 1, 150: 1, 206: 1, 205: 1, 199: 1, 234: 1, 236: 1, 462: 1, 532: 1, 533: 1, 598: 1, 596: 1, 595: 1, 627: 1, 721: 1, 748: 1, 775: 1, 772: 1, 867: 1, 866: 1, 929: 1, 910: 1, 944: 1, 914: 1, 850: 1, 948: 1, 1014: 1, 983: 1, 984: 1, 895: 1, 735: 1, 573: 1, 668: 1, 665: 1, 664: 1, 792: 1, 824: 1, 793: 1}
cluster_target_selection: {17: 408, 32: 214, 12: 151, 33: 150, 35: 206, 10: 205, 20: 199, 38: 234, 4: 236, 19: 462, 5: 532, 8: 533, 13: 598, 24: 596, 36: 595, 28: 627, 26: 721, 9: 748, 18: 775, 39: 772, 29: 867, 22: 866, 6: 929, 25: 910, 11: 944, 7: 914, 14: 850, 23: 948, 27: 1014, 1: 983, 2: 984, 0: 895, 21: 735, 16: 573, 34: 668, 31: 665, 3: 664, 15: 792, 30: 824, 37: 793}
num_nodes_transformed_graph: 104
agent_paths:({0: [(10, 28), (9, 28), (8, 28), (8, 27), (8, 26), (7, 26), (7, 25), (7, 24), (7, 23), (7, 22), (7, 21), (7, 20), (7, 19), (7, 18), (7, 17), (6, 17), (6, 16), (6, 15), (6, 14), (6, 13), (6, 12), (6, 11), (5, 11), (5, 11)], 1: [(25, 12), (24, 12), (23, 12), (22, 12), (22, 11), (22, 10), (22, 9), (22, 8), (22, 7), (22, 6), (23, 6), (23, 5), (23, 4), (22, 4), (21, 4), (20, 4), (19, 4), (18, 4), (17, 4), (16, 4), (16, 5), (15, 5), (14, 5), (14, 6), (13, 6), (12, 6), (11, 6), (10, 6), (9, 6), (8, 6), (7, 6), (8, 6), (9, 6), (10, 6), (10, 7), (11, 7), (12, 7), (13, 7), (13, 8), (13, 9), (14, 9), (14, 10), (14, 11), (14, 12), (14, 13), (14, 14), (15, 14), (16, 14), (17, 14), (18, 14), (19, 14), (19, 15), (19, 16), (20, 16), (21, 16), (22, 16), (22, 17), (22, 18), (21, 18), (20, 18), (19, 18), (19, 19), (18, 19), (17, 19), (17, 20), (17, 21), (17, 22), (16, 22), (15, 22), (15, 23), (14, 23), (13, 23), (12, 23), (11, 23), (10, 23), (9, 23), (8, 23), (7, 23), (7, 24), (7, 23), (6, 23), (5, 23), (4, 23), (4, 24), (3, 24), (3, 25), (3, 26), (3, 27), (2, 27), (1, 27), (1, 28), (1, 29), (2, 29), (3, 29), (4, 29), (4, 28), (5, 28), (6, 28), (7, 28), (8, 28), (9, 28), (10, 28), (11, 28), (12, 28), (13, 28), (14, 28), (15, 28), (16, 28), (16, 29), (16, 28), (17, 28), (18, 28), (18, 27), (18, 26), (19, 26), (20, 26), (20, 27), (20, 28), (20, 29), (21, 29), (21, 30), (22, 30), (22, 31), (22, 30), (23, 30), (24, 30), (24, 29), (24, 28), (24, 27), (25, 27), (26, 27), (27, 27), (28, 27), (29, 27), (30, 27), (31, 27), (30, 27), (30, 26), (30, 25), (30, 24), (30, 23), (30, 22), (31, 22), (30, 22), (29, 22), (29, 21), (29, 20), (29, 19), (29, 18), (29, 17), (29, 18), (29, 19), (29, 20), (28, 20), (27, 20), (26, 20), (25, 20), (24, 20), (24, 21), (24, 22), (24, 23), (24, 24), (24, 25), (24, 24), (25, 24), (26, 24), (26, 23), (26, 23)]}, 166)