

CBSS-C STATS
starts:[116, 504]
targets:[896, 750, 155, 913, 69, 401, 882, 339, 291, 701, 981, 462, 1014, 993, 569, 834, 832, 653, 553, 691, 865, 959, 233, 238, 73, 229, 508, 4, 539, 277, 910, 1011, 592, 685, 828, 843, 857, 511, 665, 740, 199, 915, 798, 207, 974, 503, 158, 565, 103, 613, 788, 129, 460, 19, 548, 775, 736, 645, 153, 450, 64, 753, 186, 188, 826, 239, 225, 476, 876, 984, 797, 313, 725, 532, 283, 664, 1019, 5, 322, 469, 523, 827, 672, 748, 261, 467, 598, 930, 963, 694, 962, 98, 422, 39, 113, 145, 977, 590, 445, 246]
dests:[932, 502]
ac_dict:{896: {0, 1}, 932: {0}, 502: {1}}
clusters:[15 39  0 34 29 27 33 14  5 35 39 34  3 14  1 18 36 25  1  6 23 18 35 26
  1 28 37  6 37 27 13 11 25 24 11 31  9 15 13 18 10 18  9 16 23 14 12 25
 38 22  2 28 16 37  8  5 26 26  1 16  4  1 38 18 28  5 11 12 13 19 37 39
 28 20 33  8 24 10 33  4 31 12 21 25 27 34 35 29 15 24  7 28  2 30 34 32
 16 17 38  6]

round: 1
best_g_value: 438.0
open_list_size: 0
num_low_level_expanded: 295
search_success: 1
search_time: 63.22850175500207
n_tsp_call: 1
n_tsp_time: 63.05713075299718
n_roots: 1
num_conflicts: 0
target_assignment: {153: 0, 155: 0, 246: 0, 239: 0, 207: 0, 145: 0, 113: 0, 39: 0, 103: 0, 199: 0, 261: 0, 422: 0, 613: 0, 672: 0, 736: 0, 832: 0, 865: 0, 930: 0, 962: 0, 963: 0, 503: 1, 664: 1, 665: 1, 701: 1, 797: 1, 828: 1, 827: 1, 826: 1, 857: 1, 984: 1, 1014: 1, 981: 1, 915: 1, 882: 1, 843: 1, 685: 1, 653: 1, 590: 1, 532: 1, 469: 1}
cluster_target_selection: {1: 153, 0: 155, 6: 246, 5: 239, 16: 207, 32: 145, 34: 113, 30: 39, 38: 103, 10: 199, 27: 261, 2: 422, 22: 613, 21: 672, 26: 736, 36: 832, 23: 865, 29: 930, 7: 962, 15: 963, 14: 503, 8: 664, 13: 665, 35: 701, 37: 797, 11: 828, 12: 827, 28: 826, 9: 857, 19: 984, 3: 1014, 39: 981, 18: 915, 33: 882, 31: 843, 24: 685, 25: 653, 17: 590, 20: 532, 4: 469}
num_nodes_transformed_graph: 204
agent_paths:({0: [(20, 3), (21, 3), (22, 3), (23, 3), (24, 3), (25, 3), (25, 4), (26, 4), (27, 4), (26, 4), (25, 4), (25, 5), (24, 5), (23, 5), (23, 6), (22, 6), (22, 7), (21, 7), (20, 7), (19, 7), (18, 7), (17, 7), (16, 7), (15, 7), (15, 6), (15, 5), (16, 5), (16, 4), (17, 4), (17, 3), (16, 3), (16, 2), (16, 1), (15, 1), (14, 1), (13, 1), (12, 1), (11, 1), (10, 1), (9, 1), (8, 1), (7, 1), (6, 1), (6, 2), (6, 3), (7, 3), (7, 4), (7, 5), (7, 6), (7, 7), (6, 7), (5, 7), (5, 8), (5, 9), (6, 9), (6, 10), (6, 11), (6, 12), (6, 13), (5, 13), (5, 14), (5, 15), (5, 16), (5, 17), (5, 18), (5, 19), (5, 20), (5, 21), (5, 22), (4, 22), (3, 22), (2, 22), (1, 22), (1, 21), (0, 21), (1, 21), (1, 22), (1, 23), (0, 23), (0, 24), (0, 25), (0, 26), (0, 27), (1, 27), (2, 27), (2, 28), (2, 29), (2, 30), (3, 30), (3, 29), (4, 29), (4, 29)], 1: [(24, 15), (23, 15), (24, 15), (24, 16), (24, 17), (24, 18), (24, 19), (24, 20), (25, 20), (26, 20), (27, 20), (28, 20), (29, 20), (29, 21), (29, 22), (29, 23), (29, 24), (28, 24), (28, 25), (27, 25), (26, 25), (25, 25), (25, 26), (24, 26), (24, 27), (24, 28), (24, 29), (24, 30), (23, 30), (22, 30), (22, 31), (21, 31), (21, 30), (20, 30), (19, 30), (19, 29), (19, 28), (18, 28), (18, 27), (17, 27), (16, 27), (15, 27), (14, 27), (13, 27), (12, 27), (11, 27), (11, 26), (11, 25), (11, 24), (11, 23), (11, 22), (11, 21), (12, 21), (13, 21), (13, 20), (13, 19), (13, 18), (14, 18), (14, 17), (15, 17), (16, 17), (17, 17), (18, 17), (19, 17), (19, 16), (20, 16), (21, 16), (21, 15), (21, 14), (22, 14), (22, 15), (22, 15)]}, 90)