

CBSS-C STATS
starts:[606, 356, 974, 98, 1018]
targets:[804, 150, 723, 627, 520, 668, 140, 859, 708, 954, 801, 594, 779, 1010, 602, 519, 994, 324, 738, 603, 207, 693, 834, 133, 22, 807, 875, 502, 244, 92, 795, 978, 350, 800, 631, 977, 88, 527, 847, 227]
dests:[139, 181, 440, 108, 554]
ac_dict:{804: {0, 1}, 150: {1, 2}, 723: {2, 3}, 627: {3, 4}, 139: {0}, 181: {1}, 440: {2}, 108: {3}, 554: {4}}
clusters:[ 2  6 10  7 14  0 11 16  8 13  3 14  3  4  5 21  2 12 18 20  4 11  1  8
 12 19  9 22 23 10  6 15  7  9 13 24  5  0 17  1]

round: 1
best_g_value: 171.0
open_list_size: 0
num_low_level_expanded: 374
search_success: 1
search_time: 33.46374275999915
n_tsp_call: 1
n_tsp_time: 33.383958804999565
n_roots: 1
num_conflicts: 0
target_assignment: {603: 0, 602: 0, 847: 0, 807: 0, 804: 0, 800: 0, 801: 0, 834: 0, 738: 0, 708: 0, 519: 0, 977: 2, 978: 2, 723: 2, 693: 2, 502: 2, 324: 1, 207: 1, 244: 1, 954: 4, 859: 4, 795: 4, 668: 4, 627: 4, 594: 4}
cluster_target_selection: {20: 603, 5: 602, 17: 847, 19: 807, 2: 804, 9: 800, 3: 801, 1: 834, 18: 738, 8: 708, 21: 519, 24: 977, 15: 978, 10: 723, 11: 693, 22: 502, 12: 324, 4: 207, 23: 244, 13: 954, 16: 859, 6: 795, 0: 668, 7: 627, 14: 594}
num_nodes_transformed_graph: 198
agent_paths:({0: [(30, 18), (29, 18), (28, 18), (27, 18), (26, 18), (25, 18), (24, 18), (23, 18), (22, 18), (21, 18), (20, 18), (19, 18), (18, 18), (18, 19), (17, 19), (16, 19), (15, 19), (15, 20), (15, 21), (15, 22), (15, 23), (15, 24), (15, 25), (15, 26), (15, 25), (14, 25), (13, 25), (12, 25), (11, 25), (10, 25), (9, 25), (8, 25), (7, 25), (6, 25), (5, 25), (4, 25), (3, 25), (2, 25), (1, 25), (0, 25), (1, 25), (2, 25), (2, 26), (2, 25), (2, 24), (2, 23), (2, 22), (3, 22), (4, 22), (5, 22), (5, 21), (5, 20), (5, 19), (5, 18), (5, 17), (5, 16), (6, 16), (7, 16), (8, 16), (9, 16), (9, 15), (9, 14), (10, 14), (10, 13), (10, 12), (10, 11), (10, 10), (10, 9), (10, 8), (10, 7), (10, 6), (10, 5), (10, 4), (11, 4), (11, 4)], 1: [(4, 11), (4, 10), (4, 9), (4, 8), (4, 7), (5, 7), (6, 7), (7, 7), (7, 6), (8, 6), (9, 6), (10, 6), (11, 6), (12, 6), (13, 6), (14, 6), (15, 6), (16, 6), (17, 6), (18, 6), (19, 6), (20, 6), (20, 7), (20, 6), (21, 6), (21, 5), (21, 5)], 2: [(14, 30), (14, 29), (15, 29), (16, 29), (17, 29), (17, 30), (18, 30), (18, 29), (18, 28), (18, 27), (18, 26), (18, 25), (18, 24), (18, 23), (18, 22), (19, 22), (19, 21), (20, 21), (21, 21), (21, 20), (21, 19), (21, 18), (21, 17), (21, 16), (21, 15), (22, 15), (22, 14), (22, 13), (23, 13), (24, 13), (24, 13)], 3: [(2, 3), (3, 3), (4, 3), (5, 3), (6, 3), (7, 3), (8, 3), (9, 3), (10, 3), (11, 3), (12, 3), (12, 3)], 4: [(26, 31), (26, 30), (26, 29), (26, 28), (26, 27), (26, 26), (27, 26), (27, 25), (27, 24), (27, 23), (27, 22), (27, 21), (27, 20), (28, 20), (27, 20), (26, 20), (25, 20), (24, 20), (23, 20), (22, 20), (21, 20), (20, 20), (19, 20), (19, 19), (18, 19), (18, 18), (18, 17), (17, 17), (16, 17), (15, 17), (14, 17), (13, 17), (12, 17), (11, 17), (10, 17), (10, 17)]}, 73)