

CBSS-C STATS
starts:[737, 293, 189, 108, 671, 44, 691, 891, 349, 505]
targets:[132, 310, 292, 914, 1013]
dests:[731, 640, 787, 780, 686, 742, 155, 102, 313, 844]
ac_dict:{132: {0, 1}, 310: {1, 2}, 292: {2, 3}, 914: {3, 4}, 1013: {4, 5}, 731: {0}, 640: {1}, 787: {2}, 780: {3}, 686: {4}, 742: {5}, 155: {6}, 102: {7}, 313: {8}, 844: {9}}
clusters:[0 1 1 0 1]

round: 2
best_g_value: 252.0
open_list_size: 1
num_low_level_expanded: 1445
search_success: 1
search_time: 0.13176910718902946
n_tsp_call: 1
n_tsp_time: 0.08485620329156518
n_roots: 1
num_conflicts: 1
target_assignment: {310: 2, 132: 1}
cluster_target_selection: {1: 310, 0: 132}
num_nodes_transformed_graph: 30
agent_paths:({0: [(1, 23), (2, 23), (3, 23), (4, 23), (5, 23), (6, 23), (7, 23), (8, 23), (9, 23), (10, 23), (11, 23), (12, 23), (13, 23), (14, 23), (15, 23), (15, 22), (16, 22), (17, 22), (18, 22), (19, 22), (20, 22), (21, 22), (21, 21), (22, 21), (23, 21), (24, 21), (25, 21), (26, 21), (27, 21), (27, 22), (27, 22)], 1: [(5, 9), (5, 8), (5, 7), (5, 6), (5, 5), (4, 5), (4, 4), (3, 4), (3, 5), (3, 6), (3, 7), (3, 8), (3, 9), (2, 9), (2, 10), (2, 11), (2, 12), (2, 13), (2, 14), (2, 15), (2, 16), (2, 17), (2, 18), (2, 19), (1, 19), (0, 19), (0, 20), (0, 20)], 2: [(29, 5), (28, 5), (27, 5), (26, 5), (25, 5), (24, 5), (23, 5), (23, 6), (22, 6), (22, 7), (22, 8), (22, 9), (21, 9), (21, 10), (20, 10), (19, 10), (19, 11), (19, 12), (19, 13), (19, 14), (19, 15), (19, 16), (19, 17), (19, 18), (19, 19), (19, 20), (19, 21), (19, 22), (19, 23), (19, 24), (19, 24)], 3: [(12, 3), (12, 4), (12, 5), (12, 6), (12, 7), (11, 7), (11, 8), (11, 9), (11, 10), (12, 10), (12, 11), (12, 12), (12, 13), (12, 14), (12, 15), (12, 16), (12, 17), (12, 18), (12, 19), (12, 20), (12, 21), (12, 22), (12, 23), (12, 24), (12, 24)], 4: [(31, 20), (30, 20), (29, 20), (28, 20), (27, 20), (26, 20), (25, 20), (24, 20), (23, 20), (22, 20), (21, 20), (20, 20), (19, 20), (18, 20), (17, 20), (16, 20), (15, 20), (14, 20), (14, 21), (14, 21)], 5: [(12, 1), (11, 1), (10, 1), (10, 2), (10, 3), (10, 4), (10, 5), (10, 6), (10, 7), (10, 8), (10, 9), (10, 10), (10, 11), (10, 12), (10, 13), (10, 14), (9, 14), (9, 15), (9, 16), (8, 16), (7, 16), (7, 17), (7, 18), (7, 19), (6, 19), (6, 20), (6, 21), (6, 22), (6, 23), (6, 23)], 6: [(19, 21), (19, 20), (19, 19), (19, 18), (19, 17), (19, 16), (19, 15), (19, 14), (19, 13), (19, 12), (19, 11), (19, 10), (19, 9), (20, 9), (20, 8), (20, 7), (20, 6), (21, 6), (22, 6), (23, 6), (23, 5), (24, 5), (25, 5), (25, 4), (26, 4), (27, 4), (27, 4)], 7: [(27, 27), (26, 27), (25, 27), (24, 27), (23, 27), (22, 27), (21, 27), (20, 27), (19, 27), (18, 27), (17, 27), (16, 27), (15, 27), (14, 27), (13, 27), (12, 27), (11, 27), (10, 27), (10, 26), (10, 25), (10, 24), (10, 23), (10, 22), (10, 21), (10, 20), (10, 19), (10, 18), (10, 17), (10, 16), (10, 15), (10, 14), (10, 13), (10, 12), (9, 12), (9, 11), (9, 10), (8, 10), (7, 10), (7, 9), (7, 8), (7, 7), (7, 6), (7, 5), (6, 5), (6, 4), (6, 3), (6, 3)], 8: [(29, 10), (28, 10), (27, 10), (26, 10), (25, 10), (25, 9), (25, 9)], 9: [(25, 15), (24, 15), (23, 15), (22, 15), (21, 15), (21, 16), (20, 16), (19, 16), (19, 17), (18, 17), (17, 17), (16, 17), (15, 17), (14, 17), (13, 17), (12, 17), (12, 18), (12, 19), (12, 20), (12, 21), (12, 22), (12, 23), (12, 24), (12, 25), (12, 26), (12, 26)]}, 45)