

CBSS-C STATS
starts:[417, 185, 205, 135, 344]
targets:[689, 768, 786, 665, 921, 477, 520, 249, 555, 701]
dests:[4, 989, 124, 30, 518]
ac_dict:{689: {0, 1}, 768: {1, 2}, 786: {2, 3}, 665: {3, 4}, 4: {0}, 989: {1}, 124: {2}, 30: {3}, 518: {4}}
clusters:[1 0 0 1 1 0 1 0 1 1]

round: 1
best_g_value: 116.0
open_list_size: 0
num_low_level_expanded: 423
search_success: 1
search_time: 0.09329101210460067
n_tsp_call: 1
n_tsp_time: 0.07542673498392105
n_roots: 1
num_conflicts: 0
target_assignment: {249: 1, 520: 4}
cluster_target_selection: {0: 249, 1: 520}
num_nodes_transformed_graph: 29
agent_paths:({0: [(1, 13), (1, 12), (1, 11), (1, 10), (1, 9), (1, 8), (1, 7), (1, 6), (1, 5), (1, 4), (1, 3), (1, 2), (1, 1), (1, 0), (2, 0), (3, 0), (4, 0), (4, 0)], 1: [(25, 5), (25, 6), (25, 7), (26, 7), (27, 7), (28, 7), (29, 7), (29, 8), (29, 9), (29, 10), (29, 11), (29, 12), (29, 13), (29, 14), (29, 15), (29, 16), (29, 17), (29, 18), (29, 19), (29, 20), (29, 21), (29, 22), (29, 23), (29, 24), (29, 25), (29, 26), (29, 27), (29, 28), (29, 29), (29, 30), (29, 30)], 2: [(13, 6), (13, 5), (14, 5), (15, 5), (16, 5), (16, 4), (16, 3), (17, 3), (18, 3), (19, 3), (20, 3), (21, 3), (22, 3), (23, 3), (24, 3), (25, 3), (26, 3), (27, 3), (28, 3), (28, 3)], 3: [(7, 4), (8, 4), (9, 4), (10, 4), (11, 4), (12, 4), (13, 4), (14, 4), (14, 5), (15, 5), (16, 5), (16, 4), (16, 3), (17, 3), (18, 3), (19, 3), (20, 3), (21, 3), (22, 3), (23, 3), (24, 3), (25, 3), (26, 3), (27, 3), (27, 2), (27, 1), (27, 0), (28, 0), (29, 0), (30, 0), (30, 0)], 4: [(24, 10), (23, 10), (22, 10), (21, 10), (20, 10), (19, 10), (18, 10), (18, 11), (17, 11), (16, 11), (15, 11), (14, 11), (14, 12), (14, 13), (13, 13), (12, 13), (12, 14), (11, 14), (10, 14), (9, 14), (9, 15), (9, 16), (8, 16), (7, 16), (6, 16), (6, 16)]}, 29)