

CBSS-C STATS
starts:[293, 699, 173, 252, 771]
targets:[97, 517, 753, 424, 353, 1016, 186, 123, 656, 907]
dests:[244, 892, 89, 9, 225]
ac_dict:{97: {0, 1}, 517: {1, 2}, 753: {2, 3}, 424: {3, 4}, 244: {0}, 892: {1}, 89: {2}, 9: {3}, 225: {4}}
clusters:[0 0 1 0 0 1 0 0 0 1]

round: 1
best_g_value: 98.0
open_list_size: 0
num_low_level_expanded: 295
search_success: 1
search_time: 0.1326713990420103
n_tsp_call: 1
n_tsp_time: 0.11752278404310346
n_roots: 1
num_conflicts: 0
target_assignment: {1016: 1, 353: 4}
cluster_target_selection: {1: 1016, 0: 353}
num_nodes_transformed_graph: 48
agent_paths:({0: [(5, 9), (6, 9), (7, 9), (7, 8), (8, 8), (9, 8), (9, 7), (10, 7), (11, 7), (12, 7), (13, 7), (14, 7), (15, 7), (16, 7), (17, 7), (18, 7), (19, 7), (20, 7), (20, 7)], 1: [(27, 21), (26, 21), (25, 21), (24, 21), (24, 22), (24, 23), (24, 24), (24, 25), (24, 26), (24, 27), (24, 28), (24, 29), (24, 30), (24, 31), (24, 30), (24, 29), (24, 28), (24, 27), (25, 27), (26, 27), (27, 27), (28, 27), (28, 27)], 2: [(13, 5), (14, 5), (15, 5), (16, 5), (16, 4), (16, 3), (17, 3), (18, 3), (19, 3), (20, 3), (20, 2), (21, 2), (22, 2), (23, 2), (24, 2), (25, 2), (25, 2)], 3: [(28, 7), (27, 7), (26, 7), (25, 7), (25, 6), (24, 6), (23, 6), (22, 6), (21, 6), (20, 6), (19, 6), (18, 6), (17, 6), (16, 6), (15, 6), (14, 6), (13, 6), (12, 6), (11, 6), (10, 6), (10, 5), (10, 4), (9, 4), (9, 3), (9, 2), (9, 1), (9, 0), (9, 0)], 4: [(3, 24), (2, 24), (2, 23), (2, 22), (2, 21), (2, 20), (2, 19), (2, 18), (2, 17), (1, 17), (1, 16), (1, 15), (1, 14), (1, 13), (1, 12), (1, 11), (1, 10), (1, 9), (1, 8), (1, 7), (1, 7)]}, 26)