

CBSS-C STATS
starts:[599, 771, 56, 244, 188]
targets:[144, 897, 315, 787, 880, 821, 1014, 13, 851, 600, 59, 64, 101, 214, 616, 378, 848, 882, 331, 85]
dests:[749, 507, 767, 922, 1004]
ac_dict:{144: {0, 1}, 897: {1, 2}, 315: {2, 3}, 787: {3, 4}, 749: {0}, 507: {1}, 767: {2}, 922: {3}, 1004: {4}}
clusters:[7 8 9 2 1 2 6 7 4 9 5 9 9 6 0 9 5 6 9 3]

round: 1
best_g_value: 176.0
open_list_size: 0
num_low_level_expanded: 425
search_success: 1
search_time: 3.1283325967378914
n_tsp_call: 1
n_tsp_time: 3.0938219390809536
n_roots: 1
num_conflicts: 0
target_assignment: {787: 3, 851: 3, 848: 3, 880: 3, 882: 3, 315: 2, 85: 4, 13: 4, 897: 1, 616: 1}
cluster_target_selection: {2: 787, 4: 851, 5: 848, 1: 880, 6: 882, 9: 315, 3: 85, 7: 13, 8: 897, 0: 616}
num_nodes_transformed_graph: 98
agent_paths:({0: [(23, 18), (22, 18), (21, 18), (20, 18), (19, 18), (18, 18), (18, 19), (17, 19), (16, 19), (15, 19), (14, 19), (13, 19), (13, 20), (13, 21), (13, 22), (13, 23), (13, 23)], 1: [(3, 24), (2, 24), (2, 25), (2, 26), (2, 27), (1, 27), (1, 28), (1, 27), (2, 27), (2, 26), (2, 25), (2, 24), (2, 23), (2, 22), (3, 22), (4, 22), (5, 22), (5, 21), (5, 20), (5, 19), (6, 19), (7, 19), (8, 19), (8, 18), (8, 17), (9, 17), (10, 17), (11, 17), (12, 17), (13, 17), (14, 17), (15, 17), (16, 17), (17, 17), (18, 17), (19, 17), (19, 16), (20, 16), (21, 16), (21, 15), (22, 15), (23, 15), (24, 15), (25, 15), (26, 15), (27, 15), (27, 15)], 2: [(24, 1), (24, 2), (25, 2), (25, 3), (26, 3), (27, 3), (27, 4), (27, 5), (27, 6), (27, 7), (27, 8), (27, 9), (28, 9), (29, 9), (29, 10), (29, 11), (29, 12), (29, 13), (29, 14), (29, 15), (29, 16), (29, 17), (29, 18), (29, 19), (29, 20), (29, 21), (29, 22), (30, 22), (31, 22), (31, 23), (31, 23)], 3: [(20, 7), (20, 8), (20, 9), (19, 9), (19, 10), (19, 11), (19, 12), (19, 13), (19, 14), (19, 15), (19, 16), (19, 17), (19, 18), (19, 19), (19, 20), (19, 21), (19, 22), (19, 23), (19, 24), (19, 25), (19, 26), (18, 26), (17, 26), (16, 26), (16, 27), (17, 27), (18, 27), (19, 27), (20, 27), (21, 27), (22, 27), (23, 27), (24, 27), (25, 27), (26, 27), (26, 28), (26, 28)], 4: [(28, 5), (27, 5), (26, 5), (25, 5), (24, 5), (23, 5), (23, 4), (22, 4), (21, 4), (21, 3), (21, 2), (20, 2), (20, 1), (19, 1), (18, 1), (17, 1), (16, 1), (15, 1), (14, 1), (13, 1), (13, 0), (13, 1), (13, 2), (13, 3), (13, 4), (13, 5), (13, 6), (13, 7), (13, 8), (13, 9), (13, 10), (12, 10), (12, 11), (12, 12), (12, 13), (12, 14), (12, 15), (12, 16), (12, 17), (12, 18), (12, 19), (12, 20), (12, 21), (12, 22), (12, 23), (12, 24), (12, 25), (12, 26), (12, 27), (12, 28), (12, 29), (12, 30), (12, 31), (12, 31)]}, 52)