

CBSS-C STATS
starts:[62, 160, 298, 900, 633]
targets:[310, 472, 469, 239, 809, 197, 935, 320, 42, 402, 74, 1016, 651, 596, 920, 10, 800, 537, 988, 564, 691, 366, 607, 104, 984, 313, 352, 201, 219, 332, 778, 107, 645, 613, 311, 971, 814, 131, 139, 781]
dests:[842, 274, 430, 911, 928]
ac_dict:{310: {0, 1}, 472: {1, 2}, 469: {2, 3}, 239: {3, 4}, 842: {0}, 274: {1}, 430: {2}, 911: {3}, 928: {4}}
clusters:[ 6 19 17 13  2  9  6  5  2  1  8  4 20 10  5 11  8  9  4 12 11 22  0 24
 14 14 12 18  7 21  3  0 10 15 16  3 13  7 23  1]

round: 2
best_g_value: 180.0
open_list_size: 1
num_low_level_expanded: 1012
search_success: 1
search_time: 4.229826373999913
n_tsp_call: 1
n_tsp_time: 4.175895426999887
n_roots: 1
num_conflicts: 1
target_assignment: {219: 0, 313: 0, 311: 0, 537: 0, 920: 0, 1016: 0, 814: 0, 809: 0, 596: 4, 564: 4, 691: 4, 651: 4, 613: 4, 800: 4, 935: 3, 971: 3, 201: 1, 104: 1, 107: 1, 139: 1, 332: 2, 366: 2, 402: 2, 469: 2, 472: 2}
cluster_target_selection: {7: 219, 14: 313, 16: 311, 9: 537, 5: 920, 4: 1016, 13: 814, 2: 809, 10: 596, 12: 564, 11: 691, 20: 651, 15: 613, 8: 800, 6: 935, 3: 971, 18: 201, 24: 104, 0: 107, 23: 139, 21: 332, 22: 366, 1: 402, 17: 469, 19: 472}
num_nodes_transformed_graph: 99
agent_paths:({0: [(30, 1), (29, 1), (28, 1), (27, 1), (27, 2), (27, 3), (27, 4), (27, 5), (27, 6), (26, 6), (25, 6), (25, 7), (25, 8), (25, 9), (24, 9), (23, 9), (24, 9), (25, 9), (25, 10), (25, 11), (25, 12), (25, 13), (25, 14), (25, 15), (25, 16), (24, 16), (24, 17), (24, 18), (24, 19), (24, 20), (24, 21), (24, 22), (24, 23), (24, 24), (24, 25), (24, 26), (24, 27), (24, 28), (24, 29), (24, 30), (24, 31), (24, 30), (23, 30), (22, 30), (21, 30), (20, 30), (19, 30), (18, 30), (17, 30), (16, 30), (16, 29), (16, 28), (16, 27), (15, 27), (15, 26), (15, 25), (14, 25), (13, 25), (12, 25), (11, 25), (10, 25), (9, 25), (10, 25), (10, 26), (10, 26)], 1: [(0, 5), (1, 5), (2, 5), (3, 5), (4, 5), (5, 5), (6, 5), (7, 5), (8, 5), (8, 6), (9, 6), (8, 6), (8, 5), (8, 4), (8, 3), (9, 3), (10, 3), (11, 3), (11, 4), (12, 4), (13, 4), (14, 4), (14, 5), (15, 5), (16, 5), (17, 5), (18, 5), (18, 6), (18, 7), (18, 8), (18, 8)], 2: [(10, 9), (11, 9), (11, 10), (12, 10), (13, 10), (14, 10), (14, 11), (15, 11), (16, 11), (17, 11), (18, 11), (18, 12), (19, 12), (20, 12), (21, 12), (21, 13), (21, 14), (22, 14), (23, 14), (24, 14), (23, 14), (22, 14), (21, 14), (20, 14), (19, 14), (18, 14), (17, 14), (16, 14), (15, 14), (14, 14), (14, 13), (14, 13)], 3: [(4, 28), (5, 28), (6, 28), (7, 28), (7, 29), (8, 29), (8, 30), (9, 30), (10, 30), (11, 30), (11, 29), (11, 28), (12, 28), (13, 28), (14, 28), (15, 28), (15, 28)], 4: [(25, 19), (24, 19), (23, 19), (22, 19), (21, 19), (20, 19), (20, 18), (20, 17), (19, 17), (19, 18), (19, 19), (19, 20), (19, 21), (18, 21), (17, 21), (16, 21), (15, 21), (14, 21), (13, 21), (12, 21), (11, 21), (11, 20), (10, 20), (9, 20), (8, 20), (7, 20), (6, 20), (5, 20), (5, 19), (5, 20), (5, 21), (5, 22), (4, 22), (3, 22), (2, 22), (1, 22), (1, 23), (0, 23), (0, 24), (0, 25), (0, 26), (0, 27), (0, 28), (0, 29), (0, 29)]}, 63)