

CBSS-C STATS
starts:[52, 815, 313, 933, 971]
targets:[770, 241, 614, 367, 13, 138, 934, 895, 102, 830, 20, 583, 884, 225, 250, 15, 760, 999, 748, 610, 35, 1008, 356, 722, 598, 501, 841, 487, 941, 450, 767, 736, 927, 23, 928, 155, 245, 701, 461, 362, 453, 423, 940, 988, 619, 930, 410, 65, 463, 462]
dests:[655, 122, 404, 953, 355]
ac_dict:{770: {0, 1}, 241: {1, 2}, 614: {2, 3}, 367: {3, 4}, 655: {0}, 122: {1}, 404: {2}, 953: {3}, 355: {4}}
clusters:[11 11  9 16 13 10 20 15 23  0 12 26 17 21  5  7  4 25 16  0 12 29 19  1
  6 28 22  5  8 27  8 18  1 15  3 19 14 24 13 14  2  6  2 17 18  9  7  3
  4 10]

round: 1
best_g_value: 198.0
open_list_size: 0
num_low_level_expanded: 416
search_success: 1
search_time: 4.945525474000533
n_tsp_call: 1
n_tsp_time: 4.881795614999646
n_roots: 1
num_conflicts: 0
target_assignment: {20: 0, 245: 0, 501: 0, 598: 0, 748: 1, 619: 1, 461: 1, 462: 1, 463: 1, 241: 1, 841: 4, 583: 4, 487: 4, 450: 4, 225: 4, 65: 4, 102: 4, 356: 4, 410: 2, 930: 3, 934: 3, 999: 3, 940: 3, 941: 3, 1008: 3, 988: 3, 927: 3, 895: 3, 830: 3, 701: 3}
cluster_target_selection: {12: 20, 14: 245, 28: 501, 6: 598, 16: 748, 18: 619, 13: 461, 10: 462, 4: 463, 11: 241, 22: 841, 26: 583, 5: 487, 27: 450, 21: 225, 3: 65, 23: 102, 19: 356, 7: 410, 9: 930, 20: 934, 25: 999, 2: 940, 8: 941, 29: 1008, 17: 988, 1: 927, 15: 895, 0: 830, 24: 701}
num_nodes_transformed_graph: 129
agent_paths:({0: [(20, 1), (20, 0), (20, 1), (20, 2), (21, 2), (21, 3), (21, 4), (21, 5), (21, 6), (21, 7), (21, 8), (21, 9), (21, 10), (21, 11), (21, 12), (21, 13), (21, 14), (21, 15), (22, 15), (22, 16), (22, 17), (22, 18), (21, 18), (20, 18), (19, 18), (18, 18), (18, 19), (17, 19), (16, 19), (15, 19), (15, 20), (15, 20)], 1: [(15, 25), (14, 25), (13, 25), (12, 25), (12, 24), (12, 23), (11, 23), (11, 22), (11, 21), (11, 20), (11, 19), (11, 18), (11, 17), (11, 16), (11, 15), (11, 14), (12, 14), (13, 14), (14, 14), (15, 14), (15, 13), (15, 12), (15, 11), (15, 10), (15, 9), (16, 9), (16, 8), (16, 7), (17, 7), (17, 6), (17, 5), (17, 4), (17, 3), (18, 3), (19, 3), (20, 3), (21, 3), (22, 3), (23, 3), (24, 3), (25, 3), (26, 3), (26, 3)], 2: [(25, 9), (25, 10), (26, 10), (26, 11), (26, 12), (25, 12), (24, 12), (23, 12), (22, 12), (21, 12), (20, 12), (20, 12)], 3: [(5, 29), (4, 29), (3, 29), (2, 29), (3, 29), (4, 29), (5, 29), (6, 29), (7, 29), (7, 30), (7, 31), (7, 30), (8, 30), (9, 30), (10, 30), (10, 29), (11, 29), (12, 29), (13, 29), (14, 29), (15, 29), (16, 29), (16, 30), (16, 31), (16, 30), (17, 30), (18, 30), (19, 30), (20, 30), (21, 30), (22, 30), (23, 30), (24, 30), (25, 30), (26, 30), (27, 30), (28, 30), (28, 29), (28, 28), (29, 28), (30, 28), (31, 28), (31, 27), (30, 27), (30, 26), (30, 25), (29, 25), (29, 24), (29, 23), (29, 22), (29, 21), (28, 21), (27, 21), (26, 21), (26, 22), (26, 23), (26, 24), (25, 24), (25, 25), (25, 26), (25, 27), (25, 28), (25, 29), (25, 29)], 4: [(11, 30), (10, 30), (10, 29), (10, 28), (9, 28), (9, 27), (9, 26), (8, 26), (7, 26), (7, 25), (7, 24), (7, 23), (7, 22), (7, 21), (7, 20), (7, 19), (7, 18), (7, 17), (7, 16), (7, 15), (6, 15), (5, 15), (4, 15), (3, 15), (2, 15), (2, 14), (1, 14), (1, 13), (1, 12), (1, 11), (1, 10), (1, 9), (1, 8), (1, 7), (1, 6), (1, 5), (1, 4), (1, 3), (1, 2), (2, 2), (3, 2), (4, 2), (5, 2), (6, 2), (6, 3), (5, 3), (5, 4), (5, 5), (5, 6), (5, 7), (4, 7), (4, 8), (4, 9), (4, 10), (4, 11), (3, 11), (3, 11)]}, 62)