

CBSS-C STATS
starts:[711, 782, 598, 412, 735]
targets:[134, 135, 221, 195, 478, 37, 187, 354, 231, 328, 453, 12, 333, 80, 159, 810, 473, 744, 331, 730]
dests:[376, 706, 563, 715, 540]
ac_dict:{134: {0, 1}, 135: {1, 2}, 221: {2, 3}, 195: {3, 4}, 376: {0}, 706: {1}, 563: {2}, 715: {3}, 540: {4}}
clusters:[6 9 1 1 1 6 4 5 8 1 2 8 3 7 8 3 1 0 6 2]

round: 1
best_g_value: 144.0
open_list_size: 0
num_low_level_expanded: 425
search_success: 1
search_time: 5.037518322933465
n_tsp_call: 1
n_tsp_time: 5.007871237117797
n_roots: 1
num_conflicts: 0
target_assignment: {221: 3, 187: 3, 80: 3, 333: 3, 744: 1, 453: 1, 231: 1, 135: 1, 134: 1, 354: 1}
cluster_target_selection: {1: 221, 4: 187, 7: 80, 3: 333, 0: 744, 2: 453, 8: 231, 9: 135, 6: 134, 5: 354}
num_nodes_transformed_graph: 98
agent_paths:({0: [(7, 22), (7, 21), (7, 20), (7, 19), (7, 18), (7, 17), (7, 16), (8, 16), (9, 16), (9, 15), (9, 14), (10, 14), (11, 14), (12, 14), (12, 13), (13, 13), (14, 13), (14, 12), (15, 12), (16, 12), (17, 12), (18, 12), (19, 12), (20, 12), (21, 12), (21, 11), (22, 11), (23, 11), (24, 11), (24, 11)], 1: [(14, 24), (13, 24), (12, 24), (11, 24), (10, 24), (9, 24), (8, 24), (8, 23), (7, 23), (6, 23), (5, 23), (5, 22), (5, 21), (5, 20), (5, 19), (5, 18), (5, 17), (5, 16), (5, 15), (5, 14), (5, 13), (6, 13), (6, 12), (6, 11), (6, 10), (6, 9), (7, 9), (7, 8), (7, 7), (7, 6), (7, 5), (7, 4), (6, 4), (5, 4), (4, 4), (3, 4), (3, 5), (3, 6), (3, 7), (3, 8), (3, 9), (2, 9), (2, 10), (2, 11), (2, 12), (2, 13), (2, 14), (2, 15), (2, 16), (2, 17), (2, 18), (2, 19), (2, 20), (2, 21), (2, 22), (2, 22)], 2: [(22, 18), (21, 18), (20, 18), (19, 18), (19, 17), (19, 17)], 3: [(28, 12), (28, 11), (28, 10), (28, 9), (28, 8), (28, 7), (28, 6), (29, 6), (28, 6), (27, 6), (27, 5), (26, 5), (25, 5), (24, 5), (23, 5), (23, 4), (22, 4), (21, 4), (20, 4), (19, 4), (18, 4), (17, 4), (16, 4), (16, 3), (16, 2), (16, 3), (16, 4), (16, 5), (15, 5), (14, 5), (13, 5), (13, 6), (13, 7), (13, 8), (13, 9), (13, 10), (12, 10), (12, 11), (12, 12), (12, 13), (12, 14), (11, 14), (11, 15), (11, 16), (11, 17), (11, 18), (11, 19), (11, 20), (11, 21), (11, 22), (11, 22)], 4: [(31, 22), (30, 22), (29, 22), (29, 21), (29, 20), (29, 19), (29, 18), (29, 17), (29, 16), (28, 16), (28, 16)]}, 54)