

CBSS-C STATS
starts:[457, 862, 213, 328, 259]
targets:[797, 701, 402, 116, 514, 810, 352, 139, 757, 165, 194, 430, 991, 979, 974, 350, 43, 396, 376, 277, 694, 106, 699, 59, 286, 977, 984, 294, 623, 47, 816, 234, 601, 204, 962, 148, 765, 472, 548, 958, 819, 318, 858, 351, 257, 880, 708, 31, 190, 908]
dests:[74, 779, 58, 966, 8]
ac_dict:{797: {0, 1}, 701: {1, 2}, 402: {2, 3}, 116: {3, 4}, 74: {0}, 779: {1}, 58: {2}, 966: {3}, 8: {4}}
clusters:[ 7 21 28 10 11 13 22 29  7  6 12  4  9 13 10 18 16  1 26 20 15 14  8  8
  4  3 12  0 27  3  6  2  1 19 14 16  2 17 11  5 17  9 19  5  0 25 23 15
 18 24]

round: 1
best_g_value: 167.0
open_list_size: 0
num_low_level_expanded: 363
search_success: 1
search_time: 20.399945335000666
n_tsp_call: 1
n_tsp_time: 20.283244055999603
n_roots: 1
num_conflicts: 0
target_assignment: {396: 0, 204: 0, 139: 0, 43: 0, 106: 0, 294: 3, 352: 3, 514: 3, 708: 3, 194: 4, 165: 4, 797: 1, 765: 1, 701: 1, 694: 1, 623: 1, 880: 1, 977: 1, 974: 1, 908: 1, 810: 1, 277: 2, 402: 2, 472: 2, 376: 2, 351: 2, 350: 2, 318: 2, 286: 2, 59: 2}
cluster_target_selection: {1: 396, 19: 204, 29: 139, 16: 43, 14: 106, 0: 294, 22: 352, 11: 514, 23: 708, 12: 194, 6: 165, 7: 797, 2: 765, 21: 701, 15: 694, 27: 623, 25: 880, 3: 977, 10: 974, 24: 908, 13: 810, 20: 277, 28: 402, 17: 472, 26: 376, 5: 351, 18: 350, 9: 318, 4: 286, 8: 59}
num_nodes_transformed_graph: 248
agent_paths:({0: [(9, 14), (10, 14), (11, 14), (12, 14), (12, 13), (12, 12), (12, 11), (12, 10), (11, 10), (11, 9), (11, 8), (11, 7), (11, 6), (12, 6), (11, 6), (11, 5), (11, 4), (11, 3), (11, 2), (11, 1), (10, 1), (10, 2), (10, 3), (10, 2), (10, 2)], 1: [(30, 26), (29, 26), (29, 25), (29, 24), (29, 23), (29, 22), (29, 21), (28, 21), (27, 21), (26, 21), (25, 21), (24, 21), (23, 21), (22, 21), (21, 21), (20, 21), (19, 21), (18, 21), (17, 21), (16, 21), (15, 21), (15, 20), (15, 19), (16, 19), (16, 20), (16, 21), (16, 22), (16, 23), (16, 24), (16, 25), (16, 26), (16, 27), (17, 27), (17, 28), (17, 29), (17, 30), (16, 30), (16, 29), (15, 29), (14, 29), (14, 30), (13, 30), (12, 30), (12, 29), (12, 28), (11, 28), (10, 28), (10, 27), (10, 26), (10, 25), (10, 24), (11, 24), (11, 24)], 2: [(21, 6), (21, 7), (21, 8), (20, 8), (20, 9), (19, 9), (18, 9), (18, 10), (18, 11), (18, 12), (19, 12), (20, 12), (21, 12), (22, 12), (23, 12), (24, 12), (24, 13), (24, 14), (24, 13), (24, 12), (24, 11), (24, 10), (25, 10), (26, 10), (27, 10), (28, 10), (29, 10), (30, 10), (31, 10), (30, 10), (30, 9), (30, 8), (29, 8), (28, 8), (27, 8), (27, 7), (27, 6), (27, 5), (27, 4), (27, 3), (27, 2), (27, 1), (26, 1), (26, 1)], 3: [(8, 10), (7, 10), (6, 10), (6, 9), (5, 9), (4, 9), (3, 9), (2, 9), (1, 9), (0, 9), (0, 10), (0, 11), (1, 11), (2, 11), (2, 12), (2, 13), (2, 14), (2, 15), (2, 16), (2, 17), (2, 18), (2, 19), (2, 20), (3, 20), (3, 21), (3, 22), (4, 22), (4, 23), (4, 24), (4, 25), (5, 25), (6, 25), (6, 26), (6, 27), (6, 28), (6, 29), (6, 30), (6, 30)], 4: [(3, 8), (3, 7), (2, 7), (2, 6), (2, 5), (3, 5), (4, 5), (5, 5), (5, 4), (5, 3), (5, 2), (5, 1), (6, 1), (7, 1), (8, 1), (8, 0), (8, 0)]}, 51)