

CBSS-C STATS
starts:[522, 555, 127, 100, 45]
targets:[414, 906, 626, 394, 501, 748, 766, 289, 116, 39, 865, 302, 961, 831, 535, 51, 210, 173, 486, 58, 390, 806, 654, 507, 754, 949, 934, 423, 850, 848, 303, 883, 213, 994, 858, 223, 771, 809, 498, 114]
dests:[370, 37, 363, 873, 135]
ac_dict:{414: {0, 1}, 906: {1, 2}, 626: {2, 3}, 394: {3, 4}, 370: {0}, 37: {1}, 363: {2}, 873: {3}, 135: {4}}
clusters:[ 5  4  6 23  2 15 17  8 10 21 18 13  3  7 20  4  1 22  1  9  0 14  5  0
  9 12 12 24 13 19 16  7 11 14  8  2  6 11  3 10]

round: 1
best_g_value: 193.0
open_list_size: 0
num_low_level_expanded: 424
search_success: 1
search_time: 35.25621738899963
n_tsp_call: 1
n_tsp_time: 35.17629707600008
n_roots: 1
num_conflicts: 0
target_assignment: {654: 0, 748: 0, 754: 0, 848: 0, 883: 0, 858: 0, 766: 0, 535: 0, 501: 0, 39: 1, 173: 4, 390: 3, 423: 3, 394: 3, 809: 3, 806: 3, 771: 3, 865: 3, 961: 3, 934: 3, 51: 2, 114: 2, 210: 2, 303: 2, 302: 2}
cluster_target_selection: {5: 654, 15: 748, 9: 754, 19: 848, 7: 883, 8: 858, 17: 766, 20: 535, 2: 501, 21: 39, 22: 173, 0: 390, 24: 423, 23: 394, 11: 809, 14: 806, 6: 771, 18: 865, 3: 961, 12: 934, 4: 51, 10: 114, 1: 210, 16: 303, 13: 302}
num_nodes_transformed_graph: 198
agent_paths:({0: [(10, 16), (11, 16), (12, 16), (13, 16), (14, 16), (14, 17), (14, 18), (14, 19), (14, 20), (13, 20), (12, 20), (12, 21), (12, 22), (12, 23), (13, 23), (14, 23), (15, 23), (16, 23), (17, 23), (18, 23), (17, 23), (16, 23), (16, 24), (16, 25), (16, 26), (17, 26), (18, 26), (19, 26), (19, 27), (20, 27), (21, 27), (22, 27), (22, 26), (23, 26), (24, 26), (25, 26), (26, 26), (26, 25), (26, 24), (27, 24), (28, 24), (29, 24), (29, 23), (30, 23), (29, 23), (29, 22), (28, 22), (27, 22), (26, 22), (26, 21), (25, 21), (24, 21), (23, 21), (23, 20), (23, 19), (23, 18), (23, 17), (23, 16), (22, 16), (21, 16), (21, 15), (21, 14), (20, 14), (19, 14), (18, 14), (18, 13), (18, 12), (18, 11), (18, 11)], 1: [(11, 17), (10, 17), (10, 16), (10, 15), (10, 14), (10, 13), (10, 12), (10, 11), (10, 10), (10, 9), (10, 8), (10, 7), (10, 6), (10, 5), (10, 4), (9, 4), (9, 3), (9, 2), (9, 1), (8, 1), (7, 1), (6, 1), (5, 1), (5, 1)], 2: [(31, 3), (30, 3), (30, 2), (29, 2), (28, 2), (27, 2), (27, 3), (26, 3), (25, 3), (24, 3), (23, 3), (22, 3), (21, 3), (20, 3), (20, 2), (20, 1), (19, 1), (18, 1), (17, 1), (17, 2), (17, 3), (18, 3), (18, 4), (18, 5), (18, 6), (17, 6), (16, 6), (16, 7), (16, 8), (16, 9), (15, 9), (14, 9), (13, 9), (13, 10), (12, 10), (11, 10), (11, 11), (11, 11)], 3: [(4, 3), (5, 3), (5, 4), (5, 5), (5, 6), (5, 7), (5, 8), (5, 9), (6, 9), (6, 10), (6, 11), (6, 12), (6, 13), (7, 13), (8, 13), (8, 12), (9, 12), (10, 12), (10, 13), (10, 14), (9, 14), (9, 15), (9, 16), (9, 17), (9, 18), (9, 19), (9, 20), (9, 21), (9, 22), (9, 23), (9, 24), (9, 25), (8, 25), (7, 25), (6, 25), (5, 25), (4, 25), (3, 25), (3, 24), (2, 24), (2, 25), (2, 26), (2, 27), (1, 27), (1, 28), (1, 29), (1, 30), (1, 29), (2, 29), (3, 29), (4, 29), (5, 29), (6, 29), (6, 28), (7, 28), (8, 28), (8, 27), (9, 27), (9, 27)], 4: [(13, 1), (13, 2), (13, 3), (13, 4), (13, 5), (12, 5), (11, 5), (10, 5), (10, 4), (9, 4), (8, 4), (7, 4), (7, 4)]}, 67)