

CBSS-C STATS
starts:[805, 843, 999, 794, 343]
targets:[974, 760, 724, 38, 952, 941, 987, 539, 755, 720, 86, 599, 610, 37, 186, 227, 491, 707, 692, 350, 91, 541, 1003, 9, 689, 43, 304, 301, 627, 349, 525, 955, 613, 514, 137, 41, 496, 647, 502, 431, 85, 747, 477, 671, 534, 202, 797, 1008, 536, 970]
dests:[790, 464, 923, 776, 465]
ac_dict:{974: {0, 1}, 760: {1, 2}, 724: {2, 3}, 38: {3, 4}, 790: {0}, 464: {1}, 923: {2}, 776: {3}, 465: {4}}
clusters:[35  5 24 16  4 23 37  5 39 36  8 29  1  7 21  7 15  9 38 32 12 14  6 22
 31 17  9  0 26 33 19  4 28  2 11  3 27 34  2 18 13 30  6  1  0 20 10  8
  3 25]

round: 1
best_g_value: 210.0
open_list_size: 0
num_low_level_expanded: 379
search_success: 1
search_time: 42.05801671200061
n_tsp_call: 1
n_tsp_time: 41.94121804600036
n_roots: 1
num_conflicts: 0
target_assignment: {707: 0, 613: 0, 647: 0, 689: 0, 797: 3, 671: 3, 541: 3, 539: 3, 536: 3, 534: 3, 502: 3, 599: 3, 627: 3, 692: 3, 724: 3, 755: 3, 747: 3, 970: 2, 1003: 2, 987: 2, 955: 2, 941: 1, 974: 1, 720: 1, 496: 1, 350: 4, 349: 4, 186: 4, 91: 4, 86: 4, 85: 4, 43: 4, 37: 4, 38: 4, 9: 4, 137: 4, 202: 4, 491: 4, 525: 4, 431: 4}
cluster_target_selection: {9: 707, 28: 613, 34: 647, 31: 689, 10: 797, 1: 671, 14: 541, 5: 539, 3: 536, 0: 534, 2: 502, 29: 599, 26: 627, 38: 692, 24: 724, 39: 755, 30: 747, 25: 970, 6: 1003, 37: 987, 4: 955, 23: 941, 35: 974, 36: 720, 27: 496, 32: 350, 33: 349, 21: 186, 12: 91, 8: 86, 13: 85, 17: 43, 7: 37, 16: 38, 22: 9, 11: 137, 20: 202, 15: 491, 19: 525, 18: 431}
num_nodes_transformed_graph: 248
agent_paths:({0: [(5, 25), (4, 25), (3, 25), (3, 24), (3, 23), (3, 22), (4, 22), (5, 22), (5, 21), (5, 20), (5, 19), (6, 19), (7, 19), (7, 20), (8, 20), (9, 20), (10, 20), (11, 20), (12, 20), (13, 20), (14, 20), (15, 20), (16, 20), (17, 20), (17, 21), (18, 21), (19, 21), (20, 21), (21, 21), (21, 22), (21, 23), (22, 23), (22, 24), (22, 24)], 1: [(11, 26), (12, 26), (13, 26), (13, 27), (13, 28), (13, 29), (14, 29), (14, 30), (14, 29), (14, 28), (14, 27), (15, 27), (15, 26), (15, 25), (15, 24), (15, 23), (15, 22), (16, 22), (16, 21), (16, 20), (16, 19), (16, 18), (16, 17), (16, 16), (16, 15), (16, 14), (16, 14)], 2: [(7, 31), (7, 30), (8, 30), (9, 30), (10, 30), (11, 30), (11, 31), (12, 31), (13, 31), (14, 31), (15, 31), (16, 31), (16, 30), (17, 30), (18, 30), (19, 30), (20, 30), (21, 30), (22, 30), (23, 30), (24, 30), (25, 30), (26, 30), (27, 30), (27, 29), (27, 28), (27, 28)], 3: [(26, 24), (27, 24), (28, 24), (29, 24), (29, 23), (29, 22), (29, 21), (29, 20), (30, 20), (31, 20), (30, 20), (29, 20), (29, 19), (29, 18), (29, 17), (29, 16), (28, 16), (27, 16), (26, 16), (25, 16), (24, 16), (23, 16), (22, 16), (22, 15), (23, 15), (23, 16), (23, 17), (23, 18), (22, 18), (21, 18), (20, 18), (19, 18), (19, 19), (20, 19), (20, 20), (20, 21), (20, 22), (19, 22), (19, 23), (18, 23), (17, 23), (16, 23), (15, 23), (14, 23), (13, 23), (12, 23), (11, 23), (10, 23), (9, 23), (8, 23), (8, 24), (8, 24)], 4: [(23, 10), (24, 10), (25, 10), (26, 10), (27, 10), (28, 10), (29, 10), (30, 10), (29, 10), (28, 10), (27, 10), (27, 9), (27, 8), (27, 7), (26, 7), (26, 6), (26, 5), (26, 4), (26, 3), (27, 3), (27, 2), (27, 3), (26, 3), (25, 3), (24, 3), (23, 3), (22, 3), (22, 2), (21, 2), (20, 2), (20, 1), (19, 1), (18, 1), (17, 1), (16, 1), (15, 1), (14, 1), (13, 1), (12, 1), (11, 1), (10, 1), (9, 1), (8, 1), (7, 1), (6, 1), (5, 1), (6, 1), (7, 1), (8, 1), (8, 0), (9, 0), (9, 1), (9, 2), (9, 3), (9, 4), (10, 4), (10, 5), (10, 6), (10, 7), (10, 8), (10, 9), (10, 10), (10, 11), (10, 12), (10, 13), (10, 14), (11, 14), (11, 15), (12, 15), (13, 15), (13, 16), (13, 15), (13, 14), (13, 13), (14, 13), (15, 13), (16, 13), (17, 13), (17, 14), (17, 14)]}, 78)