

CBSS-C STATS
starts:[752, 405, 331, 800, 246]
targets:[445, 129, 286, 629, 736, 511, 641, 516, 161, 517, 137, 721, 119, 743, 840, 126, 784, 849, 492, 207, 344, 568, 392, 841, 249, 758, 818, 656, 1022, 225, 263, 924, 398, 1013, 206, 936, 145, 529, 731, 546, 628, 705, 745, 461, 786, 830, 378, 513, 1001, 708]
dests:[42, 816, 897, 342, 809]
ac_dict:{445: {0, 1}, 129: {1, 2}, 286: {2, 3}, 629: {3, 4}, 42: {0}, 816: {1}, 897: {2}, 342: {3}, 809: {4}}
clusters:[ 2 26 22  7  4 11 25 21 15  7 13 14 18 19 27  0  0 15  3  5  9  8 29  6
  3  1  1  6  2  8 11 18 17 10 20 16 23 16  4 10 28 12 14 12 17 13 19 24
  5  9]

round: 1
best_g_value: 216.0
open_list_size: 0
num_low_level_expanded: 487
search_success: 1
search_time: 8.02418372000011
n_tsp_call: 1
n_tsp_time: 7.947994017000383
n_roots: 1
num_conflicts: 0
target_assignment: {492: 0, 392: 0, 137: 0, 445: 1, 529: 1, 784: 1, 263: 2, 129: 2, 161: 2, 513: 2, 516: 2, 546: 2, 641: 2, 705: 2, 736: 2, 119: 4, 145: 4, 207: 4, 206: 4, 745: 4, 840: 3, 841: 3, 818: 3, 786: 3, 628: 3, 629: 3, 568: 3, 378: 3, 286: 3, 344: 3}
cluster_target_selection: {3: 492, 29: 392, 13: 137, 2: 445, 16: 529, 0: 784, 11: 263, 26: 129, 15: 161, 24: 513, 21: 516, 10: 546, 25: 641, 12: 705, 4: 736, 18: 119, 23: 145, 5: 207, 20: 206, 14: 745, 27: 840, 6: 841, 1: 818, 17: 786, 28: 628, 7: 629, 8: 568, 19: 378, 22: 286, 9: 344}
num_nodes_transformed_graph: 129
agent_paths:({0: [(16, 23), (15, 23), (14, 23), (13, 23), (12, 23), (12, 22), (12, 21), (12, 20), (12, 19), (12, 18), (12, 17), (12, 16), (12, 15), (11, 15), (10, 15), (10, 14), (10, 13), (10, 12), (9, 12), (8, 12), (9, 12), (9, 11), (9, 10), (9, 9), (9, 8), (9, 7), (9, 6), (8, 6), (8, 5), (8, 4), (9, 4), (9, 3), (9, 2), (9, 1), (10, 1), (10, 1)], 1: [(21, 12), (22, 12), (23, 12), (24, 12), (25, 12), (26, 12), (26, 13), (27, 13), (28, 13), (29, 13), (28, 13), (27, 13), (26, 13), (25, 13), (24, 13), (23, 13), (22, 13), (21, 13), (20, 13), (19, 13), (18, 13), (17, 13), (17, 14), (17, 15), (17, 16), (16, 16), (16, 17), (16, 18), (16, 19), (16, 20), (16, 21), (16, 22), (16, 23), (16, 24), (16, 25), (16, 25)], 2: [(11, 10), (10, 10), (9, 10), (8, 10), (7, 10), (7, 9), (7, 8), (7, 7), (6, 7), (5, 7), (4, 7), (3, 7), (2, 7), (1, 7), (1, 6), (1, 5), (1, 4), (1, 5), (1, 6), (1, 7), (1, 8), (1, 9), (1, 10), (1, 11), (1, 12), (1, 13), (1, 14), (1, 15), (1, 16), (2, 16), (3, 16), (4, 16), (3, 16), (2, 16), (2, 17), (2, 18), (2, 19), (1, 19), (1, 20), (1, 21), (1, 22), (1, 23), (0, 23), (0, 24), (0, 25), (0, 26), (0, 27), (1, 27), (1, 28), (1, 28)], 3: [(0, 25), (1, 25), (2, 25), (3, 25), (4, 25), (5, 25), (6, 25), (7, 25), (8, 25), (8, 26), (9, 26), (9, 25), (10, 25), (11, 25), (12, 25), (13, 25), (14, 25), (15, 25), (16, 25), (17, 25), (18, 25), (18, 24), (18, 23), (18, 22), (18, 21), (18, 20), (18, 19), (19, 19), (20, 19), (21, 19), (21, 18), (21, 17), (22, 17), (23, 17), (24, 17), (24, 16), (24, 15), (24, 14), (24, 13), (24, 12), (24, 11), (25, 11), (26, 11), (26, 10), (27, 10), (27, 9), (27, 8), (28, 8), (29, 8), (30, 8), (29, 8), (28, 8), (27, 8), (27, 9), (27, 10), (26, 10), (25, 10), (24, 10), (23, 10), (22, 10), (22, 10)], 4: [(22, 7), (22, 6), (23, 6), (23, 5), (23, 4), (23, 3), (22, 3), (21, 3), (20, 3), (19, 3), (18, 3), (17, 3), (17, 4), (16, 4), (16, 5), (15, 5), (15, 6), (14, 6), (13, 6), (12, 6), (11, 6), (10, 6), (10, 7), (10, 8), (10, 9), (10, 10), (10, 11), (10, 12), (10, 13), (10, 14), (9, 14), (9, 15), (9, 16), (9, 17), (9, 18), (9, 19), (9, 20), (9, 21), (9, 22), (9, 23), (9, 24), (9, 25), (9, 25)]}, 59)