

CBSS-C STATS
starts:[637, 900, 313, 673, 926]
targets:[913, 829, 463, 879, 142, 127, 380, 472, 583, 778, 373, 932, 535, 344, 534, 769, 103, 406, 393, 428, 953, 997, 638, 364, 698, 279, 439, 533, 25, 986, 29, 340, 1003, 273, 496, 392, 265, 604, 226, 305, 219, 532, 699, 733, 1004, 246, 471, 255, 803, 199]
dests:[55, 309, 757, 145, 806]
ac_dict:{913: {0, 1}, 829: {1, 2}, 463: {2, 3}, 879: {3, 4}, 55: {0}, 309: {1}, 757: {2}, 145: {3}, 806: {4}}
clusters:[12 10 12 18  0  8 10 13  2  0 24  4 11  2 18 15  3 14 29 16 14  5 16 27
  3 13 15 20 17  6  4 19 28 17  1  6  9  1 25  7  8 22 23 26  9  7 11  5
 21 19]

round: 1
best_g_value: 182.0
open_list_size: 0
num_low_level_expanded: 407
search_success: 1
search_time: 23.679367814000216
n_tsp_call: 1
n_tsp_time: 23.564498176000598
n_roots: 1
num_conflicts: 0
target_assignment: {638: 0, 604: 0, 380: 0, 219: 0, 733: 4, 699: 4, 698: 4, 778: 4, 803: 4, 932: 1, 997: 1, 1003: 1, 1004: 1, 913: 1, 532: 1, 373: 1, 226: 3, 199: 3, 392: 3, 393: 3, 364: 3, 305: 3, 273: 3, 344: 2, 406: 2, 439: 2, 472: 2, 535: 2, 534: 2, 533: 2}
cluster_target_selection: {16: 638, 1: 604, 10: 380, 8: 219, 26: 733, 23: 699, 3: 698, 0: 778, 21: 803, 4: 932, 5: 997, 28: 1003, 9: 1004, 12: 913, 22: 532, 24: 373, 25: 226, 19: 199, 6: 392, 29: 393, 27: 364, 7: 305, 17: 273, 2: 344, 14: 406, 15: 439, 13: 472, 11: 535, 18: 534, 20: 533}
num_nodes_transformed_graph: 248
agent_paths:({0: [(29, 19), (30, 19), (29, 19), (29, 18), (28, 18), (27, 18), (27, 17), (27, 16), (27, 15), (27, 14), (27, 13), (28, 13), (28, 12), (28, 11), (27, 11), (27, 10), (27, 9), (27, 8), (27, 7), (27, 6), (26, 6), (25, 6), (24, 6), (23, 6), (23, 5), (23, 4), (23, 3), (23, 2), (23, 1), (23, 1)], 1: [(4, 28), (4, 29), (5, 29), (5, 30), (5, 31), (6, 31), (7, 31), (8, 31), (9, 31), (10, 31), (11, 31), (12, 31), (12, 30), (12, 29), (12, 28), (13, 28), (14, 28), (15, 28), (16, 28), (17, 28), (17, 27), (17, 26), (17, 25), (17, 24), (17, 23), (17, 22), (17, 21), (17, 20), (17, 19), (18, 19), (18, 18), (18, 17), (19, 17), (19, 16), (20, 16), (21, 16), (21, 15), (21, 14), (21, 13), (21, 12), (21, 11), (21, 10), (21, 9), (21, 9)], 2: [(25, 9), (24, 9), (24, 10), (23, 10), (22, 10), (22, 11), (22, 12), (23, 12), (23, 13), (24, 13), (24, 14), (23, 14), (23, 15), (23, 16), (22, 16), (21, 16), (21, 17), (21, 18), (21, 19), (21, 20), (21, 21), (21, 22), (21, 23), (21, 23)], 3: [(1, 21), (1, 20), (1, 19), (2, 19), (2, 18), (2, 17), (2, 16), (2, 15), (2, 14), (2, 13), (2, 12), (2, 11), (2, 10), (2, 9), (1, 9), (1, 8), (1, 7), (2, 7), (3, 7), (4, 7), (5, 7), (6, 7), (7, 7), (7, 6), (7, 7), (7, 8), (7, 9), (7, 10), (8, 10), (9, 10), (9, 11), (9, 12), (8, 12), (9, 12), (9, 11), (10, 11), (11, 11), (12, 11), (12, 10), (13, 10), (13, 9), (14, 9), (15, 9), (16, 9), (17, 9), (17, 8), (17, 7), (17, 6), (17, 5), (17, 4), (17, 4)], 4: [(30, 28), (29, 28), (29, 27), (29, 26), (29, 25), (29, 24), (29, 23), (29, 22), (28, 22), (27, 22), (27, 21), (26, 21), (25, 21), (24, 21), (23, 21), (22, 21), (21, 21), (20, 21), (19, 21), (18, 21), (17, 21), (16, 21), (15, 21), (14, 21), (13, 21), (12, 21), (11, 21), (10, 21), (10, 22), (10, 23), (10, 24), (9, 24), (8, 24), (7, 24), (7, 25), (6, 25), (5, 25), (4, 25), (3, 25), (4, 25), (5, 25), (6, 25), (6, 25)]}, 49)