

CBSS-C STATS
starts:[149, 414, 643, 288, 979]
targets:[326, 0, 377, 838, 81, 521, 966, 934, 778, 594, 369, 568, 554, 56, 603, 216, 374, 75, 200, 632]
dests:[875, 89, 795, 233, 464]
ac_dict:{326: {0, 1}, 0: {1, 2}, 377: {2, 3}, 838: {3, 4}, 875: {0}, 89: {1}, 795: {2}, 233: {3}, 464: {4}}
clusters:[9 5 5 0 3 4 2 5 5 1 7 7 9 7 7 5 9 6 8 1]

round: 1
best_g_value: 154.0
open_list_size: 0
num_low_level_expanded: 432
search_success: 1
search_time: 0.7537372270599008
n_tsp_call: 1
n_tsp_time: 0.7303905012086034
n_roots: 1
num_conflicts: 0
target_assignment: {81: 0, 369: 0, 594: 0, 966: 4, 838: 4, 521: 4, 554: 4, 778: 2, 200: 3, 75: 3}
cluster_target_selection: {3: 81, 7: 369, 1: 594, 2: 966, 0: 838, 4: 521, 9: 554, 5: 778, 8: 200, 6: 75}
num_nodes_transformed_graph: 52
agent_paths:({0: [(21, 4), (20, 4), (19, 4), (18, 4), (17, 4), (17, 3), (17, 2), (17, 3), (17, 4), (17, 5), (17, 6), (17, 7), (17, 8), (17, 9), (16, 9), (16, 10), (16, 11), (17, 11), (17, 12), (17, 13), (17, 14), (17, 15), (17, 16), (17, 17), (18, 17), (18, 18), (18, 19), (17, 19), (16, 19), (15, 19), (14, 19), (13, 19), (12, 19), (11, 19), (11, 20), (11, 21), (11, 22), (11, 23), (11, 24), (11, 25), (11, 26), (11, 27), (11, 27)], 1: [(30, 12), (29, 12), (28, 12), (28, 11), (27, 11), (26, 11), (25, 11), (25, 10), (25, 9), (25, 8), (25, 7), (25, 6), (25, 5), (25, 4), (25, 3), (25, 2), (25, 2)], 2: [(3, 20), (3, 21), (3, 22), (4, 22), (5, 22), (6, 22), (7, 22), (8, 22), (9, 22), (10, 22), (10, 23), (10, 24), (11, 24), (12, 24), (13, 24), (14, 24), (15, 24), (16, 24), (17, 24), (18, 24), (19, 24), (20, 24), (20, 25), (21, 25), (22, 25), (22, 24), (23, 24), (24, 24), (25, 24), (26, 24), (27, 24), (27, 24)], 3: [(0, 9), (0, 8), (0, 7), (1, 7), (2, 7), (3, 7), (4, 7), (5, 7), (6, 7), (7, 7), (7, 6), (8, 6), (8, 5), (8, 4), (8, 3), (9, 3), (9, 2), (10, 2), (11, 2), (10, 2), (10, 3), (10, 4), (10, 5), (10, 6), (9, 6), (9, 7), (9, 7)], 4: [(19, 30), (18, 30), (17, 30), (16, 30), (16, 29), (15, 29), (14, 29), (13, 29), (12, 29), (11, 29), (10, 29), (10, 30), (9, 30), (8, 30), (7, 30), (6, 30), (6, 29), (6, 28), (6, 27), (6, 26), (6, 25), (7, 25), (7, 24), (7, 23), (7, 22), (7, 21), (7, 20), (7, 19), (7, 18), (7, 17), (7, 16), (8, 16), (9, 16), (10, 16), (10, 17), (10, 16), (10, 15), (10, 14), (11, 14), (12, 14), (13, 14), (14, 14), (15, 14), (16, 14), (16, 14)]}, 43)