

CBSS-C STATS
starts:[513, 799]
targets:[366, 687, 1021, 404, 129, 414, 208, 554, 973, 674, 338, 792, 492, 1018, 538, 617, 671, 289, 727, 921, 28, 23, 439, 586, 785, 647, 836, 453, 20, 189, 970, 184, 808, 291, 864, 417, 75, 221, 669, 479, 5, 689, 626, 880, 31, 1006, 558, 181, 666, 115, 159, 767, 457, 533, 919, 606, 187, 574, 237, 999, 450, 966, 466, 605, 104, 987, 60, 725, 597, 91, 339, 223, 2, 737, 476, 670, 283, 603, 216, 166, 493, 421, 171, 264, 817, 963, 903, 301, 848, 101, 509, 179, 70, 912, 923, 797, 771, 485, 10, 164]
dests:[327, 587]
ac_dict:{366: {0, 1}, 327: {0}, 587: {1}}
clusters:[23 15 25 13  0  7 36 10  3 17 27  9 12  3 21 31  6 14 36 37  0 21  7 24
  3 32 24  4 11  2 17  9 16 38 22  2 16 38 34 18 15 12 16 20  3  5 29 31
 13  2 33  8 23 36 12  9 26 27  5 30 24 38  4 19  6 29 16  1  1 18 25 15
 21 35 36 33 11  1 39  3  7  7 15 33 33 26 27 25 28 15 25 12 36  9 31  2
 19 31 25 38]

round: 1
best_g_value: 446.0
open_list_size: 0
num_low_level_expanded: 319
search_success: 1
search_time: 68.14390592000564
n_tsp_call: 1
n_tsp_time: 67.9670305680047
n_roots: 1
num_conflicts: 0
target_assignment: {417: 0, 289: 0, 291: 0, 421: 0, 453: 0, 767: 1, 921: 1, 666: 1, 670: 1, 671: 1, 669: 1, 605: 1, 603: 1, 538: 1, 283: 1, 187: 1, 91: 1, 28: 1, 60: 1, 216: 1, 179: 1, 208: 1, 237: 1, 301: 1, 366: 1, 558: 1, 687: 1, 848: 1, 880: 1, 912: 1, 973: 1, 970: 1, 999: 1, 903: 1, 864: 1, 737: 1, 647: 1, 617: 1, 554: 1, 586: 1}
cluster_target_selection: {2: 417, 14: 289, 38: 291, 7: 421, 4: 453, 8: 767, 37: 921, 13: 666, 33: 670, 6: 671, 34: 669, 19: 605, 1: 603, 21: 538, 11: 283, 26: 187, 18: 91, 0: 28, 16: 60, 39: 216, 12: 179, 36: 208, 5: 237, 25: 301, 23: 366, 29: 558, 15: 687, 28: 848, 20: 880, 9: 912, 3: 973, 17: 970, 30: 999, 27: 903, 22: 864, 35: 737, 32: 647, 31: 617, 10: 554, 24: 586}
num_nodes_transformed_graph: 204
agent_paths:({0: [(1, 16), (1, 15), (1, 14), (1, 13), (1, 12), (1, 11), (1, 10), (1, 9), (2, 9), (3, 9), (4, 9), (4, 10), (4, 11), (4, 12), (4, 13), (5, 13), (5, 14), (5, 13), (6, 13), (6, 12), (6, 11), (6, 10), (7, 10), (7, 10)], 1: [(31, 24), (31, 23), (30, 23), (29, 23), (29, 24), (28, 24), (27, 24), (26, 24), (25, 24), (25, 25), (25, 26), (25, 27), (25, 28), (25, 27), (25, 26), (25, 25), (25, 24), (26, 24), (26, 23), (26, 22), (26, 21), (26, 20), (27, 20), (28, 20), (29, 20), (30, 20), (31, 20), (30, 20), (29, 20), (29, 19), (29, 18), (28, 18), (27, 18), (26, 18), (26, 17), (26, 16), (26, 15), (26, 14), (26, 13), (26, 12), (26, 11), (26, 10), (27, 10), (27, 9), (27, 8), (27, 7), (27, 6), (27, 5), (27, 4), (27, 3), (27, 2), (27, 1), (27, 0), (28, 0), (28, 1), (27, 1), (27, 2), (27, 3), (26, 3), (25, 3), (25, 4), (25, 5), (24, 5), (24, 6), (23, 6), (22, 6), (21, 6), (20, 6), (19, 6), (19, 5), (18, 5), (17, 5), (16, 5), (16, 6), (15, 6), (14, 6), (13, 6), (13, 7), (13, 8), (13, 9), (14, 9), (14, 10), (14, 11), (14, 12), (14, 13), (14, 14), (14, 15), (14, 16), (14, 17), (14, 18), (14, 19), (15, 19), (15, 20), (15, 21), (16, 21), (16, 22), (16, 23), (16, 24), (16, 25), (16, 26), (16, 27), (16, 28), (15, 28), (14, 28), (13, 28), (13, 29), (13, 30), (12, 30), (11, 30), (10, 30), (9, 30), (8, 30), (7, 30), (7, 31), (7, 30), (7, 29), (7, 28), (6, 28), (5, 28), (4, 28), (4, 27), (3, 27), (2, 27), (1, 27), (0, 27), (0, 26), (0, 25), (0, 24), (0, 23), (1, 23), (1, 22), (2, 22), (3, 22), (4, 22), (5, 22), (5, 21), (5, 20), (6, 20), (7, 20), (7, 19), (8, 19), (9, 19), (9, 18), (9, 17), (10, 17), (10, 18), (11, 18), (11, 18)]}, 146)