

CBSS-C STATS
starts:[141, 910, 403, 539, 550]
targets:[283, 732, 857, 680, 979, 931, 814, 752, 190, 250, 273, 678, 711, 829, 556, 252, 153, 74, 988, 56]
dests:[662, 218, 804, 731, 1003]
ac_dict:{283: {0, 1}, 732: {1, 2}, 857: {2, 3}, 680: {3, 4}, 662: {0}, 218: {1}, 804: {2}, 731: {3}, 1003: {4}}
clusters:[1 5 3 0 9 9 8 0 7 9 9 1 1 2 3 6 7 7 4 3]

round: 1
best_g_value: 132.0
open_list_size: 0
num_low_level_expanded: 289
search_success: 1
search_time: 0.3575207991525531
n_tsp_call: 1
n_tsp_time: 0.3360985228791833
n_roots: 1
num_conflicts: 0
target_assignment: {556: 0, 752: 2, 814: 2, 711: 4, 979: 1, 988: 1, 829: 1, 732: 1, 252: 1, 190: 1}
cluster_target_selection: {3: 556, 0: 752, 8: 814, 1: 711, 9: 979, 4: 988, 2: 829, 5: 732, 6: 252, 7: 190}
num_nodes_transformed_graph: 52
agent_paths:({0: [(13, 4), (13, 5), (13, 6), (13, 7), (13, 8), (13, 9), (13, 10), (12, 10), (12, 11), (12, 12), (12, 13), (12, 14), (12, 15), (12, 16), (12, 17), (13, 17), (14, 17), (15, 17), (16, 17), (17, 17), (18, 17), (19, 17), (20, 17), (21, 17), (22, 17), (22, 18), (22, 19), (22, 20), (22, 20)], 1: [(14, 28), (15, 28), (16, 28), (17, 28), (18, 28), (19, 28), (19, 29), (19, 30), (20, 30), (21, 30), (22, 30), (23, 30), (24, 30), (25, 30), (26, 30), (27, 30), (28, 30), (28, 29), (28, 28), (28, 27), (29, 27), (29, 26), (29, 25), (29, 24), (29, 23), (29, 22), (28, 22), (28, 21), (28, 20), (27, 20), (27, 19), (27, 18), (27, 17), (27, 16), (27, 15), (27, 14), (27, 13), (28, 13), (28, 12), (28, 11), (28, 10), (28, 9), (28, 8), (28, 7), (28, 6), (28, 5), (29, 5), (30, 5), (29, 5), (28, 5), (27, 5), (26, 5), (26, 6), (26, 6)], 2: [(19, 12), (18, 12), (17, 12), (16, 12), (16, 13), (16, 14), (16, 15), (16, 16), (16, 17), (16, 18), (16, 19), (16, 20), (16, 21), (16, 22), (16, 23), (15, 23), (14, 23), (14, 24), (14, 25), (13, 25), (12, 25), (11, 25), (10, 25), (9, 25), (8, 25), (7, 25), (6, 25), (5, 25), (4, 25), (4, 25)], 3: [(27, 16), (27, 17), (27, 18), (27, 19), (27, 20), (27, 21), (27, 22), (27, 22)], 4: [(6, 17), (7, 17), (7, 18), (7, 19), (7, 20), (7, 21), (7, 22), (8, 22), (9, 22), (10, 22), (11, 22), (11, 23), (11, 24), (11, 25), (11, 26), (11, 27), (11, 28), (11, 29), (11, 30), (11, 31), (11, 31)]}, 52)