

CBSS-C STATS
starts:[805, 698, 239, 521, 15]
targets:[945, 191, 888, 49, 612, 548, 213, 743, 1002, 426, 472, 183, 657, 41, 80, 991, 643, 691, 925, 431]
dests:[520, 913, 94, 96, 292]
ac_dict:{945: {0, 1}, 191: {1, 2}, 888: {2, 3}, 49: {3, 4}, 520: {0}, 913: {1}, 94: {2}, 96: {3}, 292: {4}}
clusters:[8 4 7 5 4 1 9 8 3 0 6 9 8 3 9 4 7 2 3 3]

round: 1
best_g_value: 120.0
open_list_size: 0
num_low_level_expanded: 332
search_success: 1
search_time: 0.6691788733005524
n_tsp_call: 1
n_tsp_time: 0.6398015888407826
n_roots: 1
num_conflicts: 0
target_assignment: {643: 0, 612: 0, 548: 0, 472: 1, 691: 1, 945: 1, 49: 4, 41: 4, 183: 2, 426: 3}
cluster_target_selection: {7: 643, 4: 612, 1: 548, 6: 472, 2: 691, 8: 945, 5: 49, 3: 41, 9: 183, 0: 426}
num_nodes_transformed_graph: 98
agent_paths:({0: [(5, 25), (4, 25), (3, 25), (3, 24), (3, 23), (3, 22), (3, 21), (3, 20), (2, 20), (2, 19), (2, 18), (3, 18), (4, 18), (4, 19), (4, 18), (4, 17), (4, 16), (5, 16), (6, 16), (7, 16), (8, 16), (8, 16)], 1: [(26, 21), (25, 21), (24, 21), (24, 20), (24, 19), (24, 18), (24, 17), (24, 16), (24, 15), (24, 14), (23, 14), (22, 14), (21, 14), (20, 14), (19, 14), (19, 15), (19, 16), (19, 17), (19, 18), (19, 19), (19, 20), (19, 21), (18, 21), (17, 21), (17, 22), (17, 23), (17, 24), (17, 25), (17, 26), (17, 27), (17, 28), (17, 29), (17, 28), (17, 28)], 2: [(15, 7), (15, 6), (16, 6), (17, 6), (18, 6), (19, 6), (20, 6), (21, 6), (22, 6), (23, 6), (23, 5), (23, 4), (23, 3), (24, 3), (25, 3), (26, 3), (27, 3), (27, 2), (28, 2), (29, 2), (30, 2), (30, 2)], 3: [(9, 16), (9, 15), (9, 14), (10, 14), (10, 13), (10, 12), (9, 12), (9, 11), (9, 10), (8, 10), (7, 10), (6, 10), (5, 10), (4, 10), (3, 10), (2, 10), (1, 10), (1, 9), (1, 8), (1, 7), (1, 6), (1, 5), (1, 4), (1, 3), (0, 3), (0, 3)], 4: [(15, 0), (16, 0), (16, 1), (17, 1), (16, 1), (15, 1), (14, 1), (13, 1), (12, 1), (11, 1), (10, 1), (9, 1), (8, 1), (7, 1), (6, 1), (5, 1), (5, 2), (5, 3), (5, 4), (5, 5), (5, 6), (5, 7), (4, 7), (4, 8), (4, 9), (4, 9)]}, 32)