

CBSS-C STATS
starts:[828, 885, 719, 850, 331]
targets:[327, 772, 715, 37, 308, 792, 683, 677, 569, 751]
dests:[423, 228, 253, 412, 189]
ac_dict:{327: {0, 1}, 772: {1, 2}, 715: {2, 3}, 37: {3, 4}, 423: {0}, 228: {1}, 253: {2}, 412: {3}, 189: {4}}
clusters:[2 2 3 1 0 3 4 4 3 3]

round: 1
best_g_value: 168.0
open_list_size: 0
num_low_level_expanded: 684
search_success: 1
search_time: 0.09092674124985933
n_tsp_call: 1
n_tsp_time: 0.06448509497568011
n_roots: 1
num_conflicts: 0
target_assignment: {683: 0, 751: 1, 327: 1, 37: 4, 308: 2}
cluster_target_selection: {4: 683, 3: 751, 2: 327, 1: 37, 0: 308}
num_nodes_transformed_graph: 28
agent_paths:({0: [(28, 25), (27, 25), (26, 25), (25, 25), (24, 25), (23, 25), (22, 25), (21, 25), (20, 25), (19, 25), (18, 25), (17, 25), (16, 25), (15, 25), (14, 25), (13, 25), (12, 25), (11, 25), (11, 24), (11, 23), (11, 22), (11, 21), (10, 21), (9, 21), (8, 21), (7, 21), (7, 20), (7, 19), (7, 18), (7, 17), (7, 16), (7, 15), (6, 15), (6, 14), (6, 13), (7, 13), (7, 13)], 1: [(21, 27), (20, 27), (19, 27), (18, 27), (17, 27), (16, 27), (15, 27), (15, 26), (15, 25), (15, 24), (15, 23), (14, 23), (13, 23), (12, 23), (11, 23), (10, 23), (10, 22), (10, 21), (10, 20), (10, 19), (10, 18), (10, 17), (10, 16), (10, 15), (10, 14), (10, 13), (10, 12), (9, 12), (9, 11), (9, 10), (8, 10), (7, 10), (6, 10), (5, 10), (4, 10), (4, 9), (4, 8), (4, 7), (4, 7)], 2: [(15, 22), (15, 21), (15, 20), (15, 19), (16, 19), (16, 18), (16, 17), (16, 16), (16, 15), (16, 14), (16, 13), (16, 12), (16, 11), (16, 10), (16, 9), (17, 9), (18, 9), (19, 9), (20, 9), (20, 8), (21, 8), (22, 8), (23, 8), (24, 8), (25, 8), (25, 7), (26, 7), (27, 7), (28, 7), (29, 7), (29, 7)], 3: [(18, 26), (18, 25), (18, 24), (18, 23), (18, 22), (18, 21), (18, 20), (18, 19), (18, 18), (18, 17), (19, 17), (19, 16), (19, 15), (19, 14), (19, 13), (20, 13), (21, 13), (22, 13), (23, 13), (24, 13), (25, 13), (26, 13), (27, 13), (28, 13), (28, 12), (28, 12)], 4: [(11, 10), (10, 10), (9, 10), (8, 10), (7, 10), (6, 10), (5, 10), (5, 9), (5, 8), (5, 7), (5, 6), (5, 5), (5, 4), (5, 3), (5, 2), (5, 1), (6, 1), (7, 1), (8, 1), (9, 1), (10, 1), (11, 1), (12, 1), (13, 1), (14, 1), (15, 1), (16, 1), (17, 1), (18, 1), (19, 1), (20, 1), (20, 2), (21, 2), (22, 2), (23, 2), (24, 2), (25, 2), (25, 3), (26, 3), (27, 3), (28, 3), (28, 4), (29, 4), (29, 5), (29, 5)]}, 43)