

CBSS-C STATS
starts:[617, 237, 992, 794, 612]
targets:[109, 752, 206, 727, 1006, 1003, 269, 236, 280, 653]
dests:[486, 505, 892, 420, 81]
ac_dict:{109: {0, 1}, 752: {1, 2}, 206: {2, 3}, 727: {3, 4}, 486: {0}, 505: {1}, 892: {2}, 420: {3}, 81: {4}}
clusters:[1 0 0 1 1 1 0 0 1 0]

round: 1
best_g_value: 122.0
open_list_size: 0
num_low_level_expanded: 478
search_success: 1
search_time: 0.08552847104147077
n_tsp_call: 1
n_tsp_time: 0.0655579399317503
n_roots: 1
num_conflicts: 0
target_assignment: {236: 4, 727: 3}
cluster_target_selection: {0: 236, 1: 727}
num_nodes_transformed_graph: 28
agent_paths:({0: [(9, 19), (8, 19), (7, 19), (7, 18), (7, 17), (6, 17), (6, 16), (6, 15), (6, 15)], 1: [(13, 7), (14, 7), (15, 7), (16, 7), (17, 7), (18, 7), (19, 7), (20, 7), (21, 7), (22, 7), (22, 8), (23, 8), (24, 8), (25, 8), (25, 9), (25, 10), (25, 11), (25, 12), (25, 13), (25, 14), (25, 15), (25, 15)], 2: [(0, 31), (0, 30), (0, 29), (1, 29), (2, 29), (3, 29), (4, 29), (4, 28), (5, 28), (6, 28), (7, 28), (8, 28), (8, 27), (9, 27), (10, 27), (11, 27), (12, 27), (13, 27), (14, 27), (15, 27), (16, 27), (17, 27), (18, 27), (19, 27), (20, 27), (21, 27), (22, 27), (23, 27), (24, 27), (25, 27), (26, 27), (27, 27), (28, 27), (28, 27)], 3: [(26, 24), (25, 24), (24, 24), (24, 23), (24, 22), (23, 22), (23, 21), (22, 21), (21, 21), (20, 21), (19, 21), (18, 21), (17, 21), (16, 21), (15, 21), (14, 21), (13, 21), (12, 21), (11, 21), (10, 21), (9, 21), (8, 21), (7, 21), (6, 21), (5, 21), (5, 20), (5, 19), (5, 18), (5, 17), (5, 16), (5, 15), (5, 14), (5, 13), (4, 13), (4, 13)], 4: [(4, 19), (4, 18), (4, 17), (4, 16), (4, 15), (5, 15), (5, 14), (5, 13), (6, 13), (6, 12), (6, 11), (6, 10), (6, 9), (7, 9), (7, 8), (8, 8), (9, 8), (9, 7), (10, 7), (11, 7), (12, 7), (12, 6), (12, 5), (13, 5), (14, 5), (15, 5), (16, 5), (16, 4), (16, 3), (16, 2), (17, 2), (17, 2)]}, 33)