

CBSS-C STATS
starts:[967, 266, 916, 153, 588]
targets:[864, 525, 797, 589, 1006, 712, 629, 109, 328, 575, 228, 404, 55, 163, 657, 221, 417, 889, 482, 510]
dests:[624, 484, 116, 795, 292]
ac_dict:{864: {0, 1}, 525: {1, 2}, 797: {2, 3}, 589: {3, 4}, 624: {0}, 484: {1}, 116: {2}, 795: {3}, 292: {4}}
clusters:[4 2 9 6 6 4 6 0 3 3 7 9 4 5 2 4 1 8 0 9]

round: 1
best_g_value: 123.0
open_list_size: 0
num_low_level_expanded: 276
search_success: 1
search_time: 0.3809091500006616
n_tsp_call: 1
n_tsp_time: 0.35141614684835076
n_roots: 1
num_conflicts: 0
target_assignment: {712: 0, 657: 0, 889: 2, 629: 2, 404: 2, 328: 4, 228: 1, 163: 1, 417: 1, 482: 1}
cluster_target_selection: {4: 712, 2: 657, 8: 889, 6: 629, 9: 404, 3: 328, 7: 228, 5: 163, 1: 417, 0: 482}
num_nodes_transformed_graph: 98
agent_paths:({0: [(7, 30), (7, 29), (7, 28), (8, 28), (8, 27), (8, 26), (8, 25), (8, 24), (8, 23), (8, 22), (8, 21), (8, 20), (9, 20), (10, 20), (11, 20), (12, 20), (13, 20), (14, 20), (15, 20), (16, 20), (17, 20), (16, 20), (16, 19), (16, 19)], 1: [(10, 8), (9, 8), (8, 8), (7, 8), (7, 7), (6, 7), (5, 7), (4, 7), (3, 7), (3, 6), (3, 5), (2, 5), (1, 5), (1, 6), (1, 7), (1, 8), (1, 9), (1, 10), (1, 11), (1, 12), (1, 13), (2, 13), (2, 14), (2, 15), (3, 15), (4, 15), (4, 15)], 2: [(20, 28), (20, 27), (21, 27), (22, 27), (23, 27), (24, 27), (25, 27), (24, 27), (23, 27), (22, 27), (22, 26), (22, 25), (22, 24), (22, 23), (21, 23), (21, 22), (21, 21), (21, 20), (21, 19), (21, 18), (21, 17), (21, 16), (21, 15), (21, 14), (20, 14), (20, 13), (20, 12), (21, 12), (21, 11), (21, 10), (21, 9), (21, 8), (21, 7), (21, 6), (21, 5), (21, 4), (20, 4), (20, 3), (20, 3)], 3: [(25, 4), (25, 5), (25, 6), (25, 7), (25, 8), (25, 9), (25, 10), (26, 10), (26, 11), (26, 12), (26, 13), (27, 13), (27, 14), (27, 15), (27, 16), (27, 17), (27, 18), (27, 19), (27, 20), (27, 21), (27, 22), (27, 23), (27, 24), (27, 24)], 4: [(12, 18), (11, 18), (10, 18), (10, 17), (10, 16), (10, 15), (10, 14), (10, 13), (10, 12), (9, 12), (9, 11), (9, 10), (8, 10), (7, 10), (6, 10), (5, 10), (4, 10), (4, 9), (4, 9)]}, 37)