

CBSS-C STATS
starts:[490, 748, 47, 266, 517]
targets:[30, 151, 541, 641, 370, 92, 106, 887, 418, 461]
dests:[1021, 319, 819, 712, 481]
ac_dict:{30: {0, 1}, 151: {1, 2}, 541: {2, 3}, 641: {3, 4}, 1021: {0}, 319: {1}, 819: {2}, 712: {3}, 481: {4}}
clusters:[2 3 4 4 1 0 2 2 1 2]

round: 1
best_g_value: 141.0
open_list_size: 0
num_low_level_expanded: 530
search_success: 1
search_time: 0.2358987769111991
n_tsp_call: 1
n_tsp_time: 0.21240834891796112
n_roots: 1
num_conflicts: 0
target_assignment: {887: 0, 370: 1, 151: 1, 92: 1, 641: 4}
cluster_target_selection: {2: 887, 1: 370, 3: 151, 0: 92, 4: 641}
num_nodes_transformed_graph: 48
agent_paths:({0: [(10, 15), (11, 15), (12, 15), (13, 15), (14, 15), (14, 16), (15, 16), (16, 16), (17, 16), (17, 17), (18, 17), (19, 17), (20, 17), (21, 17), (21, 18), (21, 19), (21, 20), (21, 21), (21, 22), (21, 23), (22, 23), (22, 24), (23, 24), (23, 25), (23, 26), (23, 27), (24, 27), (25, 27), (26, 27), (27, 27), (28, 27), (29, 27), (29, 28), (29, 29), (29, 30), (29, 31), (29, 31)], 1: [(12, 23), (12, 22), (12, 21), (12, 20), (12, 19), (12, 18), (12, 17), (12, 16), (12, 15), (12, 14), (12, 13), (13, 13), (14, 13), (14, 12), (14, 11), (15, 11), (16, 11), (17, 11), (18, 11), (18, 10), (18, 9), (18, 8), (18, 7), (18, 6), (18, 5), (18, 4), (19, 4), (20, 4), (21, 4), (22, 4), (23, 4), (23, 3), (24, 3), (25, 3), (26, 3), (27, 3), (27, 2), (28, 2), (29, 2), (30, 2), (31, 2), (31, 3), (31, 4), (31, 5), (31, 6), (31, 7), (31, 8), (31, 9), (31, 9)], 2: [(15, 1), (16, 1), (17, 1), (17, 2), (17, 3), (18, 3), (18, 4), (18, 5), (18, 6), (18, 7), (18, 8), (18, 9), (19, 9), (19, 10), (19, 11), (19, 12), (19, 13), (19, 14), (19, 15), (19, 16), (19, 17), (19, 18), (19, 19), (19, 20), (19, 21), (19, 22), (19, 23), (19, 24), (19, 25), (19, 25)], 3: [(10, 8), (10, 9), (10, 10), (10, 11), (10, 12), (10, 13), (10, 14), (9, 14), (9, 15), (9, 16), (8, 16), (8, 17), (8, 18), (8, 19), (8, 20), (8, 21), (8, 22), (8, 22)], 4: [(5, 16), (4, 16), (3, 16), (2, 16), (2, 17), (2, 18), (2, 19), (1, 19), (1, 20), (1, 19), (2, 19), (2, 18), (2, 17), (1, 17), (1, 16), (1, 15), (1, 15)]}, 47)