

CBSS-C STATS
starts:[369, 42, 8, 711, 257]
targets:[120, 604, 688, 794, 0, 709, 444, 868, 98, 600, 683, 368, 814, 653, 716, 936, 552, 870, 588, 352, 522, 364, 25, 745, 414, 403, 110, 616, 538, 321, 43, 259, 449, 462, 66, 780, 76, 647, 177, 519]
dests:[569, 156, 136, 162, 219]
ac_dict:{120: {0, 1}, 604: {1, 2}, 688: {2, 3}, 794: {3, 4}, 569: {0}, 156: {1}, 136: {2}, 162: {3}, 219: {4}}
clusters:[21 24  3 24 19 20 11  0  7 13 11 16 11 18  3  9  4  1  2 23 18 15 14 10
  8  5  6  6 10 23 22 10 14 17  9  0 20  6  5 12]

round: 1
best_g_value: 181.0
open_list_size: 0
num_low_level_expanded: 376
search_success: 1
search_time: 4.649484612999913
n_tsp_call: 1
n_tsp_time: 4.605043524999928
n_roots: 1
num_conflicts: 0
target_assignment: {368: 0, 364: 0, 462: 0, 600: 0, 870: 3, 780: 3, 716: 3, 588: 3, 522: 3, 552: 3, 519: 3, 449: 3, 321: 3, 43: 1, 120: 1, 538: 1, 604: 1, 444: 1, 414: 1, 0: 4, 66: 4, 98: 4, 76: 4, 110: 4, 177: 4}
cluster_target_selection: {16: 368, 15: 364, 17: 462, 13: 600, 1: 870, 0: 780, 3: 716, 2: 588, 18: 522, 4: 552, 12: 519, 14: 449, 23: 321, 22: 43, 21: 120, 10: 538, 24: 604, 11: 444, 8: 414, 19: 0, 9: 66, 7: 98, 20: 76, 6: 110, 5: 177}
num_nodes_transformed_graph: 101
agent_paths:({0: [(17, 11), (16, 11), (15, 11), (14, 11), (14, 10), (13, 10), (12, 10), (12, 11), (12, 12), (12, 13), (13, 13), (14, 13), (14, 14), (15, 14), (16, 14), (17, 14), (18, 14), (19, 14), (20, 14), (21, 14), (22, 14), (23, 14), (24, 14), (24, 15), (24, 16), (24, 17), (24, 18), (24, 17), (25, 17), (25, 17)], 1: [(10, 1), (11, 1), (12, 1), (13, 1), (14, 1), (15, 1), (16, 1), (17, 1), (18, 1), (19, 1), (20, 1), (20, 2), (21, 2), (22, 2), (23, 2), (24, 2), (24, 3), (25, 3), (25, 4), (25, 5), (25, 6), (25, 7), (25, 8), (25, 9), (25, 10), (26, 10), (26, 11), (26, 12), (26, 13), (26, 14), (26, 15), (26, 16), (27, 16), (27, 17), (27, 18), (28, 18), (27, 18), (27, 17), (27, 16), (27, 15), (27, 14), (27, 13), (28, 13), (28, 12), (29, 12), (30, 12), (29, 12), (28, 12), (28, 11), (28, 10), (28, 9), (28, 8), (28, 7), (28, 6), (28, 5), (28, 4), (28, 4)], 2: [(8, 0), (8, 1), (9, 1), (9, 2), (9, 3), (8, 3), (8, 4), (8, 4)], 3: [(7, 22), (7, 23), (7, 24), (7, 25), (6, 25), (6, 26), (6, 27), (6, 26), (6, 25), (7, 25), (7, 24), (8, 24), (9, 24), (10, 24), (11, 24), (12, 24), (12, 23), (12, 22), (12, 21), (12, 20), (12, 19), (12, 18), (11, 18), (10, 18), (10, 17), (10, 16), (9, 16), (8, 16), (8, 17), (7, 17), (7, 16), (6, 16), (5, 16), (4, 16), (3, 16), (2, 16), (1, 16), (1, 15), (1, 14), (1, 13), (1, 12), (1, 11), (1, 10), (1, 9), (1, 8), (1, 7), (1, 6), (1, 5), (2, 5), (2, 5)], 4: [(1, 8), (1, 7), (1, 6), (1, 5), (1, 4), (1, 3), (0, 3), (0, 2), (0, 1), (0, 0), (1, 0), (2, 0), (2, 1), (2, 2), (2, 3), (3, 3), (4, 3), (5, 3), (6, 3), (7, 3), (8, 3), (9, 3), (9, 2), (10, 2), (11, 2), (12, 2), (13, 2), (14, 2), (14, 3), (14, 4), (14, 5), (15, 5), (16, 5), (17, 5), (18, 5), (19, 5), (19, 6), (20, 6), (21, 6), (22, 6), (23, 6), (24, 6), (25, 6), (26, 6), (27, 6), (27, 6)]}, 55)