

CBSS-C STATS
starts:[451, 305, 744, 129, 955, 841, 226, 297, 166, 135]
targets:[24, 705, 1, 346, 921, 234, 885, 318, 610, 28, 1011, 945, 157, 619, 336]
dests:[997, 381, 214, 737, 754, 420, 269, 695, 747, 210]
ac_dict:{24: {0, 1}, 705: {1, 2}, 1: {2, 3}, 346: {3, 4}, 921: {4, 5}, 234: {5, 6}, 885: {6, 7}, 318: {8, 7}, 610: {8, 9}, 997: {0}, 381: {1}, 214: {2}, 737: {3}, 754: {4}, 420: {5}, 269: {6}, 695: {7}, 747: {8}, 210: {9}}
clusters:[6 9 1 1 7 3 4 7 2 8 0 7 5 4 3]

round: 8
best_g_value: 256.0
open_list_size: 7
num_low_level_expanded: 4298
search_success: 1
search_time: 0.5624668044038117
n_tsp_call: 1
n_tsp_time: 0.4279386498965323
n_roots: 1
num_conflicts: 7
target_assignment: {1011: 4, 945: 4, 705: 2, 336: 2, 619: 7, 610: 8, 1: 3, 24: 1, 28: 1, 157: 1}
cluster_target_selection: {0: 1011, 7: 945, 9: 705, 3: 336, 4: 619, 2: 610, 1: 1, 6: 24, 8: 28, 5: 157}
num_nodes_transformed_graph: 55
agent_paths:({0: [(3, 14), (3, 15), (3, 16), (3, 17), (3, 18), (2, 18), (2, 19), (2, 20), (3, 20), (3, 21), (3, 22), (4, 22), (4, 23), (4, 24), (4, 25), (5, 25), (5, 26), (5, 27), (5, 28), (5, 29), (5, 30), (5, 31), (5, 31)], 1: [(17, 9), (17, 8), (17, 7), (17, 6), (17, 5), (17, 4), (17, 3), (17, 2), (17, 1), (18, 1), (19, 1), (19, 0), (20, 0), (21, 0), (22, 0), (23, 0), (24, 0), (24, 1), (24, 2), (25, 2), (25, 3), (26, 3), (27, 3), (27, 2), (27, 1), (27, 0), (28, 0), (28, 1), (28, 2), (28, 3), (28, 4), (29, 4), (29, 5), (29, 6), (29, 7), (29, 8), (29, 9), (29, 10), (29, 11), (29, 11)], 2: [(8, 23), (7, 23), (6, 23), (5, 23), (4, 23), (3, 23), (2, 23), (1, 23), (1, 22), (1, 21), (1, 20), (1, 19), (2, 19), (2, 18), (2, 17), (3, 17), (3, 16), (3, 15), (3, 14), (3, 13), (3, 12), (3, 11), (3, 10), (4, 10), (5, 10), (6, 10), (7, 10), (8, 10), (9, 10), (10, 10), (11, 10), (12, 10), (13, 10), (14, 10), (15, 10), (16, 10), (16, 9), (16, 8), (16, 7), (17, 7), (18, 7), (19, 7), (19, 6), (20, 6), (21, 6), (22, 6), (22, 6)], 3: [(1, 4), (1, 3), (1, 2), (1, 1), (1, 0), (1, 1), (1, 2), (1, 3), (1, 4), (1, 5), (1, 6), (1, 7), (1, 8), (1, 9), (1, 10), (1, 11), (1, 12), (1, 13), (1, 14), (1, 15), (1, 16), (1, 17), (2, 17), (2, 18), (2, 19), (1, 19), (1, 20), (1, 21), (1, 22), (1, 23), (1, 23)], 4: [(27, 29), (26, 29), (25, 29), (24, 29), (23, 29), (23, 30), (22, 30), (21, 30), (20, 30), (19, 30), (19, 31), (18, 31), (17, 31), (17, 30), (17, 29), (17, 28), (17, 27), (17, 26), (17, 25), (17, 24), (17, 23), (18, 23), (18, 23)], 5: [(9, 26), (8, 26), (7, 26), (7, 25), (7, 24), (7, 23), (6, 23), (5, 23), (5, 22), (5, 21), (5, 20), (5, 19), (5, 18), (5, 17), (5, 16), (5, 15), (5, 14), (5, 13), (4, 13), (4, 13)], 6: [(2, 7), (3, 7), (4, 7), (5, 7), (6, 7), (7, 7), (7, 8), (8, 8), (9, 8), (10, 8), (11, 8), (11, 7), (12, 7), (13, 7), (13, 8), (13, 8)], 7: [(9, 9), (10, 9), (10, 10), (10, 11), (10, 12), (10, 13), (10, 14), (11, 14), (11, 15), (11, 16), (11, 17), (11, 18), (11, 19), (12, 19), (13, 19), (14, 19), (15, 19), (16, 19), (17, 19), (18, 19), (19, 19), (20, 19), (21, 19), (22, 19), (23, 19), (23, 20), (23, 21), (23, 21)], 8: [(6, 5), (5, 5), (4, 5), (3, 5), (3, 6), (3, 7), (3, 8), (3, 9), (2, 9), (2, 10), (2, 11), (2, 12), (2, 13), (2, 14), (2, 15), (2, 16), (2, 17), (2, 18), (2, 19), (2, 20), (3, 20), (3, 21), (3, 22), (4, 22), (5, 22), (6, 22), (7, 22), (8, 22), (9, 22), (10, 22), (11, 22), (11, 23), (11, 23)], 9: [(7, 4), (8, 4), (9, 4), (10, 4), (11, 4), (12, 4), (13, 4), (14, 4), (14, 5), (15, 5), (16, 5), (17, 5), (18, 5), (18, 6), (18, 6)]}, 45)