

CBSS-C STATS
starts:[786, 315, 432, 298, 251, 770, 70, 366, 114, 333]
targets:[994, 208, 892, 219, 1005, 678, 832, 338, 150, 624, 775, 347, 371, 497, 113]
dests:[156, 587, 352, 151, 492, 499, 295, 721, 290, 453]
ac_dict:{994: {0, 1}, 208: {1, 2}, 892: {2, 3}, 219: {3, 4}, 1005: {4, 5}, 678: {5, 6}, 832: {6, 7}, 338: {8, 7}, 150: {8, 9}, 156: {0}, 587: {1}, 352: {2}, 151: {3}, 492: {4}, 499: {5}, 295: {6}, 721: {7}, 290: {8}, 453: {9}}
clusters:[1 6 2 5 6 6 7 6 9 0 8 1 4 5 3]

round: 5
best_g_value: 290.0
open_list_size: 4
num_low_level_expanded: 2149
search_success: 1
search_time: 2.7615339308977127
n_tsp_call: 1
n_tsp_time: 2.6594559061340988
n_roots: 1
num_conflicts: 4
target_assignment: {347: 0, 678: 5, 497: 5, 371: 1, 113: 8, 150: 8, 775: 7, 832: 7, 624: 3, 892: 3}
cluster_target_selection: {1: 347, 6: 678, 5: 497, 4: 371, 3: 113, 9: 150, 8: 775, 7: 832, 0: 624, 2: 892}
num_nodes_transformed_graph: 98
agent_paths:({0: [(18, 24), (18, 23), (18, 22), (18, 21), (18, 20), (18, 19), (18, 18), (18, 17), (19, 17), (19, 16), (19, 15), (19, 14), (19, 13), (19, 12), (19, 11), (19, 10), (20, 10), (21, 10), (22, 10), (23, 10), (24, 10), (25, 10), (26, 10), (27, 10), (27, 9), (27, 8), (27, 7), (27, 6), (27, 5), (27, 4), (28, 4), (28, 4)], 1: [(27, 9), (27, 10), (26, 10), (25, 10), (24, 10), (23, 10), (22, 10), (21, 10), (20, 10), (19, 10), (19, 11), (18, 11), (17, 11), (16, 11), (15, 11), (14, 11), (14, 12), (14, 13), (13, 13), (12, 13), (12, 14), (11, 14), (11, 15), (11, 16), (11, 17), (11, 18), (11, 18)], 2: [(16, 13), (15, 13), (15, 12), (14, 12), (14, 11), (14, 10), (13, 10), (12, 10), (11, 10), (10, 10), (9, 10), (8, 10), (7, 10), (6, 10), (5, 10), (4, 10), (3, 10), (2, 10), (1, 10), (0, 10), (0, 11), (0, 11)], 3: [(10, 9), (10, 10), (10, 11), (11, 11), (12, 11), (12, 12), (12, 13), (13, 13), (14, 13), (15, 13), (16, 13), (16, 14), (16, 15), (16, 16), (16, 17), (16, 18), (16, 19), (17, 19), (18, 19), (19, 19), (20, 19), (21, 19), (22, 19), (23, 19), (24, 19), (25, 19), (25, 20), (26, 20), (27, 20), (27, 21), (27, 22), (27, 23), (27, 24), (27, 25), (27, 26), (27, 27), (28, 27), (27, 27), (26, 27), (26, 26), (26, 25), (26, 24), (26, 23), (26, 22), (26, 21), (25, 21), (25, 20), (25, 19), (25, 18), (25, 17), (25, 16), (25, 15), (25, 14), (25, 13), (25, 12), (25, 11), (25, 10), (25, 9), (25, 8), (25, 7), (25, 6), (24, 6), (23, 6), (23, 5), (23, 4), (23, 4)], 4: [(27, 7), (26, 7), (25, 7), (25, 8), (24, 8), (23, 8), (22, 8), (21, 8), (20, 8), (20, 9), (19, 9), (18, 9), (17, 9), (16, 9), (15, 9), (14, 9), (13, 9), (13, 10), (12, 10), (12, 11), (12, 12), (12, 13), (12, 14), (12, 15), (12, 15)], 5: [(2, 24), (2, 23), (2, 22), (3, 22), (4, 22), (5, 22), (5, 21), (6, 21), (6, 20), (6, 19), (7, 19), (7, 18), (8, 18), (8, 17), (8, 16), (9, 16), (10, 16), (11, 16), (12, 16), (13, 16), (14, 16), (15, 16), (16, 16), (16, 15), (17, 15), (18, 15), (19, 15), (19, 15)], 6: [(6, 2), (6, 3), (7, 3), (7, 4), (7, 5), (7, 6), (7, 7), (7, 8), (7, 9), (7, 9)], 7: [(14, 11), (14, 12), (14, 13), (13, 13), (12, 13), (12, 14), (11, 14), (10, 14), (9, 14), (9, 15), (9, 16), (8, 16), (7, 16), (7, 17), (7, 18), (7, 19), (7, 20), (7, 21), (7, 22), (7, 23), (7, 24), (7, 25), (6, 25), (5, 25), (4, 25), (3, 25), (2, 25), (1, 25), (0, 25), (0, 26), (0, 25), (0, 24), (0, 23), (1, 23), (2, 23), (3, 23), (4, 23), (5, 23), (6, 23), (7, 23), (8, 23), (9, 23), (10, 23), (11, 23), (12, 23), (13, 23), (14, 23), (15, 23), (15, 22), (16, 22), (17, 22), (17, 22)], 8: [(18, 3), (17, 3), (18, 3), (19, 3), (20, 3), (21, 3), (22, 3), (22, 4), (21, 4), (20, 4), (19, 4), (18, 4), (17, 4), (16, 4), (16, 5), (15, 5), (14, 5), (13, 5), (12, 5), (11, 5), (10, 5), (10, 6), (9, 6), (8, 6), (7, 6), (7, 7), (6, 7), (5, 7), (4, 7), (3, 7), (3, 8), (3, 9), (2, 9), (2, 9)], 9: [(13, 10), (12, 10), (11, 10), (10, 10), (9, 10), (8, 10), (7, 10), (6, 10), (6, 11), (6, 12), (6, 13), (5, 13), (5, 14), (5, 14)]}, 64)