

CBSS-C STATS
starts:[881, 181, 723, 750, 586]
targets:[546, 849, 1007, 332, 121, 471, 854, 335, 347, 441, 973, 81, 60, 1023, 573, 588, 825, 399, 15, 804, 450, 890, 989, 592, 483, 775, 38, 827, 574, 999, 953, 156, 990, 287, 693, 641, 155, 971, 790, 233, 154, 101, 224, 618, 426, 913, 751, 431, 709, 855]
dests:[1016, 380, 518, 568, 650]
ac_dict:{546: {0, 1}, 849: {1, 2}, 1007: {2, 3}, 332: {3, 4}, 1016: {0}, 380: {1}, 518: {2}, 568: {3}, 650: {4}}
clusters:[ 4  1 29 27  5 25 18 26 13  3 15  7  2 21 11 20 15  8  0 18 10 19 11  3
  8  1  0 14 19  6 28 12 28  9 20 16 17 26  6 27  2  7 24 23  2 22  6  5
 16  1]

round: 1
best_g_value: 205.0
open_list_size: 0
num_low_level_expanded: 457
search_success: 1
search_time: 5.5687068560000625
n_tsp_call: 1
n_tsp_time: 5.507849378999708
n_roots: 1
num_conflicts: 0
target_assignment: {804: 0, 546: 0, 709: 0, 775: 0, 825: 0, 827: 0, 890: 0, 989: 0, 990: 0, 1023: 0, 592: 2, 399: 2, 335: 2, 233: 2, 38: 2, 101: 2, 224: 2, 450: 2, 618: 4, 121: 1, 154: 1, 155: 1, 156: 1, 287: 1, 347: 1, 751: 3, 1007: 3, 913: 3, 693: 3, 471: 3}
cluster_target_selection: {18: 804, 4: 546, 16: 709, 1: 775, 15: 825, 14: 827, 19: 890, 11: 989, 28: 990, 21: 1023, 3: 592, 8: 399, 26: 335, 27: 233, 0: 38, 7: 101, 24: 224, 10: 450, 23: 618, 5: 121, 2: 154, 17: 155, 12: 156, 9: 287, 13: 347, 6: 751, 29: 1007, 22: 913, 20: 693, 25: 471}
num_nodes_transformed_graph: 126
agent_paths:({0: [(17, 27), (16, 27), (15, 27), (14, 27), (13, 27), (12, 27), (11, 27), (10, 27), (9, 27), (8, 27), (8, 26), (7, 26), (6, 26), (5, 26), (4, 26), (4, 25), (3, 25), (2, 25), (2, 24), (2, 23), (2, 22), (2, 21), (2, 20), (2, 19), (2, 18), (2, 17), (3, 17), (4, 17), (5, 17), (5, 18), (5, 19), (5, 20), (5, 21), (5, 22), (6, 22), (7, 22), (7, 23), (7, 24), (8, 24), (9, 24), (10, 24), (11, 24), (12, 24), (13, 24), (14, 24), (15, 24), (16, 24), (17, 24), (18, 24), (19, 24), (20, 24), (20, 25), (21, 25), (22, 25), (23, 25), (24, 25), (25, 25), (26, 25), (27, 25), (26, 25), (26, 26), (26, 27), (27, 27), (28, 27), (29, 27), (29, 28), (29, 29), (29, 30), (30, 30), (31, 30), (31, 31), (30, 31), (29, 31), (28, 31), (27, 31), (26, 31), (25, 31), (24, 31), (24, 31)], 1: [(21, 5), (21, 4), (21, 3), (22, 3), (23, 3), (24, 3), (25, 3), (26, 3), (26, 4), (27, 4), (28, 4), (29, 4), (30, 4), (31, 4), (31, 5), (31, 6), (31, 7), (31, 8), (30, 8), (29, 8), (28, 8), (27, 8), (27, 9), (27, 10), (28, 10), (28, 11), (28, 11)], 2: [(19, 22), (18, 22), (17, 22), (16, 22), (16, 21), (16, 20), (16, 19), (16, 18), (16, 17), (16, 16), (16, 15), (16, 14), (15, 14), (15, 13), (15, 12), (15, 11), (15, 10), (14, 10), (13, 10), (12, 10), (11, 10), (10, 10), (9, 10), (9, 9), (9, 8), (9, 7), (9, 6), (8, 6), (7, 6), (7, 5), (6, 5), (6, 4), (6, 3), (6, 2), (6, 1), (5, 1), (5, 2), (5, 3), (4, 3), (3, 3), (2, 3), (1, 3), (1, 4), (1, 5), (1, 6), (1, 7), (0, 7), (1, 7), (1, 8), (1, 9), (2, 9), (2, 10), (2, 11), (2, 12), (2, 13), (2, 14), (3, 14), (3, 15), (4, 15), (5, 15), (6, 15), (6, 16), (6, 16)], 3: [(14, 23), (15, 23), (15, 24), (15, 25), (15, 26), (15, 27), (15, 28), (15, 29), (14, 29), (14, 30), (14, 31), (15, 31), (16, 31), (16, 30), (16, 29), (16, 28), (17, 28), (17, 27), (17, 26), (17, 25), (17, 24), (17, 23), (17, 22), (17, 21), (18, 21), (19, 21), (20, 21), (21, 21), (21, 20), (21, 19), (21, 18), (21, 17), (21, 16), (21, 15), (21, 14), (22, 14), (23, 14), (24, 14), (24, 15), (24, 16), (24, 17), (24, 17)], 4: [(10, 18), (10, 19), (10, 20), (10, 20)]}, 77)