

CBSS-C STATS
starts:[390, 988, 828, 457, 945, 763, 943, 831, 344, 790]
targets:[902, 862, 212, 236, 295]
dests:[161, 659, 205, 821, 69, 908, 553, 803, 330, 909]
ac_dict:{902: {0, 1}, 862: {1, 2}, 212: {2, 3}, 236: {3, 4}, 295: {4, 5}, 161: {0}, 659: {1}, 205: {2}, 821: {3}, 69: {4}, 908: {5}, 553: {6}, 803: {7}, 330: {8}, 909: {9}}
clusters:[1 0 1 1 0]

round: 4
best_g_value: 222.0
open_list_size: 3
num_low_level_expanded: 1570
search_success: 1
search_time: 0.14554311893880367
n_tsp_call: 1
n_tsp_time: 0.09728129487484694
n_roots: 1
num_conflicts: 3
target_assignment: {295: 4, 212: 2}
cluster_target_selection: {0: 295, 1: 212}
num_nodes_transformed_graph: 30
agent_paths:({0: [(6, 12), (6, 11), (5, 11), (4, 11), (3, 11), (2, 11), (1, 11), (1, 10), (1, 9), (1, 8), (1, 7), (1, 6), (1, 5), (1, 5)], 1: [(28, 30), (27, 30), (26, 30), (25, 30), (24, 30), (23, 30), (23, 29), (23, 28), (23, 27), (22, 27), (22, 26), (22, 25), (22, 24), (22, 23), (21, 23), (21, 22), (20, 22), (20, 21), (19, 21), (19, 20), (19, 20)], 2: [(28, 25), (27, 25), (26, 25), (25, 25), (24, 25), (23, 25), (23, 24), (22, 24), (22, 23), (21, 23), (21, 22), (21, 21), (21, 20), (21, 19), (21, 18), (21, 17), (21, 16), (21, 15), (21, 14), (21, 13), (21, 12), (21, 11), (21, 10), (20, 10), (20, 9), (20, 8), (20, 7), (20, 6), (19, 6), (18, 6), (17, 6), (16, 6), (15, 6), (14, 6), (13, 6), (13, 6)], 3: [(9, 14), (10, 14), (11, 14), (12, 14), (13, 14), (14, 14), (15, 14), (16, 14), (17, 14), (18, 14), (19, 14), (19, 15), (19, 16), (19, 17), (19, 18), (19, 19), (19, 20), (19, 21), (19, 22), (19, 23), (19, 24), (20, 24), (20, 25), (21, 25), (21, 25)], 4: [(17, 29), (16, 29), (15, 29), (14, 29), (13, 29), (12, 29), (11, 29), (10, 29), (10, 28), (10, 27), (10, 26), (10, 25), (10, 24), (10, 23), (10, 22), (10, 21), (10, 20), (10, 19), (10, 18), (10, 17), (10, 16), (10, 15), (10, 14), (10, 13), (10, 12), (9, 12), (9, 11), (9, 10), (8, 10), (7, 10), (7, 9), (6, 9), (5, 9), (5, 8), (5, 7), (5, 6), (5, 5), (5, 4), (5, 3), (5, 2), (5, 2)], 5: [(27, 23), (26, 23), (26, 24), (25, 24), (24, 24), (23, 24), (22, 24), (22, 25), (21, 25), (20, 25), (19, 25), (18, 25), (17, 25), (16, 25), (15, 25), (14, 25), (13, 25), (12, 25), (12, 26), (12, 27), (12, 28), (12, 28)], 6: [(15, 29), (14, 29), (13, 29), (12, 29), (11, 29), (10, 29), (10, 28), (9, 28), (9, 27), (9, 26), (9, 25), (9, 24), (9, 23), (9, 22), (9, 21), (9, 20), (9, 19), (9, 18), (9, 17), (9, 17)], 7: [(31, 25), (30, 25), (29, 25), (28, 25), (27, 25), (26, 25), (25, 25), (24, 25), (23, 25), (22, 25), (21, 25), (20, 25), (19, 25), (18, 25), (17, 25), (16, 25), (15, 25), (14, 25), (13, 25), (12, 25), (11, 25), (10, 25), (9, 25), (8, 25), (7, 25), (6, 25), (5, 25), (4, 25), (3, 25), (3, 25)], 8: [(24, 10), (23, 10), (22, 10), (21, 10), (20, 10), (19, 10), (18, 10), (18, 9), (17, 9), (16, 9), (15, 9), (14, 9), (13, 9), (13, 10), (12, 10), (11, 10), (10, 10), (10, 10)], 9: [(22, 24), (22, 25), (21, 25), (20, 25), (19, 25), (18, 25), (17, 25), (16, 25), (15, 25), (14, 25), (13, 25), (13, 26), (13, 27), (13, 28), (13, 28)]}, 39)