

CBSS-C STATS
starts:[467, 528, 788, 538, 940, 85, 22, 386, 867, 461]
targets:[28, 621, 101, 444, 570, 750, 315, 851, 894, 316]
dests:[341, 613, 776, 720, 557, 935, 126, 831, 246, 129]
ac_dict:{28: {0, 1}, 621: {1, 2}, 101: {2, 3}, 444: {3, 4}, 570: {4, 5}, 750: {5, 6}, 315: {6, 7}, 851: {8, 7}, 894: {8, 9}, 341: {0}, 613: {1}, 776: {2}, 720: {3}, 557: {4}, 935: {5}, 126: {6}, 831: {7}, 246: {8}, 129: {9}}
clusters:[0 2 4 1 4 3 0 4 2 3]

round: 2
best_g_value: 240.0
open_list_size: 1
num_low_level_expanded: 1731
search_success: 1
search_time: 0.16704220697283745
n_tsp_call: 1
n_tsp_time: 0.11839110217988491
n_roots: 1
num_conflicts: 1
target_assignment: {750: 5, 621: 1, 851: 7, 444: 3, 315: 6}
cluster_target_selection: {3: 750, 2: 621, 4: 851, 1: 444, 0: 315}
num_nodes_transformed_graph: 34
agent_paths:({0: [(19, 14), (19, 13), (19, 12), (19, 11), (19, 10), (20, 10), (21, 10), (21, 10)], 1: [(16, 16), (15, 16), (14, 16), (13, 16), (13, 17), (13, 18), (13, 19), (12, 19), (11, 19), (10, 19), (9, 19), (8, 19), (7, 19), (6, 19), (5, 19), (5, 19)], 2: [(20, 24), (19, 24), (18, 24), (17, 24), (16, 24), (15, 24), (14, 24), (13, 24), (12, 24), (11, 24), (10, 24), (9, 24), (8, 24), (8, 24)], 3: [(26, 16), (26, 15), (26, 14), (26, 13), (27, 13), (28, 13), (27, 13), (26, 13), (25, 13), (24, 13), (23, 13), (22, 13), (21, 13), (20, 13), (19, 13), (18, 13), (17, 13), (16, 13), (16, 14), (16, 15), (16, 16), (16, 17), (16, 18), (16, 19), (16, 20), (16, 21), (16, 22), (16, 22)], 4: [(12, 29), (12, 28), (12, 27), (12, 26), (12, 25), (12, 24), (12, 23), (12, 22), (12, 21), (12, 20), (12, 19), (12, 18), (12, 17), (13, 17), (13, 17)], 5: [(21, 2), (20, 2), (20, 3), (19, 3), (18, 3), (17, 3), (16, 3), (16, 4), (16, 5), (16, 6), (16, 7), (16, 8), (16, 9), (16, 10), (16, 11), (16, 12), (16, 13), (16, 14), (16, 15), (16, 16), (16, 17), (16, 18), (16, 19), (15, 19), (15, 20), (15, 21), (15, 22), (15, 23), (14, 23), (13, 23), (12, 23), (11, 23), (10, 23), (9, 23), (9, 24), (9, 25), (8, 25), (8, 26), (8, 27), (8, 28), (7, 28), (7, 29), (7, 29)], 6: [(22, 0), (23, 0), (24, 0), (24, 1), (24, 2), (25, 2), (25, 3), (26, 3), (27, 3), (27, 4), (27, 5), (27, 6), (27, 7), (27, 8), (27, 9), (27, 8), (27, 7), (27, 6), (27, 5), (27, 4), (28, 4), (29, 4), (30, 4), (30, 3), (30, 3)], 7: [(2, 12), (3, 12), (4, 12), (4, 13), (5, 13), (6, 13), (6, 14), (6, 15), (7, 15), (7, 16), (8, 16), (9, 16), (10, 16), (11, 16), (12, 16), (13, 16), (14, 16), (15, 16), (16, 16), (17, 16), (17, 17), (18, 17), (19, 17), (19, 18), (19, 19), (19, 20), (19, 21), (19, 22), (19, 23), (19, 24), (19, 25), (19, 26), (19, 25), (20, 25), (21, 25), (22, 25), (23, 25), (24, 25), (25, 25), (26, 25), (27, 25), (28, 25), (29, 25), (30, 25), (31, 25), (31, 25)], 8: [(3, 27), (3, 26), (3, 25), (3, 24), (3, 23), (3, 22), (4, 22), (5, 22), (5, 21), (5, 20), (5, 19), (5, 18), (5, 17), (5, 16), (5, 15), (5, 14), (5, 13), (6, 13), (6, 12), (6, 11), (6, 10), (6, 9), (7, 9), (7, 8), (8, 8), (9, 8), (9, 7), (10, 7), (11, 7), (12, 7), (13, 7), (14, 7), (15, 7), (16, 7), (17, 7), (18, 7), (19, 7), (20, 7), (21, 7), (22, 7), (22, 7)], 9: [(13, 14), (12, 14), (11, 14), (10, 14), (10, 13), (10, 12), (9, 12), (9, 11), (9, 10), (8, 10), (7, 10), (6, 10), (5, 10), (4, 10), (3, 10), (2, 10), (1, 10), (1, 9), (1, 8), (1, 7), (1, 6), (1, 5), (1, 4), (1, 4)]}, 44)