

CBSS-C STATS
starts:[165, 60, 753, 40, 419]
targets:[49, 252, 842, 294, 478, 539, 374, 181, 701, 364, 393, 291, 407, 856, 485, 116, 307, 313, 451, 3, 714, 888, 751, 369, 65, 589, 295, 89, 873, 852, 897, 214, 837, 292, 828, 800, 279, 556, 630, 134, 246, 523, 778, 497, 56, 907, 596, 230, 777, 963]
dests:[92, 659, 226, 724, 187]
ac_dict:{49: {0, 1}, 252: {1, 2}, 842: {2, 3}, 294: {3, 4}, 92: {0}, 659: {1}, 226: {2}, 724: {3}, 187: {4}}
clusters:[20 22  7 14 16  2  7 19 21 14  3 11 29 22 15  2 26 20 26 28  9 18 25 11
  3 21  0 21 15 11 13  2  5 10 26  8 27 12  7 17  4  4 23 29  1 27  6 24
 21  4]

round: 1
best_g_value: 216.0
open_list_size: 0
num_low_level_expanded: 433
search_success: 1
search_time: 5.352902624999842
n_tsp_call: 1
n_tsp_time: 5.29310133800027
n_roots: 1
num_conflicts: 0
target_assignment: {3: 0, 49: 0, 56: 0, 751: 2, 714: 2, 778: 2, 842: 2, 907: 2, 873: 2, 837: 2, 897: 2, 800: 2, 292: 4, 294: 4, 181: 4, 214: 4, 252: 1, 478: 1, 701: 1, 828: 1, 888: 1, 852: 1, 134: 3, 230: 3, 295: 3, 393: 3, 523: 3, 556: 3, 497: 3, 596: 3}
cluster_target_selection: {28: 3, 20: 49, 1: 56, 25: 751, 9: 714, 23: 778, 7: 842, 27: 907, 15: 873, 5: 837, 13: 897, 8: 800, 10: 292, 14: 294, 19: 181, 2: 214, 22: 252, 16: 478, 21: 701, 26: 828, 18: 888, 11: 852, 17: 134, 24: 230, 0: 295, 3: 393, 4: 523, 12: 556, 29: 497, 6: 596}
num_nodes_transformed_graph: 121
agent_paths:({0: [(5, 5), (4, 5), (3, 5), (3, 4), (3, 3), (3, 2), (3, 1), (3, 0), (4, 0), (5, 0), (6, 0), (6, 1), (7, 1), (8, 1), (9, 1), (10, 1), (11, 1), (12, 1), (13, 1), (14, 1), (15, 1), (16, 1), (17, 1), (18, 1), (19, 1), (20, 1), (20, 0), (21, 0), (22, 0), (23, 0), (24, 0), (24, 1), (24, 2), (25, 2), (25, 3), (26, 3), (27, 3), (27, 2), (28, 2), (28, 2)], 1: [(28, 1), (28, 2), (28, 3), (28, 4), (28, 5), (28, 6), (28, 7), (29, 7), (29, 8), (29, 9), (29, 10), (29, 11), (29, 12), (29, 13), (29, 14), (30, 14), (29, 14), (29, 15), (29, 16), (29, 17), (29, 18), (29, 19), (29, 20), (29, 21), (29, 22), (29, 23), (29, 24), (28, 24), (28, 25), (27, 25), (26, 25), (25, 25), (24, 25), (24, 26), (24, 27), (23, 27), (22, 27), (21, 27), (20, 27), (20, 26), (19, 26), (19, 25), (19, 24), (19, 23), (19, 22), (19, 21), (19, 20), (19, 20)], 2: [(17, 23), (16, 23), (15, 23), (14, 23), (13, 23), (12, 23), (11, 23), (10, 23), (10, 22), (10, 23), (10, 24), (10, 25), (10, 26), (11, 26), (11, 27), (11, 28), (10, 28), (9, 28), (9, 27), (8, 27), (8, 26), (7, 26), (6, 26), (5, 26), (4, 26), (3, 26), (2, 26), (2, 27), (1, 27), (1, 28), (0, 28), (0, 27), (0, 26), (0, 25), (0, 24), (0, 23), (1, 23), (1, 22), (1, 21), (1, 20), (1, 19), (2, 19), (2, 18), (2, 17), (2, 16), (2, 15), (2, 14), (2, 13), (2, 12), (2, 11), (2, 10), (2, 9), (1, 9), (1, 8), (1, 7), (2, 7), (2, 7)], 3: [(8, 1), (7, 1), (6, 1), (6, 2), (6, 3), (6, 4), (6, 5), (5, 5), (5, 6), (5, 7), (6, 7), (7, 7), (7, 8), (7, 9), (7, 10), (8, 10), (9, 10), (9, 11), (9, 12), (10, 12), (10, 13), (10, 14), (11, 14), (11, 15), (11, 16), (12, 16), (12, 17), (12, 16), (13, 16), (14, 16), (15, 16), (16, 16), (16, 15), (17, 15), (18, 15), (19, 15), (19, 16), (20, 16), (20, 17), (20, 18), (20, 19), (20, 20), (20, 21), (20, 22), (20, 22)], 4: [(3, 13), (3, 12), (3, 11), (3, 10), (3, 9), (4, 9), (5, 9), (6, 9), (7, 9), (7, 8), (7, 7), (7, 6), (8, 6), (9, 6), (10, 6), (11, 6), (12, 6), (13, 6), (14, 6), (15, 6), (16, 6), (17, 6), (18, 6), (19, 6), (20, 6), (21, 6), (21, 5), (21, 6), (22, 6), (23, 6), (23, 5), (24, 5), (25, 5), (26, 5), (27, 5), (27, 5)]}, 55)