

CBSS-C STATS
starts:[32, 547, 949, 382, 750]
targets:[873, 476, 306, 109, 269, 370, 892, 991, 310, 503, 714, 541, 971, 744, 448, 493, 316, 667, 586, 711, 288, 960, 516, 377, 896, 596, 922, 840, 153, 66, 539, 177, 435, 733, 737, 640, 551, 719, 642, 230]
dests:[754, 408, 507, 297, 451]
ac_dict:{873: {0, 1}, 476: {1, 2}, 306: {2, 3}, 109: {3, 4}, 754: {0}, 408: {1}, 507: {2}, 297: {3}, 451: {4}}
clusters:[24 10 17  3  8 19  1 24 23  2 16 23  4  9 20  6  7  7  1 14  5  7 15 11
  0 24 22 12 23  1  8  1 19  2 21  6 13 18 18 20]

round: 1
best_g_value: 179.0
open_list_size: 0
num_low_level_expanded: 380
search_success: 1
search_time: 5.766762090000157
n_tsp_call: 1
n_tsp_time: 5.688781440999719
n_roots: 1
num_conflicts: 0
target_assignment: {288: 0, 448: 0, 642: 0, 737: 0, 896: 0, 840: 0, 873: 0, 971: 0, 714: 4, 744: 4, 711: 4, 516: 4, 377: 3, 310: 3, 306: 3, 269: 3, 109: 3, 922: 2, 892: 2, 733: 2, 667: 2, 476: 2, 551: 1, 493: 1, 435: 1}
cluster_target_selection: {5: 288, 20: 448, 18: 642, 21: 737, 0: 896, 12: 840, 24: 873, 4: 971, 16: 714, 9: 744, 14: 711, 15: 516, 11: 377, 23: 310, 17: 306, 8: 269, 3: 109, 22: 922, 1: 892, 2: 733, 7: 667, 10: 476, 13: 551, 6: 493, 19: 435}
num_nodes_transformed_graph: 198
agent_paths:({0: [(0, 1), (0, 2), (0, 3), (1, 3), (1, 4), (1, 5), (1, 6), (1, 7), (0, 7), (0, 8), (0, 9), (0, 10), (0, 11), (1, 11), (1, 12), (1, 13), (1, 14), (0, 14), (1, 14), (2, 14), (2, 15), (2, 16), (2, 17), (2, 18), (2, 19), (2, 20), (1, 20), (1, 21), (1, 22), (1, 23), (0, 23), (0, 24), (0, 25), (0, 26), (0, 27), (0, 28), (0, 27), (1, 27), (2, 27), (2, 26), (3, 26), (4, 26), (5, 26), (6, 26), (7, 26), (8, 26), (9, 26), (9, 27), (10, 27), (11, 27), (11, 28), (11, 29), (11, 30), (11, 29), (11, 28), (11, 27), (11, 26), (11, 25), (11, 24), (11, 23), (12, 23), (13, 23), (14, 23), (15, 23), (16, 23), (17, 23), (18, 23), (18, 23)], 1: [(3, 17), (4, 17), (5, 17), (6, 17), (7, 17), (7, 16), (8, 16), (9, 16), (9, 15), (10, 15), (11, 15), (12, 15), (13, 15), (13, 14), (13, 13), (14, 13), (15, 13), (16, 13), (17, 13), (18, 13), (19, 13), (19, 12), (20, 12), (21, 12), (22, 12), (23, 12), (24, 12), (24, 12)], 2: [(21, 29), (21, 30), (22, 30), (23, 30), (23, 29), (23, 28), (24, 28), (25, 28), (26, 28), (26, 27), (27, 27), (28, 27), (29, 27), (29, 26), (29, 25), (29, 24), (29, 23), (29, 22), (28, 22), (27, 22), (27, 21), (27, 20), (27, 19), (27, 18), (27, 17), (27, 16), (27, 15), (27, 14), (28, 14), (27, 14), (27, 15), (27, 15)], 3: [(30, 11), (29, 11), (28, 11), (27, 11), (26, 11), (25, 11), (24, 11), (23, 11), (22, 11), (22, 10), (22, 9), (21, 9), (20, 9), (19, 9), (18, 9), (17, 9), (16, 9), (15, 9), (14, 9), (13, 9), (13, 8), (13, 7), (13, 6), (13, 5), (13, 4), (13, 3), (12, 3), (11, 3), (10, 3), (10, 4), (10, 5), (10, 6), (9, 6), (9, 7), (9, 8), (9, 9), (9, 9)], 4: [(14, 23), (13, 23), (12, 23), (11, 23), (10, 23), (10, 22), (9, 22), (8, 22), (8, 23), (7, 23), (7, 22), (6, 22), (5, 22), (5, 21), (5, 20), (5, 19), (4, 19), (4, 18), (4, 17), (4, 16), (3, 16), (3, 15), (3, 14), (3, 14)]}, 66)