

CBSS-C STATS
starts:[485, 463, 769, 879, 85]
targets:[609, 751, 537, 369, 955, 631, 861, 799, 938, 179]
dests:[819, 524, 971, 191, 790]
ac_dict:{609: {0, 1}, 751: {1, 2}, 537: {2, 3}, 369: {3, 4}, 819: {0}, 524: {1}, 971: {2}, 191: {3}, 790: {4}}
clusters:[0 1 0 0 0 1 1 0 0 1]

round: 2
best_g_value: 106.0
open_list_size: 1
num_low_level_expanded: 599
search_success: 1
search_time: 0.14616923686116934
n_tsp_call: 1
n_tsp_time: 0.12365490105003119
n_roots: 1
num_conflicts: 1
target_assignment: {938: 2, 631: 3}
cluster_target_selection: {0: 938, 1: 631}
num_nodes_transformed_graph: 48
agent_paths:({0: [(5, 15), (6, 15), (7, 15), (7, 16), (8, 16), (9, 16), (10, 16), (11, 16), (11, 17), (12, 17), (13, 17), (14, 17), (15, 17), (16, 17), (17, 17), (18, 17), (19, 17), (19, 18), (19, 19), (19, 20), (19, 21), (19, 22), (19, 23), (19, 24), (19, 25), (19, 25)], 1: [(15, 14), (14, 14), (13, 14), (12, 14), (12, 15), (12, 16), (12, 16)], 2: [(1, 24), (2, 24), (3, 24), (4, 24), (4, 25), (5, 25), (6, 25), (7, 25), (8, 25), (9, 25), (10, 25), (10, 26), (10, 27), (10, 28), (10, 29), (11, 29), (11, 30), (11, 30)], 3: [(15, 27), (15, 26), (15, 25), (15, 24), (15, 23), (15, 22), (15, 21), (15, 20), (15, 19), (16, 19), (17, 19), (18, 19), (19, 19), (20, 19), (21, 19), (22, 19), (23, 19), (23, 18), (23, 17), (23, 16), (23, 15), (23, 14), (23, 13), (23, 12), (23, 11), (23, 10), (23, 9), (23, 8), (24, 8), (25, 8), (25, 7), (25, 6), (25, 5), (26, 5), (27, 5), (28, 5), (29, 5), (30, 5), (31, 5), (31, 5)], 4: [(21, 2), (21, 3), (21, 4), (21, 5), (21, 6), (21, 7), (21, 8), (21, 9), (21, 10), (21, 11), (21, 12), (21, 13), (21, 14), (21, 15), (21, 16), (21, 17), (21, 18), (21, 19), (21, 20), (21, 21), (21, 22), (21, 23), (22, 23), (22, 24), (22, 24)]}, 38)