

CBSS-C STATS
starts:[233, 450, 308, 596, 46]
targets:[832, 299, 523, 113, 336, 236, 574, 119, 176, 709, 1018, 734, 809, 327, 1020, 515, 782, 522, 498, 244, 996, 468, 857, 157, 811, 41, 369, 212, 923, 780, 710, 537, 88, 313, 656, 151, 658, 97, 657, 21, 724, 590, 479, 900, 513, 952, 37, 315, 733, 290]
dests:[23, 451, 434, 599, 555]
ac_dict:{832: {0, 1}, 299: {1, 2}, 523: {2, 3}, 113: {3, 4}, 23: {0}, 451: {1}, 434: {2}, 599: {3}, 555: {4}}
clusters:[18 11 17  4  6  1  2  7 15 27 10 13  8  0 24 16 19 13 12 26 20 25 12 29
 22  5  3  0  6 18  3  7 16 10 17 19 15 21  5  2 14 11  8  9 28 23  1  4
 14  9]

round: 1
best_g_value: 182.0
open_list_size: 0
num_low_level_expanded: 371
search_success: 1
search_time: 66.32419432200004
n_tsp_call: 1
n_tsp_time: 66.21246326599976
n_roots: 1
num_conflicts: 0
target_assignment: {244: 0, 212: 0, 315: 0, 157: 0, 119: 0, 21: 0, 41: 4, 37: 4, 97: 4, 513: 4, 515: 4, 710: 4, 709: 4, 900: 4, 996: 4, 809: 4, 811: 4, 780: 4, 782: 4, 857: 4, 923: 4, 1020: 4, 1018: 4, 952: 4, 724: 4, 658: 4, 656: 4, 590: 4, 522: 4, 468: 2}
cluster_target_selection: {26: 244, 0: 212, 4: 315, 29: 157, 7: 119, 2: 21, 5: 41, 1: 37, 21: 97, 28: 513, 16: 515, 3: 710, 27: 709, 9: 900, 20: 996, 8: 809, 22: 811, 18: 780, 19: 782, 12: 857, 6: 923, 24: 1020, 10: 1018, 23: 952, 14: 724, 15: 658, 17: 656, 11: 590, 13: 522, 25: 468}
num_nodes_transformed_graph: 248
agent_paths:({0: [(9, 7), (10, 7), (11, 7), (12, 7), (13, 7), (14, 7), (15, 7), (16, 7), (17, 7), (18, 7), (19, 7), (20, 7), (20, 6), (21, 6), (22, 6), (23, 6), (24, 6), (25, 6), (26, 6), (27, 6), (27, 7), (27, 8), (27, 9), (27, 8), (27, 7), (27, 6), (27, 5), (27, 4), (28, 4), (29, 4), (28, 4), (27, 4), (26, 4), (25, 4), (25, 3), (24, 3), (23, 3), (22, 3), (22, 2), (22, 1), (22, 0), (21, 0), (22, 0), (23, 0), (23, 0)], 1: [(2, 14), (3, 14), (3, 14)], 2: [(20, 9), (20, 10), (19, 10), (19, 11), (19, 12), (20, 12), (20, 13), (20, 14), (19, 14), (18, 14), (18, 13), (18, 13)], 3: [(20, 18), (21, 18), (22, 18), (23, 18), (23, 18)], 4: [(14, 1), (13, 1), (12, 1), (11, 1), (10, 1), (9, 1), (8, 1), (7, 1), (6, 1), (5, 1), (4, 1), (3, 1), (2, 1), (1, 1), (1, 2), (1, 3), (1, 4), (1, 5), (1, 6), (1, 7), (1, 8), (1, 9), (1, 10), (1, 11), (1, 12), (1, 13), (1, 14), (1, 15), (1, 16), (2, 16), (3, 16), (4, 16), (5, 16), (5, 17), (5, 18), (5, 19), (6, 19), (6, 20), (6, 21), (6, 22), (5, 22), (4, 22), (4, 23), (4, 24), (4, 25), (4, 26), (4, 27), (4, 28), (4, 29), (5, 29), (5, 30), (5, 31), (4, 31), (5, 31), (5, 30), (5, 29), (5, 28), (5, 27), (5, 26), (5, 25), (6, 25), (7, 25), (8, 25), (9, 25), (10, 25), (11, 25), (11, 24), (12, 24), (13, 24), (14, 24), (15, 24), (16, 24), (17, 24), (18, 24), (19, 24), (20, 24), (20, 25), (21, 25), (22, 25), (23, 25), (24, 25), (25, 25), (25, 26), (26, 26), (27, 26), (27, 27), (27, 28), (28, 28), (28, 29), (28, 30), (28, 31), (27, 31), (26, 31), (25, 31), (24, 31), (24, 30), (24, 29), (23, 29), (23, 28), (23, 27), (22, 27), (22, 26), (22, 25), (22, 24), (22, 23), (21, 23), (21, 22), (20, 22), (19, 22), (18, 22), (18, 21), (18, 20), (17, 20), (16, 20), (15, 20), (14, 20), (14, 19), (14, 18), (13, 18), (12, 18), (11, 18), (10, 18), (10, 17), (10, 16), (11, 16), (11, 17), (11, 17)]}, 125)