

CBSS-C STATS
starts:[486, 309, 637, 328, 567]
targets:[820, 286, 110, 680, 120, 183, 74, 264, 459, 4]
dests:[844, 536, 632, 489, 228]
ac_dict:{820: {0, 1}, 286: {1, 2}, 110: {2, 3}, 680: {3, 4}, 844: {0}, 536: {1}, 632: {2}, 489: {3}, 228: {4}}
clusters:[3 0 3 1 0 3 2 2 2 4]

round: 1
best_g_value: 107.0
open_list_size: 0
num_low_level_expanded: 310
search_success: 1
search_time: 0.2875701296143234
n_tsp_call: 1
n_tsp_time: 0.2716005137190223
n_roots: 1
num_conflicts: 0
target_assignment: {183: 4, 120: 4, 74: 4, 4: 4, 680: 3}
cluster_target_selection: {3: 183, 0: 120, 2: 74, 4: 4, 1: 680}
num_nodes_transformed_graph: 48
agent_paths:({0: [(6, 15), (7, 15), (7, 16), (8, 16), (9, 16), (10, 16), (11, 16), (12, 16), (12, 17), (12, 18), (12, 19), (12, 20), (12, 21), (12, 22), (12, 23), (12, 24), (12, 25), (12, 26), (12, 26)], 1: [(21, 9), (22, 9), (23, 9), (24, 9), (24, 10), (24, 11), (24, 12), (24, 13), (24, 14), (24, 15), (24, 16), (24, 16)], 2: [(29, 19), (29, 18), (28, 18), (27, 18), (26, 18), (25, 18), (24, 18), (24, 19), (24, 19)], 3: [(8, 10), (9, 10), (9, 11), (9, 12), (10, 12), (10, 13), (10, 14), (9, 14), (9, 15), (9, 16), (8, 16), (8, 17), (8, 18), (8, 19), (8, 20), (8, 21), (8, 20), (8, 19), (8, 18), (8, 17), (8, 16), (9, 16), (9, 15), (9, 15)], 4: [(23, 17), (23, 16), (23, 15), (23, 14), (23, 13), (23, 12), (23, 11), (23, 10), (23, 9), (23, 8), (22, 8), (22, 7), (22, 6), (23, 6), (23, 5), (23, 4), (23, 3), (24, 3), (23, 3), (22, 3), (21, 3), (20, 3), (19, 3), (18, 3), (17, 3), (16, 3), (16, 2), (16, 1), (15, 1), (14, 1), (13, 1), (12, 1), (11, 1), (10, 1), (10, 2), (9, 2), (9, 1), (8, 1), (7, 1), (6, 1), (5, 1), (4, 1), (4, 0), (4, 1), (4, 2), (4, 3), (4, 4), (4, 5), (3, 5), (3, 6), (3, 7), (4, 7), (4, 7)]}, 51)