

CBSS-C STATS
starts:[219, 225, 850, 445, 458]
targets:[299, 725, 1, 781, 429, 336, 566, 609, 782, 503, 0, 574, 238, 839, 206, 497, 226, 847, 664, 832, 963, 987, 382, 339, 979, 344, 291, 147, 493, 786, 33, 973, 738, 1011, 164, 639, 802, 510, 848, 460, 484, 277, 506, 791, 804, 699, 438, 959, 713, 691]
dests:[518, 535, 454, 674, 663]
ac_dict:{299: {0, 1}, 725: {1, 2}, 1: {2, 3}, 781: {3, 4}, 518: {0}, 535: {1}, 454: {2}, 674: {3}, 663: {4}}
clusters:[ 9 14 26 20  5 12 15  0 18 21 11  4 19  8  7 18 14  9 12  3 22  6 16 15
 13  7 17  8  0  1  5  1  4 23 28 11  3  6  2 29 25 10 24 16 19 17  2 13
 10 27]

round: 2
best_g_value: 226.0
open_list_size: 1
num_low_level_expanded: 805
search_success: 1
search_time: 7.298080042000038
n_tsp_call: 1
n_tsp_time: 7.231421675000092
n_roots: 1
num_conflicts: 1
target_assignment: {277: 0, 339: 0, 382: 3, 510: 3, 506: 3, 206: 3, 164: 3, 1: 3, 0: 3, 33: 3, 291: 3, 484: 3, 804: 3, 963: 3, 802: 3, 738: 3, 226: 1, 299: 1, 336: 1, 438: 1, 503: 1, 979: 2, 1011: 2, 839: 2, 460: 4, 493: 4, 781: 4, 782: 4, 786: 4, 691: 4}
cluster_target_selection: {10: 277, 15: 339, 16: 382, 6: 510, 24: 506, 7: 206, 28: 164, 26: 1, 11: 0, 5: 33, 17: 291, 25: 484, 19: 804, 22: 963, 3: 802, 4: 738, 14: 226, 9: 299, 12: 336, 2: 438, 21: 503, 13: 979, 23: 1011, 8: 839, 29: 460, 0: 493, 20: 781, 18: 782, 1: 786, 27: 691}
num_nodes_transformed_graph: 128
agent_paths:({0: [(27, 6), (26, 6), (25, 6), (24, 6), (23, 6), (22, 6), (21, 6), (21, 7), (21, 8), (20, 8), (20, 9), (19, 9), (19, 10), (18, 10), (18, 11), (17, 11), (16, 11), (15, 11), (14, 11), (14, 12), (14, 13), (13, 13), (12, 13), (12, 14), (11, 14), (10, 14), (9, 14), (9, 15), (9, 16), (8, 16), (7, 16), (6, 16), (6, 16)], 1: [(1, 7), (2, 7), (3, 7), (4, 7), (5, 7), (6, 7), (7, 7), (7, 8), (8, 8), (9, 8), (10, 8), (11, 8), (11, 9), (11, 10), (12, 10), (13, 10), (14, 10), (15, 10), (16, 10), (16, 11), (17, 11), (18, 11), (19, 11), (19, 12), (20, 12), (21, 12), (22, 12), (22, 13), (23, 13), (23, 14), (23, 15), (23, 16), (23, 16)], 2: [(18, 26), (19, 26), (19, 27), (19, 28), (19, 29), (19, 30), (19, 31), (18, 31), (17, 31), (16, 31), (15, 31), (14, 31), (13, 31), (12, 31), (11, 31), (10, 31), (9, 31), (8, 31), (8, 30), (8, 29), (8, 28), (8, 27), (8, 26), (7, 26), (7, 25), (7, 24), (7, 23), (7, 22), (7, 21), (7, 20), (7, 19), (7, 18), (7, 17), (7, 16), (7, 15), (6, 15), (6, 14), (6, 14)], 3: [(29, 13), (29, 12), (29, 11), (30, 11), (30, 12), (29, 12), (29, 13), (29, 14), (30, 14), (30, 15), (29, 15), (28, 15), (27, 15), (26, 15), (25, 15), (24, 15), (23, 15), (22, 15), (21, 15), (21, 14), (20, 14), (19, 14), (18, 14), (17, 14), (16, 14), (16, 13), (16, 12), (16, 11), (16, 10), (16, 9), (16, 8), (16, 7), (15, 7), (14, 7), (14, 6), (13, 6), (12, 6), (11, 6), (10, 6), (9, 6), (8, 6), (7, 6), (7, 5), (6, 5), (5, 5), (4, 5), (3, 5), (2, 5), (1, 5), (1, 4), (1, 3), (1, 2), (1, 1), (1, 0), (0, 0), (1, 0), (1, 1), (2, 1), (3, 1), (3, 2), (3, 3), (3, 4), (3, 5), (3, 6), (3, 7), (3, 8), (3, 9), (3, 10), (3, 11), (3, 12), (3, 13), (3, 14), (3, 15), (4, 15), (4, 16), (4, 17), (4, 18), (4, 19), (5, 19), (5, 20), (5, 21), (5, 22), (4, 22), (4, 23), (4, 24), (4, 25), (4, 26), (4, 27), (4, 28), (4, 29), (3, 29), (3, 30), (2, 30), (2, 29), (2, 28), (2, 27), (2, 26), (2, 25), (2, 24), (2, 23), (2, 22), (2, 21), (2, 21)], 4: [(10, 14), (11, 14), (12, 14), (13, 14), (13, 15), (13, 16), (13, 17), (13, 18), (13, 19), (13, 20), (13, 21), (13, 22), (13, 23), (13, 24), (14, 24), (15, 24), (16, 24), (17, 24), (18, 24), (18, 23), (18, 22), (18, 21), (19, 21), (19, 20), (20, 20), (21, 20), (22, 20), (23, 20), (23, 20)]}, 101)