

CBSS-C STATS
starts:[745, 585, 356, 316, 355]
targets:[5, 166, 607, 122, 598, 567, 518, 811, 1011, 741, 497, 812, 167, 884, 584, 322, 65, 1016, 237, 852, 492, 474, 653, 264, 520, 932, 155, 273, 952, 80, 630, 354, 996, 750, 667, 908, 924, 371, 795, 642]
dests:[566, 139, 631, 74, 99]
ac_dict:{5: {0, 1}, 166: {1, 2}, 607: {2, 3}, 122: {3, 4}, 566: {0}, 139: {1}, 631: {2}, 74: {3}, 99: {4}}
clusters:[13  4  8 12  8  1  6 10 11  3 14 23 18  9 11 17 16  4 15  0 10  0 13  7
 12 22 19  5  7  5 24 21  1  2 20  3  6 14  9  2]

round: 1
best_g_value: 163.0
open_list_size: 0
num_low_level_expanded: 313
search_success: 1
search_time: 2.512607981999736
n_tsp_call: 1
n_tsp_time: 2.4688976190000176
n_roots: 1
num_conflicts: 0
target_assignment: {741: 0, 932: 0, 811: 0, 812: 0, 750: 0, 653: 0, 630: 0, 598: 0, 567: 0, 354: 4, 322: 4, 65: 4, 584: 1, 518: 1, 167: 1, 166: 1, 155: 3, 122: 3, 80: 3, 264: 2, 237: 2, 371: 2, 474: 2, 795: 2, 667: 2}
cluster_target_selection: {3: 741, 22: 932, 10: 811, 23: 812, 2: 750, 13: 653, 24: 630, 8: 598, 1: 567, 21: 354, 17: 322, 16: 65, 11: 584, 6: 518, 18: 167, 4: 166, 19: 155, 12: 122, 5: 80, 7: 264, 15: 237, 14: 371, 0: 474, 9: 795, 20: 667}
num_nodes_transformed_graph: 103
agent_paths:({0: [(9, 23), (8, 23), (7, 23), (6, 23), (5, 23), (4, 23), (4, 24), (4, 25), (4, 26), (4, 27), (4, 28), (4, 29), (4, 28), (4, 27), (4, 26), (4, 25), (5, 25), (6, 25), (7, 25), (8, 25), (9, 25), (10, 25), (11, 25), (12, 25), (12, 24), (12, 23), (13, 23), (14, 23), (13, 23), (13, 22), (13, 21), (13, 20), (13, 19), (14, 19), (15, 19), (16, 19), (17, 19), (18, 19), (19, 19), (20, 19), (21, 19), (22, 19), (22, 18), (22, 17), (23, 17), (22, 17), (22, 17)], 1: [(9, 18), (8, 18), (7, 18), (7, 17), (6, 17), (6, 16), (6, 15), (6, 14), (6, 13), (6, 12), (6, 11), (6, 10), (6, 9), (7, 9), (7, 8), (7, 7), (7, 6), (7, 5), (6, 5), (6, 4), (7, 4), (8, 4), (9, 4), (10, 4), (11, 4), (11, 4)], 2: [(4, 11), (4, 10), (4, 9), (5, 9), (6, 9), (7, 9), (7, 8), (8, 8), (9, 8), (9, 7), (10, 7), (11, 7), (12, 7), (13, 7), (14, 7), (15, 7), (16, 7), (17, 7), (18, 7), (18, 8), (18, 9), (19, 9), (19, 10), (19, 11), (19, 12), (20, 12), (21, 12), (22, 12), (23, 12), (24, 12), (25, 12), (26, 12), (26, 13), (26, 14), (27, 14), (27, 15), (27, 16), (27, 17), (27, 18), (27, 19), (27, 20), (27, 21), (27, 22), (27, 23), (27, 24), (27, 23), (27, 22), (27, 21), (27, 20), (26, 20), (25, 20), (24, 20), (23, 20), (23, 19), (23, 19)], 3: [(28, 9), (27, 9), (27, 8), (27, 7), (27, 6), (27, 5), (27, 4), (26, 4), (26, 3), (25, 3), (24, 3), (23, 3), (22, 3), (21, 3), (20, 3), (19, 3), (18, 3), (17, 3), (16, 3), (16, 2), (16, 1), (15, 1), (14, 1), (13, 1), (12, 1), (11, 1), (10, 1), (10, 2), (10, 2)], 4: [(3, 11), (2, 11), (2, 10), (1, 10), (1, 9), (1, 8), (1, 7), (1, 6), (1, 5), (1, 4), (1, 3), (1, 2), (2, 2), (3, 2), (3, 3), (3, 3)]}, 53)