

CBSS-C STATS
starts:[219, 225, 850, 445, 458]
targets:[299, 725, 1, 781, 429, 336, 566, 609, 782, 503, 0, 574, 238, 839, 206, 497, 226, 847, 664, 832, 963, 987, 382, 339, 979, 344, 291, 147, 493, 786, 33, 973, 738, 1011, 164, 639, 802, 510, 848, 460, 484, 277, 506, 791, 804, 699, 438, 959, 713, 691]
dests:[518, 535, 454, 674, 663]
ac_dict:{299: {0, 1}, 725: {1, 2}, 1: {2, 3}, 781: {3, 4}, 518: {0}, 535: {1}, 454: {2}, 674: {3}, 663: {4}}
clusters:[ 9 14 26 20  5 12 15  0 18 21 11  4 19  8  7 18 14  9 12  3 22  6 16 15
 13  7 17  8  0  1  5  1  4 23 28 11  3  6  2 29 25 10 24 16 19 17  2 13
 10 27]

round: 1
best_g_value: 216.0
open_list_size: 0
num_low_level_expanded: 470
search_success: 1
search_time: 33.266859964000105
n_tsp_call: 1
n_tsp_time: 33.1516886269992
n_roots: 1
num_conflicts: 0
target_assignment: {344: 0, 339: 0, 429: 0, 510: 3, 506: 3, 664: 3, 791: 3, 979: 3, 1011: 3, 973: 3, 963: 3, 802: 3, 738: 3, 226: 1, 238: 1, 277: 1, 503: 1, 460: 4, 493: 4, 781: 4, 782: 4, 691: 4, 848: 2, 847: 2, 839: 2, 484: 2, 291: 2, 1: 2, 0: 2, 164: 2}
cluster_target_selection: {7: 344, 15: 339, 5: 429, 6: 510, 24: 506, 12: 664, 16: 791, 13: 979, 23: 1011, 1: 973, 22: 963, 3: 802, 4: 738, 14: 226, 19: 238, 10: 277, 21: 503, 29: 460, 0: 493, 20: 781, 18: 782, 27: 691, 2: 848, 9: 847, 8: 839, 25: 484, 17: 291, 26: 1, 11: 0, 28: 164}
num_nodes_transformed_graph: 248
agent_paths:({0: [(27, 6), (26, 6), (25, 6), (25, 7), (25, 8), (24, 8), (24, 9), (24, 10), (23, 10), (22, 10), (21, 10), (20, 10), (19, 10), (18, 10), (18, 11), (17, 11), (16, 11), (15, 11), (14, 11), (14, 12), (14, 13), (13, 13), (12, 13), (12, 14), (11, 14), (10, 14), (9, 14), (9, 15), (9, 16), (8, 16), (7, 16), (6, 16), (6, 16)], 1: [(1, 7), (2, 7), (3, 7), (4, 7), (5, 7), (6, 7), (7, 7), (7, 6), (8, 6), (9, 6), (10, 6), (11, 6), (12, 6), (13, 6), (14, 6), (14, 7), (15, 7), (16, 7), (17, 7), (18, 7), (19, 7), (20, 7), (21, 7), (21, 8), (22, 8), (23, 8), (23, 9), (23, 10), (23, 11), (23, 12), (23, 13), (23, 14), (23, 15), (23, 16), (23, 16)], 2: [(18, 26), (17, 26), (16, 26), (15, 26), (15, 25), (14, 25), (13, 25), (12, 25), (11, 25), (10, 25), (9, 25), (8, 25), (7, 25), (7, 26), (7, 25), (7, 24), (7, 23), (6, 23), (5, 23), (5, 22), (5, 21), (5, 20), (5, 19), (4, 19), (4, 18), (4, 17), (4, 16), (4, 15), (3, 15), (3, 14), (3, 13), (3, 12), (3, 11), (3, 10), (3, 9), (2, 9), (1, 9), (1, 8), (1, 7), (1, 6), (1, 5), (1, 4), (1, 3), (1, 2), (1, 1), (1, 0), (0, 0), (1, 0), (2, 0), (3, 0), (4, 0), (4, 1), (4, 2), (4, 3), (4, 4), (4, 5), (5, 5), (5, 6), (5, 7), (5, 8), (5, 9), (6, 9), (6, 10), (6, 11), (6, 12), (6, 13), (6, 14), (6, 14)], 3: [(29, 13), (29, 14), (30, 14), (30, 15), (29, 15), (28, 15), (27, 15), (26, 15), (25, 15), (24, 15), (24, 16), (24, 17), (24, 18), (24, 19), (24, 20), (24, 21), (24, 22), (24, 23), (24, 24), (23, 24), (22, 24), (22, 25), (21, 25), (20, 25), (19, 25), (19, 26), (19, 27), (19, 28), (19, 29), (19, 30), (19, 31), (18, 31), (17, 31), (16, 31), (15, 31), (14, 31), (13, 31), (13, 30), (12, 30), (11, 30), (10, 30), (9, 30), (8, 30), (7, 30), (6, 30), (5, 30), (5, 29), (4, 29), (3, 29), (3, 30), (2, 30), (2, 29), (2, 28), (2, 27), (2, 26), (2, 25), (2, 24), (2, 23), (2, 22), (2, 21), (2, 21)], 4: [(10, 14), (11, 14), (12, 14), (13, 14), (13, 15), (13, 16), (13, 17), (13, 18), (13, 19), (13, 20), (13, 21), (13, 22), (13, 23), (13, 24), (14, 24), (14, 23), (15, 23), (15, 22), (15, 21), (16, 21), (17, 21), (18, 21), (19, 21), (19, 20), (20, 20), (21, 20), (22, 20), (23, 20), (23, 20)]}, 66)