

CBSS-C STATS
starts:[469, 429, 52, 243, 1014]
targets:[862, 80, 864, 210, 355, 932, 21, 973, 626, 514, 905, 675, 924, 974, 962, 49, 981, 610, 341, 0, 30, 387, 261, 684, 583, 20, 855, 73, 642, 979, 942, 772, 325, 343, 203, 320, 602, 805, 1008, 174, 563, 762, 129, 1, 177, 844, 629, 856, 251, 403]
dests:[116, 771, 220, 858, 333]
ac_dict:{862: {0, 1}, 80: {1, 2}, 864: {2, 3}, 210: {3, 4}, 116: {0}, 771: {1}, 220: {2}, 858: {3}, 333: {4}}
clusters:[13  4 20 19  6  2 12 34 17 39 10  3  2 37 22  8 38 35 23 14  9  3 24 21
 33 18  0 32 15 28 11  1 25  7 16  7  0 26  5  5 36 31  8 30  9 27  6 29
  1  4]

round: 1
best_g_value: 234.0
open_list_size: 0
num_low_level_expanded: 548
search_success: 1
search_time: 31.719516787999964
n_tsp_call: 1
n_tsp_time: 31.59907585899964
n_roots: 1
num_conflicts: 0
target_assignment: {762: 0, 862: 0, 629: 0, 626: 0, 563: 0, 403: 0, 341: 0, 343: 0, 20: 2, 21: 2, 981: 4, 979: 4, 942: 4, 974: 4, 973: 4, 844: 4, 684: 4, 210: 3, 177: 3, 174: 3, 203: 3, 73: 3, 1: 3, 0: 3, 129: 3, 261: 3, 325: 3, 387: 3, 514: 3, 610: 3, 642: 3, 864: 3, 962: 3, 932: 3, 905: 3, 855: 3, 856: 3, 583: 1, 805: 1, 772: 1}
cluster_target_selection: {31: 762, 13: 862, 6: 629, 17: 626, 36: 563, 4: 403, 23: 341, 7: 343, 18: 20, 12: 21, 38: 981, 28: 979, 11: 942, 37: 974, 34: 973, 27: 844, 21: 684, 19: 210, 9: 177, 5: 174, 16: 203, 32: 73, 30: 1, 14: 0, 8: 129, 24: 261, 25: 325, 3: 387, 39: 514, 35: 610, 15: 642, 20: 864, 22: 962, 2: 932, 10: 905, 0: 855, 29: 856, 33: 583, 26: 805, 1: 772}
num_nodes_transformed_graph: 248
agent_paths:({0: [(21, 14), (22, 14), (23, 14), (24, 14), (25, 14), (25, 15), (25, 16), (25, 17), (25, 18), (25, 19), (25, 20), (26, 20), (26, 21), (26, 22), (26, 23), (27, 23), (27, 24), (28, 24), (29, 24), (30, 24), (30, 25), (30, 26), (29, 26), (29, 25), (28, 25), (27, 25), (26, 25), (25, 25), (24, 25), (23, 25), (22, 25), (22, 24), (22, 23), (21, 23), (21, 22), (21, 21), (21, 20), (21, 19), (20, 19), (19, 19), (18, 19), (18, 18), (18, 17), (19, 17), (19, 16), (19, 15), (19, 14), (19, 13), (19, 12), (19, 11), (19, 10), (20, 10), (21, 10), (22, 10), (23, 10), (22, 10), (21, 10), (21, 9), (21, 8), (21, 7), (21, 6), (21, 5), (21, 4), (20, 4), (20, 3), (20, 3)], 1: [(13, 13), (12, 13), (12, 14), (11, 14), (10, 14), (9, 14), (9, 15), (9, 16), (8, 16), (7, 16), (7, 17), (7, 18), (7, 19), (7, 20), (7, 21), (7, 22), (7, 23), (7, 24), (7, 25), (6, 25), (5, 25), (4, 25), (4, 24), (3, 24), (3, 24)], 2: [(20, 1), (20, 0), (21, 0), (22, 0), (23, 0), (24, 0), (24, 1), (24, 2), (25, 2), (25, 3), (26, 3), (27, 3), (28, 3), (28, 4), (28, 5), (28, 6), (28, 6)], 3: [(19, 7), (18, 7), (18, 6), (17, 6), (17, 5), (16, 5), (15, 5), (14, 5), (13, 5), (12, 5), (11, 5), (11, 6), (10, 6), (10, 5), (10, 4), (9, 4), (9, 3), (9, 2), (9, 1), (8, 1), (7, 1), (6, 1), (5, 1), (4, 1), (3, 1), (2, 1), (1, 1), (1, 0), (0, 0), (1, 0), (1, 1), (1, 2), (1, 3), (1, 4), (2, 4), (3, 4), (4, 4), (5, 4), (5, 5), (5, 6), (5, 7), (5, 8), (5, 9), (5, 10), (4, 10), (3, 10), (3, 11), (3, 12), (2, 12), (2, 13), (2, 14), (2, 15), (2, 16), (2, 17), (2, 18), (2, 19), (2, 20), (1, 20), (1, 21), (1, 22), (1, 23), (0, 23), (0, 24), (0, 25), (0, 26), (0, 27), (1, 27), (2, 27), (2, 28), (2, 29), (2, 30), (2, 29), (3, 29), (4, 29), (4, 28), (5, 28), (6, 28), (7, 28), (8, 28), (9, 28), (9, 27), (10, 27), (11, 27), (12, 27), (13, 27), (14, 27), (15, 27), (16, 27), (17, 27), (18, 27), (19, 27), (20, 27), (21, 27), (22, 27), (22, 26), (23, 26), (24, 26), (25, 26), (26, 26), (26, 26)], 4: [(22, 31), (21, 31), (21, 30), (20, 30), (19, 30), (18, 30), (17, 30), (16, 30), (16, 29), (15, 29), (14, 29), (14, 30), (13, 30), (12, 30), (12, 29), (12, 28), (12, 27), (12, 26), (12, 25), (12, 24), (12, 23), (12, 22), (12, 21), (12, 20), (12, 19), (12, 18), (12, 17), (12, 16), (12, 15), (12, 14), (12, 13), (12, 12), (12, 11), (12, 10), (13, 10), (13, 10)]}, 98)