

CBSS-C STATS
starts:[436, 786, 208, 903, 510]
targets:[1021, 920, 930, 539, 912, 287, 861, 890, 683, 273, 149, 837, 520, 891, 538, 312, 497, 999, 953, 581]
dests:[779, 409, 131, 272, 542]
ac_dict:{1021: {0, 1}, 920: {1, 2}, 930: {2, 3}, 539: {3, 4}, 779: {0}, 409: {1}, 131: {2}, 272: {3}, 542: {4}}
clusters:[1 5 4 3 6 8 3 8 9 2 9 1 0 4 7 9 2 5 2 4]

round: 1
best_g_value: 110.0
open_list_size: 0
num_low_level_expanded: 282
search_success: 1
search_time: 0.24620137317106128
n_tsp_call: 1
n_tsp_time: 0.22752086585387588
n_roots: 1
num_conflicts: 0
target_assignment: {497: 0, 683: 0, 912: 1, 920: 1, 890: 1, 891: 1, 861: 1, 538: 1, 837: 3, 520: 3}
cluster_target_selection: {2: 497, 9: 683, 6: 912, 5: 920, 8: 890, 4: 891, 3: 861, 7: 538, 1: 837, 0: 520}
num_nodes_transformed_graph: 50
agent_paths:({0: [(20, 13), (19, 13), (18, 13), (17, 13), (17, 14), (17, 15), (16, 15), (16, 16), (15, 16), (14, 16), (13, 16), (12, 16), (11, 16), (11, 17), (11, 18), (11, 19), (11, 20), (11, 21), (11, 22), (11, 23), (11, 24), (11, 24)], 1: [(18, 24), (17, 24), (16, 24), (16, 25), (16, 26), (16, 27), (16, 28), (17, 28), (18, 28), (19, 28), (20, 28), (20, 27), (21, 27), (22, 27), (23, 27), (24, 27), (24, 28), (24, 27), (25, 27), (26, 27), (27, 27), (28, 27), (29, 27), (29, 26), (29, 25), (28, 25), (27, 25), (27, 24), (27, 23), (27, 22), (27, 21), (27, 20), (27, 19), (27, 18), (26, 18), (26, 17), (26, 16), (25, 16), (25, 15), (25, 14), (25, 13), (25, 12), (25, 12)], 2: [(16, 6), (15, 6), (14, 6), (13, 6), (12, 6), (11, 6), (10, 6), (9, 6), (8, 6), (7, 6), (7, 5), (6, 5), (5, 5), (4, 5), (3, 5), (3, 4), (3, 4)], 3: [(7, 28), (6, 28), (5, 28), (5, 27), (5, 26), (5, 25), (6, 25), (7, 25), (7, 24), (7, 23), (7, 22), (7, 21), (7, 20), (7, 19), (7, 18), (7, 17), (7, 16), (8, 16), (9, 16), (9, 15), (9, 14), (10, 14), (10, 13), (10, 12), (10, 11), (10, 10), (11, 10), (12, 10), (13, 10), (13, 9), (14, 9), (15, 9), (16, 9), (16, 8), (16, 8)], 4: [(30, 15), (30, 16), (30, 16)]}, 41)