

CBSS-C STATS
starts:[380, 793, 23, 854, 491]
targets:[699, 349, 533, 472, 588, 326, 37, 374, 31, 264, 62, 278, 747, 65, 692, 376, 346, 390, 1023, 915, 254, 223, 931, 147, 1006, 61, 114, 375, 450, 859, 478, 355, 387, 979, 176, 847, 498, 629, 829, 754]
dests:[732, 955, 280, 404, 273]
ac_dict:{699: {0, 1}, 349: {1, 2}, 533: {2, 3}, 472: {3, 4}, 732: {0}, 955: {1}, 280: {2}, 404: {3}, 273: {4}}
clusters:[20  7  2  7 23  4  5 16  1 22 15 14 10  6  8 19  5 13  0 17  4 12 21  9
 11 14  3 24  8  2  6 18  1 12 11 13  9  0  3 10]

round: 1
best_g_value: 168.0
open_list_size: 0
num_low_level_expanded: 379
search_success: 1
search_time: 4.719124126000679
n_tsp_call: 1
n_tsp_time: 4.676454455999192
n_roots: 1
num_conflicts: 0
target_assignment: {478: 0, 699: 0, 829: 1, 588: 4, 387: 4, 355: 4, 326: 4, 264: 4, 61: 2, 62: 2, 349: 2, 346: 2, 375: 2, 374: 2, 376: 2, 915: 3, 979: 3, 1006: 3, 931: 3, 847: 3, 754: 3, 692: 3, 629: 3, 533: 3, 498: 3}
cluster_target_selection: {6: 478, 20: 699, 3: 829, 23: 588, 1: 387, 18: 355, 4: 326, 22: 264, 14: 61, 15: 62, 7: 349, 5: 346, 24: 375, 16: 374, 19: 376, 17: 915, 12: 979, 11: 1006, 21: 931, 13: 847, 10: 754, 8: 692, 0: 629, 2: 533, 9: 498}
num_nodes_transformed_graph: 101
agent_paths:({0: [(28, 11), (29, 11), (29, 12), (29, 13), (29, 14), (30, 14), (29, 14), (28, 14), (27, 14), (27, 15), (27, 16), (27, 17), (27, 18), (27, 19), (27, 20), (27, 21), (28, 21), (28, 22), (28, 22)], 1: [(25, 24), (26, 24), (27, 24), (28, 24), (29, 24), (29, 25), (28, 25), (27, 25), (27, 26), (27, 27), (27, 28), (27, 29), (27, 29)], 2: [(23, 0), (24, 0), (24, 1), (24, 2), (25, 2), (25, 3), (26, 3), (27, 3), (27, 2), (27, 1), (28, 1), (29, 1), (30, 1), (30, 2), (30, 3), (30, 4), (29, 4), (29, 5), (29, 6), (29, 7), (29, 8), (29, 9), (29, 10), (28, 10), (27, 10), (26, 10), (25, 10), (24, 10), (23, 10), (23, 11), (22, 11), (23, 11), (24, 11), (24, 10), (24, 9), (24, 8), (24, 8)], 3: [(22, 26), (22, 27), (21, 27), (20, 27), (19, 27), (19, 28), (19, 29), (19, 30), (18, 30), (17, 30), (16, 30), (16, 31), (15, 31), (14, 31), (13, 31), (12, 31), (11, 31), (10, 31), (9, 31), (8, 31), (7, 31), (6, 31), (5, 31), (5, 30), (5, 29), (4, 29), (3, 29), (4, 29), (4, 28), (5, 28), (6, 28), (7, 28), (8, 28), (8, 27), (9, 27), (10, 27), (11, 27), (12, 27), (13, 27), (14, 27), (15, 27), (15, 26), (15, 25), (15, 24), (15, 23), (16, 23), (17, 23), (18, 23), (18, 22), (18, 21), (19, 21), (20, 21), (20, 20), (20, 19), (21, 19), (21, 18), (21, 17), (21, 16), (20, 16), (19, 16), (19, 15), (18, 15), (18, 14), (18, 13), (18, 12), (19, 12), (20, 12), (20, 12)], 4: [(11, 15), (12, 15), (12, 16), (12, 17), (12, 18), (11, 18), (10, 18), (9, 18), (8, 18), (7, 18), (7, 17), (6, 17), (5, 17), (4, 17), (3, 17), (3, 16), (3, 15), (3, 14), (3, 13), (3, 12), (3, 11), (3, 10), (4, 10), (5, 10), (6, 10), (6, 9), (7, 9), (7, 8), (8, 8), (9, 8), (10, 8), (11, 8), (11, 7), (12, 7), (13, 7), (14, 7), (15, 7), (16, 7), (17, 7), (17, 8), (17, 8)]}, 66)