

CBSS-C STATS
starts:[1006, 146, 358, 791, 307]
targets:[970, 179, 935, 93, 393, 227, 906, 560, 148, 207, 243, 982, 799, 502, 635, 827, 951, 264, 959, 518, 973, 480, 380, 840, 352, 445, 710, 653, 251, 326, 600, 642, 700, 453, 117, 105, 430, 223, 77, 677, 993, 775, 467, 386, 847, 492, 24, 765, 263, 510]
dests:[336, 613, 638, 212, 586]
ac_dict:{970: {0, 1}, 179: {1, 2}, 935: {2, 3}, 93: {3, 4}, 336: {0}, 613: {1}, 638: {2}, 212: {3}, 586: {4}}
clusters:[16  3  8  3 19 11  0  6 15  4  7  9  1 15 14 13 27  6 10  2  5  2  5  1
 22 25 12 21 29  8  7 24 18 17  9 10 26 13 12 19 16 11 20 14 23 17  4  0
 28 18]

round: 1
best_g_value: 192.0
open_list_size: 0
num_low_level_expanded: 374
search_success: 1
search_time: 21.559508323000045
n_tsp_call: 1
n_tsp_time: 21.448017179999624
n_roots: 1
num_conflicts: 0
target_assignment: {970: 0, 653: 0, 430: 0, 467: 4, 492: 4, 148: 1, 179: 1, 243: 1, 207: 1, 264: 1, 263: 1, 326: 1, 518: 1, 352: 2, 386: 2, 642: 2, 677: 2, 710: 2, 775: 2, 847: 2, 982: 2, 951: 2, 959: 2, 799: 2, 765: 2, 827: 3, 700: 3, 445: 3, 380: 3, 251: 3}
cluster_target_selection: {16: 970, 21: 653, 26: 430, 20: 467, 17: 492, 15: 148, 3: 179, 7: 243, 4: 207, 6: 264, 28: 263, 8: 326, 2: 518, 22: 352, 14: 386, 24: 642, 19: 677, 12: 710, 11: 775, 23: 847, 9: 982, 27: 951, 10: 959, 1: 799, 0: 765, 13: 827, 18: 700, 25: 445, 5: 380, 29: 251}
num_nodes_transformed_graph: 248
agent_paths:({0: [(14, 31), (13, 31), (12, 31), (11, 31), (10, 31), (10, 30), (10, 29), (10, 28), (10, 27), (10, 26), (10, 25), (10, 24), (10, 23), (10, 22), (10, 21), (10, 20), (11, 20), (12, 20), (13, 20), (13, 19), (13, 18), (13, 17), (13, 16), (13, 15), (13, 14), (13, 13), (14, 13), (14, 12), (14, 11), (14, 10), (15, 10), (16, 10), (16, 10)], 1: [(18, 4), (19, 4), (20, 4), (19, 4), (19, 5), (19, 6), (19, 7), (18, 7), (17, 7), (16, 7), (15, 7), (15, 6), (14, 6), (13, 6), (12, 6), (11, 6), (10, 6), (9, 6), (9, 7), (9, 8), (8, 8), (7, 8), (7, 9), (6, 9), (6, 10), (6, 11), (6, 12), (6, 13), (6, 14), (6, 15), (6, 16), (5, 16), (5, 17), (5, 18), (5, 19), (5, 19)], 2: [(6, 11), (5, 11), (4, 11), (3, 11), (2, 11), (1, 11), (0, 11), (1, 11), (2, 11), (2, 12), (2, 13), (2, 14), (2, 15), (2, 16), (2, 17), (2, 18), (2, 19), (2, 20), (3, 20), (3, 21), (3, 22), (4, 22), (5, 22), (5, 21), (6, 21), (6, 22), (7, 22), (7, 23), (7, 24), (8, 24), (9, 24), (10, 24), (11, 24), (12, 24), (13, 24), (14, 24), (15, 24), (15, 25), (15, 26), (16, 26), (17, 26), (18, 26), (19, 26), (20, 26), (20, 27), (20, 28), (20, 29), (21, 29), (21, 30), (22, 30), (23, 30), (23, 29), (24, 29), (25, 29), (26, 29), (27, 29), (28, 29), (29, 29), (30, 29), (31, 29), (31, 28), (31, 27), (30, 27), (30, 26), (30, 25), (30, 24), (31, 24), (30, 24), (29, 24), (29, 23), (29, 22), (29, 21), (29, 20), (29, 19), (30, 19), (30, 19)], 3: [(23, 24), (24, 24), (25, 24), (26, 24), (27, 24), (27, 25), (27, 24), (27, 23), (27, 22), (27, 21), (28, 21), (28, 20), (29, 20), (29, 19), (29, 18), (29, 17), (29, 16), (29, 15), (29, 14), (29, 13), (28, 13), (28, 12), (28, 11), (27, 11), (27, 10), (27, 9), (27, 8), (27, 7), (26, 7), (25, 7), (25, 6), (24, 6), (23, 6), (22, 6), (21, 6), (20, 6), (20, 6)], 4: [(19, 9), (19, 10), (19, 11), (19, 12), (19, 13), (19, 14), (18, 14), (17, 14), (16, 14), (15, 14), (14, 14), (13, 14), (12, 14), (12, 15), (11, 15), (10, 15), (10, 16), (10, 17), (10, 18), (10, 18)]}, 74)