

CBSS-C STATS
starts:[533, 777, 480, 517, 22]
targets:[578, 209, 5, 316, 8, 195, 573, 249, 413, 865, 295, 101, 509, 650, 470, 328, 347, 503, 985, 494]
dests:[201, 595, 861, 20, 720]
ac_dict:{578: {0, 1}, 209: {1, 2}, 5: {2, 3}, 316: {3, 4}, 201: {0}, 595: {1}, 861: {2}, 20: {3}, 720: {4}}
clusters:[7 8 9 8 0 9 5 6 7 3 8 0 9 2 1 4 7 3 1 5]

round: 2
best_g_value: 157.0
open_list_size: 1
num_low_level_expanded: 582
search_success: 1
search_time: 0.5947039891034365
n_tsp_call: 1
n_tsp_time: 0.5665009329095483
n_roots: 1
num_conflicts: 1
target_assignment: {328: 0, 295: 0, 650: 1, 101: 3, 470: 2, 413: 2, 509: 2, 573: 2, 249: 4, 503: 4}
cluster_target_selection: {4: 328, 8: 295, 2: 650, 0: 101, 1: 470, 7: 413, 9: 509, 5: 573, 6: 249, 3: 503}
num_nodes_transformed_graph: 50
agent_paths:({0: [(21, 16), (20, 16), (19, 16), (19, 15), (18, 15), (17, 15), (16, 15), (16, 14), (15, 14), (14, 14), (13, 14), (12, 14), (12, 13), (12, 12), (12, 11), (11, 11), (10, 11), (9, 11), (9, 10), (8, 10), (7, 10), (7, 9), (7, 8), (7, 7), (7, 6), (8, 6), (9, 6), (9, 6)], 1: [(9, 24), (9, 23), (9, 22), (9, 21), (9, 20), (10, 20), (10, 19), (11, 19), (12, 19), (13, 19), (14, 19), (15, 19), (16, 19), (17, 19), (18, 19), (18, 18), (19, 18), (19, 18)], 2: [(0, 15), (1, 15), (2, 15), (3, 15), (4, 15), (5, 15), (6, 15), (7, 15), (7, 16), (8, 16), (9, 16), (9, 15), (9, 14), (10, 14), (11, 14), (12, 14), (13, 14), (14, 14), (15, 14), (16, 14), (17, 14), (18, 14), (19, 14), (20, 14), (21, 14), (22, 14), (22, 13), (23, 13), (24, 13), (25, 13), (26, 13), (27, 13), (28, 13), (28, 12), (29, 12), (29, 13), (29, 14), (29, 15), (29, 16), (29, 17), (29, 18), (29, 19), (29, 20), (29, 21), (29, 22), (29, 23), (29, 24), (29, 25), (29, 26), (29, 26)], 3: [(5, 16), (5, 15), (5, 14), (5, 13), (4, 13), (4, 12), (4, 11), (4, 10), (4, 9), (4, 8), (4, 7), (5, 7), (5, 6), (5, 5), (5, 4), (5, 3), (5, 2), (5, 1), (6, 1), (7, 1), (8, 1), (9, 1), (10, 1), (11, 1), (12, 1), (13, 1), (14, 1), (15, 1), (16, 1), (17, 1), (18, 1), (19, 1), (19, 0), (20, 0), (20, 0)], 4: [(22, 0), (23, 0), (24, 0), (24, 1), (24, 2), (25, 2), (25, 3), (25, 4), (25, 5), (25, 6), (25, 7), (25, 8), (24, 8), (23, 8), (23, 9), (23, 10), (23, 11), (23, 12), (23, 13), (23, 14), (23, 15), (22, 15), (21, 15), (21, 16), (20, 16), (19, 16), (19, 17), (18, 17), (17, 17), (16, 17), (16, 18), (16, 19), (16, 20), (16, 21), (16, 22), (16, 22)]}, 48)