

CBSS-C STATS
starts:[602, 700, 295, 589, 426]
targets:[369, 665, 478, 859, 195, 837, 735, 632, 524, 138, 988, 318, 923, 868, 463, 505, 42, 33, 341, 521, 984, 587, 289, 851, 585, 213, 557, 131, 133, 971, 400, 763, 414, 613, 460, 672, 525, 458, 951, 750, 227, 367, 70, 681, 144, 449, 51, 970, 193, 507]
dests:[784, 733, 98, 208, 1013]
ac_dict:{369: {0, 1}, 665: {1, 2}, 478: {2, 3}, 859: {3, 4}, 784: {0}, 733: {1}, 98: {2}, 208: {3}, 1013: {4}}
clusters:[32 36 28 38  2  8 16  1 15 37  6 33 18 24  3  1 17 13 23  9  7 22 14 10
  4  5 19 35  9 21 11 31 25  5  3  2 34  6 27  7  0  4 26 39 29  8 20 30
  0 12]

round: 1
best_g_value: 207.0
open_list_size: 0
num_low_level_expanded: 388
search_success: 1
search_time: 20.034605771001225
n_tsp_call: 1
n_tsp_time: 19.916007603000253
n_roots: 1
num_conflicts: 0
target_assignment: {505: 0, 369: 0, 400: 0, 750: 3, 851: 3, 951: 3, 923: 3, 859: 3, 763: 3, 507: 3, 478: 3, 414: 3, 318: 3, 341: 3, 213: 3, 51: 3, 144: 3, 289: 2, 193: 2, 195: 2, 131: 2, 133: 2, 138: 2, 42: 2, 70: 2, 33: 2, 665: 1, 735: 1, 458: 4, 460: 4, 524: 4, 525: 4, 557: 4, 587: 4, 585: 4, 681: 4, 837: 4, 868: 4, 970: 4, 971: 4}
cluster_target_selection: {1: 505, 32: 369, 11: 400, 7: 750, 10: 851, 27: 951, 18: 923, 38: 859, 31: 763, 12: 507, 28: 478, 25: 414, 33: 318, 23: 341, 5: 213, 20: 51, 29: 144, 14: 289, 0: 193, 2: 195, 35: 131, 9: 133, 37: 138, 17: 42, 26: 70, 13: 33, 36: 665, 16: 735, 6: 458, 3: 460, 15: 524, 34: 525, 19: 557, 22: 587, 4: 585, 39: 681, 8: 837, 24: 868, 30: 970, 21: 971}
num_nodes_transformed_graph: 248
agent_paths:({0: [(26, 18), (25, 18), (25, 17), (25, 16), (25, 15), (24, 15), (23, 15), (22, 15), (21, 15), (21, 14), (20, 14), (19, 14), (18, 14), (17, 14), (17, 13), (17, 12), (17, 11), (16, 11), (16, 12), (16, 13), (16, 14), (16, 15), (16, 16), (16, 17), (16, 18), (16, 19), (16, 20), (16, 21), (16, 22), (16, 23), (16, 24), (16, 24)], 1: [(28, 21), (27, 21), (26, 21), (25, 21), (25, 20), (26, 20), (27, 20), (28, 20), (29, 20), (29, 21), (29, 22), (30, 22), (31, 22), (30, 22), (29, 22), (29, 22)], 2: [(7, 9), (6, 9), (5, 9), (4, 9), (3, 9), (2, 9), (1, 9), (1, 8), (1, 7), (1, 6), (2, 6), (3, 6), (3, 5), (3, 4), (4, 4), (5, 4), (6, 4), (7, 4), (8, 4), (9, 4), (10, 4), (10, 3), (10, 2), (10, 1), (9, 1), (8, 1), (7, 1), (6, 1), (6, 2), (5, 2), (4, 2), (3, 2), (2, 2), (1, 2), (1, 1), (2, 1), (2, 2), (2, 3), (2, 3)], 3: [(13, 18), (13, 19), (13, 20), (13, 21), (13, 22), (13, 23), (14, 23), (15, 23), (16, 23), (17, 23), (18, 23), (19, 23), (19, 24), (19, 25), (19, 26), (20, 26), (20, 27), (21, 27), (22, 27), (23, 27), (23, 28), (23, 29), (23, 28), (24, 28), (25, 28), (26, 28), (27, 28), (27, 27), (27, 26), (27, 25), (27, 24), (27, 23), (27, 22), (27, 21), (27, 20), (27, 19), (27, 18), (27, 17), (27, 16), (27, 15), (27, 14), (28, 14), (29, 14), (30, 14), (29, 14), (29, 13), (29, 12), (30, 12), (30, 11), (30, 10), (30, 9), (29, 9), (28, 9), (27, 9), (27, 10), (26, 10), (25, 10), (24, 10), (23, 10), (22, 10), (21, 10), (21, 9), (21, 8), (21, 7), (21, 6), (21, 5), (21, 4), (20, 4), (20, 3), (20, 2), (20, 1), (19, 1), (18, 1), (17, 1), (16, 1), (16, 2), (16, 3), (16, 4), (16, 5), (16, 6), (16, 6)], 4: [(10, 13), (10, 14), (11, 14), (12, 14), (12, 15), (12, 16), (13, 16), (13, 17), (12, 17), (11, 17), (11, 18), (10, 18), (9, 18), (9, 19), (9, 20), (9, 21), (8, 21), (7, 21), (7, 22), (7, 23), (7, 24), (7, 25), (6, 25), (5, 25), (5, 26), (4, 26), (4, 27), (5, 27), (6, 27), (6, 28), (7, 28), (8, 28), (9, 28), (10, 28), (10, 29), (10, 30), (11, 30), (12, 30), (13, 30), (14, 30), (14, 31), (15, 31), (16, 31), (17, 31), (18, 31), (19, 31), (20, 31), (21, 31), (21, 31)]}, 79)