

CBSS-C STATS
starts:[810, 883, 553, 785, 848]
targets:[809, 754, 100, 991, 545, 321, 998, 316, 985, 814]
dests:[714, 751, 944, 408, 347]
ac_dict:{809: {0, 1}, 754: {1, 2}, 100: {2, 3}, 991: {3, 4}, 714: {0}, 751: {1}, 944: {2}, 408: {3}, 347: {4}}
clusters:[1 1 0 0 0 1 0 1 0 0]

round: 1
best_g_value: 76.0
open_list_size: 0
num_low_level_expanded: 343
search_success: 1
search_time: 0.056562892626971006
n_tsp_call: 1
n_tsp_time: 0.043003539089113474
n_roots: 1
num_conflicts: 0
target_assignment: {754: 1, 814: 2}
cluster_target_selection: {1: 754, 0: 814}
num_nodes_transformed_graph: 29
agent_paths:({0: [(10, 25), (10, 24), (10, 23), (10, 22), (10, 22)], 1: [(19, 27), (18, 27), (18, 26), (18, 25), (18, 24), (18, 23), (17, 23), (16, 23), (15, 23), (15, 23)], 2: [(9, 17), (10, 17), (11, 17), (12, 17), (13, 17), (13, 18), (13, 19), (13, 20), (13, 21), (13, 22), (13, 23), (14, 23), (14, 24), (14, 25), (15, 25), (16, 25), (16, 26), (16, 27), (16, 28), (16, 29), (16, 29)], 3: [(17, 24), (17, 23), (17, 22), (17, 21), (17, 20), (17, 19), (18, 19), (18, 18), (18, 17), (19, 17), (19, 16), (19, 15), (19, 14), (19, 13), (19, 12), (20, 12), (21, 12), (22, 12), (23, 12), (24, 12), (24, 12)], 4: [(16, 26), (16, 25), (16, 24), (16, 23), (16, 22), (16, 21), (16, 20), (16, 19), (16, 18), (16, 17), (16, 16), (16, 15), (16, 14), (16, 13), (16, 12), (16, 11), (17, 11), (18, 11), (18, 10), (19, 10), (20, 10), (21, 10), (22, 10), (23, 10), (24, 10), (25, 10), (26, 10), (27, 10), (27, 10)]}, 27)