

CBSS-C STATS
starts:[579, 504, 104, 928, 988]
targets:[65, 742, 624, 497, 422, 318, 564, 47, 549, 322]
dests:[566, 122, 366, 29, 882]
ac_dict:{65: {0, 1}, 742: {1, 2}, 624: {2, 3}, 497: {3, 4}, 566: {0}, 122: {1}, 366: {2}, 29: {3}, 882: {4}}
clusters:[0 1 0 1 1 0 1 0 1 1]

round: 2
best_g_value: 119.0
open_list_size: 1
num_low_level_expanded: 1471
search_success: 1
search_time: 0.09373521292582154
n_tsp_call: 1
n_tsp_time: 0.06051858328282833
n_roots: 1
num_conflicts: 1
target_assignment: {624: 3, 497: 3}
cluster_target_selection: {0: 624, 1: 497}
num_nodes_transformed_graph: 29
agent_paths:({0: [(3, 18), (3, 17), (4, 17), (5, 17), (6, 17), (7, 17), (8, 17), (9, 17), (10, 17), (11, 17), (12, 17), (13, 17), (14, 17), (15, 17), (16, 17), (17, 17), (18, 17), (19, 17), (20, 17), (21, 17), (22, 17), (22, 17)], 1: [(24, 15), (24, 14), (24, 13), (24, 12), (24, 11), (24, 10), (24, 9), (24, 8), (25, 8), (25, 7), (25, 6), (25, 5), (25, 4), (25, 3), (26, 3), (26, 3)], 2: [(8, 3), (9, 3), (10, 3), (11, 3), (12, 3), (13, 3), (13, 4), (13, 5), (13, 6), (13, 7), (13, 8), (13, 9), (14, 9), (14, 10), (14, 11), (14, 11)], 3: [(0, 29), (0, 28), (0, 27), (0, 26), (0, 25), (0, 24), (0, 23), (1, 23), (1, 22), (2, 22), (3, 22), (4, 22), (5, 22), (5, 21), (5, 20), (5, 19), (6, 19), (7, 19), (8, 19), (9, 19), (10, 19), (11, 19), (12, 19), (13, 19), (14, 19), (15, 19), (16, 19), (16, 18), (16, 17), (16, 16), (16, 15), (17, 15), (17, 14), (17, 13), (17, 12), (17, 11), (18, 11), (18, 10), (18, 9), (18, 8), (18, 7), (18, 6), (19, 6), (20, 6), (21, 6), (22, 6), (23, 6), (23, 5), (24, 5), (25, 5), (25, 4), (26, 4), (27, 4), (27, 3), (27, 2), (27, 1), (27, 0), (28, 0), (29, 0), (29, 0)], 4: [(28, 30), (27, 30), (26, 30), (25, 30), (24, 30), (23, 30), (22, 30), (21, 30), (20, 30), (19, 30), (18, 30), (18, 29), (18, 28), (18, 27), (18, 27)]}, 58)