

CBSS-C STATS
starts:[693, 850, 794, 333, 484]
targets:[216, 549, 408, 980, 758, 335, 807, 150, 13, 413, 561, 957, 532, 683, 741, 132, 1023, 288, 880, 642, 482, 190, 894, 767, 607, 445, 29, 912, 392, 166, 249, 110, 464, 893, 211, 750, 862, 11, 544, 816, 84, 338, 521, 336, 67, 1014, 59, 730, 539, 402]
dests:[614, 743, 744, 684, 804]
ac_dict:{216: {0, 1}, 549: {1, 2}, 408: {2, 3}, 980: {3, 4}, 614: {0}, 743: {1}, 744: {2}, 684: {3}, 804: {4}}
clusters:[37 14  7  2  6 22 26 21 36 24 12  7 38 10 39  0  5  9 33 23  4 32 34 29
 30 15  3  1  0 25  1 35 16  2  8 31 17  4  9 11  3 18  5 13 19 20 28 27
  6  8]

round: 4
best_g_value: 234.0
open_list_size: 3
num_low_level_expanded: 3086
search_success: 1
search_time: 426.0817146019999
n_tsp_call: 45
n_tsp_time: 424.1377391630067
n_roots: 1
num_conflicts: 3
target_assignment: {532: 0, 539: 0, 607: 0, 445: 0, 413: 0, 190: 0, 29: 0, 59: 0, 216: 0, 150: 0, 110: 0, 13: 0, 67: 0, 132: 0, 166: 0, 482: 4, 544: 4, 642: 4, 807: 1, 730: 2, 767: 2, 862: 2, 894: 2, 893: 2, 957: 2, 1014: 2, 912: 2, 880: 2, 816: 2, 750: 2, 683: 2, 521: 2, 549: 2, 741: 2, 335: 3, 336: 3, 338: 3, 402: 3, 464: 3, 561: 3}
cluster_target_selection: {38: 532, 6: 539, 30: 607, 15: 445, 24: 413, 32: 190, 3: 29, 28: 59, 37: 216, 21: 150, 35: 110, 36: 13, 19: 67, 0: 132, 25: 166, 4: 482, 9: 544, 23: 642, 26: 807, 27: 730, 29: 767, 17: 862, 34: 894, 2: 893, 7: 957, 20: 1014, 1: 912, 33: 880, 11: 816, 31: 750, 10: 683, 5: 521, 14: 549, 39: 741, 22: 335, 13: 336, 18: 338, 8: 402, 16: 464, 12: 561}
num_nodes_transformed_graph: 248
agent_paths:({0: [(21, 21), (20, 21), (20, 20), (20, 19), (20, 18), (20, 17), (20, 16), (21, 16), (22, 16), (23, 16), (24, 16), (25, 16), (26, 16), (27, 16), (28, 16), (29, 16), (30, 16), (30, 17), (31, 17), (31, 18), (30, 18), (29, 18), (29, 17), (29, 16), (29, 15), (29, 14), (29, 13), (29, 12), (29, 11), (29, 10), (29, 9), (29, 8), (29, 7), (29, 6), (29, 5), (30, 5), (30, 4), (30, 3), (30, 2), (29, 2), (29, 1), (29, 0), (28, 0), (27, 0), (27, 1), (27, 2), (27, 3), (26, 3), (25, 3), (25, 4), (25, 5), (24, 5), (24, 6), (23, 6), (23, 5), (23, 4), (22, 4), (21, 4), (20, 4), (19, 4), (18, 4), (17, 4), (16, 4), (16, 5), (15, 5), (14, 5), (14, 4), (14, 3), (13, 3), (13, 2), (13, 1), (13, 0), (12, 0), (11, 0), (10, 0), (9, 0), (8, 0), (8, 1), (7, 1), (6, 1), (5, 1), (4, 1), (3, 1), (3, 2), (4, 2), (4, 3), (4, 4), (5, 4), (6, 4), (6, 5), (5, 5), (5, 6), (5, 7), (5, 8), (5, 9), (6, 9), (6, 10), (6, 11), (6, 12), (6, 13), (6, 14), (6, 15), (6, 16), (6, 17), (5, 17), (5, 18), (5, 19), (6, 19), (6, 19)], 1: [(18, 26), (17, 26), (16, 26), (15, 26), (15, 25), (14, 25), (13, 25), (12, 25), (11, 25), (10, 25), (9, 25), (8, 25), (7, 25), (7, 24), (7, 23), (7, 23)], 2: [(26, 24), (26, 23), (26, 22), (27, 22), (28, 22), (29, 22), (30, 22), (31, 22), (31, 23), (30, 23), (30, 24), (30, 25), (30, 26), (30, 27), (29, 27), (29, 28), (29, 29), (28, 29), (27, 29), (26, 29), (25, 29), (24, 29), (23, 29), (23, 30), (22, 30), (22, 31), (21, 31), (20, 31), (19, 31), (18, 31), (17, 31), (16, 31), (16, 30), (16, 29), (16, 28), (16, 27), (16, 26), (16, 25), (15, 25), (14, 25), (14, 24), (14, 23), (13, 23), (12, 23), (11, 23), (11, 22), (11, 21), (10, 21), (9, 21), (9, 20), (9, 19), (9, 18), (9, 17), (9, 16), (8, 16), (7, 16), (6, 16), (5, 16), (5, 17), (5, 18), (5, 19), (5, 20), (5, 21), (5, 22), (5, 23), (6, 23), (6, 22), (7, 22), (8, 22), (8, 23), (8, 23)], 3: [(13, 10), (14, 10), (15, 10), (16, 10), (16, 9), (17, 9), (18, 9), (18, 10), (18, 11), (18, 12), (17, 12), (16, 12), (16, 13), (16, 14), (17, 14), (17, 15), (17, 16), (17, 17), (16, 17), (15, 17), (14, 17), (13, 17), (12, 17), (12, 18), (12, 19), (12, 20), (12, 21), (12, 21)], 4: [(4, 15), (3, 15), (2, 15), (1, 15), (1, 16), (1, 17), (0, 17), (1, 17), (2, 17), (2, 18), (2, 19), (2, 20), (3, 20), (3, 21), (3, 22), (4, 22), (4, 23), (4, 24), (4, 25), (4, 25)]}, 107)