

CBSS-C STATS
starts:[924, 280]
targets:[376, 133, 795, 95, 968, 31, 263, 28, 775, 40, 654, 635, 1011, 24, 487, 214, 589, 948, 470, 690, 505, 37, 276, 141, 680, 626, 127, 691, 492, 106, 785, 627, 39, 940, 381, 721, 131, 961, 12, 744, 220, 841, 78, 409, 748, 15, 667, 647, 991, 905, 836, 810, 867, 45, 927, 931, 184, 367, 227, 56, 273, 155, 633, 741, 480, 291, 301, 623, 977, 244, 832, 993, 887, 190, 537, 600, 370, 992, 319, 146, 442, 378, 710, 461, 552, 857, 578, 542, 692, 888, 144, 43, 272, 449, 401, 254, 85, 1023, 93, 422]
dests:[770, 717]
ac_dict:{376: {0, 1}, 770: {0}, 717: {1}}
clusters:[25  7 23  2 12 12 11 18  0 21 35  3 24  8 38 29 19 26 25 30 12 20 26 16
  8 14 29 38  0 38 29 13  5 10 27 23 26 25 37  0 27  4  0 35 37  1  5 31
 33  9 10 25 20 19 16 38 23 28  9  2 25 18 16 23 12 33 39 16 20  4 28 39
 15 26  7 38 16 10  4 34 27 22 37 17 36 11 31 13 35 19 39 23 37 14 12  6
 18 30 20 32]

round: 1
best_g_value: 447.0
open_list_size: 0
num_low_level_expanded: 327
search_success: 1
search_time: 38.322681016004935
n_tsp_call: 1
n_tsp_time: 38.14519533100247
n_roots: 1
num_conflicts: 0
target_assignment: {857: 0, 887: 0, 948: 0, 1011: 0, 690: 0, 626: 0, 627: 0, 633: 0, 635: 0, 505: 0, 409: 0, 378: 0, 254: 0, 220: 0, 155: 0, 56: 0, 146: 0, 144: 0, 15: 0, 12: 0, 43: 0, 40: 0, 39: 0, 37: 0, 133: 0, 227: 0, 291: 0, 422: 0, 487: 0, 552: 0, 647: 0, 680: 0, 744: 0, 836: 0, 214: 1, 244: 1, 273: 1, 367: 1, 461: 1, 589: 1}
cluster_target_selection: {11: 857, 15: 887, 26: 948, 24: 1011, 30: 690, 14: 626, 13: 627, 16: 633, 3: 635, 12: 505, 35: 409, 22: 378, 6: 254, 27: 220, 18: 155, 2: 56, 34: 146, 39: 144, 1: 15, 37: 12, 23: 43, 21: 40, 5: 39, 20: 37, 7: 133, 9: 227, 33: 291, 32: 422, 38: 487, 36: 552, 31: 647, 8: 680, 0: 744, 10: 836, 29: 214, 4: 244, 25: 273, 28: 367, 17: 461, 19: 589}
num_nodes_transformed_graph: 204
agent_paths:({0: [(28, 28), (27, 28), (26, 28), (25, 28), (25, 27), (25, 26), (24, 26), (23, 26), (23, 27), (22, 27), (21, 27), (20, 27), (20, 28), (20, 29), (19, 29), (19, 30), (19, 31), (18, 31), (18, 30), (18, 29), (18, 28), (18, 27), (18, 26), (18, 25), (18, 24), (18, 23), (18, 22), (18, 21), (18, 20), (18, 19), (19, 19), (20, 19), (21, 19), (22, 19), (23, 19), (24, 19), (25, 19), (25, 18), (26, 18), (27, 18), (27, 19), (27, 18), (26, 18), (25, 18), (25, 17), (25, 16), (25, 15), (25, 14), (25, 13), (25, 12), (25, 11), (26, 11), (26, 10), (27, 10), (27, 9), (27, 8), (27, 7), (28, 7), (29, 7), (30, 7), (29, 7), (28, 7), (28, 6), (27, 6), (27, 5), (27, 4), (26, 4), (25, 4), (25, 3), (24, 3), (24, 2), (24, 1), (23, 1), (22, 1), (22, 2), (21, 2), (20, 2), (20, 3), (19, 3), (18, 3), (18, 4), (17, 4), (16, 4), (16, 3), (16, 2), (16, 1), (15, 1), (15, 0), (14, 0), (13, 0), (12, 0), (11, 0), (11, 1), (10, 1), (9, 1), (8, 1), (7, 1), (6, 1), (5, 1), (5, 2), (5, 3), (5, 4), (4, 4), (3, 4), (3, 5), (3, 6), (3, 7), (3, 8), (3, 9), (4, 9), (5, 9), (6, 9), (6, 10), (6, 11), (6, 12), (6, 13), (6, 14), (6, 15), (7, 15), (7, 16), (8, 16), (8, 17), (7, 17), (7, 18), (7, 19), (7, 20), (8, 20), (8, 21), (8, 22), (8, 23), (7, 23), (6, 23), (5, 23), (4, 23), (4, 24), (4, 25), (4, 26), (3, 26), (2, 26), (2, 25), (2, 24), (2, 24)], 1: [(24, 8), (23, 8), (22, 8), (22, 7), (22, 6), (21, 6), (20, 6), (20, 7), (19, 7), (18, 7), (17, 7), (17, 8), (16, 8), (16, 9), (15, 9), (15, 10), (15, 11), (14, 11), (14, 12), (14, 13), (13, 13), (13, 14), (13, 15), (13, 16), (13, 17), (13, 18), (13, 19), (13, 20), (13, 21), (13, 22), (13, 22)]}, 140)