

CBSS-C STATS
starts:[683, 596, 69, 735, 468]
targets:[659, 982, 363, 755, 284, 1008, 64, 304, 805, 315, 340, 509, 86, 213, 565, 474, 24, 354, 546, 670, 511, 225, 230, 52, 538, 753, 336, 635, 454, 449, 505, 952, 47, 58, 742, 191, 691, 889, 678, 37]
dests:[980, 599, 588, 626, 545]
ac_dict:{659: {0, 1}, 982: {1, 2}, 363: {2, 3}, 755: {3, 4}, 980: {0}, 599: {1}, 588: {2}, 626: {3}, 545: {4}}
clusters:[ 3  3  0  4  2 16 11  4  6 19 14  5 10 11 12 15 13 24 21  9 18  7  1  8
  5  0 14  2 23 10 20  7 12  1 17 13  9  8  6 22]

round: 2
best_g_value: 168.0
open_list_size: 1
num_low_level_expanded: 405
search_success: 1
search_time: 29.89075789599974
n_tsp_call: 1
n_tsp_time: 29.81333573000029
n_roots: 1
num_conflicts: 1
target_assignment: {1008: 0, 37: 2, 230: 2, 225: 2, 354: 2, 454: 2, 691: 4, 755: 4, 753: 4, 742: 4, 678: 4, 546: 4, 509: 3, 511: 3, 505: 3, 474: 3, 315: 3, 284: 3, 24: 3, 52: 3, 86: 3, 213: 3, 340: 3, 565: 3, 659: 1}
cluster_target_selection: {16: 1008, 22: 37, 1: 230, 7: 225, 24: 354, 23: 454, 9: 691, 4: 755, 0: 753, 17: 742, 6: 678, 21: 546, 5: 509, 18: 511, 20: 505, 15: 474, 19: 315, 2: 284, 13: 24, 8: 52, 10: 86, 11: 213, 14: 340, 12: 565, 3: 659}
num_nodes_transformed_graph: 198
agent_paths:({0: [(11, 21), (12, 21), (13, 21), (14, 21), (15, 21), (16, 21), (16, 22), (16, 23), (16, 24), (16, 25), (16, 26), (16, 27), (16, 28), (16, 29), (16, 30), (16, 31), (16, 30), (17, 30), (18, 30), (19, 30), (20, 30), (20, 30)], 1: [(20, 18), (19, 18), (19, 19), (19, 20), (19, 19), (20, 19), (20, 18), (21, 18), (22, 18), (23, 18), (23, 18)], 2: [(5, 2), (5, 1), (5, 2), (5, 3), (5, 4), (5, 5), (5, 6), (5, 7), (6, 7), (5, 7), (4, 7), (3, 7), (2, 7), (1, 7), (1, 8), (1, 9), (2, 9), (2, 10), (2, 11), (3, 11), (4, 11), (5, 11), (6, 11), (6, 12), (6, 13), (6, 14), (6, 15), (7, 15), (7, 16), (8, 16), (9, 16), (10, 16), (11, 16), (12, 16), (12, 17), (12, 18), (12, 18)], 3: [(31, 22), (30, 22), (29, 22), (29, 21), (29, 20), (29, 19), (29, 18), (29, 17), (29, 16), (29, 15), (30, 15), (31, 15), (30, 15), (29, 15), (28, 15), (27, 15), (26, 15), (25, 15), (25, 14), (26, 14), (26, 13), (26, 12), (26, 11), (26, 10), (27, 10), (27, 9), (27, 8), (28, 8), (27, 8), (27, 7), (26, 7), (25, 7), (25, 6), (25, 5), (25, 4), (25, 3), (24, 3), (24, 2), (24, 1), (24, 0), (23, 0), (22, 0), (21, 0), (20, 0), (20, 1), (20, 2), (21, 2), (22, 2), (21, 2), (21, 3), (21, 4), (21, 5), (21, 6), (20, 6), (20, 7), (20, 8), (20, 9), (20, 10), (21, 10), (21, 11), (21, 12), (21, 13), (21, 14), (21, 15), (21, 16), (21, 17), (20, 17), (19, 17), (18, 17), (18, 18), (18, 19), (18, 19)], 4: [(20, 14), (19, 14), (19, 15), (19, 16), (19, 17), (19, 18), (19, 19), (19, 20), (19, 21), (19, 22), (19, 23), (18, 23), (17, 23), (16, 23), (15, 23), (14, 23), (13, 23), (12, 23), (11, 23), (10, 23), (9, 23), (8, 23), (7, 23), (6, 23), (6, 22), (6, 21), (5, 21), (5, 20), (5, 19), (4, 19), (4, 18), (3, 18), (2, 18), (2, 17), (1, 17), (1, 17)]}, 70)