

CBSS-C STATS
starts:[77, 206]
targets:[353, 838, 16, 387, 732, 253, 666, 426, 10, 233, 422, 100, 43, 376, 612, 224, 1023, 1020, 392, 652, 663, 1008, 658, 728, 437, 129, 911, 343, 571, 642, 798, 216, 552, 966, 668, 52, 564, 461, 109, 154, 30, 769, 710, 806, 469, 830, 770, 829, 366, 691, 36, 902, 239, 541, 837, 802, 11, 794, 695, 849, 877, 299, 646, 399, 610, 814, 237, 166, 256, 47, 61, 839, 876, 85, 998, 226, 138, 127, 650, 137, 283, 407, 972, 821, 889, 689, 933, 861, 177, 221, 574, 454, 866, 844, 215, 225, 287, 6, 736, 341]
dests:[364, 526]
ac_dict:{353: {0, 1}, 364: {0}, 526: {1}}
clusters:[26 11  5  1 20 25 37  4  9 38 16 30 18  7 14  7 28 14  6  1 10  6 11  6
  0 39 27 31 34  0 37 32  5 28 33 15 38 25 36 38 14 29  1 34 29 35 23 39
  6 21 12 22 19 17 18 32 26 13 35  2  5 32 20  4 23  9  3 21 28 36 33 18
 35 30  8 20 13 25  3 34 25 30  6 22 11 24  8 16 28 11  3  0 34 32 36  5
 14 19 30 10]

round: 1
best_g_value: 440.0
open_list_size: 0
num_low_level_expanded: 298
search_success: 1
search_time: 10.558262007005396
n_tsp_call: 1
n_tsp_time: 10.456664067998645
n_roots: 1
num_conflicts: 0
target_assignment: {47: 0, 52: 0, 16: 0, 11: 0, 10: 0, 36: 0, 100: 0, 129: 0, 137: 0, 138: 0, 233: 0, 237: 0, 239: 1, 343: 1, 376: 1, 541: 1, 668: 1, 666: 1, 663: 1, 695: 1, 691: 1, 689: 1, 849: 1, 911: 1, 933: 1, 966: 1, 902: 1, 838: 1, 837: 1, 802: 1, 769: 1, 770: 1, 710: 1, 646: 1, 612: 1, 454: 1, 422: 1, 392: 1, 426: 1, 461: 1}
cluster_target_selection: {36: 47, 15: 52, 5: 16, 26: 11, 9: 10, 12: 36, 30: 100, 39: 129, 34: 137, 13: 138, 38: 233, 3: 237, 19: 239, 31: 343, 7: 376, 17: 541, 33: 668, 37: 666, 10: 663, 35: 695, 21: 691, 24: 689, 2: 849, 27: 911, 8: 933, 28: 966, 22: 902, 11: 838, 18: 837, 32: 802, 29: 769, 23: 770, 1: 710, 20: 646, 14: 612, 0: 454, 16: 422, 6: 392, 4: 426, 25: 461}
num_nodes_transformed_graph: 104
agent_paths:({0: [(13, 2), (13, 1), (14, 1), (15, 1), (16, 1), (17, 1), (18, 1), (19, 1), (20, 1), (19, 1), (18, 1), (17, 1), (16, 1), (16, 0), (15, 0), (14, 0), (13, 0), (12, 0), (11, 0), (10, 0), (9, 0), (8, 0), (8, 1), (7, 1), (6, 1), (5, 1), (4, 1), (4, 2), (4, 3), (3, 3), (2, 3), (1, 3), (1, 4), (2, 4), (3, 4), (4, 4), (5, 4), (6, 4), (7, 4), (8, 4), (9, 4), (10, 4), (10, 5), (10, 6), (9, 6), (9, 7), (10, 7), (11, 7), (12, 7), (13, 7), (13, 8), (13, 9), (13, 10), (12, 10), (12, 11), (12, 11)], 1: [(14, 6), (15, 6), (15, 7), (16, 7), (17, 7), (18, 7), (19, 7), (20, 7), (21, 7), (22, 7), (22, 8), (23, 8), (23, 9), (23, 10), (24, 10), (24, 11), (25, 11), (26, 11), (27, 11), (28, 11), (29, 11), (29, 12), (29, 13), (29, 14), (29, 15), (29, 16), (29, 17), (29, 18), (29, 19), (29, 20), (28, 20), (27, 20), (26, 20), (25, 20), (24, 20), (23, 20), (23, 21), (22, 21), (21, 21), (20, 21), (19, 21), (18, 21), (17, 21), (17, 22), (17, 23), (17, 24), (17, 25), (17, 26), (16, 26), (15, 26), (15, 27), (15, 28), (14, 28), (13, 28), (12, 28), (11, 28), (10, 28), (9, 28), (8, 28), (7, 28), (6, 28), (5, 28), (5, 29), (6, 29), (6, 30), (6, 29), (6, 28), (6, 27), (6, 26), (5, 26), (4, 26), (3, 26), (2, 26), (2, 25), (1, 25), (1, 24), (2, 24), (2, 23), (2, 22), (3, 22), (4, 22), (5, 22), (6, 22), (6, 21), (6, 20), (5, 20), (5, 19), (4, 19), (4, 18), (4, 17), (4, 16), (4, 15), (5, 15), (5, 14), (6, 14), (6, 13), (7, 13), (8, 13), (8, 12), (9, 12), (10, 12), (10, 13), (10, 14), (11, 14), (12, 14), (13, 14), (14, 14), (14, 15), (14, 16), (14, 16)]}, 108)