

CBSS-C STATS
starts:[151, 627, 568, 138, 880]
targets:[9, 958, 156, 596, 186, 234, 147, 709, 4, 700]
dests:[142, 782, 785, 837, 778]
ac_dict:{9: {0, 1}, 958: {1, 2}, 156: {2, 3}, 596: {3, 4}, 142: {0}, 782: {1}, 785: {2}, 837: {3}, 778: {4}}
clusters:[0 1 0 1 1 0 1 0 1 1]

round: 1
best_g_value: 71.0
open_list_size: 0
num_low_level_expanded: 246
search_success: 1
search_time: 0.09296531369909644
n_tsp_call: 1
n_tsp_time: 0.07977456040680408
n_roots: 1
num_conflicts: 0
target_assignment: {147: 0, 234: 3}
cluster_target_selection: {1: 147, 0: 234}
num_nodes_transformed_graph: 48
agent_paths:({0: [(23, 4), (22, 4), (21, 4), (20, 4), (19, 4), (18, 4), (17, 4), (16, 4), (16, 5), (15, 5), (14, 5), (14, 4), (14, 4)], 1: [(19, 19), (18, 19), (17, 19), (16, 19), (15, 19), (15, 20), (15, 21), (15, 22), (15, 23), (14, 23), (14, 24), (14, 24)], 2: [(24, 17), (23, 17), (22, 17), (21, 17), (20, 17), (19, 17), (18, 17), (18, 18), (18, 19), (17, 19), (17, 20), (17, 21), (17, 22), (17, 23), (17, 24), (17, 24)], 3: [(10, 4), (10, 5), (10, 6), (10, 7), (10, 8), (10, 9), (10, 10), (10, 11), (10, 12), (10, 13), (10, 14), (9, 14), (9, 15), (9, 16), (8, 16), (7, 16), (7, 17), (7, 18), (7, 19), (7, 20), (7, 21), (7, 22), (7, 23), (7, 24), (7, 25), (6, 25), (5, 25), (5, 26), (5, 26)], 4: [(16, 27), (15, 27), (14, 27), (13, 27), (12, 27), (11, 27), (10, 27), (10, 26), (10, 25), (10, 24), (10, 24)]}, 27)