

CBSS-C STATS
starts:[629, 614, 89, 693, 733, 638, 889, 709, 962, 779]
targets:[97, 958, 674, 1022, 223]
dests:[765, 992, 93, 188, 203, 716, 390, 210, 692, 124]
ac_dict:{97: {0, 1}, 958: {1, 2}, 674: {2, 3}, 1022: {3, 4}, 223: {4, 5}, 765: {0}, 992: {1}, 93: {2}, 188: {3}, 203: {4}, 716: {5}, 390: {6}, 210: {7}, 692: {8}, 124: {9}}
clusters:[0 1 1 1 0]

round: 17
best_g_value: 268.0
open_list_size: 16
num_low_level_expanded: 13782
search_success: 1
search_time: 1.4977885563857853
n_tsp_call: 9
n_tsp_time: 0.7858938542194664
n_roots: 1
num_conflicts: 16
target_assignment: {1022: 4, 223: 4}
cluster_target_selection: {1: 1022, 0: 223}
num_nodes_transformed_graph: 30
agent_paths:({0: [(21, 19), (22, 19), (23, 19), (24, 19), (24, 20), (24, 21), (25, 21), (26, 21), (27, 21), (28, 21), (29, 21), (29, 22), (29, 23), (29, 23)], 1: [(6, 19), (6, 20), (6, 21), (5, 21), (5, 22), (4, 22), (3, 22), (2, 22), (1, 22), (1, 23), (0, 23), (0, 24), (0, 25), (0, 26), (0, 27), (0, 28), (0, 29), (0, 30), (0, 31), (0, 31)], 2: [(25, 2), (25, 3), (26, 3), (27, 3), (27, 2), (28, 2), (29, 2), (29, 2)], 3: [(21, 21), (21, 20), (21, 19), (21, 18), (21, 17), (21, 16), (21, 15), (21, 14), (21, 13), (21, 12), (21, 11), (21, 10), (21, 9), (21, 8), (21, 7), (21, 6), (22, 6), (23, 6), (23, 5), (24, 5), (25, 5), (26, 5), (27, 5), (28, 5), (28, 5)], 4: [(29, 22), (30, 22), (30, 23), (30, 24), (30, 25), (30, 26), (30, 27), (30, 28), (30, 29), (30, 30), (30, 31), (30, 30), (30, 29), (30, 28), (30, 27), (30, 26), (30, 25), (30, 24), (30, 23), (30, 22), (29, 22), (29, 21), (29, 20), (29, 19), (29, 18), (29, 17), (29, 16), (29, 15), (29, 14), (29, 13), (29, 12), (29, 11), (29, 10), (29, 9), (29, 8), (29, 7), (29, 6), (30, 6), (31, 6), (30, 6), (29, 6), (28, 6), (27, 6), (26, 6), (25, 6), (24, 6), (23, 6), (22, 6), (21, 6), (20, 6), (19, 6), (19, 5), (18, 5), (17, 5), (16, 5), (15, 5), (14, 5), (13, 5), (12, 5), (11, 5), (11, 6), (11, 6)], 5: [(30, 19), (29, 19), (29, 20), (28, 20), (27, 20), (26, 20), (25, 20), (24, 20), (23, 20), (22, 20), (21, 20), (20, 20), (19, 20), (18, 20), (17, 20), (16, 20), (15, 20), (14, 20), (13, 20), (12, 20), (12, 21), (12, 22), (12, 22)], 6: [(25, 27), (24, 27), (23, 27), (22, 27), (21, 27), (20, 27), (19, 27), (18, 27), (17, 27), (16, 27), (15, 27), (14, 27), (13, 27), (12, 27), (11, 27), (10, 27), (9, 27), (8, 27), (8, 26), (7, 26), (7, 25), (7, 24), (7, 23), (7, 22), (7, 21), (7, 20), (7, 19), (7, 18), (7, 17), (6, 17), (6, 16), (6, 15), (6, 14), (6, 13), (6, 12), (6, 12)], 7: [(5, 22), (5, 21), (5, 20), (5, 19), (5, 18), (5, 17), (5, 16), (5, 15), (5, 14), (5, 13), (6, 13), (6, 12), (6, 11), (6, 10), (6, 9), (7, 9), (7, 8), (7, 7), (7, 6), (8, 6), (9, 6), (10, 6), (11, 6), (12, 6), (13, 6), (14, 6), (15, 6), (16, 6), (17, 6), (18, 6), (18, 6)], 8: [(2, 30), (2, 29), (2, 28), (2, 27), (2, 26), (2, 25), (2, 24), (2, 23), (2, 22), (3, 22), (4, 22), (5, 22), (5, 21), (6, 21), (7, 21), (8, 21), (9, 21), (10, 21), (11, 21), (12, 21), (13, 21), (14, 21), (15, 21), (16, 21), (17, 21), (18, 21), (19, 21), (20, 21), (20, 21)], 9: [(11, 24), (11, 23), (11, 22), (11, 21), (11, 20), (11, 19), (11, 18), (11, 17), (11, 16), (11, 15), (11, 14), (12, 14), (12, 13), (12, 12), (12, 11), (12, 10), (13, 10), (13, 9), (13, 8), (13, 7), (13, 6), (13, 5), (14, 5), (15, 5), (16, 5), (16, 4), (16, 3), (17, 3), (18, 3), (19, 3), (20, 3), (21, 3), (22, 3), (23, 3), (24, 3), (25, 3), (26, 3), (27, 3), (28, 3), (28, 3)]}, 60)