

CBSS-C STATS
starts:[963, 930]
targets:[408, 463, 816, 763, 792, 650, 86, 625, 62, 751, 234, 492, 742, 333, 936, 651, 946, 624, 176, 409, 910, 24, 346, 617, 369, 308, 564, 1020, 786, 353, 805, 521, 578, 58, 970, 1001, 108, 65, 678, 213, 747, 412, 673, 336, 641, 827, 260, 850, 1002, 841, 435, 347, 571, 476, 284, 211, 392, 437, 605, 541, 985, 663, 978, 145, 974, 888, 666, 420, 466, 414, 274, 653, 23, 326, 652, 351, 465, 403, 498, 44, 212, 11, 34, 189, 806, 317, 780, 748, 612, 635, 904, 506, 154, 568, 1011, 590, 25, 752, 569, 121]
dests:[401, 273]
ac_dict:{408: {0, 1}, 401: {0}, 273: {1}}
clusters:[23 12 35  7  7 36  5  8  0 26  7 10 22 25 38 28 34 32  9 38 23 26 18 27
  4 32 37 36 11 32  1 16  9 30 26 25 10 10 25 15 23 30 31 29 37 19  5 33
 25 28 18 39 12 13 21 13 26 12 19  7  7 25  6 32 33 32 37 16 23 12  4  0
 22 21 17  4  2 33  6 23 30  6 16 20  9  8 21 18 10 32  3  8 38 14 12  0
 24 30 11 22]

round: 1
best_g_value: 428.0
open_list_size: 0
num_low_level_expanded: 284
search_success: 1
search_time: 47.382062427001074
n_tsp_call: 1
n_tsp_time: 47.20981987199775
n_roots: 1
num_conflicts: 0
target_assignment: {936: 0, 904: 0, 946: 0, 850: 0, 816: 0, 624: 0, 498: 0, 466: 0, 465: 0, 805: 1, 673: 1, 641: 1, 578: 1, 612: 1, 521: 1, 617: 1, 650: 1, 651: 1, 652: 1, 653: 1, 663: 1, 568: 1, 569: 1, 571: 1, 605: 1, 541: 1, 506: 1, 346: 1, 347: 1, 284: 1, 189: 1, 24: 1, 25: 1, 23: 1, 86: 1, 213: 1, 212: 1, 211: 1, 274: 1, 336: 1}
cluster_target_selection: {38: 936, 3: 904, 34: 946, 33: 850, 35: 816, 32: 624, 6: 498, 23: 466, 2: 465, 1: 805, 31: 673, 37: 641, 9: 578, 10: 612, 16: 521, 27: 617, 36: 650, 28: 651, 17: 652, 0: 653, 25: 663, 14: 568, 11: 569, 12: 571, 19: 605, 7: 541, 8: 506, 18: 346, 39: 347, 21: 284, 20: 189, 26: 24, 24: 25, 22: 23, 5: 86, 15: 213, 30: 212, 13: 211, 4: 274, 29: 336}
num_nodes_transformed_graph: 204
agent_paths:({0: [(3, 30), (3, 29), (4, 29), (5, 29), (6, 29), (7, 29), (8, 29), (8, 28), (9, 28), (10, 28), (11, 28), (12, 28), (13, 28), (14, 28), (15, 28), (16, 28), (17, 28), (18, 28), (18, 29), (18, 28), (18, 27), (18, 26), (17, 26), (16, 26), (16, 25), (16, 24), (16, 23), (16, 22), (16, 21), (16, 20), (16, 19), (16, 18), (16, 17), (16, 16), (16, 15), (17, 15), (18, 15), (18, 14), (17, 14), (17, 13), (17, 12), (17, 12)], 1: [(2, 29), (2, 28), (2, 27), (2, 26), (2, 25), (3, 25), (4, 25), (5, 25), (4, 25), (3, 25), (2, 25), (1, 25), (1, 24), (1, 23), (1, 22), (1, 21), (1, 20), (1, 19), (2, 19), (2, 18), (3, 18), (4, 18), (4, 19), (4, 18), (4, 17), (4, 16), (5, 16), (6, 16), (7, 16), (8, 16), (9, 16), (9, 17), (9, 18), (9, 19), (10, 19), (10, 20), (11, 20), (12, 20), (13, 20), (14, 20), (15, 20), (16, 20), (17, 20), (18, 20), (19, 20), (20, 20), (21, 20), (22, 20), (23, 20), (23, 19), (23, 18), (23, 17), (24, 17), (25, 17), (26, 17), (27, 17), (27, 18), (28, 18), (29, 18), (29, 17), (29, 16), (28, 16), (27, 16), (26, 16), (26, 15), (26, 14), (26, 13), (26, 12), (26, 11), (26, 10), (27, 10), (27, 9), (27, 8), (28, 8), (28, 7), (28, 6), (28, 5), (29, 5), (28, 5), (27, 5), (26, 5), (25, 5), (25, 4), (25, 3), (24, 3), (24, 2), (24, 1), (24, 0), (25, 0), (24, 0), (23, 0), (22, 0), (22, 1), (22, 2), (21, 2), (21, 3), (21, 4), (21, 5), (21, 6), (20, 6), (19, 6), (18, 6), (18, 7), (18, 8), (17, 8), (16, 8), (16, 9), (16, 10), (16, 9), (16, 8), (17, 8), (17, 8)]}, 110)