

CBSS-C STATS
starts:[685, 257, 267, 201, 667]
targets:[573, 570, 316, 457, 909, 424, 23, 412, 489, 721, 809, 625, 792, 848, 55, 687, 751, 979, 533, 321]
dests:[840, 957, 690, 929, 1001]
ac_dict:{573: {0, 1}, 570: {1, 2}, 316: {2, 3}, 457: {3, 4}, 840: {0}, 957: {1}, 690: {2}, 929: {3}, 1001: {4}}
clusters:[1 3 3 2 0 5 0 5 6 0 4 6 9 7 8 7 0 6 5 0]

round: 1
best_g_value: 161.0
open_list_size: 0
num_low_level_expanded: 522
search_success: 1
search_time: 1.5105540649965405
n_tsp_call: 1
n_tsp_time: 1.4754878226667643
n_roots: 1
num_conflicts: 0
target_assignment: {809: 0, 792: 4, 848: 4, 909: 4, 55: 1, 533: 1, 570: 1, 573: 1, 457: 3, 489: 3}
cluster_target_selection: {4: 809, 9: 792, 7: 848, 0: 909, 8: 55, 5: 533, 3: 570, 1: 573, 2: 457, 6: 489}
num_nodes_transformed_graph: 98
agent_paths:({0: [(13, 21), (12, 21), (11, 21), (10, 21), (9, 21), (9, 22), (9, 23), (9, 24), (9, 25), (8, 25), (8, 26), (8, 26)], 1: [(1, 8), (1, 7), (2, 7), (3, 7), (4, 7), (5, 7), (6, 7), (7, 7), (7, 6), (8, 6), (9, 6), (10, 6), (10, 5), (11, 5), (12, 5), (13, 5), (14, 5), (15, 5), (16, 5), (16, 4), (16, 3), (17, 3), (18, 3), (19, 3), (20, 3), (20, 2), (21, 2), (22, 2), (22, 1), (23, 1), (22, 1), (22, 2), (21, 2), (21, 3), (21, 4), (21, 5), (21, 6), (21, 7), (21, 8), (21, 9), (21, 10), (21, 11), (21, 12), (21, 13), (21, 14), (21, 15), (21, 16), (22, 16), (23, 16), (24, 16), (25, 16), (26, 16), (26, 17), (27, 17), (27, 16), (28, 16), (29, 16), (29, 17), (29, 18), (29, 19), (29, 20), (29, 21), (29, 22), (29, 23), (29, 24), (29, 25), (29, 26), (29, 27), (29, 28), (29, 29), (29, 29)], 2: [(11, 8), (11, 9), (11, 10), (12, 10), (13, 10), (14, 10), (15, 10), (16, 10), (16, 11), (17, 11), (17, 12), (17, 13), (17, 14), (17, 15), (17, 16), (17, 17), (18, 17), (18, 18), (18, 19), (18, 20), (18, 21), (18, 21)], 3: [(9, 6), (9, 7), (9, 8), (9, 9), (9, 10), (9, 11), (9, 12), (10, 12), (10, 13), (10, 14), (9, 14), (9, 15), (9, 16), (8, 16), (7, 16), (6, 16), (5, 16), (4, 16), (3, 16), (2, 16), (2, 17), (2, 18), (2, 19), (2, 20), (2, 21), (2, 22), (2, 23), (2, 24), (2, 25), (2, 26), (2, 27), (1, 27), (1, 28), (1, 29), (1, 29)], 4: [(27, 20), (26, 20), (25, 20), (24, 20), (24, 21), (24, 22), (24, 23), (24, 24), (23, 24), (22, 24), (22, 25), (21, 25), (20, 25), (19, 25), (18, 25), (17, 25), (16, 25), (16, 26), (15, 26), (15, 27), (14, 27), (13, 27), (13, 28), (12, 28), (11, 28), (10, 28), (10, 29), (10, 30), (9, 30), (9, 31), (9, 31)]}, 69)