

CBSS-C STATS
starts:[441, 581, 760, 334, 713, 355, 221, 567, 592, 434]
targets:[621, 335, 856, 31, 942]
dests:[494, 469, 515, 249, 925, 99, 780, 920, 990, 428]
ac_dict:{621: {0, 1}, 335: {1, 2}, 856: {2, 3}, 31: {3, 4}, 942: {4, 5}, 494: {0}, 469: {1}, 515: {2}, 249: {3}, 925: {4}, 99: {5}, 780: {6}, 920: {7}, 990: {8}, 428: {9}}
clusters:[1 0 1 0 1]

round: 3
best_g_value: 198.0
open_list_size: 2
num_low_level_expanded: 1810
search_success: 1
search_time: 0.14645038777962327
n_tsp_call: 1
n_tsp_time: 0.09273096406832337
n_roots: 1
num_conflicts: 2
target_assignment: {621: 1, 335: 1}
cluster_target_selection: {1: 621, 0: 335}
num_nodes_transformed_graph: 30
agent_paths:({0: [(25, 13), (24, 13), (23, 13), (22, 13), (21, 13), (20, 13), (19, 13), (18, 13), (17, 13), (16, 13), (15, 13), (14, 13), (14, 14), (14, 15), (14, 15)], 1: [(5, 18), (5, 19), (6, 19), (7, 19), (8, 19), (9, 19), (10, 19), (11, 19), (12, 19), (13, 19), (13, 18), (13, 17), (13, 16), (13, 15), (13, 14), (13, 13), (14, 13), (14, 12), (14, 11), (15, 11), (15, 10), (16, 10), (16, 11), (17, 11), (18, 11), (19, 11), (19, 12), (20, 12), (21, 12), (21, 13), (21, 14), (21, 14)], 2: [(24, 23), (24, 22), (23, 22), (23, 21), (22, 21), (21, 21), (20, 21), (19, 21), (18, 21), (17, 21), (16, 21), (15, 21), (14, 21), (13, 21), (12, 21), (11, 21), (10, 21), (9, 21), (8, 21), (7, 21), (6, 21), (5, 21), (5, 20), (5, 19), (4, 19), (4, 18), (3, 18), (3, 17), (3, 16), (3, 16)], 3: [(14, 10), (14, 9), (15, 9), (16, 9), (17, 9), (18, 9), (19, 9), (20, 9), (20, 8), (21, 8), (22, 8), (23, 8), (24, 8), (25, 8), (25, 7), (25, 7)], 4: [(9, 22), (10, 22), (11, 22), (12, 22), (13, 22), (13, 23), (14, 23), (15, 23), (16, 23), (17, 23), (18, 23), (19, 23), (19, 24), (20, 24), (20, 25), (21, 25), (22, 25), (23, 25), (24, 25), (25, 25), (26, 25), (27, 25), (28, 25), (29, 25), (29, 26), (29, 27), (29, 28), (29, 28)], 5: [(3, 11), (3, 10), (3, 9), (3, 8), (3, 7), (3, 6), (3, 5), (3, 4), (3, 3), (3, 3)], 6: [(29, 6), (28, 6), (27, 6), (26, 6), (25, 6), (24, 6), (23, 6), (22, 6), (21, 6), (20, 6), (19, 6), (18, 6), (17, 6), (16, 6), (16, 7), (16, 8), (16, 9), (15, 9), (14, 9), (14, 10), (14, 11), (14, 12), (14, 13), (13, 13), (13, 14), (12, 14), (12, 15), (12, 16), (12, 17), (12, 18), (12, 19), (12, 20), (12, 21), (12, 22), (12, 23), (12, 24), (12, 24)], 7: [(23, 17), (24, 17), (24, 18), (24, 19), (24, 20), (24, 21), (24, 22), (24, 23), (24, 24), (24, 25), (24, 26), (24, 27), (24, 28), (24, 28)], 8: [(16, 18), (16, 19), (17, 19), (18, 19), (19, 19), (20, 19), (21, 19), (22, 19), (23, 19), (24, 19), (25, 19), (25, 20), (26, 20), (27, 20), (28, 20), (29, 20), (29, 21), (29, 22), (30, 22), (30, 23), (30, 24), (30, 25), (30, 26), (30, 27), (30, 28), (30, 29), (30, 30), (30, 30)], 9: [(18, 13), (17, 13), (16, 13), (15, 13), (14, 13), (13, 13), (12, 13), (12, 13)]}, 35)