

CBSS-C STATS
starts:[519, 208, 404, 924, 714]
targets:[938, 598, 155, 914, 1011, 281, 630, 28, 226, 940]
dests:[722, 605, 117, 127, 174]
ac_dict:{938: {0, 1}, 598: {1, 2}, 155: {2, 3}, 914: {3, 4}, 722: {0}, 605: {1}, 117: {2}, 127: {3}, 174: {4}}
clusters:[4 2 4 1 0 0 2 3 0 1]

round: 2
best_g_value: 127.0
open_list_size: 1
num_low_level_expanded: 560
search_success: 1
search_time: 0.3471044101752341
n_tsp_call: 1
n_tsp_time: 0.324558696243912
n_roots: 1
num_conflicts: 1
target_assignment: {938: 0, 940: 0, 281: 3, 28: 3, 598: 1}
cluster_target_selection: {4: 938, 1: 940, 0: 281, 3: 28, 2: 598}
num_nodes_transformed_graph: 48
agent_paths:({0: [(7, 16), (8, 16), (9, 16), (9, 17), (9, 18), (10, 18), (10, 19), (10, 20), (10, 21), (10, 22), (10, 23), (10, 24), (10, 25), (10, 26), (10, 27), (10, 28), (10, 29), (11, 29), (12, 29), (12, 28), (12, 27), (12, 26), (12, 25), (12, 24), (12, 23), (13, 23), (14, 23), (15, 23), (15, 22), (16, 22), (17, 22), (18, 22), (18, 22)], 1: [(16, 6), (17, 6), (18, 6), (19, 6), (20, 6), (21, 6), (22, 6), (22, 7), (22, 8), (22, 9), (22, 10), (22, 11), (22, 12), (22, 13), (22, 14), (22, 15), (22, 16), (22, 17), (22, 18), (23, 18), (24, 18), (25, 18), (26, 18), (27, 18), (28, 18), (29, 18), (29, 18)], 2: [(20, 12), (21, 12), (21, 11), (21, 10), (21, 9), (21, 8), (21, 7), (21, 6), (21, 5), (21, 4), (21, 3), (21, 3)], 3: [(28, 28), (27, 28), (26, 28), (26, 27), (26, 26), (26, 25), (26, 24), (26, 23), (26, 22), (26, 21), (25, 21), (25, 20), (25, 19), (25, 18), (25, 17), (25, 16), (25, 15), (25, 14), (25, 13), (25, 12), (25, 11), (25, 10), (25, 9), (25, 8), (25, 7), (25, 6), (25, 5), (25, 4), (25, 3), (26, 3), (27, 3), (27, 2), (27, 1), (27, 0), (28, 0), (29, 0), (30, 0), (30, 1), (30, 2), (31, 2), (31, 3), (31, 3)], 4: [(10, 22), (10, 21), (10, 20), (10, 19), (10, 18), (10, 17), (10, 16), (10, 15), (10, 14), (10, 13), (10, 12), (10, 11), (10, 10), (10, 9), (10, 8), (10, 7), (10, 6), (10, 5), (11, 5), (12, 5), (13, 5), (14, 5), (14, 5)]}, 40)