

CBSS-C STATS
starts:[451, 984, 402, 542, 482, 1014, 553, 731, 483, 463]
targets:[615, 898, 54, 680, 350, 633, 719, 647, 818, 432]
dests:[1005, 210, 209, 709, 234, 668, 528, 306, 748, 524]
ac_dict:{615: {0, 1}, 898: {1, 2}, 54: {2, 3}, 680: {3, 4}, 350: {4, 5}, 633: {5, 6}, 719: {6, 7}, 647: {8, 7}, 818: {8, 9}, 1005: {0}, 210: {1}, 209: {2}, 709: {3}, 234: {4}, 668: {5}, 528: {6}, 306: {7}, 748: {8}, 524: {9}}
clusters:[4 3 3 4 2 1 3 0 2 1]

round: 7
best_g_value: 206.0
open_list_size: 6
num_low_level_expanded: 2223
search_success: 1
search_time: 1.8162005529738963
n_tsp_call: 16
n_tsp_time: 1.7158036646433175
n_roots: 1
num_conflicts: 6
target_assignment: {647: 8, 818: 8, 680: 3, 719: 7, 432: 7}
cluster_target_selection: {0: 647, 2: 818, 4: 680, 3: 719, 1: 432}
num_nodes_transformed_graph: 33
agent_paths:({0: [(3, 14), (3, 15), (4, 15), (5, 15), (6, 15), (7, 15), (7, 16), (8, 16), (9, 16), (10, 16), (11, 16), (11, 17), (12, 17), (13, 17), (13, 18), (13, 19), (13, 20), (13, 21), (13, 22), (13, 23), (13, 24), (13, 25), (13, 26), (13, 27), (13, 28), (13, 29), (13, 30), (13, 31), (13, 31)], 1: [(24, 30), (24, 29), (23, 29), (23, 28), (23, 27), (22, 27), (21, 27), (20, 27), (19, 27), (19, 26), (19, 25), (19, 24), (19, 23), (19, 22), (19, 21), (19, 20), (19, 19), (19, 18), (19, 17), (19, 16), (19, 15), (18, 15), (18, 14), (18, 13), (18, 12), (18, 11), (18, 10), (18, 9), (18, 8), (18, 7), (18, 6), (18, 6)], 2: [(18, 12), (18, 11), (18, 10), (18, 9), (17, 9), (17, 8), (17, 7), (17, 6), (17, 6)], 3: [(30, 16), (29, 16), (28, 16), (27, 16), (26, 16), (25, 16), (24, 16), (23, 16), (22, 16), (21, 16), (20, 16), (19, 16), (19, 17), (18, 17), (17, 17), (16, 17), (15, 17), (14, 17), (13, 17), (12, 17), (11, 17), (10, 17), (9, 17), (8, 17), (8, 18), (8, 19), (8, 20), (8, 21), (7, 21), (6, 21), (5, 21), (5, 22), (5, 22)], 4: [(2, 15), (2, 14), (2, 13), (2, 12), (2, 11), (2, 10), (2, 9), (3, 9), (4, 9), (5, 9), (6, 9), (7, 9), (7, 8), (8, 8), (9, 8), (9, 7), (10, 7), (10, 7)], 5: [(22, 31), (22, 30), (23, 30), (23, 29), (23, 28), (23, 27), (23, 26), (23, 25), (23, 24), (24, 24), (24, 23), (24, 22), (24, 21), (24, 20), (25, 20), (26, 20), (27, 20), (28, 20), (28, 20)], 6: [(9, 17), (9, 16), (10, 16), (11, 16), (12, 16), (13, 16), (14, 16), (15, 16), (16, 16), (16, 16)], 7: [(27, 22), (26, 22), (26, 21), (25, 21), (24, 21), (23, 21), (22, 21), (21, 21), (20, 21), (19, 21), (18, 21), (17, 21), (16, 21), (15, 21), (15, 22), (15, 21), (15, 20), (15, 19), (16, 19), (16, 18), (16, 17), (17, 17), (17, 16), (17, 15), (16, 15), (16, 14), (16, 13), (16, 12), (16, 11), (16, 10), (16, 9), (17, 9), (18, 9), (18, 9)], 8: [(3, 15), (4, 15), (5, 15), (6, 15), (7, 15), (7, 16), (7, 17), (7, 18), (7, 19), (7, 20), (8, 20), (9, 20), (10, 20), (11, 20), (12, 20), (13, 20), (14, 20), (15, 20), (16, 20), (17, 20), (18, 20), (18, 21), (18, 22), (18, 23), (18, 24), (18, 25), (17, 25), (16, 25), (15, 25), (14, 25), (13, 25), (12, 25), (12, 24), (12, 23), (12, 23)], 9: [(15, 14), (14, 14), (13, 14), (12, 14), (12, 15), (12, 16), (12, 16)]}, 33)