

CBSS-C STATS
starts:[617, 552, 130, 538, 390, 356, 612, 595, 59, 487]
targets:[974, 230, 358, 965, 172]
dests:[200, 835, 451, 881, 243, 843, 654, 894, 120, 567]
ac_dict:{974: {0, 1}, 230: {1, 2}, 358: {2, 3}, 965: {3, 4}, 172: {4, 5}, 200: {0}, 835: {1}, 451: {2}, 881: {3}, 243: {4}, 843: {5}, 654: {6}, 894: {7}, 120: {8}, 567: {9}}
clusters:[1 0 1 0 0]

round: 3
best_g_value: 163.0
open_list_size: 2
num_low_level_expanded: 659
search_success: 1
search_time: 0.11159812938421965
n_tsp_call: 1
n_tsp_time: 0.0840329579077661
n_roots: 1
num_conflicts: 2
target_assignment: {230: 2, 358: 2}
cluster_target_selection: {0: 230, 1: 358}
num_nodes_transformed_graph: 30
agent_paths:({0: [(9, 19), (9, 18), (9, 17), (9, 16), (9, 15), (9, 14), (10, 14), (10, 13), (10, 12), (9, 12), (9, 11), (9, 10), (9, 9), (9, 8), (9, 7), (9, 6), (8, 6), (8, 6)], 1: [(8, 17), (7, 17), (6, 17), (5, 17), (5, 18), (5, 19), (5, 20), (5, 21), (5, 22), (4, 22), (3, 22), (3, 23), (3, 24), (3, 25), (3, 26), (3, 26)], 2: [(2, 4), (3, 4), (4, 4), (5, 4), (5, 5), (5, 6), (5, 7), (6, 7), (5, 7), (5, 8), (5, 9), (6, 9), (6, 10), (6, 11), (5, 11), (4, 11), (3, 11), (3, 12), (3, 13), (3, 14), (3, 14)], 3: [(26, 16), (25, 16), (24, 16), (23, 16), (22, 16), (21, 16), (20, 16), (19, 16), (19, 17), (18, 17), (18, 18), (18, 19), (17, 19), (17, 20), (17, 21), (17, 22), (17, 23), (17, 24), (17, 25), (17, 26), (17, 27), (17, 27)], 4: [(6, 12), (6, 11), (6, 10), (6, 9), (7, 9), (7, 8), (8, 8), (9, 8), (9, 7), (10, 7), (11, 7), (12, 7), (13, 7), (14, 7), (15, 7), (16, 7), (17, 7), (18, 7), (19, 7), (19, 7)], 5: [(4, 11), (5, 11), (6, 11), (6, 12), (6, 13), (6, 14), (6, 15), (7, 15), (7, 16), (8, 16), (9, 16), (10, 16), (11, 16), (11, 17), (11, 18), (11, 19), (11, 20), (11, 21), (11, 22), (11, 23), (11, 24), (11, 25), (11, 26), (11, 26)], 6: [(4, 19), (5, 19), (6, 19), (7, 19), (8, 19), (9, 19), (10, 19), (11, 19), (12, 19), (13, 19), (14, 19), (14, 20), (14, 20)], 7: [(19, 18), (20, 18), (21, 18), (22, 18), (23, 18), (24, 18), (25, 18), (26, 18), (27, 18), (28, 18), (29, 18), (29, 19), (29, 20), (29, 21), (29, 22), (30, 22), (30, 23), (30, 24), (30, 25), (30, 26), (30, 27), (30, 27)], 8: [(27, 1), (27, 2), (27, 3), (26, 3), (25, 3), (24, 3), (24, 3)], 9: [(7, 15), (7, 16), (8, 16), (8, 17), (9, 17), (10, 17), (11, 17), (12, 17), (13, 17), (14, 17), (15, 17), (16, 17), (17, 17), (18, 17), (19, 17), (20, 17), (21, 17), (22, 17), (23, 17), (23, 17)]}, 22)