

CBSS-C STATS
starts:[848, 257, 276, 378, 302]
targets:[381, 428, 656, 313, 782, 88, 279, 106, 533, 457, 170, 361, 743, 828, 310, 616, 730, 685, 130, 284, 403, 881, 535, 6, 901, 5, 592, 695, 95, 668, 621, 234, 240, 405, 866, 175, 531, 739, 266, 673, 717, 809, 97, 692, 667, 412, 374, 124, 514, 986]
dests:[160, 957, 723, 677, 906]
ac_dict:{381: {0, 1}, 428: {1, 2}, 656: {2, 3}, 313: {3, 4}, 160: {0}, 957: {1}, 723: {2}, 677: {3}, 906: {4}}
clusters:[12  9 29  1 19  3  8 26 12 18  0  7 20  1 22 14 19 17 15 11  2 24  9  8
  6 16 13  6 28 25 16  7  0  5 14 21 17  4  4  3  2 10 15 10 23 11  5 27
 13 18]

round: 1
best_g_value: 201.0
open_list_size: 0
num_low_level_expanded: 385
search_success: 1
search_time: 29.983348916000068
n_tsp_call: 1
n_tsp_time: 29.871182050999778
n_roots: 1
num_conflicts: 0
target_assignment: {881: 0, 782: 0, 717: 0, 621: 0, 266: 0, 234: 0, 106: 0, 130: 0, 457: 4, 616: 4, 743: 4, 170: 1, 175: 1, 88: 1, 95: 1, 124: 1, 412: 1, 667: 1, 668: 1, 828: 1, 310: 2, 279: 2, 535: 2, 695: 2, 692: 2, 374: 3, 533: 3, 531: 3, 592: 3, 656: 3}
cluster_target_selection: {24: 881, 19: 782, 2: 717, 16: 621, 4: 266, 7: 234, 26: 106, 15: 130, 18: 457, 14: 616, 20: 743, 0: 170, 21: 175, 3: 88, 28: 95, 27: 124, 11: 412, 23: 667, 25: 668, 1: 828, 22: 310, 8: 279, 9: 535, 6: 695, 10: 692, 5: 374, 12: 533, 17: 531, 13: 592, 29: 656}
num_nodes_transformed_graph: 248
agent_paths:({0: [(16, 26), (17, 26), (17, 27), (16, 27), (15, 27), (15, 26), (15, 25), (14, 25), (14, 24), (13, 24), (13, 23), (13, 22), (13, 21), (13, 20), (13, 19), (12, 19), (11, 19), (10, 19), (10, 18), (10, 17), (10, 16), (10, 15), (10, 14), (10, 13), (10, 12), (10, 11), (10, 10), (10, 9), (10, 8), (10, 7), (10, 6), (10, 5), (10, 4), (10, 3), (9, 3), (8, 3), (7, 3), (6, 3), (5, 3), (4, 3), (3, 3), (2, 3), (2, 4), (1, 4), (1, 5), (0, 5), (0, 5)], 1: [(1, 8), (1, 7), (2, 7), (3, 7), (4, 7), (5, 7), (6, 7), (7, 7), (7, 6), (8, 6), (9, 6), (10, 6), (10, 5), (11, 5), (12, 5), (13, 5), (14, 5), (15, 5), (16, 5), (16, 4), (16, 3), (17, 3), (18, 3), (19, 3), (20, 3), (20, 2), (21, 2), (22, 2), (23, 2), (24, 2), (25, 2), (25, 3), (26, 3), (27, 3), (27, 2), (28, 2), (29, 2), (30, 2), (31, 2), (30, 2), (29, 2), (28, 2), (28, 3), (28, 4), (28, 5), (28, 6), (28, 7), (28, 8), (28, 9), (28, 10), (28, 11), (28, 12), (28, 13), (27, 13), (27, 14), (27, 15), (27, 16), (27, 17), (27, 18), (27, 19), (27, 20), (28, 20), (28, 21), (28, 22), (27, 22), (27, 23), (27, 24), (28, 24), (28, 25), (29, 25), (29, 26), (29, 27), (29, 28), (29, 29), (29, 29)], 2: [(20, 8), (21, 8), (22, 8), (22, 9), (22, 8), (23, 8), (23, 9), (23, 10), (23, 11), (23, 12), (23, 13), (23, 14), (23, 15), (23, 16), (23, 17), (23, 18), (23, 19), (23, 20), (23, 21), (22, 21), (21, 21), (20, 21), (19, 21), (19, 22), (19, 22)], 3: [(26, 11), (25, 11), (24, 11), (23, 11), (22, 11), (21, 11), (21, 12), (21, 13), (21, 14), (21, 15), (21, 16), (20, 16), (19, 16), (19, 17), (18, 17), (17, 17), (16, 17), (16, 18), (16, 19), (16, 20), (15, 20), (14, 20), (13, 20), (12, 20), (11, 20), (10, 20), (9, 20), (8, 20), (7, 20), (6, 20), (5, 20), (5, 21), (5, 21)], 4: [(14, 9), (13, 9), (13, 10), (12, 10), (11, 10), (10, 10), (10, 11), (10, 12), (10, 13), (10, 14), (9, 14), (9, 15), (9, 16), (8, 16), (8, 17), (8, 18), (8, 19), (7, 19), (7, 20), (7, 21), (7, 22), (7, 23), (8, 23), (9, 23), (10, 23), (10, 24), (10, 25), (10, 26), (10, 27), (10, 28), (10, 28)]}, 73)