

CBSS-C STATS
starts:[188, 763, 738, 343, 396]
targets:[960, 681, 32, 467, 855, 1006, 624, 8, 724, 3, 809, 185, 889, 42, 230, 613, 410, 565, 518, 498, 278, 869, 996, 877, 570, 744, 925, 98, 162, 255, 951, 117, 740, 342, 686, 183, 265, 769, 137, 693, 854, 259, 252, 876, 829, 861, 329, 802, 236, 109]
dests:[621, 260, 619, 91, 328]
ac_dict:{960: {0, 1}, 681: {1, 2}, 32: {2, 3}, 467: {3, 4}, 621: {0}, 260: {1}, 619: {2}, 91: {3}, 328: {4}}
clusters:[24  3 26 37 20  5  7 18  1 36 27 13  9  4  2  2  5 35 17 23  3  0 38 11
 33  1  9 39 19 15  6 21 22  7  6 16  8  0 31 32 25 14  8 12 34 10 28 29
  4 30]

round: 1
best_g_value: 232.0
open_list_size: 0
num_low_level_expanded: 453
search_success: 1
search_time: 5.396906457999648
n_tsp_call: 1
n_tsp_time: 5.333530482999777
n_roots: 1
num_conflicts: 0
target_assignment: {255: 0, 252: 0, 410: 0, 570: 0, 565: 0, 693: 0, 724: 0, 686: 0, 259: 2, 162: 2, 98: 2, 32: 2, 3: 2, 8: 2, 42: 2, 109: 2, 137: 2, 329: 4, 342: 3, 467: 3, 498: 3, 278: 3, 117: 3, 183: 3, 185: 3, 829: 1, 861: 1, 889: 1, 855: 1, 854: 1, 877: 1, 876: 1, 809: 1, 869: 1, 996: 1, 960: 1, 802: 1, 740: 1, 613: 1, 518: 1}
cluster_target_selection: {15: 255, 8: 252, 5: 410, 33: 570, 35: 565, 32: 693, 1: 724, 6: 686, 14: 259, 19: 162, 39: 98, 26: 32, 36: 3, 18: 8, 4: 42, 30: 109, 31: 137, 28: 329, 7: 342, 37: 467, 23: 498, 3: 278, 21: 117, 16: 183, 13: 185, 34: 829, 10: 861, 9: 889, 20: 855, 25: 854, 11: 877, 12: 876, 27: 809, 0: 869, 38: 996, 24: 960, 29: 802, 22: 740, 2: 613, 17: 518}
num_nodes_transformed_graph: 125
agent_paths:({0: [(28, 5), (29, 5), (30, 5), (31, 5), (31, 6), (31, 7), (30, 7), (29, 7), (28, 7), (27, 7), (27, 8), (27, 9), (27, 10), (26, 10), (26, 11), (26, 12), (26, 13), (26, 14), (26, 15), (26, 16), (26, 17), (25, 17), (24, 17), (23, 17), (22, 17), (21, 17), (21, 18), (21, 19), (21, 20), (21, 21), (20, 21), (20, 22), (19, 22), (18, 22), (17, 22), (16, 22), (15, 22), (15, 21), (14, 21), (13, 21), (13, 20), (13, 19), (13, 19)], 1: [(27, 23), (27, 24), (28, 24), (29, 24), (29, 25), (29, 26), (29, 27), (28, 27), (27, 27), (26, 27), (25, 27), (24, 27), (23, 27), (23, 26), (22, 26), (22, 27), (21, 27), (20, 27), (19, 27), (18, 27), (17, 27), (16, 27), (15, 27), (14, 27), (13, 27), (12, 27), (11, 27), (10, 27), (9, 27), (9, 26), (9, 25), (8, 25), (7, 25), (6, 25), (5, 25), (5, 26), (5, 27), (5, 28), (5, 29), (5, 30), (5, 31), (4, 31), (5, 31), (5, 30), (5, 29), (4, 29), (3, 29), (2, 29), (1, 29), (0, 29), (0, 30), (0, 29), (0, 28), (0, 27), (0, 26), (0, 25), (1, 25), (2, 25), (2, 24), (2, 23), (3, 23), (4, 23), (4, 22), (5, 22), (5, 21), (5, 20), (5, 19), (5, 18), (5, 17), (5, 16), (6, 16), (5, 16), (5, 15), (5, 14), (5, 13), (4, 13), (4, 12), (4, 11), (4, 10), (4, 9), (4, 8), (4, 8)], 2: [(2, 23), (2, 22), (2, 21), (2, 20), (2, 19), (2, 18), (2, 17), (2, 16), (2, 15), (2, 14), (2, 13), (2, 12), (2, 11), (2, 10), (2, 9), (3, 9), (3, 8), (3, 7), (2, 7), (2, 6), (2, 5), (2, 4), (2, 3), (1, 3), (0, 3), (0, 2), (0, 1), (0, 0), (1, 0), (2, 0), (3, 0), (4, 0), (5, 0), (6, 0), (6, 1), (7, 1), (8, 1), (8, 0), (9, 0), (10, 0), (10, 1), (11, 1), (12, 1), (13, 1), (13, 2), (13, 3), (12, 3), (11, 3), (10, 3), (9, 3), (9, 4), (10, 4), (10, 5), (10, 6), (10, 7), (10, 8), (10, 9), (10, 10), (10, 11), (10, 12), (10, 13), (10, 14), (11, 14), (11, 15), (11, 16), (11, 17), (11, 18), (11, 19), (11, 19)], 3: [(23, 10), (22, 10), (21, 10), (20, 10), (19, 10), (19, 11), (19, 12), (19, 13), (19, 14), (18, 14), (18, 15), (18, 14), (18, 13), (18, 12), (18, 11), (18, 10), (18, 9), (19, 9), (20, 9), (20, 8), (21, 8), (22, 8), (21, 8), (21, 7), (21, 6), (21, 5), (21, 4), (21, 3), (22, 3), (23, 3), (23, 4), (23, 5), (24, 5), (25, 5), (25, 4), (25, 3), (26, 3), (27, 3), (27, 2), (27, 2)], 4: [(12, 12), (12, 11), (11, 11), (10, 11), (9, 11), (9, 10), (8, 10), (8, 10)]}, 80)