

CBSS-C STATS
starts:[261, 989, 777, 839, 224]
targets:[680, 467, 179, 858, 842, 916, 938, 949, 317, 655, 35, 1005, 930, 273, 418, 484, 538, 423, 76, 51, 328, 920, 1022, 549, 923, 429, 233, 428, 354, 650, 741, 223, 800, 601, 866, 355, 1012, 921, 560, 849, 751, 209, 6, 431, 896, 547, 740, 987, 757, 129]
dests:[1006, 448, 278, 1003, 701]
ac_dict:{680: {0, 1}, 467: {1, 2}, 179: {2, 3}, 858: {3, 4}, 1006: {0}, 448: {1}, 278: {2}, 1003: {3}, 701: {4}}
clusters:[ 2 15 19  3  6  9  1  7 19  0  9  8  5 17  8  5 16 15 20 10 23 17  6 22
 10 14 14 12  4 24 18 18 28  0 27  2 13 11 21 29 13 12 25  7  3 11  1 16
 26  4]

round: 2
best_g_value: 214.0
open_list_size: 1
num_low_level_expanded: 661
search_success: 1
search_time: 3.3785633070001495
n_tsp_call: 1
n_tsp_time: 3.319567638999615
n_roots: 1
num_conflicts: 1
target_assignment: {423: 0, 484: 0, 549: 0, 680: 0, 938: 0, 1005: 0, 650: 2, 76: 2, 179: 2, 987: 1, 923: 1, 921: 1, 920: 1, 849: 1, 751: 1, 741: 1, 800: 1, 896: 1, 866: 1, 129: 4, 35: 4, 6: 4, 328: 4, 428: 4, 429: 4, 431: 4, 560: 4, 757: 4, 601: 4, 842: 3}
cluster_target_selection: {15: 423, 5: 484, 22: 549, 2: 680, 1: 938, 8: 1005, 24: 650, 20: 76, 19: 179, 16: 987, 10: 923, 11: 921, 17: 920, 29: 849, 13: 751, 18: 741, 28: 800, 3: 896, 27: 866, 4: 129, 9: 35, 25: 6, 23: 328, 12: 428, 14: 429, 7: 431, 21: 560, 26: 757, 0: 601, 6: 842}
num_nodes_transformed_graph: 116
agent_paths:({0: [(5, 8), (5, 9), (6, 9), (6, 10), (6, 11), (6, 12), (6, 13), (7, 13), (6, 13), (5, 13), (5, 14), (5, 15), (4, 15), (5, 15), (5, 16), (5, 17), (6, 17), (7, 17), (8, 17), (8, 18), (8, 19), (8, 20), (8, 21), (9, 21), (9, 22), (9, 23), (9, 24), (10, 24), (10, 25), (10, 26), (10, 27), (10, 28), (10, 29), (11, 29), (12, 29), (13, 29), (13, 30), (13, 31), (14, 31), (14, 31)], 1: [(29, 30), (28, 30), (27, 30), (27, 29), (27, 28), (26, 28), (25, 28), (24, 28), (23, 28), (23, 27), (22, 27), (21, 27), (20, 27), (19, 27), (18, 27), (17, 27), (17, 26), (16, 26), (15, 26), (15, 25), (15, 24), (15, 23), (14, 23), (13, 23), (12, 23), (11, 23), (10, 23), (9, 23), (8, 23), (7, 23), (6, 23), (5, 23), (4, 23), (3, 23), (2, 23), (1, 23), (0, 23), (0, 24), (0, 25), (0, 26), (0, 27), (0, 28), (0, 27), (1, 27), (2, 27), (2, 26), (2, 25), (2, 24), (2, 23), (2, 22), (2, 21), (2, 20), (2, 19), (2, 18), (2, 17), (1, 17), (1, 16), (1, 15), (0, 15), (0, 14), (0, 14)], 2: [(9, 24), (9, 23), (9, 22), (9, 21), (9, 20), (10, 20), (10, 19), (10, 18), (10, 17), (10, 16), (10, 15), (10, 14), (10, 13), (10, 12), (10, 11), (10, 10), (10, 9), (10, 8), (10, 7), (10, 6), (10, 5), (10, 4), (10, 3), (10, 2), (11, 2), (12, 2), (13, 2), (14, 2), (14, 3), (14, 4), (14, 5), (15, 5), (16, 5), (17, 5), (18, 5), (19, 5), (19, 6), (20, 6), (21, 6), (22, 6), (22, 7), (22, 8), (22, 8)], 3: [(7, 26), (8, 26), (9, 26), (10, 26), (11, 26), (11, 27), (11, 28), (11, 29), (11, 30), (11, 31), (11, 31)], 4: [(0, 7), (1, 7), (1, 6), (1, 5), (1, 4), (1, 3), (1, 2), (1, 1), (2, 1), (3, 1), (3, 0), (4, 0), (5, 0), (6, 0), (6, 1), (6, 2), (6, 3), (7, 3), (7, 4), (7, 5), (7, 6), (7, 7), (7, 8), (7, 9), (7, 10), (8, 10), (9, 10), (10, 10), (11, 10), (12, 10), (12, 11), (12, 12), (12, 13), (13, 13), (14, 13), (15, 13), (16, 13), (16, 14), (16, 15), (16, 16), (16, 17), (17, 17), (18, 17), (19, 17), (20, 17), (21, 17), (21, 18), (21, 19), (21, 20), (21, 21), (21, 22), (21, 23), (21, 22), (21, 21), (21, 20), (21, 19), (21, 18), (22, 18), (23, 18), (24, 18), (25, 18), (26, 18), (27, 18), (28, 18), (29, 18), (29, 19), (29, 20), (29, 21), (29, 21)]}, 67)