{'starts': [14155, 7494, 4092, 10452, 6063], 'targets': [12281, 8327, 14397, 12226, 10760, 6222, 1700, 10273, 11471, 6529], 'dests': [13384, 11642, 21301, 7167, 12209], 'clusters': array([0, 2, 2, 0, 0, 1, 2, 2, 0, 1]), 'grids': array([[1., 1., 1., ..., 1., 1., 1.],
       [1., 1., 1., ..., 1., 1., 1.],
       [1., 1., 1., ..., 1., 1., 1.],
       ...,
       [1., 1., 1., ..., 1., 1., 1.],
       [1., 1., 1., ..., 1., 1., 1.],
       [1., 1., 1., ..., 1., 1., 1.]]), 'ac_dict': {12281: {0, 1}, 8327: {1, 2}, 14397: {2, 3}, 12226: {3, 4}, 13384: {0}, 11642: {1}, 21301: {2}, 7167: {3}, 12209: {4}}, 'eps': 0.0, 'spMat': array([[  0., 144., 153.,  46., 114.,  82.,  56., 105.,  29.,  44., 116.,
        152.,  46.,  87., 131.,  44.,  95., 118., 145.,  32.],
       [144.,   0.,  37.,  98.,  36., 130., 106., 153., 117., 148.,  32.,
         74., 150., 125.,  13., 106., 135., 148.,   5., 146.],
       [153.,  37.,   0., 107.,  39., 139., 115., 162., 126., 157.,  37.,
         53., 159., 134.,  24., 115., 144., 185.,  38., 155.],
       [ 46.,  98., 107.,   0.,  68.,  58.,  32.,  81.,  19.,  68.,  70.,
        106.,  70.,  53.,  85.,  34.,  63., 118.,  99.,  66.],
       [114.,  36.,  39.,  68.,   0., 100.,  76., 123.,  87., 118.,   4.,
         38., 120.,  95.,  23.,  76., 105., 160.,  37., 116.],
       [ 82., 130., 139.,  58., 100.,   0.,  90.,  25.,  55., 120., 102.,
        138., 122.,   5., 117.,  38.,  13., 128., 131., 108.],
       [ 56., 106., 115.,  32.,  76.,  90.,   0., 113.,  37.,  44.,  78.,
        114.,  46.,  85.,  93.,  66.,  95., 150., 107.,  42.],
       [105., 153., 162.,  81., 123.,  25., 113.,   0.,  78., 143., 125.,
        161., 145.,  30., 140.,  61.,  38., 151., 154., 131.],
       [ 29., 117., 126.,  19.,  87.,  55.,  37.,  78.,   0.,  67.,  89.,
        125.,  69.,  60., 104.,  31.,  68., 115., 118.,  55.],
       [ 44., 148., 157.,  68., 118., 120.,  44., 143.,  67.,   0., 120.,
        156.,   4., 121., 135.,  82., 131., 162., 149.,  18.],
       [116.,  32.,  37.,  70.,   4., 102.,  78., 125.,  89., 120.,   0.,
         42., 122.,  97.,  19.,  78., 107., 162.,  33., 118.],
       [152.,  74.,  53., 106.,  38., 138., 114., 161., 125., 156.,  42.,
          0., 158., 133.,  61., 114., 143., 198.,  75., 154.],
       [ 46., 150., 159.,  70., 120., 122.,  46., 145.,  69.,   4., 122.,
        158.,   0., 123., 137.,  84., 133., 164., 151.,  20.],
       [ 87., 125., 134.,  53.,  95.,   5.,  85.,  30.,  60., 121.,  97.,
        133., 123.,   0., 112.,  43.,  10., 133., 126., 113.],
       [131.,  13.,  24.,  85.,  23., 117.,  93., 140., 104., 135.,  19.,
         61., 137., 112.,   0.,  93., 122., 161.,  14., 133.],
       [ 44., 106., 115.,  34.,  76.,  38.,  66.,  61.,  31.,  82.,  78.,
        114.,  84.,  43.,  93.,   0.,  51.,  90., 107.,  70.],
       [ 95., 135., 144.,  63., 105.,  13.,  95.,  38.,  68., 131., 107.,
        143., 133.,  10., 122.,  51.,   0., 141., 136., 121.],
       [118., 148., 185., 118., 160., 128., 150., 151., 115., 162., 162.,
        198., 164., 133., 161.,  90., 141.,   0., 147., 150.],
       [145.,   5.,  38.,  99.,  37., 131., 107., 154., 118., 149.,  33.,
         75., 151., 126.,  14., 107., 136., 147.,   0., 147.],
       [ 32., 146., 155.,  66., 116., 108.,  42., 131.,  55.,  18., 118.,
        154.,  20., 113., 133.,  70., 121., 150., 147.,   0.]]), 'is_heuristic': True, 'total_time': 8.735393762588501, 'ntsp': 1.7399040160007644, 'cost': 607.0, 'agent_paths': {0: [(61, 87), (61, 86), (61, 85), (61, 84), (62, 84), (63, 84), (64, 84), (65, 84), (66, 84), (67, 84), (68, 84), (69, 84), (70, 84), (71, 84), (72, 84), (73, 84), (74, 84), (75, 84), (76, 84), (77, 84), (78, 84), (79, 84), (80, 84), (81, 84), (82, 84), (83, 84), (84, 84), (85, 84), (86, 84), (87, 84), (88, 84), (89, 84), (90, 84), (90, 83), (90, 82), (91, 82), (92, 82), (93, 82), (94, 82), (95, 82), (96, 82), (97, 82), (98, 82), (99, 82), (100, 82), (100, 82)], 1: [(42, 46), (43, 46), (44, 46), (45, 46), (46, 46), (46, 45), (46, 44), (46, 43), (46, 42), (46, 41), (46, 40), (47, 40), (48, 40), (49, 40), (50, 40), (51, 40), (52, 40), (53, 40), (54, 40), (55, 40), (56, 40), (57, 40), (58, 40), (59, 40), (60, 40), (61, 40), (62, 40), (63, 40), (64, 40), (65, 40), (66, 40), (67, 40), (68, 40), (69, 40), (70, 40), (71, 40), (72, 40), (73, 40), (74, 40), (75, 40), (76, 40), (77, 40), (78, 40), (79, 40), (80, 40), (81, 40), (82, 40), (83, 40), (84, 40), (84, 39), (85, 39), (86, 39), (87, 39), (88, 39), (89, 39), (90, 39), (91, 39), (92, 39), (93, 39), (94, 39), (95, 39), (96, 39), (97, 39), (98, 39), (99, 39), (100, 39), (100, 40), (100, 41), (100, 42), (100, 43), (100, 44), (100, 45), (100, 46), (100, 47), (100, 48), (100, 49), (101, 49), (101, 50), (101, 51), (101, 52), (101, 53), (101, 54), (101, 55), (101, 56), (101, 57), (101, 58), (101, 59), (101, 60), (102, 60), (103, 60), (104, 60), (105, 60), (106, 60), (107, 60), (107, 61), (107, 62), (108, 62), (108, 63), (109, 63), (109, 64), (110, 64), (111, 64), (112, 64), (113, 64), (114, 64), (115, 64), (116, 64), (117, 64), (118, 64), (119, 64), (120, 64), (121, 64), (122, 64), (123, 64), (124, 64), (125, 64), (126, 64), (127, 64), (128, 64), (129, 64), (130, 64), (131, 64), (131, 65), (131, 66), (131, 67), (131, 68), (131, 69), (131, 70), (132, 70), (133, 70), (134, 70), (135, 70), (136, 70), (137, 70), (138, 70), (139, 70), (140, 70), (140, 71), (140, 71)], 2: [(42, 25), (43, 25), (44, 25), (45, 25), (46, 25), (47, 25), (48, 25), (49, 25), (49, 26), (49, 27), (49, 28), (49, 29), (49, 30), (49, 31), (49, 32), (50, 32), (50, 33), (50, 34), (50, 35), (50, 36), (49, 36), (49, 37), (49, 38), (49, 39), (49, 40), (48, 40), (47, 40), (46, 40), (46, 41), (46, 42), (46, 43), (46, 44), (46, 45), (46, 46), (46, 47), (46, 48), (46, 49), (46, 50), (46, 51), (46, 52), (46, 53), (46, 54), (46, 55), (45, 55), (44, 55), (43, 55), (42, 55), (41, 55), (40, 55), (39, 55), (38, 55), (37, 55), (36, 55), (35, 55), (34, 55), (33, 55), (32, 55), (31, 55), (30, 55), (29, 55), (29, 56), (29, 57), (29, 58), (29, 59), (29, 60), (29, 61), (29, 62), (29, 63), (29, 64), (29, 65), (29, 66), (29, 67), (29, 68), (29, 69), (29, 70), (29, 71), (29, 72), (29, 73), (29, 74), (29, 75), (29, 76), (29, 77), (29, 78), (29, 79), (29, 80), (29, 81), (29, 82), (29, 83), (29, 84), (30, 84), (31, 84), (32, 84), (33, 84), (34, 84), (35, 84), (36, 84), (37, 84), (38, 84), (39, 84), (40, 84), (41, 84), (42, 84), (43, 84), (44, 84), (45, 84), (46, 84), (46, 85), (46, 86), (46, 87), (46, 88), (46, 89), (46, 90), (46, 91), (46, 92), (46, 93), (46, 94), (46, 95), (46, 96), (46, 97), (46, 98), (46, 99), (47, 99), (48, 99), (49, 99), (50, 99), (51, 99), (52, 99), (53, 99), (54, 99), (55, 99), (56, 99), (57, 99), (58, 99), (59, 99), (60, 99), (61, 99), (62, 99), (63, 99), (64, 99), (65, 99), (66, 99), (67, 99), (68, 99), (69, 99), (69, 100), (69, 101), (69, 102), (69, 103), (69, 104), (69, 105), (69, 106), (69, 107), (69, 108), (70, 108), (71, 108), (72, 108), (73, 108), (74, 108), (75, 108), (76, 108), (77, 108), (78, 108), (79, 108), (79, 109), (79, 110), (79, 111), (79, 112), (79, 113), (79, 114), (79, 115), (79, 116), (79, 117), (79, 118), (79, 119), (79, 120), (79, 121), (79, 122), (79, 123), (79, 124), (79, 125), (79, 126), (79, 127), (79, 128), (79, 129), (79, 130), (79, 131), (79, 131)], 3: [(84, 64), (84, 63), (84, 62), (84, 61), (84, 60), (84, 59), (84, 58), (84, 57), (84, 56), (84, 55), (84, 54), (84, 53), (84, 52), (85, 52), (86, 52), (87, 52), (88, 52), (89, 52), (90, 52), (91, 52), (92, 52), (93, 52), (94, 52), (95, 52), (96, 52), (97, 52), (97, 51), (97, 50), (97, 49), (97, 48), (97, 47), (97, 46), (97, 45), (97, 44), (98, 44), (98, 43), (97, 43), (97, 42), (97, 41), (97, 40), (96, 40), (95, 40), (94, 40), (93, 40), (92, 40), (91, 40), (90, 40), (89, 40), (88, 40), (87, 40), (86, 40), (85, 40), (84, 40), (83, 40), (82, 40), (81, 40), (80, 40), (79, 40), (78, 40), (77, 40), (76, 40), (75, 40), (74, 40), (73, 40), (72, 40), (71, 40), (70, 40), (69, 40), (68, 40), (67, 40), (66, 40), (65, 40), (64, 40), (63, 40), (62, 40), (61, 40), (60, 40), (59, 40), (58, 40), (57, 40), (56, 40), (55, 40), (54, 40), (53, 40), (52, 40), (51, 40), (50, 40), (49, 40), (48, 40), (47, 40), (46, 40), (45, 40), (44, 40), (43, 40), (42, 40), (41, 40), (40, 40), (39, 40), (39, 41), (39, 42), (39, 43), (39, 44), (39, 44)], 4: [(69, 37), (69, 38), (69, 39), (69, 40), (70, 40), (71, 40), (72, 40), (73, 40), (74, 40), (75, 40), (76, 40), (77, 40), (78, 40), (79, 40), (80, 40), (81, 40), (82, 40), (83, 40), (84, 40), (85, 40), (86, 40), (87, 40), (88, 40), (89, 40), (90, 40), (91, 40), (92, 40), (93, 40), (94, 40), (95, 40), (96, 40), (97, 40), (97, 41), (97, 42), (97, 43), (97, 44), (97, 45), (97, 46), (97, 47), (97, 48), (97, 49), (97, 50), (97, 51), (97, 52), (96, 52), (95, 52), (94, 52), (93, 52), (92, 52), (91, 52), (90, 52), (89, 52), (88, 52), (87, 52), (86, 52), (85, 52), (84, 52), (83, 52), (82, 52), (81, 52), (80, 52), (79, 52), (78, 52), (77, 52), (76, 52), (75, 52), (74, 52), (73, 52), (72, 52), (71, 52), (70, 52), (69, 52), (68, 52), (67, 52), (67, 53), (67, 54), (67, 55), (66, 55), (65, 55), (64, 55), (63, 55), (62, 55), (61, 55), (60, 55), (59, 55), (58, 55), (57, 55), (56, 55), (55, 55), (54, 55), (53, 55), (53, 56), (53, 57), (53, 58), (53, 59), (53, 60), (53, 61), (53, 62), (53, 63), (53, 64), (54, 64), (54, 65), (54, 66), (54, 67), (55, 67), (56, 67), (57, 67), (57, 66), (57, 65), (57, 64), (57, 63), (58, 63), (59, 63), (60, 63), (61, 63), (62, 63), (63, 63), (64, 63), (65, 63), (66, 63), (67, 63), (66, 63), (65, 63), (64, 63), (63, 63), (62, 63), (61, 63), (60, 63), (59, 63), (59, 64), (59, 65), (59, 66), (59, 67), (59, 68), (59, 69), (59, 70), (59, 71), (59, 72), (59, 73), (59, 74), (59, 75), (59, 75)]}, 'target_assignment': {13384: {0}, 10273: {4}, 12209: {4}, 7167: {3}, 11471: {1}, 11642: {1}, 6529: {2}, 21301: {2}}, 'cluster_target_selection': {2: 10273, 0: 11471, 1: 6529}, 'num_nodes': 17, 'max_step': 185, 'Astar_time': 3.9001779556274414}