{'starts': [7708, 7536, 16282, 10756, 10200, 8126, 10151, 17895, 11949, 6840], 'targets': [11721, 19178, 12295, 8188, 9287, 20802, 4243, 10737, 3161, 8479], 'dests': [13823, 15322, 4910, 8387, 5859, 9586, 9857, 10880, 11366, 3620], 'clusters': array([0, 2, 1, 2, 1, 1, 2, 1, 0, 0]), 'grids': array([[1., 1., 1., ..., 1., 1., 1.],
       [1., 1., 1., ..., 1., 1., 1.],
       [1., 1., 1., ..., 1., 1., 1.],
       ...,
       [1., 1., 1., ..., 1., 1., 1.],
       [1., 1., 1., ..., 1., 1., 1.],
       [1., 1., 1., ..., 1., 1., 1.]]), 'ac_dict': {11721: {0, 1}, 19178: {1, 2}, 12295: {2, 3}, 8188: {3, 4}, 9287: {4, 5}, 20802: {5, 6}, 4243: {6, 7}, 10737: {8, 7}, 3161: {8, 9}, 13823: {0}, 15322: {1}, 4910: {2}, 8387: {3}, 5859: {4}, 9586: {5}, 9857: {6}, 10880: {7}, 11366: {8}, 3620: {9}}, 'eps': 0.0, 'spMat': array([[  0.,  11.,  71.,  73.,  81., 101.,  28., 100.,  55.,  83.,  70.,
        109.,  79.,   9.,  51., 115., 100.,  70.,  83.,  44.,  79.,  47.,
         77.,  61.,  94., 108.,  64., 118., 121.,  79.],
       [ 11.,   0.,  82.,  64.,  92., 112.,  39., 111.,  66.,  94.,  61.,
        120.,  90.,   8.,  42., 126., 111.,  61.,  94.,  35.,  70.,  58.,
         88.,  72., 105., 119.,  75., 129., 132.,  90.],
       [ 71.,  82.,   0., 104., 112., 106.,  63.,  29.,  68., 118.,  91.,
         38.,  88.,  74., 102.,  44., 155., 101., 138., 105.,  74.,  38.,
        132.,  92., 119.,  95.,  95.,  89.,  86., 134.],
       [ 73.,  64., 104.,   0., 138., 164.,  85., 133., 110., 146.,  13.,
        142., 130.,  64.,  22., 148., 163.,  21., 146.,  29.,  30.,  80.,
        140., 118., 157., 171., 121., 181., 184., 142.],
       [ 81.,  92., 112., 138.,   0., 166.,  53., 141.,  44., 148., 135.,
        150.,  24.,  84., 116., 156., 165., 135., 148., 115., 126.,  94.,
        142.,  46., 159., 173.,  25., 183., 186., 144.],
       [101., 112., 106., 164., 166.,   0., 113., 109., 140.,  18., 161.,
        104., 164., 104., 142., 118.,  67., 161.,  88., 135., 170., 138.,
         44., 146.,  15.,  11., 149.,  17.,  20.,  58.],
       [ 28.,  39.,  63.,  85.,  53., 113.,   0.,  92.,  27.,  95.,  82.,
        101.,  51.,  31.,  63., 107., 112.,  82.,  95.,  62.,  77.,  45.,
         89.,  33., 106., 120.,  36., 130., 133.,  91.],
       [100., 111.,  29., 133., 141., 109.,  92.,   0.,  97., 121., 120.,
         21., 117., 103., 131.,  27., 170., 130., 167., 134., 103.,  67.,
        147., 121., 122.,  98., 124.,  92.,  89., 161.],
       [ 55.,  66.,  68., 110.,  44., 140.,  27.,  97.,   0., 122.,  97.,
        106.,  24.,  58.,  90., 112., 139., 107., 122.,  89.,  82.,  50.,
        116.,  24., 133., 147.,  27., 155., 152., 118.],
       [ 83.,  94., 118., 146., 148.,  18.,  95., 121., 122.,   0., 143.,
        116., 146.,  86., 124., 130.,  49., 143.,  70., 117., 152., 120.,
         26., 128.,  15.,  25., 131.,  35.,  38.,  40.],
       [ 70.,  61.,  91.,  13., 135., 161.,  82., 120.,  97., 143.,   0.,
        129., 117.,  61.,  19., 135., 160.,  18., 143.,  26.,  17.,  67.,
        137., 115., 154., 168., 118., 178., 175., 139.],
       [109., 120.,  38., 142., 150., 104., 101.,  21., 106., 116., 129.,
          0., 126., 112., 140.,  14., 165., 139., 176., 143., 112.,  76.,
        142., 130., 117.,  93., 133.,  87.,  84., 156.],
       [ 79.,  90.,  88., 130.,  24., 164.,  51., 117.,  24., 146., 117.,
        126.,   0.,  82., 114., 132., 163., 127., 146., 113., 102.,  70.,
        140.,  44., 157., 171.,  23., 175., 172., 142.],
       [  9.,   8.,  74.,  64.,  84., 104.,  31., 103.,  58.,  86.,  61.,
        112.,  82.,   0.,  42., 118., 103.,  61.,  86.,  35.,  70.,  50.,
         80.,  64.,  97., 111.,  67., 121., 124.,  82.],
       [ 51.,  42., 102.,  22., 116., 142.,  63., 131.,  90., 124.,  19.,
        140., 114.,  42.,   0., 146., 141.,  19., 124.,   7.,  28.,  78.,
        118.,  96., 135., 149.,  99., 159., 162., 120.],
       [115., 126.,  44., 148., 156., 118., 107.,  27., 112., 130., 135.,
         14., 132., 118., 146.,   0., 179., 145., 182., 149., 118.,  82.,
        156., 136., 131., 107., 139., 101.,  98., 170.],
       [100., 111., 155., 163., 165.,  67., 112., 170., 139.,  49., 160.,
        165., 163., 103., 141., 179.,   0., 160.,  65., 134., 169., 137.,
         23., 145.,  52.,  74., 148.,  84.,  87.,  35.],
       [ 70.,  61., 101.,  21., 135., 161.,  82., 130., 107., 143.,  18.,
        139., 127.,  61.,  19., 145., 160.,   0., 143.,  26.,  27.,  77.,
        137., 115., 154., 168., 118., 178., 181., 139.],
       [ 83.,  94., 138., 146., 148.,  88.,  95., 167., 122.,  70., 143.,
        176., 146.,  86., 124., 182.,  65., 143.,   0., 117., 152., 120.,
         44., 128.,  73.,  95., 131., 105., 108.,  30.],
       [ 44.,  35., 105.,  29., 115., 135.,  62., 134.,  89., 117.,  26.,
        143., 113.,  35.,   7., 149., 134.,  26., 117.,   0.,  35.,  81.,
        111.,  95., 128., 142.,  98., 152., 155., 113.],
       [ 79.,  70.,  74.,  30., 126., 170.,  77., 103.,  82., 152.,  17.,
        112., 102.,  70.,  28., 118., 169.,  27., 152.,  35.,   0.,  50.,
        146., 106., 163., 167., 109., 161., 158., 148.],
       [ 47.,  58.,  38.,  80.,  94., 138.,  45.,  67.,  50., 120.,  67.,
         76.,  70.,  50.,  78.,  82., 137.,  77., 120.,  81.,  50.,   0.,
        114.,  74., 131., 131.,  77., 125., 122., 116.],
       [ 77.,  88., 132., 140., 142.,  44.,  89., 147., 116.,  26., 137.,
        142., 140.,  80., 118., 156.,  23., 137.,  44., 111., 146., 114.,
          0., 122.,  29.,  51., 125.,  61.,  64.,  14.],
       [ 61.,  72.,  92., 118.,  46., 146.,  33., 121.,  24., 128., 115.,
        130.,  44.,  64.,  96., 136., 145., 115., 128.,  95., 106.,  74.,
        122.,   0., 139., 153.,  21., 163., 166., 124.],
       [ 94., 105., 119., 157., 159.,  15., 106., 122., 133.,  15., 154.,
        117., 157.,  97., 135., 131.,  52., 154.,  73., 128., 163., 131.,
         29., 139.,   0.,  24., 142.,  32.,  35.,  43.],
       [108., 119.,  95., 171., 173.,  11., 120.,  98., 147.,  25., 168.,
         93., 171., 111., 149., 107.,  74., 168.,  95., 142., 167., 131.,
         51., 153.,  24.,   0., 156.,  10.,  13.,  65.],
       [ 64.,  75.,  95., 121.,  25., 149.,  36., 124.,  27., 131., 118.,
        133.,  23.,  67.,  99., 139., 148., 118., 131.,  98., 109.,  77.,
        125.,  21., 142., 156.,   0., 166., 169., 127.],
       [118., 129.,  89., 181., 183.,  17., 130.,  92., 155.,  35., 178.,
         87., 175., 121., 159., 101.,  84., 178., 105., 152., 161., 125.,
         61., 163.,  32.,  10., 166.,   0.,   3.,  75.],
       [121., 132.,  86., 184., 186.,  20., 133.,  89., 152.,  38., 175.,
         84., 172., 124., 162.,  98.,  87., 181., 108., 155., 158., 122.,
         64., 166.,  35.,  13., 169.,   3.,   0.,  78.],
       [ 79.,  90., 134., 142., 144.,  58.,  91., 161., 118.,  40., 139.,
        156., 142.,  82., 120., 170.,  35., 139.,  30., 113., 148., 116.,
         14., 124.,  43.,  65., 127.,  75.,  78.,   0.]]), 'is_heuristic': False, 'total_time': 0.6888055801391602, 'ntsp': 0.19208011099999567, 'cost': 949.0, 'agent_paths': {0: [(94, 47), (93, 47), (92, 47), (91, 47), (90, 47), (89, 47), (88, 47), (87, 47), (86, 47), (85, 47), (84, 47), (83, 47), (82, 47), (81, 47), (80, 47), (79, 47), (78, 47), (77, 47), (76, 47), (75, 47), (74, 47), (73, 47), (72, 47), (71, 47), (70, 47), (69, 47), (68, 47), (67, 47), (66, 47), (65, 47), (64, 47), (63, 47), (62, 47), (61, 47), (60, 47), (59, 47), (58, 47), (57, 47), (56, 47), (55, 47), (55, 48), (55, 49), (55, 50), (55, 51), (55, 52), (54, 52), (53, 52), (53, 53), (53, 54), (53, 55), (53, 56), (53, 57), (53, 58), (53, 59), (53, 60), (53, 61), (53, 62), (53, 63), (53, 64), (53, 65), (53, 66), (53, 67), (53, 68), (53, 69), (53, 70), (53, 71), (53, 72), (53, 73), (53, 74), (53, 75), (53, 76), (53, 77), (53, 78), (53, 79), (53, 80), (53, 81), (53, 82), (53, 83), (53, 84), (53, 85), (53, 85)], 1: [(84, 46), (85, 46), (86, 46), (87, 46), (88, 46), (89, 46), (90, 46), (91, 46), (92, 46), (93, 46), (94, 46), (94, 47), (94, 48), (94, 49), (94, 50), (94, 51), (94, 52), (94, 53), (94, 54), (94, 55), (94, 56), (94, 57), (94, 58), (94, 59), (94, 60), (94, 61), (94, 62), (94, 63), (94, 64), (94, 65), (94, 66), (94, 67), (94, 68), (94, 69), (94, 70), (94, 71), (94, 72), (94, 73), (94, 74), (94, 75), (94, 76), (94, 77), (94, 78), (94, 79), (94, 80), (94, 81), (94, 82), (94, 83), (94, 84), (94, 85), (94, 86), (94, 87), (94, 88), (94, 89), (94, 90), (94, 91), (94, 92), (94, 93), (94, 94), (94, 94)], 2: [(82, 100), (82, 99), (83, 99), (84, 99), (85, 99), (86, 99), (87, 99), (88, 99), (89, 99), (90, 99), (91, 99), (92, 99), (93, 99), (94, 99), (95, 99), (96, 99), (97, 99), (97, 98), (97, 97), (97, 96), (97, 95), (97, 94), (97, 93), (97, 92), (97, 91), (97, 90), (97, 89), (97, 88), (97, 87), (97, 86), (97, 85), (97, 84), (97, 83), (97, 82), (97, 81), (97, 80), (97, 79), (97, 78), (97, 77), (97, 76), (97, 75), (97, 74), (97, 73), (97, 72), (97, 71), (97, 70), (97, 69), (97, 68), (97, 67), (97, 66), (97, 65), (97, 64), (97, 63), (97, 62), (97, 61), (97, 60), (97, 59), (97, 58), (97, 57), (97, 56), (97, 55), (97, 54), (97, 53), (97, 52), (97, 51), (97, 50), (97, 49), (97, 48), (97, 47), (97, 46), (97, 45), (97, 44), (97, 43), (97, 42), (97, 41), (97, 40), (96, 40), (95, 40), (94, 40), (93, 40), (92, 40), (91, 40), (90, 40), (89, 40), (88, 40), (87, 40), (86, 40), (85, 40), (84, 40), (83, 40), (82, 40), (81, 40), (80, 40), (79, 40), (78, 40), (77, 40), (76, 40), (75, 40), (74, 40), (73, 40), (72, 40), (71, 40), (70, 40), (69, 40), (68, 40), (67, 40), (66, 40), (65, 40), (64, 40), (63, 40), (62, 40), (61, 40), (60, 40), (59, 40), (58, 40), (57, 40), (56, 40), (55, 40), (54, 40), (53, 40), (52, 40), (51, 40), (50, 40), (50, 39), (50, 38), (50, 37), (50, 36), (50, 35), (50, 34), (50, 33), (50, 32), (50, 31), (50, 30), (50, 30)], 3: [(64, 66), (63, 66), (62, 66), (61, 66), (60, 66), (59, 66), (58, 66), (57, 66), (57, 67), (56, 67), (55, 67), (54, 67), (54, 66), (54, 65), (54, 64), (53, 64), (53, 63), (53, 62), (53, 61), (53, 60), (53, 59), (53, 58), (53, 57), (53, 56), (53, 55), (53, 54), (53, 53), (53, 52), (53, 51), (53, 50), (54, 50), (55, 50), (56, 50), (57, 50), (58, 50), (59, 50), (60, 50), (61, 50), (62, 50), (63, 50), (64, 50), (65, 50), (66, 50), (67, 50), (68, 50), (69, 50), (70, 50), (71, 50), (72, 50), (73, 50), (74, 50), (75, 50), (76, 50), (77, 50), (78, 50), (79, 50), (80, 50), (81, 50), (82, 50), (83, 50), (84, 50), (85, 50), (86, 50), (87, 50), (88, 50), (89, 50), (90, 50), (91, 50), (92, 50), (93, 50), (94, 50), (94, 51), (94, 52), (95, 52), (96, 52), (97, 52), (98, 52), (99, 52), (100, 52), (101, 52), (101, 53), (101, 54), (101, 55), (101, 56), (101, 57), (101, 58), (101, 59), (101, 60), (102, 60), (103, 60), (104, 60), (105, 60), (106, 60), (107, 60), (107, 61), (107, 62), (108, 62), (108, 63), (109, 63), (109, 64), (110, 64), (111, 64), (112, 64), (113, 64), (114, 64), (115, 64), (116, 64), (117, 64), (118, 64), (119, 64), (120, 64), (121, 64), (122, 64), (123, 64), (124, 64), (125, 64), (126, 64), (127, 64), (128, 64), (129, 64), (130, 64), (131, 64), (132, 64), (133, 64), (134, 64), (135, 64), (136, 64), (137, 64), (138, 64), (139, 64), (140, 64), (141, 64), (142, 64), (143, 64), (144, 64), (145, 64), (145, 65), (145, 66), (145, 67), (145, 68), (145, 69), (145, 70), (145, 71), (145, 72), (145, 73), (145, 74), (145, 75), (144, 75), (143, 75), (142, 75), (141, 75), (140, 75), (139, 75), (138, 75), (137, 75), (136, 75), (135, 75), (134, 75), (133, 75), (132, 75), (131, 75), (130, 75), (129, 75), (128, 75), (127, 75), (126, 75), (125, 75), (125, 74), (125, 73), (125, 72), (125, 71), (125, 70), (125, 69), (125, 68), (125, 67), (125, 66), (125, 65), (125, 64), (125, 63), (125, 62), (125, 61), (125, 60), (125, 59), (125, 58), (125, 57), (125, 56), (125, 55), (125, 54), (125, 53), (125, 52), (125, 51), (125, 51)], 4: [(156, 62), (155, 62), (154, 62), (153, 62), (152, 62), (151, 62), (150, 62), (149, 62), (148, 62), (148, 63), (147, 63), (146, 63), (145, 63), (145, 64), (144, 64), (143, 64), (142, 64), (141, 64), (140, 64), (139, 64), (138, 64), (137, 64), (136, 64), (135, 64), (134, 64), (133, 64), (132, 64), (131, 64), (130, 64), (129, 64), (128, 64), (127, 64), (126, 64), (125, 64), (124, 64), (123, 64), (122, 64), (121, 64), (120, 64), (119, 64), (118, 64), (117, 64), (116, 64), (115, 64), (114, 64), (113, 64), (112, 64), (111, 64), (110, 64), (109, 64), (108, 64), (107, 64), (106, 64), (105, 64), (104, 64), (103, 64), (102, 64), (101, 64), (100, 64), (99, 64), (98, 64), (97, 64), (97, 63), (97, 62), (97, 61), (97, 60), (97, 59), (97, 58), (97, 57), (97, 56), (97, 55), (97, 54), (97, 53), (97, 52), (97, 51), (97, 50), (97, 49), (97, 48), (97, 47), (97, 46), (97, 45), (97, 44), (97, 43), (97, 42), (97, 41), (97, 40), (96, 40), (95, 40), (94, 40), (93, 40), (92, 40), (91, 40), (90, 40), (89, 40), (88, 40), (87, 40), (86, 40), (85, 40), (84, 40), (83, 40), (82, 40), (81, 40), (80, 40), (79, 40), (78, 40), (77, 40), (76, 40), (75, 40), (74, 40), (73, 40), (72, 40), (71, 40), (70, 40), (69, 40), (68, 40), (67, 40), (66, 40), (65, 40), (64, 40), (63, 40), (62, 40), (61, 40), (60, 40), (59, 40), (58, 40), (57, 40), (56, 40), (55, 40), (54, 40), (53, 40), (52, 40), (51, 40), (50, 40), (49, 40), (48, 40), (47, 40), (46, 40), (45, 40), (44, 40), (43, 40), (42, 40), (41, 40), (40, 40), (39, 40), (38, 40), (37, 40), (36, 40), (35, 40), (34, 40), (33, 40), (32, 40), (31, 40), (30, 40), (29, 40), (28, 40), (27, 40), (27, 39), (27, 38), (27, 37), (27, 36), (27, 36)], 5: [(26, 50), (27, 50), (28, 50), (28, 51), (28, 52), (28, 53), (28, 54), (28, 55), (28, 56), (28, 57), (28, 58), (28, 59), (28, 59)], 6: [(107, 62), (108, 62), (108, 63), (109, 63), (109, 64), (110, 64), (111, 64), (112, 64), (112, 63), (113, 63), (114, 63), (115, 63), (115, 62), (116, 62), (116, 61), (116, 60), (117, 60), (118, 60), (119, 60), (120, 60), (121, 60), (122, 60), (123, 60), (124, 60), (125, 60), (126, 60), (127, 60), (128, 60), (129, 60), (130, 60), (131, 60), (132, 60), (133, 60), (134, 60), (135, 60), (136, 60), (137, 60), (137, 60)], 7: [(75, 110), (74, 110), (73, 110), (72, 110), (71, 110), (70, 110), (69, 110), (68, 110), (67, 110), (66, 110), (65, 110), (64, 110), (63, 110), (62, 110), (61, 110), (60, 110), (59, 110), (58, 110), (57, 110), (56, 110), (55, 110), (54, 110), (53, 110), (52, 110), (51, 110), (50, 110), (50, 109), (50, 108), (50, 107), (50, 106), (50, 105), (50, 104), (49, 104), (48, 104), (48, 103), (47, 103), (46, 103), (45, 103), (44, 103), (43, 103), (42, 103), (41, 103), (40, 103), (39, 103), (38, 103), (37, 103), (36, 103), (35, 103), (34, 103), (33, 103), (32, 103), (31, 103), (30, 103), (29, 103), (28, 103), (27, 103), (26, 103), (26, 102), (26, 101), (26, 100), (26, 99), (26, 98), (26, 97), (26, 96), (26, 95), (26, 94), (26, 93), (26, 92), (26, 91), (26, 90), (26, 89), (26, 88), (26, 87), (26, 86), (26, 85), (26, 84), (26, 83), (26, 82), (26, 81), (26, 80), (26, 79), (26, 78), (26, 77), (26, 76), (26, 75), (26, 74), (26, 73), (26, 72), (26, 71), (26, 70), (26, 69), (26, 68), (26, 67), (26, 67)], 8: [(123, 73), (122, 73), (121, 73), (120, 73), (119, 73), (118, 73), (117, 73), (116, 73), (115, 73), (114, 73), (113, 73), (112, 73), (111, 73), (110, 73), (109, 73), (108, 73), (107, 73), (106, 73), (105, 73), (104, 73), (103, 73), (102, 73), (101, 73), (100, 73), (99, 73), (98, 73), (98, 74), (98, 75), (98, 76), (98, 77), (98, 78), (98, 79), (98, 80), (98, 81), (98, 82), (97, 82), (97, 83), (97, 84), (97, 85), (97, 86), (97, 87), (97, 88), (97, 89), (97, 90), (97, 91), (97, 92), (97, 93), (97, 94), (97, 95), (97, 96), (97, 97), (97, 98), (97, 99), (96, 99), (95, 99), (94, 99), (93, 99), (92, 99), (91, 99), (90, 99), (89, 99), (88, 99), (87, 99), (86, 99), (85, 99), (84, 99), (83, 99), (82, 99), (81, 99), (80, 99), (79, 99), (78, 99), (77, 99), (76, 99), (75, 99), (74, 99), (73, 99), (72, 99), (71, 99), (70, 99), (69, 99), (68, 99), (67, 99), (66, 99), (65, 99), (64, 99), (63, 99), (62, 99), (61, 99), (60, 99), (59, 99), (58, 99), (57, 99), (56, 99), (55, 99), (54, 99), (53, 99), (52, 99), (51, 99), (50, 99), (49, 99), (48, 99), (47, 99), (46, 99), (45, 99), (44, 99), (43, 99), (42, 99), (41, 99), (40, 99), (39, 99), (38, 99), (37, 99), (36, 99), (35, 99), (34, 99), (33, 99), (32, 99), (31, 99), (30, 99), (29, 99), (28, 99), (27, 99), (26, 99), (26, 98), (26, 97), (26, 96), (26, 95), (26, 94), (26, 93), (26, 92), (26, 91), (26, 90), (26, 89), (26, 88), (26, 87), (26, 86), (26, 85), (26, 84), (26, 83), (26, 82), (26, 81), (26, 80), (26, 79), (26, 78), (26, 77), (26, 76), (26, 75), (26, 74), (26, 73), (26, 72), (26, 71), (26, 70), (26, 70)], 9: [(36, 42), (36, 41), (36, 40), (36, 39), (36, 38), (36, 37), (36, 36), (37, 36), (38, 36), (39, 36), (40, 36), (41, 36), (42, 36), (43, 36), (44, 36), (45, 36), (46, 36), (47, 36), (48, 36), (49, 36), (50, 36), (50, 35), (50, 34), (50, 33), (50, 32), (50, 31), (50, 30), (50, 29), (50, 28), (50, 27), (50, 26), (50, 25), (50, 24), (50, 23), (50, 22), (51, 22), (52, 22), (53, 22), (54, 22), (55, 22), (56, 22), (56, 22)]}, 'target_assignment': {8479: {0}, 13823: {0}, 9857: {6}, 4910: {2}, 5859: {4}, 15322: {1}, 11366: {8}, 3620: {9}, 9586: {5}, 8188: {3}, 12295: {3}, 8387: {3}, 10880: {7}}, 'cluster_target_selection': {0: 8479, 2: 8188, 1: 12295}, 'num_nodes': 28, 'max_step': 190, 'Astar_time': 7.539544105529785}