{'starts': [4610, 4411, 10520, 10360, 19490], 'targets': [11042, 20154, 5879, 4476, 11284, 10806, 16261, 18180, 19189, 11330, 11605, 11208, 19215, 12730, 14645], 'dests': [12863, 11474, 9999, 10475, 18185], 'clusters': array([8, 2, 7, 6, 9, 4, 9, 4, 9, 3, 0, 5, 9, 6, 1]), 'grids': array([[1., 1., 1., ..., 1., 1., 1.],
       [1., 1., 1., ..., 1., 1., 1.],
       [1., 1., 1., ..., 1., 1., 1.],
       ...,
       [1., 1., 1., ..., 1., 1., 1.],
       [1., 1., 1., ..., 1., 1., 1.],
       [1., 1., 1., ..., 1., 1., 1.]]), 'ac_dict': {11042: {0, 1}, 20154: {1, 2}, 5879: {2, 3}, 4476: {3, 4}, 12863: {0}, 11474: {1}, 9999: {2}, 10475: {3}, 18185: {4}}, 'eps': 0.0, 'spMat': array([[  0.,  40., 124., 127., 158.,  88., 160.,  35.,  29.,  83.,  88.,
        141., 164., 155., 129.,  82.,  87., 181.,  86., 127., 140., 112.,
         92.,  79., 159.],
       [ 40.,   0., 152., 155., 148.,  78., 168.,  25.,  69., 111., 116.,
        139., 154., 169., 157., 110.,  77., 195., 114., 155., 168., 140.,
        120., 107., 149.],
       [124., 152.,   0.,   3., 158., 178., 146., 133., 153.,  51.,  40.,
        127., 164., 141.,   5.,  56., 177., 167.,  72., 113., 144.,  24.,
         38.,  45., 159.],
       [127., 155.,   3.,   0., 161., 181., 149., 136., 156.,  54.,  43.,
        130., 167., 144.,   8.,  59., 180., 170.,  75., 116., 147.,  27.,
         41.,  48., 162.],
       [158., 148., 158., 161.,   0.,  76.,  22., 123., 187., 107., 118.,
         31.,  26.,  25., 153., 102.,  73.,  51.,  92., 115., 158., 134.,
        126., 113.,  17.],
       [ 88.,  78., 178., 181.,  76.,   0.,  96.,  53., 117., 137., 142.,
         67.,  82.,  97., 183., 136.,   5., 123., 126., 149., 192., 166.,
        146., 133.,  77.],
       [160., 168., 146., 149.,  22.,  96.,   0., 143., 189.,  95., 106.,
         29.,  46.,  13., 141.,  90.,  93.,  39.,  80., 103., 146., 122.,
        114., 101.,  37.],
       [ 35.,  25., 133., 136., 123.,  53., 143.,   0.,  64.,  92.,  97.,
        114., 129., 144., 138.,  91.,  52., 170.,  95., 136., 149., 121.,
        101.,  88., 124.],
       [ 29.,  69., 153., 156., 187., 117., 189.,  64.,   0., 112., 117.,
        170., 193., 184., 158., 111., 116., 210., 115., 156., 169., 141.,
        121., 108., 188.],
       [ 83., 111.,  51.,  54., 107., 137.,  95.,  92., 112.,   0.,  11.,
         76., 113.,  90.,  46.,   5., 136., 116.,  21.,  62.,  99.,  29.,
         19.,   6., 108.],
       [ 88., 116.,  40.,  43., 118., 142., 106.,  97., 117.,  11.,   0.,
         87., 124., 101.,  41.,  16., 141., 127.,  32.,  73., 108.,  24.,
          8.,   9., 119.],
       [141., 139., 127., 130.,  31.,  67.,  29., 114., 170.,  76.,  87.,
          0.,  37.,  30., 122.,  71.,  64.,  56.,  61.,  84., 127., 103.,
         95.,  82.,  32.],
       [164., 154., 164., 167.,  26.,  82.,  46., 129., 193., 113., 124.,
         37.,   0.,  47., 159., 108.,  79.,  73.,  98., 121., 164., 140.,
        132., 119.,   9.],
       [155., 169., 141., 144.,  25.,  97.,  13., 144., 184.,  90., 101.,
         30.,  47.,   0., 136.,  85.,  94.,  26.,  75.,  98., 141., 117.,
        109.,  96.,  38.],
       [129., 157.,   5.,   8., 153., 183., 141., 138., 158.,  46.,  41.,
        122., 159., 136.,   0.,  51., 182., 162.,  67., 108., 145.,  19.,
         43.,  50., 154.],
       [ 82., 110.,  56.,  59., 102., 136.,  90.,  91., 111.,   5.,  16.,
         71., 108.,  85.,  51.,   0., 133., 111.,  16.,  57.,  94.,  32.,
         24.,  11., 103.],
       [ 87.,  77., 177., 180.,  73.,   5.,  93.,  52., 116., 136., 141.,
         64.,  79.,  94., 182., 133.,   0., 120., 123., 146., 189., 165.,
        145., 132.,  74.],
       [181., 195., 167., 170.,  51., 123.,  39., 170., 210., 116., 127.,
         56.,  73.,  26., 162., 111., 120.,   0., 101., 124., 167., 143.,
        135., 122.,  64.],
       [ 86., 114.,  72.,  75.,  92., 126.,  80.,  95., 115.,  21.,  32.,
         61.,  98.,  75.,  67.,  16., 123., 101.,   0.,  41.,  78.,  48.,
         40.,  27.,  93.],
       [127., 155., 113., 116., 115., 149., 103., 136., 156.,  62.,  73.,
         84., 121.,  98., 108.,  57., 146., 124.,  41.,   0.,  49.,  89.,
         81.,  68., 116.],
       [140., 168., 144., 147., 158., 192., 146., 149., 169.,  99., 108.,
        127., 164., 141., 145.,  94., 189., 167.,  78.,  49.,   0., 126.,
        112.,  99., 159.],
       [112., 140.,  24.,  27., 134., 166., 122., 121., 141.,  29.,  24.,
        103., 140., 117.,  19.,  32., 165., 143.,  48.,  89., 126.,   0.,
         26.,  33., 135.],
       [ 92., 120.,  38.,  41., 126., 146., 114., 101., 121.,  19.,   8.,
         95., 132., 109.,  43.,  24., 145., 135.,  40.,  81., 112.,  26.,
          0.,  13., 127.],
       [ 79., 107.,  45.,  48., 113., 133., 101.,  88., 108.,   6.,   9.,
         82., 119.,  96.,  50.,  11., 132., 122.,  27.,  68.,  99.,  33.,
         13.,   0., 114.],
       [159., 149., 159., 162.,  17.,  77.,  37., 124., 188., 108., 119.,
         32.,   9.,  38., 154., 103.,  74.,  64.,  93., 116., 159., 135.,
        127., 114.,   0.]]), 'is_heuristic': True, 'total_time': 0.33832335472106934, 'ntsp': 0.13795645799996237, 'cost': 763.0, 'agent_paths': {0: [(74, 28), (74, 29), (74, 30), (74, 31), (73, 31), (72, 31), (71, 31), (70, 31), (69, 31), (69, 32), (69, 33), (69, 34), (69, 35), (69, 36), (70, 36), (71, 36), (72, 36), (73, 36), (74, 36), (75, 36), (76, 36), (77, 36), (78, 36), (79, 36), (80, 36), (81, 36), (82, 36), (83, 36), (84, 36), (85, 36), (86, 36), (87, 36), (88, 36), (89, 36), (90, 36), (91, 36), (92, 36), (93, 36), (94, 36), (94, 37), (94, 38), (94, 39), (94, 40), (95, 40), (96, 40), (97, 40), (97, 41), (97, 42), (97, 43), (97, 44), (97, 45), (97, 46), (97, 47), (97, 48), (97, 49), (97, 50), (97, 51), (97, 52), (96, 52), (95, 52), (94, 52), (94, 53), (94, 54), (94, 55), (94, 56), (94, 57), (94, 58), (94, 59), (94, 60), (94, 61), (94, 62), (94, 63), (94, 64), (94, 65), (94, 66), (94, 67), (94, 68), (94, 69), (94, 70), (94, 71), (94, 72), (94, 73), (94, 74), (94, 75), (94, 76), (94, 77), (94, 78), (93, 78), (92, 78), (91, 78), (90, 78), (89, 78), (88, 78), (87, 78), (86, 78), (85, 78), (84, 78), (83, 78), (82, 78), (81, 78), (80, 78), (79, 78), (78, 78), (77, 78), (77, 79), (77, 80), (77, 81), (77, 82), (76, 82), (76, 83), (75, 83), (75, 84), (74, 84), (73, 84), (72, 84), (71, 84), (70, 84), (69, 84), (68, 84), (67, 84), (66, 84), (65, 84), (65, 85), (65, 86), (65, 87), (65, 88), (65, 89), (65, 90), (65, 89), (65, 88), (65, 87), (65, 86), (65, 85), (65, 84), (64, 84), (63, 84), (62, 84), (61, 84), (60, 84), (59, 84), (58, 84), (57, 84), (56, 84), (55, 84), (54, 84), (53, 84), (53, 83), (53, 82), (53, 81), (53, 80), (53, 79), (53, 78), (53, 77), (53, 76), (53, 75), (54, 75), (54, 74), (54, 73), (54, 72), (55, 72), (56, 72), (57, 72), (58, 72), (59, 72), (60, 72), (61, 72), (62, 72), (63, 72), (64, 72), (65, 72), (65, 73), (65, 74), (65, 75), (65, 76), (65, 77), (65, 78), (65, 79), (65, 79)], 1: [(37, 27), (37, 28), (37, 29), (37, 30), (38, 30), (39, 30), (40, 30), (41, 30), (41, 31), (42, 31), (43, 31), (44, 31), (45, 31), (46, 31), (47, 31), (48, 31), (48, 32), (49, 32), (50, 32), (50, 33), (50, 34), (50, 35), (50, 36), (49, 36), (48, 36), (47, 36), (46, 36), (45, 36), (44, 36), (43, 36), (42, 36), (41, 36), (40, 36), (39, 36), (38, 36), (37, 36), (36, 36), (35, 36), (34, 36), (33, 36), (32, 36), (31, 36), (30, 36), (29, 36), (28, 36), (27, 36), (26, 36), (26, 37), (26, 38), (26, 39), (26, 40), (26, 41), (26, 42), (26, 43), (26, 44), (26, 45), (26, 46), (26, 47), (26, 48), (26, 49), (26, 50), (26, 51), (26, 52), (26, 53), (26, 54), (26, 55), (26, 56), (26, 57), (26, 58), (26, 59), (26, 60), (26, 61), (26, 62), (26, 63), (26, 64), (26, 65), (26, 66), (26, 67), (26, 68), (27, 68), (28, 68), (29, 68), (30, 68), (30, 69), (30, 70), (30, 71), (30, 72), (30, 73), (30, 74), (30, 75), (30, 76), (30, 77), (30, 78), (30, 79), (29, 79), (29, 80), (29, 81), (29, 82), (29, 83), (29, 84), (30, 84), (31, 84), (32, 84), (33, 84), (34, 84), (35, 84), (36, 84), (37, 84), (38, 84), (39, 84), (40, 84), (41, 84), (42, 84), (43, 84), (44, 84), (45, 84), (46, 84), (46, 85), (46, 86), (46, 87), (46, 88), (46, 89), (46, 90), (46, 91), (46, 92), (46, 93), (46, 94), (46, 95), (46, 96), (46, 97), (46, 98), (46, 99), (47, 99), (48, 99), (49, 99), (50, 99), (51, 99), (52, 99), (53, 99), (54, 99), (55, 99), (56, 99), (57, 99), (58, 99), (59, 99), (60, 99), (61, 99), (61, 100), (62, 100), (63, 100), (64, 100), (65, 100), (66, 100), (66, 101), (66, 102), (66, 103), (66, 104), (66, 105), (66, 106), (66, 107), (66, 108), (66, 109), (66, 110), (66, 111), (66, 112), (66, 113), (66, 114), (66, 115), (66, 116), (66, 117), (66, 118), (66, 119), (66, 120), (66, 121), (66, 122), (66, 123), (66, 124), (66, 123), (66, 122), (66, 121), (66, 120), (66, 119), (66, 118), (66, 117), (66, 116), (66, 115), (66, 114), (66, 113), (66, 112), (66, 111), (66, 110), (66, 109), (66, 108), (66, 107), (66, 106), (66, 105), (66, 104), (66, 103), (66, 102), (66, 101), (66, 100), (66, 99), (67, 99), (68, 99), (69, 99), (70, 99), (71, 99), (72, 99), (73, 99), (74, 99), (75, 99), (76, 99), (77, 99), (78, 99), (79, 99), (80, 99), (81, 99), (82, 99), (83, 99), (84, 99), (85, 99), (86, 99), (87, 99), (88, 99), (89, 99), (90, 99), (91, 99), (92, 99), (93, 99), (94, 99), (95, 99), (96, 99), (97, 99), (97, 98), (97, 97), (97, 96), (97, 95), (97, 94), (97, 93), (97, 92), (97, 91), (97, 90), (97, 89), (97, 88), (97, 87), (97, 86), (97, 85), (97, 84), (97, 83), (97, 82), (97, 81), (97, 80), (97, 79), (97, 78), (97, 77), (97, 76), (97, 75), (97, 74), (97, 73), (97, 72), (97, 71), (98, 71), (99, 71), (100, 71), (101, 71), (102, 71), (103, 71), (103, 70), (104, 70), (105, 70), (106, 70), (107, 70), (108, 70), (109, 70), (110, 70), (111, 70), (112, 70), (113, 70), (114, 70), (115, 70), (116, 70), (117, 70), (118, 70), (119, 70), (120, 70), (121, 70), (122, 70), (123, 70), (124, 70), (125, 70), (126, 70), (127, 70), (128, 70), (129, 70), (130, 70), (131, 70), (132, 70), (133, 70), (134, 70), (134, 70)], 2: [(152, 64), (151, 64), (150, 64), (149, 64), (148, 64), (147, 64), (146, 64), (145, 64), (144, 64), (143, 64), (142, 64), (141, 64), (140, 64), (139, 64), (138, 64), (137, 64), (136, 64), (135, 64), (134, 64), (133, 64), (132, 64), (131, 64), (130, 64), (129, 64), (128, 64), (127, 64), (126, 64), (125, 64), (124, 64), (123, 64), (122, 64), (121, 64), (120, 64), (119, 64), (118, 64), (117, 64), (117, 63), (117, 62), (117, 61), (117, 61)], 3: [(154, 63), (153, 63), (152, 63), (152, 64), (152, 65), (152, 66), (152, 67), (152, 68), (152, 69), (151, 69), (150, 69), (149, 69), (148, 69), (147, 69), (146, 69), (145, 69), (144, 69), (143, 69), (142, 69), (141, 69), (140, 69), (139, 69), (138, 69), (137, 69), (136, 69), (135, 69), (134, 69), (133, 69), (132, 69), (131, 69), (130, 69), (129, 69), (128, 69), (127, 69), (126, 69), (125, 69), (124, 69), (123, 69), (122, 69), (121, 69), (120, 69), (119, 69), (118, 69), (117, 69), (116, 69), (115, 69), (114, 69), (114, 68), (114, 67), (114, 66), (113, 66), (112, 66), (111, 66), (110, 66), (109, 66), (108, 66), (107, 66), (106, 66), (105, 66), (104, 66), (103, 66), (102, 66), (101, 66), (100, 66), (99, 66), (98, 66), (97, 66), (97, 65), (97, 64), (97, 63), (97, 62), (97, 61), (97, 60), (97, 59), (97, 58), (97, 57), (97, 56), (97, 55), (97, 54), (97, 53), (97, 52), (97, 51), (97, 50), (97, 49), (97, 48), (97, 47), (97, 46), (97, 45), (97, 44), (97, 43), (97, 42), (97, 41), (97, 40), (96, 40), (95, 40), (94, 40), (93, 40), (92, 40), (91, 40), (90, 40), (89, 40), (88, 40), (87, 40), (86, 40), (85, 40), (84, 40), (83, 40), (82, 40), (81, 40), (80, 40), (79, 40), (78, 40), (77, 40), (76, 40), (75, 40), (74, 40), (73, 40), (72, 40), (71, 40), (70, 40), (69, 40), (68, 40), (67, 40), (66, 40), (65, 40), (64, 40), (63, 40), (62, 40), (61, 40), (60, 40), (59, 40), (58, 40), (57, 40), (56, 40), (55, 40), (54, 40), (53, 40), (52, 40), (51, 40), (50, 40), (49, 40), (48, 40), (47, 40), (47, 39), (47, 38), (47, 37), (47, 36), (48, 36), (49, 36), (50, 36), (51, 36), (52, 36), (53, 36), (54, 36), (55, 36), (56, 36), (57, 36), (58, 36), (59, 36), (60, 36), (61, 36), (62, 36), (63, 36), (64, 36), (65, 36), (66, 36), (67, 36), (68, 36), (69, 36), (70, 36), (71, 36), (72, 36), (73, 36), (74, 36), (75, 36), (76, 36), (77, 36), (78, 36), (79, 36), (80, 36), (81, 36), (82, 36), (83, 36), (84, 36), (85, 36), (86, 36), (87, 36), (88, 36), (89, 36), (90, 36), (91, 36), (92, 36), (93, 36), (94, 36), (95, 36), (96, 36), (97, 36), (98, 36), (99, 36), (100, 36), (100, 37), (100, 38), (100, 39), (100, 40), (100, 41), (100, 42), (100, 43), (100, 44), (100, 45), (100, 46), (100, 47), (100, 48), (100, 49), (101, 49), (101, 50), (101, 51), (101, 52), (101, 53), (101, 54), (101, 55), (101, 56), (101, 57), (101, 58), (101, 59), (101, 60), (102, 60), (103, 60), (104, 60), (105, 60), (106, 60), (107, 60), (107, 61), (107, 62), (107, 63), (107, 64), (107, 64)], 4: [(50, 120), (49, 120), (48, 120), (48, 119), (47, 119), (46, 119), (45, 119), (44, 119), (43, 119), (42, 119), (42, 118), (42, 117), (42, 116), (42, 115), (42, 114), (42, 113), (42, 112), (41, 112), (41, 112)]}, 'target_assignment': {12730: {0}, 14645: {0}, 12863: {0}, 11330: {3}, 10806: {3}, 5879: {3}, 10475: {3}, 9999: {2}, 18185: {4}, 11042: {1}, 11208: {1}, 16261: {1}, 20154: {1}, 11605: {1}, 11474: {1}}, 'cluster_target_selection': {6: 12730, 1: 14645, 3: 11330, 4: 10806, 7: 5879, 8: 11042, 5: 11208, 9: 16261, 2: 20154, 0: 11605}, 'num_nodes': 34, 'max_step': 298, 'Astar_time': 5.600817680358887}