{'starts': [9958, 10634, 10341, 7356, 12860], 'targets': [8344, 16711, 16720, 11949, 18358, 18726, 10259, 10502, 6361, 17858, 13911, 19181, 14222, 10020, 14179], 'dests': [7516, 7858, 2993, 14122, 1057], 'clusters': array([1, 0, 2, 2, 0, 0, 1, 2, 2, 1, 1, 2, 1, 1, 1]), 'grids': array([[1., 1., 1., ..., 1., 1., 1.],
       [1., 1., 1., ..., 1., 1., 1.],
       [1., 1., 1., ..., 1., 1., 1.],
       ...,
       [1., 1., 1., ..., 1., 1., 1.],
       [1., 1., 1., ..., 1., 1., 1.],
       [1., 1., 1., ..., 1., 1., 1.]]), 'ac_dict': {8344: {0, 1}, 16711: {1, 2}, 16720: {2, 3}, 11949: {3, 4}, 7516: {0}, 7858: {1}, 2993: {2}, 14122: {3}, 1057: {4}}, 'eps': 0.0, 'spMat': array([[  0.,  32.,  63.,  28.,  64.,  16., 135., 126.,  59., 118., 130.,
         39.,  61.,  97., 129.,  89., 110.,  78.,  68.,  35.,  29.,  19.,
        100., 140., 120.],
       [ 32.,   0.,  33.,  58.,  94.,  36., 117., 108.,  27., 100., 112.,
         69.,  31.,  87., 111.,  57.,  92.,  46.,  38.,  41.,  59.,  39.,
         90., 122., 110.],
       [ 63.,  33.,   0.,  89., 125.,  67., 150., 141.,  22., 133., 145.,
        100.,   2., 118., 144.,  38., 125.,  31.,   5.,  74.,  90.,  70.,
        121., 155., 141.],
       [ 28.,  58.,  89.,   0.,  56.,  22., 161., 152.,  85., 144., 156.,
         31.,  87., 105., 155., 115., 136., 104.,  94.,  61.,   3.,  19.,
        108., 166., 128.],
       [ 64.,  94., 125.,  56.,   0.,  66., 163., 154., 109., 146., 158.,
         25., 123., 147., 157., 135., 138., 124., 130.,  63.,  53.,  69.,
        150., 168., 170.],
       [ 16.,  36.,  67.,  22.,  66.,   0., 139., 130.,  63., 122., 134.,
         41.,  65.,  83., 133.,  93., 114.,  82.,  72.,  39.,  23.,   3.,
         86., 144., 106.],
       [135., 117., 150., 161., 163., 139.,   0.,   9., 128.,  37.,  83.,
        156., 148.,  82.,  44., 154.,  55., 143., 155., 100., 162., 142.,
        137.,  19., 157.],
       [126., 108., 141., 152., 154., 130.,   9.,   0., 119.,  28.,  74.,
        147., 139.,  83.,  35., 145.,  46., 134., 146.,  91., 153., 133.,
        138.,  22., 158.],
       [ 59.,  27.,  22.,  85., 109.,  63., 128., 119.,   0., 111., 123.,
         96.,  20., 114., 122.,  30., 103.,  19.,  27.,  52.,  86.,  66.,
        117., 133., 137.],
       [118., 100., 133., 144., 146., 122.,  37.,  28., 111.,   0.,  50.,
        139., 131., 111.,  17., 137.,  18., 126., 138.,  83., 145., 125.,
        166.,  50., 186.],
       [130., 112., 145., 156., 158., 134.,  83.,  74., 123.,  50.,   0.,
        151., 143., 157.,  63., 149.,  34., 138., 150.,  95., 157., 137.,
        188.,  96., 208.],
       [ 39.,  69., 100.,  31.,  25.,  41., 156., 147.,  96., 139., 151.,
          0.,  98., 122., 150., 126., 131., 115., 105.,  56.,  28.,  44.,
        125., 161., 145.],
       [ 61.,  31.,   2.,  87., 123.,  65., 148., 139.,  20., 131., 143.,
         98.,   0., 116., 142.,  36., 123.,  29.,   7.,  72.,  88.,  68.,
        119., 153., 139.],
       [ 97.,  87., 118., 105., 147.,  83.,  82.,  83., 114., 111., 157.,
        122., 116.,   0., 118., 144., 129., 133., 123., 114., 106.,  86.,
         55.,  63.,  75.],
       [129., 111., 144., 155., 157., 133.,  44.,  35., 122.,  17.,  63.,
        150., 142., 118.,   0., 148.,  35., 137., 149.,  94., 156., 136.,
        173.,  57., 193.],
       [ 89.,  57.,  38., 115., 135.,  93., 154., 145.,  30., 137., 149.,
        126.,  36., 144., 148.,   0., 129.,  15.,  43.,  78., 116.,  96.,
        147., 159., 167.],
       [110.,  92., 125., 136., 138., 114.,  55.,  46., 103.,  18.,  34.,
        131., 123., 129.,  35., 129.,   0., 118., 130.,  75., 137., 117.,
        168.,  68., 188.],
       [ 78.,  46.,  31., 104., 124.,  82., 143., 134.,  19., 126., 138.,
        115.,  29., 133., 137.,  15., 118.,   0.,  36.,  67., 105.,  85.,
        136., 148., 156.],
       [ 68.,  38.,   5.,  94., 130.,  72., 155., 146.,  27., 138., 150.,
        105.,   7., 123., 149.,  43., 130.,  36.,   0.,  79.,  95.,  75.,
        126., 160., 146.],
       [ 35.,  41.,  74.,  61.,  63.,  39., 100.,  91.,  52.,  83.,  95.,
         56.,  72., 114.,  94.,  78.,  75.,  67.,  79.,   0.,  62.,  42.,
        117., 105., 137.],
       [ 29.,  59.,  90.,   3.,  53.,  23., 162., 153.,  86., 145., 157.,
         28.,  88., 106., 156., 116., 137., 105.,  95.,  62.,   0.,  20.,
        109., 167., 129.],
       [ 19.,  39.,  70.,  19.,  69.,   3., 142., 133.,  66., 125., 137.,
         44.,  68.,  86., 136.,  96., 117.,  85.,  75.,  42.,  20.,   0.,
         89., 147., 109.],
       [100.,  90., 121., 108., 150.,  86., 137., 138., 117., 166., 188.,
        125., 119.,  55., 173., 147., 168., 136., 126., 117., 109.,  89.,
          0., 118.,  20.],
       [140., 122., 155., 166., 168., 144.,  19.,  22., 133.,  50.,  96.,
        161., 153.,  63.,  57., 159.,  68., 148., 160., 105., 167., 147.,
        118.,   0., 138.],
       [120., 110., 141., 128., 170., 106., 157., 158., 137., 186., 208.,
        145., 139.,  75., 193., 167., 188., 156., 146., 137., 129., 109.,
         20., 138.,   0.]]), 'is_heuristic': False, 'total_time': 0.43105530738830566, 'ntsp': 0.21355834699988918, 'cost': 553.0, 'agent_paths': {0: [(76, 61), (76, 60), (76, 59), (76, 58), (77, 58), (77, 57), (77, 56), (77, 55), (76, 55), (75, 55), (74, 55), (73, 55), (72, 55), (71, 55), (71, 54), (70, 54), (69, 54), (68, 54), (67, 54), (66, 54), (65, 54), (64, 54), (64, 53), (64, 52), (64, 51), (64, 50), (64, 49), (64, 48), (64, 47), (64, 46), (64, 46)], 1: [(104, 65), (103, 65), (102, 65), (101, 65), (100, 65), (99, 65), (98, 65), (97, 65), (96, 65), (95, 65), (94, 65), (93, 65), (92, 65), (91, 65), (90, 65), (89, 65), (88, 65), (87, 65), (86, 65), (85, 65), (84, 65), (83, 65), (82, 65), (82, 64), (82, 63), (82, 62), (82, 61), (82, 60), (82, 59), (82, 58), (82, 57), (82, 56), (82, 55), (82, 54), (82, 53), (82, 52), (82, 51), (82, 50), (82, 49), (82, 48), (82, 48)], 2: [(135, 63), (134, 63), (134, 64), (133, 64), (132, 64), (131, 64), (130, 64), (129, 64), (128, 64), (127, 64), (126, 64), (125, 64), (124, 64), (123, 64), (122, 64), (121, 64), (120, 64), (119, 64), (118, 64), (117, 64), (116, 64), (115, 64), (114, 64), (113, 64), (112, 64), (111, 64), (110, 64), (109, 64), (108, 64), (107, 64), (106, 64), (105, 64), (104, 64), (103, 64), (102, 64), (101, 64), (100, 64), (99, 64), (98, 64), (97, 64), (97, 63), (97, 62), (97, 61), (97, 60), (97, 59), (97, 58), (97, 57), (97, 56), (97, 55), (97, 54), (97, 53), (97, 52), (97, 51), (97, 50), (97, 49), (97, 48), (97, 47), (97, 46), (97, 45), (97, 44), (97, 43), (97, 42), (97, 41), (97, 40), (96, 40), (95, 40), (94, 40), (93, 40), (92, 40), (91, 40), (90, 40), (89, 40), (88, 40), (87, 40), (86, 40), (85, 40), (84, 40), (83, 40), (82, 40), (81, 40), (80, 40), (79, 40), (78, 40), (77, 40), (77, 39), (77, 38), (77, 37), (77, 36), (76, 36), (75, 36), (74, 36), (73, 36), (72, 36), (71, 36), (70, 36), (69, 36), (69, 35), (69, 34), (69, 33), (69, 32), (69, 31), (69, 30), (69, 29), (69, 28), (69, 27), (69, 26), (69, 25), (69, 24), (69, 23), (69, 22), (69, 21), (69, 20), (69, 19), (69, 18), (70, 18), (71, 18), (72, 18), (73, 18), (74, 18), (75, 18), (76, 18), (77, 18), (77, 18)], 3: [(66, 45), (66, 46), (66, 47), (66, 48), (66, 49), (66, 50), (66, 51), (66, 52), (66, 53), (66, 54), (66, 55), (67, 55), (68, 55), (69, 55), (70, 55), (71, 55), (72, 55), (73, 55), (74, 55), (75, 55), (76, 55), (77, 55), (77, 56), (77, 57), (77, 58), (77, 59), (77, 60), (77, 61), (77, 62), (77, 63), (77, 64), (77, 65), (77, 66), (77, 67), (77, 68), (77, 69), (77, 70), (77, 71), (77, 72), (77, 73), (77, 74), (77, 75), (77, 76), (77, 77), (77, 78), (77, 79), (77, 80), (77, 81), (77, 82), (77, 83), (77, 84), (77, 85), (77, 86), (77, 87), (78, 87), (79, 87), (80, 87), (81, 87), (82, 87), (83, 87), (84, 87), (85, 87), (86, 87), (87, 87), (88, 87), (89, 87), (90, 87), (91, 87), (92, 87), (93, 87), (94, 87), (95, 87), (96, 87), (97, 87), (97, 88), (97, 89), (97, 90), (97, 91), (97, 92), (97, 93), (97, 94), (97, 95), (97, 96), (97, 97), (97, 98), (97, 99), (96, 99), (95, 99), (94, 99), (93, 99), (92, 99), (91, 99), (90, 99), (89, 99), (88, 99), (87, 99), (86, 99), (85, 99), (84, 99), (83, 99), (82, 99), (81, 99), (80, 99), (79, 99), (78, 99), (77, 99), (76, 99), (75, 99), (74, 99), (73, 99), (72, 99), (71, 99), (70, 99), (69, 99), (68, 99), (67, 99), (66, 99), (65, 99), (64, 99), (63, 99), (62, 99), (61, 99), (60, 99), (59, 99), (58, 99), (57, 99), (56, 99), (55, 99), (54, 99), (53, 99), (52, 99), (52, 100), (52, 101), (52, 102), (52, 103), (52, 104), (52, 105), (52, 106), (52, 107), (52, 108), (52, 109), (52, 110), (52, 111), (52, 112), (52, 113), (51, 113), (50, 113), (50, 112), (50, 111), (50, 110), (50, 109), (50, 108), (50, 107), (50, 106), (50, 105), (50, 104), (49, 104), (48, 104), (48, 103), (47, 103), (46, 103), (45, 103), (44, 103), (43, 103), (42, 103), (41, 103), (40, 103), (39, 103), (38, 103), (37, 103), (36, 103), (35, 103), (34, 103), (33, 103), (32, 103), (31, 103), (30, 103), (29, 103), (28, 103), (28, 102), (28, 101), (28, 100), (28, 99), (28, 98), (28, 97), (28, 96), (28, 95), (28, 94), (28, 93), (28, 92), (28, 91), (28, 90), (28, 89), (28, 88), (28, 87), (28, 87)], 4: [(62, 79), (62, 78), (62, 77), (62, 76), (62, 75), (62, 74), (62, 73), (62, 72), (62, 71), (62, 70), (62, 69), (62, 68), (62, 67), (61, 67), (60, 67), (59, 67), (58, 67), (57, 67), (56, 67), (55, 67), (54, 67), (54, 66), (54, 65), (54, 64), (53, 64), (53, 63), (53, 62), (53, 61), (53, 60), (53, 59), (53, 58), (53, 57), (53, 56), (53, 55), (53, 54), (53, 53), (53, 52), (54, 52), (55, 52), (56, 52), (57, 52), (58, 52), (59, 52), (60, 52), (61, 52), (62, 52), (63, 52), (64, 52), (65, 52), (66, 52), (67, 52), (68, 52), (69, 52), (70, 52), (71, 52), (72, 52), (73, 52), (74, 52), (75, 52), (76, 52), (77, 52), (78, 52), (79, 52), (80, 52), (81, 52), (82, 52), (83, 52), (84, 52), (85, 52), (86, 52), (87, 52), (88, 52), (89, 52), (90, 52), (91, 52), (92, 52), (93, 52), (94, 52), (95, 52), (96, 52), (97, 52), (97, 51), (97, 50), (97, 49), (97, 48), (97, 47), (97, 46), (97, 45), (97, 44), (97, 43), (97, 42), (97, 41), (97, 40), (96, 40), (95, 40), (94, 40), (93, 40), (92, 40), (91, 40), (90, 40), (89, 40), (88, 40), (87, 40), (86, 40), (85, 40), (85, 39), (85, 38), (85, 37), (85, 36), (84, 36), (83, 36), (82, 36), (81, 36), (80, 36), (79, 36), (78, 36), (77, 36), (76, 36), (75, 36), (74, 36), (73, 36), (72, 36), (71, 36), (70, 36), (69, 36), (69, 35), (69, 34), (69, 33), (69, 32), (69, 31), (69, 30), (69, 29), (69, 28), (69, 27), (69, 26), (69, 25), (69, 24), (69, 23), (69, 22), (69, 21), (69, 20), (69, 19), (69, 18), (69, 17), (70, 17), (71, 17), (71, 16), (71, 15), (71, 14), (71, 13), (71, 12), (71, 11), (71, 10), (71, 9), (71, 8), (71, 7), (71, 6), (72, 6), (73, 6), (74, 6), (75, 6), (76, 6), (77, 6), (78, 6), (79, 6), (80, 6), (81, 6), (82, 6), (83, 6), (84, 6), (85, 6), (85, 6)]}, 'target_assignment': {7516: {0}, 18358: {3}, 14122: {3}, 10502: {2}, 2993: {2}, 8344: {1}, 7858: {1}, 1057: {4}}, 'cluster_target_selection': {0: 18358, 2: 10502, 1: 8344}, 'num_nodes': 63, 'max_step': 194, 'Astar_time': 5.660400629043579}