{'starts': [7009, 13537, 14173, 2183, 14654], 'targets': [13485, 11068, 17741, 11812, 16101, 21131, 16138, 13650, 4271, 8643, 15760, 14345, 17752, 11002, 13800], 'dests': [1202, 10686, 14842, 13381, 18013], 'clusters': array([5, 4, 0, 5, 4, 1, 4, 5, 1, 5, 3, 1, 4, 4, 2]), 'grids': array([[1., 1., 1., ..., 1., 1., 1.],
       [1., 1., 1., ..., 1., 1., 1.],
       [1., 1., 1., ..., 1., 1., 1.],
       ...,
       [1., 1., 1., ..., 1., 1., 1.],
       [1., 1., 1., ..., 1., 1., 1.],
       [1., 1., 1., ..., 1., 1., 1.]]), 'ac_dict': {13485: {0, 1}, 11068: {1, 2}, 17741: {2, 3}, 11812: {3, 4}, 1202: {0}, 10686: {1}, 14842: {2}, 13381: {3}, 18013: {4}}, 'eps': 0.0, 'spMat': array([[  0., 106., 122.,  64., 130.,  66., 130., 134., 140., 104., 143.,
        119.,  68.,  33., 110.,  85., 113., 145., 135.,  57.,  67., 141.,
        111.,  99., 122.],
       [106.,   0.,  16., 112.,  24.,  96.,  56.,  74.,  68.,  56.,  83.,
         25.,  92., 101.,  64.,  75.,   7.,  85.,  73., 103., 115.,  83.,
         17.,   7., 100.],
       [122.,  16.,   0., 128.,   8., 104.,  46.,  82.,  84.,  64.,  91.,
         33., 100., 117.,  56.,  83.,  11.,  93.,  89., 111., 131.,  99.,
         25.,  23., 108.],
       [ 64., 112., 128.,   0., 136., 130., 136., 174., 146., 156., 183.,
        125., 132.,  31., 116., 149., 119., 185., 141., 121.,  15., 147.,
        117., 105., 186.],
       [130.,  24.,   8., 136.,   0., 112.,  44.,  90.,  92.,  72.,  99.,
         41., 108., 125.,  60.,  91.,  17., 101.,  97., 119., 139., 107.,
         33.,  31., 116.],
       [ 66.,  96., 104., 130., 112.,   0., 150.,  70., 152.,  40.,  79.,
         77.,   4.,  99., 160.,  21.,  95.,  81., 157.,  11., 133., 167.,
         85.,  91.,  58.],
       [130.,  56.,  46., 136.,  44., 150.,   0., 128., 124., 110., 137.,
         79., 146., 125.,  20., 129.,  57., 139., 121., 157., 139., 127.,
         71.,  63., 154.],
       [134.,  74.,  82., 174.,  90.,  70., 128.,   0., 130.,  30.,  33.,
         55.,  66., 163., 138.,  49.,  73.,  11., 135.,  77., 177., 145.,
         63.,  69.,  54.],
       [140.,  68.,  84., 146.,  92., 152., 124., 130.,   0., 112., 139.,
         75., 148., 135., 110., 131.,  75., 141.,   5., 159., 149.,  15.,
         67.,  61., 156.],
       [104.,  56.,  64., 156.,  72.,  40., 110.,  30., 112.,   0.,  39.,
         37.,  36., 137., 120.,  19.,  55.,  41., 117.,  47., 159., 127.,
         45.,  51.,  44.],
       [143.,  83.,  91., 183.,  99.,  79., 137.,  33., 139.,  39.,   0.,
         64.,  75., 172., 147.,  58.,  82.,  44., 144.,  86., 186., 154.,
         72.,  78.,  61.],
       [119.,  25.,  33., 125.,  41.,  77.,  79.,  55.,  75.,  37.,  64.,
          0.,  73., 114.,  89.,  56.,  24.,  66.,  80.,  84., 128.,  90.,
          8.,  20.,  81.],
       [ 68.,  92., 100., 132., 108.,   4., 146.,  66., 148.,  36.,  75.,
         73.,   0., 101., 156.,  17.,  91.,  77., 153.,  13., 135., 163.,
         81.,  87.,  54.],
       [ 33., 101., 117.,  31., 125.,  99., 125., 163., 135., 137., 172.,
        114., 101.,   0., 105., 118., 108., 174., 130.,  90.,  34., 136.,
        106.,  94., 155.],
       [110.,  64.,  56., 116.,  60., 160.,  20., 138., 110., 120., 147.,
         89., 156., 105.,   0., 139.,  67., 149., 105., 167., 119., 111.,
         81.,  69., 164.],
       [ 85.,  75.,  83., 149.,  91.,  21., 129.,  49., 131.,  19.,  58.,
         56.,  17., 118., 139.,   0.,  74.,  60., 136.,  28., 152., 146.,
         64.,  70.,  37.],
       [113.,   7.,  11., 119.,  17.,  95.,  57.,  73.,  75.,  55.,  82.,
         24.,  91., 108.,  67.,  74.,   0.,  84.,  80., 102., 122.,  90.,
         16.,  14.,  99.],
       [145.,  85.,  93., 185., 101.,  81., 139.,  11., 141.,  41.,  44.,
         66.,  77., 174., 149.,  60.,  84.,   0., 146.,  88., 188., 156.,
         74.,  80.,  65.],
       [135.,  73.,  89., 141.,  97., 157., 121., 135.,   5., 117., 144.,
         80., 153., 130., 105., 136.,  80., 146.,   0., 164., 144.,  10.,
         72.,  66., 161.],
       [ 57., 103., 111., 121., 119.,  11., 157.,  77., 159.,  47.,  86.,
         84.,  13.,  90., 167.,  28., 102.,  88., 164.,   0., 124., 174.,
         92.,  98.,  65.],
       [ 67., 115., 131.,  15., 139., 133., 139., 177., 149., 159., 186.,
        128., 135.,  34., 119., 152., 122., 188., 144., 124.,   0., 150.,
        120., 108., 189.],
       [141.,  83.,  99., 147., 107., 167., 127., 145.,  15., 127., 154.,
         90., 163., 136., 111., 146.,  90., 156.,  10., 174., 150.,   0.,
         82.,  76., 171.],
       [111.,  17.,  25., 117.,  33.,  85.,  71.,  63.,  67.,  45.,  72.,
          8.,  81., 106.,  81.,  64.,  16.,  74.,  72.,  92., 120.,  82.,
          0.,  12.,  89.],
       [ 99.,   7.,  23., 105.,  31.,  91.,  63.,  69.,  61.,  51.,  78.,
         20.,  87.,  94.,  69.,  70.,  14.,  80.,  66.,  98., 108.,  76.,
         12.,   0.,  95.],
       [122., 100., 108., 186., 116.,  58., 154.,  54., 156.,  44.,  61.,
         81.,  54., 155., 164.,  37.,  99.,  65., 161.,  65., 189., 171.,
         89.,  95.,   0.]]), 'is_heuristic': True, 'total_time': 0.8945047855377197, 'ntsp': 0.7347608190000301, 'cost': 586.0, 'agent_paths': {0: [(43, 43), (43, 42), (43, 41), (43, 40), (43, 39), (43, 38), (43, 37), (43, 36), (44, 36), (45, 36), (46, 36), (47, 36), (48, 36), (49, 36), (50, 36), (50, 35), (50, 34), (50, 33), (50, 32), (50, 31), (50, 30), (50, 29), (50, 28), (50, 27), (50, 26), (50, 25), (50, 24), (50, 23), (50, 22), (51, 22), (52, 22), (53, 22), (54, 22), (55, 22), (56, 22), (57, 22), (58, 22), (59, 22), (60, 22), (61, 22), (62, 22), (63, 22), (64, 22), (64, 21), (65, 21), (66, 21), (66, 20), (66, 19), (67, 19), (67, 18), (67, 17), (68, 17), (69, 17), (70, 17), (71, 17), (71, 16), (71, 15), (71, 14), (71, 13), (71, 12), (71, 11), (70, 11), (69, 11), (68, 11), (68, 10), (68, 9), (68, 8), (68, 7), (68, 7)], 1: [(91, 83), (91, 82), (91, 81), (91, 80), (91, 79), (91, 78), (91, 77), (91, 76), (91, 75), (91, 74), (91, 73), (91, 72), (91, 71), (91, 70), (91, 69), (91, 68), (91, 67), (91, 66), (91, 65), (92, 65), (93, 65), (94, 65), (95, 65), (96, 65), (97, 65), (98, 65), (99, 65), (100, 65), (101, 65), (102, 65), (103, 65), (104, 65), (105, 65), (106, 65), (107, 65), (108, 65), (109, 65), (110, 65), (111, 65), (112, 65), (113, 65), (114, 65), (115, 65), (116, 65), (117, 65), (118, 65), (119, 65), (120, 65), (121, 65), (122, 65), (123, 65), (124, 65), (125, 65), (126, 65), (127, 65), (128, 65), (129, 65), (130, 65), (131, 65), (132, 65), (133, 65), (134, 65), (135, 65), (136, 65), (137, 65), (138, 65), (139, 65), (140, 65), (141, 65), (142, 65), (143, 65), (144, 65), (145, 65), (146, 65), (147, 65), (148, 65), (149, 65), (150, 65), (151, 65), (152, 65), (153, 65), (154, 65), (155, 65), (156, 65), (156, 65)], 2: [(79, 87), (80, 87), (81, 87), (82, 87), (83, 87), (84, 87), (85, 87), (86, 87), (87, 87), (88, 87), (89, 87), (90, 87), (91, 87), (92, 87), (93, 87), (94, 87), (95, 87), (96, 87), (97, 87), (97, 88), (97, 89), (97, 90), (97, 91), (97, 92), (97, 93), (97, 94), (97, 95), (97, 96), (97, 97), (97, 98), (97, 99), (96, 99), (95, 99), (94, 99), (93, 99), (92, 99), (91, 99), (90, 99), (89, 99), (88, 99), (87, 99), (86, 99), (85, 99), (84, 99), (83, 99), (83, 100), (83, 101), (83, 102), (83, 103), (82, 103), (81, 103), (80, 103), (79, 103), (78, 103), (77, 103), (76, 103), (75, 103), (74, 103), (73, 103), (72, 103), (71, 103), (70, 103), (69, 103), (69, 104), (69, 105), (69, 106), (69, 107), (69, 108), (70, 108), (71, 108), (72, 108), (73, 108), (74, 108), (75, 108), (76, 108), (77, 108), (78, 108), (79, 108), (80, 108), (81, 108), (82, 108), (83, 108), (83, 109), (83, 108), (82, 108), (81, 108), (80, 108), (79, 108), (78, 108), (77, 108), (76, 108), (75, 108), (74, 108), (73, 108), (72, 108), (71, 108), (70, 108), (69, 108), (69, 107), (69, 106), (69, 105), (69, 104), (69, 103), (69, 102), (69, 101), (69, 100), (69, 99), (70, 99), (71, 99), (72, 99), (73, 99), (74, 99), (75, 99), (76, 99), (77, 99), (78, 99), (79, 99), (80, 99), (81, 99), (82, 99), (83, 99), (84, 99), (85, 99), (86, 99), (87, 99), (88, 99), (89, 99), (90, 99), (91, 99), (92, 99), (93, 99), (94, 99), (95, 99), (96, 99), (97, 99), (97, 98), (97, 97), (97, 96), (97, 95), (97, 94), (97, 93), (97, 92), (97, 91), (98, 91), (99, 91), (100, 91), (100, 91)], 3: [(77, 13), (77, 14), (77, 15), (77, 16), (77, 17), (77, 18), (77, 19), (77, 20), (77, 21), (77, 22), (77, 23), (77, 24), (77, 25), (77, 26), (77, 27), (77, 28), (77, 29), (77, 30), (77, 31), (76, 31), (75, 31), (74, 31), (73, 31), (72, 31), (71, 31), (70, 31), (69, 31), (69, 32), (69, 33), (69, 34), (69, 35), (69, 36), (70, 36), (71, 36), (72, 36), (73, 36), (74, 36), (75, 36), (76, 36), (77, 36), (78, 36), (79, 36), (80, 36), (81, 36), (82, 36), (83, 36), (84, 36), (85, 36), (86, 36), (87, 36), (88, 36), (89, 36), (90, 36), (91, 36), (92, 36), (93, 36), (94, 36), (95, 36), (96, 36), (97, 36), (97, 37), (97, 38), (97, 39), (97, 40), (97, 41), (97, 42), (97, 43), (97, 44), (97, 45), (97, 46), (97, 47), (97, 48), (97, 49), (97, 50), (97, 51), (97, 52), (97, 53), (97, 54), (97, 55), (97, 56), (97, 57), (97, 58), (97, 59), (97, 60), (97, 61), (97, 62), (97, 63), (97, 64), (97, 65), (97, 66), (97, 67), (97, 68), (97, 69), (97, 70), (97, 71), (97, 72), (97, 73), (97, 74), (97, 75), (97, 76), (97, 77), (97, 78), (97, 79), (97, 80), (97, 81), (97, 82), (97, 82)], 4: [(74, 90), (74, 89), (74, 88), (75, 88), (76, 88), (77, 88), (78, 88), (79, 88), (80, 88), (81, 88), (82, 88), (83, 88), (84, 88), (85, 88), (86, 88), (87, 88), (88, 88), (89, 88), (89, 87), (90, 87), (91, 87), (92, 87), (93, 87), (94, 87), (95, 87), (96, 87), (97, 87), (97, 88), (97, 89), (97, 90), (97, 91), (97, 92), (97, 93), (97, 94), (97, 95), (97, 96), (97, 97), (97, 98), (97, 99), (96, 99), (95, 99), (94, 99), (93, 99), (92, 99), (91, 99), (90, 99), (89, 99), (88, 99), (87, 99), (86, 99), (85, 99), (84, 99), (83, 99), (82, 99), (81, 99), (80, 99), (79, 99), (78, 99), (77, 99), (76, 99), (75, 99), (74, 99), (73, 99), (72, 99), (71, 99), (70, 99), (69, 99), (68, 99), (67, 99), (66, 99), (65, 99), (64, 99), (63, 99), (62, 99), (61, 99), (60, 99), (59, 99), (58, 99), (57, 99), (56, 99), (55, 99), (54, 99), (53, 99), (52, 99), (51, 99), (50, 99), (49, 99), (48, 99), (47, 99), (46, 99), (45, 99), (44, 99), (43, 99), (42, 99), (41, 99), (40, 99), (39, 99), (38, 99), (37, 99), (36, 99), (35, 99), (34, 99), (33, 99), (32, 99), (31, 99), (30, 99), (30, 98), (30, 97), (30, 96), (30, 95), (30, 94), (30, 93), (30, 92), (30, 91), (30, 90), (30, 89), (30, 88), (30, 87), (30, 86), (30, 85), (30, 84), (31, 84), (32, 84), (33, 84), (34, 84), (35, 84), (36, 84), (37, 84), (38, 84), (39, 84), (40, 84), (41, 84), (42, 84), (43, 84), (44, 84), (45, 84), (46, 84), (46, 85), (46, 86), (46, 87), (46, 88), (46, 89), (46, 90), (46, 91), (46, 92), (46, 93), (46, 94), (46, 95), (46, 96), (46, 97), (46, 98), (46, 99), (46, 100), (46, 101), (46, 102), (46, 103), (47, 103), (48, 103), (48, 104), (49, 104), (50, 104), (50, 105), (50, 106), (50, 107), (50, 108), (49, 108), (48, 108), (47, 108), (46, 108), (45, 108), (44, 108), (43, 108), (42, 108), (41, 108), (41, 109), (40, 109), (39, 109), (38, 109), (37, 109), (36, 109), (35, 109), (34, 109), (33, 109), (32, 109), (31, 109), (31, 110), (31, 111), (31, 111)]}, 'target_assignment': {1202: {0}, 13381: {3}, 10686: {1}, 17741: {2}, 14842: {2}, 14345: {4}, 16101: {4}, 13800: {4}, 13650: {4}, 15760: {4}, 18013: {4}}, 'cluster_target_selection': {0: 17741, 1: 14345, 4: 16101, 2: 13800, 5: 13650, 3: 15760}, 'num_nodes': 31, 'max_step': 186, 'Astar_time': 4.284365892410278}