{'starts': [10031, 8823, 11955, 17711, 11606, 19158, 3161, 18178, 15166, 3611], 'targets': [4116, 16271, 21454, 10103, 4638, 14194, 6681, 17384, 13056, 10474], 'dests': [5569, 3647, 6198, 13850, 8639, 13172, 4085, 6076, 11891, 6059], 'clusters': array([1, 4, 3, 2, 3, 0, 3, 3, 5, 1]), 'grids': array([[1., 1., 1., ..., 1., 1., 1.],
       [1., 1., 1., ..., 1., 1., 1.],
       [1., 1., 1., ..., 1., 1., 1.],
       ...,
       [1., 1., 1., ..., 1., 1., 1.],
       [1., 1., 1., ..., 1., 1., 1.],
       [1., 1., 1., ..., 1., 1., 1.]]), 'ac_dict': {4116: {0, 1}, 16271: {1, 2}, 21454: {2, 3}, 10103: {3, 4}, 4638: {4, 5}, 14194: {5, 6}, 6681: {6, 7}, 17384: {8, 7}, 13056: {8, 9}, 5569: {0}, 3647: {1}, 6198: {2}, 13850: {3}, 8639: {4}, 13172: {5}, 4085: {6}, 6076: {7}, 11891: {8}, 6059: {9}}, 'eps': 0.0, 'spMat': array([[  0.,  87.,  32., 144.,  55., 164., 142., 166.,  81., 147., 125.,
        117., 152., 131., 152.,  75., 138., 145.,  72.,  46., 121., 139.,
        136.,  93., 110., 125., 156.,  97., 138., 114.],
       [ 87.,   0.,  73., 121.,  46., 141.,  99., 143.,  64., 104.,  82.,
         94., 129.,  46., 109.,  58.,  95., 122.,  47.,  41.,  78.,  96.,
         93.,  36.,  23.,  52., 113.,  54.,  53.,  71.],
       [ 32.,  73.,   0., 112.,  27., 132., 128., 134.,  49., 133., 111.,
         85., 120., 115., 138.,  43., 124., 113.,  40.,  32., 107., 125.,
        122.,  61.,  96.,  93., 142.,  83., 112., 100.],
       [144., 121., 112.,   0.,  89.,  20., 168.,  22.,  63., 135., 145.,
         27.,  40., 141., 178.,  69., 102.,   5.,  74.,  98., 131., 165.,
        108.,  85., 144., 119., 144., 131., 138., 132.],
       [ 55.,  46.,  27.,  89.,   0., 109., 101., 111.,  26., 106.,  84.,
         62.,  97.,  90., 111.,  20.,  97.,  90.,  17.,   9.,  80.,  98.,
         95.,  38.,  69.,  70., 115.,  56.,  89.,  73.],
       [164., 141., 132.,  20., 109.,   0., 182.,  18.,  83., 149., 159.,
         47.,  42., 161., 192.,  89., 116.,  19.,  94., 118., 145., 179.,
        122., 105., 164., 139., 158., 151., 158., 146.],
       [142.,  99., 128., 168., 101., 182.,   0., 184., 119.,  39.,  23.,
        149., 184., 145.,  28., 113.,  66., 163., 104.,  96.,  37.,   3.,
         60., 125., 120., 151.,  62.,  45., 152.,  36.],
       [166., 143., 134.,  22., 111.,  18., 184.,   0.,  85., 151., 161.,
         49.,  60., 163., 194.,  91., 118.,  21.,  96., 120., 147., 181.,
        124., 107., 166., 141., 160., 153., 160., 148.],
       [ 81.,  64.,  49.,  63.,  26.,  83., 119.,  85.,   0., 124., 102.,
         36.,  71.,  84., 129.,   6., 115.,  64.,  17.,  35.,  98., 116.,
        113.,  28.,  87.,  62., 133.,  74.,  81.,  91.],
       [147., 104., 133., 135., 106., 149.,  39., 151., 124.,   0.,  22.,
        144., 175., 150.,  61., 118.,  33., 130., 109., 101.,  26.,  36.,
         27., 130., 125., 156.,  23.,  50., 157.,  33.],
       [125.,  82., 111., 145.,  84., 159.,  23., 161., 102.,  22.,   0.,
        132., 167., 128.,  39.,  96.,  43., 140.,  87.,  79.,  14.,  20.,
         37., 108., 103., 134.,  39.,  28., 135.,  13.],
       [117.,  94.,  85.,  27.,  62.,  47., 149.,  49.,  36., 144., 132.,
          0.,  35., 114., 159.,  42., 111.,  28.,  47.,  71., 128., 146.,
        117.,  58., 117.,  92., 153., 104., 111., 121.],
       [152., 129., 120.,  40.,  97.,  42., 184.,  60.,  71., 175., 167.,
         35.,   0., 149., 194.,  77., 142.,  45.,  82., 106., 163., 181.,
        148.,  93., 152., 127., 184., 139., 146., 156.],
       [131.,  46., 115., 141.,  90., 161., 145., 163.,  84., 150., 128.,
        114., 149.,   0., 155.,  78., 141., 142.,  75.,  85., 124., 142.,
        139.,  56.,  25.,  28., 159., 100.,  17., 117.],
       [152., 109., 138., 178., 111., 192.,  28., 194., 129.,  61.,  39.,
        159., 194., 155.,   0., 123.,  76., 173., 114., 106.,  47.,  25.,
         70., 135., 130., 161.,  72.,  55., 162.,  46.],
       [ 75.,  58.,  43.,  69.,  20.,  89., 113.,  91.,   6., 118.,  96.,
         42.,  77.,  78., 123.,   0., 109.,  70.,  11.,  29.,  92., 110.,
        107.,  22.,  81.,  56., 127.,  68.,  75.,  85.],
       [138.,  95., 124., 102.,  97., 116.,  66., 118., 115.,  33.,  43.,
        111., 142., 141.,  76., 109.,   0.,  97., 100.,  92.,  29.,  63.,
          6., 121., 116., 147.,  42.,  47., 148.,  30.],
       [145., 122., 113.,   5.,  90.,  19., 163.,  21.,  64., 130., 140.,
         28.,  45., 142., 173.,  70.,  97.,   0.,  75.,  99., 126., 160.,
        103.,  86., 145., 120., 139., 132., 139., 127.],
       [ 72.,  47.,  40.,  74.,  17.,  94., 104.,  96.,  17., 109.,  87.,
         47.,  82.,  75., 114.,  11., 100.,  75.,   0.,  26.,  83., 101.,
         98.,  21.,  70.,  53., 118.,  59.,  72.,  76.],
       [ 46.,  41.,  32.,  98.,   9., 118.,  96., 120.,  35., 101.,  79.,
         71., 106.,  85., 106.,  29.,  92.,  99.,  26.,   0.,  75.,  93.,
         90.,  47.,  64.,  79., 110.,  51.,  92.,  68.],
       [121.,  78., 107., 131.,  80., 145.,  37., 147.,  98.,  26.,  14.,
        128., 163., 124.,  47.,  92.,  29., 126.,  83.,  75.,   0.,  34.,
         23., 104.,  99., 130.,  35.,  24., 131.,   7.],
       [139.,  96., 125., 165.,  98., 179.,   3., 181., 116.,  36.,  20.,
        146., 181., 142.,  25., 110.,  63., 160., 101.,  93.,  34.,   0.,
         57., 122., 117., 148.,  59.,  42., 149.,  33.],
       [136.,  93., 122., 108.,  95., 122.,  60., 124., 113.,  27.,  37.,
        117., 148., 139.,  70., 107.,   6., 103.,  98.,  90.,  23.,  57.,
          0., 119., 114., 145.,  36.,  41., 146.,  24.],
       [ 93.,  36.,  61.,  85.,  38., 105., 125., 107.,  28., 130., 108.,
         58.,  93.,  56., 135.,  22., 121.,  86.,  21.,  47., 104., 122.,
        119.,   0.,  59.,  34., 139.,  80.,  53.,  97.],
       [110.,  23.,  96., 144.,  69., 164., 120., 166.,  87., 125., 103.,
        117., 152.,  25., 130.,  81., 116., 145.,  70.,  64.,  99., 117.,
        114.,  59.,   0.,  31., 134.,  75.,  32.,  92.],
       [125.,  52.,  93., 119.,  70., 139., 151., 141.,  62., 156., 134.,
         92., 127.,  28., 161.,  56., 147., 120.,  53.,  79., 130., 148.,
        145.,  34.,  31.,   0., 165., 106.,  25., 123.],
       [156., 113., 142., 144., 115., 158.,  62., 160., 133.,  23.,  39.,
        153., 184., 159.,  72., 127.,  42., 139., 118., 110.,  35.,  59.,
         36., 139., 134., 165.,   0.,  59., 166.,  42.],
       [ 97.,  54.,  83., 131.,  56., 151.,  45., 153.,  74.,  50.,  28.,
        104., 139., 100.,  55.,  68.,  47., 132.,  59.,  51.,  24.,  42.,
         41.,  80.,  75., 106.,  59.,   0., 107.,  17.],
       [138.,  53., 112., 138.,  89., 158., 152., 160.,  81., 157., 135.,
        111., 146.,  17., 162.,  75., 148., 139.,  72.,  92., 131., 149.,
        146.,  53.,  32.,  25., 166., 107.,   0., 124.],
       [114.,  71., 100., 132.,  73., 146.,  36., 148.,  91.,  33.,  13.,
        121., 156., 117.,  46.,  85.,  30., 127.,  76.,  68.,   7.,  33.,
         24.,  97.,  92., 123.,  42.,  17., 124.,   0.]]), 'is_heuristic': True, 'total_time': 1.0782968997955322, 'ntsp': 0.13550433700015674, 'cost': 1101.0, 'agent_paths': {0: [(149, 61), (149, 62), (148, 62), (148, 63), (147, 63), (146, 63), (145, 63), (145, 64), (144, 64), (143, 64), (142, 64), (141, 64), (140, 64), (139, 64), (138, 64), (137, 64), (136, 64), (135, 64), (134, 64), (133, 64), (132, 64), (131, 64), (130, 64), (129, 64), (128, 64), (127, 64), (126, 64), (125, 64), (124, 64), (123, 64), (122, 64), (121, 64), (120, 64), (119, 64), (118, 64), (117, 64), (116, 64), (115, 64), (114, 64), (113, 64), (112, 64), (111, 64), (110, 64), (109, 64), (108, 64), (107, 64), (106, 64), (105, 64), (104, 64), (103, 64), (102, 64), (101, 64), (100, 64), (99, 64), (98, 64), (97, 64), (97, 63), (97, 62), (97, 61), (97, 60), (97, 59), (97, 58), (97, 57), (97, 56), (97, 55), (97, 54), (97, 53), (97, 52), (97, 51), (97, 50), (97, 49), (97, 48), (97, 47), (97, 46), (97, 45), (97, 44), (97, 43), (97, 42), (97, 41), (97, 40), (96, 40), (95, 40), (94, 40), (93, 40), (92, 40), (91, 40), (90, 40), (89, 40), (88, 40), (87, 40), (86, 40), (85, 40), (84, 40), (83, 40), (82, 40), (81, 40), (80, 40), (79, 40), (78, 40), (77, 40), (76, 40), (75, 40), (74, 40), (73, 40), (72, 40), (71, 40), (70, 40), (69, 40), (68, 40), (67, 40), (66, 40), (65, 40), (64, 40), (63, 40), (62, 40), (61, 40), (61, 39), (61, 38), (61, 37), (61, 36), (61, 35), (61, 34), (61, 34)], 1: [(75, 54), (75, 53), (75, 52), (76, 52), (77, 52), (78, 52), (79, 52), (80, 52), (81, 52), (82, 52), (83, 52), (84, 52), (85, 52), (86, 52), (87, 52), (88, 52), (89, 52), (90, 52), (91, 52), (92, 52), (93, 52), (94, 52), (95, 52), (96, 52), (97, 52), (97, 51), (97, 50), (97, 49), (97, 48), (97, 47), (97, 46), (97, 45), (97, 44), (97, 43), (97, 42), (97, 41), (97, 40), (96, 40), (95, 40), (94, 40), (93, 40), (92, 40), (91, 40), (90, 40), (89, 40), (88, 40), (87, 40), (86, 40), (85, 40), (84, 40), (83, 40), (83, 39), (83, 38), (83, 37), (83, 36), (82, 36), (81, 36), (80, 36), (79, 36), (78, 36), (77, 36), (76, 36), (75, 36), (74, 36), (73, 36), (72, 36), (71, 36), (70, 36), (69, 36), (69, 35), (69, 34), (69, 33), (69, 32), (69, 31), (69, 30), (69, 29), (69, 28), (69, 27), (69, 26), (69, 25), (69, 24), (69, 23), (69, 22), (70, 22), (71, 22), (72, 22), (73, 22), (74, 22), (75, 22), (76, 22), (77, 22), (78, 22), (79, 22), (80, 22), (81, 22), (82, 22), (83, 22), (83, 22)], 2: [(129, 73), (128, 73), (127, 73), (126, 73), (125, 73), (124, 73), (123, 73), (122, 73), (121, 73), (120, 73), (119, 73), (118, 73), (117, 73), (116, 73), (115, 73), (114, 73), (113, 73), (112, 73), (111, 73), (110, 73), (109, 73), (108, 73), (107, 73), (106, 73), (105, 73), (104, 73), (103, 73), (102, 73), (101, 73), (100, 73), (99, 73), (98, 73), (98, 74), (98, 75), (98, 76), (98, 77), (98, 78), (98, 79), (98, 80), (98, 81), (98, 82), (98, 83), (98, 84), (98, 85), (98, 86), (98, 87), (98, 88), (98, 89), (98, 90), (98, 91), (98, 92), (98, 93), (98, 94), (98, 95), (98, 96), (98, 97), (98, 98), (97, 98), (97, 99), (96, 99), (95, 99), (94, 99), (93, 99), (92, 99), (91, 99), (90, 99), (90, 100), (89, 100), (88, 100), (87, 100), (86, 100), (85, 100), (84, 100), (83, 100), (82, 100), (81, 100), (80, 100), (79, 100), (78, 100), (77, 100), (76, 100), (75, 100), (74, 100), (73, 100), (72, 100), (71, 100), (70, 100), (69, 100), (68, 100), (67, 100), (66, 100), (65, 100), (64, 100), (63, 100), (62, 100), (61, 100), (60, 100), (59, 100), (58, 100), (57, 100), (56, 100), (55, 100), (54, 100), (53, 100), (52, 100), (51, 100), (50, 100), (49, 100), (48, 100), (47, 100), (46, 100), (45, 100), (45, 99), (45, 98), (45, 97), (45, 96), (45, 95), (45, 94), (45, 93), (45, 92), (45, 91), (45, 90), (45, 89), (45, 88), (45, 87), (45, 86), (45, 85), (45, 84), (44, 84), (43, 84), (42, 84), (41, 84), (40, 84), (39, 84), (38, 84), (37, 84), (36, 84), (35, 84), (34, 84), (33, 84), (32, 84), (31, 84), (30, 84), (29, 84), (29, 83), (29, 82), (29, 81), (29, 80), (29, 79), (29, 78), (29, 77), (29, 76), (29, 75), (29, 74), (29, 73), (29, 72), (29, 71), (29, 70), (29, 69), (29, 68), (29, 67), (29, 66), (29, 65), (29, 64), (29, 63), (29, 62), (29, 61), (29, 60), (29, 59), (29, 58), (29, 57), (29, 56), (29, 55), (29, 54), (29, 53), (29, 52), (29, 51), (29, 50), (29, 49), (29, 48), (29, 47), (29, 46), (29, 45), (29, 44), (29, 43), (29, 42), (29, 41), (29, 40), (29, 39), (29, 38), (30, 38), (31, 38), (32, 38), (33, 38), (34, 38), (35, 38), (36, 38), (37, 38), (38, 38), (39, 38), (40, 38), (41, 38), (42, 38), (42, 38)], 3: [(53, 109), (53, 108), (53, 107), (53, 106), (53, 105), (53, 104), (53, 103), (53, 102), (53, 101), (53, 100), (53, 99), (54, 99), (55, 99), (56, 99), (57, 99), (58, 99), (59, 99), (60, 99), (61, 99), (62, 99), (63, 99), (64, 99), (65, 99), (66, 99), (67, 99), (68, 99), (69, 99), (70, 99), (71, 99), (72, 99), (73, 99), (74, 99), (75, 99), (76, 99), (77, 99), (78, 99), (79, 99), (80, 99), (81, 99), (82, 99), (83, 99), (84, 99), (85, 99), (86, 99), (87, 99), (88, 99), (89, 99), (90, 99), (91, 99), (92, 99), (93, 99), (94, 99), (95, 99), (96, 99), (97, 99), (97, 98), (97, 97), (97, 96), (97, 95), (97, 94), (97, 93), (97, 92), (97, 91), (97, 90), (97, 89), (97, 88), (97, 87), (96, 87), (95, 87), (94, 87), (93, 87), (92, 87), (91, 87), (90, 87), (89, 87), (88, 87), (87, 87), (86, 87), (85, 87), (84, 87), (83, 87), (82, 87), (81, 87), (80, 87), (80, 86), (80, 85), (80, 85)], 4: [(104, 71), (103, 71), (102, 71), (101, 71), (100, 71), (99, 71), (98, 71), (97, 71), (96, 71), (95, 71), (94, 71), (93, 71), (92, 71), (91, 71), (90, 71), (89, 71), (88, 71), (87, 71), (86, 71), (85, 71), (84, 71), (83, 71), (82, 71), (81, 71), (80, 71), (79, 71), (78, 71), (77, 71), (77, 70), (77, 69), (77, 68), (77, 67), (77, 66), (77, 65), (77, 64), (77, 63), (77, 62), (77, 61), (77, 60), (77, 59), (77, 58), (77, 57), (77, 56), (77, 55), (76, 55), (75, 55), (74, 55), (73, 55), (72, 55), (71, 55), (70, 55), (69, 55), (68, 55), (67, 55), (66, 55), (65, 55), (64, 55), (63, 55), (62, 55), (61, 55), (60, 55), (59, 55), (58, 55), (57, 55), (56, 55), (55, 55), (54, 55), (53, 55), (53, 56), (53, 57), (53, 58), (53, 59), (53, 60), (53, 61), (53, 62), (53, 63), (53, 64), (54, 64), (54, 65), (54, 66), (54, 67), (55, 67), (56, 67), (57, 67), (57, 66), (57, 65), (57, 64), (57, 63), (57, 62), (58, 62), (59, 62), (58, 62), (57, 62), (57, 63), (57, 64), (57, 65), (57, 66), (57, 67), (56, 67), (55, 67), (54, 67), (53, 67), (53, 66), (53, 65), (53, 64), (53, 63), (53, 62), (53, 61), (53, 60), (53, 59), (53, 58), (53, 57), (53, 56), (53, 55), (53, 54), (53, 53), (53, 53)], 5: [(42, 118), (42, 117), (42, 116), (42, 115), (42, 114), (42, 113), (42, 112), (42, 111), (42, 110), (42, 109), (42, 108), (43, 108), (44, 108), (45, 108), (46, 108), (47, 108), (48, 108), (49, 108), (50, 108), (50, 107), (50, 106), (50, 105), (50, 104), (50, 103), (50, 102), (50, 101), (50, 100), (50, 99), (51, 99), (52, 99), (53, 99), (54, 99), (55, 99), (56, 99), (57, 99), (58, 99), (59, 99), (60, 99), (61, 99), (62, 99), (63, 99), (64, 99), (65, 99), (66, 99), (67, 99), (68, 99), (69, 99), (70, 99), (71, 99), (72, 99), (73, 99), (74, 99), (75, 99), (76, 99), (77, 99), (78, 99), (79, 99), (80, 99), (81, 99), (82, 99), (83, 99), (84, 99), (85, 99), (86, 99), (87, 99), (88, 99), (89, 99), (90, 99), (91, 99), (92, 99), (93, 99), (94, 99), (95, 99), (96, 99), (97, 99), (97, 98), (97, 97), (97, 96), (97, 95), (97, 94), (97, 93), (97, 92), (97, 91), (97, 90), (97, 89), (97, 88), (97, 87), (98, 87), (99, 87), (100, 87), (99, 87), (98, 87), (97, 87), (96, 87), (95, 87), (94, 87), (93, 87), (92, 87), (91, 87), (90, 87), (89, 87), (88, 87), (87, 87), (86, 87), (85, 87), (84, 87), (83, 87), (82, 87), (81, 87), (80, 87), (79, 87), (78, 87), (77, 87), (76, 87), (75, 87), (74, 87), (73, 87), (72, 87), (71, 87), (70, 87), (69, 87), (68, 87), (67, 87), (66, 87), (65, 87), (64, 87), (63, 87), (62, 87), (61, 87), (60, 87), (59, 87), (58, 87), (57, 87), (56, 87), (55, 87), (54, 87), (53, 87), (52, 87), (51, 87), (50, 87), (50, 86), (50, 85), (50, 84), (50, 83), (50, 82), (50, 81), (50, 81)], 6: [(83, 19), (82, 19), (81, 19), (80, 19), (79, 19), (78, 19), (77, 19), (76, 19), (75, 19), (74, 19), (73, 19), (72, 19), (71, 19), (70, 19), (69, 19), (68, 19), (67, 19), (66, 19), (66, 20), (66, 21), (65, 21), (64, 21), (64, 22), (63, 22), (62, 22), (61, 22), (60, 22), (59, 22), (58, 22), (57, 22), (56, 22), (55, 22), (54, 22), (53, 22), (52, 22), (51, 22), (50, 22), (49, 22), (48, 22), (47, 22), (46, 22), (45, 22), (44, 22), (43, 22), (42, 22), (42, 23), (42, 24), (42, 25), (42, 26), (41, 26), (41, 27), (41, 28), (41, 29), (40, 29), (39, 29), (38, 29), (37, 29), (36, 29), (35, 29), (35, 28), (35, 27), (35, 26), (35, 25), (35, 25)], 7: [(34, 112), (34, 111), (34, 110), (34, 109), (35, 109), (36, 109), (37, 109), (38, 109), (39, 109), (40, 109), (41, 109), (41, 108), (42, 108), (43, 108), (44, 108), (45, 108), (46, 108), (47, 108), (48, 108), (49, 108), (50, 108), (50, 107), (50, 106), (50, 105), (50, 104), (50, 103), (50, 102), (50, 101), (50, 100), (50, 99), (51, 99), (52, 99), (53, 99), (54, 99), (55, 99), (56, 99), (57, 99), (58, 99), (59, 99), (60, 99), (61, 99), (62, 99), (63, 99), (64, 99), (65, 99), (66, 99), (67, 99), (68, 99), (69, 99), (70, 99), (71, 99), (72, 99), (73, 99), (74, 99), (75, 99), (76, 99), (77, 99), (78, 99), (79, 99), (80, 99), (81, 99), (82, 99), (83, 99), (84, 99), (85, 99), (86, 99), (87, 99), (88, 99), (89, 99), (90, 99), (91, 99), (92, 99), (93, 99), (94, 99), (95, 99), (96, 99), (97, 99), (97, 98), (97, 97), (97, 96), (97, 95), (97, 94), (97, 93), (97, 92), (97, 91), (97, 90), (97, 89), (97, 88), (97, 87), (97, 86), (97, 85), (97, 84), (97, 83), (97, 82), (97, 81), (97, 80), (97, 79), (97, 78), (97, 77), (97, 76), (97, 75), (97, 74), (97, 73), (97, 72), (97, 71), (97, 70), (97, 69), (97, 68), (97, 67), (97, 66), (97, 65), (97, 64), (97, 63), (97, 62), (97, 61), (97, 60), (97, 59), (97, 58), (97, 57), (97, 56), (97, 55), (97, 54), (97, 53), (97, 52), (97, 51), (97, 50), (97, 49), (97, 48), (97, 47), (97, 46), (97, 45), (97, 44), (97, 43), (97, 42), (97, 41), (97, 40), (96, 40), (95, 40), (94, 40), (93, 40), (92, 40), (91, 40), (90, 40), (89, 40), (88, 40), (87, 40), (86, 40), (85, 40), (84, 40), (83, 40), (82, 40), (82, 39), (82, 38), (82, 37), (82, 37)], 8: [(100, 93), (99, 93), (98, 93), (97, 93), (97, 92), (97, 91), (97, 90), (97, 89), (97, 88), (97, 87), (96, 87), (96, 86), (96, 85), (96, 84), (96, 83), (96, 82), (96, 81), (96, 80), (95, 80), (94, 80), (93, 80), (92, 80), (91, 80), (90, 80), (90, 81), (90, 82), (90, 83), (90, 84), (89, 84), (88, 84), (87, 84), (86, 84), (85, 84), (84, 84), (83, 84), (82, 84), (81, 84), (80, 84), (79, 84), (78, 84), (77, 84), (76, 84), (75, 84), (74, 84), (73, 84), (72, 84), (71, 84), (70, 84), (69, 84), (68, 84), (67, 84), (66, 84), (65, 84), (64, 84), (63, 84), (62, 84), (61, 84), (60, 84), (59, 84), (58, 84), (57, 84), (56, 84), (55, 84), (54, 84), (53, 84), (53, 83), (53, 82), (53, 81), (53, 80), (53, 79), (53, 78), (53, 77), (53, 76), (53, 75), (53, 74), (53, 73), (54, 73), (54, 72), (55, 72), (56, 72), (57, 72), (58, 72), (59, 72), (60, 72), (61, 72), (62, 72), (63, 72), (64, 72), (65, 72), (65, 73), (65, 73)], 9: [(47, 22), (48, 22), (49, 22), (50, 22), (51, 22), (52, 22), (53, 22), (54, 22), (55, 22), (56, 22), (57, 22), (58, 22), (59, 22), (60, 22), (61, 22), (62, 22), (62, 23), (62, 24), (62, 25), (62, 26), (62, 27), (62, 28), (62, 29), (62, 30), (62, 31), (62, 32), (62, 33), (62, 34), (62, 35), (62, 36), (63, 36), (64, 36), (65, 36), (65, 37), (65, 37)]}, 'target_assignment': {10474: {0}, 5569: {0}, 6059: {9}, 3647: {1}, 14194: {5}, 13172: {5}, 13056: {8}, 11891: {8}, 10103: {4}, 8639: {4}, 16271: {2}, 6198: {2}, 13850: {3}, 4085: {6}, 17384: {7}, 6076: {7}}, 'cluster_target_selection': {1: 10474, 0: 14194, 5: 13056, 2: 10103, 4: 16271, 3: 17384}, 'num_nodes': 18, 'max_step': 202, 'Astar_time': 7.797044277191162}