

CBSS-C STATS
starts:[727, 4636, 4284, 5019, 3238]
targets:[3404, 3654, 4445, 2656, 3655, 3543, 2889, 4697, 946, 3995]
dests:[281, 2006, 606, 4640, 1354]
ac_dict:{3404: {0, 1}, 3654: {1, 2}, 4445: {2, 3}, 2656: {3, 4}, 281: {0}, 2006: {1}, 606: {2}, 4640: {3}, 1354: {4}}
clusters:[0 1 0 0 0 0 0 1 0 1]

round: 1
best_g_value: 305.0
open_list_size: 0
num_low_level_expanded: 1591
search_success: 1
search_time: 0.12173948204144835
n_tsp_call: 1
n_tsp_time: 0.05601007118821144
n_roots: 1
num_conflicts: 0
target_assignment: {4697: 3, 2889: 1}
cluster_target_selection: {1: 4697, 0: 2889}
num_nodes_transformed_graph: 29
agent_paths:({0: [(12, 11), (12, 12), (12, 13), (12, 14), (12, 15), (12, 16), (12, 17), (12, 18), (12, 19), (13, 19), (14, 19), (15, 19), (16, 19), (17, 19), (18, 19), (18, 18), (19, 18), (20, 18), (20, 17), (20, 16), (20, 15), (20, 14), (20, 13), (20, 12), (20, 11), (20, 10), (20, 9), (20, 8), (20, 7), (20, 6), (20, 5), (20, 4), (21, 4), (21, 4)], 1: [(21, 71), (21, 70), (21, 69), (21, 68), (21, 67), (21, 66), (21, 65), (21, 64), (22, 64), (23, 64), (24, 64), (24, 63), (25, 63), (25, 62), (25, 61), (25, 60), (25, 59), (25, 58), (25, 57), (25, 56), (25, 55), (25, 54), (25, 53), (25, 52), (25, 51), (26, 51), (26, 50), (27, 50), (27, 49), (27, 48), (27, 47), (27, 46), (27, 45), (27, 44), (28, 44), (29, 44), (29, 43), (29, 42), (29, 41), (29, 40), (29, 39), (29, 38), (29, 37), (29, 36), (29, 35), (29, 34), (29, 33), (29, 32), (29, 31), (29, 30), (29, 29), (30, 29), (31, 29), (32, 29), (33, 29), (34, 29), (35, 29), (36, 29), (37, 29), (38, 29), (39, 29), (40, 29), (41, 29), (42, 29), (43, 29), (44, 29), (45, 29), (46, 29), (47, 29), (48, 29), (49, 29), (50, 29), (51, 29), (52, 29), (53, 29), (54, 29), (55, 29), (56, 29), (56, 30), (56, 30)], 2: [(59, 65), (58, 65), (57, 65), (56, 65), (55, 65), (54, 65), (53, 65), (53, 66), (52, 66), (51, 66), (50, 66), (49, 66), (48, 66), (47, 66), (46, 66), (45, 66), (44, 66), (43, 66), (42, 66), (41, 66), (40, 66), (39, 66), (38, 66), (37, 66), (36, 66), (35, 66), (34, 66), (34, 67), (33, 67), (32, 67), (31, 67), (30, 67), (29, 67), (28, 67), (27, 67), (27, 66), (27, 65), (27, 64), (27, 63), (27, 62), (27, 61), (27, 60), (27, 59), (27, 58), (27, 57), (27, 56), (27, 55), (27, 54), (27, 53), (27, 52), (27, 51), (27, 50), (27, 49), (27, 48), (27, 47), (27, 46), (27, 45), (26, 45), (26, 44), (25, 44), (24, 44), (23, 44), (22, 44), (21, 44), (21, 43), (21, 42), (21, 41), (21, 40), (21, 39), (21, 38), (21, 37), (21, 36), (21, 35), (21, 34), (21, 33), (21, 32), (21, 31), (21, 30), (21, 29), (21, 28), (21, 27), (21, 26), (21, 25), (21, 24), (21, 23), (21, 22), (21, 21), (21, 20), (21, 19), (21, 18), (21, 17), (21, 16), (21, 15), (21, 14), (21, 13), (21, 12), (21, 11), (21, 10), (21, 9), (21, 9)], 3: [(14, 77), (14, 76), (14, 75), (14, 74), (14, 73), (14, 72), (15, 72), (16, 72), (17, 72), (17, 71), (18, 71), (19, 71), (20, 71), (21, 71), (21, 70), (22, 70), (23, 70), (24, 70), (25, 70), (25, 71), (25, 71)], 4: [(53, 49), (53, 48), (53, 47), (53, 46), (53, 45), (53, 44), (53, 43), (53, 42), (53, 41), (53, 40), (53, 39), (53, 38), (52, 38), (51, 38), (50, 38), (49, 38), (48, 38), (47, 38), (46, 38), (45, 38), (44, 38), (43, 38), (42, 38), (41, 38), (40, 38), (39, 38), (38, 38), (38, 37), (37, 37), (36, 37), (35, 37), (34, 37), (34, 36), (34, 35), (33, 35), (32, 35), (31, 35), (30, 35), (29, 35), (29, 34), (29, 33), (29, 32), (29, 31), (29, 30), (29, 29), (29, 28), (29, 27), (30, 27), (31, 27), (32, 27), (33, 27), (34, 27), (35, 27), (36, 27), (37, 27), (38, 27), (39, 27), (40, 27), (41, 27), (42, 27), (43, 27), (44, 27), (45, 27), (46, 27), (47, 27), (48, 27), (49, 27), (50, 27), (51, 27), (51, 26), (51, 25), (51, 24), (51, 23), (51, 22), (51, 21), (51, 20), (52, 20), (53, 20), (54, 20), (54, 20)]}, 98)