

CBSS-C STATS
starts:[2506, 4946, 3714, 4462, 3827]
targets:[4698, 5084, 1000, 2619, 3567, 2843, 4447, 758, 593, 694]
dests:[1715, 3945, 4750, 1307, 2367]
ac_dict:{4698: {0, 1}, 5084: {1, 2}, 1000: {2, 3}, 2619: {3, 4}, 1715: {0}, 3945: {1}, 4750: {2}, 1307: {3}, 2367: {4}}
clusters:[4 2 1 3 1 0 3 0 2 1]

round: 1
best_g_value: 257.0
open_list_size: 0
num_low_level_expanded: 1006
search_success: 1
search_time: 0.17484188871458173
n_tsp_call: 1
n_tsp_time: 0.1340240091085434
n_roots: 1
num_conflicts: 0
target_assignment: {2619: 3, 5084: 2, 3567: 4, 2843: 4, 4698: 1}
cluster_target_selection: {3: 2619, 2: 5084, 1: 3567, 0: 2843, 4: 4698}
num_nodes_transformed_graph: 48
agent_paths:({0: [(36, 38), (35, 38), (34, 38), (33, 38), (32, 38), (31, 38), (30, 38), (29, 38), (28, 38), (27, 38), (26, 38), (25, 38), (25, 37), (25, 36), (25, 35), (25, 34), (25, 33), (25, 32), (25, 31), (25, 30), (25, 29), (25, 28), (25, 27), (25, 26), (25, 26)], 1: [(6, 76), (7, 76), (8, 76), (9, 76), (10, 76), (11, 76), (12, 76), (13, 76), (14, 76), (14, 75), (14, 74), (14, 73), (14, 72), (15, 72), (16, 72), (17, 72), (18, 72), (18, 71), (18, 70), (18, 69), (18, 68), (18, 67), (18, 66), (18, 65), (18, 64), (19, 64), (20, 64), (21, 64), (22, 64), (23, 64), (24, 64), (24, 63), (25, 63), (25, 62), (25, 61), (25, 60), (26, 60), (27, 60), (28, 60), (29, 60), (30, 60), (31, 60), (32, 60), (33, 60), (33, 59), (33, 58), (34, 58), (35, 58), (36, 58), (37, 58), (38, 58), (39, 58), (40, 58), (41, 58), (42, 58), (43, 58), (44, 58), (45, 58), (45, 59), (45, 60), (45, 60)], 2: [(9, 57), (10, 57), (11, 57), (11, 58), (11, 59), (11, 60), (12, 60), (12, 61), (13, 61), (14, 61), (14, 62), (14, 63), (14, 64), (14, 65), (14, 66), (14, 67), (14, 68), (14, 69), (14, 70), (14, 71), (14, 72), (14, 73), (14, 74), (14, 75), (14, 76), (14, 77), (14, 78), (13, 78), (12, 78), (11, 78), (10, 78), (9, 78), (8, 78), (7, 78), (6, 78), (5, 78), (5, 77), (5, 76), (5, 75), (5, 74), (5, 73), (5, 73)], 3: [(42, 68), (41, 68), (40, 68), (39, 68), (38, 68), (37, 68), (36, 68), (35, 68), (34, 68), (33, 68), (32, 68), (31, 68), (30, 68), (29, 68), (28, 68), (27, 68), (27, 67), (27, 66), (27, 65), (27, 64), (27, 63), (27, 62), (27, 61), (27, 60), (27, 59), (27, 58), (27, 57), (27, 56), (27, 55), (27, 54), (27, 53), (27, 52), (27, 51), (27, 50), (27, 49), (27, 48), (27, 47), (27, 46), (27, 45), (26, 45), (26, 44), (25, 44), (24, 44), (23, 44), (22, 44), (21, 44), (20, 44), (20, 43), (20, 42), (19, 42), (19, 41), (19, 40), (19, 39), (19, 38), (19, 37), (19, 36), (19, 35), (19, 34), (19, 33), (19, 32), (19, 31), (19, 30), (19, 29), (19, 28), (19, 27), (19, 26), (19, 25), (19, 24), (19, 23), (19, 22), (19, 21), (18, 21), (17, 21), (16, 21), (15, 21), (14, 21), (13, 21), (12, 21), (11, 21), (10, 21), (9, 21), (8, 21), (7, 21), (7, 20), (7, 20)], 4: [(57, 58), (57, 57), (57, 56), (57, 55), (57, 54), (56, 54), (55, 54), (54, 54), (53, 54), (52, 54), (52, 53), (52, 52), (52, 51), (52, 50), (52, 49), (52, 48), (51, 48), (51, 47), (51, 46), (51, 45), (50, 45), (49, 45), (48, 45), (48, 44), (48, 43), (47, 43), (47, 42), (46, 42), (45, 42), (44, 42), (43, 42), (42, 42), (41, 42), (40, 42), (39, 42), (38, 42), (37, 42), (36, 42), (35, 42), (34, 42), (33, 42), (32, 42), (31, 42), (30, 42), (29, 42), (28, 42), (27, 42), (27, 41), (27, 40), (27, 39), (27, 38), (27, 37), (27, 36), (27, 36)]}, 83)