

CBSS-C STATS
starts:[3548, 2827, 3800, 737, 1944]
targets:[865, 2557, 4916, 2499, 3992, 4510, 686, 4594, 1117, 3555]
dests:[2849, 3368, 4184, 3920, 1984]
ac_dict:{865: {0, 1}, 2557: {1, 2}, 4916: {2, 3}, 2499: {3, 4}, 2849: {0}, 3368: {1}, 4184: {2}, 3920: {3}, 1984: {4}}
clusters:[0 3 0 1 3 4 2 3 1 0]

round: 1
best_g_value: 225.0
open_list_size: 0
num_low_level_expanded: 692
search_success: 1
search_time: 0.08591292891651392
n_tsp_call: 1
n_tsp_time: 0.0561749329790473
n_roots: 1
num_conflicts: 0
target_assignment: {3555: 0, 686: 3, 2499: 3, 3992: 2, 4510: 2}
cluster_target_selection: {0: 3555, 2: 686, 1: 2499, 3: 3992, 4: 4510}
num_nodes_transformed_graph: 29
agent_paths:({0: [(38, 54), (39, 54), (40, 54), (41, 54), (42, 54), (43, 54), (44, 54), (45, 54), (45, 53), (44, 53), (43, 53), (42, 53), (41, 53), (40, 53), (39, 53), (38, 53), (37, 53), (36, 53), (35, 53), (34, 53), (33, 53), (33, 52), (33, 51), (32, 51), (31, 51), (30, 51), (30, 50), (29, 50), (29, 49), (29, 48), (29, 47), (29, 46), (29, 45), (29, 44), (29, 43), (30, 43), (31, 43), (32, 43), (33, 43), (34, 43), (35, 43), (36, 43), (37, 43), (37, 42), (38, 42), (39, 42), (40, 42), (41, 42), (42, 42), (43, 42), (44, 42), (45, 42), (46, 42), (47, 42), (48, 42), (49, 42), (50, 42), (51, 42), (52, 42), (53, 42), (54, 42), (54, 43), (54, 43)], 1: [(32, 43), (33, 43), (34, 43), (35, 43), (36, 43), (37, 43), (37, 42), (38, 42), (39, 42), (40, 42), (41, 42), (42, 42), (43, 42), (44, 42), (45, 42), (46, 42), (47, 42), (48, 42), (49, 42), (50, 42), (51, 42), (52, 42), (53, 42), (53, 43), (53, 44), (53, 45), (53, 46), (53, 47), (53, 48), (53, 49), (53, 50), (53, 51), (53, 51)], 2: [(30, 58), (29, 58), (28, 58), (27, 58), (27, 59), (27, 60), (27, 61), (26, 61), (25, 61), (25, 62), (25, 63), (25, 64), (25, 65), (25, 66), (25, 67), (25, 68), (25, 69), (24, 69), (24, 68), (24, 67), (24, 66), (24, 65), (24, 64), (24, 64)], 3: [(22, 11), (23, 11), (24, 11), (25, 11), (26, 11), (27, 11), (28, 11), (29, 11), (30, 11), (31, 11), (32, 11), (33, 11), (34, 11), (34, 10), (35, 10), (36, 10), (35, 10), (34, 10), (34, 11), (33, 11), (32, 11), (31, 11), (30, 11), (29, 11), (29, 12), (29, 13), (29, 14), (28, 14), (27, 14), (27, 15), (27, 16), (27, 17), (27, 18), (28, 18), (28, 19), (28, 20), (28, 21), (28, 22), (28, 23), (28, 24), (28, 25), (28, 26), (29, 26), (29, 27), (29, 28), (29, 29), (29, 30), (29, 31), (29, 32), (29, 33), (29, 34), (29, 35), (29, 36), (29, 37), (29, 38), (28, 38), (27, 38), (27, 39), (27, 40), (27, 41), (27, 42), (27, 43), (27, 44), (27, 45), (27, 46), (27, 47), (27, 48), (27, 49), (27, 50), (26, 50), (26, 51), (25, 51), (24, 51), (24, 52), (24, 53), (23, 53), (22, 53), (22, 54), (21, 54), (20, 54), (20, 55), (20, 56), (20, 57), (20, 58), (20, 59), (20, 60), (20, 60)], 4: [(59, 29), (58, 29), (57, 29), (56, 29), (55, 29), (54, 29), (53, 29), (52, 29), (51, 29), (50, 29), (49, 29), (48, 29), (47, 29), (46, 29), (45, 29), (44, 29), (43, 29), (42, 29), (41, 29), (40, 29), (39, 29), (38, 29), (37, 29), (36, 29), (35, 29), (34, 29), (34, 30), (34, 30)]}, 85)