

CBSS-C STATS
starts:[4927, 1741, 2848, 605, 3990]
targets:[539, 3565, 4599, 1370, 4658, 4542, 4347, 2504, 4881, 4531]
dests:[1614, 3656, 587, 1520, 4724]
ac_dict:{539: {0, 1}, 3565: {1, 2}, 4599: {2, 3}, 1370: {3, 4}, 1614: {0}, 3656: {1}, 587: {2}, 1520: {3}, 4724: {4}}
clusters:[0 0 1 1 0 0 0 1 0 0]

round: 2
best_g_value: 302.0
open_list_size: 1
num_low_level_expanded: 3004
search_success: 1
search_time: 0.1986455195583403
n_tsp_call: 1
n_tsp_time: 0.11606887867674232
n_roots: 1
num_conflicts: 1
target_assignment: {4658: 4, 2504: 2}
cluster_target_selection: {0: 4658, 1: 2504}
num_nodes_transformed_graph: 48
agent_paths:({0: [(52, 75), (52, 74), (52, 73), (52, 72), (52, 71), (52, 70), (52, 69), (52, 68), (51, 68), (50, 68), (49, 68), (48, 68), (47, 68), (46, 68), (45, 68), (44, 68), (43, 68), (42, 68), (41, 68), (40, 68), (39, 68), (39, 67), (38, 67), (37, 67), (36, 67), (35, 67), (34, 67), (33, 67), (32, 67), (31, 67), (30, 67), (29, 67), (29, 66), (28, 66), (27, 66), (27, 65), (27, 64), (27, 63), (27, 62), (27, 61), (27, 60), (27, 59), (27, 58), (27, 57), (27, 56), (27, 55), (27, 54), (27, 53), (27, 52), (27, 51), (27, 50), (27, 49), (27, 48), (27, 47), (27, 46), (27, 45), (27, 44), (27, 43), (27, 42), (27, 41), (27, 40), (27, 39), (27, 38), (27, 37), (27, 36), (27, 35), (27, 34), (27, 33), (27, 32), (27, 31), (27, 30), (27, 29), (27, 28), (27, 27), (28, 27), (29, 27), (30, 27), (31, 27), (32, 27), (33, 27), (34, 27), (35, 27), (36, 27), (37, 27), (38, 27), (39, 27), (40, 27), (41, 27), (42, 27), (43, 27), (44, 27), (45, 27), (46, 27), (47, 27), (48, 27), (49, 27), (50, 27), (51, 27), (51, 26), (51, 25), (51, 24), (52, 24), (53, 24), (54, 24), (54, 24)], 1: [(51, 26), (51, 27), (50, 27), (49, 27), (48, 27), (47, 27), (46, 27), (45, 27), (44, 27), (43, 27), (42, 27), (41, 27), (40, 27), (39, 27), (38, 27), (37, 27), (36, 27), (35, 27), (34, 27), (33, 27), (32, 27), (31, 27), (30, 27), (29, 27), (28, 27), (27, 27), (27, 28), (27, 29), (27, 30), (27, 31), (27, 32), (27, 33), (27, 34), (27, 35), (27, 36), (27, 37), (27, 38), (27, 39), (27, 40), (27, 41), (27, 42), (27, 43), (27, 44), (27, 45), (27, 46), (27, 47), (27, 48), (27, 49), (27, 50), (26, 50), (26, 51), (25, 51), (24, 51), (24, 52), (24, 53), (23, 53), (22, 53), (22, 54), (21, 54), (20, 54), (19, 54), (18, 54), (17, 54), (16, 54), (16, 55), (16, 56), (16, 56)], 2: [(53, 43), (52, 43), (51, 43), (50, 43), (49, 43), (48, 43), (47, 43), (47, 42), (46, 42), (45, 42), (44, 42), (43, 42), (42, 42), (41, 42), (40, 42), (39, 42), (38, 42), (37, 42), (36, 42), (35, 42), (34, 42), (34, 41), (34, 40), (34, 39), (34, 38), (33, 38), (32, 38), (31, 38), (30, 38), (29, 38), (28, 38), (27, 38), (26, 38), (25, 38), (24, 38), (23, 38), (22, 38), (21, 38), (20, 38), (19, 38), (19, 37), (19, 36), (19, 35), (19, 34), (19, 33), (19, 32), (19, 31), (19, 30), (19, 29), (19, 28), (19, 27), (19, 26), (19, 25), (19, 24), (19, 23), (19, 22), (19, 21), (18, 21), (17, 21), (16, 21), (15, 21), (14, 21), (13, 21), (12, 21), (11, 21), (10, 21), (9, 21), (8, 21), (7, 21), (6, 21), (5, 21), (4, 21), (4, 20), (4, 19), (4, 18), (4, 17), (4, 16), (4, 15), (4, 14), (3, 14), (3, 13), (3, 12), (3, 11), (3, 10), (2, 10), (2, 9), (2, 9)], 3: [(20, 9), (21, 9), (22, 9), (23, 9), (24, 9), (25, 9), (25, 10), (25, 11), (25, 12), (25, 13), (25, 14), (25, 15), (25, 16), (25, 17), (25, 18), (25, 19), (25, 20), (25, 21), (25, 22), (25, 23), (25, 23)], 4: [(25, 61), (26, 61), (27, 61), (27, 62), (27, 63), (27, 64), (27, 65), (27, 66), (28, 66), (29, 66), (29, 67), (30, 67), (31, 67), (32, 67), (33, 67), (34, 67), (35, 67), (36, 67), (37, 67), (38, 67), (39, 67), (40, 67), (41, 67), (42, 67), (43, 67), (43, 68), (43, 69), (43, 70), (43, 71), (44, 71), (44, 72), (44, 72)]}, 103)