

CBSS-C STATS
starts:[481, 2774, 2713, 4341, 2511]
targets:[2503, 637, 1927, 3998, 1909, 2766, 3431, 248, 3760, 383]
dests:[4178, 2165, 3581, 5015, 1805]
ac_dict:{2503: {0, 1}, 637: {1, 2}, 1927: {2, 3}, 3998: {3, 4}, 4178: {0}, 2165: {1}, 3581: {2}, 5015: {3}, 1805: {4}}
clusters:[1 1 0 1 1 1 0 1 0 0]

round: 1
best_g_value: 282.0
open_list_size: 0
num_low_level_expanded: 1597
search_success: 1
search_time: 0.11105815600603819
n_tsp_call: 1
n_tsp_time: 0.05856203008443117
n_roots: 1
num_conflicts: 0
target_assignment: {3431: 2, 2503: 1}
cluster_target_selection: {0: 3431, 1: 2503}
num_nodes_transformed_graph: 29
agent_paths:({0: [(26, 7), (26, 8), (26, 9), (26, 10), (26, 11), (26, 12), (26, 13), (26, 14), (26, 15), (26, 16), (26, 17), (26, 18), (26, 19), (26, 20), (26, 21), (26, 22), (26, 23), (26, 24), (26, 25), (26, 26), (26, 27), (26, 28), (26, 29), (26, 30), (26, 31), (26, 32), (26, 33), (26, 34), (26, 35), (26, 36), (26, 37), (26, 38), (26, 39), (26, 40), (26, 41), (26, 42), (26, 43), (26, 44), (26, 45), (27, 45), (27, 46), (27, 47), (27, 48), (27, 49), (27, 50), (26, 50), (26, 51), (25, 51), (24, 51), (24, 52), (24, 53), (23, 53), (22, 53), (22, 54), (21, 54), (20, 54), (19, 54), (18, 54), (18, 55), (18, 56), (18, 57), (18, 58), (18, 59), (18, 60), (18, 61), (18, 62), (18, 63), (18, 64), (18, 64)], 1: [(44, 42), (43, 42), (42, 42), (41, 42), (40, 42), (39, 42), (38, 42), (37, 42), (36, 42), (35, 42), (34, 42), (33, 42), (33, 41), (33, 40), (33, 39), (33, 38), (32, 38), (31, 38), (30, 38), (29, 38), (28, 38), (27, 38), (26, 38), (25, 38), (24, 38), (23, 38), (22, 38), (21, 38), (20, 38), (20, 37), (20, 36), (20, 35), (20, 34), (20, 33), (20, 33)], 2: [(48, 41), (49, 41), (50, 41), (51, 41), (51, 42), (51, 43), (51, 44), (51, 45), (51, 46), (51, 47), (51, 48), (52, 48), (52, 49), (52, 50), (51, 50), (51, 51), (51, 52), (51, 51), (51, 50), (52, 50), (52, 49), (52, 48), (51, 48), (51, 47), (51, 46), (51, 45), (50, 45), (49, 45), (48, 45), (47, 45), (47, 44), (47, 43), (47, 42), (46, 42), (45, 42), (44, 42), (43, 42), (42, 42), (41, 42), (40, 42), (39, 42), (38, 42), (37, 42), (36, 42), (35, 42), (34, 42), (33, 42), (32, 42), (31, 42), (30, 42), (29, 42), (28, 42), (27, 42), (27, 43), (27, 44), (27, 45), (27, 46), (27, 47), (27, 48), (27, 49), (27, 50), (26, 50), (26, 51), (25, 51), (24, 51), (24, 52), (24, 53), (23, 53), (22, 53), (22, 54), (21, 54), (20, 54), (19, 54), (18, 54), (17, 54), (16, 54), (15, 54), (14, 54), (13, 54), (12, 54), (11, 54), (10, 54), (9, 54), (8, 54), (7, 54), (6, 54), (6, 55), (6, 55)], 3: [(51, 66), (50, 66), (49, 66), (48, 66), (47, 66), (46, 66), (45, 66), (44, 66), (43, 66), (42, 66), (41, 66), (40, 66), (39, 66), (38, 66), (37, 66), (36, 66), (35, 66), (34, 66), (34, 67), (33, 67), (32, 67), (31, 67), (30, 67), (29, 67), (28, 67), (27, 67), (26, 67), (25, 67), (24, 67), (23, 67), (22, 67), (21, 67), (20, 67), (19, 67), (18, 67), (17, 67), (16, 67), (15, 67), (14, 67), (14, 68), (14, 69), (14, 70), (14, 71), (14, 72), (14, 73), (14, 74), (14, 75), (14, 76), (13, 76), (12, 76), (11, 76), (10, 76), (10, 77), (10, 77)], 4: [(41, 38), (40, 38), (39, 38), (38, 38), (38, 37), (37, 37), (36, 37), (35, 37), (34, 37), (34, 36), (34, 35), (33, 35), (32, 35), (31, 35), (30, 35), (29, 35), (29, 34), (29, 33), (29, 32), (29, 31), (29, 30), (29, 29), (29, 28), (29, 27), (30, 27), (31, 27), (32, 27), (33, 27), (34, 27), (35, 27), (36, 27), (37, 27), (38, 27), (39, 27), (40, 27), (41, 27), (42, 27), (43, 27), (44, 27), (45, 27), (46, 27), (47, 27), (48, 27), (49, 27), (50, 27), (50, 27)]}, 86)