

CBSS-C STATS
starts:[4518, 3552, 4946, 1271, 4752]
targets:[480, 696, 1316, 4005, 1800, 4624, 4396, 2697, 3551, 1912]
dests:[4371, 3757, 4889, 2897, 4509]
ac_dict:{480: {0, 1}, 696: {1, 2}, 1316: {2, 3}, 4005: {3, 4}, 4371: {0}, 3757: {1}, 4889: {2}, 2897: {3}, 4509: {4}}
clusters:[4 2 4 2 3 2 0 1 2 2]

round: 2
best_g_value: 232.0
open_list_size: 1
num_low_level_expanded: 1071
search_success: 1
search_time: 0.19670801609754562
n_tsp_call: 1
n_tsp_time: 0.15110753709450364
n_roots: 1
num_conflicts: 1
target_assignment: {4396: 0, 1800: 3, 1316: 3, 1912: 3, 2697: 3}
cluster_target_selection: {0: 4396, 3: 1800, 4: 1316, 2: 1912, 1: 2697}
num_nodes_transformed_graph: 48
agent_paths:({0: [(33, 69), (33, 68), (33, 67), (34, 67), (35, 67), (36, 67), (37, 67), (38, 67), (39, 67), (40, 67), (41, 67), (40, 67), (39, 67), (38, 67), (37, 67), (36, 67), (35, 67), (34, 67), (33, 67), (32, 67), (31, 67), (30, 67), (29, 67), (28, 67), (27, 67), (26, 67), (25, 67), (24, 67), (23, 67), (22, 67), (21, 67), (20, 67), (19, 67), (18, 67), (17, 67), (16, 67), (16, 67)], 1: [(42, 54), (41, 54), (40, 54), (39, 54), (38, 54), (37, 54), (36, 54), (35, 54), (34, 54), (33, 54), (32, 54), (31, 54), (30, 54), (29, 54), (29, 53), (29, 52), (29, 51), (29, 50), (29, 49), (29, 48), (29, 47), (29, 46), (29, 45), (30, 45), (30, 44), (31, 44), (32, 44), (33, 44), (34, 44), (35, 44), (36, 44), (37, 44), (37, 43), (37, 42), (38, 42), (39, 42), (40, 42), (41, 42), (42, 42), (43, 42), (44, 42), (45, 42), (46, 42), (47, 42), (48, 42), (49, 42), (50, 42), (51, 42), (52, 42), (52, 43), (52, 44), (52, 45), (52, 46), (52, 47), (52, 48), (52, 49), (52, 50), (52, 51), (52, 52), (52, 53), (52, 54), (52, 55), (52, 56), (52, 57), (52, 57)], 2: [(6, 76), (7, 76), (8, 76), (9, 76), (10, 76), (11, 76), (12, 76), (13, 76), (14, 76), (14, 75), (14, 75)], 3: [(36, 19), (37, 19), (38, 19), (38, 20), (38, 21), (38, 22), (38, 23), (38, 24), (38, 25), (38, 26), (38, 27), (39, 27), (40, 27), (41, 27), (42, 27), (43, 27), (44, 27), (45, 27), (44, 27), (43, 27), (42, 27), (41, 27), (40, 27), (39, 27), (38, 27), (37, 27), (36, 27), (35, 27), (34, 27), (33, 27), (32, 27), (31, 27), (30, 27), (29, 27), (28, 27), (27, 27), (26, 27), (25, 27), (24, 27), (23, 27), (22, 27), (21, 27), (20, 27), (19, 27), (19, 26), (19, 25), (19, 24), (19, 23), (19, 22), (19, 21), (18, 21), (17, 21), (16, 21), (16, 20), (17, 20), (18, 20), (19, 20), (20, 20), (21, 20), (22, 20), (23, 20), (24, 20), (25, 20), (26, 20), (27, 20), (27, 21), (27, 22), (27, 23), (27, 24), (27, 25), (27, 26), (27, 27), (27, 28), (27, 29), (28, 29), (29, 29), (29, 30), (29, 31), (29, 32), (29, 33), (29, 34), (29, 35), (30, 35), (31, 35), (32, 35), (32, 36), (32, 37), (32, 38), (32, 39), (32, 40), (32, 41), (33, 41), (34, 41), (35, 41), (36, 41), (37, 41), (37, 42), (37, 43), (37, 44), (37, 44)], 4: [(7, 73), (8, 73), (9, 73), (9, 74), (9, 75), (9, 76), (10, 76), (11, 76), (12, 76), (13, 76), (14, 76), (15, 76), (15, 75), (15, 74), (15, 73), (15, 72), (15, 71), (15, 70), (15, 69), (16, 69), (17, 69), (18, 69), (19, 69), (20, 69), (21, 69), (22, 69), (23, 69), (24, 69), (24, 69)]}, 98)