

CBSS-C STATS
starts:[3544, 3648, 853, 4439, 4951]
targets:[956, 2455, 3258, 788, 4997, 2495, 1841, 2430, 4817, 918]
dests:[3490, 4113, 2562, 1923, 2572]
ac_dict:{956: {0, 1}, 2455: {1, 2}, 3258: {2, 3}, 788: {3, 4}, 3490: {0}, 4113: {1}, 2562: {2}, 1923: {3}, 2572: {4}}
clusters:[4 3 4 1 2 0 1 1 1 4]

round: 2
best_g_value: 317.0
open_list_size: 1
num_low_level_expanded: 3434
search_success: 1
search_time: 0.26856293622404337
n_tsp_call: 1
n_tsp_time: 0.1750388308428228
n_roots: 1
num_conflicts: 1
target_assignment: {918: 2, 2430: 2, 2495: 2, 2455: 2, 4997: 4}
cluster_target_selection: {4: 918, 1: 2430, 0: 2495, 3: 2455, 2: 4997}
num_nodes_transformed_graph: 48
agent_paths:({0: [(34, 54), (34, 53), (35, 53), (36, 53), (37, 53), (38, 53), (39, 53), (40, 53), (41, 53), (42, 53), (43, 53), (44, 53), (45, 53), (45, 53)], 1: [(8, 56), (9, 56), (10, 56), (11, 56), (12, 56), (13, 56), (14, 56), (15, 56), (16, 56), (17, 56), (18, 56), (18, 57), (18, 58), (18, 59), (18, 60), (18, 61), (18, 62), (18, 63), (18, 63)], 2: [(8, 13), (8, 14), (9, 14), (10, 14), (11, 14), (12, 14), (12, 15), (12, 16), (12, 17), (12, 18), (12, 19), (13, 19), (14, 19), (15, 19), (16, 19), (17, 19), (18, 19), (19, 19), (20, 19), (21, 19), (22, 19), (23, 19), (24, 19), (25, 19), (25, 20), (25, 21), (25, 22), (25, 23), (25, 24), (25, 25), (25, 26), (25, 27), (25, 28), (25, 29), (25, 30), (25, 31), (25, 32), (25, 33), (25, 34), (25, 35), (25, 36), (25, 37), (25, 38), (26, 38), (27, 38), (28, 38), (29, 38), (30, 38), (31, 38), (32, 38), (33, 38), (34, 38), (35, 38), (36, 38), (37, 38), (38, 38), (39, 38), (40, 38), (41, 38), (42, 38), (43, 38), (44, 38), (45, 38), (46, 38), (47, 38), (48, 38), (49, 38), (50, 38), (50, 37), (50, 38), (49, 38), (48, 38), (47, 38), (46, 38), (45, 38), (44, 38), (43, 38), (42, 38), (41, 38), (40, 38), (39, 38), (38, 38), (37, 38), (36, 38), (35, 38), (34, 38), (33, 38), (32, 38), (31, 38), (30, 38), (29, 38), (28, 38), (27, 38), (27, 39), (27, 39)], 3: [(19, 68), (19, 67), (19, 66), (19, 65), (19, 64), (19, 63), (19, 62), (19, 61), (19, 60), (19, 59), (19, 58), (19, 57), (19, 56), (19, 55), (19, 54), (20, 54), (21, 54), (22, 54), (22, 53), (23, 53), (24, 53), (24, 52), (24, 51), (25, 51), (26, 51), (26, 50), (27, 50), (27, 49), (27, 48), (27, 47), (27, 46), (27, 45), (27, 44), (27, 43), (27, 42), (27, 41), (27, 40), (27, 39), (27, 38), (27, 37), (27, 36), (27, 35), (27, 34), (27, 33), (27, 32), (27, 31), (27, 30), (27, 29), (28, 29), (29, 29), (30, 29), (31, 29), (32, 29), (33, 29), (34, 29), (35, 29), (36, 29), (37, 29), (38, 29), (38, 29)], 4: [(11, 76), (12, 76), (13, 76), (14, 76), (15, 76), (16, 76), (16, 75), (17, 75), (18, 75), (19, 75), (20, 75), (21, 75), (21, 74), (21, 73), (21, 72), (21, 71), (21, 70), (22, 70), (23, 70), (24, 70), (25, 70), (26, 70), (27, 70), (28, 70), (29, 70), (29, 69), (30, 69), (31, 69), (32, 69), (33, 69), (34, 69), (35, 69), (36, 69), (37, 69), (38, 69), (39, 69), (40, 69), (41, 69), (42, 69), (43, 69), (44, 69), (45, 69), (46, 69), (47, 69), (48, 69), (49, 69), (50, 69), (51, 69), (52, 69), (53, 69), (54, 69), (55, 69), (56, 69), (57, 69), (57, 70), (57, 71), (57, 72), (57, 73), (57, 74), (57, 75), (57, 76), (56, 76), (55, 76), (54, 76), (53, 76), (52, 76), (51, 76), (50, 76), (49, 76), (48, 76), (47, 76), (46, 76), (45, 76), (44, 76), (43, 76), (42, 76), (41, 76), (40, 76), (39, 76), (38, 76), (37, 76), (37, 75), (37, 74), (37, 73), (37, 72), (37, 71), (37, 70), (37, 69), (37, 68), (37, 67), (36, 67), (35, 67), (34, 67), (33, 67), (32, 67), (31, 67), (30, 67), (29, 67), (29, 66), (28, 66), (27, 66), (27, 65), (27, 64), (27, 63), (27, 62), (27, 61), (27, 60), (27, 59), (27, 58), (27, 57), (27, 56), (27, 55), (27, 54), (27, 53), (27, 52), (27, 51), (27, 50), (27, 49), (27, 48), (27, 47), (27, 46), (27, 45), (27, 44), (27, 43), (27, 42), (27, 41), (27, 40), (28, 40), (28, 39), (29, 39), (30, 39), (31, 39), (32, 39), (33, 39), (34, 39), (35, 39), (36, 39), (37, 39), (37, 39)]}, 137)