

CBSS-C STATS
starts:[3647, 4010, 771, 1352, 916]
targets:[2629, 2232, 3541, 546, 2585, 4388, 3977, 4784, 2233, 2435]
dests:[1115, 612, 1064, 4378, 659]
ac_dict:{2629: {0, 1}, 2232: {1, 2}, 3541: {2, 3}, 546: {3, 4}, 1115: {0}, 612: {1}, 1064: {2}, 4378: {3}, 659: {4}}
clusters:[1 1 1 1 0 1 0 0 1 1]

round: 2
best_g_value: 278.0
open_list_size: 1
num_low_level_expanded: 1735
search_success: 1
search_time: 0.16648271586745977
n_tsp_call: 1
n_tsp_time: 0.10008917329832911
n_roots: 1
num_conflicts: 1
target_assignment: {3977: 0, 2233: 0}
cluster_target_selection: {0: 3977, 1: 2233}
num_nodes_transformed_graph: 48
agent_paths:({0: [(7, 56), (8, 56), (9, 56), (10, 56), (11, 56), (11, 57), (11, 58), (11, 59), (11, 60), (12, 60), (12, 61), (13, 61), (14, 61), (14, 62), (15, 62), (16, 62), (17, 62), (17, 61), (17, 60), (17, 59), (17, 58), (17, 57), (17, 56), (17, 55), (17, 54), (18, 54), (19, 54), (20, 54), (21, 54), (22, 54), (22, 53), (23, 53), (24, 53), (24, 52), (24, 51), (25, 51), (26, 51), (26, 50), (27, 50), (27, 49), (27, 48), (27, 47), (27, 46), (27, 45), (26, 45), (26, 44), (25, 44), (24, 44), (23, 44), (23, 43), (23, 42), (23, 41), (23, 40), (23, 39), (23, 38), (23, 37), (23, 36), (23, 35), (23, 34), (22, 34), (21, 34), (20, 34), (19, 34), (19, 33), (19, 32), (19, 31), (19, 30), (19, 29), (19, 28), (19, 27), (19, 26), (19, 25), (19, 24), (19, 23), (19, 22), (19, 21), (18, 21), (17, 21), (16, 21), (15, 21), (14, 21), (13, 21), (12, 21), (11, 21), (10, 21), (10, 20), (10, 19), (10, 18), (10, 17), (10, 17)], 1: [(45, 61), (45, 60), (45, 59), (44, 59), (44, 58), (43, 58), (42, 58), (41, 58), (40, 58), (39, 58), (38, 58), (37, 58), (36, 58), (35, 58), (34, 58), (33, 58), (32, 58), (31, 58), (30, 58), (29, 58), (28, 58), (28, 57), (28, 56), (28, 55), (28, 54), (28, 53), (28, 52), (28, 51), (28, 50), (28, 49), (28, 48), (28, 47), (28, 46), (28, 45), (28, 44), (28, 43), (28, 42), (28, 41), (28, 40), (28, 39), (28, 38), (28, 37), (28, 36), (27, 36), (27, 35), (27, 34), (27, 33), (27, 32), (27, 31), (27, 30), (27, 29), (27, 28), (27, 27), (27, 26), (27, 25), (27, 24), (27, 23), (27, 22), (27, 21), (27, 20), (27, 19), (27, 18), (27, 17), (27, 16), (27, 15), (27, 14), (27, 13), (27, 12), (27, 11), (27, 10), (27, 9), (27, 9)], 2: [(56, 11), (55, 11), (54, 11), (53, 11), (52, 11), (51, 11), (50, 11), (49, 11), (48, 11), (47, 11), (46, 11), (45, 11), (44, 11), (43, 11), (42, 11), (41, 11), (40, 11), (39, 11), (38, 11), (37, 11), (36, 11), (35, 11), (34, 11), (33, 11), (32, 11), (31, 11), (30, 11), (29, 11), (28, 11), (27, 11), (26, 11), (25, 11), (24, 11), (24, 12), (24, 13), (24, 14), (24, 15), (24, 16), (24, 16)], 3: [(52, 20), (51, 20), (51, 21), (51, 22), (51, 23), (51, 24), (51, 25), (51, 26), (51, 27), (50, 27), (49, 27), (48, 27), (47, 27), (46, 27), (45, 27), (44, 27), (43, 27), (42, 27), (41, 27), (40, 27), (39, 27), (38, 27), (37, 27), (36, 27), (35, 27), (34, 27), (33, 27), (32, 27), (31, 27), (30, 27), (29, 27), (28, 27), (27, 27), (27, 28), (27, 29), (27, 30), (27, 31), (27, 32), (27, 33), (27, 34), (27, 35), (27, 36), (27, 37), (27, 38), (27, 39), (27, 40), (27, 41), (27, 42), (27, 43), (27, 44), (27, 45), (27, 46), (27, 47), (27, 48), (27, 49), (27, 50), (26, 50), (26, 51), (25, 51), (25, 52), (25, 53), (25, 54), (25, 55), (25, 56), (25, 57), (25, 58), (25, 59), (25, 60), (25, 61), (25, 62), (25, 63), (24, 63), (24, 64), (23, 64), (23, 65), (23, 66), (23, 67), (23, 67)], 4: [(6, 14), (6, 13), (6, 12), (6, 11), (6, 10), (7, 10), (8, 10), (9, 10), (9, 10)]}, 88)