

CBSS-C STATS
starts:[4305, 3486, 2167, 5091, 2447]
targets:[3107, 2569, 4511, 1503, 3665, 382, 3727, 4501, 457, 1919]
dests:[4624, 4036, 1190, 5108, 4785]
ac_dict:{3107: {0, 1}, 2569: {1, 2}, 4511: {2, 3}, 1503: {3, 4}, 4624: {0}, 4036: {1}, 1190: {2}, 5108: {3}, 4785: {4}}
clusters:[1 1 1 0 1 1 1 0 1 1]

round: 1
best_g_value: 183.0
open_list_size: 0
num_low_level_expanded: 945
search_success: 1
search_time: 0.08715658774599433
n_tsp_call: 1
n_tsp_time: 0.051118513103574514
n_roots: 1
num_conflicts: 0
target_assignment: {4501: 0, 3727: 1}
cluster_target_selection: {0: 4501, 1: 3727}
num_nodes_transformed_graph: 29
agent_paths:({0: [(15, 66), (16, 66), (16, 67), (16, 68), (16, 69), (15, 69), (14, 69), (14, 70), (14, 71), (14, 72), (14, 73), (14, 74), (14, 75), (14, 76), (13, 76), (12, 76), (11, 76), (10, 76), (9, 76), (9, 75), (9, 74), (9, 73), (9, 72), (9, 71), (9, 71)], 1: [(41, 53), (40, 53), (39, 53), (38, 53), (37, 53), (36, 53), (35, 53), (34, 53), (33, 53), (32, 53), (31, 53), (30, 53), (29, 53), (28, 53), (27, 53), (26, 53), (25, 53), (24, 53), (23, 53), (22, 53), (22, 54), (22, 55), (22, 56), (22, 57), (21, 57), (20, 57), (19, 57), (18, 57), (17, 57), (17, 58), (17, 59), (17, 60), (17, 61), (17, 62), (16, 62), (15, 62), (14, 62), (13, 62), (12, 62), (11, 62), (10, 62), (9, 62), (8, 62), (7, 62), (6, 62), (6, 62)], 2: [(22, 33), (21, 33), (20, 33), (20, 32), (20, 31), (20, 30), (20, 29), (20, 28), (20, 27), (20, 26), (20, 25), (20, 24), (20, 23), (20, 22), (20, 21), (20, 20), (20, 19), (20, 18), (20, 18)], 3: [(21, 78), (21, 77), (21, 76), (21, 75), (21, 74), (21, 73), (21, 72), (21, 71), (21, 70), (22, 70), (23, 70), (24, 70), (25, 70), (26, 70), (27, 70), (28, 70), (29, 70), (29, 69), (30, 69), (31, 69), (32, 69), (33, 69), (34, 69), (35, 69), (36, 69), (37, 69), (38, 69), (38, 70), (38, 71), (38, 72), (38, 73), (38, 74), (38, 75), (38, 76), (38, 77), (38, 78), (38, 78)], 4: [(42, 37), (42, 38), (41, 38), (40, 38), (40, 39), (40, 40), (40, 41), (40, 42), (39, 42), (38, 42), (37, 42), (37, 43), (37, 44), (36, 44), (35, 44), (34, 44), (33, 44), (32, 44), (31, 44), (30, 44), (30, 45), (29, 45), (29, 46), (29, 47), (29, 48), (29, 49), (29, 50), (29, 51), (29, 52), (29, 53), (29, 54), (29, 55), (29, 56), (29, 57), (29, 58), (29, 59), (29, 60), (29, 61), (29, 62), (28, 62), (27, 62), (27, 63), (27, 64), (27, 65), (27, 66), (28, 66), (29, 66), (29, 67), (30, 67), (31, 67), (32, 67), (33, 67), (34, 67), (35, 67), (36, 67), (37, 67), (38, 67), (39, 67), (40, 67), (40, 68), (40, 69), (40, 70), (40, 71), (40, 72), (40, 73), (40, 73)]}, 64)