

CBSS-C STATS
starts:[4838, 2620, 2593, 4108, 270]
targets:[3955, 761, 4867, 1587, 689, 3043, 3773, 2504, 1257, 2463]
dests:[3860, 1997, 1583, 3462, 4544]
ac_dict:{3955: {0, 1}, 761: {1, 2}, 4867: {2, 3}, 1587: {3, 4}, 3860: {0}, 1997: {1}, 1583: {2}, 3462: {3}, 4544: {4}}
clusters:[1 1 0 1 1 1 0 0 1 0]

round: 1
best_g_value: 235.0
open_list_size: 0
num_low_level_expanded: 1490
search_success: 1
search_time: 0.15792650915682316
n_tsp_call: 1
n_tsp_time: 0.11127801286056638
n_roots: 1
num_conflicts: 0
target_assignment: {2504: 2, 1257: 4}
cluster_target_selection: {0: 2504, 1: 1257}
num_nodes_transformed_graph: 48
agent_paths:({0: [(28, 74), (28, 73), (28, 72), (27, 72), (26, 72), (25, 72), (25, 71), (25, 70), (25, 69), (25, 68), (25, 67), (25, 66), (25, 65), (25, 64), (25, 63), (25, 62), (25, 61), (25, 60), (25, 59), (25, 59)], 1: [(20, 40), (20, 39), (20, 38), (20, 37), (20, 36), (20, 35), (20, 34), (20, 33), (20, 32), (20, 31), (20, 30), (21, 30), (22, 30), (23, 30), (24, 30), (25, 30), (26, 30), (27, 30), (28, 30), (29, 30), (29, 29), (30, 29), (31, 29), (32, 29), (33, 29), (34, 29), (35, 29), (36, 29), (37, 29), (38, 29), (39, 29), (40, 29), (41, 29), (42, 29), (43, 29), (44, 29), (45, 29), (46, 29), (47, 29), (47, 30), (47, 30)], 2: [(58, 39), (57, 39), (56, 39), (55, 39), (54, 39), (53, 39), (52, 39), (51, 39), (50, 39), (49, 39), (48, 39), (47, 39), (46, 39), (45, 39), (44, 39), (43, 39), (42, 39), (41, 39), (40, 39), (39, 39), (38, 39), (37, 39), (36, 39), (35, 39), (34, 39), (34, 38), (33, 38), (32, 38), (31, 38), (30, 38), (29, 38), (28, 38), (27, 38), (26, 38), (25, 38), (24, 38), (23, 38), (23, 37), (23, 36), (23, 35), (23, 34), (23, 33), (23, 32), (23, 31), (23, 30), (23, 29), (23, 28), (23, 27), (23, 26), (23, 25), (23, 24), (23, 24)], 3: [(13, 63), (13, 62), (14, 62), (15, 62), (16, 62), (17, 62), (17, 61), (17, 60), (17, 59), (17, 58), (17, 57), (17, 56), (17, 55), (17, 54), (17, 53), (17, 53)], 4: [(10, 4), (10, 5), (10, 6), (10, 7), (10, 8), (10, 9), (10, 10), (10, 11), (11, 11), (12, 11), (12, 12), (12, 13), (12, 14), (12, 15), (12, 16), (12, 17), (12, 18), (12, 19), (13, 19), (14, 19), (15, 19), (16, 19), (17, 19), (18, 19), (19, 19), (20, 19), (21, 19), (22, 19), (23, 19), (24, 19), (25, 19), (26, 19), (27, 19), (27, 20), (27, 21), (27, 22), (27, 23), (27, 24), (27, 25), (27, 26), (27, 27), (27, 28), (27, 29), (27, 30), (27, 31), (27, 32), (27, 33), (27, 34), (27, 35), (27, 36), (27, 37), (27, 38), (27, 39), (27, 40), (27, 41), (27, 42), (27, 43), (27, 44), (27, 45), (27, 46), (27, 47), (27, 48), (27, 49), (27, 50), (27, 51), (27, 52), (27, 53), (27, 54), (27, 55), (27, 56), (27, 57), (27, 58), (27, 59), (27, 60), (27, 61), (27, 62), (27, 63), (27, 64), (27, 65), (27, 66), (28, 66), (29, 66), (29, 67), (30, 67), (31, 67), (32, 67), (33, 67), (34, 67), (35, 67), (36, 67), (37, 67), (38, 67), (39, 67), (40, 67), (41, 67), (42, 67), (43, 67), (44, 67), (45, 67), (46, 67), (47, 67), (48, 67), (49, 67), (50, 67), (51, 67), (52, 67), (53, 67), (54, 67), (55, 67), (56, 67), (57, 67), (58, 67), (59, 67), (59, 68), (59, 69), (59, 69)]}, 114)