

CBSS-C STATS
starts:[4472, 2760, 872, 3344, 866]
targets:[1693, 2106, 4605, 3973, 2296, 205, 3693, 2005, 4608, 2427]
dests:[4530, 1916, 4387, 3894, 2784]
ac_dict:{1693: {0, 1}, 2106: {1, 2}, 4605: {2, 3}, 3973: {3, 4}, 4530: {0}, 1916: {1}, 4387: {2}, 3894: {3}, 2784: {4}}
clusters:[1 0 1 1 0 1 0 1 0 1]

round: 1
best_g_value: 201.0
open_list_size: 0
num_low_level_expanded: 919
search_success: 1
search_time: 0.09925510175526142
n_tsp_call: 1
n_tsp_time: 0.07221554312855005
n_roots: 1
num_conflicts: 0
target_assignment: {2296: 4, 2427: 4}
cluster_target_selection: {0: 2296, 1: 2427}
num_nodes_transformed_graph: 29
agent_paths:({0: [(52, 68), (51, 68), (50, 68), (49, 68), (48, 68), (47, 68), (46, 68), (45, 68), (45, 69), (45, 69)], 1: [(30, 42), (30, 41), (30, 40), (30, 39), (30, 38), (30, 37), (30, 36), (30, 35), (29, 35), (29, 34), (29, 33), (29, 32), (29, 31), (29, 30), (29, 29), (30, 29), (31, 29), (31, 29)], 2: [(27, 13), (27, 14), (27, 15), (27, 16), (27, 17), (27, 18), (27, 19), (27, 20), (27, 21), (27, 22), (27, 23), (27, 24), (27, 25), (27, 26), (27, 27), (27, 28), (27, 29), (27, 30), (27, 31), (27, 32), (27, 33), (27, 34), (27, 35), (27, 36), (27, 37), (27, 38), (27, 39), (27, 40), (27, 41), (27, 42), (27, 43), (27, 44), (27, 45), (27, 46), (27, 47), (27, 48), (27, 49), (27, 50), (27, 51), (27, 52), (27, 53), (27, 54), (27, 55), (27, 56), (27, 57), (27, 58), (27, 59), (27, 60), (27, 61), (27, 62), (27, 63), (27, 64), (27, 65), (27, 66), (28, 66), (29, 66), (29, 67), (30, 67), (31, 67), (32, 67), (32, 67)], 3: [(29, 51), (29, 50), (29, 49), (29, 48), (29, 47), (29, 46), (29, 45), (30, 45), (30, 44), (31, 44), (32, 44), (33, 44), (34, 44), (35, 44), (36, 44), (37, 44), (37, 43), (37, 42), (38, 42), (39, 42), (40, 42), (41, 42), (42, 42), (43, 42), (44, 42), (45, 42), (46, 42), (47, 42), (48, 42), (49, 42), (50, 42), (51, 42), (52, 42), (53, 42), (53, 43), (53, 44), (53, 45), (53, 46), (53, 47), (53, 48), (53, 49), (53, 50), (54, 50), (55, 50), (56, 50), (56, 51), (56, 52), (57, 52), (57, 53), (58, 53), (58, 54), (58, 55), (58, 56), (58, 57), (58, 58), (59, 58), (59, 59), (59, 59)], 4: [(21, 13), (21, 14), (21, 15), (21, 16), (21, 17), (21, 18), (21, 19), (21, 20), (21, 21), (21, 22), (21, 23), (21, 24), (21, 25), (21, 26), (21, 27), (21, 28), (21, 29), (21, 30), (21, 31), (21, 32), (21, 33), (21, 34), (21, 35), (22, 35), (22, 36), (22, 37), (23, 37), (24, 37), (25, 37), (26, 37), (27, 37), (28, 37), (29, 37), (30, 37), (31, 37), (32, 37), (33, 37), (34, 37), (35, 37), (36, 37), (37, 37), (38, 37), (38, 38), (39, 38), (40, 38), (41, 38), (42, 38), (43, 38), (44, 38), (45, 38), (46, 38), (47, 38), (48, 38), (49, 38), (50, 38), (51, 38), (52, 38), (53, 38), (54, 38), (54, 39), (54, 40), (54, 41), (54, 42), (54, 42)]}, 62)