

CBSS-C STATS
starts:[1795, 2751, 3577, 4184, 1191]
targets:[2692, 878, 658, 4241, 3927, 2685, 1780, 1612, 4761, 2690]
dests:[2853, 3017, 3846, 1645, 2233]
ac_dict:{2692: {0, 1}, 878: {1, 2}, 658: {2, 3}, 4241: {3, 4}, 2853: {0}, 3017: {1}, 3846: {2}, 1645: {3}, 2233: {4}}
clusters:[0 3 4 3 1 2 4 4 0 2]

round: 4
best_g_value: 168.0
open_list_size: 3
num_low_level_expanded: 2270
search_success: 1
search_time: 1.4821563609875739
n_tsp_call: 10
n_tsp_time: 1.340896769426763
n_roots: 1
num_conflicts: 3
target_assignment: {4241: 3, 3927: 3, 2690: 3, 1780: 3, 2692: 1}
cluster_target_selection: {3: 4241, 1: 3927, 2: 2690, 4: 1780, 0: 2692}
num_nodes_transformed_graph: 48
agent_paths:({0: [(40, 27), (40, 28), (40, 29), (39, 29), (38, 29), (37, 29), (36, 29), (35, 29), (34, 29), (33, 29), (32, 29), (31, 29), (30, 29), (29, 29), (29, 30), (29, 31), (29, 32), (29, 33), (29, 34), (29, 35), (30, 35), (31, 35), (32, 35), (33, 35), (34, 35), (34, 36), (34, 37), (35, 37), (36, 37), (37, 37), (38, 37), (38, 38), (39, 38), (40, 38), (41, 38), (42, 38), (43, 38), (44, 38), (45, 38), (46, 38), (47, 38), (48, 38), (49, 38), (50, 38), (51, 38), (52, 38), (53, 38), (54, 38), (55, 38), (56, 38), (57, 38), (58, 38), (58, 39), (58, 40), (58, 41), (58, 42), (58, 43), (58, 43)], 1: [(21, 42), (21, 41), (22, 41), (23, 41), (24, 41), (25, 41), (26, 41), (27, 41), (27, 42), (27, 43), (27, 44), (27, 45), (27, 46), (27, 46)], 2: [(2, 55), (3, 55), (4, 55), (5, 55), (6, 55), (7, 55), (8, 55), (9, 55), (10, 55), (11, 55), (11, 56), (11, 57), (11, 58), (11, 59), (11, 59)], 3: [(24, 64), (23, 64), (22, 64), (21, 64), (20, 64), (19, 64), (18, 64), (17, 64), (16, 64), (16, 65), (16, 64), (17, 64), (18, 64), (19, 64), (20, 64), (21, 64), (22, 64), (23, 64), (24, 64), (24, 63), (25, 63), (25, 62), (25, 61), (25, 60), (26, 60), (27, 60), (27, 59), (27, 58), (27, 57), (27, 56), (27, 55), (27, 54), (27, 53), (27, 52), (27, 51), (27, 50), (27, 49), (27, 48), (27, 47), (28, 47), (28, 46), (28, 45), (27, 45), (26, 45), (26, 44), (25, 44), (25, 43), (25, 42), (25, 41), (25, 40), (25, 39), (25, 38), (25, 37), (25, 36), (25, 35), (25, 34), (25, 33), (25, 32), (25, 31), (25, 30), (25, 29), (25, 28), (25, 27), (24, 27), (23, 27), (22, 27), (21, 27), (20, 27), (20, 26), (20, 25), (20, 25)], 4: [(21, 18), (22, 18), (23, 18), (23, 19), (23, 20), (23, 21), (23, 22), (23, 23), (23, 24), (23, 25), (23, 26), (23, 27), (23, 28), (23, 29), (23, 30), (23, 31), (23, 32), (23, 33), (23, 34), (23, 34)]}, 69)