

CBSS-C STATS
starts:[1314, 3580, 1514, 1355, 2173]
targets:[3961, 3825, 980, 4529, 3677, 2467, 3589, 4852, 2820, 1930]
dests:[622, 4383, 3789, 4494, 4881]
ac_dict:{3961: {0, 1}, 3825: {1, 2}, 980: {2, 3}, 4529: {3, 4}, 622: {0}, 4383: {1}, 3789: {2}, 4494: {3}, 4881: {4}}
clusters:[1 0 1 1 0 1 0 0 1 1]

round: 1
best_g_value: 295.0
open_list_size: 0
num_low_level_expanded: 2200
search_success: 1
search_time: 0.1085869800299406
n_tsp_call: 1
n_tsp_time: 0.046527236234396696
n_roots: 1
num_conflicts: 0
target_assignment: {3589: 1, 2820: 2}
cluster_target_selection: {0: 3589, 1: 2820}
num_nodes_transformed_graph: 29
agent_paths:({0: [(14, 20), (14, 19), (15, 19), (16, 19), (17, 19), (18, 19), (18, 18), (19, 18), (20, 18), (20, 17), (20, 16), (20, 15), (20, 14), (20, 13), (20, 12), (20, 11), (21, 11), (22, 11), (23, 11), (24, 11), (25, 11), (26, 11), (27, 11), (28, 11), (29, 11), (30, 11), (31, 11), (32, 11), (33, 11), (34, 11), (34, 10), (35, 10), (36, 10), (36, 9), (37, 9), (37, 9)], 1: [(5, 55), (6, 55), (7, 55), (8, 55), (9, 55), (10, 55), (11, 55), (12, 55), (13, 55), (14, 55), (15, 55), (16, 55), (17, 55), (18, 55), (19, 55), (20, 55), (21, 55), (22, 55), (23, 55), (24, 55), (25, 55), (26, 55), (27, 55), (27, 56), (27, 57), (27, 58), (27, 59), (27, 60), (27, 61), (27, 62), (27, 63), (27, 64), (27, 65), (27, 66), (28, 66), (28, 67), (28, 67)], 2: [(19, 23), (20, 23), (21, 23), (22, 23), (23, 23), (24, 23), (25, 23), (25, 24), (25, 25), (25, 26), (25, 27), (25, 28), (25, 29), (25, 30), (25, 31), (25, 32), (25, 33), (25, 34), (25, 35), (25, 36), (25, 37), (25, 38), (25, 39), (25, 40), (25, 41), (25, 42), (25, 43), (25, 44), (26, 44), (26, 45), (27, 45), (27, 46), (27, 47), (27, 48), (27, 49), (27, 50), (26, 50), (26, 51), (25, 51), (24, 51), (24, 52), (24, 53), (23, 53), (22, 53), (22, 54), (21, 54), (20, 54), (19, 54), (19, 55), (19, 56), (19, 57), (19, 58), (19, 58)], 3: [(55, 20), (54, 20), (53, 20), (52, 20), (51, 20), (51, 21), (51, 22), (51, 23), (51, 24), (51, 25), (51, 26), (51, 27), (50, 27), (49, 27), (48, 27), (47, 27), (46, 27), (45, 27), (44, 27), (43, 27), (42, 27), (41, 27), (40, 27), (39, 27), (38, 27), (37, 27), (36, 27), (35, 27), (34, 27), (33, 27), (32, 27), (31, 27), (30, 27), (29, 27), (28, 27), (27, 27), (27, 28), (27, 29), (27, 30), (27, 31), (27, 32), (27, 33), (27, 34), (27, 35), (27, 36), (27, 37), (27, 38), (27, 39), (27, 40), (27, 41), (27, 42), (27, 43), (27, 44), (27, 45), (27, 46), (27, 47), (27, 48), (27, 49), (27, 50), (26, 50), (26, 51), (25, 51), (24, 51), (24, 52), (24, 53), (23, 53), (22, 53), (22, 54), (21, 54), (20, 54), (19, 54), (18, 54), (17, 54), (17, 55), (17, 56), (17, 57), (17, 58), (17, 59), (17, 60), (17, 61), (17, 62), (16, 62), (15, 62), (14, 62), (14, 63), (14, 64), (14, 65), (14, 66), (14, 67), (14, 68), (14, 69), (14, 70), (14, 71), (14, 72), (14, 73), (14, 74), (14, 75), (14, 76), (13, 76), (12, 76), (11, 76), (10, 76), (9, 76), (9, 75), (9, 74), (9, 73), (9, 72), (9, 71), (9, 70), (9, 69), (9, 69)], 4: [(28, 33), (27, 33), (27, 34), (27, 35), (27, 36), (27, 37), (27, 38), (27, 39), (27, 40), (27, 41), (27, 42), (27, 43), (27, 44), (27, 45), (27, 46), (27, 47), (27, 48), (27, 49), (27, 50), (26, 50), (26, 51), (25, 51), (24, 51), (24, 52), (24, 53), (23, 53), (22, 53), (22, 54), (21, 54), (20, 54), (19, 54), (18, 54), (17, 54), (17, 55), (17, 56), (17, 57), (17, 58), (17, 59), (17, 60), (17, 61), (17, 62), (16, 62), (15, 62), (14, 62), (14, 63), (14, 64), (14, 65), (14, 66), (14, 67), (14, 68), (14, 69), (14, 70), (14, 71), (14, 72), (14, 73), (14, 74), (14, 75), (14, 76), (13, 76), (12, 76), (11, 76), (10, 76), (9, 76), (8, 76), (7, 76), (6, 76), (6, 75), (6, 75)]}, 109)