

CBSS-C STATS
starts:[2374, 4112, 1925, 772, 1985]
targets:[776, 1715, 916, 2651, 4751, 934, 2827, 1515, 314, 1390]
dests:[587, 5042, 2785, 887, 653]
ac_dict:{776: {0, 1}, 1715: {1, 2}, 916: {2, 3}, 2651: {3, 4}, 587: {0}, 5042: {1}, 2785: {2}, 887: {3}, 653: {4}}
clusters:[0 0 0 1 0 1 1 1 1 0]

round: 2
best_g_value: 212.0
open_list_size: 1
num_low_level_expanded: 1801
search_success: 1
search_time: 0.17395379394292831
n_tsp_call: 1
n_tsp_time: 0.1210860125720501
n_roots: 1
num_conflicts: 1
target_assignment: {1515: 0, 1390: 4}
cluster_target_selection: {1: 1515, 0: 1390}
num_nodes_transformed_graph: 48
agent_paths:({0: [(34, 36), (33, 36), (32, 36), (31, 36), (30, 36), (29, 36), (28, 36), (27, 36), (26, 36), (25, 36), (24, 36), (23, 36), (22, 36), (21, 36), (20, 36), (20, 35), (20, 34), (20, 33), (20, 32), (20, 31), (20, 30), (20, 29), (20, 28), (20, 27), (20, 26), (20, 25), (20, 24), (20, 23), (19, 23), (19, 22), (19, 21), (18, 21), (17, 21), (16, 21), (15, 21), (14, 21), (13, 21), (12, 21), (11, 21), (10, 21), (9, 21), (8, 21), (7, 21), (6, 21), (5, 21), (4, 21), (4, 20), (4, 19), (4, 18), (4, 17), (4, 16), (4, 15), (4, 14), (4, 13), (4, 12), (4, 11), (4, 10), (4, 9), (3, 9), (2, 9), (2, 9)], 1: [(17, 63), (18, 63), (19, 63), (20, 63), (21, 63), (21, 64), (22, 64), (23, 64), (24, 64), (25, 64), (26, 64), (27, 64), (27, 65), (27, 66), (28, 66), (29, 66), (29, 67), (30, 67), (31, 67), (32, 67), (33, 67), (34, 67), (35, 67), (36, 67), (37, 67), (37, 68), (37, 69), (37, 70), (37, 71), (37, 72), (37, 73), (37, 74), (37, 75), (37, 76), (37, 77), (37, 77)], 2: [(40, 29), (39, 29), (38, 29), (37, 29), (36, 29), (35, 29), (34, 29), (33, 29), (32, 29), (31, 29), (30, 29), (29, 29), (29, 30), (29, 31), (29, 32), (29, 33), (29, 34), (29, 35), (30, 35), (31, 35), (32, 35), (33, 35), (34, 35), (34, 36), (34, 37), (35, 37), (36, 37), (37, 37), (38, 37), (38, 38), (39, 38), (40, 38), (41, 38), (42, 38), (43, 38), (44, 38), (45, 38), (46, 38), (47, 38), (48, 38), (49, 38), (50, 38), (51, 38), (52, 38), (53, 38), (54, 38), (55, 38), (55, 39), (55, 40), (55, 41), (55, 42), (55, 42)], 3: [(57, 11), (56, 11), (55, 11), (54, 11), (53, 11), (52, 11), (51, 11), (50, 11), (49, 11), (48, 11), (47, 11), (46, 11), (45, 11), (44, 11), (43, 11), (42, 11), (42, 12), (42, 13), (42, 13)], 4: [(35, 30), (34, 30), (34, 29), (33, 29), (32, 29), (31, 29), (30, 29), (29, 29), (28, 29), (27, 29), (26, 29), (25, 29), (25, 28), (25, 27), (25, 26), (25, 25), (25, 24), (25, 23), (25, 22), (25, 21), (24, 21), (23, 21), (22, 21), (21, 21), (20, 21), (19, 21), (18, 21), (17, 21), (16, 21), (15, 21), (14, 21), (13, 21), (12, 21), (11, 21), (10, 21), (9, 21), (8, 21), (7, 21), (6, 21), (5, 21), (4, 21), (4, 20), (4, 19), (4, 18), (4, 17), (4, 16), (4, 15), (4, 14), (3, 14), (3, 13), (3, 12), (3, 11), (3, 10), (3, 10)]}, 59)