

CBSS-C STATS
starts:[1481, 2946, 4333, 4307, 2104]
targets:[3476, 1376, 4544, 728, 3518, 3955, 850, 3720, 576, 917]
dests:[2003, 848, 4800, 201, 2501]
ac_dict:{3476: {0, 1}, 1376: {1, 2}, 4544: {2, 3}, 728: {3, 4}, 2003: {0}, 848: {1}, 4800: {2}, 201: {3}, 2501: {4}}
clusters:[1 0 1 1 0 0 0 0 1 0]

round: 1
best_g_value: 188.0
open_list_size: 0
num_low_level_expanded: 1188
search_success: 1
search_time: 0.17204232001677155
n_tsp_call: 1
n_tsp_time: 0.13562347274273634
n_roots: 1
num_conflicts: 0
target_assignment: {850: 1, 728: 3}
cluster_target_selection: {0: 850, 1: 728}
num_nodes_transformed_graph: 48
agent_paths:({0: [(51, 22), (52, 22), (53, 22), (53, 23), (53, 24), (53, 25), (53, 26), (53, 27), (53, 28), (53, 29), (53, 30), (53, 30)], 1: [(21, 45), (20, 45), (20, 44), (20, 43), (20, 42), (19, 42), (19, 41), (19, 40), (19, 39), (19, 38), (19, 37), (19, 36), (19, 35), (19, 34), (19, 33), (19, 32), (19, 31), (19, 30), (19, 29), (19, 28), (19, 27), (19, 26), (19, 25), (19, 24), (19, 23), (19, 22), (19, 21), (18, 21), (17, 21), (16, 21), (15, 21), (14, 21), (13, 21), (12, 21), (11, 21), (10, 21), (9, 21), (9, 20), (9, 19), (9, 18), (9, 17), (9, 16), (9, 15), (8, 15), (7, 15), (6, 15), (5, 15), (5, 14), (5, 13), (4, 13), (3, 13), (3, 13)], 2: [(43, 66), (44, 66), (45, 66), (46, 66), (47, 66), (48, 66), (49, 66), (50, 66), (51, 66), (52, 66), (53, 66), (54, 66), (55, 66), (55, 67), (55, 68), (55, 69), (55, 70), (55, 71), (55, 72), (55, 73), (55, 73)], 3: [(17, 66), (17, 65), (17, 64), (17, 63), (17, 62), (17, 61), (17, 60), (17, 59), (17, 58), (17, 57), (17, 56), (17, 55), (17, 54), (18, 54), (19, 54), (20, 54), (21, 54), (22, 54), (22, 53), (23, 53), (24, 53), (24, 52), (24, 51), (25, 51), (26, 51), (26, 50), (27, 50), (27, 49), (27, 48), (27, 47), (27, 46), (27, 45), (26, 45), (26, 44), (25, 44), (24, 44), (23, 44), (22, 44), (21, 44), (20, 44), (20, 43), (20, 42), (19, 42), (19, 41), (19, 40), (19, 39), (19, 38), (19, 37), (19, 36), (19, 35), (19, 34), (19, 33), (19, 32), (19, 31), (19, 30), (19, 29), (19, 28), (19, 27), (19, 26), (19, 25), (19, 24), (19, 23), (19, 22), (19, 21), (18, 21), (17, 21), (16, 21), (15, 21), (14, 21), (13, 21), (13, 20), (13, 19), (12, 19), (12, 18), (12, 17), (12, 16), (12, 15), (12, 14), (12, 13), (12, 12), (12, 11), (13, 11), (12, 11), (11, 11), (10, 11), (9, 11), (8, 11), (7, 11), (6, 11), (6, 10), (6, 9), (6, 8), (6, 7), (6, 6), (6, 5), (6, 4), (6, 3), (6, 3)], 4: [(24, 32), (25, 32), (26, 32), (27, 32), (28, 32), (29, 32), (29, 33), (29, 34), (29, 35), (30, 35), (31, 35), (31, 36), (31, 37), (31, 38), (31, 38)]}, 96)