

CBSS-C STATS
starts:[4589, 4382, 5132, 3583, 756]
targets:[4922, 3994, 4393, 3959, 4346, 2619, 893, 852, 3566, 1504]
dests:[2370, 3496, 3589, 4390, 3603]
ac_dict:{4922: {0, 1}, 3994: {1, 2}, 4393: {2, 3}, 3959: {3, 4}, 2370: {0}, 3496: {1}, 3589: {2}, 4390: {3}, 3603: {4}}
clusters:[1 1 1 1 0 1 1 0 1 0]

round: 9
best_g_value: 284.0
open_list_size: 8
num_low_level_expanded: 6109
search_success: 1
search_time: 0.5846465108916163
n_tsp_call: 5
n_tsp_time: 0.2442155214957893
n_roots: 1
num_conflicts: 8
target_assignment: {4346: 2, 4393: 2}
cluster_target_selection: {0: 4346, 1: 4393}
num_nodes_transformed_graph: 28
agent_paths:({0: [(39, 70), (38, 70), (37, 70), (36, 70), (35, 70), (34, 70), (34, 69), (33, 69), (32, 69), (31, 69), (30, 69), (30, 68), (30, 67), (29, 67), (29, 66), (28, 66), (27, 66), (27, 65), (27, 64), (27, 63), (27, 62), (27, 61), (27, 60), (27, 59), (27, 58), (27, 57), (27, 56), (27, 55), (27, 54), (27, 53), (27, 52), (27, 51), (27, 50), (27, 49), (27, 48), (27, 47), (27, 46), (27, 45), (27, 44), (27, 43), (27, 42), (27, 41), (27, 40), (27, 39), (27, 38), (27, 37), (27, 36), (28, 36), (29, 36), (30, 36), (30, 36)], 1: [(27, 67), (27, 66), (27, 65), (27, 64), (27, 63), (27, 62), (27, 61), (27, 60), (27, 59), (27, 58), (27, 57), (27, 56), (27, 55), (27, 54), (27, 53), (28, 53), (29, 53), (29, 52), (29, 51), (29, 50), (29, 49), (29, 48), (29, 47), (29, 46), (29, 45), (30, 45), (30, 44), (31, 44), (32, 44), (33, 44), (34, 44), (35, 44), (36, 44), (37, 44), (37, 43), (37, 42), (38, 42), (39, 42), (40, 42), (41, 42), (42, 42), (43, 42), (44, 42), (45, 42), (46, 42), (47, 42), (48, 42), (49, 42), (50, 42), (51, 42), (51, 43), (51, 44), (51, 45), (51, 46), (51, 47), (51, 48), (52, 48), (52, 49), (52, 50), (51, 50), (51, 51), (51, 52), (51, 53), (51, 53)], 2: [(62, 78), (61, 78), (60, 78), (59, 78), (58, 78), (58, 77), (58, 76), (57, 76), (56, 76), (56, 75), (56, 74), (56, 73), (56, 72), (56, 71), (56, 70), (56, 69), (56, 68), (56, 67), (56, 66), (55, 66), (54, 66), (53, 66), (52, 66), (51, 66), (50, 66), (49, 66), (48, 66), (47, 66), (46, 66), (45, 66), (44, 66), (43, 66), (42, 66), (41, 66), (40, 66), (39, 66), (38, 66), (38, 67), (37, 67), (36, 67), (36, 66), (35, 66), (34, 66), (34, 67), (33, 67), (32, 67), (31, 67), (30, 67), (29, 67), (28, 67), (27, 67), (26, 67), (25, 67), (24, 67), (23, 67), (22, 67), (21, 67), (20, 67), (19, 67), (18, 67), (17, 67), (17, 66), (17, 65), (17, 64), (17, 63), (17, 62), (17, 61), (17, 60), (17, 59), (17, 58), (17, 57), (17, 56), (16, 56), (15, 56), (14, 56), (14, 55), (14, 55)], 3: [(8, 55), (9, 55), (10, 55), (11, 55), (12, 55), (13, 55), (14, 55), (15, 55), (16, 55), (17, 55), (18, 55), (19, 55), (20, 55), (21, 55), (22, 55), (23, 55), (24, 55), (25, 55), (26, 55), (26, 56), (26, 57), (26, 58), (26, 59), (26, 60), (27, 60), (27, 61), (27, 62), (27, 63), (27, 64), (27, 65), (27, 66), (28, 66), (29, 66), (29, 67), (30, 67), (31, 67), (32, 67), (33, 67), (34, 67), (35, 67), (35, 67)], 4: [(41, 11), (40, 11), (39, 11), (38, 11), (37, 11), (36, 11), (35, 11), (34, 11), (33, 11), (32, 11), (31, 11), (30, 11), (29, 11), (28, 11), (28, 12), (28, 13), (28, 14), (27, 14), (27, 15), (27, 16), (27, 17), (27, 18), (28, 18), (28, 19), (28, 20), (28, 21), (28, 22), (28, 23), (28, 24), (28, 25), (28, 26), (28, 27), (28, 28), (28, 29), (28, 30), (28, 31), (28, 32), (28, 33), (28, 34), (28, 35), (28, 36), (28, 37), (28, 38), (28, 39), (28, 40), (28, 41), (28, 42), (28, 43), (28, 44), (28, 45), (28, 46), (28, 47), (28, 48), (28, 49), (28, 50), (28, 51), (28, 52), (28, 53), (28, 54), (28, 55), (28, 55)]}, 75)