

CBSS-C STATS
starts:[1523, 2495, 1291, 2587, 5091]
targets:[1596, 508, 4829, 3827, 5077, 4059, 1316, 3806, 4451, 711]
dests:[3341, 267, 1782, 3955, 833]
ac_dict:{1596: {0, 1}, 508: {1, 2}, 4829: {2, 3}, 3827: {3, 4}, 3341: {0}, 267: {1}, 1782: {2}, 3955: {3}, 833: {4}}
clusters:[3 4 1 2 4 0 0 0 3 1]

round: 3
best_g_value: 309.0
open_list_size: 2
num_low_level_expanded: 6365
search_success: 1
search_time: 0.7872918769717216
n_tsp_call: 9
n_tsp_time: 0.5176753425039351
n_roots: 1
num_conflicts: 2
target_assignment: {5077: 4, 4451: 4, 711: 4, 1316: 1, 3827: 3}
cluster_target_selection: {4: 5077, 3: 4451, 1: 711, 0: 1316, 2: 3827}
num_nodes_transformed_graph: 29
agent_paths:({0: [(28, 23), (27, 23), (27, 24), (27, 25), (27, 26), (27, 27), (27, 28), (27, 29), (27, 30), (27, 31), (27, 32), (27, 33), (27, 34), (27, 35), (27, 36), (27, 37), (27, 38), (27, 39), (27, 40), (27, 41), (27, 42), (27, 43), (27, 44), (27, 45), (27, 46), (27, 47), (27, 48), (27, 49), (27, 50), (26, 50), (26, 51), (26, 51)], 1: [(25, 38), (24, 38), (23, 38), (22, 38), (21, 38), (20, 38), (19, 38), (19, 37), (19, 36), (19, 35), (19, 34), (19, 33), (19, 32), (19, 31), (19, 30), (19, 29), (19, 28), (19, 27), (19, 26), (19, 25), (19, 24), (19, 23), (19, 22), (19, 21), (18, 21), (17, 21), (16, 21), (16, 20), (15, 20), (14, 20), (13, 20), (12, 20), (11, 20), (10, 20), (9, 20), (9, 19), (9, 18), (9, 17), (9, 16), (9, 15), (8, 15), (7, 15), (7, 14), (7, 13), (7, 12), (7, 11), (7, 10), (7, 9), (7, 8), (7, 7), (7, 6), (7, 5), (7, 4), (7, 4)], 2: [(56, 19), (55, 19), (54, 19), (53, 19), (52, 19), (51, 19), (51, 20), (51, 21), (51, 22), (51, 23), (51, 24), (51, 25), (51, 26), (51, 27), (50, 27), (49, 27), (48, 27), (47, 27), (46, 27), (45, 27), (44, 27), (43, 27), (42, 27), (41, 27), (40, 27), (39, 27), (38, 27), (37, 27), (36, 27), (35, 27), (34, 27), (33, 27), (32, 27), (31, 27), (30, 27), (29, 27), (28, 27), (27, 27), (27, 27)], 3: [(52, 39), (53, 39), (53, 40), (53, 41), (53, 42), (53, 43), (53, 44), (53, 45), (53, 46), (53, 47), (53, 48), (53, 49), (53, 50), (54, 50), (55, 50), (56, 50), (56, 51), (56, 52), (57, 52), (57, 53), (57, 54), (57, 55), (57, 56), (57, 57), (57, 58), (56, 58), (55, 58), (55, 59), (55, 60), (55, 60)], 4: [(21, 78), (20, 78), (20, 77), (20, 76), (20, 75), (19, 75), (18, 75), (17, 75), (16, 75), (15, 75), (14, 75), (14, 76), (13, 76), (12, 76), (11, 76), (10, 76), (9, 76), (8, 76), (7, 76), (7, 77), (7, 78), (7, 77), (7, 76), (8, 76), (9, 76), (10, 76), (11, 76), (12, 76), (13, 76), (14, 76), (14, 75), (14, 74), (14, 73), (14, 72), (14, 71), (14, 70), (14, 69), (14, 68), (15, 68), (16, 68), (17, 68), (18, 68), (19, 68), (20, 68), (21, 68), (22, 68), (23, 68), (24, 68), (25, 68), (26, 68), (27, 68), (28, 68), (29, 68), (30, 68), (31, 68), (31, 67), (30, 67), (29, 67), (29, 66), (28, 66), (27, 66), (27, 65), (27, 64), (27, 63), (27, 62), (27, 61), (27, 60), (27, 59), (27, 58), (27, 57), (27, 56), (27, 55), (27, 54), (27, 53), (27, 52), (27, 51), (27, 50), (27, 49), (27, 48), (27, 47), (27, 46), (27, 45), (27, 44), (27, 43), (27, 42), (27, 41), (27, 40), (27, 39), (27, 38), (27, 37), (27, 36), (27, 35), (27, 34), (27, 33), (27, 32), (27, 31), (27, 30), (27, 29), (27, 28), (28, 28), (28, 27), (28, 26), (28, 25), (28, 24), (28, 23), (28, 22), (28, 21), (28, 20), (28, 19), (28, 18), (27, 18), (27, 17), (27, 16), (27, 15), (27, 14), (27, 13), (27, 12), (27, 11), (28, 11), (29, 11), (30, 11), (31, 11), (32, 11), (33, 11), (34, 11), (34, 10), (35, 10), (36, 10), (37, 10), (38, 10), (39, 10), (40, 10), (41, 10), (42, 10), (43, 10), (44, 10), (45, 10), (46, 10), (47, 10), (48, 10), (49, 10), (50, 10), (51, 10), (52, 10), (53, 10), (54, 10), (55, 10), (56, 10), (57, 10), (58, 10), (59, 10), (60, 10), (61, 10), (60, 10), (59, 10), (58, 10), (57, 10), (56, 10), (55, 10), (54, 10), (53, 10), (53, 11), (53, 12), (53, 12)]}, 162)