

CBSS-C STATS
starts:[4459, 3420, 3339, 3660, 411]
targets:[984, 3698, 4479, 745, 2531, 4469, 4685, 4441, 4891, 4556]
dests:[4951, 4633, 4720, 4701, 4324]
ac_dict:{984: {0, 1}, 3698: {1, 2}, 4479: {2, 3}, 745: {3, 4}, 4951: {0}, 4633: {1}, 4720: {2}, 4701: {3}, 4324: {4}}
clusters:[0 0 4 0 3 1 0 0 2 1]

round: 1
best_g_value: 314.0
open_list_size: 0
num_low_level_expanded: 1870
search_success: 1
search_time: 0.12215679418295622
n_tsp_call: 1
n_tsp_time: 0.06318488670513034
n_roots: 1
num_conflicts: 0
target_assignment: {4441: 0, 4891: 0, 2531: 4, 4469: 2, 4479: 2}
cluster_target_selection: {0: 4441, 2: 4891, 3: 2531, 1: 4469, 4: 4479}
num_nodes_transformed_graph: 29
agent_paths:({0: [(39, 68), (38, 68), (37, 68), (36, 68), (35, 68), (34, 68), (33, 68), (32, 68), (31, 68), (30, 68), (29, 68), (28, 68), (27, 68), (26, 68), (25, 68), (24, 68), (23, 68), (22, 68), (21, 68), (20, 68), (19, 68), (18, 68), (17, 68), (16, 68), (16, 69), (16, 70), (16, 71), (16, 72), (16, 73), (16, 74), (16, 75), (15, 75), (14, 75), (14, 76), (13, 76), (12, 76), (11, 76), (11, 76)], 1: [(40, 52), (40, 53), (39, 53), (38, 53), (37, 53), (36, 53), (35, 53), (34, 53), (33, 53), (32, 53), (31, 53), (30, 53), (29, 53), (28, 53), (27, 53), (26, 53), (25, 53), (24, 53), (23, 53), (22, 53), (22, 54), (21, 54), (20, 54), (19, 54), (18, 54), (18, 55), (18, 56), (18, 57), (18, 58), (18, 59), (18, 60), (18, 61), (18, 62), (18, 63), (18, 64), (18, 65), (18, 66), (18, 67), (18, 68), (18, 69), (18, 70), (18, 71), (18, 71)], 2: [(24, 51), (25, 51), (26, 51), (27, 51), (27, 52), (27, 53), (27, 54), (27, 55), (27, 56), (27, 57), (27, 58), (27, 59), (27, 60), (27, 61), (27, 62), (27, 63), (27, 64), (27, 65), (27, 66), (28, 66), (29, 66), (29, 67), (30, 67), (31, 67), (32, 67), (33, 67), (34, 67), (35, 67), (36, 67), (37, 67), (38, 67), (39, 67), (40, 67), (41, 67), (42, 67), (43, 67), (44, 67), (45, 67), (46, 67), (47, 67), (48, 67), (49, 67), (49, 68), (50, 68), (51, 68), (52, 68), (53, 68), (54, 68), (55, 68), (56, 68), (57, 68), (58, 68), (59, 68), (58, 68), (57, 68), (56, 68), (55, 68), (54, 68), (53, 68), (52, 68), (51, 68), (50, 68), (49, 68), (48, 68), (47, 68), (46, 68), (45, 68), (44, 68), (43, 68), (42, 68), (41, 68), (40, 68), (40, 69), (40, 70), (40, 71), (40, 72), (40, 72)], 3: [(20, 56), (20, 57), (20, 58), (20, 59), (20, 60), (19, 60), (19, 61), (19, 62), (19, 63), (20, 63), (21, 63), (21, 64), (21, 65), (21, 66), (21, 67), (21, 68), (21, 69), (21, 70), (21, 71), (21, 72), (21, 72)], 4: [(21, 6), (22, 6), (23, 6), (24, 6), (25, 6), (26, 6), (27, 6), (27, 7), (27, 8), (27, 9), (27, 10), (27, 11), (27, 12), (27, 13), (27, 14), (27, 15), (27, 16), (27, 17), (27, 18), (28, 18), (28, 19), (28, 20), (28, 21), (28, 22), (28, 23), (28, 24), (28, 25), (28, 26), (29, 26), (29, 27), (29, 28), (29, 29), (29, 30), (29, 31), (29, 32), (29, 33), (29, 34), (29, 35), (30, 35), (31, 35), (32, 35), (33, 35), (34, 35), (34, 36), (34, 37), (35, 37), (36, 37), (37, 37), (38, 37), (38, 38), (39, 38), (40, 38), (41, 38), (42, 38), (43, 38), (44, 38), (45, 38), (46, 38), (47, 38), (48, 38), (49, 38), (50, 38), (51, 38), (52, 38), (53, 38), (54, 38), (55, 38), (56, 38), (57, 38), (58, 38), (59, 38), (60, 38), (61, 38), (60, 38), (59, 38), (58, 38), (57, 38), (56, 38), (55, 38), (54, 38), (53, 38), (52, 38), (51, 38), (50, 38), (49, 38), (48, 38), (47, 38), (46, 38), (45, 38), (44, 38), (43, 38), (42, 38), (41, 38), (40, 38), (39, 38), (38, 38), (37, 38), (36, 38), (35, 38), (34, 38), (34, 39), (34, 40), (34, 41), (34, 42), (34, 43), (34, 44), (33, 44), (32, 44), (31, 44), (30, 44), (30, 45), (29, 45), (29, 46), (29, 47), (29, 48), (29, 49), (29, 50), (29, 51), (29, 52), (29, 53), (29, 54), (29, 55), (29, 56), (29, 57), (29, 58), (29, 59), (29, 60), (29, 61), (29, 62), (28, 62), (27, 62), (27, 63), (27, 64), (27, 65), (27, 66), (28, 66), (29, 66), (29, 67), (30, 67), (31, 67), (32, 67), (33, 67), (34, 67), (34, 66), (34, 66)]}, 143)