

CBSS-C STATS
starts:[995, 1848, 2505, 4725, 787]
targets:[761, 766, 1182, 4415, 4337, 1180, 3887, 3323, 3605, 3642]
dests:[757, 1918, 571, 2567, 1433]
ac_dict:{761: {0, 1}, 766: {1, 2}, 1182: {2, 3}, 4415: {3, 4}, 757: {0}, 1918: {1}, 571: {2}, 2567: {3}, 1433: {4}}
clusters:[4 3 4 1 0 2 0 0 1 1]

round: 2
best_g_value: 186.0
open_list_size: 1
num_low_level_expanded: 1608
search_success: 1
search_time: 0.08180032018572092
n_tsp_call: 1
n_tsp_time: 0.0430792267434299
n_roots: 1
num_conflicts: 1
target_assignment: {761: 0, 766: 2, 4337: 3, 3605: 3, 1180: 4}
cluster_target_selection: {4: 761, 3: 766, 0: 4337, 1: 3605, 2: 1180}
num_nodes_transformed_graph: 29
agent_paths:({0: [(20, 15), (20, 14), (20, 13), (20, 12), (20, 11), (21, 11), (22, 11), (23, 11), (24, 11), (25, 11), (26, 11), (27, 11), (28, 11), (29, 11), (30, 11), (31, 11), (32, 11), (33, 11), (34, 11), (35, 11), (36, 11), (37, 11), (38, 11), (39, 11), (40, 11), (41, 11), (42, 11), (43, 11), (44, 11), (45, 11), (46, 11), (45, 11), (44, 11), (43, 11), (42, 11), (42, 11)], 1: [(28, 28), (29, 28), (30, 28), (31, 28), (32, 28), (33, 28), (33, 29), (33, 29)], 2: [(35, 38), (35, 37), (34, 37), (34, 36), (34, 35), (33, 35), (32, 35), (31, 35), (30, 35), (29, 35), (29, 34), (29, 33), (29, 32), (29, 31), (29, 30), (29, 29), (29, 28), (29, 27), (29, 26), (28, 26), (28, 25), (28, 24), (28, 23), (28, 22), (28, 21), (28, 20), (28, 19), (28, 18), (27, 18), (27, 17), (27, 16), (27, 15), (27, 14), (27, 13), (27, 12), (28, 12), (29, 12), (30, 12), (31, 12), (32, 12), (33, 12), (34, 12), (35, 12), (36, 12), (37, 12), (38, 12), (39, 12), (40, 12), (41, 12), (42, 12), (43, 12), (43, 11), (44, 11), (45, 11), (46, 11), (47, 11), (48, 11), (49, 11), (50, 11), (51, 11), (51, 10), (51, 9), (51, 8), (51, 8)], 3: [(45, 72), (45, 71), (45, 70), (45, 69), (45, 68), (45, 67), (45, 66), (46, 66), (47, 66), (46, 66), (45, 66), (44, 66), (43, 66), (42, 66), (41, 66), (40, 66), (39, 66), (38, 66), (37, 66), (36, 66), (35, 66), (34, 66), (34, 67), (33, 67), (32, 67), (31, 67), (30, 67), (29, 67), (29, 66), (28, 66), (27, 66), (27, 65), (27, 64), (27, 63), (27, 62), (27, 61), (27, 60), (27, 59), (27, 58), (27, 57), (27, 56), (27, 55), (28, 55), (29, 55), (30, 55), (30, 54), (30, 53), (30, 52), (30, 51), (30, 50), (29, 50), (29, 49), (29, 48), (29, 47), (29, 46), (29, 45), (29, 44), (29, 43), (29, 42), (29, 41), (29, 40), (29, 39), (30, 39), (31, 39), (32, 39), (32, 39)], 4: [(7, 12), (8, 12), (9, 12), (10, 12), (10, 13), (10, 14), (10, 15), (10, 16), (10, 17), (10, 18), (9, 18), (9, 19), (9, 20), (8, 20), (7, 20), (6, 20), (5, 20), (4, 20), (4, 21), (4, 22), (3, 22), (3, 22)]}, 64)