

CBSS-C STATS
starts:[3347, 4317, 206, 4949, 1646]
targets:[3777, 2522, 3172, 4864, 2889, 1936, 4336, 821, 4338, 2228]
dests:[2830, 877, 3731, 2574, 4915]
ac_dict:{3777: {0, 1}, 2522: {1, 2}, 3172: {2, 3}, 4864: {3, 4}, 2830: {0}, 877: {1}, 3731: {2}, 2574: {3}, 4915: {4}}
clusters:[1 0 1 0 0 1 1 1 1 1]

round: 2
best_g_value: 286.0
open_list_size: 1
num_low_level_expanded: 2405
search_success: 1
search_time: 0.16686382796615362
n_tsp_call: 1
n_tsp_time: 0.09347043326124549
n_roots: 1
num_conflicts: 1
target_assignment: {2889: 0, 2228: 2}
cluster_target_selection: {0: 2889, 1: 2228}
num_nodes_transformed_graph: 48
agent_paths:({0: [(32, 51), (31, 51), (30, 51), (29, 51), (29, 50), (29, 49), (29, 48), (29, 47), (29, 46), (29, 45), (29, 44), (29, 43), (30, 43), (31, 43), (32, 43), (33, 43), (34, 43), (35, 43), (35, 43)], 1: [(27, 66), (27, 65), (27, 64), (27, 63), (27, 62), (27, 61), (27, 60), (27, 59), (27, 58), (27, 57), (27, 56), (27, 55), (27, 54), (27, 53), (27, 52), (27, 51), (27, 50), (27, 49), (27, 48), (27, 47), (27, 46), (27, 45), (27, 44), (27, 43), (27, 42), (27, 41), (27, 40), (27, 39), (27, 38), (27, 37), (27, 36), (27, 35), (27, 34), (27, 33), (27, 32), (27, 31), (27, 30), (27, 29), (27, 28), (27, 27), (27, 26), (27, 25), (27, 24), (27, 23), (27, 22), (27, 21), (27, 20), (27, 19), (27, 18), (27, 17), (27, 16), (27, 15), (27, 14), (27, 13), (28, 13), (29, 13), (30, 13), (31, 13), (32, 13), (32, 13)], 2: [(11, 3), (11, 4), (11, 5), (10, 5), (10, 6), (10, 7), (10, 8), (10, 9), (10, 10), (10, 11), (11, 11), (12, 11), (12, 12), (12, 13), (12, 14), (12, 15), (12, 16), (12, 17), (12, 18), (12, 19), (13, 19), (14, 19), (15, 19), (16, 19), (17, 19), (18, 19), (18, 20), (18, 21), (19, 21), (19, 22), (19, 23), (19, 24), (19, 25), (19, 26), (19, 27), (19, 28), (19, 29), (19, 30), (19, 31), (19, 32), (19, 33), (18, 33), (18, 34), (19, 34), (20, 34), (21, 34), (22, 34), (23, 34), (24, 34), (25, 34), (26, 34), (26, 35), (26, 36), (26, 37), (26, 38), (26, 39), (26, 40), (26, 41), (26, 42), (26, 43), (26, 44), (26, 45), (27, 45), (27, 46), (27, 47), (27, 48), (27, 49), (27, 50), (26, 50), (26, 51), (26, 52), (26, 53), (26, 54), (26, 55), (26, 56), (26, 57), (26, 57)], 3: [(9, 76), (10, 76), (11, 76), (12, 76), (13, 76), (14, 76), (14, 75), (14, 74), (14, 73), (14, 72), (14, 71), (14, 70), (14, 69), (14, 68), (14, 67), (14, 66), (14, 65), (14, 64), (14, 63), (14, 62), (15, 62), (16, 62), (17, 62), (17, 61), (17, 60), (17, 59), (17, 58), (17, 57), (17, 56), (17, 55), (17, 54), (18, 54), (19, 54), (20, 54), (21, 54), (22, 54), (22, 53), (23, 53), (24, 53), (24, 52), (24, 51), (25, 51), (26, 51), (26, 50), (27, 50), (27, 49), (27, 48), (27, 47), (27, 46), (27, 45), (27, 44), (27, 43), (27, 42), (27, 41), (27, 40), (27, 39), (28, 39), (29, 39), (30, 39), (31, 39), (32, 39), (33, 39), (34, 39), (35, 39), (36, 39), (37, 39), (38, 39), (39, 39), (39, 39)], 4: [(21, 25), (22, 25), (23, 25), (24, 25), (25, 25), (26, 25), (26, 26), (26, 27), (26, 28), (26, 29), (26, 30), (26, 31), (26, 32), (26, 33), (26, 34), (26, 35), (26, 36), (26, 37), (26, 38), (26, 39), (26, 40), (26, 41), (26, 42), (26, 43), (27, 43), (27, 44), (27, 45), (27, 46), (27, 47), (27, 48), (27, 49), (27, 50), (27, 51), (27, 52), (27, 53), (27, 54), (27, 55), (27, 56), (27, 57), (27, 58), (27, 59), (27, 60), (27, 61), (27, 62), (27, 63), (27, 64), (27, 65), (27, 66), (28, 66), (29, 66), (29, 67), (30, 67), (31, 67), (32, 67), (33, 67), (34, 67), (35, 67), (36, 67), (37, 67), (38, 67), (39, 67), (40, 67), (40, 68), (40, 69), (40, 70), (40, 71), (40, 72), (40, 73), (40, 74), (40, 75), (40, 75)]}, 75)