

CBSS-C STATS
starts:[1451, 542, 2583, 4453, 4103]
targets:[1845, 956, 2393, 4803, 2946, 4795, 770, 3501, 3711, 2909]
dests:[4439, 3794, 3867, 1439, 3973]
ac_dict:{1845: {0, 1}, 956: {1, 2}, 2393: {2, 3}, 4803: {3, 4}, 4439: {0}, 3794: {1}, 3867: {2}, 1439: {3}, 3973: {4}}
clusters:[0 0 1 0 1 1 0 1 1 1]

round: 4
best_g_value: 237.0
open_list_size: 3
num_low_level_expanded: 3337
search_success: 1
search_time: 0.8789633186534047
n_tsp_call: 6
n_tsp_time: 0.6253262995742261
n_roots: 1
num_conflicts: 3
target_assignment: {1845: 1, 2946: 3}
cluster_target_selection: {0: 1845, 1: 2946}
num_nodes_transformed_graph: 48
agent_paths:({0: [(21, 22), (21, 23), (21, 24), (21, 25), (21, 26), (21, 27), (21, 28), (21, 29), (21, 30), (21, 31), (21, 32), (21, 33), (21, 34), (21, 35), (21, 36), (21, 37), (21, 38), (21, 39), (21, 40), (21, 41), (21, 42), (21, 43), (21, 44), (22, 44), (23, 44), (24, 44), (25, 44), (26, 44), (27, 44), (27, 44), (27, 45), (27, 46), (27, 47), (27, 48), (27, 49), (27, 50), (26, 50), (26, 51), (25, 51), (24, 51), (24, 52), (24, 53), (23, 53), (22, 53), (22, 54), (21, 54), (20, 54), (19, 54), (19, 55), (19, 56), (19, 57), (19, 58), (19, 59), (19, 60), (19, 61), (19, 62), (19, 63), (19, 64), (19, 65), (19, 66), (19, 67), (19, 68), (19, 68)], 1: [(22, 8), (23, 8), (24, 8), (25, 8), (25, 9), (25, 10), (25, 11), (25, 12), (25, 13), (25, 14), (25, 15), (25, 16), (25, 17), (25, 18), (25, 19), (25, 20), (25, 21), (25, 22), (25, 23), (25, 24), (25, 25), (25, 26), (25, 27), (25, 28), (25, 29), (25, 30), (25, 31), (25, 32), (25, 33), (25, 34), (25, 35), (25, 36), (25, 37), (25, 38), (25, 39), (25, 40), (25, 41), (25, 42), (25, 43), (25, 44), (26, 44), (26, 45), (27, 45), (27, 46), (27, 47), (27, 48), (27, 49), (27, 50), (26, 50), (26, 51), (25, 51), (24, 51), (24, 52), (24, 53), (24, 54), (24, 55), (24, 56), (24, 57), (24, 58), (24, 58)], 2: [(48, 39), (47, 39), (46, 39), (45, 39), (44, 39), (43, 39), (42, 39), (41, 39), (40, 39), (39, 39), (38, 39), (37, 39), (36, 39), (35, 39), (34, 39), (33, 39), (32, 39), (32, 40), (32, 41), (32, 42), (32, 43), (32, 44), (31, 44), (30, 44), (30, 45), (29, 45), (29, 46), (29, 47), (29, 48), (29, 49), (29, 50), (30, 50), (30, 51), (31, 51), (32, 51), (32, 52), (32, 53), (32, 54), (32, 55), (32, 56), (32, 57), (32, 58), (32, 59), (32, 59)], 3: [(33, 68), (32, 68), (31, 68), (30, 68), (29, 68), (28, 68), (27, 68), (27, 67), (27, 66), (27, 65), (27, 64), (27, 63), (27, 62), (27, 61), (27, 60), (27, 59), (27, 58), (27, 57), (27, 56), (27, 55), (27, 54), (27, 53), (27, 52), (27, 51), (27, 50), (27, 49), (27, 48), (27, 47), (27, 46), (27, 45), (26, 45), (26, 44), (25, 44), (24, 44), (23, 44), (22, 44), (21, 44), (21, 45), (20, 45), (20, 44), (20, 43), (20, 42), (19, 42), (19, 41), (19, 40), (19, 39), (19, 38), (19, 37), (19, 36), (19, 35), (19, 34), (19, 33), (19, 32), (19, 31), (19, 30), (19, 29), (19, 28), (19, 27), (19, 26), (19, 25), (19, 24), (19, 23), (19, 22), (19, 21), (18, 21), (17, 21), (16, 21), (15, 21), (14, 21), (13, 21), (12, 21), (11, 21), (10, 21), (9, 21), (9, 22), (9, 22)], 4: [(8, 63), (8, 62), (8, 61), (8, 61)]}, 74)