

CBSS-C STATS
starts:[4338, 4750, 3530, 4379, 557]
targets:[902, 2790, 3779, 2525, 2008, 4882, 4245, 2718, 3601, 1646]
dests:[2231, 2686, 3479, 463, 2779]
ac_dict:{902: {0, 1}, 2790: {1, 2}, 3779: {2, 3}, 2525: {3, 4}, 2231: {0}, 2686: {1}, 3479: {2}, 463: {3}, 2779: {4}}
clusters:[0 0 0 1 2 2 3 2 4 0]

round: 1
best_g_value: 302.0
open_list_size: 0
num_low_level_expanded: 1376
search_success: 1
search_time: 0.11157146887853742
n_tsp_call: 1
n_tsp_time: 0.0609280071221292
n_roots: 1
num_conflicts: 0
target_assignment: {2525: 4, 2718: 4, 1646: 3, 4245: 1, 3601: 1}
cluster_target_selection: {1: 2525, 2: 2718, 0: 1646, 3: 4245, 4: 3601}
num_nodes_transformed_graph: 29
agent_paths:({0: [(48, 66), (47, 66), (46, 66), (45, 66), (44, 66), (43, 66), (42, 66), (41, 66), (40, 66), (39, 66), (38, 66), (37, 66), (36, 66), (35, 66), (34, 66), (34, 67), (33, 67), (32, 67), (31, 67), (30, 67), (29, 67), (28, 67), (27, 67), (27, 66), (27, 65), (27, 64), (27, 63), (27, 62), (27, 61), (27, 60), (27, 59), (27, 58), (27, 57), (27, 56), (27, 55), (27, 54), (27, 53), (27, 52), (27, 51), (27, 50), (27, 49), (27, 48), (27, 47), (27, 46), (27, 45), (26, 45), (26, 44), (25, 44), (24, 44), (23, 44), (22, 44), (21, 44), (21, 43), (21, 42), (21, 41), (21, 40), (21, 39), (21, 38), (21, 37), (21, 36), (21, 35), (21, 34), (21, 34)], 1: [(5, 73), (6, 73), (7, 73), (8, 73), (9, 73), (9, 74), (9, 75), (9, 76), (10, 76), (11, 76), (12, 76), (13, 76), (14, 76), (14, 75), (14, 74), (14, 73), (14, 72), (14, 71), (14, 70), (14, 69), (14, 68), (14, 67), (14, 66), (14, 65), (15, 65), (16, 65), (17, 65), (18, 65), (19, 65), (20, 65), (20, 64), (21, 64), (22, 64), (23, 64), (24, 64), (24, 63), (25, 63), (25, 62), (25, 61), (25, 60), (25, 59), (25, 58), (25, 57), (25, 56), (25, 55), (26, 55), (26, 54), (26, 53), (26, 52), (26, 51), (26, 50), (27, 50), (27, 49), (27, 48), (27, 47), (27, 46), (27, 45), (26, 45), (26, 44), (25, 44), (24, 44), (23, 44), (22, 44), (21, 44), (21, 43), (21, 42), (21, 41), (21, 41)], 2: [(20, 54), (21, 54), (22, 54), (22, 53), (23, 53), (24, 53), (25, 53), (26, 53), (27, 53), (28, 53), (29, 53), (30, 53), (31, 53), (32, 53), (33, 53), (34, 53), (34, 53)], 3: [(24, 67), (24, 66), (24, 65), (24, 64), (24, 63), (25, 63), (25, 62), (25, 61), (25, 60), (25, 59), (25, 58), (25, 57), (25, 56), (25, 55), (25, 54), (25, 53), (25, 52), (25, 51), (26, 51), (26, 50), (27, 50), (27, 49), (27, 48), (27, 47), (27, 46), (27, 45), (26, 45), (26, 44), (25, 44), (24, 44), (23, 44), (22, 44), (21, 44), (21, 43), (21, 42), (21, 41), (21, 40), (21, 39), (21, 38), (21, 37), (21, 36), (21, 35), (21, 34), (21, 33), (21, 32), (21, 31), (21, 30), (21, 29), (21, 28), (21, 27), (21, 26), (21, 25), (20, 25), (19, 25), (19, 24), (19, 23), (19, 22), (19, 21), (18, 21), (17, 21), (16, 21), (15, 21), (14, 21), (13, 21), (12, 21), (11, 21), (10, 21), (9, 21), (9, 20), (9, 19), (9, 18), (9, 17), (9, 16), (9, 15), (8, 15), (8, 14), (8, 13), (8, 12), (8, 11), (8, 10), (8, 9), (8, 8), (8, 7), (8, 7)], 4: [(37, 8), (37, 9), (37, 10), (37, 11), (37, 12), (37, 13), (36, 13), (35, 13), (34, 13), (33, 13), (32, 13), (31, 13), (30, 13), (29, 13), (29, 14), (28, 14), (27, 14), (27, 15), (27, 16), (27, 17), (27, 18), (28, 18), (28, 19), (28, 20), (28, 21), (28, 22), (28, 23), (28, 24), (28, 25), (28, 26), (29, 26), (29, 27), (29, 28), (29, 29), (29, 30), (29, 31), (29, 32), (29, 33), (29, 34), (29, 35), (30, 35), (31, 35), (32, 35), (33, 35), (34, 35), (34, 36), (34, 37), (35, 37), (36, 37), (37, 37), (38, 37), (38, 38), (39, 38), (40, 38), (41, 38), (42, 38), (43, 38), (44, 38), (45, 38), (46, 38), (47, 38), (48, 38), (49, 38), (50, 38), (51, 38), (52, 38), (53, 38), (54, 38), (55, 38), (54, 38), (53, 38), (53, 39), (53, 40), (53, 41), (52, 41), (51, 41), (50, 41), (49, 41), (49, 42), (49, 42)]}, 82)