

CBSS-C STATS
starts:[414, 1531, 4895, 3826, 855]
targets:[477, 3043, 2959, 4246, 4571, 4579, 5003, 4049, 3389, 851]
dests:[2041, 352, 201, 2305, 3601]
ac_dict:{477: {0, 1}, 3043: {1, 2}, 2959: {2, 3}, 4246: {3, 4}, 2041: {0}, 352: {1}, 201: {2}, 2305: {3}, 3601: {4}}
clusters:[0 1 0 1 1 0 0 0 1 1]

round: 2
best_g_value: 273.0
open_list_size: 1
num_low_level_expanded: 2019
search_success: 1
search_time: 0.11401793919503689
n_tsp_call: 1
n_tsp_time: 0.05989686166867614
n_roots: 1
num_conflicts: 1
target_assignment: {4049: 2, 851: 2}
cluster_target_selection: {0: 4049, 1: 851}
num_nodes_transformed_graph: 29
agent_paths:({0: [(24, 6), (25, 6), (26, 6), (26, 7), (26, 8), (26, 9), (26, 10), (26, 11), (26, 12), (26, 13), (26, 14), (26, 15), (26, 16), (26, 17), (26, 18), (26, 19), (26, 20), (26, 21), (26, 22), (26, 23), (26, 24), (26, 25), (26, 26), (26, 27), (26, 28), (26, 29), (26, 30), (26, 31), (26, 31)], 1: [(36, 23), (35, 23), (35, 24), (35, 25), (35, 26), (34, 26), (34, 27), (33, 27), (32, 27), (31, 27), (30, 27), (29, 27), (28, 27), (27, 27), (27, 26), (27, 25), (27, 24), (27, 23), (27, 22), (27, 21), (27, 20), (27, 19), (27, 18), (27, 17), (27, 16), (27, 15), (27, 14), (27, 13), (27, 12), (27, 11), (27, 10), (27, 9), (27, 8), (27, 7), (27, 6), (27, 5), (27, 5)], 2: [(20, 75), (19, 75), (19, 74), (19, 73), (19, 72), (19, 71), (19, 70), (19, 69), (19, 68), (19, 67), (19, 66), (19, 65), (19, 64), (19, 63), (19, 62), (19, 61), (19, 60), (19, 59), (19, 58), (19, 57), (19, 56), (19, 55), (19, 54), (20, 54), (21, 54), (22, 54), (22, 53), (23, 53), (24, 53), (24, 52), (24, 51), (25, 51), (26, 51), (26, 50), (27, 50), (27, 49), (27, 48), (27, 47), (27, 46), (27, 45), (26, 45), (26, 44), (25, 44), (24, 44), (23, 44), (22, 44), (21, 44), (20, 44), (20, 43), (20, 42), (19, 42), (19, 41), (19, 40), (19, 39), (19, 38), (19, 37), (19, 36), (19, 35), (19, 34), (19, 33), (19, 32), (19, 31), (19, 30), (19, 29), (19, 28), (19, 27), (19, 26), (19, 25), (19, 24), (19, 23), (19, 22), (19, 21), (18, 21), (17, 21), (16, 21), (15, 21), (14, 21), (13, 21), (12, 21), (11, 21), (10, 21), (9, 21), (9, 20), (9, 19), (9, 18), (9, 17), (9, 16), (9, 15), (8, 15), (7, 15), (6, 15), (6, 14), (6, 13), (6, 12), (6, 11), (6, 10), (6, 9), (6, 8), (6, 7), (6, 6), (6, 5), (6, 4), (6, 3), (6, 3)], 3: [(56, 58), (55, 58), (54, 58), (53, 58), (52, 58), (52, 57), (52, 56), (52, 55), (52, 54), (52, 53), (52, 52), (52, 51), (52, 50), (52, 49), (52, 48), (51, 48), (51, 47), (51, 46), (51, 45), (50, 45), (49, 45), (48, 45), (47, 45), (47, 44), (47, 43), (47, 42), (46, 42), (45, 42), (44, 42), (43, 42), (42, 42), (41, 42), (40, 42), (39, 42), (38, 42), (37, 42), (36, 42), (35, 42), (34, 42), (33, 42), (32, 42), (31, 42), (30, 42), (30, 41), (30, 40), (30, 39), (30, 38), (30, 37), (30, 36), (30, 35), (30, 35)], 4: [(10, 13), (11, 13), (12, 13), (12, 14), (12, 15), (12, 16), (12, 17), (12, 18), (12, 19), (13, 19), (14, 19), (15, 19), (16, 19), (17, 19), (18, 19), (19, 19), (20, 19), (21, 19), (22, 19), (23, 19), (24, 19), (25, 19), (25, 20), (25, 21), (25, 22), (25, 23), (25, 24), (25, 25), (25, 26), (25, 27), (25, 28), (25, 29), (25, 30), (25, 31), (25, 32), (26, 32), (26, 33), (26, 34), (26, 35), (26, 36), (26, 37), (26, 38), (26, 39), (26, 40), (26, 41), (26, 42), (26, 43), (26, 44), (26, 45), (27, 45), (27, 46), (27, 47), (27, 48), (27, 49), (27, 50), (26, 50), (26, 51), (26, 52), (26, 53), (26, 54), (26, 55), (26, 55)]}, 102)