

CBSS-C STATS
starts:[806, 4924, 1645, 332, 4636]
targets:[1975, 1336, 1198, 868, 571, 3514, 2914, 2464, 885, 4181]
dests:[3826, 4535, 4304, 1944, 3499]
ac_dict:{1975: {0, 1}, 1336: {1, 2}, 1198: {2, 3}, 868: {3, 4}, 3826: {0}, 4535: {1}, 4304: {2}, 1944: {3}, 3499: {4}}
clusters:[1 0 0 1 1 1 0 0 1 1]

round: 1
best_g_value: 295.0
open_list_size: 0
num_low_level_expanded: 2094
search_success: 1
search_time: 0.13921382231637836
n_tsp_call: 1
n_tsp_time: 0.08290837239474058
n_roots: 1
num_conflicts: 0
target_assignment: {2914: 0, 4181: 2}
cluster_target_selection: {0: 2914, 1: 4181}
num_nodes_transformed_graph: 29
agent_paths:({0: [(26, 12), (27, 12), (27, 13), (27, 14), (27, 15), (27, 16), (27, 17), (27, 18), (28, 18), (28, 19), (28, 20), (28, 21), (28, 22), (28, 23), (28, 24), (28, 25), (28, 26), (29, 26), (29, 27), (29, 28), (29, 29), (29, 30), (29, 31), (29, 32), (29, 33), (29, 34), (29, 35), (30, 35), (31, 35), (32, 35), (33, 35), (34, 35), (34, 36), (34, 37), (35, 37), (36, 37), (37, 37), (38, 37), (38, 38), (39, 38), (40, 38), (41, 38), (42, 38), (43, 38), (44, 38), (45, 38), (46, 38), (47, 38), (48, 38), (49, 38), (50, 38), (51, 38), (52, 38), (53, 38), (54, 38), (54, 39), (54, 40), (54, 41), (54, 42), (54, 43), (54, 44), (54, 45), (53, 45), (53, 46), (53, 47), (53, 48), (53, 49), (53, 50), (54, 50), (55, 50), (56, 50), (56, 51), (56, 52), (56, 53), (56, 54), (56, 55), (56, 56), (56, 57), (56, 58), (56, 58)], 1: [(49, 75), (49, 74), (49, 73), (49, 72), (49, 71), (49, 70), (49, 69), (50, 69), (50, 69)], 2: [(20, 25), (21, 25), (21, 26), (21, 27), (21, 28), (21, 29), (21, 30), (21, 31), (21, 32), (21, 33), (21, 34), (21, 35), (21, 36), (21, 37), (21, 38), (21, 39), (21, 40), (21, 41), (21, 42), (21, 43), (21, 44), (22, 44), (23, 44), (24, 44), (25, 44), (26, 44), (26, 45), (27, 45), (27, 46), (27, 47), (27, 48), (27, 49), (27, 50), (26, 50), (26, 51), (25, 51), (25, 52), (25, 53), (25, 54), (25, 55), (25, 56), (25, 57), (25, 58), (25, 59), (25, 60), (25, 61), (25, 62), (25, 63), (24, 63), (24, 64), (23, 64), (22, 64), (21, 64), (20, 64), (19, 64), (18, 64), (17, 64), (16, 64), (15, 64), (14, 64), (14, 65), (14, 66), (14, 66)], 3: [(7, 5), (8, 5), (9, 5), (10, 5), (10, 6), (10, 7), (10, 8), (10, 9), (10, 10), (10, 11), (11, 11), (12, 11), (12, 12), (12, 13), (12, 14), (12, 15), (12, 16), (12, 17), (12, 18), (12, 19), (13, 19), (14, 19), (15, 19), (16, 19), (17, 19), (18, 19), (19, 19), (20, 19), (21, 19), (22, 19), (23, 19), (24, 19), (25, 19), (26, 19), (27, 19), (28, 19), (28, 20), (28, 21), (28, 22), (28, 23), (28, 24), (28, 25), (28, 26), (29, 26), (29, 27), (30, 27), (31, 27), (32, 27), (33, 27), (34, 27), (35, 27), (36, 27), (37, 27), (38, 27), (39, 27), (40, 27), (41, 27), (42, 27), (43, 27), (44, 27), (45, 27), (46, 27), (47, 27), (48, 27), (49, 27), (50, 27), (51, 27), (52, 27), (53, 27), (54, 27), (55, 27), (55, 28), (55, 29), (56, 29), (57, 29), (58, 29), (59, 29), (59, 29)], 4: [(21, 71), (21, 70), (21, 69), (21, 68), (21, 67), (21, 66), (21, 65), (21, 64), (22, 64), (23, 64), (24, 64), (24, 63), (25, 63), (25, 62), (25, 61), (25, 60), (25, 59), (25, 58), (25, 57), (25, 56), (25, 55), (25, 54), (25, 53), (26, 53), (27, 53), (28, 53), (29, 53), (29, 52), (29, 51), (29, 50), (29, 49), (29, 48), (29, 47), (29, 46), (29, 45), (30, 45), (30, 44), (31, 44), (32, 44), (33, 44), (34, 44), (35, 44), (36, 44), (37, 44), (37, 43), (37, 42), (38, 42), (39, 42), (40, 42), (41, 42), (42, 42), (43, 42), (44, 42), (45, 42), (46, 42), (47, 42), (48, 42), (49, 42), (50, 42), (51, 42), (52, 42), (53, 42), (53, 43), (53, 44), (53, 45), (53, 46), (53, 47), (53, 48), (53, 49), (53, 50), (54, 50), (54, 51), (54, 52), (54, 53), (54, 53)]}, 78)