

CBSS-C STATS
starts:[4331, 4706, 4500, 3961, 4590]
targets:[678, 2384, 2627, 1067, 2696, 4524, 2710, 4792, 2706, 2708]
dests:[4598, 1126, 216, 4451, 483]
ac_dict:{678: {0, 1}, 2384: {1, 2}, 2627: {2, 3}, 1067: {3, 4}, 4598: {0}, 1126: {1}, 216: {2}, 4451: {3}, 483: {4}}
clusters:[1 4 3 1 2 1 0 0 2 4]

round: 2
best_g_value: 318.0
open_list_size: 1
num_low_level_expanded: 2490
search_success: 1
search_time: 0.13035959983244538
n_tsp_call: 1
n_tsp_time: 0.05912475660443306
n_roots: 1
num_conflicts: 1
target_assignment: {2710: 3, 2708: 3, 2706: 3, 2627: 2, 1067: 4}
cluster_target_selection: {0: 2710, 4: 2708, 2: 2706, 3: 2627, 1: 1067}
num_nodes_transformed_graph: 29
agent_paths:({0: [(41, 66), (42, 66), (43, 66), (44, 66), (45, 66), (46, 66), (47, 66), (48, 66), (48, 67), (48, 68), (48, 69), (48, 70), (48, 70)], 1: [(26, 72), (26, 71), (26, 70), (26, 69), (26, 68), (26, 67), (26, 66), (26, 65), (26, 64), (26, 63), (26, 62), (26, 61), (26, 60), (26, 59), (26, 58), (26, 57), (26, 56), (26, 55), (26, 54), (26, 53), (26, 52), (26, 51), (26, 50), (27, 50), (27, 49), (27, 48), (27, 47), (27, 46), (27, 45), (26, 45), (26, 44), (25, 44), (24, 44), (23, 44), (22, 44), (21, 44), (21, 43), (21, 42), (21, 41), (21, 40), (21, 39), (21, 38), (21, 37), (21, 36), (21, 35), (21, 34), (21, 33), (21, 32), (21, 31), (21, 30), (21, 29), (21, 28), (21, 27), (21, 26), (21, 25), (21, 24), (21, 23), (21, 22), (21, 21), (21, 20), (21, 19), (21, 18), (21, 17), (21, 17)], 2: [(15, 69), (15, 68), (15, 67), (15, 66), (15, 65), (15, 64), (15, 63), (15, 62), (16, 62), (17, 62), (17, 61), (17, 60), (17, 59), (17, 58), (17, 57), (17, 56), (17, 55), (17, 54), (18, 54), (19, 54), (20, 54), (21, 54), (22, 54), (22, 53), (23, 53), (24, 53), (24, 52), (24, 51), (25, 51), (26, 51), (26, 50), (27, 50), (27, 49), (27, 48), (27, 47), (27, 46), (27, 45), (27, 44), (27, 43), (27, 42), (27, 41), (27, 40), (26, 40), (25, 40), (24, 40), (23, 40), (22, 40), (22, 39), (22, 38), (22, 37), (22, 36), (22, 35), (22, 34), (22, 33), (22, 32), (22, 31), (22, 30), (22, 29), (22, 28), (22, 27), (22, 26), (22, 25), (22, 24), (22, 23), (22, 22), (22, 21), (22, 20), (22, 19), (22, 18), (22, 17), (22, 16), (21, 16), (21, 15), (21, 14), (21, 13), (21, 12), (21, 11), (21, 10), (21, 9), (21, 8), (21, 7), (21, 6), (21, 5), (21, 4), (21, 3), (21, 3)], 3: [(61, 60), (60, 60), (59, 60), (58, 60), (57, 60), (56, 60), (55, 60), (54, 60), (53, 60), (52, 60), (52, 59), (52, 58), (52, 57), (52, 56), (52, 55), (52, 54), (52, 53), (52, 52), (52, 51), (52, 50), (52, 49), (52, 48), (51, 48), (51, 47), (51, 46), (51, 45), (50, 45), (49, 45), (48, 45), (47, 45), (47, 44), (47, 43), (47, 42), (46, 42), (45, 42), (45, 41), (44, 41), (43, 41), (42, 41), (41, 41), (40, 41), (39, 41), (38, 41), (37, 41), (36, 41), (35, 41), (34, 41), (33, 41), (32, 41), (31, 41), (31, 42), (31, 43), (31, 44), (30, 44), (30, 45), (29, 45), (29, 46), (29, 47), (29, 48), (29, 49), (29, 50), (29, 51), (29, 52), (29, 53), (29, 54), (29, 55), (29, 56), (29, 57), (29, 58), (29, 59), (29, 60), (29, 61), (29, 62), (28, 62), (27, 62), (27, 63), (27, 64), (27, 65), (27, 66), (28, 66), (29, 66), (29, 67), (30, 67), (31, 67), (31, 68), (31, 68)], 4: [(40, 70), (39, 70), (38, 70), (37, 70), (36, 70), (35, 70), (34, 70), (34, 69), (33, 69), (32, 69), (31, 69), (30, 69), (29, 69), (28, 69), (27, 69), (27, 68), (27, 67), (27, 66), (27, 65), (27, 64), (27, 63), (27, 62), (27, 61), (27, 60), (27, 59), (27, 58), (27, 57), (27, 56), (27, 55), (27, 54), (27, 53), (27, 52), (27, 51), (27, 50), (27, 49), (27, 48), (27, 47), (27, 46), (27, 45), (27, 44), (27, 43), (27, 42), (27, 41), (27, 40), (27, 39), (27, 38), (27, 37), (27, 36), (27, 35), (27, 34), (27, 33), (27, 32), (27, 31), (27, 30), (27, 29), (27, 28), (27, 27), (27, 26), (27, 25), (27, 24), (27, 23), (27, 22), (27, 21), (27, 20), (27, 19), (27, 18), (27, 17), (27, 16), (27, 15), (27, 14), (27, 13), (27, 12), (27, 11), (27, 10), (27, 9), (27, 8), (27, 7), (28, 7), (28, 7)]}, 84)