

CBSS-C STATS
starts:[2166, 5132, 729, 4436, 785]
targets:[4892, 2299, 4338, 578, 2881, 4737, 4517, 2782, 2581, 4956]
dests:[4636, 4949, 1452, 2831, 216]
ac_dict:{4892: {0, 1}, 2299: {1, 2}, 4338: {2, 3}, 578: {3, 4}, 4636: {0}, 4949: {1}, 1452: {2}, 2831: {3}, 216: {4}}
clusters:[0 0 1 0 1 1 1 1 1 1]

round: 2
best_g_value: 226.0
open_list_size: 1
num_low_level_expanded: 1745
search_success: 1
search_time: 0.10224551288411021
n_tsp_call: 1
n_tsp_time: 0.04969942197203636
n_roots: 1
num_conflicts: 1
target_assignment: {4737: 1, 4892: 1}
cluster_target_selection: {1: 4737, 0: 4892}
num_nodes_transformed_graph: 29
agent_paths:({0: [(21, 33), (21, 34), (21, 35), (21, 36), (21, 37), (21, 38), (21, 39), (21, 40), (21, 41), (21, 42), (21, 43), (21, 44), (22, 44), (23, 44), (24, 44), (25, 44), (26, 44), (26, 45), (27, 45), (27, 46), (27, 47), (27, 48), (27, 49), (27, 50), (26, 50), (26, 51), (26, 52), (25, 52), (25, 53), (25, 54), (25, 55), (25, 56), (25, 57), (25, 58), (25, 59), (25, 60), (25, 61), (25, 62), (25, 63), (24, 63), (24, 64), (23, 64), (22, 64), (21, 64), (21, 65), (21, 66), (21, 67), (21, 68), (21, 69), (21, 70), (21, 71), (21, 71)], 1: [(62, 78), (61, 78), (60, 78), (59, 78), (58, 78), (58, 77), (58, 76), (57, 76), (57, 75), (57, 74), (57, 73), (57, 72), (56, 72), (55, 72), (54, 72), (53, 72), (52, 72), (51, 72), (50, 72), (49, 72), (48, 72), (47, 72), (46, 72), (45, 72), (44, 72), (43, 72), (42, 72), (41, 72), (40, 72), (39, 72), (38, 72), (37, 72), (36, 72), (35, 72), (34, 72), (34, 71), (34, 70), (34, 69), (33, 69), (32, 69), (31, 69), (30, 69), (29, 69), (28, 69), (27, 69), (26, 69), (25, 69), (24, 69), (23, 69), (22, 69), (21, 69), (20, 69), (19, 69), (18, 69), (17, 69), (17, 70), (17, 71), (17, 72), (17, 73), (17, 74), (17, 75), (16, 75), (15, 75), (14, 75), (14, 76), (13, 76), (12, 76), (11, 76), (10, 76), (9, 76), (9, 76)], 2: [(14, 11), (14, 12), (14, 13), (14, 14), (14, 15), (13, 15), (13, 16), (12, 16), (12, 17), (12, 18), (12, 19), (13, 19), (14, 19), (15, 19), (16, 19), (17, 19), (18, 19), (19, 19), (20, 19), (21, 19), (22, 19), (22, 20), (22, 21), (22, 22), (22, 22)], 3: [(16, 68), (16, 67), (16, 66), (16, 65), (16, 64), (16, 63), (16, 62), (17, 62), (17, 61), (17, 60), (17, 59), (17, 58), (17, 57), (17, 56), (17, 55), (17, 54), (18, 54), (19, 54), (20, 54), (21, 54), (22, 54), (22, 53), (23, 53), (24, 53), (24, 52), (24, 51), (25, 51), (26, 51), (26, 50), (27, 50), (27, 49), (27, 48), (27, 47), (27, 46), (27, 45), (27, 44), (27, 43), (28, 43), (29, 43), (30, 43), (31, 43), (32, 43), (33, 43), (34, 43), (35, 43), (36, 43), (36, 43)], 4: [(5, 12), (6, 12), (7, 12), (8, 12), (9, 12), (10, 12), (11, 12), (12, 12), (12, 13), (12, 14), (12, 15), (12, 16), (12, 17), (12, 18), (12, 19), (13, 19), (14, 19), (15, 19), (16, 19), (17, 19), (18, 19), (18, 18), (19, 18), (20, 18), (20, 17), (20, 16), (20, 15), (20, 14), (20, 13), (20, 12), (20, 11), (20, 10), (20, 9), (20, 8), (20, 7), (20, 6), (20, 5), (20, 4), (20, 3), (21, 3), (21, 3)]}, 69)