

CBSS-C STATS
starts:[3413, 3595, 1927, 4621, 690]
targets:[1938, 854, 4404, 3599, 799, 3173, 3734, 440, 1613, 1191]
dests:[1940, 4632, 3968, 1856, 1049]
ac_dict:{1938: {0, 1}, 854: {1, 2}, 4404: {2, 3}, 3599: {3, 4}, 1940: {0}, 4632: {1}, 3968: {2}, 1856: {3}, 1049: {4}}
clusters:[2 1 3 0 2 2 3 4 1 0]

round: 1
best_g_value: 307.0
open_list_size: 0
num_low_level_expanded: 1484
search_success: 1
search_time: 0.10417274804785848
n_tsp_call: 1
n_tsp_time: 0.04817986022680998
n_roots: 1
num_conflicts: 0
target_assignment: {1613: 0, 1938: 0, 3734: 3, 440: 4, 1191: 4}
cluster_target_selection: {1: 1613, 2: 1938, 3: 3734, 4: 440, 0: 1191}
num_nodes_transformed_graph: 29
agent_paths:({0: [(33, 52), (33, 51), (32, 51), (31, 51), (30, 51), (30, 50), (29, 50), (29, 49), (29, 48), (29, 47), (29, 46), (29, 45), (29, 44), (29, 43), (29, 42), (29, 41), (29, 40), (29, 39), (29, 38), (29, 37), (29, 36), (29, 35), (29, 34), (29, 33), (29, 32), (29, 31), (29, 30), (29, 29), (29, 28), (29, 27), (30, 27), (31, 27), (32, 27), (33, 27), (34, 27), (35, 27), (36, 27), (37, 27), (38, 27), (39, 27), (40, 27), (41, 27), (42, 27), (43, 27), (44, 27), (45, 27), (46, 27), (47, 27), (48, 27), (49, 27), (50, 27), (51, 27), (51, 26), (51, 25), (51, 24), (52, 24), (53, 24), (53, 25), (53, 26), (53, 27), (53, 28), (53, 29), (54, 29), (55, 29), (55, 29)], 1: [(20, 55), (19, 55), (18, 55), (17, 55), (17, 56), (17, 57), (17, 58), (17, 59), (17, 60), (17, 61), (17, 62), (17, 63), (17, 64), (17, 65), (17, 66), (17, 67), (17, 68), (17, 69), (17, 70), (17, 71), (17, 71)], 2: [(42, 29), (41, 29), (40, 29), (39, 29), (38, 29), (37, 29), (36, 29), (35, 29), (34, 29), (33, 29), (32, 29), (31, 29), (30, 29), (29, 29), (28, 29), (27, 29), (27, 30), (27, 31), (27, 32), (27, 33), (27, 34), (27, 35), (27, 36), (27, 37), (27, 38), (27, 39), (27, 40), (27, 41), (27, 42), (27, 43), (27, 44), (27, 45), (27, 46), (27, 47), (27, 48), (27, 49), (27, 50), (26, 50), (26, 51), (25, 51), (24, 51), (24, 52), (24, 53), (23, 53), (22, 53), (22, 54), (21, 54), (20, 54), (19, 54), (18, 54), (17, 54), (16, 54), (15, 54), (14, 54), (13, 54), (12, 54), (11, 54), (10, 54), (9, 54), (8, 54), (7, 54), (6, 54), (5, 54), (4, 54), (3, 54), (3, 55), (3, 56), (3, 57), (3, 58), (3, 59), (3, 60), (3, 61), (3, 61)], 3: [(6, 71), (7, 71), (8, 71), (9, 71), (9, 72), (9, 73), (9, 74), (9, 75), (9, 76), (10, 76), (11, 76), (12, 76), (13, 76), (14, 76), (14, 75), (14, 74), (14, 73), (14, 72), (14, 71), (14, 70), (14, 69), (14, 68), (14, 67), (14, 66), (14, 65), (14, 64), (14, 63), (14, 62), (15, 62), (16, 62), (17, 62), (17, 61), (17, 60), (17, 59), (17, 58), (17, 57), (18, 57), (19, 57), (20, 57), (21, 57), (22, 57), (23, 57), (24, 57), (25, 57), (26, 57), (27, 57), (28, 57), (29, 57), (29, 56), (29, 55), (29, 54), (29, 53), (29, 52), (29, 51), (29, 50), (29, 49), (29, 48), (29, 47), (29, 46), (29, 45), (29, 44), (29, 43), (29, 42), (29, 41), (29, 40), (29, 39), (29, 38), (29, 37), (29, 36), (29, 35), (29, 34), (29, 33), (29, 32), (29, 31), (29, 30), (29, 29), (29, 28), (30, 28), (31, 28), (32, 28), (33, 28), (34, 28), (35, 28), (36, 28), (36, 28)], 4: [(40, 10), (41, 10), (42, 10), (43, 10), (44, 10), (45, 10), (46, 10), (47, 10), (48, 10), (49, 10), (49, 9), (50, 9), (50, 8), (50, 7), (50, 6), (50, 7), (50, 8), (50, 9), (49, 9), (49, 10), (48, 10), (47, 10), (46, 10), (45, 10), (44, 10), (43, 10), (42, 10), (41, 10), (40, 10), (39, 10), (38, 10), (37, 10), (36, 10), (35, 10), (34, 10), (34, 11), (33, 11), (32, 11), (31, 11), (30, 11), (29, 11), (28, 11), (27, 11), (26, 11), (25, 11), (24, 11), (23, 11), (22, 11), (21, 11), (21, 12), (21, 13), (21, 14), (21, 15), (21, 16), (21, 17), (21, 18), (20, 18), (19, 18), (18, 18), (18, 19), (17, 19), (16, 19), (15, 19), (14, 19), (13, 19), (12, 19), (11, 19), (10, 19), (9, 19), (9, 18), (9, 17), (9, 16), (9, 16)]}, 83)