

CBSS-C STATS
starts:[2372, 3996, 2299, 1126, 558]
targets:[1132, 694, 1887, 2711, 2573, 2649, 1062, 5082, 4398, 2945]
dests:[4468, 2006, 3853, 3748, 411]
ac_dict:{1132: {0, 1}, 694: {1, 2}, 1887: {2, 3}, 2711: {3, 4}, 4468: {0}, 2006: {1}, 3853: {2}, 3748: {3}, 411: {4}}
clusters:[0 1 1 1 0 1 0 1 0 0]

round: 2
best_g_value: 277.0
open_list_size: 1
num_low_level_expanded: 2887
search_success: 1
search_time: 0.32134282030165195
n_tsp_call: 1
n_tsp_time: 0.24182948702946305
n_roots: 1
num_conflicts: 1
target_assignment: {2573: 0, 2649: 0}
cluster_target_selection: {0: 2573, 1: 2649}
num_nodes_transformed_graph: 48
agent_paths:({0: [(32, 36), (33, 36), (34, 36), (34, 37), (35, 37), (36, 37), (37, 37), (38, 37), (38, 38), (38, 39), (39, 39), (40, 39), (41, 39), (42, 39), (43, 39), (44, 39), (45, 39), (46, 39), (47, 39), (48, 39), (49, 39), (49, 40), (48, 40), (48, 41), (48, 42), (47, 42), (46, 42), (45, 42), (44, 42), (43, 42), (42, 42), (41, 42), (40, 42), (39, 42), (38, 42), (37, 42), (37, 43), (37, 44), (36, 44), (35, 44), (34, 44), (33, 44), (32, 44), (31, 44), (30, 44), (30, 45), (29, 45), (29, 46), (29, 47), (29, 48), (29, 49), (29, 50), (29, 51), (29, 52), (29, 53), (29, 54), (29, 55), (29, 56), (29, 57), (29, 58), (29, 59), (29, 60), (29, 61), (29, 62), (28, 62), (27, 62), (27, 63), (27, 64), (27, 65), (27, 66), (28, 66), (29, 66), (29, 67), (30, 67), (31, 67), (32, 67), (33, 67), (34, 67), (35, 67), (36, 67), (37, 67), (38, 67), (39, 67), (40, 67), (41, 67), (42, 67), (43, 67), (44, 67), (45, 67), (46, 67), (47, 67), (48, 67), (48, 68), (48, 68)], 1: [(31, 61), (31, 60), (31, 59), (31, 58), (31, 57), (31, 56), (31, 55), (31, 54), (31, 53), (31, 52), (31, 51), (30, 51), (30, 50), (29, 50), (29, 49), (29, 48), (29, 47), (29, 46), (29, 45), (29, 44), (29, 43), (29, 42), (29, 41), (29, 40), (29, 39), (29, 38), (29, 37), (29, 36), (29, 35), (29, 34), (29, 33), (29, 32), (29, 31), (29, 30), (29, 29), (30, 29), (31, 29), (32, 29), (33, 29), (34, 29), (35, 29), (36, 29), (37, 29), (38, 29), (39, 29), (40, 29), (41, 29), (42, 29), (43, 29), (44, 29), (45, 29), (46, 29), (47, 29), (48, 29), (49, 29), (50, 29), (51, 29), (52, 29), (53, 29), (54, 29), (55, 29), (56, 29), (56, 30), (56, 30)], 2: [(24, 35), (24, 36), (24, 37), (24, 38), (24, 39), (24, 40), (24, 41), (24, 42), (24, 43), (24, 44), (25, 44), (26, 44), (26, 45), (27, 45), (27, 46), (27, 47), (27, 48), (27, 49), (27, 50), (26, 50), (26, 51), (25, 51), (24, 51), (24, 52), (24, 53), (23, 53), (22, 53), (22, 54), (21, 54), (20, 54), (19, 54), (18, 54), (18, 55), (18, 56), (18, 57), (18, 58), (18, 59), (18, 59)], 3: [(21, 17), (22, 17), (23, 17), (24, 17), (25, 17), (26, 17), (27, 17), (27, 18), (28, 18), (28, 19), (28, 20), (28, 21), (28, 22), (28, 23), (28, 24), (28, 25), (28, 26), (28, 27), (28, 28), (28, 29), (28, 30), (28, 31), (28, 32), (28, 33), (28, 34), (28, 35), (28, 36), (28, 37), (29, 37), (29, 38), (29, 39), (29, 40), (29, 41), (29, 42), (29, 43), (29, 44), (29, 45), (29, 46), (29, 47), (29, 48), (29, 49), (29, 50), (30, 50), (30, 51), (31, 51), (32, 51), (33, 51), (33, 52), (33, 53), (34, 53), (35, 53), (36, 53), (37, 53), (38, 53), (39, 53), (40, 53), (41, 53), (42, 53), (43, 53), (43, 54), (43, 55), (43, 56), (43, 57), (43, 57)], 4: [(38, 8), (37, 8), (36, 8), (36, 9), (36, 10), (35, 10), (34, 10), (34, 11), (33, 11), (32, 11), (31, 11), (30, 11), (29, 11), (28, 11), (27, 11), (26, 11), (25, 11), (24, 11), (23, 11), (22, 11), (21, 11), (21, 10), (21, 9), (21, 8), (21, 7), (21, 6), (21, 6)]}, 92)