

CBSS-C STATS
starts:[4631, 3531, 4761, 4388, 838]
targets:[2367, 4980, 2685, 3343, 2954, 630, 1506, 980, 156, 2829]
dests:[724, 2304, 3828, 4402, 1909]
ac_dict:{2367: {0, 1}, 4980: {1, 2}, 2685: {2, 3}, 3343: {3, 4}, 724: {0}, 2304: {1}, 3828: {2}, 4402: {3}, 1909: {4}}
clusters:[1 1 3 0 3 4 4 4 0 2]

round: 1
best_g_value: 294.0
open_list_size: 0
num_low_level_expanded: 1569
search_success: 1
search_time: 0.3618326159194112
n_tsp_call: 1
n_tsp_time: 0.30442810198292136
n_roots: 1
num_conflicts: 0
target_assignment: {1506: 0, 156: 4, 2954: 2, 2829: 2, 2367: 1}
cluster_target_selection: {4: 1506, 0: 156, 3: 2954, 2: 2829, 1: 2367}
num_nodes_transformed_graph: 48
agent_paths:({0: [(16, 71), (16, 70), (16, 69), (16, 68), (16, 67), (16, 66), (16, 65), (16, 64), (16, 63), (16, 62), (17, 62), (17, 61), (17, 60), (17, 59), (17, 58), (17, 57), (17, 56), (17, 55), (17, 54), (18, 54), (19, 54), (20, 54), (21, 54), (22, 54), (22, 53), (23, 53), (24, 53), (24, 52), (24, 51), (25, 51), (26, 51), (26, 50), (27, 50), (27, 49), (27, 48), (27, 47), (27, 46), (27, 45), (26, 45), (26, 44), (25, 44), (24, 44), (23, 44), (22, 44), (21, 44), (20, 44), (20, 43), (20, 42), (19, 42), (19, 41), (19, 40), (19, 39), (19, 38), (19, 37), (19, 36), (19, 35), (19, 34), (19, 33), (19, 32), (19, 31), (19, 30), (19, 29), (19, 28), (19, 27), (19, 26), (19, 25), (19, 24), (19, 23), (19, 22), (19, 21), (18, 21), (17, 21), (16, 21), (15, 21), (14, 21), (13, 21), (12, 21), (11, 21), (11, 22), (11, 23), (10, 23), (9, 23), (9, 22), (9, 21), (9, 20), (9, 19), (9, 18), (9, 17), (9, 16), (9, 15), (9, 14), (9, 13), (9, 12), (9, 11), (9, 11)], 1: [(21, 54), (22, 54), (22, 53), (23, 53), (24, 53), (24, 52), (24, 51), (25, 51), (26, 51), (26, 50), (27, 50), (27, 49), (27, 48), (27, 47), (27, 46), (27, 45), (27, 44), (27, 43), (27, 42), (27, 41), (27, 40), (27, 39), (27, 38), (27, 37), (27, 36), (27, 35), (28, 35), (29, 35), (29, 35)], 2: [(16, 73), (16, 72), (16, 71), (16, 70), (16, 69), (16, 68), (16, 67), (16, 66), (16, 65), (16, 64), (16, 63), (16, 62), (17, 62), (17, 61), (17, 60), (17, 59), (17, 58), (17, 57), (17, 56), (17, 55), (17, 54), (18, 54), (19, 54), (20, 54), (21, 54), (22, 54), (22, 53), (23, 53), (24, 53), (24, 52), (24, 51), (25, 51), (26, 51), (26, 50), (27, 50), (27, 49), (27, 48), (27, 47), (27, 46), (27, 45), (28, 45), (29, 45), (29, 44), (29, 43), (30, 43), (31, 43), (32, 43), (33, 43), (34, 43), (35, 43), (36, 43), (37, 43), (37, 42), (38, 42), (39, 42), (40, 42), (41, 42), (42, 42), (43, 42), (44, 42), (45, 42), (46, 42), (47, 42), (48, 42), (49, 42), (50, 42), (51, 42), (52, 42), (53, 42), (53, 43), (53, 44), (53, 45), (53, 46), (53, 47), (53, 48), (53, 49), (53, 50), (54, 50), (55, 50), (56, 50), (56, 51), (56, 52), (57, 52), (57, 53), (58, 53), (58, 54), (58, 55), (58, 56), (58, 57), (58, 58), (58, 58)], 3: [(33, 67), (34, 67), (35, 67), (36, 67), (37, 67), (38, 67), (39, 67), (40, 67), (41, 67), (42, 67), (43, 67), (44, 67), (45, 67), (46, 67), (47, 67), (47, 67)], 4: [(58, 12), (57, 12), (56, 12), (55, 12), (54, 12), (53, 12), (52, 12), (51, 12), (50, 12), (49, 12), (48, 12), (47, 12), (46, 12), (45, 12), (44, 12), (43, 12), (42, 12), (41, 12), (40, 12), (39, 12), (38, 12), (37, 12), (36, 12), (35, 12), (34, 12), (33, 12), (32, 12), (31, 12), (30, 12), (29, 12), (28, 12), (27, 12), (26, 12), (26, 11), (26, 10), (26, 9), (26, 8), (26, 7), (26, 6), (26, 5), (26, 4), (26, 3), (26, 2), (25, 2), (24, 2), (24, 3), (24, 4), (24, 5), (24, 6), (24, 7), (24, 8), (24, 9), (24, 10), (24, 11), (24, 12), (24, 13), (24, 14), (24, 15), (24, 16), (24, 17), (24, 18), (24, 19), (24, 20), (24, 21), (24, 22), (24, 23), (24, 24), (24, 25), (24, 26), (24, 27), (24, 28), (24, 29), (24, 29)]}, 93)