

CBSS-C STATS
starts:[880, 657, 4541, 719, 4773]
targets:[4499, 4506, 2892, 924, 3644, 3853, 931, 2233, 4751, 446]
dests:[722, 894, 4532, 3498, 1783]
ac_dict:{4499: {0, 1}, 4506: {1, 2}, 2892: {2, 3}, 924: {3, 4}, 722: {0}, 894: {1}, 4532: {2}, 3498: {3}, 1783: {4}}
clusters:[0 1 1 1 1 1 0 1 0 0]

round: 3
best_g_value: 247.0
open_list_size: 2
num_low_level_expanded: 2338
search_success: 1
search_time: 0.20015721721574664
n_tsp_call: 1
n_tsp_time: 0.1217773943208158
n_roots: 1
num_conflicts: 2
target_assignment: {931: 1, 2233: 3}
cluster_target_selection: {0: 931, 1: 2233}
num_nodes_transformed_graph: 48
agent_paths:({0: [(35, 13), (34, 13), (33, 13), (32, 13), (31, 13), (30, 13), (29, 13), (28, 13), (27, 13), (26, 13), (25, 13), (24, 13), (23, 13), (22, 13), (21, 13), (20, 13), (20, 14), (20, 15), (20, 16), (20, 17), (20, 18), (19, 18), (18, 18), (18, 19), (17, 19), (16, 19), (15, 19), (14, 19), (13, 19), (12, 19), (11, 19), (10, 19), (9, 19), (9, 18), (9, 17), (9, 16), (9, 15), (8, 15), (7, 15), (7, 14), (7, 13), (7, 12), (7, 11), (7, 11)], 1: [(7, 10), (8, 10), (9, 10), (10, 10), (10, 11), (11, 11), (12, 11), (12, 12), (12, 13), (12, 14), (12, 15), (12, 16), (12, 17), (12, 18), (12, 19), (13, 19), (14, 19), (15, 19), (16, 19), (17, 19), (18, 19), (19, 19), (19, 18), (20, 18), (20, 17), (20, 16), (20, 15), (20, 14), (21, 14), (21, 13), (22, 13), (23, 13), (24, 13), (25, 13), (26, 13), (27, 13), (28, 13), (29, 13), (30, 13), (31, 13), (32, 13), (33, 13), (34, 13), (35, 13), (36, 13), (37, 13), (38, 13), (39, 13), (40, 13), (41, 13), (42, 13), (43, 13), (44, 13), (45, 13), (46, 13), (47, 13), (48, 13), (49, 13), (49, 13)], 2: [(56, 69), (55, 69), (54, 69), (53, 69), (52, 69), (51, 69), (50, 69), (49, 69), (48, 69), (47, 69), (47, 69)], 3: [(4, 11), (5, 11), (6, 11), (7, 11), (8, 11), (9, 11), (10, 11), (11, 11), (12, 11), (12, 12), (12, 13), (12, 14), (12, 15), (12, 16), (12, 17), (12, 18), (12, 19), (13, 19), (14, 19), (15, 19), (16, 19), (17, 19), (18, 19), (19, 19), (20, 19), (21, 19), (22, 19), (23, 19), (23, 20), (23, 21), (23, 22), (23, 23), (23, 24), (23, 25), (23, 26), (23, 27), (23, 28), (23, 29), (23, 30), (23, 31), (23, 32), (23, 33), (23, 34), (24, 34), (25, 34), (26, 34), (27, 34), (28, 34), (29, 34), (29, 35), (30, 35), (31, 35), (32, 35), (33, 35), (34, 35), (34, 36), (34, 37), (35, 37), (36, 37), (37, 37), (38, 37), (38, 38), (39, 38), (40, 38), (41, 38), (42, 38), (43, 38), (44, 38), (45, 38), (46, 38), (47, 38), (48, 38), (49, 38), (50, 38), (51, 38), (52, 38), (53, 38), (53, 39), (53, 40), (53, 41), (53, 42), (53, 43), (53, 44), (53, 45), (53, 46), (53, 47), (53, 48), (53, 49), (53, 50), (53, 51), (53, 52), (53, 53), (53, 53)], 4: [(28, 73), (28, 72), (28, 71), (28, 70), (28, 69), (28, 68), (28, 67), (28, 66), (27, 66), (27, 65), (27, 64), (27, 63), (27, 62), (27, 61), (27, 60), (27, 59), (27, 58), (27, 57), (27, 56), (27, 55), (27, 54), (27, 53), (27, 52), (27, 51), (27, 50), (27, 49), (27, 48), (27, 47), (27, 46), (27, 45), (27, 44), (27, 43), (27, 42), (27, 41), (27, 40), (27, 39), (27, 38), (27, 37), (27, 36), (27, 35), (27, 34), (27, 33), (27, 32), (27, 31), (27, 30), (27, 29), (27, 28), (27, 27), (28, 27), (28, 27)]}, 91)