

CBSS-C STATS
starts:[4178, 413, 757, 4961, 1711]
targets:[2233, 2460, 1808, 3590, 2821, 1692, 3082, 656, 1306, 1386]
dests:[3885, 2511, 4043, 3587, 351]
ac_dict:{2233: {0, 1}, 2460: {1, 2}, 1808: {2, 3}, 3590: {3, 4}, 3885: {0}, 2511: {1}, 4043: {2}, 3587: {3}, 351: {4}}
clusters:[3 2 2 4 1 2 0 1 4 3]

round: 1
best_g_value: 293.0
open_list_size: 0
num_low_level_expanded: 1190
search_success: 1
search_time: 0.28423833288252354
n_tsp_call: 1
n_tsp_time: 0.2358782603405416
n_roots: 1
num_conflicts: 0
target_assignment: {3082: 0, 2233: 1, 2460: 1, 3590: 3, 2821: 2}
cluster_target_selection: {0: 3082, 3: 2233, 2: 2460, 4: 3590, 1: 2821}
num_nodes_transformed_graph: 48
agent_paths:({0: [(18, 64), (18, 63), (18, 62), (18, 61), (18, 60), (18, 59), (18, 58), (18, 57), (18, 56), (18, 55), (18, 54), (19, 54), (20, 54), (21, 54), (22, 54), (22, 53), (23, 53), (24, 53), (24, 52), (24, 51), (25, 51), (26, 51), (26, 50), (27, 50), (27, 49), (27, 48), (27, 47), (28, 47), (29, 47), (29, 46), (29, 45), (30, 45), (30, 44), (31, 44), (32, 44), (33, 44), (34, 44), (35, 44), (36, 44), (37, 44), (37, 43), (37, 42), (38, 42), (39, 42), (40, 42), (41, 42), (42, 42), (43, 42), (44, 42), (45, 42), (46, 42), (47, 42), (48, 42), (49, 42), (50, 42), (50, 43), (50, 44), (50, 45), (51, 45), (51, 46), (51, 47), (51, 48), (52, 48), (52, 49), (52, 50), (51, 50), (51, 51), (51, 52), (51, 53), (51, 54), (51, 55), (51, 56), (51, 57), (50, 57), (50, 58), (50, 59), (50, 59)], 1: [(23, 6), (23, 7), (23, 8), (23, 9), (23, 10), (23, 11), (23, 12), (23, 13), (23, 14), (23, 15), (23, 16), (23, 17), (23, 18), (23, 19), (23, 20), (23, 21), (23, 22), (23, 23), (23, 24), (23, 25), (23, 26), (23, 27), (23, 28), (23, 29), (23, 30), (23, 31), (23, 32), (23, 33), (23, 34), (24, 34), (25, 34), (26, 34), (27, 34), (28, 34), (29, 34), (29, 35), (30, 35), (31, 35), (32, 35), (33, 35), (34, 35), (34, 36), (34, 37), (35, 37), (36, 37), (37, 37), (38, 37), (38, 38), (39, 38), (40, 38), (41, 38), (42, 38), (43, 38), (44, 38), (45, 38), (46, 38), (47, 38), (48, 38), (49, 38), (50, 38), (50, 37), (51, 37), (52, 37), (53, 37), (54, 37), (55, 37), (54, 37), (53, 37), (52, 37), (51, 37), (50, 37), (50, 38), (49, 38), (48, 38), (47, 38), (46, 38), (45, 38), (44, 38), (43, 38), (42, 38), (41, 38), (41, 38)], 2: [(42, 11), (41, 11), (40, 11), (39, 11), (38, 11), (37, 11), (36, 11), (35, 11), (34, 11), (33, 11), (32, 11), (31, 11), (30, 11), (29, 11), (28, 11), (27, 11), (26, 11), (26, 12), (26, 13), (26, 14), (26, 15), (26, 16), (26, 17), (26, 18), (26, 19), (26, 20), (26, 21), (26, 22), (26, 23), (26, 24), (26, 25), (26, 26), (26, 27), (26, 28), (26, 29), (26, 30), (26, 31), (26, 32), (26, 33), (26, 34), (26, 35), (26, 36), (26, 37), (26, 38), (26, 39), (26, 40), (26, 41), (26, 42), (26, 43), (26, 44), (26, 45), (27, 45), (27, 46), (27, 47), (27, 48), (27, 49), (27, 50), (26, 50), (26, 51), (25, 51), (24, 51), (24, 52), (24, 53), (23, 53), (22, 53), (22, 54), (21, 54), (20, 54), (19, 54), (18, 54), (17, 54), (17, 55), (17, 56), (17, 57), (17, 58), (17, 59), (17, 60), (17, 61), (17, 62), (16, 62), (15, 62), (14, 62), (13, 62), (13, 62)], 3: [(21, 76), (20, 76), (20, 75), (19, 75), (18, 75), (17, 75), (17, 74), (17, 73), (17, 72), (17, 71), (17, 70), (17, 69), (17, 68), (17, 67), (17, 66), (17, 65), (17, 64), (17, 63), (17, 62), (17, 61), (17, 60), (17, 59), (17, 58), (17, 57), (17, 56), (16, 56), (15, 56), (15, 55), (14, 55), (13, 55), (12, 55), (12, 55)], 4: [(21, 26), (21, 25), (21, 24), (21, 23), (21, 22), (21, 21), (21, 20), (21, 19), (21, 18), (21, 17), (21, 16), (21, 15), (21, 14), (21, 13), (21, 12), (21, 11), (21, 10), (21, 9), (21, 8), (21, 7), (21, 6), (21, 5), (22, 5), (23, 5), (24, 5), (25, 5), (26, 5), (26, 5)]}, 82)