

CBSS-C STATS
starts:[1778, 4731, 3478, 4528, 1579]
targets:[593, 4635, 4920, 1318, 1792, 1932, 4881, 4349, 2843, 506]
dests:[4865, 4705, 3726, 3551, 2626]
ac_dict:{593: {0, 1}, 4635: {1, 2}, 4920: {2, 3}, 1318: {3, 4}, 4865: {0}, 4705: {1}, 3726: {2}, 3551: {3}, 2626: {4}}
clusters:[1 1 0 0 0 0 0 0 0 0]

round: 2
best_g_value: 217.0
open_list_size: 1
num_low_level_expanded: 2988
search_success: 1
search_time: 0.1756625040434301
n_tsp_call: 1
n_tsp_time: 0.10996790789067745
n_roots: 1
num_conflicts: 1
target_assignment: {4349: 0, 4635: 1}
cluster_target_selection: {0: 4349, 1: 4635}
num_nodes_transformed_graph: 48
agent_paths:({0: [(23, 27), (24, 27), (25, 27), (26, 27), (27, 27), (27, 28), (27, 29), (27, 30), (27, 31), (27, 32), (27, 33), (27, 34), (27, 35), (27, 36), (27, 37), (27, 38), (27, 39), (27, 40), (27, 41), (27, 42), (27, 43), (27, 44), (27, 45), (27, 46), (27, 47), (27, 48), (27, 49), (27, 50), (27, 51), (27, 52), (27, 53), (27, 54), (27, 55), (27, 56), (27, 57), (27, 58), (27, 59), (27, 60), (27, 61), (27, 62), (27, 63), (27, 64), (27, 65), (27, 66), (28, 66), (29, 66), (29, 67), (30, 67), (31, 67), (32, 67), (33, 67), (34, 67), (34, 66), (35, 66), (36, 66), (37, 66), (38, 66), (39, 66), (40, 66), (41, 66), (42, 66), (43, 66), (44, 66), (45, 66), (46, 66), (47, 66), (48, 66), (49, 66), (50, 66), (51, 66), (52, 66), (53, 66), (54, 66), (55, 66), (56, 66), (57, 66), (58, 66), (59, 66), (58, 66), (57, 66), (56, 66), (55, 66), (55, 67), (55, 68), (55, 69), (55, 70), (55, 71), (55, 72), (55, 73), (55, 74), (55, 74)], 1: [(51, 72), (50, 72), (49, 72), (48, 72), (47, 72), (46, 72), (45, 72), (44, 72), (43, 72), (42, 72), (41, 72), (40, 72), (39, 72), (38, 72), (37, 72), (36, 72), (35, 72), (34, 72), (34, 71), (34, 70), (34, 69), (33, 69), (32, 69), (31, 69), (30, 69), (29, 69), (28, 69), (27, 69), (26, 69), (25, 69), (24, 69), (23, 69), (22, 69), (21, 69), (20, 69), (20, 70), (20, 71), (21, 71), (21, 70), (22, 70), (23, 70), (24, 70), (25, 70), (25, 71), (25, 72), (25, 72)], 2: [(33, 53), (32, 53), (31, 53), (30, 53), (29, 53), (28, 53), (27, 53), (26, 53), (25, 53), (24, 53), (23, 53), (22, 53), (22, 54), (21, 54), (21, 55), (21, 56), (21, 57), (21, 57)], 3: [(43, 69), (42, 69), (41, 69), (41, 68), (41, 67), (40, 67), (39, 67), (38, 67), (37, 67), (36, 67), (35, 67), (34, 67), (33, 67), (32, 67), (31, 67), (30, 67), (29, 67), (29, 66), (28, 66), (27, 66), (27, 65), (27, 64), (27, 63), (27, 62), (27, 61), (27, 60), (27, 59), (27, 58), (27, 57), (27, 56), (27, 55), (28, 55), (28, 54), (29, 54), (30, 54), (31, 54), (32, 54), (33, 54), (34, 54), (35, 54), (36, 54), (37, 54), (38, 54), (39, 54), (40, 54), (41, 54), (41, 54)], 4: [(19, 24), (20, 24), (21, 24), (22, 24), (23, 24), (24, 24), (25, 24), (26, 24), (26, 25), (26, 26), (26, 27), (26, 28), (26, 29), (26, 30), (26, 31), (26, 32), (26, 33), (26, 34), (26, 35), (26, 36), (26, 37), (26, 38), (26, 39), (26, 40), (26, 40)]}, 89)