

CBSS-C STATS
starts:[2584, 4049, 2493, 3555, 418]
targets:[3532, 823, 1127, 3537, 916, 3600, 904, 4332, 571, 1918]
dests:[200, 4505, 591, 3747, 2303]
ac_dict:{3532: {0, 1}, 823: {1, 2}, 1127: {2, 3}, 3537: {3, 4}, 200: {0}, 4505: {1}, 591: {2}, 3747: {3}, 2303: {4}}
clusters:[1 1 0 0 1 1 1 1 1 0]

round: 1
best_g_value: 175.0
open_list_size: 0
num_low_level_expanded: 801
search_success: 1
search_time: 0.08182974578812718
n_tsp_call: 1
n_tsp_time: 0.05282976804301143
n_roots: 1
num_conflicts: 0
target_assignment: {1127: 2, 916: 2}
cluster_target_selection: {0: 1127, 1: 916}
num_nodes_transformed_graph: 29
agent_paths:({0: [(49, 39), (48, 39), (47, 39), (46, 39), (45, 39), (44, 39), (43, 39), (42, 39), (41, 39), (40, 39), (39, 39), (38, 39), (37, 39), (36, 39), (35, 39), (34, 39), (33, 39), (32, 39), (31, 39), (30, 39), (29, 39), (28, 39), (27, 39), (26, 39), (25, 39), (24, 39), (23, 39), (22, 39), (21, 39), (20, 39), (19, 39), (19, 38), (19, 37), (19, 36), (19, 35), (19, 34), (19, 33), (19, 32), (19, 31), (19, 30), (19, 29), (19, 28), (19, 27), (19, 26), (19, 25), (19, 24), (19, 23), (19, 22), (19, 21), (18, 21), (17, 21), (16, 21), (15, 21), (14, 21), (13, 21), (12, 21), (11, 21), (10, 21), (9, 21), (9, 20), (9, 19), (9, 18), (9, 17), (9, 16), (9, 15), (8, 15), (7, 15), (6, 15), (5, 15), (5, 14), (5, 13), (5, 12), (5, 11), (5, 10), (5, 9), (5, 8), (5, 7), (5, 6), (5, 5), (5, 4), (5, 3), (5, 3)], 1: [(19, 62), (19, 63), (20, 63), (20, 64), (20, 65), (20, 66), (20, 67), (20, 68), (20, 69), (20, 69)], 2: [(23, 38), (22, 38), (22, 37), (22, 36), (22, 35), (22, 34), (22, 33), (22, 32), (22, 31), (22, 30), (22, 29), (22, 28), (22, 27), (22, 26), (22, 25), (22, 24), (22, 23), (22, 22), (22, 21), (22, 20), (22, 19), (22, 18), (22, 17), (21, 17), (20, 17), (20, 18), (19, 18), (18, 18), (18, 19), (17, 19), (16, 19), (15, 19), (14, 19), (13, 19), (12, 19), (11, 19), (10, 19), (9, 19), (9, 18), (9, 17), (9, 16), (9, 15), (8, 15), (7, 15), (6, 15), (6, 14), (6, 13), (6, 12), (6, 11), (6, 10), (6, 9), (6, 9)], 3: [(45, 54), (44, 54), (43, 54), (42, 54), (42, 55), (42, 56), (42, 57), (42, 57)], 4: [(28, 6), (28, 7), (28, 8), (28, 9), (28, 10), (28, 11), (28, 12), (28, 13), (28, 14), (27, 14), (27, 15), (27, 16), (27, 17), (27, 18), (28, 18), (28, 19), (28, 20), (28, 21), (28, 22), (28, 23), (28, 24), (28, 25), (28, 26), (28, 27), (28, 28), (28, 29), (28, 30), (28, 31), (28, 32), (28, 33), (28, 34), (28, 35), (28, 35)]}, 80)