

CBSS-C STATS
starts:[2623, 4391, 2593, 4468, 2831]
targets:[5106, 4890, 2628, 3608, 4438, 670, 3566, 3656, 2293, 1388]
dests:[3630, 1802, 4387, 4564, 1595]
ac_dict:{5106: {0, 1}, 4890: {1, 2}, 2628: {2, 3}, 3608: {3, 4}, 3630: {0}, 1802: {1}, 4387: {2}, 4564: {3}, 1595: {4}}
clusters:[2 4 1 0 4 3 3 2 0 3]

round: 1
best_g_value: 290.0
open_list_size: 0
num_low_level_expanded: 1155
search_success: 1
search_time: 0.12120875623077154
n_tsp_call: 1
n_tsp_time: 0.0686455019749701
n_roots: 1
num_conflicts: 0
target_assignment: {3566: 0, 5106: 1, 2293: 1, 4438: 3, 2628: 2}
cluster_target_selection: {3: 3566, 2: 5106, 0: 2293, 4: 4438, 1: 2628}
num_nodes_transformed_graph: 28
agent_paths:({0: [(23, 40), (24, 40), (25, 40), (26, 40), (27, 40), (28, 40), (29, 40), (30, 40), (31, 40), (32, 40), (33, 40), (34, 40), (35, 40), (36, 40), (37, 40), (38, 40), (39, 40), (40, 40), (41, 40), (42, 40), (43, 40), (44, 40), (45, 40), (46, 40), (47, 40), (48, 40), (49, 40), (50, 40), (51, 40), (52, 40), (53, 40), (53, 41), (53, 42), (53, 43), (53, 44), (53, 45), (53, 46), (53, 47), (53, 48), (53, 49), (53, 50), (54, 50), (55, 50), (56, 50), (56, 51), (56, 52), (56, 53), (56, 54), (55, 54), (55, 55), (55, 55)], 1: [(36, 67), (36, 68), (36, 69), (36, 70), (36, 71), (36, 72), (36, 73), (36, 74), (36, 75), (36, 76), (36, 77), (36, 78), (36, 77), (36, 76), (36, 75), (36, 74), (36, 73), (35, 73), (34, 73), (34, 72), (34, 71), (34, 70), (34, 69), (33, 69), (32, 69), (31, 69), (30, 69), (29, 69), (28, 69), (27, 69), (27, 68), (27, 67), (27, 66), (27, 65), (27, 64), (27, 63), (27, 62), (27, 61), (27, 60), (27, 59), (27, 58), (27, 57), (27, 56), (27, 55), (27, 54), (27, 53), (27, 52), (27, 51), (27, 50), (27, 49), (27, 48), (27, 47), (27, 46), (27, 45), (26, 45), (26, 44), (25, 44), (24, 44), (23, 44), (22, 44), (21, 44), (20, 44), (20, 43), (20, 42), (19, 42), (19, 41), (19, 40), (19, 39), (19, 38), (19, 37), (18, 37), (18, 36), (18, 35), (18, 34), (18, 33), (19, 33), (19, 32), (19, 31), (19, 30), (19, 29), (19, 28), (19, 27), (20, 27), (21, 27), (22, 27), (23, 27), (24, 27), (25, 27), (26, 27), (27, 27), (28, 27), (29, 27), (30, 27), (31, 27), (32, 27), (33, 27), (34, 27), (35, 27), (36, 27), (37, 27), (38, 27), (39, 27), (40, 27), (41, 27), (42, 27), (43, 27), (44, 27), (45, 27), (46, 27), (47, 27), (47, 27)], 2: [(58, 39), (57, 39), (56, 39), (55, 39), (54, 39), (53, 39), (52, 39), (51, 39), (50, 39), (49, 39), (48, 39), (47, 39), (46, 39), (45, 39), (44, 39), (43, 39), (42, 39), (41, 39), (40, 39), (39, 39), (38, 39), (37, 39), (36, 39), (35, 39), (34, 39), (33, 39), (32, 39), (31, 39), (30, 39), (29, 39), (28, 39), (28, 40), (28, 41), (28, 42), (28, 43), (28, 44), (28, 45), (28, 46), (28, 47), (28, 48), (28, 49), (28, 50), (28, 51), (28, 52), (28, 53), (28, 54), (28, 55), (28, 56), (28, 57), (28, 58), (28, 59), (28, 60), (28, 61), (28, 62), (27, 62), (27, 63), (27, 64), (27, 65), (27, 66), (28, 66), (29, 66), (29, 67), (30, 67), (31, 67), (32, 67), (32, 67)], 3: [(48, 68), (47, 68), (46, 68), (45, 68), (44, 68), (43, 68), (42, 68), (41, 68), (40, 68), (39, 68), (38, 68), (37, 68), (36, 68), (35, 68), (34, 68), (33, 68), (32, 68), (31, 68), (30, 68), (29, 68), (28, 68), (27, 68), (26, 68), (25, 68), (24, 68), (23, 68), (22, 68), (21, 68), (20, 68), (19, 68), (18, 68), (17, 68), (16, 68), (15, 68), (14, 68), (14, 69), (14, 70), (14, 70)], 4: [(36, 43), (35, 43), (35, 42), (35, 41), (35, 40), (35, 39), (35, 38), (35, 37), (34, 37), (34, 36), (34, 35), (33, 35), (32, 35), (31, 35), (30, 35), (29, 35), (29, 34), (29, 33), (29, 32), (29, 31), (29, 30), (29, 29), (29, 28), (29, 27), (30, 27), (31, 27), (32, 27), (33, 27), (34, 27), (34, 26), (35, 26), (35, 25), (35, 24), (35, 24)]}, 109)