

CBSS-C STATS
starts:[1985, 2568, 775, 3588, 3605]
targets:[3513, 4491, 4751, 3698, 4815, 3761, 1523, 3810, 4183, 4848]
dests:[2636, 4545, 1455, 832, 375]
ac_dict:{3513: {0, 1}, 4491: {1, 2}, 4751: {2, 3}, 3698: {3, 4}, 2636: {0}, 4545: {1}, 1455: {2}, 832: {3}, 375: {4}}
clusters:[1 0 1 1 0 0 0 0 1 0]

round: 2
best_g_value: 306.0
open_list_size: 1
num_low_level_expanded: 2182
search_success: 1
search_time: 0.11526090605184436
n_tsp_call: 1
n_tsp_time: 0.0527428537607193
n_roots: 1
num_conflicts: 1
target_assignment: {1523: 4, 4183: 1}
cluster_target_selection: {0: 1523, 1: 4183}
num_nodes_transformed_graph: 29
agent_paths:({0: [(35, 30), (34, 30), (34, 29), (33, 29), (32, 29), (31, 29), (30, 29), (29, 29), (29, 30), (29, 31), (29, 32), (29, 33), (29, 34), (29, 35), (30, 35), (31, 35), (32, 35), (33, 35), (34, 35), (34, 36), (34, 37), (35, 37), (36, 37), (36, 38), (36, 39), (36, 40), (36, 40)], 1: [(33, 39), (32, 39), (31, 39), (30, 39), (29, 39), (28, 39), (27, 39), (27, 40), (27, 41), (27, 42), (27, 43), (27, 44), (27, 45), (27, 46), (27, 47), (27, 48), (27, 49), (27, 50), (27, 51), (26, 51), (25, 51), (25, 52), (25, 53), (25, 54), (25, 55), (25, 56), (25, 57), (25, 58), (25, 59), (25, 60), (25, 61), (25, 62), (25, 63), (24, 63), (24, 64), (23, 64), (24, 64), (25, 64), (26, 64), (27, 64), (27, 65), (27, 66), (28, 66), (29, 66), (29, 67), (30, 67), (31, 67), (32, 67), (33, 67), (34, 67), (35, 67), (36, 67), (37, 67), (38, 67), (39, 67), (40, 67), (41, 67), (42, 67), (43, 67), (44, 67), (45, 67), (46, 67), (47, 67), (48, 67), (49, 67), (50, 67), (51, 67), (52, 67), (53, 67), (54, 67), (55, 67), (56, 67), (57, 67), (58, 67), (59, 67), (60, 67), (60, 68), (60, 69), (60, 69)], 2: [(60, 11), (59, 11), (58, 11), (57, 11), (56, 11), (55, 11), (54, 11), (53, 11), (52, 11), (51, 11), (50, 11), (49, 11), (48, 11), (47, 11), (46, 11), (45, 11), (44, 11), (43, 11), (42, 11), (41, 11), (40, 11), (39, 11), (38, 11), (37, 11), (36, 11), (35, 11), (34, 11), (33, 11), (32, 11), (31, 11), (30, 11), (29, 11), (28, 11), (27, 11), (26, 11), (25, 11), (25, 12), (25, 13), (25, 14), (25, 15), (25, 16), (25, 17), (25, 18), (25, 19), (25, 20), (25, 21), (25, 22), (25, 22)], 3: [(13, 55), (13, 54), (14, 54), (15, 54), (16, 54), (17, 54), (18, 54), (19, 54), (20, 54), (21, 54), (22, 54), (22, 53), (23, 53), (24, 53), (24, 52), (24, 51), (25, 51), (26, 51), (26, 50), (27, 50), (27, 49), (27, 48), (27, 47), (27, 46), (27, 45), (27, 44), (27, 43), (27, 42), (27, 41), (27, 40), (27, 39), (27, 38), (27, 37), (27, 36), (27, 35), (27, 34), (27, 33), (27, 32), (27, 31), (27, 30), (27, 29), (27, 28), (27, 27), (27, 26), (27, 25), (27, 24), (27, 23), (27, 22), (27, 21), (27, 20), (27, 19), (27, 18), (27, 17), (27, 16), (27, 15), (27, 14), (27, 13), (27, 12), (28, 12), (29, 12), (30, 12), (31, 12), (32, 12), (33, 12), (34, 12), (35, 12), (36, 12), (37, 12), (38, 12), (39, 12), (40, 12), (41, 12), (42, 12), (43, 12), (44, 12), (45, 12), (46, 12), (47, 12), (48, 12), (49, 12), (50, 12), (51, 12), (52, 12), (52, 12)], 4: [(30, 55), (29, 55), (28, 55), (28, 54), (28, 53), (28, 52), (28, 51), (28, 50), (28, 49), (28, 48), (28, 47), (28, 46), (28, 45), (28, 44), (28, 43), (28, 42), (28, 41), (28, 40), (28, 39), (28, 38), (28, 37), (28, 36), (28, 35), (28, 34), (28, 33), (28, 32), (28, 31), (28, 30), (28, 29), (28, 28), (28, 27), (28, 26), (28, 25), (28, 24), (28, 23), (28, 22), (28, 21), (28, 20), (28, 19), (28, 18), (27, 18), (27, 17), (27, 16), (27, 15), (27, 14), (27, 13), (27, 12), (27, 11), (28, 11), (29, 11), (30, 11), (31, 11), (32, 11), (33, 11), (34, 11), (34, 10), (35, 10), (36, 10), (37, 10), (38, 10), (39, 10), (40, 10), (41, 10), (42, 10), (43, 10), (44, 10), (45, 10), (46, 10), (47, 10), (48, 10), (49, 10), (49, 9), (50, 9), (50, 8), (50, 7), (50, 6), (50, 5), (50, 5)]}, 82)