

CBSS-C STATS
starts:[4478, 2521, 824, 1292, 4815]
targets:[4949, 765, 776, 540, 3861, 2369, 3468, 4540, 3042, 896]
dests:[4931, 1777, 4527, 4904, 4830]
ac_dict:{4949: {0, 1}, 765: {1, 2}, 776: {2, 3}, 540: {3, 4}, 4931: {0}, 1777: {1}, 4527: {2}, 4904: {3}, 4830: {4}}
clusters:[2 1 0 2 3 3 3 4 2 0]

round: 1
best_g_value: 281.0
open_list_size: 0
num_low_level_expanded: 1366
search_success: 1
search_time: 0.20427598897367716
n_tsp_call: 1
n_tsp_time: 0.15153848379850388
n_roots: 1
num_conflicts: 0
target_assignment: {4540: 0, 765: 2, 896: 2, 2369: 3, 3042: 1}
cluster_target_selection: {4: 4540, 1: 765, 0: 896, 3: 2369, 2: 3042}
num_nodes_transformed_graph: 48
agent_paths:({0: [(58, 68), (57, 68), (56, 68), (55, 68), (55, 69), (56, 69), (56, 70), (56, 71), (56, 72), (56, 73), (56, 74), (56, 75), (56, 75)], 1: [(51, 38), (52, 38), (52, 39), (52, 40), (52, 41), (52, 42), (52, 43), (52, 44), (52, 45), (52, 46), (51, 46), (51, 45), (50, 45), (49, 45), (48, 45), (47, 45), (47, 44), (47, 43), (47, 42), (46, 42), (45, 42), (44, 42), (43, 42), (42, 42), (41, 42), (40, 42), (39, 42), (38, 42), (37, 42), (36, 42), (35, 42), (34, 42), (33, 42), (32, 42), (31, 42), (30, 42), (29, 42), (28, 42), (27, 42), (26, 42), (25, 42), (24, 42), (23, 42), (22, 42), (22, 41), (22, 40), (22, 39), (22, 38), (22, 37), (22, 36), (22, 35), (22, 34), (22, 33), (22, 32), (22, 31), (22, 30), (22, 29), (22, 28), (22, 27), (22, 27)], 2: [(44, 12), (44, 11), (45, 11), (46, 11), (47, 11), (48, 11), (49, 11), (50, 11), (51, 11), (51, 12), (51, 13), (50, 13), (49, 13), (48, 13), (47, 13), (46, 13), (45, 13), (44, 13), (43, 13), (42, 13), (41, 13), (40, 13), (39, 13), (38, 13), (37, 13), (36, 13), (35, 13), (34, 13), (33, 13), (32, 13), (31, 13), (30, 13), (29, 13), (29, 14), (28, 14), (27, 14), (27, 15), (27, 16), (27, 17), (27, 18), (27, 19), (27, 20), (27, 21), (27, 22), (27, 23), (27, 24), (27, 25), (27, 26), (27, 27), (27, 28), (27, 29), (27, 30), (27, 31), (27, 32), (27, 33), (27, 34), (27, 35), (27, 36), (27, 37), (27, 38), (27, 39), (27, 40), (27, 41), (27, 42), (27, 43), (27, 44), (27, 45), (27, 46), (27, 47), (27, 48), (27, 49), (27, 50), (27, 51), (27, 52), (27, 53), (27, 54), (27, 55), (27, 56), (27, 57), (27, 58), (27, 59), (27, 60), (27, 61), (27, 62), (27, 63), (27, 64), (27, 65), (27, 66), (28, 66), (29, 66), (29, 67), (30, 67), (31, 67), (32, 67), (33, 67), (34, 67), (35, 67), (36, 67), (37, 67), (38, 67), (39, 67), (40, 67), (41, 67), (42, 67), (42, 68), (42, 69), (42, 69)], 3: [(57, 19), (56, 19), (55, 19), (54, 19), (53, 19), (52, 19), (51, 19), (51, 20), (51, 21), (51, 22), (51, 23), (51, 24), (51, 25), (51, 26), (51, 27), (50, 27), (49, 27), (48, 27), (47, 27), (46, 27), (45, 27), (44, 27), (43, 27), (42, 27), (41, 27), (40, 27), (39, 27), (38, 27), (37, 27), (36, 27), (35, 27), (34, 27), (33, 27), (32, 27), (31, 27), (30, 27), (29, 27), (29, 28), (29, 29), (29, 30), (29, 31), (29, 32), (29, 33), (29, 34), (29, 35), (29, 36), (29, 37), (29, 38), (29, 39), (29, 40), (29, 41), (29, 42), (29, 43), (29, 44), (29, 45), (29, 46), (29, 47), (29, 48), (29, 49), (29, 50), (29, 51), (29, 52), (29, 53), (29, 54), (29, 55), (29, 56), (29, 57), (29, 58), (29, 59), (29, 60), (29, 61), (29, 62), (28, 62), (27, 62), (27, 63), (27, 64), (27, 65), (27, 66), (28, 66), (28, 67), (28, 68), (28, 69), (28, 70), (28, 71), (28, 72), (28, 73), (29, 73), (29, 74), (29, 75), (29, 75)], 4: [(5, 74), (6, 74), (7, 74), (8, 74), (9, 74), (9, 75), (9, 76), (10, 76), (11, 76), (12, 76), (13, 76), (14, 76), (14, 75), (14, 74), (15, 74), (16, 74), (17, 74), (18, 74), (19, 74), (20, 74), (20, 74)]}, 105)