

CBSS-C STATS
starts:[3083, 3593, 1662, 4015, 655]
targets:[1434, 4932, 3682, 4311, 3829, 833, 2165, 1587, 5107, 1724]
dests:[1857, 1715, 930, 3756, 3601]
ac_dict:{1434: {0, 1}, 4932: {1, 2}, 3682: {2, 3}, 4311: {3, 4}, 1857: {0}, 1715: {1}, 930: {2}, 3756: {3}, 3601: {4}}
clusters:[0 1 0 1 1 1 0 1 0 0]

round: 2
best_g_value: 173.0
open_list_size: 1
num_low_level_expanded: 1069
search_success: 1
search_time: 0.10879985289648175
n_tsp_call: 1
n_tsp_time: 0.07141575589776039
n_roots: 1
num_conflicts: 1
target_assignment: {2165: 4, 1587: 2}
cluster_target_selection: {0: 2165, 1: 1587}
num_nodes_transformed_graph: 29
agent_paths:({0: [(28, 47), (28, 46), (28, 45), (28, 44), (28, 43), (28, 42), (28, 41), (28, 40), (28, 39), (28, 38), (28, 37), (28, 36), (28, 35), (28, 34), (28, 33), (28, 32), (28, 31), (28, 30), (28, 29), (28, 28), (29, 28), (30, 28), (31, 28), (32, 28), (33, 28), (34, 28), (35, 28), (36, 28), (37, 28), (37, 28)], 1: [(18, 55), (18, 54), (19, 54), (20, 54), (21, 54), (22, 54), (22, 53), (23, 53), (24, 53), (24, 52), (24, 51), (25, 51), (26, 51), (26, 50), (27, 50), (27, 49), (27, 48), (27, 47), (27, 46), (27, 45), (26, 45), (26, 44), (25, 44), (25, 43), (25, 42), (25, 41), (25, 40), (25, 39), (25, 38), (25, 37), (25, 36), (25, 35), (25, 34), (25, 33), (25, 32), (25, 31), (25, 30), (25, 29), (25, 28), (25, 27), (25, 26), (25, 26)], 2: [(37, 25), (36, 25), (35, 25), (35, 26), (34, 26), (34, 27), (33, 27), (32, 27), (31, 27), (30, 27), (29, 27), (28, 27), (27, 27), (27, 26), (27, 25), (27, 24), (26, 24), (25, 24), (24, 24), (23, 24), (22, 24), (21, 24), (21, 23), (21, 22), (21, 21), (21, 20), (20, 20), (20, 19), (20, 18), (20, 17), (20, 16), (20, 15), (20, 14), (20, 14)], 3: [(50, 61), (50, 60), (50, 59), (50, 58), (50, 57), (51, 57), (51, 57)], 4: [(5, 10), (6, 10), (7, 10), (8, 10), (9, 10), (10, 10), (10, 11), (11, 11), (12, 11), (12, 12), (12, 13), (12, 14), (12, 15), (12, 16), (12, 17), (12, 18), (12, 19), (13, 19), (14, 19), (15, 19), (16, 19), (17, 19), (18, 19), (19, 19), (20, 19), (20, 20), (20, 21), (20, 22), (20, 23), (20, 24), (20, 25), (20, 26), (20, 27), (20, 28), (20, 29), (20, 30), (20, 31), (20, 32), (20, 33), (21, 33), (22, 33), (23, 33), (24, 33), (25, 33), (26, 33), (26, 34), (26, 35), (26, 36), (26, 37), (26, 38), (26, 39), (26, 40), (26, 41), (26, 42), (26, 43), (26, 44), (26, 45), (27, 45), (27, 46), (27, 47), (27, 48), (27, 49), (27, 50), (26, 50), (26, 51), (26, 52), (26, 53), (26, 54), (26, 55), (26, 55)]}, 68)