

CBSS-C STATS
starts:[1910, 2424, 3659, 1862, 1550]
targets:[4674, 3669, 5132, 4815, 3976, 5130, 3595, 3562, 611, 3544, 334, 678, 4309, 882, 4504, 1726, 2693, 331, 3761, 4568]
dests:[4636, 2106, 4103, 4891, 398]
ac_dict:{4674: {0, 1}, 3669: {1, 2}, 5132: {2, 3}, 4815: {3, 4}, 4636: {0}, 2106: {1}, 4103: {2}, 4891: {3}, 398: {4}}
clusters:[6 6 8 2 8 7 4 2 3 9 0 0 5 8 1 3 3 7 4 9]

round: 1
best_g_value: 279.0
open_list_size: 0
num_low_level_expanded: 1117
search_success: 1
search_time: 0.2565014618448913
n_tsp_call: 1
n_tsp_time: 0.20589603995904326
n_roots: 1
num_conflicts: 0
target_assignment: {334: 4, 331: 4, 3669: 2, 3976: 2, 2693: 3, 3595: 3, 4309: 3, 4504: 3, 4568: 3, 4815: 3}
cluster_target_selection: {0: 334, 7: 331, 6: 3669, 8: 3976, 3: 2693, 4: 3595, 5: 4309, 1: 4504, 9: 4568, 2: 4815}
num_nodes_transformed_graph: 53
agent_paths:({0: [(25, 29), (25, 30), (25, 31), (25, 32), (25, 33), (25, 34), (25, 35), (25, 36), (25, 37), (25, 38), (25, 39), (25, 40), (25, 41), (25, 42), (25, 43), (25, 44), (26, 44), (26, 45), (27, 45), (27, 46), (27, 47), (27, 48), (27, 49), (27, 50), (26, 50), (26, 51), (25, 51), (25, 52), (25, 53), (25, 54), (25, 55), (25, 56), (25, 57), (25, 58), (25, 59), (25, 60), (25, 61), (25, 62), (25, 63), (24, 63), (24, 64), (23, 64), (22, 64), (21, 64), (21, 65), (21, 66), (21, 67), (21, 68), (21, 69), (21, 70), (21, 71), (21, 71)], 1: [(19, 37), (19, 36), (19, 35), (19, 34), (19, 33), (19, 32), (20, 32), (21, 32), (22, 32), (23, 32), (24, 32), (25, 32), (26, 32), (26, 32)], 2: [(19, 56), (20, 56), (21, 56), (22, 56), (23, 56), (24, 56), (25, 56), (26, 56), (27, 56), (28, 56), (29, 56), (28, 56), (27, 56), (26, 56), (25, 56), (24, 56), (23, 56), (22, 56), (21, 56), (20, 56), (19, 56), (18, 56), (17, 56), (16, 56), (15, 56), (14, 56), (13, 56), (12, 56), (11, 56), (11, 57), (11, 58), (11, 59), (11, 60), (11, 61), (10, 61), (9, 61), (8, 61), (8, 62), (8, 63), (8, 63)], 3: [(42, 28), (41, 28), (40, 28), (39, 28), (38, 28), (37, 28), (36, 28), (35, 28), (34, 28), (33, 28), (32, 28), (31, 28), (30, 28), (29, 28), (28, 28), (28, 29), (28, 30), (28, 31), (28, 32), (28, 33), (28, 34), (28, 35), (28, 36), (28, 37), (28, 38), (28, 39), (28, 40), (28, 41), (27, 41), (27, 42), (27, 43), (27, 44), (27, 45), (27, 46), (27, 47), (27, 48), (27, 49), (27, 50), (26, 50), (26, 51), (25, 51), (24, 51), (24, 52), (24, 53), (23, 53), (22, 53), (22, 54), (21, 54), (20, 54), (20, 55), (19, 55), (19, 56), (19, 57), (19, 58), (19, 59), (19, 60), (19, 61), (19, 62), (19, 63), (19, 64), (19, 65), (19, 66), (19, 67), (19, 68), (19, 69), (18, 69), (18, 70), (17, 70), (16, 70), (15, 70), (14, 70), (14, 71), (14, 72), (14, 73), (14, 74), (14, 75), (14, 76), (13, 76), (12, 76), (11, 76), (10, 76), (9, 76), (8, 76), (7, 76), (6, 76), (5, 76), (5, 75), (5, 74), (6, 74), (7, 74), (8, 74), (9, 74), (9, 75), (9, 76), (10, 76), (11, 76), (12, 76), (13, 76), (14, 76), (14, 75), (15, 75), (16, 75), (16, 75)], 4: [(55, 23), (54, 23), (53, 23), (52, 23), (51, 23), (51, 24), (51, 25), (51, 26), (51, 27), (50, 27), (49, 27), (48, 27), (47, 27), (46, 27), (45, 27), (44, 27), (43, 27), (42, 27), (41, 27), (40, 27), (39, 27), (38, 27), (37, 27), (36, 27), (35, 27), (34, 27), (33, 27), (32, 27), (31, 27), (30, 27), (29, 27), (28, 27), (27, 27), (26, 27), (25, 27), (24, 27), (23, 27), (22, 27), (21, 27), (20, 27), (19, 27), (19, 26), (19, 25), (19, 24), (19, 23), (19, 22), (19, 21), (18, 21), (17, 21), (16, 21), (15, 21), (14, 21), (13, 21), (12, 21), (11, 21), (10, 21), (9, 21), (9, 20), (9, 19), (9, 18), (9, 17), (9, 16), (9, 15), (9, 14), (9, 13), (9, 12), (9, 11), (9, 10), (9, 9), (9, 8), (9, 7), (9, 6), (9, 5), (8, 5), (7, 5), (6, 5), (7, 5), (8, 5), (8, 6), (8, 6)]}, 101)