

CBSS-C STATS
starts:[4451, 1943, 2750, 776, 4038]
targets:[4670, 3693, 1314, 4579, 2590, 1846, 1546, 1855, 4609, 3890]
dests:[4652, 794, 3738, 588, 3555]
ac_dict:{4670: {0, 1}, 3693: {1, 2}, 1314: {2, 3}, 4579: {3, 4}, 4652: {0}, 794: {1}, 3738: {2}, 588: {3}, 3555: {4}}
clusters:[0 0 3 4 1 1 2 0 4 2]

round: 1
best_g_value: 255.0
open_list_size: 0
num_low_level_expanded: 1136
search_success: 1
search_time: 0.2077078172005713
n_tsp_call: 1
n_tsp_time: 0.16585820214822888
n_roots: 1
num_conflicts: 0
target_assignment: {4579: 4, 1546: 1, 1855: 1, 1846: 1, 1314: 3}
cluster_target_selection: {4: 4579, 2: 1546, 0: 1855, 1: 1846, 3: 1314}
num_nodes_transformed_graph: 48
agent_paths:({0: [(31, 68), (32, 68), (33, 68), (34, 68), (35, 68), (36, 68), (37, 68), (37, 69), (37, 70), (37, 71), (37, 71)], 1: [(58, 29), (57, 29), (56, 29), (55, 29), (54, 29), (53, 29), (52, 29), (51, 29), (51, 28), (51, 27), (51, 26), (51, 25), (51, 24), (51, 23), (51, 24), (51, 25), (51, 26), (51, 27), (50, 27), (49, 27), (48, 27), (47, 27), (46, 27), (45, 27), (44, 27), (43, 27), (42, 27), (41, 27), (40, 27), (39, 27), (38, 27), (37, 27), (36, 27), (35, 27), (35, 28), (34, 28), (33, 28), (32, 28), (31, 28), (30, 28), (29, 28), (28, 28), (27, 28), (26, 28), (25, 28), (24, 28), (23, 28), (22, 28), (21, 28), (20, 28), (19, 28), (19, 27), (19, 26), (19, 25), (19, 24), (19, 23), (19, 22), (19, 21), (18, 21), (17, 21), (16, 21), (15, 21), (14, 21), (14, 20), (14, 19), (13, 19), (12, 19), (12, 18), (12, 17), (12, 16), (12, 15), (12, 14), (12, 13), (12, 12), (13, 12), (14, 12), (14, 12)], 2: [(20, 42), (21, 42), (22, 42), (23, 42), (24, 42), (25, 42), (26, 42), (27, 42), (28, 42), (29, 42), (29, 43), (29, 44), (29, 45), (29, 46), (29, 47), (29, 48), (29, 49), (29, 50), (30, 50), (30, 51), (31, 51), (32, 51), (33, 51), (33, 52), (33, 53), (33, 54), (33, 55), (33, 56), (33, 57), (33, 57)], 3: [(61, 11), (60, 11), (59, 11), (58, 11), (57, 11), (56, 11), (55, 11), (54, 11), (53, 11), (52, 11), (51, 11), (50, 11), (49, 11), (48, 11), (47, 11), (46, 11), (45, 11), (44, 11), (43, 11), (42, 11), (41, 11), (40, 11), (39, 11), (38, 11), (37, 11), (36, 11), (35, 11), (34, 11), (33, 11), (32, 11), (31, 11), (30, 11), (29, 11), (28, 11), (27, 11), (26, 11), (25, 11), (24, 11), (23, 11), (22, 11), (21, 11), (20, 11), (20, 12), (20, 13), (20, 14), (20, 15), (20, 16), (20, 17), (20, 18), (19, 18), (18, 18), (18, 19), (17, 19), (16, 19), (15, 19), (14, 19), (14, 20), (13, 20), (12, 20), (11, 20), (10, 20), (9, 20), (8, 20), (7, 20), (6, 20), (5, 20), (4, 20), (4, 19), (4, 18), (4, 17), (4, 16), (4, 15), (4, 14), (3, 14), (3, 13), (3, 12), (3, 11), (3, 10), (3, 9), (3, 9)], 4: [(8, 62), (9, 62), (10, 62), (11, 62), (12, 62), (13, 62), (14, 62), (15, 62), (16, 62), (17, 62), (18, 62), (19, 62), (19, 63), (20, 63), (21, 63), (21, 64), (22, 64), (23, 64), (24, 64), (25, 64), (26, 64), (27, 64), (27, 65), (27, 66), (28, 66), (29, 66), (29, 67), (29, 68), (29, 69), (29, 70), (29, 69), (29, 68), (29, 67), (29, 66), (28, 66), (27, 66), (27, 65), (27, 64), (27, 63), (27, 62), (27, 61), (27, 60), (27, 59), (27, 58), (27, 57), (27, 56), (27, 55), (27, 54), (28, 54), (29, 54), (30, 54), (31, 54), (32, 54), (33, 54), (34, 54), (35, 54), (36, 54), (37, 54), (38, 54), (39, 54), (40, 54), (41, 54), (42, 54), (43, 54), (44, 54), (45, 54), (45, 54)]}, 78)