

CBSS-C STATS
starts:[3891, 3802, 1064, 417, 4305]
targets:[3598, 4998, 575, 2638, 2635, 1259, 1403, 947, 577, 2173]
dests:[3648, 2565, 4667, 4865, 4573]
ac_dict:{3598: {0, 1}, 4998: {1, 2}, 575: {2, 3}, 2638: {3, 4}, 3648: {0}, 2565: {1}, 4667: {2}, 4865: {3}, 4573: {4}}
clusters:[0 1 0 0 1 0 0 1 0 1]

round: 1
best_g_value: 295.0
open_list_size: 0
num_low_level_expanded: 2022
search_success: 1
search_time: 0.24325587134808302
n_tsp_call: 1
n_tsp_time: 0.17147422209382057
n_roots: 1
num_conflicts: 0
target_assignment: {1259: 2, 2173: 2}
cluster_target_selection: {0: 1259, 1: 2173}
num_nodes_transformed_graph: 48
agent_paths:({0: [(56, 59), (55, 59), (54, 59), (53, 59), (52, 59), (52, 58), (52, 57), (52, 56), (52, 55), (52, 54), (52, 53), (52, 52), (52, 51), (52, 50), (52, 49), (52, 48), (51, 48), (51, 47), (51, 46), (51, 45), (50, 45), (49, 45), (48, 45), (47, 45), (47, 44), (47, 43), (47, 42), (46, 42), (45, 42), (44, 42), (43, 42), (42, 42), (41, 42), (40, 42), (39, 42), (38, 42), (37, 42), (36, 42), (35, 42), (34, 42), (33, 42), (32, 42), (31, 42), (30, 42), (29, 42), (28, 42), (27, 42), (27, 43), (27, 44), (27, 45), (27, 46), (27, 47), (27, 48), (27, 49), (27, 50), (26, 50), (26, 51), (25, 51), (24, 51), (24, 52), (24, 53), (23, 53), (22, 53), (22, 54), (21, 54), (20, 54), (19, 54), (18, 54), (17, 54), (16, 54), (15, 54), (14, 54), (13, 54), (12, 54), (11, 54), (10, 54), (9, 54), (8, 54), (8, 55), (8, 56), (8, 56)], 1: [(32, 58), (31, 58), (30, 58), (30, 57), (30, 56), (30, 55), (30, 54), (30, 53), (30, 52), (30, 51), (30, 50), (29, 50), (29, 49), (29, 48), (29, 47), (29, 46), (29, 45), (29, 44), (29, 43), (29, 42), (29, 41), (29, 40), (29, 39), (30, 39), (30, 39)], 2: [(24, 16), (24, 17), (24, 18), (24, 19), (25, 19), (26, 19), (27, 19), (28, 19), (28, 20), (28, 21), (28, 22), (28, 23), (28, 24), (28, 25), (28, 26), (28, 27), (28, 28), (28, 29), (28, 30), (28, 31), (28, 32), (28, 33), (28, 34), (28, 35), (28, 36), (28, 37), (28, 38), (28, 39), (28, 40), (28, 41), (28, 42), (28, 43), (28, 44), (28, 45), (28, 46), (28, 47), (28, 48), (28, 49), (28, 50), (28, 51), (28, 52), (28, 53), (28, 54), (28, 55), (28, 56), (28, 57), (28, 58), (28, 59), (28, 60), (28, 61), (28, 62), (27, 62), (27, 63), (27, 64), (27, 65), (27, 66), (28, 66), (29, 66), (29, 67), (30, 67), (31, 67), (32, 67), (33, 67), (34, 67), (35, 67), (36, 67), (37, 67), (38, 67), (39, 67), (40, 67), (41, 67), (42, 67), (43, 67), (44, 67), (45, 67), (46, 67), (47, 67), (48, 67), (49, 67), (50, 67), (51, 67), (52, 67), (52, 68), (52, 69), (52, 70), (52, 71), (52, 71)], 3: [(27, 6), (27, 7), (27, 8), (27, 9), (27, 10), (27, 11), (27, 12), (27, 13), (27, 14), (27, 15), (27, 16), (27, 17), (27, 18), (27, 19), (27, 20), (27, 21), (27, 22), (27, 23), (27, 24), (27, 25), (27, 26), (27, 27), (27, 28), (27, 29), (27, 30), (27, 31), (27, 32), (27, 33), (27, 34), (27, 35), (27, 36), (27, 37), (27, 38), (27, 39), (27, 40), (27, 41), (27, 42), (27, 43), (27, 44), (27, 45), (27, 46), (27, 47), (27, 48), (27, 49), (27, 50), (27, 51), (27, 52), (27, 53), (27, 54), (27, 55), (27, 56), (27, 57), (27, 58), (27, 59), (27, 60), (27, 61), (27, 62), (27, 63), (27, 64), (27, 65), (27, 66), (28, 66), (29, 66), (29, 67), (30, 67), (31, 67), (32, 67), (33, 67), (34, 67), (35, 67), (36, 67), (37, 67), (38, 67), (39, 67), (40, 67), (41, 67), (42, 67), (43, 67), (44, 67), (45, 67), (46, 67), (47, 67), (48, 67), (49, 67), (50, 67), (51, 67), (52, 67), (53, 67), (54, 67), (55, 67), (55, 68), (55, 69), (55, 70), (55, 71), (55, 72), (55, 73), (55, 74), (55, 74)], 4: [(15, 66), (16, 66), (17, 66), (18, 66), (19, 66), (20, 66), (21, 66), (22, 66), (23, 66), (23, 67), (23, 68), (23, 69), (23, 70), (23, 70)]}, 96)