

CBSS-C STATS
starts:[3453, 222, 1855, 2564, 4673]
targets:[513, 4333, 3598, 3734, 1312, 1714, 4335, 2556, 4115, 939]
dests:[4764, 1844, 3519, 1779, 2647]
ac_dict:{513: {0, 1}, 4333: {1, 2}, 3598: {2, 3}, 3734: {3, 4}, 4764: {0}, 1844: {1}, 3519: {2}, 1779: {3}, 2647: {4}}
clusters:[0 0 1 0 0 1 1 1 1 0]

round: 4
best_g_value: 212.0
open_list_size: 3
num_low_level_expanded: 2207
search_success: 1
search_time: 0.801973890978843
n_tsp_call: 6
n_tsp_time: 0.5797110418789089
n_roots: 1
num_conflicts: 3
target_assignment: {3734: 4, 1714: 1}
cluster_target_selection: {0: 3734, 1: 1714}
num_nodes_transformed_graph: 48
agent_paths:({0: [(8, 53), (9, 53), (9, 54), (10, 54), (11, 54), (12, 54), (13, 54), (14, 54), (15, 54), (16, 54), (17, 54), (18, 54), (19, 54), (19, 55), (19, 56), (19, 57), (19, 58), (19, 59), (19, 60), (19, 61), (19, 62), (19, 63), (19, 64), (19, 65), (19, 66), (19, 67), (19, 68), (19, 69), (19, 70), (19, 71), (19, 72), (19, 73), (19, 73)], 1: [(27, 3), (26, 3), (25, 3), (24, 3), (24, 4), (24, 5), (24, 6), (24, 7), (24, 8), (24, 9), (24, 10), (24, 11), (24, 12), (24, 13), (24, 14), (24, 15), (24, 16), (24, 17), (24, 18), (24, 19), (24, 20), (24, 21), (24, 22), (24, 23), (24, 24), (24, 25), (24, 26), (23, 26), (23, 27), (23, 28), (24, 28), (24, 28)], 2: [(35, 28), (34, 28), (33, 28), (32, 28), (31, 28), (30, 28), (29, 28), (28, 28), (27, 28), (27, 29), (27, 30), (27, 31), (27, 32), (27, 33), (27, 34), (27, 35), (27, 36), (27, 37), (27, 38), (27, 39), (27, 40), (27, 41), (27, 42), (27, 43), (27, 44), (27, 45), (27, 46), (27, 47), (27, 48), (27, 49), (27, 50), (26, 50), (26, 51), (25, 51), (24, 51), (24, 52), (24, 53), (23, 53), (22, 53), (22, 54), (21, 54), (20, 54), (19, 54), (18, 54), (17, 54), (16, 54), (15, 54), (14, 54), (13, 54), (12, 54), (11, 54), (10, 54), (9, 54), (9, 54)], 3: [(29, 39), (28, 39), (27, 39), (26, 39), (25, 39), (24, 39), (24, 38), (24, 37), (24, 36), (24, 35), (24, 34), (24, 33), (24, 32), (24, 31), (24, 30), (24, 29), (24, 28), (24, 27), (24, 27)], 4: [(58, 71), (57, 71), (56, 71), (55, 71), (54, 71), (53, 71), (52, 71), (51, 71), (50, 71), (49, 71), (48, 71), (47, 71), (46, 71), (45, 71), (44, 71), (43, 71), (42, 71), (41, 71), (40, 71), (39, 71), (38, 71), (37, 71), (36, 71), (35, 71), (34, 71), (34, 70), (34, 69), (33, 69), (32, 69), (31, 69), (30, 69), (29, 69), (29, 68), (29, 67), (29, 66), (28, 66), (27, 66), (27, 65), (27, 64), (27, 63), (27, 62), (27, 61), (27, 60), (27, 59), (27, 58), (27, 57), (28, 57), (29, 57), (29, 56), (29, 55), (29, 54), (29, 53), (29, 52), (29, 51), (29, 50), (29, 49), (29, 48), (29, 47), (29, 46), (29, 45), (29, 44), (29, 43), (29, 42), (29, 41), (29, 40), (30, 40), (31, 40), (32, 40), (33, 40), (34, 40), (35, 40), (36, 40), (37, 40), (38, 40), (39, 40), (40, 40), (41, 40), (42, 40), (43, 40), (44, 40), (45, 40), (46, 40), (47, 40), (47, 40)]}, 82)