

CBSS-C STATS
starts:[1915, 3389, 2786, 2656, 2913]
targets:[3541, 2643, 2308, 2821, 4671, 4634, 4786, 1420, 4337, 594, 2880, 5011, 3580, 5018, 1370, 4438, 1130, 5107, 1051, 1506]
dests:[1533, 4663, 461, 2503, 4651]
ac_dict:{3541: {0, 1}, 2643: {1, 2}, 2308: {2, 3}, 2821: {3, 4}, 1533: {0}, 4663: {1}, 461: {2}, 2503: {3}, 4651: {4}}
clusters:[6 4 1 7 0 6 6 5 5 3 1 6 4 3 2 6 9 4 3 8]

round: 2
best_g_value: 290.0
open_list_size: 1
num_low_level_expanded: 1368
search_success: 1
search_time: 0.16377646382898092
n_tsp_call: 1
n_tsp_time: 0.10341301700100303
n_roots: 1
num_conflicts: 1
target_assignment: {2643: 2, 2308: 2, 1130: 2, 1506: 2, 1370: 2, 594: 2, 2821: 4, 4438: 1, 4337: 1, 4671: 1}
cluster_target_selection: {4: 2643, 1: 2308, 9: 1130, 8: 1506, 2: 1370, 3: 594, 7: 2821, 6: 4438, 5: 4337, 0: 4671}
num_nodes_transformed_graph: 54
agent_paths:({0: [(30, 29), (30, 28), (30, 27), (31, 27), (32, 27), (33, 27), (34, 27), (34, 26), (35, 26), (35, 25), (35, 24), (35, 23), (36, 23), (37, 23), (38, 23), (38, 23)], 1: [(9, 52), (9, 53), (9, 54), (10, 54), (11, 54), (12, 54), (13, 54), (14, 54), (15, 54), (16, 54), (17, 54), (18, 54), (18, 55), (18, 56), (18, 57), (18, 58), (18, 59), (18, 60), (18, 61), (18, 62), (18, 63), (18, 64), (18, 65), (18, 66), (18, 67), (18, 68), (18, 67), (19, 67), (20, 67), (21, 67), (22, 67), (23, 67), (24, 67), (25, 67), (26, 67), (27, 67), (28, 67), (29, 67), (30, 67), (31, 67), (32, 67), (33, 67), (34, 67), (34, 66), (35, 66), (36, 66), (37, 66), (38, 66), (39, 66), (40, 66), (41, 66), (42, 66), (43, 66), (44, 66), (45, 66), (46, 66), (47, 66), (48, 66), (49, 66), (50, 66), (51, 66), (52, 66), (53, 66), (54, 66), (55, 66), (56, 66), (56, 67), (56, 68), (56, 69), (56, 70), (56, 71), (55, 71), (54, 71), (53, 71), (52, 71), (51, 71), (50, 71), (49, 71), (48, 71), (48, 71)], 2: [(56, 42), (55, 42), (54, 42), (53, 42), (52, 42), (51, 42), (50, 42), (49, 42), (48, 42), (47, 42), (46, 42), (45, 42), (44, 42), (43, 42), (43, 41), (43, 40), (42, 40), (41, 40), (40, 40), (39, 40), (38, 40), (37, 40), (36, 40), (35, 40), (34, 40), (34, 39), (34, 38), (34, 37), (33, 37), (33, 36), (33, 35), (32, 35), (31, 35), (30, 35), (29, 35), (28, 35), (27, 35), (26, 35), (25, 35), (25, 34), (25, 33), (25, 32), (25, 31), (25, 30), (25, 29), (25, 28), (25, 27), (25, 26), (25, 25), (25, 24), (25, 23), (25, 22), (25, 21), (25, 20), (25, 19), (25, 18), (25, 17), (24, 17), (23, 17), (22, 17), (21, 17), (20, 17), (20, 18), (19, 18), (18, 18), (18, 19), (17, 19), (16, 19), (15, 19), (14, 19), (13, 19), (12, 19), (11, 19), (11, 20), (11, 21), (11, 22), (11, 23), (10, 23), (9, 23), (8, 23), (7, 23), (6, 23), (5, 23), (5, 22), (5, 21), (5, 20), (6, 20), (7, 20), (8, 20), (9, 20), (9, 19), (9, 18), (9, 17), (9, 16), (9, 15), (9, 14), (9, 13), (9, 12), (9, 11), (9, 10), (9, 9), (8, 9), (7, 9), (6, 9), (6, 8), (6, 7), (6, 7)], 3: [(56, 40), (55, 40), (54, 40), (53, 40), (52, 40), (51, 40), (50, 40), (49, 40), (48, 40), (47, 40), (46, 40), (45, 40), (44, 40), (43, 40), (42, 40), (41, 40), (40, 40), (39, 40), (38, 40), (37, 40), (36, 40), (35, 40), (34, 40), (33, 40), (33, 39), (33, 38), (33, 38)], 4: [(53, 44), (52, 44), (51, 44), (50, 44), (49, 44), (48, 44), (47, 44), (47, 43), (47, 42), (46, 42), (45, 42), (44, 42), (43, 42), (42, 42), (41, 42), (40, 42), (39, 42), (38, 42), (37, 42), (36, 42), (35, 42), (34, 42), (33, 42), (32, 42), (31, 42), (30, 42), (29, 42), (28, 42), (27, 42), (26, 42), (26, 43), (27, 43), (27, 44), (27, 45), (27, 46), (27, 47), (27, 48), (27, 49), (27, 50), (27, 51), (27, 52), (27, 53), (27, 54), (27, 55), (27, 56), (27, 57), (27, 58), (27, 59), (27, 60), (27, 61), (27, 62), (27, 63), (27, 64), (27, 65), (27, 66), (28, 66), (29, 66), (29, 67), (30, 67), (31, 67), (32, 67), (33, 67), (34, 67), (35, 67), (36, 67), (36, 68), (36, 69), (36, 70), (36, 71), (36, 71)]}, 105)