

CBSS-C STATS
starts:[880, 3474, 3811, 686, 1454]
targets:[3551, 4447, 3757, 1742, 1433, 1245, 710, 3668, 4444, 2568]
dests:[4735, 4602, 3888, 3735, 3355]
ac_dict:{3551: {0, 1}, 4447: {1, 2}, 3757: {2, 3}, 1742: {3, 4}, 4735: {0}, 4602: {1}, 3888: {2}, 3735: {3}, 3355: {4}}
clusters:[0 1 1 0 1 1 1 0 0 1]

round: 1
best_g_value: 316.0
open_list_size: 0
num_low_level_expanded: 2331
search_success: 1
search_time: 0.11521125165745616
n_tsp_call: 1
n_tsp_time: 0.04543818114325404
n_roots: 1
num_conflicts: 0
target_assignment: {3668: 1, 4447: 1}
cluster_target_selection: {0: 3668, 1: 4447}
num_nodes_transformed_graph: 29
agent_paths:({0: [(35, 13), (34, 13), (33, 13), (32, 13), (31, 13), (30, 13), (29, 13), (29, 14), (28, 14), (27, 14), (27, 15), (27, 16), (27, 17), (27, 18), (27, 19), (27, 20), (27, 21), (27, 22), (27, 23), (27, 24), (27, 25), (27, 26), (27, 27), (27, 28), (27, 29), (27, 30), (27, 31), (27, 32), (27, 33), (27, 34), (27, 35), (27, 36), (27, 37), (27, 38), (27, 39), (27, 40), (27, 41), (27, 42), (27, 43), (27, 44), (27, 45), (27, 46), (27, 47), (27, 48), (27, 49), (27, 50), (27, 51), (27, 52), (27, 53), (27, 54), (27, 55), (27, 56), (27, 57), (27, 58), (27, 59), (27, 60), (27, 61), (27, 62), (27, 63), (27, 64), (27, 65), (27, 66), (28, 66), (29, 66), (29, 67), (30, 67), (31, 67), (32, 67), (33, 67), (34, 67), (35, 67), (36, 67), (37, 67), (38, 67), (39, 67), (40, 67), (41, 67), (42, 67), (43, 67), (44, 67), (45, 67), (46, 67), (47, 67), (48, 67), (49, 67), (50, 67), (51, 67), (52, 67), (53, 67), (54, 67), (55, 67), (55, 68), (55, 69), (55, 70), (55, 71), (55, 72), (55, 72)], 1: [(29, 53), (28, 53), (28, 54), (28, 55), (28, 56), (27, 56), (27, 57), (27, 58), (27, 59), (27, 60), (27, 61), (27, 62), (27, 63), (27, 64), (27, 65), (27, 66), (27, 67), (27, 68), (28, 68), (29, 68), (30, 68), (31, 68), (32, 68), (33, 68), (34, 68), (35, 68), (36, 68), (37, 68), (38, 68), (39, 68), (40, 68), (41, 68), (42, 68), (43, 68), (44, 68), (45, 68), (46, 68), (47, 68), (48, 68), (49, 68), (50, 68), (51, 68), (52, 68), (52, 69), (52, 70), (52, 70)], 2: [(41, 58), (40, 58), (39, 58), (38, 58), (37, 58), (36, 58), (35, 58), (34, 58), (33, 58), (32, 58), (31, 58), (30, 58), (29, 58), (29, 57), (29, 56), (29, 55), (29, 54), (29, 53), (29, 52), (29, 51), (29, 50), (29, 49), (29, 48), (29, 47), (29, 46), (29, 45), (30, 45), (30, 44), (31, 44), (32, 44), (33, 44), (34, 44), (35, 44), (36, 44), (37, 44), (37, 43), (37, 42), (38, 42), (39, 42), (40, 42), (41, 42), (42, 42), (43, 42), (44, 42), (45, 42), (46, 42), (47, 42), (48, 42), (49, 42), (50, 42), (51, 42), (52, 42), (53, 42), (53, 43), (53, 44), (53, 45), (53, 46), (53, 47), (53, 48), (53, 49), (53, 50), (53, 51), (53, 52), (53, 53), (53, 54), (53, 55), (53, 56), (53, 57), (53, 58), (53, 59), (53, 59)], 3: [(36, 10), (35, 10), (34, 10), (34, 11), (33, 11), (32, 11), (31, 11), (30, 11), (30, 12), (30, 13), (29, 13), (29, 14), (28, 14), (27, 14), (27, 15), (27, 16), (27, 17), (27, 18), (28, 18), (28, 19), (28, 20), (28, 21), (28, 22), (28, 23), (28, 24), (28, 25), (28, 26), (29, 26), (29, 27), (29, 28), (29, 29), (29, 30), (29, 31), (29, 32), (29, 33), (29, 34), (29, 35), (29, 36), (29, 37), (29, 38), (29, 39), (29, 40), (29, 41), (29, 42), (29, 43), (29, 44), (29, 45), (29, 46), (29, 47), (29, 48), (29, 49), (29, 50), (30, 50), (30, 51), (30, 52), (30, 53), (30, 54), (30, 55), (30, 56), (30, 57), (30, 57)], 4: [(24, 22), (25, 22), (26, 22), (27, 22), (28, 22), (28, 23), (28, 24), (28, 25), (28, 26), (29, 26), (29, 27), (29, 28), (29, 29), (29, 30), (29, 31), (29, 32), (29, 33), (29, 34), (29, 35), (29, 36), (29, 37), (29, 38), (29, 39), (29, 40), (29, 41), (29, 42), (29, 43), (29, 44), (29, 45), (29, 46), (29, 47), (29, 48), (29, 49), (29, 50), (30, 50), (30, 51), (31, 51), (32, 51), (33, 51), (33, 52), (33, 53), (34, 53), (35, 53), (36, 53), (37, 53), (38, 53), (39, 53), (40, 53), (40, 52), (40, 51), (40, 51)]}, 95)