

CBSS-C STATS
starts:[4525, 1579, 2720, 2568, 3917]
targets:[4507, 1808, 3756, 1874, 2580, 3605, 645, 989, 4281, 4447]
dests:[135, 2626, 2712, 2038, 542]
ac_dict:{4507: {0, 1}, 1808: {1, 2}, 3756: {2, 3}, 1874: {3, 4}, 135: {0}, 2626: {1}, 2712: {2}, 2038: {3}, 542: {4}}
clusters:[0 3 3 0 1 4 0 2 3 1]

round: 1
best_g_value: 272.0
open_list_size: 0
num_low_level_expanded: 1507
search_success: 1
search_time: 0.08978275768458843
n_tsp_call: 1
n_tsp_time: 0.047062942292541265
n_roots: 1
num_conflicts: 0
target_assignment: {4507: 0, 4447: 0, 989: 0, 3605: 4, 3756: 2}
cluster_target_selection: {0: 4507, 1: 4447, 2: 989, 4: 3605, 3: 3756}
num_nodes_transformed_graph: 28
agent_paths:({0: [(40, 69), (39, 69), (38, 69), (37, 69), (36, 69), (35, 69), (34, 69), (33, 69), (32, 69), (31, 69), (30, 69), (29, 69), (28, 69), (27, 69), (26, 69), (25, 69), (24, 69), (23, 69), (22, 69), (22, 68), (23, 68), (24, 68), (25, 68), (26, 68), (27, 68), (27, 67), (27, 66), (27, 65), (27, 64), (27, 63), (27, 62), (27, 61), (27, 60), (27, 59), (27, 58), (27, 57), (27, 56), (27, 55), (27, 54), (27, 53), (27, 52), (27, 51), (27, 50), (27, 49), (27, 48), (27, 47), (27, 46), (27, 45), (26, 45), (26, 44), (25, 44), (24, 44), (23, 44), (22, 44), (21, 44), (20, 44), (20, 43), (20, 42), (19, 42), (19, 41), (19, 40), (19, 39), (19, 38), (19, 37), (19, 36), (19, 35), (19, 34), (19, 33), (19, 32), (19, 31), (19, 30), (19, 29), (19, 28), (19, 27), (19, 26), (19, 25), (19, 24), (19, 23), (19, 22), (19, 21), (18, 21), (17, 21), (16, 21), (15, 21), (14, 21), (14, 20), (14, 19), (13, 19), (12, 19), (12, 18), (12, 17), (12, 16), (12, 15), (13, 15), (14, 15), (13, 15), (12, 15), (11, 15), (10, 15), (9, 15), (8, 15), (7, 15), (6, 15), (5, 15), (5, 14), (5, 13), (5, 12), (5, 11), (5, 10), (5, 9), (5, 8), (5, 7), (5, 6), (5, 5), (5, 4), (5, 3), (5, 2), (5, 2)], 1: [(19, 24), (20, 24), (21, 24), (22, 24), (23, 24), (24, 24), (25, 24), (26, 24), (26, 25), (26, 26), (26, 27), (26, 28), (26, 29), (26, 30), (26, 31), (26, 32), (26, 33), (26, 34), (26, 35), (26, 36), (26, 37), (26, 38), (26, 39), (26, 40), (26, 40)], 2: [(55, 41), (54, 41), (53, 41), (52, 41), (52, 42), (52, 43), (52, 44), (52, 45), (52, 46), (52, 47), (52, 48), (52, 49), (52, 50), (51, 50), (51, 51), (51, 52), (51, 53), (51, 54), (51, 55), (51, 56), (51, 57), (51, 56), (51, 55), (51, 54), (51, 53), (51, 52), (51, 51), (51, 50), (52, 50), (52, 49), (52, 48), (51, 48), (51, 47), (51, 46), (51, 45), (50, 45), (49, 45), (48, 45), (47, 45), (47, 44), (47, 43), (47, 42), (47, 41), (47, 41)], 3: [(33, 39), (32, 39), (31, 39), (30, 39), (29, 39), (28, 39), (27, 39), (26, 39), (25, 39), (24, 39), (23, 39), (23, 38), (23, 37), (23, 36), (23, 35), (23, 34), (23, 33), (23, 32), (23, 31), (23, 31)], 4: [(17, 60), (17, 59), (17, 58), (17, 57), (17, 56), (17, 55), (18, 55), (19, 55), (20, 55), (21, 55), (22, 55), (23, 55), (24, 55), (25, 55), (26, 55), (27, 55), (28, 55), (29, 55), (30, 55), (29, 55), (28, 55), (27, 55), (27, 54), (27, 53), (27, 52), (27, 51), (27, 50), (27, 49), (27, 48), (27, 47), (27, 46), (27, 45), (26, 45), (26, 44), (25, 44), (24, 44), (23, 44), (22, 44), (22, 43), (22, 42), (22, 41), (22, 40), (22, 39), (22, 38), (22, 37), (22, 36), (22, 35), (22, 34), (22, 33), (22, 32), (22, 31), (22, 30), (22, 29), (22, 28), (22, 27), (22, 26), (22, 25), (22, 24), (22, 23), (22, 22), (22, 21), (22, 20), (22, 19), (22, 18), (22, 17), (22, 16), (22, 15), (22, 14), (22, 13), (22, 12), (22, 11), (22, 10), (22, 9), (22, 8), (22, 8)]}, 116)