

CBSS-C STATS
starts:[2169, 4589, 3331, 3739, 3805]
targets:[1910, 4491, 4105, 986, 283, 4998, 4348, 4502, 4279, 4675, 5091, 3742, 4428, 4608, 1924, 1906, 827, 4455, 2567, 1454]
dests:[1715, 1919, 3599, 3266, 1866]
ac_dict:{1910: {0, 1}, 4491: {1, 2}, 4105: {2, 3}, 986: {3, 4}, 1715: {0}, 1919: {1}, 3599: {2}, 3266: {3}, 1866: {4}}
clusters:[7 3 0 6 5 0 6 7 9 1 2 1 9 0 8 0 4 3 4 8]

round: 1
best_g_value: 292.0
open_list_size: 0
num_low_level_expanded: 1029
search_success: 1
search_time: 0.9912554831244051
n_tsp_call: 1
n_tsp_time: 0.9417558587156236
n_roots: 1
num_conflicts: 0
target_assignment: {1910: 0, 283: 0, 3742: 4, 1924: 4, 4608: 1, 4348: 1, 4279: 1, 4455: 1, 5091: 1, 2567: 1}
cluster_target_selection: {7: 1910, 5: 283, 1: 3742, 8: 1924, 0: 4608, 6: 4348, 9: 4279, 3: 4455, 2: 5091, 4: 2567}
num_nodes_transformed_graph: 53
agent_paths:({0: [(24, 33), (24, 32), (24, 31), (24, 30), (24, 29), (25, 29), (24, 29), (23, 29), (23, 28), (23, 27), (23, 26), (23, 25), (23, 24), (23, 23), (23, 22), (23, 21), (23, 20), (23, 19), (23, 18), (23, 17), (23, 16), (23, 15), (23, 14), (23, 13), (23, 12), (23, 11), (23, 10), (23, 9), (23, 8), (23, 7), (23, 6), (23, 5), (23, 4), (24, 4), (25, 4), (25, 5), (25, 6), (25, 7), (25, 8), (25, 9), (25, 10), (25, 11), (25, 12), (25, 13), (25, 14), (25, 15), (25, 16), (25, 17), (25, 18), (25, 19), (25, 20), (25, 21), (25, 22), (25, 23), (25, 24), (25, 25), (25, 26), (25, 26)], 1: [(39, 70), (40, 70), (41, 70), (42, 70), (43, 70), (44, 70), (45, 70), (46, 70), (47, 70), (48, 70), (49, 70), (50, 70), (51, 70), (52, 70), (53, 70), (54, 70), (55, 70), (56, 70), (57, 70), (58, 70), (58, 69), (58, 68), (58, 67), (58, 66), (57, 66), (56, 66), (55, 66), (54, 66), (54, 65), (53, 65), (53, 66), (52, 66), (51, 66), (50, 66), (49, 66), (48, 66), (47, 66), (46, 66), (45, 66), (44, 66), (43, 66), (42, 66), (41, 66), (40, 66), (39, 66), (38, 66), (37, 66), (36, 66), (35, 66), (35, 67), (35, 68), (34, 68), (33, 68), (32, 68), (31, 68), (30, 68), (29, 68), (28, 68), (27, 68), (26, 68), (25, 68), (24, 68), (23, 68), (22, 68), (21, 68), (21, 69), (21, 70), (21, 71), (21, 72), (21, 73), (21, 74), (21, 75), (21, 76), (21, 77), (21, 78), (21, 77), (21, 76), (21, 75), (21, 74), (21, 73), (21, 72), (21, 71), (21, 70), (21, 69), (21, 68), (21, 67), (21, 66), (21, 65), (21, 64), (22, 64), (23, 64), (24, 64), (24, 63), (25, 63), (25, 62), (25, 61), (25, 60), (25, 59), (25, 58), (25, 57), (25, 56), (25, 55), (25, 54), (25, 53), (25, 52), (25, 51), (26, 51), (26, 50), (27, 50), (27, 49), (27, 48), (27, 47), (27, 46), (27, 45), (27, 44), (27, 43), (27, 42), (27, 41), (27, 40), (27, 39), (28, 39), (29, 39), (30, 39), (31, 39), (32, 39), (32, 38), (32, 37), (32, 36), (32, 35), (31, 35), (30, 35), (29, 35), (29, 34), (29, 33), (29, 32), (29, 31), (29, 30), (29, 29), (30, 29), (31, 29), (32, 29), (33, 29), (34, 29), (34, 29)], 2: [(16, 51), (16, 52), (16, 53), (17, 53), (18, 53), (18, 54), (19, 54), (20, 54), (21, 54), (22, 54), (23, 54), (24, 54), (24, 55), (24, 55)], 3: [(34, 57), (33, 57), (32, 57), (31, 57), (30, 57), (29, 57), (28, 57), (27, 57), (26, 57), (25, 57), (24, 57), (23, 57), (22, 57), (21, 57), (20, 57), (19, 57), (18, 57), (17, 57), (17, 56), (16, 56), (16, 55), (16, 54), (16, 53), (16, 52), (16, 51), (16, 50), (16, 50)], 4: [(35, 58), (35, 57), (36, 57), (37, 57), (37, 56), (37, 55), (37, 54), (37, 53), (36, 53), (35, 53), (34, 53), (33, 53), (33, 52), (33, 51), (32, 51), (31, 51), (30, 51), (30, 50), (29, 50), (29, 49), (29, 48), (29, 47), (29, 46), (29, 45), (29, 44), (29, 43), (29, 42), (29, 41), (29, 40), (29, 39), (29, 38), (29, 37), (29, 36), (29, 35), (29, 34), (29, 33), (29, 32), (29, 31), (29, 30), (29, 29), (30, 29), (31, 29), (32, 29), (33, 29), (34, 29), (35, 29), (36, 29), (37, 29), (38, 29), (39, 29), (39, 28), (40, 28), (41, 28), (42, 28), (43, 28), (44, 28), (45, 28), (46, 28), (46, 28)]}, 142)