

CBSS-C STATS
starts:[3799, 916, 771, 4495, 2496]
targets:[4541, 4779, 1523, 3761, 642, 4890, 1987, 1662, 836, 5025, 4120, 383, 4763, 3629, 2910, 2919, 2498, 673, 1325, 677]
dests:[4592, 659, 1064, 4426, 2718]
ac_dict:{4541: {0, 1}, 4779: {1, 2}, 1523: {2, 3}, 3761: {3, 4}, 4592: {0}, 659: {1}, 1064: {2}, 4426: {3}, 2718: {4}}
clusters:[0 1 2 3 7 6 0 9 8 5 7 6 9 1 8 6 4 1 3 0]

round: 1
best_g_value: 176.0
open_list_size: 0
num_low_level_expanded: 487
search_success: 1
search_time: 1.184728343039751
n_tsp_call: 1
n_tsp_time: 1.1586656160652637
n_roots: 1
num_conflicts: 0
target_assignment: {4120: 0, 4763: 0, 4890: 0, 5025: 0, 836: 2, 673: 2, 677: 2, 1523: 2, 1325: 2, 2498: 4}
cluster_target_selection: {7: 4120, 9: 4763, 6: 4890, 5: 5025, 8: 836, 1: 673, 0: 677, 2: 1523, 3: 1325, 4: 2498}
num_nodes_transformed_graph: 54
agent_paths:({0: [(29, 58), (28, 58), (27, 58), (26, 58), (25, 58), (25, 59), (25, 60), (25, 61), (25, 62), (25, 63), (24, 63), (24, 64), (23, 64), (22, 64), (21, 64), (20, 64), (19, 64), (18, 64), (18, 65), (18, 66), (18, 67), (18, 68), (18, 69), (18, 70), (18, 71), (18, 72), (18, 73), (17, 73), (16, 73), (15, 73), (15, 74), (15, 75), (16, 75), (17, 75), (18, 75), (19, 75), (20, 75), (20, 76), (20, 77), (20, 76), (20, 75), (20, 74), (20, 73), (20, 72), (20, 71), (20, 70), (21, 70), (22, 70), (23, 70), (24, 70), (25, 70), (26, 70), (27, 70), (28, 70), (29, 70), (29, 69), (30, 69), (31, 69), (32, 69), (33, 69), (34, 69), (35, 69), (36, 69), (37, 69), (38, 69), (39, 69), (40, 69), (41, 69), (42, 69), (42, 70), (42, 70)], 1: [(6, 14), (6, 13), (6, 12), (6, 11), (6, 10), (7, 10), (8, 10), (9, 10), (9, 10)], 2: [(56, 11), (56, 12), (55, 12), (54, 12), (53, 12), (52, 12), (51, 12), (50, 12), (49, 12), (48, 12), (47, 12), (46, 12), (45, 12), (44, 12), (43, 12), (42, 12), (41, 12), (40, 12), (39, 12), (38, 12), (37, 12), (36, 12), (35, 12), (34, 12), (33, 12), (32, 12), (31, 12), (30, 12), (29, 12), (28, 12), (27, 12), (26, 12), (25, 12), (24, 12), (23, 12), (23, 11), (23, 10), (24, 10), (25, 10), (26, 10), (27, 10), (27, 11), (27, 12), (27, 13), (27, 14), (27, 15), (27, 16), (27, 17), (27, 18), (28, 18), (28, 19), (28, 20), (28, 21), (28, 22), (28, 23), (27, 23), (26, 23), (25, 23), (25, 22), (25, 21), (25, 20), (24, 20), (24, 19), (24, 18), (24, 17), (24, 16), (24, 16)], 3: [(10, 69), (9, 69), (8, 69), (7, 69), (6, 69), (6, 68), (6, 68)], 4: [(26, 38), (27, 38), (28, 38), (29, 38), (30, 38), (31, 38), (32, 38), (33, 38), (34, 38), (35, 38), (36, 38), (37, 38), (38, 38), (39, 38), (40, 38), (41, 38), (42, 38), (43, 38), (44, 38), (45, 38), (46, 38), (47, 38), (48, 38), (49, 38), (50, 38), (51, 38), (52, 38), (53, 38), (53, 39), (53, 40), (53, 41), (53, 41)]}, 69)