

CBSS-C STATS
starts:[4890, 4827, 2620, 726, 4764]
targets:[4315, 1256, 4714, 3779, 635, 1246, 3725, 2562, 676, 1469]
dests:[2527, 4911, 3278, 2702, 4099]
ac_dict:{4315: {0, 1}, 1256: {1, 2}, 4714: {2, 3}, 3779: {3, 4}, 2527: {0}, 4911: {1}, 3278: {2}, 2702: {3}, 4099: {4}}
clusters:[1 1 0 0 0 1 1 0 1 1]

round: 1
best_g_value: 208.0
open_list_size: 0
num_low_level_expanded: 846
search_success: 1
search_time: 0.14705783734098077
n_tsp_call: 1
n_tsp_time: 0.10888943308964372
n_roots: 1
num_conflicts: 0
target_assignment: {4315: 0, 2562: 0}
cluster_target_selection: {1: 4315, 0: 2562}
num_nodes_transformed_graph: 29
agent_paths:({0: [(15, 75), (15, 74), (15, 73), (15, 72), (15, 71), (15, 70), (15, 69), (15, 68), (15, 67), (15, 66), (16, 66), (17, 66), (18, 66), (19, 66), (20, 66), (21, 66), (22, 66), (23, 66), (24, 66), (25, 66), (25, 65), (25, 64), (25, 63), (25, 62), (25, 61), (25, 60), (25, 59), (25, 58), (25, 57), (25, 56), (25, 55), (25, 54), (25, 53), (25, 52), (25, 51), (26, 51), (26, 50), (27, 50), (27, 49), (27, 48), (27, 47), (27, 46), (27, 45), (27, 44), (27, 43), (27, 42), (27, 41), (27, 40), (27, 39), (27, 38), (28, 38), (29, 38), (30, 38), (31, 38), (32, 38), (33, 38), (34, 38), (35, 38), (36, 38), (37, 38), (38, 38), (39, 38), (40, 38), (41, 38), (42, 38), (43, 38), (44, 38), (45, 38), (46, 38), (47, 38), (48, 38), (49, 38), (50, 38), (51, 38), (52, 38), (53, 38), (54, 38), (55, 38), (56, 38), (57, 38), (57, 38)], 1: [(17, 74), (18, 74), (19, 74), (20, 74), (21, 74), (21, 73), (21, 72), (21, 71), (21, 70), (22, 70), (23, 70), (24, 70), (25, 70), (26, 70), (27, 70), (28, 70), (29, 70), (29, 69), (30, 69), (31, 69), (32, 69), (33, 69), (34, 69), (35, 69), (36, 69), (36, 70), (36, 71), (36, 72), (36, 73), (36, 74), (36, 75), (36, 75)], 2: [(20, 40), (21, 40), (22, 40), (23, 40), (24, 40), (25, 40), (26, 40), (27, 40), (28, 40), (28, 41), (28, 42), (28, 43), (28, 44), (28, 45), (28, 46), (28, 47), (28, 48), (28, 49), (28, 50), (28, 50)], 3: [(11, 11), (12, 11), (12, 12), (12, 13), (12, 14), (12, 15), (12, 16), (12, 17), (12, 18), (12, 19), (13, 19), (14, 19), (15, 19), (16, 19), (17, 19), (18, 19), (19, 19), (20, 19), (21, 19), (22, 19), (23, 19), (24, 19), (25, 19), (26, 19), (27, 19), (28, 19), (28, 20), (28, 21), (28, 22), (28, 23), (28, 24), (28, 25), (28, 26), (29, 26), (29, 27), (29, 28), (29, 29), (29, 30), (29, 31), (29, 32), (29, 33), (29, 34), (29, 35), (30, 35), (31, 35), (32, 35), (33, 35), (34, 35), (34, 36), (34, 37), (35, 37), (36, 37), (37, 37), (37, 38), (37, 39), (37, 40), (37, 41), (37, 41)], 4: [(19, 73), (18, 73), (17, 73), (16, 73), (15, 73), (14, 73), (14, 72), (14, 71), (14, 70), (14, 69), (14, 68), (14, 67), (14, 66), (14, 65), (14, 64), (14, 63), (13, 63), (12, 63), (11, 63), (10, 63), (9, 63), (8, 63), (7, 63), (6, 63), (5, 63), (4, 63), (4, 63)]}, 79)