

CBSS-C STATS
starts:[2693, 526, 4890, 3551, 3602]
targets:[3597, 2299, 1310, 3796, 2560, 1439, 4036, 2656, 508, 3653, 3280, 1852, 801, 1454, 3667, 913, 2495, 4881, 513, 2713]
dests:[2589, 2701, 3788, 4521, 4655]
ac_dict:{3597: {0, 1}, 2299: {1, 2}, 1310: {2, 3}, 3796: {3, 4}, 2589: {0}, 2701: {1}, 3788: {2}, 4521: {3}, 4655: {4}}
clusters:[9 1 6 7 6 3 0 4 2 2 0 0 0 5 8 2 3 0 9 1]

round: 1
best_g_value: 230.0
open_list_size: 0
num_low_level_expanded: 737
search_success: 1
search_time: 1.6563203521072865
n_tsp_call: 1
n_tsp_time: 1.6133227990940213
n_roots: 1
num_conflicts: 0
target_assignment: {2713: 0, 2656: 0, 913: 1, 1454: 1, 2495: 1, 2560: 1, 3597: 1, 3280: 1, 3667: 3, 3796: 4}
cluster_target_selection: {1: 2713, 4: 2656, 2: 913, 5: 1454, 3: 2495, 6: 2560, 9: 3597, 0: 3280, 8: 3667, 7: 3796}
num_nodes_transformed_graph: 98
agent_paths:({0: [(28, 41), (29, 41), (30, 41), (31, 41), (32, 41), (33, 41), (34, 41), (35, 41), (36, 41), (37, 41), (38, 41), (39, 41), (40, 41), (41, 41), (42, 41), (43, 41), (44, 41), (45, 41), (46, 41), (47, 41), (48, 41), (48, 40), (49, 40), (50, 40), (51, 40), (52, 40), (53, 40), (54, 40), (55, 40), (56, 40), (55, 40), (54, 40), (54, 39), (54, 39)], 1: [(6, 8), (5, 8), (4, 8), (3, 8), (3, 9), (3, 10), (3, 11), (3, 12), (3, 13), (3, 14), (4, 14), (5, 14), (6, 14), (7, 14), (8, 14), (9, 14), (10, 14), (11, 14), (12, 14), (12, 15), (12, 16), (12, 17), (12, 18), (12, 19), (13, 19), (14, 19), (15, 19), (16, 19), (17, 19), (18, 19), (19, 19), (20, 19), (21, 19), (22, 19), (23, 19), (24, 19), (24, 20), (24, 21), (24, 22), (25, 22), (25, 23), (25, 24), (25, 25), (25, 26), (25, 27), (25, 28), (25, 29), (25, 30), (25, 31), (25, 32), (25, 33), (25, 34), (25, 35), (25, 36), (25, 37), (25, 38), (25, 39), (25, 40), (25, 41), (25, 42), (25, 43), (25, 44), (26, 44), (26, 45), (27, 45), (27, 46), (27, 47), (27, 48), (27, 49), (27, 50), (26, 50), (26, 51), (25, 51), (24, 51), (24, 52), (24, 53), (23, 53), (22, 53), (22, 54), (22, 55), (22, 54), (22, 53), (23, 53), (24, 53), (24, 52), (24, 51), (25, 51), (26, 51), (26, 50), (27, 50), (28, 50), (29, 50), (30, 50), (29, 50), (29, 49), (29, 48), (29, 47), (29, 46), (29, 45), (29, 44), (29, 43), (29, 42), (29, 41), (30, 41), (31, 41), (32, 41), (33, 41), (34, 41), (35, 41), (36, 41), (36, 41)], 2: [(15, 75), (15, 74), (15, 73), (15, 72), (15, 71), (15, 70), (15, 69), (15, 68), (15, 67), (15, 66), (15, 65), (15, 64), (15, 63), (15, 62), (16, 62), (17, 62), (17, 61), (17, 60), (17, 59), (17, 58), (18, 58), (18, 58)], 3: [(41, 54), (40, 54), (39, 54), (38, 54), (37, 54), (36, 54), (35, 54), (34, 54), (33, 54), (32, 54), (31, 54), (30, 54), (29, 54), (28, 54), (27, 54), (27, 55), (27, 56), (27, 57), (27, 58), (27, 59), (27, 60), (27, 61), (27, 62), (27, 63), (27, 64), (27, 65), (27, 66), (28, 66), (29, 66), (29, 67), (30, 67), (31, 67), (32, 67), (33, 67), (34, 67), (35, 67), (36, 67), (36, 68), (36, 69), (36, 69)], 4: [(27, 55), (26, 55), (26, 56), (26, 57), (26, 58), (27, 58), (27, 59), (27, 60), (27, 61), (27, 62), (27, 63), (27, 64), (27, 65), (27, 66), (28, 66), (29, 66), (29, 67), (30, 67), (31, 67), (32, 67), (33, 67), (34, 67), (35, 67), (36, 67), (37, 67), (38, 67), (39, 67), (40, 67), (40, 68), (40, 69), (40, 70), (40, 71), (40, 71)]}, 109)