

CBSS-C STATS
starts:[4708, 3616, 4675, 1741, 1109]
targets:[1870, 1391, 4347, 538, 4862, 841, 3409, 816, 4643, 4622]
dests:[1304, 4996, 2039, 3656, 788]
ac_dict:{1870: {0, 1}, 1391: {1, 2}, 4347: {2, 3}, 538: {3, 4}, 1304: {0}, 4996: {1}, 2039: {2}, 3656: {3}, 788: {4}}
clusters:[0 1 0 0 1 1 1 0 0 1]

round: 1
best_g_value: 290.0
open_list_size: 0
num_low_level_expanded: 1517
search_success: 1
search_time: 0.09242673311382532
n_tsp_call: 1
n_tsp_time: 0.03900512121617794
n_roots: 1
num_conflicts: 0
target_assignment: {4643: 0, 3409: 3}
cluster_target_selection: {0: 4643, 1: 3409}
num_nodes_transformed_graph: 29
agent_paths:({0: [(28, 72), (28, 71), (27, 71), (27, 70), (27, 69), (27, 68), (27, 67), (27, 66), (27, 65), (27, 64), (27, 63), (27, 62), (27, 61), (27, 60), (27, 59), (27, 58), (27, 57), (27, 56), (27, 55), (27, 54), (27, 53), (27, 52), (27, 51), (27, 50), (27, 49), (27, 48), (27, 47), (27, 46), (27, 45), (26, 45), (26, 44), (25, 44), (24, 44), (23, 44), (22, 44), (21, 44), (20, 44), (20, 43), (20, 42), (19, 42), (19, 41), (19, 40), (19, 39), (19, 38), (19, 37), (19, 36), (19, 35), (19, 34), (19, 33), (19, 32), (19, 31), (19, 30), (19, 29), (19, 28), (19, 27), (19, 26), (19, 25), (19, 24), (19, 23), (19, 22), (19, 21), (18, 21), (17, 21), (16, 21), (15, 21), (14, 21), (13, 21), (12, 21), (11, 21), (10, 21), (9, 21), (8, 21), (7, 21), (6, 21), (5, 21), (4, 21), (4, 20), (4, 20)], 1: [(41, 55), (41, 56), (41, 57), (41, 58), (40, 58), (39, 58), (38, 58), (37, 58), (36, 58), (35, 58), (34, 58), (33, 58), (33, 59), (33, 60), (33, 61), (32, 61), (31, 61), (30, 61), (29, 61), (29, 62), (28, 62), (27, 62), (27, 63), (27, 64), (27, 65), (27, 66), (28, 66), (29, 66), (29, 67), (30, 67), (31, 67), (32, 67), (33, 67), (34, 67), (35, 67), (36, 67), (37, 67), (38, 67), (39, 67), (40, 67), (41, 67), (42, 67), (43, 67), (44, 67), (45, 67), (46, 67), (47, 67), (48, 67), (49, 67), (50, 67), (51, 67), (52, 67), (53, 67), (54, 67), (55, 67), (56, 67), (56, 68), (56, 69), (56, 70), (56, 71), (56, 72), (56, 73), (56, 74), (56, 75), (56, 76), (56, 76)], 2: [(60, 71), (59, 71), (58, 71), (57, 71), (56, 71), (55, 71), (54, 71), (53, 71), (52, 71), (51, 71), (50, 71), (49, 71), (48, 71), (47, 71), (46, 71), (45, 71), (44, 71), (43, 71), (42, 71), (41, 71), (40, 71), (39, 71), (38, 71), (37, 71), (36, 71), (35, 71), (34, 71), (34, 70), (34, 69), (33, 69), (32, 69), (31, 69), (30, 69), (29, 69), (28, 69), (27, 69), (27, 68), (27, 67), (27, 66), (27, 65), (27, 64), (27, 63), (27, 62), (27, 61), (27, 60), (27, 59), (27, 58), (27, 57), (27, 56), (27, 55), (27, 54), (27, 53), (27, 52), (27, 51), (27, 50), (27, 49), (27, 48), (27, 47), (27, 46), (27, 45), (26, 45), (26, 44), (25, 44), (24, 44), (24, 43), (24, 42), (24, 41), (24, 40), (24, 39), (24, 38), (24, 37), (24, 36), (24, 35), (24, 34), (24, 33), (24, 32), (24, 31), (24, 31)], 3: [(51, 26), (51, 27), (50, 27), (49, 27), (48, 27), (47, 27), (46, 27), (45, 27), (44, 27), (43, 27), (42, 27), (41, 27), (40, 27), (39, 27), (38, 27), (37, 27), (36, 27), (35, 27), (34, 27), (33, 27), (32, 27), (31, 27), (30, 27), (29, 27), (29, 28), (29, 29), (29, 30), (29, 31), (29, 32), (29, 33), (29, 34), (29, 35), (29, 36), (29, 37), (29, 38), (29, 39), (29, 40), (29, 41), (29, 42), (29, 43), (29, 44), (29, 45), (29, 46), (29, 47), (29, 48), (29, 49), (29, 50), (29, 51), (29, 52), (28, 52), (27, 52), (26, 52), (25, 52), (24, 52), (24, 53), (23, 53), (22, 53), (22, 54), (21, 54), (20, 54), (19, 54), (18, 54), (17, 54), (16, 54), (16, 55), (16, 56), (16, 56)], 4: [(4, 17), (4, 16), (4, 15), (4, 14), (4, 13), (4, 12), (5, 12), (6, 12), (7, 12), (8, 12), (8, 12)]}, 76)