

CBSS-C STATS
starts:[284, 876, 4569, 3664, 1252]
targets:[4883, 4890, 4998, 218, 1779, 2657, 1504, 4728, 4634, 4773, 1450, 2586, 557, 592, 350, 1796, 3551, 850, 688, 1515]
dests:[1386, 1775, 4870, 1976, 2882]
ac_dict:{4883: {0, 1}, 4890: {1, 2}, 4998: {2, 3}, 218: {3, 4}, 1386: {0}, 1775: {1}, 4870: {2}, 1976: {3}, 2882: {4}}
clusters:[6 3 5 3 8 7 6 3 7 5 5 0 0 4 0 1 9 8 6 2]

round: 1
best_g_value: 256.0
open_list_size: 0
num_low_level_expanded: 748
search_success: 1
search_time: 0.39796097204089165
n_tsp_call: 1
n_tsp_time: 0.35554437106475234
n_roots: 1
num_conflicts: 0
target_assignment: {350: 0, 592: 4, 1504: 4, 1450: 4, 1515: 4, 1796: 1, 1779: 1, 4634: 2, 4728: 2, 3551: 3}
cluster_target_selection: {0: 350, 4: 592, 6: 1504, 5: 1450, 2: 1515, 1: 1796, 8: 1779, 7: 4634, 3: 4728, 9: 3551}
num_nodes_transformed_graph: 54
agent_paths:({0: [(24, 4), (25, 4), (25, 5), (24, 5), (23, 5), (22, 5), (21, 5), (21, 6), (21, 7), (21, 8), (21, 9), (21, 10), (21, 11), (21, 12), (21, 13), (21, 14), (21, 15), (21, 16), (21, 17), (21, 18), (21, 19), (21, 20), (21, 21), (21, 21)], 1: [(31, 13), (30, 13), (29, 13), (29, 14), (28, 14), (27, 14), (27, 15), (27, 16), (27, 17), (27, 18), (28, 18), (28, 19), (28, 20), (28, 21), (28, 22), (28, 23), (28, 24), (28, 25), (28, 26), (29, 26), (29, 27), (30, 27), (31, 27), (32, 27), (33, 27), (34, 27), (35, 27), (36, 27), (37, 27), (38, 27), (39, 27), (40, 27), (41, 27), (40, 27), (39, 27), (38, 27), (37, 27), (36, 27), (35, 27), (34, 27), (33, 27), (32, 27), (31, 27), (30, 27), (29, 27), (28, 27), (27, 27), (26, 27), (25, 27), (24, 27), (23, 27), (22, 27), (21, 27), (20, 27), (20, 27)], 2: [(19, 70), (19, 71), (20, 71), (21, 71), (21, 70), (22, 70), (23, 70), (24, 70), (25, 70), (26, 70), (27, 70), (28, 70), (29, 70), (29, 69), (30, 69), (31, 69), (32, 69), (33, 69), (34, 69), (35, 69), (36, 69), (37, 69), (38, 69), (39, 69), (40, 69), (41, 69), (42, 69), (43, 69), (44, 69), (45, 69), (46, 69), (47, 69), (48, 69), (48, 70), (48, 71), (48, 72), (49, 72), (50, 72), (51, 72), (52, 72), (53, 72), (54, 72), (55, 72), (56, 72), (57, 72), (58, 72), (59, 72), (60, 72), (60, 73), (60, 74), (60, 74)], 3: [(24, 56), (24, 55), (24, 54), (25, 54), (26, 54), (27, 54), (28, 54), (29, 54), (30, 54), (31, 54), (32, 54), (33, 54), (34, 54), (35, 54), (36, 54), (37, 54), (38, 54), (39, 54), (40, 54), (41, 54), (40, 54), (39, 54), (38, 54), (37, 54), (36, 54), (35, 54), (34, 54), (33, 54), (32, 54), (31, 54), (30, 54), (29, 54), (28, 54), (27, 54), (27, 53), (27, 52), (27, 51), (27, 50), (27, 49), (27, 48), (27, 47), (27, 46), (27, 45), (26, 45), (26, 44), (26, 43), (26, 42), (26, 41), (26, 40), (26, 39), (26, 38), (26, 37), (26, 36), (26, 35), (26, 34), (26, 33), (26, 32), (26, 31), (26, 30), (26, 30)], 4: [(17, 19), (16, 19), (15, 19), (14, 19), (13, 19), (12, 19), (11, 19), (10, 19), (9, 19), (9, 18), (9, 17), (9, 16), (9, 15), (8, 15), (7, 15), (7, 14), (7, 13), (7, 12), (7, 11), (7, 10), (7, 9), (8, 9), (9, 9), (9, 10), (9, 11), (9, 12), (9, 13), (9, 14), (9, 15), (9, 16), (9, 17), (9, 18), (9, 19), (9, 20), (9, 21), (9, 22), (9, 23), (9, 22), (10, 22), (11, 22), (12, 22), (12, 21), (13, 21), (14, 21), (15, 21), (16, 21), (17, 21), (18, 21), (19, 21), (20, 21), (20, 22), (20, 23), (21, 23), (22, 23), (22, 24), (22, 25), (22, 26), (22, 27), (22, 28), (22, 29), (22, 30), (22, 31), (22, 32), (22, 33), (22, 34), (22, 35), (22, 36), (22, 37), (22, 38), (22, 39), (22, 40), (22, 41), (22, 42), (22, 43), (22, 44), (22, 44)]}, 74)