

CBSS-C STATS
starts:[4992, 4460, 416, 1971, 1718]
targets:[3713, 1774, 937, 3108, 4588, 3950, 4393, 220, 4920, 529]
dests:[776, 3994, 4057, 4043, 250]
ac_dict:{3713: {0, 1}, 1774: {1, 2}, 937: {2, 3}, 3108: {3, 4}, 776: {0}, 3994: {1}, 4057: {2}, 4043: {3}, 250: {4}}
clusters:[0 1 1 0 1 0 0 1 0 0]

round: 7
best_g_value: 309.0
open_list_size: 6
num_low_level_expanded: 8645
search_success: 1
search_time: 0.9369782600551844
n_tsp_call: 5
n_tsp_time: 0.5089442352764308
n_roots: 1
num_conflicts: 6
target_assignment: {4588: 0, 4393: 1}
cluster_target_selection: {1: 4588, 0: 4393}
num_nodes_transformed_graph: 48
agent_paths:({0: [(52, 76), (51, 76), (50, 76), (49, 76), (48, 76), (47, 76), (46, 76), (45, 76), (44, 76), (43, 76), (42, 76), (41, 76), (40, 76), (39, 76), (38, 76), (38, 75), (38, 74), (38, 73), (38, 72), (38, 71), (38, 70), (38, 69), (38, 68), (38, 67), (37, 67), (36, 67), (35, 67), (34, 67), (33, 67), (32, 67), (31, 67), (30, 67), (29, 67), (29, 66), (28, 66), (27, 66), (27, 65), (27, 64), (27, 63), (27, 62), (27, 61), (27, 60), (27, 59), (27, 58), (27, 57), (27, 56), (27, 55), (27, 54), (28, 54), (28, 53), (28, 52), (28, 51), (28, 50), (28, 49), (28, 48), (28, 47), (28, 46), (28, 45), (28, 44), (28, 43), (28, 42), (28, 41), (28, 40), (28, 39), (28, 38), (28, 37), (28, 36), (28, 35), (28, 34), (28, 33), (28, 32), (28, 31), (28, 30), (28, 29), (28, 28), (28, 27), (28, 26), (28, 25), (28, 24), (28, 23), (28, 22), (28, 21), (28, 20), (28, 19), (28, 18), (27, 18), (27, 17), (27, 16), (27, 15), (27, 14), (27, 13), (27, 12), (27, 11), (28, 11), (29, 11), (30, 11), (31, 11), (32, 11), (33, 11), (34, 11), (35, 11), (36, 11), (37, 11), (38, 11), (39, 11), (40, 11), (41, 11), (42, 11), (43, 11), (44, 11), (45, 11), (46, 11), (47, 11), (48, 11), (49, 11), (50, 11), (51, 11), (52, 11), (53, 11), (54, 11), (55, 11), (56, 11), (57, 11), (58, 11), (59, 11), (60, 11), (61, 11), (61, 11)], 1: [(40, 68), (39, 68), (38, 68), (38, 67), (37, 67), (36, 67), (35, 67), (34, 67), (33, 67), (32, 67), (31, 67), (30, 67), (29, 67), (29, 66), (28, 66), (27, 66), (27, 65), (27, 64), (27, 63), (27, 62), (27, 61), (28, 61), (29, 61), (29, 61)], 2: [(26, 6), (26, 7), (26, 8), (26, 9), (26, 10), (26, 11), (26, 12), (26, 13), (26, 14), (26, 15), (26, 16), (26, 17), (27, 17), (27, 18), (27, 19), (27, 20), (27, 21), (27, 22), (27, 23), (27, 24), (27, 25), (27, 26), (27, 27), (27, 28), (27, 29), (27, 30), (27, 31), (27, 32), (27, 33), (27, 34), (27, 35), (27, 36), (27, 37), (27, 38), (27, 39), (27, 40), (27, 41), (27, 42), (27, 43), (27, 44), (27, 45), (27, 46), (27, 47), (27, 48), (27, 49), (27, 50), (27, 51), (27, 52), (27, 53), (27, 54), (27, 55), (27, 56), (27, 57), (27, 58), (27, 59), (27, 60), (27, 61), (27, 62), (27, 62)], 3: [(21, 30), (21, 31), (21, 32), (21, 33), (21, 34), (21, 35), (21, 36), (21, 37), (21, 38), (21, 39), (21, 40), (21, 41), (21, 42), (21, 43), (21, 44), (22, 44), (23, 44), (24, 44), (25, 44), (26, 44), (26, 45), (27, 45), (27, 46), (27, 47), (27, 48), (27, 49), (27, 50), (26, 50), (26, 51), (25, 51), (24, 51), (24, 52), (24, 53), (23, 53), (22, 53), (22, 54), (21, 54), (20, 54), (19, 54), (18, 54), (17, 54), (17, 55), (17, 56), (17, 57), (17, 58), (17, 59), (17, 60), (17, 61), (17, 62), (16, 62), (15, 62), (14, 62), (13, 62), (13, 62)], 4: [(28, 26), (28, 25), (28, 24), (28, 23), (28, 22), (28, 21), (28, 20), (28, 19), (28, 18), (27, 18), (27, 17), (27, 16), (27, 15), (27, 14), (27, 13), (27, 12), (27, 11), (28, 11), (29, 11), (30, 11), (31, 11), (32, 11), (33, 11), (34, 11), (34, 10), (35, 10), (36, 10), (37, 10), (38, 10), (39, 10), (40, 10), (41, 10), (42, 10), (43, 10), (44, 10), (45, 10), (46, 10), (47, 10), (48, 10), (49, 10), (49, 9), (50, 9), (50, 8), (50, 7), (50, 6), (50, 5), (51, 5), (52, 5), (52, 4), (52, 3), (53, 3), (54, 3), (55, 3), (55, 3)]}, 126)