

CBSS-C STATS
starts:[3804, 3731, 3975, 3435, 1653]
targets:[1453, 2767, 4034, 1501, 2766, 2423, 3594, 4891, 4591, 3778, 1400, 2434, 794, 250, 3713, 2699, 4894, 3347, 2844, 4340]
dests:[646, 2619, 4106, 2491, 3853]
ac_dict:{1453: {0, 1}, 2767: {1, 2}, 4034: {2, 3}, 1501: {3, 4}, 646: {0}, 2619: {1}, 4106: {2}, 2491: {3}, 3853: {4}}
clusters:[3 5 9 3 8 7 1 4 7 4 5 4 9 7 5 2 0 6 3 7]

round: 2
best_g_value: 271.0
open_list_size: 1
num_low_level_expanded: 2178
search_success: 1
search_time: 0.5194440772756934
n_tsp_call: 1
n_tsp_time: 0.44060569489374757
n_roots: 1
num_conflicts: 1
target_assignment: {3347: 0, 3594: 4, 4894: 4, 3778: 2, 3713: 2, 4034: 2, 2844: 3, 2766: 3, 2699: 3, 2423: 3}
cluster_target_selection: {6: 3347, 1: 3594, 0: 4894, 4: 3778, 5: 3713, 9: 4034, 3: 2844, 8: 2766, 2: 2699, 7: 2423}
num_nodes_transformed_graph: 54
agent_paths:({0: [(34, 58), (33, 58), (32, 58), (32, 57), (32, 56), (32, 55), (32, 54), (32, 53), (32, 52), (32, 51), (31, 51), (30, 51), (30, 50), (29, 50), (29, 49), (29, 48), (29, 47), (29, 46), (29, 45), (29, 44), (29, 43), (29, 42), (29, 41), (29, 40), (29, 39), (29, 38), (29, 37), (29, 36), (29, 35), (29, 34), (29, 33), (29, 32), (29, 31), (29, 30), (29, 29), (29, 28), (29, 27), (29, 26), (28, 26), (28, 25), (28, 24), (28, 23), (28, 22), (28, 21), (28, 20), (28, 19), (28, 18), (27, 18), (27, 17), (27, 16), (27, 15), (27, 14), (27, 13), (27, 12), (27, 11), (28, 11), (29, 11), (30, 11), (31, 11), (32, 11), (33, 11), (34, 11), (34, 10), (35, 10), (36, 10), (37, 10), (38, 10), (39, 10), (40, 10), (41, 10), (42, 10), (43, 10), (44, 10), (45, 10), (46, 10), (47, 10), (48, 10), (49, 10), (49, 9), (50, 9), (51, 9), (52, 9), (53, 9), (54, 9), (55, 9), (56, 9), (57, 9), (58, 9), (59, 9), (60, 9), (61, 9), (61, 9)], 1: [(26, 57), (26, 56), (26, 55), (26, 54), (26, 53), (26, 52), (26, 51), (26, 50), (27, 50), (27, 49), (27, 48), (27, 47), (27, 46), (27, 45), (26, 45), (26, 44), (25, 44), (24, 44), (23, 44), (22, 44), (21, 44), (20, 44), (20, 43), (20, 42), (19, 42), (19, 41), (19, 40), (19, 40)], 2: [(10, 61), (10, 60), (10, 59), (10, 58), (9, 58), (8, 58), (8, 57), (7, 57), (6, 57), (5, 57), (4, 57), (4, 58), (4, 59), (4, 60), (4, 61), (4, 62), (5, 62), (6, 62), (7, 62), (8, 62), (9, 62), (10, 62), (11, 62), (11, 63), (11, 63)], 3: [(55, 52), (54, 52), (53, 52), (52, 52), (52, 51), (52, 50), (52, 49), (52, 48), (51, 48), (51, 47), (51, 46), (51, 45), (50, 45), (49, 45), (49, 44), (49, 43), (48, 43), (47, 43), (47, 42), (46, 42), (45, 42), (44, 42), (43, 42), (42, 42), (41, 42), (40, 42), (39, 42), (38, 42), (37, 42), (36, 42), (35, 42), (34, 42), (34, 41), (33, 41), (32, 41), (31, 41), (30, 41), (29, 41), (28, 41), (27, 41), (26, 41), (25, 41), (24, 41), (23, 41), (22, 41), (21, 41), (20, 41), (20, 40), (20, 39), (19, 39), (19, 38), (19, 37), (18, 37), (19, 37), (20, 37), (21, 37), (21, 38), (21, 38)], 4: [(28, 25), (27, 25), (27, 26), (27, 27), (27, 28), (27, 29), (27, 30), (27, 31), (27, 32), (27, 33), (27, 34), (27, 35), (27, 36), (27, 37), (27, 38), (27, 39), (27, 40), (27, 41), (27, 42), (27, 43), (27, 44), (27, 45), (27, 46), (27, 47), (27, 48), (27, 49), (27, 50), (26, 50), (26, 51), (25, 51), (24, 51), (24, 52), (24, 53), (23, 53), (22, 53), (22, 54), (21, 54), (20, 54), (19, 54), (19, 55), (19, 56), (19, 57), (19, 58), (19, 59), (19, 60), (19, 61), (19, 62), (19, 63), (19, 64), (19, 65), (19, 66), (19, 67), (19, 68), (19, 69), (19, 70), (19, 71), (19, 72), (19, 73), (19, 74), (19, 75), (18, 75), (18, 74), (18, 73), (18, 72), (18, 71), (18, 70), (18, 69), (18, 68), (18, 67), (18, 66), (18, 65), (18, 64), (18, 63), (18, 62), (18, 61), (18, 60), (18, 59), (18, 59)]}, 90)