

CBSS-C STATS
starts:[2634, 2513, 506, 4954, 4976]
targets:[2174, 737, 1719, 1529, 855, 2489, 1190, 1501, 3945, 3468, 5010, 2723, 4655, 545, 742, 3367, 1260, 774, 711, 4340]
dests:[4741, 2972, 656, 1613, 4440]
ac_dict:{2174: {0, 1}, 737: {1, 2}, 1719: {2, 3}, 1529: {3, 4}, 4741: {0}, 2972: {1}, 656: {2}, 1613: {3}, 4440: {4}}
clusters:[7 4 2 1 6 8 7 5 7 3 2 8 7 9 0 7 8 1 4 8]

round: 1
best_g_value: 301.0
open_list_size: 0
num_low_level_expanded: 1349
search_success: 1
search_time: 0.43251713505014777
n_tsp_call: 1
n_tsp_time: 0.3680317816324532
n_roots: 1
num_conflicts: 0
target_assignment: {4340: 0, 3468: 3, 1719: 3, 1529: 3, 742: 2, 545: 2, 737: 2, 1190: 2, 1501: 2, 855: 2}
cluster_target_selection: {8: 4340, 3: 3468, 2: 1719, 1: 1529, 0: 742, 9: 545, 4: 737, 7: 1190, 5: 1501, 6: 855}
num_nodes_transformed_graph: 98
agent_paths:({0: [(34, 40), (34, 41), (34, 42), (34, 43), (34, 44), (33, 44), (32, 44), (31, 44), (30, 44), (30, 45), (29, 45), (29, 46), (29, 47), (29, 48), (29, 49), (29, 50), (29, 51), (29, 52), (29, 53), (29, 54), (29, 55), (29, 56), (29, 57), (29, 58), (29, 59), (29, 60), (29, 61), (29, 62), (28, 62), (27, 62), (27, 63), (27, 64), (27, 65), (27, 66), (28, 66), (29, 66), (29, 67), (30, 67), (31, 67), (32, 67), (33, 67), (34, 67), (34, 66), (35, 66), (36, 66), (37, 66), (38, 66), (39, 66), (40, 66), (41, 66), (42, 66), (43, 66), (44, 66), (45, 66), (46, 66), (47, 66), (48, 66), (49, 66), (50, 66), (51, 66), (52, 66), (53, 66), (54, 66), (55, 66), (56, 66), (57, 66), (58, 66), (59, 66), (60, 66), (60, 67), (60, 68), (60, 69), (61, 69), (61, 70), (61, 71), (61, 72), (61, 72)], 1: [(43, 38), (44, 38), (45, 38), (46, 38), (47, 38), (47, 39), (47, 40), (47, 41), (47, 42), (47, 43), (47, 44), (47, 45), (47, 45)], 2: [(51, 7), (50, 7), (50, 8), (50, 9), (49, 9), (49, 10), (48, 10), (47, 10), (46, 10), (45, 10), (44, 10), (43, 10), (42, 10), (41, 10), (40, 10), (39, 10), (38, 10), (37, 10), (36, 10), (35, 10), (34, 10), (34, 11), (33, 11), (32, 11), (31, 11), (30, 11), (29, 11), (28, 11), (27, 11), (26, 11), (25, 11), (25, 10), (25, 9), (25, 8), (24, 8), (23, 8), (22, 8), (22, 9), (22, 10), (22, 11), (21, 11), (20, 11), (20, 12), (20, 13), (20, 14), (20, 15), (20, 16), (20, 17), (20, 18), (19, 18), (18, 18), (18, 19), (17, 19), (16, 19), (15, 19), (14, 19), (13, 19), (12, 19), (11, 19), (10, 19), (9, 19), (9, 20), (8, 20), (7, 20), (6, 20), (6, 21), (6, 22), (6, 23), (6, 22), (6, 21), (6, 20), (7, 20), (8, 20), (9, 20), (9, 19), (9, 18), (9, 17), (9, 16), (9, 15), (9, 14), (9, 13), (10, 13), (9, 13), (8, 13), (7, 13), (6, 13), (6, 12), (6, 11), (6, 10), (6, 10)], 3: [(14, 76), (14, 75), (14, 74), (14, 73), (14, 72), (14, 71), (14, 70), (14, 69), (14, 68), (14, 67), (14, 66), (14, 65), (14, 64), (14, 63), (14, 62), (15, 62), (16, 62), (17, 62), (17, 61), (17, 60), (17, 59), (17, 58), (17, 57), (17, 56), (17, 55), (17, 54), (18, 54), (19, 54), (20, 54), (21, 54), (22, 54), (22, 53), (23, 53), (24, 53), (24, 52), (24, 51), (25, 51), (26, 51), (26, 50), (27, 50), (27, 49), (27, 48), (27, 47), (27, 46), (27, 45), (27, 44), (27, 43), (27, 42), (27, 41), (27, 40), (27, 39), (27, 38), (27, 37), (27, 36), (27, 35), (27, 34), (27, 33), (27, 32), (27, 31), (27, 30), (27, 29), (27, 28), (27, 27), (27, 26), (28, 26), (29, 26), (29, 27), (30, 27), (31, 27), (32, 27), (33, 27), (34, 27), (34, 26), (35, 26), (35, 25), (35, 24), (35, 23), (34, 23), (35, 23), (36, 23), (37, 23), (38, 23), (38, 24), (38, 25), (38, 26), (38, 27), (39, 27), (40, 27), (41, 27), (42, 27), (43, 27), (44, 27), (45, 27), (46, 27), (47, 27), (48, 27), (49, 27), (50, 27), (51, 27), (51, 26), (51, 25), (51, 24), (52, 24), (53, 24), (53, 24)], 4: [(36, 76), (36, 75), (36, 74), (36, 73), (35, 73), (34, 73), (34, 72), (34, 71), (34, 70), (34, 69), (33, 69), (32, 69), (31, 69), (30, 69), (29, 69), (28, 69), (27, 69), (26, 69), (25, 69), (24, 69), (23, 69), (22, 69), (21, 69), (20, 69), (20, 68), (20, 68)]}, 103)