

CBSS-C STATS
starts:[3659, 1928, 417, 4281, 1439]
targets:[5013, 1198, 4464, 2494, 2298, 3815, 4278, 3800, 574, 3549]
dests:[4103, 445, 3569, 3683, 4026]
ac_dict:{5013: {0, 1}, 1198: {1, 2}, 4464: {2, 3}, 2494: {3, 4}, 4103: {0}, 445: {1}, 3569: {2}, 3683: {3}, 4026: {4}}
clusters:[1 0 3 4 4 1 2 1 0 0]

round: 2
best_g_value: 318.0
open_list_size: 1
num_low_level_expanded: 2785
search_success: 1
search_time: 0.203161614947021
n_tsp_call: 1
n_tsp_time: 0.12730274302884936
n_roots: 1
num_conflicts: 1
target_assignment: {4278: 3, 4464: 3, 3800: 3, 1198: 2, 2298: 4}
cluster_target_selection: {2: 4278, 3: 4464, 1: 3800, 0: 1198, 4: 2298}
num_nodes_transformed_graph: 48
agent_paths:({0: [(19, 56), (18, 56), (17, 56), (16, 56), (15, 56), (14, 56), (13, 56), (12, 56), (11, 56), (10, 56), (10, 57), (10, 58), (10, 59), (10, 60), (10, 61), (9, 61), (8, 61), (8, 62), (8, 63), (8, 63)], 1: [(43, 29), (43, 28), (43, 27), (42, 27), (41, 27), (40, 27), (39, 27), (38, 27), (37, 27), (36, 27), (35, 27), (34, 27), (33, 27), (32, 27), (31, 27), (30, 27), (29, 27), (29, 26), (28, 26), (27, 26), (27, 25), (27, 24), (27, 23), (27, 22), (27, 21), (27, 20), (27, 19), (27, 18), (27, 17), (27, 16), (27, 15), (27, 14), (27, 13), (27, 12), (27, 11), (28, 11), (29, 11), (30, 11), (31, 11), (32, 11), (33, 11), (34, 11), (34, 10), (35, 10), (36, 10), (37, 10), (38, 10), (39, 10), (40, 10), (41, 10), (42, 10), (43, 10), (44, 10), (45, 10), (46, 10), (47, 10), (48, 10), (49, 10), (49, 9), (50, 9), (50, 8), (50, 7), (50, 6), (51, 6), (52, 6), (53, 6), (54, 6), (55, 6), (55, 6)], 2: [(27, 6), (27, 7), (27, 8), (27, 9), (27, 10), (27, 11), (27, 12), (27, 13), (27, 14), (27, 15), (27, 16), (27, 17), (27, 18), (28, 18), (28, 19), (28, 20), (28, 21), (28, 22), (28, 23), (28, 24), (28, 25), (28, 26), (29, 26), (29, 27), (29, 28), (29, 29), (29, 30), (29, 31), (29, 32), (29, 33), (29, 34), (29, 35), (30, 35), (31, 35), (32, 35), (33, 35), (34, 35), (34, 36), (34, 37), (35, 37), (36, 37), (37, 37), (38, 37), (38, 38), (39, 38), (40, 38), (41, 38), (42, 38), (43, 38), (44, 38), (45, 38), (46, 38), (47, 38), (48, 38), (49, 38), (50, 38), (51, 38), (52, 38), (53, 38), (53, 39), (53, 40), (53, 41), (53, 42), (53, 43), (53, 44), (53, 45), (53, 46), (53, 47), (53, 48), (53, 49), (53, 50), (54, 50), (55, 50), (56, 50), (56, 51), (56, 52), (57, 52), (57, 53), (58, 53), (59, 53), (59, 54), (59, 54)], 3: [(56, 65), (55, 65), (54, 65), (53, 65), (53, 66), (52, 66), (51, 66), (50, 66), (49, 66), (48, 66), (47, 66), (46, 66), (45, 66), (44, 66), (44, 67), (44, 68), (43, 68), (42, 68), (41, 68), (40, 68), (39, 68), (38, 68), (37, 68), (36, 68), (35, 68), (34, 68), (33, 68), (32, 68), (31, 68), (30, 68), (30, 67), (29, 67), (29, 66), (28, 66), (27, 66), (27, 65), (27, 64), (27, 63), (27, 62), (27, 61), (27, 60), (27, 59), (27, 58), (28, 58), (29, 58), (30, 58), (30, 57), (30, 56), (31, 56), (32, 56), (33, 56), (34, 56), (35, 56), (36, 56), (37, 56), (38, 56), (39, 56), (40, 56), (41, 56), (42, 56), (43, 56), (43, 56)], 4: [(9, 22), (10, 22), (11, 22), (12, 22), (12, 21), (13, 21), (14, 21), (15, 21), (16, 21), (17, 21), (18, 21), (19, 21), (20, 21), (21, 21), (22, 21), (23, 21), (23, 22), (23, 23), (23, 24), (23, 25), (23, 26), (23, 27), (23, 28), (23, 29), (23, 30), (23, 31), (23, 32), (23, 33), (23, 34), (23, 35), (24, 35), (25, 35), (26, 35), (27, 35), (28, 35), (29, 35), (30, 35), (31, 35), (32, 35), (33, 35), (34, 35), (34, 36), (34, 37), (35, 37), (36, 37), (37, 37), (38, 37), (38, 38), (39, 38), (40, 38), (41, 38), (42, 38), (43, 38), (44, 38), (45, 38), (46, 38), (47, 38), (48, 38), (49, 38), (50, 38), (51, 38), (52, 38), (53, 38), (53, 39), (53, 40), (53, 41), (53, 42), (53, 43), (53, 44), (53, 45), (53, 46), (53, 47), (53, 48), (53, 49), (53, 50), (54, 50), (55, 50), (56, 50), (56, 51), (56, 52), (57, 52), (57, 53), (58, 53), (58, 54), (58, 55), (58, 56), (58, 57), (58, 58), (59, 58), (59, 59), (59, 60), (60, 60), (61, 60), (61, 61), (61, 61)]}, 93)