

CBSS-C STATS
starts:[4623, 4382, 3815, 1822, 1993]
targets:[1995, 4790, 877, 150, 3277, 3019, 813, 2373, 2843, 2363]
dests:[935, 2505, 4827, 155, 2710]
ac_dict:{1995: {0, 1}, 4790: {1, 2}, 877: {2, 3}, 150: {3, 4}, 935: {0}, 2505: {1}, 4827: {2}, 155: {3}, 2710: {4}}
clusters:[2 0 1 0 3 3 0 2 4 3]

round: 1
best_g_value: 287.0
open_list_size: 0
num_low_level_expanded: 1185
search_success: 1
search_time: 0.21294150175526738
n_tsp_call: 1
n_tsp_time: 0.16620352491736412
n_roots: 1
num_conflicts: 0
target_assignment: {877: 3, 813: 3, 3019: 1, 2373: 4, 2843: 4}
cluster_target_selection: {1: 877, 0: 813, 3: 3019, 2: 2373, 4: 2843}
num_nodes_transformed_graph: 48
agent_paths:({0: [(8, 71), (9, 71), (9, 72), (9, 73), (9, 74), (9, 75), (9, 76), (10, 76), (11, 76), (12, 76), (13, 76), (14, 76), (14, 75), (14, 74), (14, 73), (14, 72), (14, 71), (14, 70), (14, 69), (14, 68), (14, 67), (14, 66), (14, 65), (14, 64), (14, 63), (14, 62), (15, 62), (16, 62), (17, 62), (17, 61), (17, 60), (17, 59), (17, 58), (17, 57), (17, 56), (17, 55), (17, 54), (18, 54), (19, 54), (20, 54), (21, 54), (22, 54), (22, 53), (23, 53), (24, 53), (24, 52), (24, 51), (25, 51), (26, 51), (26, 50), (27, 50), (27, 49), (27, 48), (27, 47), (27, 46), (27, 45), (26, 45), (26, 44), (25, 44), (25, 43), (25, 42), (25, 41), (25, 40), (25, 39), (25, 38), (25, 37), (25, 36), (25, 35), (25, 34), (25, 33), (25, 32), (25, 31), (25, 30), (25, 29), (25, 28), (25, 27), (25, 26), (25, 25), (25, 24), (25, 23), (25, 22), (25, 21), (25, 20), (25, 19), (25, 18), (25, 17), (25, 16), (25, 15), (25, 14), (25, 14)], 1: [(27, 67), (27, 66), (27, 65), (27, 64), (27, 63), (27, 62), (27, 61), (27, 60), (27, 59), (27, 58), (27, 57), (27, 56), (27, 55), (27, 54), (27, 53), (27, 52), (27, 51), (27, 50), (27, 49), (27, 48), (27, 47), (27, 46), (28, 46), (29, 46), (29, 45), (29, 44), (29, 43), (29, 42), (29, 41), (29, 40), (29, 39), (29, 38), (30, 38), (31, 38), (32, 38), (33, 38), (34, 38), (35, 38), (35, 38)], 2: [(45, 58), (44, 58), (43, 58), (42, 58), (41, 58), (40, 58), (39, 58), (38, 58), (37, 58), (36, 58), (35, 58), (34, 58), (33, 58), (32, 58), (31, 58), (30, 58), (29, 58), (28, 58), (27, 58), (26, 58), (25, 58), (25, 59), (25, 60), (25, 61), (25, 62), (25, 63), (24, 63), (24, 64), (23, 64), (22, 64), (21, 64), (20, 64), (19, 64), (18, 64), (17, 64), (17, 65), (17, 66), (17, 67), (17, 68), (17, 69), (17, 70), (17, 71), (17, 72), (17, 73), (17, 74), (17, 74)], 3: [(2, 28), (2, 27), (2, 26), (2, 25), (3, 25), (3, 24), (3, 23), (3, 22), (4, 22), (4, 21), (4, 20), (5, 20), (6, 20), (7, 20), (8, 20), (9, 20), (9, 19), (10, 19), (11, 19), (12, 19), (13, 19), (14, 19), (15, 19), (16, 19), (17, 19), (18, 19), (18, 18), (19, 18), (20, 18), (20, 17), (20, 16), (20, 15), (20, 14), (20, 13), (21, 13), (22, 13), (23, 13), (24, 13), (25, 13), (26, 13), (27, 13), (28, 13), (29, 13), (30, 13), (31, 13), (32, 13), (32, 12), (33, 12), (32, 12), (31, 12), (30, 12), (29, 12), (28, 12), (27, 12), (26, 12), (25, 12), (25, 11), (25, 10), (25, 9), (25, 8), (25, 7), (25, 6), (25, 5), (25, 4), (25, 3), (25, 2), (25, 2)], 4: [(43, 30), (42, 30), (41, 30), (40, 30), (39, 30), (38, 30), (37, 30), (36, 30), (35, 30), (34, 30), (34, 29), (33, 29), (32, 29), (31, 29), (30, 29), (29, 29), (29, 30), (29, 31), (29, 32), (29, 33), (29, 34), (29, 35), (30, 35), (31, 35), (32, 35), (33, 35), (33, 36), (34, 36), (34, 37), (35, 37), (36, 37), (37, 37), (38, 37), (38, 38), (39, 38), (40, 38), (41, 38), (42, 38), (43, 38), (44, 38), (45, 38), (46, 38), (47, 38), (48, 38), (48, 39), (48, 40), (48, 41), (48, 42), (48, 43), (47, 43), (47, 42), (46, 42), (45, 42), (45, 41), (45, 41)]}, 88)