

CBSS-C STATS
starts:[799, 3463, 2686, 2914, 2566]
targets:[4240, 1850, 3828, 1866, 670, 1924, 999, 2368, 2783, 654]
dests:[756, 865, 3778, 3564, 2710]
ac_dict:{4240: {0, 1}, 1850: {1, 2}, 3828: {2, 3}, 1866: {3, 4}, 756: {0}, 865: {1}, 3778: {2}, 3564: {3}, 2710: {4}}
clusters:[0 1 1 1 1 0 0 1 0 0]

round: 2
best_g_value: 153.0
open_list_size: 1
num_low_level_expanded: 867
search_success: 1
search_time: 0.09370516706258059
n_tsp_call: 1
n_tsp_time: 0.06209006020799279
n_roots: 1
num_conflicts: 1
target_assignment: {2368: 1, 999: 1}
cluster_target_selection: {1: 2368, 0: 999}
num_nodes_transformed_graph: 29
agent_paths:({0: [(19, 12), (20, 12), (20, 11), (21, 11), (22, 11), (23, 11), (24, 11), (25, 11), (26, 11), (27, 11), (28, 11), (29, 11), (30, 11), (31, 11), (32, 11), (33, 11), (34, 11), (35, 11), (36, 11), (37, 11), (38, 11), (39, 11), (40, 11), (41, 11), (41, 11)], 1: [(18, 53), (18, 54), (19, 54), (20, 54), (21, 54), (22, 54), (22, 53), (23, 53), (24, 53), (24, 52), (24, 51), (25, 51), (26, 51), (27, 51), (28, 51), (28, 50), (28, 49), (28, 48), (28, 47), (28, 46), (28, 45), (28, 44), (28, 43), (28, 42), (28, 41), (28, 40), (28, 39), (28, 38), (28, 37), (28, 36), (27, 36), (26, 36), (25, 36), (24, 36), (24, 35), (24, 34), (24, 33), (24, 32), (24, 31), (24, 30), (24, 29), (24, 28), (24, 27), (24, 26), (24, 25), (24, 24), (24, 23), (24, 22), (24, 21), (24, 20), (24, 19), (24, 18), (24, 17), (24, 16), (24, 15), (23, 15), (22, 15), (21, 15), (20, 15), (20, 14), (20, 13), (20, 13)], 2: [(21, 41), (21, 42), (21, 43), (21, 44), (22, 44), (23, 44), (24, 44), (25, 44), (26, 44), (26, 45), (27, 45), (27, 46), (27, 47), (27, 48), (27, 49), (27, 50), (26, 50), (26, 51), (25, 51), (24, 51), (24, 52), (24, 53), (23, 53), (22, 53), (22, 54), (21, 54), (20, 54), (19, 54), (18, 54), (17, 54), (16, 54), (15, 54), (14, 54), (13, 54), (12, 54), (11, 54), (10, 54), (9, 54), (8, 54), (8, 55), (8, 56), (8, 57), (8, 58), (8, 58)], 3: [(54, 44), (54, 45), (53, 45), (53, 46), (53, 47), (53, 48), (53, 49), (53, 50), (54, 50), (54, 51), (54, 52), (54, 53), (54, 54), (54, 54)], 4: [(31, 39), (32, 39), (33, 39), (34, 39), (35, 39), (36, 39), (37, 39), (38, 39), (39, 39), (40, 39), (41, 39), (42, 39), (43, 39), (44, 39), (45, 39), (45, 40), (45, 41), (45, 41)]}, 60)