

CBSS-C STATS
starts:[2657, 2776, 1323, 3369, 4883]
targets:[345, 3781, 222, 1274, 812, 4536, 2759, 507, 3996, 2373]
dests:[2105, 2564, 2447, 913, 4438]
ac_dict:{345: {0, 1}, 3781: {1, 2}, 222: {2, 3}, 1274: {3, 4}, 2105: {0}, 2564: {1}, 2447: {2}, 913: {3}, 4438: {4}}
clusters:[1 1 1 0 1 0 0 1 1 0]

round: 1
best_g_value: 229.0
open_list_size: 0
num_low_level_expanded: 1064
search_success: 1
search_time: 0.12843275628983974
n_tsp_call: 1
n_tsp_time: 0.08883663406595588
n_roots: 1
num_conflicts: 0
target_assignment: {2373: 2, 812: 3}
cluster_target_selection: {0: 2373, 1: 812}
num_nodes_transformed_graph: 29
agent_paths:({0: [(57, 40), (56, 40), (55, 40), (54, 40), (53, 40), (52, 40), (51, 40), (50, 40), (49, 40), (48, 40), (47, 40), (46, 40), (45, 40), (44, 40), (43, 40), (42, 40), (41, 40), (40, 40), (39, 40), (38, 40), (37, 40), (36, 40), (35, 40), (34, 40), (33, 40), (32, 40), (31, 40), (30, 40), (29, 40), (28, 40), (27, 40), (26, 40), (25, 40), (25, 39), (25, 38), (25, 37), (25, 36), (25, 35), (25, 34), (25, 33), (25, 32), (25, 32)], 1: [(46, 42), (45, 42), (44, 42), (43, 42), (42, 42), (41, 42), (40, 42), (39, 42), (38, 42), (37, 42), (36, 42), (35, 42), (34, 42), (33, 42), (32, 42), (31, 42), (30, 42), (29, 42), (29, 41), (29, 40), (29, 39), (29, 39)], 2: [(23, 20), (24, 20), (25, 20), (26, 20), (27, 20), (28, 20), (28, 21), (28, 22), (28, 23), (28, 24), (28, 25), (28, 26), (29, 26), (29, 27), (29, 28), (29, 29), (29, 30), (29, 31), (29, 32), (29, 33), (29, 34), (29, 35), (30, 35), (31, 35), (32, 35), (33, 35), (33, 36), (34, 36), (34, 37), (35, 37), (36, 37), (37, 37), (38, 37), (38, 38), (39, 38), (40, 38), (41, 38), (42, 38), (42, 37), (42, 37)], 3: [(54, 51), (53, 51), (52, 51), (52, 50), (52, 49), (52, 48), (51, 48), (51, 47), (51, 46), (51, 45), (50, 45), (49, 45), (48, 45), (47, 45), (47, 44), (47, 43), (47, 42), (46, 42), (45, 42), (44, 42), (43, 42), (42, 42), (41, 42), (40, 42), (39, 42), (38, 42), (37, 42), (36, 42), (35, 42), (34, 42), (33, 42), (32, 42), (32, 41), (32, 40), (32, 39), (32, 38), (32, 37), (32, 36), (32, 35), (31, 35), (30, 35), (29, 35), (29, 34), (29, 33), (29, 32), (29, 31), (29, 30), (29, 29), (29, 28), (29, 27), (29, 26), (28, 26), (28, 25), (28, 24), (28, 23), (28, 22), (28, 21), (28, 20), (28, 19), (28, 18), (27, 18), (27, 17), (27, 16), (27, 15), (27, 14), (27, 13), (27, 12), (28, 12), (29, 12), (30, 12), (31, 12), (32, 12), (31, 12), (30, 12), (29, 12), (28, 12), (27, 12), (26, 12), (25, 12), (24, 12), (23, 12), (22, 12), (21, 12), (20, 12), (20, 13), (20, 14), (20, 15), (20, 16), (20, 17), (20, 18), (19, 18), (18, 18), (18, 19), (17, 19), (16, 19), (15, 19), (14, 19), (13, 19), (12, 19), (11, 19), (10, 19), (9, 19), (9, 18), (9, 17), (9, 16), (9, 15), (8, 15), (7, 15), (6, 15), (5, 15), (4, 15), (4, 14), (3, 14), (3, 14)], 4: [(8, 75), (9, 75), (9, 76), (10, 76), (11, 76), (12, 76), (13, 76), (14, 76), (14, 75), (14, 74), (14, 73), (14, 72), (14, 71), (14, 70), (14, 69), (14, 68), (15, 68), (16, 68), (17, 68), (18, 68), (18, 68)]}, 112)