

CBSS-C STATS
starts:[217, 1052, 4947, 1416, 2561]
targets:[4111, 383, 4620, 1907, 4279, 347, 3793, 3802, 1810, 3463]
dests:[3729, 1645, 3992, 4689, 786]
ac_dict:{4111: {0, 1}, 383: {1, 2}, 4620: {2, 3}, 1907: {3, 4}, 3729: {0}, 1645: {1}, 3992: {2}, 4689: {3}, 786: {4}}
clusters:[0 1 2 3 3 0 3 2 1 4]

round: 1
best_g_value: 282.0
open_list_size: 0
num_low_level_expanded: 1621
search_success: 1
search_time: 0.13816107483580709
n_tsp_call: 1
n_tsp_time: 0.08713564788922668
n_roots: 1
num_conflicts: 0
target_assignment: {347: 0, 1907: 4, 1810: 3, 3463: 3, 4620: 3}
cluster_target_selection: {0: 347, 3: 1907, 1: 1810, 4: 3463, 2: 4620}
num_nodes_transformed_graph: 48
agent_paths:({0: [(22, 3), (22, 4), (22, 5), (23, 5), (24, 5), (24, 6), (24, 7), (24, 8), (24, 9), (24, 10), (24, 11), (24, 12), (24, 13), (24, 14), (24, 15), (24, 16), (24, 17), (24, 18), (24, 19), (24, 20), (24, 21), (24, 22), (24, 23), (24, 24), (24, 25), (24, 26), (24, 27), (24, 28), (24, 29), (24, 30), (24, 31), (24, 32), (24, 33), (24, 34), (24, 35), (24, 36), (24, 37), (24, 38), (24, 39), (24, 40), (24, 41), (24, 42), (24, 43), (24, 44), (25, 44), (26, 44), (26, 45), (27, 45), (27, 46), (27, 47), (27, 48), (27, 49), (27, 50), (26, 50), (26, 51), (25, 51), (24, 51), (24, 52), (24, 53), (24, 54), (24, 55), (24, 56), (24, 57), (24, 57)], 1: [(12, 16), (12, 17), (12, 18), (12, 19), (13, 19), (14, 19), (15, 19), (16, 19), (17, 19), (18, 19), (19, 19), (20, 19), (20, 20), (20, 21), (20, 22), (20, 23), (20, 24), (20, 25), (20, 25)], 2: [(7, 76), (8, 76), (9, 76), (10, 76), (11, 76), (12, 76), (13, 76), (14, 76), (14, 75), (14, 74), (14, 73), (14, 72), (14, 71), (14, 70), (14, 69), (14, 68), (14, 67), (14, 66), (14, 65), (14, 64), (15, 64), (16, 64), (17, 64), (18, 64), (19, 64), (20, 64), (21, 64), (22, 64), (23, 64), (24, 64), (24, 63), (25, 63), (25, 62), (25, 61), (26, 61), (27, 61), (27, 61)], 3: [(51, 21), (52, 21), (53, 21), (54, 21), (55, 21), (55, 22), (55, 23), (55, 24), (55, 25), (55, 26), (55, 27), (54, 27), (53, 27), (52, 27), (51, 27), (50, 27), (49, 27), (48, 27), (47, 27), (46, 27), (45, 27), (44, 27), (43, 27), (42, 27), (41, 27), (40, 27), (39, 27), (38, 27), (37, 27), (36, 27), (35, 27), (34, 27), (33, 27), (32, 27), (31, 27), (30, 27), (29, 27), (28, 27), (27, 27), (27, 28), (27, 29), (27, 30), (27, 31), (27, 32), (27, 33), (27, 34), (27, 35), (27, 36), (27, 37), (27, 38), (27, 39), (27, 40), (27, 41), (27, 42), (27, 43), (27, 44), (27, 45), (27, 46), (27, 47), (27, 48), (27, 49), (27, 50), (26, 50), (26, 51), (25, 51), (24, 51), (24, 52), (24, 53), (23, 53), (22, 53), (22, 54), (21, 54), (20, 54), (19, 54), (18, 54), (18, 53), (17, 53), (17, 54), (17, 55), (17, 56), (17, 57), (17, 58), (17, 59), (17, 60), (17, 61), (17, 62), (16, 62), (15, 62), (14, 62), (14, 63), (14, 64), (14, 65), (14, 66), (14, 67), (14, 68), (14, 69), (14, 70), (14, 71), (14, 72), (14, 73), (14, 74), (14, 75), (14, 76), (13, 76), (12, 76), (11, 76), (10, 76), (9, 76), (8, 76), (7, 76), (6, 76), (5, 76), (5, 75), (5, 74), (5, 73), (5, 72), (5, 71), (6, 71), (7, 71), (8, 71), (9, 71), (9, 72), (9, 72)], 4: [(26, 39), (25, 39), (24, 39), (23, 39), (22, 39), (22, 38), (22, 37), (22, 36), (22, 35), (22, 34), (22, 33), (22, 32), (22, 31), (22, 30), (22, 29), (21, 29), (20, 29), (19, 29), (19, 28), (19, 27), (19, 26), (19, 25), (19, 24), (19, 23), (19, 22), (19, 21), (18, 21), (17, 21), (16, 21), (15, 21), (14, 21), (13, 21), (12, 21), (11, 21), (10, 21), (9, 21), (9, 20), (9, 19), (9, 18), (9, 17), (9, 16), (9, 15), (8, 15), (7, 15), (6, 15), (6, 14), (6, 13), (6, 12), (6, 12)]}, 121)