

CBSS-C STATS
starts:[4102, 1351, 4675, 565, 4603]
targets:[4893, 1808, 4931, 4457, 418, 892, 464, 3810, 3661, 3790, 1927, 4868, 2984, 4540, 760, 4278, 4018, 1787, 4726, 4708]
dests:[3750, 3432, 4474, 2645, 5019]
ac_dict:{4893: {0, 1}, 1808: {1, 2}, 4931: {2, 3}, 4457: {3, 4}, 3750: {0}, 3432: {1}, 4474: {2}, 2645: {3}, 5019: {4}}
clusters:[8 6 0 3 9 2 9 7 4 6 8 6 1 6 1 5 4 1 4 0]

round: 1
best_g_value: 280.0
open_list_size: 0
num_low_level_expanded: 1124
search_success: 1
search_time: 0.2462516943924129
n_tsp_call: 1
n_tsp_time: 0.19711473770439625
n_roots: 1
num_conflicts: 0
target_assignment: {3790: 0, 3661: 0, 3810: 0, 1927: 1, 892: 3, 760: 3, 418: 3, 4278: 4, 4457: 4, 4708: 4}
cluster_target_selection: {6: 3790, 4: 3661, 7: 3810, 8: 1927, 2: 892, 1: 760, 9: 418, 5: 4278, 3: 4457, 0: 4708}
num_nodes_transformed_graph: 54
agent_paths:({0: [(7, 63), (7, 62), (8, 62), (9, 62), (10, 62), (11, 62), (12, 62), (13, 62), (14, 62), (15, 62), (16, 62), (17, 62), (17, 61), (17, 60), (17, 59), (17, 58), (18, 58), (19, 58), (20, 58), (20, 57), (20, 56), (21, 56), (22, 56), (23, 56), (24, 56), (25, 56), (26, 56), (27, 56), (28, 56), (29, 56), (30, 56), (31, 56), (32, 56), (33, 56), (34, 56), (35, 56), (36, 56), (37, 56), (38, 56), (39, 56), (40, 56), (40, 57), (40, 58), (40, 57), (41, 57), (42, 57), (43, 57), (44, 57), (45, 57), (45, 57)], 1: [(51, 20), (51, 21), (51, 22), (51, 23), (51, 24), (51, 25), (51, 26), (51, 27), (50, 27), (49, 27), (48, 27), (47, 27), (46, 27), (45, 27), (44, 27), (43, 27), (42, 27), (42, 28), (42, 29), (41, 29), (40, 29), (39, 29), (38, 29), (37, 29), (36, 29), (35, 29), (34, 29), (33, 29), (32, 29), (31, 29), (30, 29), (29, 29), (29, 30), (29, 31), (29, 32), (29, 33), (29, 34), (29, 35), (30, 35), (31, 35), (32, 35), (33, 35), (34, 35), (34, 36), (34, 37), (35, 37), (36, 37), (37, 37), (38, 37), (38, 38), (39, 38), (40, 38), (41, 38), (42, 38), (43, 38), (44, 38), (45, 38), (46, 38), (47, 38), (48, 38), (49, 38), (50, 38), (51, 38), (52, 38), (52, 39), (52, 40), (52, 41), (52, 42), (52, 43), (52, 44), (52, 45), (52, 46), (52, 47), (52, 48), (52, 49), (52, 50), (52, 51), (52, 52), (52, 52)], 2: [(60, 71), (59, 71), (58, 71), (57, 71), (56, 71), (55, 71), (54, 71), (54, 70), (54, 69), (54, 68), (54, 68)], 3: [(45, 8), (45, 9), (45, 10), (46, 10), (47, 10), (47, 11), (47, 12), (47, 13), (46, 13), (45, 13), (45, 12), (45, 11), (44, 11), (43, 11), (42, 11), (41, 11), (40, 11), (39, 11), (38, 11), (37, 11), (36, 11), (35, 11), (34, 11), (33, 11), (32, 11), (31, 11), (30, 11), (29, 11), (28, 11), (28, 10), (28, 9), (28, 8), (28, 7), (28, 6), (28, 7), (28, 8), (28, 9), (28, 10), (28, 11), (28, 12), (28, 13), (28, 14), (27, 14), (27, 15), (27, 16), (27, 17), (27, 18), (28, 18), (28, 19), (28, 20), (28, 21), (28, 22), (28, 23), (28, 24), (28, 25), (28, 26), (29, 26), (29, 27), (29, 28), (29, 29), (29, 30), (29, 31), (29, 32), (29, 33), (29, 34), (29, 35), (30, 35), (31, 35), (32, 35), (33, 35), (34, 35), (34, 36), (34, 37), (35, 37), (36, 37), (37, 37), (38, 37), (38, 38), (39, 38), (40, 38), (41, 38), (42, 38), (43, 38), (44, 38), (45, 38), (45, 39), (45, 40), (45, 40)], 4: [(53, 70), (53, 69), (53, 68), (53, 67), (53, 66), (53, 65), (53, 66), (52, 66), (51, 66), (50, 66), (49, 66), (48, 66), (47, 66), (46, 66), (45, 66), (44, 66), (43, 66), (42, 66), (41, 66), (40, 66), (39, 66), (38, 66), (37, 66), (37, 67), (37, 68), (36, 68), (35, 68), (34, 68), (33, 68), (32, 68), (31, 68), (30, 68), (29, 68), (28, 68), (28, 69), (28, 70), (28, 71), (28, 72), (27, 72), (26, 72), (25, 72), (25, 71), (25, 70), (24, 70), (23, 70), (22, 70), (21, 70), (20, 70), (19, 70), (18, 70), (17, 70), (16, 70), (15, 70), (14, 70), (14, 71), (14, 72), (14, 73), (14, 74), (14, 75), (14, 76), (14, 77), (14, 77)]}, 86)