

CBSS-C STATS
starts:[2501, 1392, 872, 613, 2912]
targets:[687, 383, 4403, 4570, 3538, 2585, 1988, 2594, 1998, 4316, 1373, 3655, 1661, 4546, 1662, 2293, 1252, 481, 2718, 3523]
dests:[2986, 2429, 1050, 4698, 3910]
ac_dict:{687: {0, 1}, 383: {1, 2}, 4403: {2, 3}, 4570: {3, 4}, 2986: {0}, 2429: {1}, 1050: {2}, 4698: {3}, 3910: {4}}
clusters:[5 2 4 9 9 4 1 8 0 3 6 4 5 8 7 5 1 4 2 3]

round: 1
best_g_value: 277.0
open_list_size: 0
num_low_level_expanded: 1041
search_success: 1
search_time: 2.418068486265838
n_tsp_call: 1
n_tsp_time: 2.3631293973885477
n_roots: 1
num_conflicts: 0
target_assignment: {2585: 0, 2718: 0, 2594: 0, 1252: 2, 1373: 2, 3523: 4, 1661: 1, 1662: 1, 1998: 1, 4570: 3}
cluster_target_selection: {4: 2585, 2: 2718, 8: 2594, 1: 1252, 6: 1373, 3: 3523, 5: 1661, 7: 1662, 0: 1998, 9: 4570}
num_nodes_transformed_graph: 98
agent_paths:({0: [(31, 38), (32, 38), (33, 38), (34, 38), (35, 38), (36, 38), (37, 38), (38, 38), (39, 38), (40, 38), (41, 38), (42, 38), (43, 38), (44, 38), (45, 38), (46, 38), (47, 38), (48, 38), (49, 38), (50, 38), (50, 39), (51, 39), (52, 39), (53, 39), (53, 40), (53, 41), (53, 40), (53, 39), (54, 39), (55, 39), (56, 39), (57, 39), (58, 39), (59, 39), (60, 39), (60, 40), (60, 41), (60, 42), (60, 43), (60, 44), (60, 45), (61, 45), (61, 45)], 1: [(27, 21), (28, 21), (28, 22), (28, 23), (28, 24), (28, 25), (28, 26), (29, 26), (29, 27), (30, 27), (31, 27), (32, 27), (33, 27), (34, 27), (34, 26), (35, 26), (35, 25), (36, 25), (37, 25), (38, 25), (38, 26), (38, 27), (39, 27), (40, 27), (41, 27), (42, 27), (43, 27), (44, 27), (45, 27), (46, 27), (47, 27), (48, 27), (48, 28), (48, 29), (48, 30), (47, 30), (46, 30), (45, 30), (44, 30), (43, 30), (42, 30), (41, 30), (40, 30), (39, 30), (38, 30), (37, 30), (36, 30), (35, 30), (34, 30), (34, 29), (33, 29), (32, 29), (31, 29), (30, 29), (29, 29), (28, 29), (27, 29), (26, 29), (25, 29), (24, 29), (24, 30), (24, 31), (24, 32), (24, 33), (24, 34), (24, 35), (24, 36), (24, 37), (24, 37)], 2: [(27, 13), (26, 13), (25, 13), (24, 13), (23, 13), (22, 13), (21, 13), (20, 13), (20, 14), (20, 15), (20, 16), (20, 17), (20, 18), (19, 18), (18, 18), (18, 19), (17, 19), (16, 19), (15, 19), (14, 19), (13, 19), (12, 19), (11, 19), (10, 19), (9, 19), (9, 20), (8, 20), (8, 21), (8, 20), (9, 20), (9, 19), (9, 18), (9, 17), (9, 16), (10, 16), (10, 16)], 3: [(28, 9), (27, 9), (27, 10), (27, 11), (27, 12), (27, 13), (27, 14), (27, 15), (27, 16), (27, 17), (27, 18), (27, 19), (27, 20), (27, 21), (27, 22), (27, 23), (27, 24), (27, 25), (27, 26), (27, 27), (27, 28), (27, 29), (27, 30), (27, 31), (27, 32), (27, 33), (27, 34), (27, 35), (27, 36), (27, 37), (27, 38), (27, 39), (27, 40), (27, 41), (27, 42), (27, 43), (27, 44), (27, 45), (27, 46), (27, 47), (27, 48), (27, 49), (27, 50), (26, 50), (26, 51), (25, 51), (25, 52), (25, 53), (25, 54), (25, 55), (25, 56), (25, 57), (25, 58), (25, 59), (25, 60), (25, 61), (25, 62), (25, 63), (24, 63), (24, 64), (23, 64), (22, 64), (21, 64), (20, 64), (20, 65), (20, 66), (20, 67), (20, 68), (20, 69), (20, 70), (19, 70), (18, 70), (18, 71), (18, 72), (18, 72)], 4: [(52, 44), (51, 44), (50, 44), (49, 44), (48, 44), (47, 44), (47, 43), (47, 42), (46, 42), (45, 42), (44, 42), (43, 42), (42, 42), (41, 42), (40, 42), (39, 42), (38, 42), (37, 42), (36, 42), (35, 42), (34, 42), (33, 42), (32, 42), (31, 42), (30, 42), (29, 42), (28, 42), (27, 42), (27, 43), (27, 44), (27, 45), (27, 46), (27, 47), (27, 48), (27, 49), (27, 50), (26, 50), (26, 51), (25, 51), (24, 51), (24, 52), (24, 53), (23, 53), (22, 53), (22, 54), (21, 54), (20, 54), (19, 54), (18, 54), (17, 54), (16, 54), (15, 54), (14, 54), (13, 54), (12, 54), (11, 54), (10, 54), (10, 55), (10, 56), (10, 57), (10, 58), (10, 59), (10, 60), (10, 60)]}, 73)