

CBSS-C STATS
starts:[97, 195, 153, 209, 22]
targets:[79, 232, 185, 137, 65, 95, 228, 12, 150, 181, 224, 139, 251, 154, 89, 67, 230, 166, 159, 51]
dests:[225, 50, 2, 175, 164]
ac_dict:{79: {0, 1}, 232: {1, 2}, 185: {2, 3}, 137: {3, 4}, 225: {0}, 50: {1}, 2: {2}, 175: {3}, 164: {4}}
clusters:[4 5 3 8 9 0 3 4 8 3 2 3 7 8 6 1 0 3 4 3]

round: 1
best_g_value: 88.0
open_list_size: 0
num_low_level_expanded: 198
search_success: 1
search_time: 0.5541472029872239
n_tsp_call: 1
n_tsp_time: 0.5389097668230534
n_roots: 1
num_conflicts: 0
target_assignment: {224: 0, 150: 4, 166: 4, 67: 1, 230: 3, 159: 3, 251: 2, 232: 2, 89: 2, 65: 2}
cluster_target_selection: {2: 224, 8: 150, 3: 166, 1: 67, 0: 230, 4: 159, 7: 251, 5: 232, 6: 89, 9: 65}
num_nodes_transformed_graph: 50
agent_paths:({0: [(1, 6), (0, 6), (0, 7), (0, 8), (0, 9), (0, 10), (0, 11), (0, 12), (0, 13), (0, 14), (1, 14), (1, 14)], 1: [(3, 12), (3, 11), (3, 10), (3, 9), (3, 8), (3, 7), (3, 6), (3, 5), (3, 4), (2, 4), (2, 3), (2, 3)], 2: [(9, 9), (10, 9), (11, 9), (11, 10), (11, 11), (11, 12), (11, 13), (11, 14), (11, 15), (10, 15), (9, 15), (8, 15), (8, 14), (8, 13), (8, 12), (8, 11), (8, 10), (8, 9), (8, 8), (8, 7), (8, 6), (8, 5), (9, 5), (8, 5), (7, 5), (6, 5), (5, 5), (4, 5), (3, 5), (2, 5), (1, 5), (1, 4), (1, 3), (1, 2), (1, 1), (1, 0), (2, 0), (2, 0)], 3: [(1, 13), (2, 13), (3, 13), (4, 13), (5, 13), (6, 13), (6, 14), (6, 13), (6, 12), (6, 11), (6, 10), (6, 9), (7, 9), (8, 9), (9, 9), (10, 9), (11, 9), (12, 9), (13, 9), (14, 9), (15, 9), (15, 10), (15, 10)], 4: [(6, 1), (6, 2), (6, 3), (6, 4), (6, 5), (6, 6), (6, 7), (6, 8), (6, 9), (6, 10), (5, 10), (4, 10), (4, 10)]}, 36)