

CBSS-C STATS
starts:[124, 3, 249, 10, 112]
targets:[184, 51, 76, 104, 230, 116, 34, 142, 200, 176]
dests:[172, 195, 188, 191, 187]
ac_dict:{184: {0, 1}, 51: {1, 2}, 76: {2, 3}, 104: {3, 4}, 172: {0}, 195: {1}, 188: {2}, 191: {3}, 187: {4}}
clusters:[4 3 2 2 4 4 0 1 2 0]

round: 1
best_g_value: 55.0
open_list_size: 0
num_low_level_expanded: 127
search_success: 1
search_time: 0.06231429101899266
n_tsp_call: 1
n_tsp_time: 0.05442721489816904
n_roots: 1
num_conflicts: 0
target_assignment: {34: 1, 51: 1, 116: 4, 76: 3, 142: 3}
cluster_target_selection: {0: 34, 3: 51, 4: 116, 2: 76, 1: 142}
num_nodes_transformed_graph: 28
agent_paths:({0: [(12, 7), (12, 8), (12, 9), (12, 10), (12, 10)], 1: [(3, 0), (2, 0), (2, 1), (2, 2), (3, 2), (3, 3), (3, 4), (3, 5), (3, 6), (3, 7), (3, 8), (3, 9), (3, 10), (3, 11), (3, 12), (3, 12)], 2: [(9, 15), (9, 14), (9, 13), (9, 12), (9, 11), (10, 11), (11, 11), (12, 11), (12, 11)], 3: [(10, 0), (11, 0), (12, 0), (12, 1), (12, 2), (12, 3), (12, 4), (13, 4), (14, 4), (14, 5), (14, 6), (14, 7), (14, 8), (15, 8), (15, 9), (15, 10), (15, 11), (15, 11)], 4: [(0, 7), (1, 7), (2, 7), (3, 7), (4, 7), (5, 7), (6, 7), (7, 7), (8, 7), (9, 7), (10, 7), (11, 7), (11, 8), (11, 9), (11, 10), (11, 11), (11, 11)]}, 16)