

CBSS-C STATS
starts:[40, 31, 49, 254, 203]
targets:[102, 101, 82, 33, 141, 39, 111, 130, 30, 117, 161, 126, 189, 145, 198, 54, 140, 70, 165, 29]
dests:[108, 160, 59, 75, 219]
ac_dict:{102: {0, 1}, 101: {1, 2}, 82: {2, 3}, 33: {3, 4}, 108: {0}, 160: {1}, 59: {2}, 75: {3}, 219: {4}}
clusters:[0 4 0 7 8 5 9 0 2 7 8 6 0 6 8 5 1 1 3 1]

round: 2
best_g_value: 59.0
open_list_size: 1
num_low_level_expanded: 205
search_success: 1
search_time: 0.9085219646804035
n_tsp_call: 1
n_tsp_time: 0.8857893142849207
n_roots: 1
num_conflicts: 1
target_assignment: {30: 1, 39: 1, 70: 1, 102: 1, 101: 1, 117: 1, 165: 1, 161: 1, 126: 3, 111: 3}
cluster_target_selection: {2: 30, 5: 39, 1: 70, 0: 102, 4: 101, 7: 117, 3: 165, 8: 161, 6: 126, 9: 111}
num_nodes_transformed_graph: 98
agent_paths:({0: [(8, 2), (9, 2), (10, 2), (11, 2), (12, 2), (12, 3), (12, 4), (12, 5), (12, 6), (12, 6)], 1: [(15, 1), (14, 1), (13, 1), (12, 1), (11, 1), (10, 1), (9, 1), (8, 1), (7, 1), (7, 2), (6, 2), (6, 3), (6, 4), (6, 5), (6, 6), (5, 6), (5, 7), (5, 8), (5, 9), (5, 10), (4, 10), (3, 10), (2, 10), (1, 10), (0, 10), (0, 10)], 2: [(1, 3), (2, 3), (3, 3), (4, 3), (5, 3), (6, 3), (7, 3), (8, 3), (9, 3), (10, 3), (11, 3), (11, 3)], 3: [(14, 15), (14, 14), (14, 13), (14, 12), (14, 11), (14, 10), (14, 9), (14, 8), (14, 7), (14, 6), (15, 6), (14, 6), (13, 6), (13, 5), (12, 5), (11, 5), (11, 4), (11, 4)], 4: [(11, 12), (11, 13), (11, 13)]}, 24)