

CBSS-C STATS
starts:[131, 174, 39, 121, 224]
targets:[190, 0, 201, 228, 113, 230, 243, 31, 90, 199, 214, 23, 122, 254, 107, 15, 223, 21, 189, 198]
dests:[162, 237, 132, 153, 53]
ac_dict:{190: {0, 1}, 0: {1, 2}, 201: {2, 3}, 228: {3, 4}, 162: {0}, 237: {1}, 132: {2}, 153: {3}, 53: {4}}
clusters:[7 7 8 4 3 9 2 5 0 8 7 8 5 2 4 3 1 6 9 9]

round: 1
best_g_value: 53.0
open_list_size: 0
num_low_level_expanded: 103
search_success: 1
search_time: 0.40171894803643227
n_tsp_call: 1
n_tsp_time: 0.3913708352483809
n_roots: 1
num_conflicts: 0
target_assignment: {113: 0, 190: 1, 223: 1, 122: 3, 90: 3, 23: 2, 21: 2, 243: 4, 228: 4, 230: 4}
cluster_target_selection: {3: 113, 7: 190, 1: 223, 5: 122, 0: 90, 8: 23, 6: 21, 2: 243, 4: 228, 9: 230}
num_nodes_transformed_graph: 49
agent_paths:({0: [(3, 8), (2, 8), (1, 8), (1, 7), (2, 7), (2, 8), (2, 9), (2, 10), (2, 10)], 1: [(14, 10), (14, 11), (15, 11), (15, 12), (15, 13), (14, 13), (13, 13), (13, 14), (13, 14)], 2: [(7, 2), (7, 1), (6, 1), (5, 1), (4, 1), (4, 2), (4, 3), (4, 4), (4, 5), (4, 6), (4, 7), (4, 8), (4, 8)], 3: [(9, 7), (10, 7), (10, 6), (10, 5), (9, 5), (9, 6), (9, 7), (9, 8), (9, 9), (9, 9)], 4: [(0, 14), (1, 14), (2, 14), (3, 14), (3, 15), (3, 14), (4, 14), (5, 14), (6, 14), (5, 14), (5, 13), (5, 12), (5, 11), (5, 10), (5, 9), (5, 8), (5, 7), (5, 6), (5, 5), (5, 4), (5, 3), (5, 3)]}, 20)