

CBSS-C STATS
starts:[249, 107, 254, 243, 45]
targets:[12, 95, 204, 100, 79, 24, 223, 206, 141, 203]
dests:[67, 127, 165, 104, 17]
ac_dict:{12: {0, 1}, 95: {1, 2}, 204: {2, 3}, 100: {3, 4}, 67: {0}, 127: {1}, 165: {2}, 104: {3}, 17: {4}}
clusters:[1 1 4 2 0 1 1 1 3 1]

round: 1
best_g_value: 71.0
open_list_size: 0
num_low_level_expanded: 198
search_success: 1
search_time: 0.0714625590480864
n_tsp_call: 1
n_tsp_time: 0.06102375406771898
n_roots: 1
num_conflicts: 0
target_assignment: {100: 3, 204: 2, 141: 1, 95: 1, 79: 1}
cluster_target_selection: {2: 100, 4: 204, 3: 141, 1: 95, 0: 79}
num_nodes_transformed_graph: 27
agent_paths:({0: [(9, 15), (8, 15), (7, 15), (6, 15), (5, 15), (4, 15), (3, 15), (3, 14), (3, 13), (3, 12), (3, 11), (3, 10), (3, 9), (3, 8), (3, 7), (3, 6), (3, 5), (3, 4), (3, 4)], 1: [(11, 6), (12, 6), (13, 6), (13, 7), (13, 8), (13, 7), (13, 6), (13, 5), (14, 5), (15, 5), (15, 4), (15, 5), (15, 6), (15, 7), (15, 7)], 2: [(14, 15), (13, 15), (12, 15), (12, 14), (12, 13), (12, 12), (11, 12), (10, 12), (9, 12), (8, 12), (7, 12), (6, 12), (5, 12), (5, 11), (5, 10), (5, 10)], 3: [(3, 15), (3, 14), (3, 13), (3, 12), (3, 11), (3, 10), (3, 9), (3, 8), (3, 7), (3, 6), (4, 6), (5, 6), (6, 6), (7, 6), (8, 6), (8, 6)], 4: [(13, 2), (12, 2), (11, 2), (10, 2), (9, 2), (8, 2), (7, 2), (6, 2), (5, 2), (4, 2), (3, 2), (2, 2), (1, 2), (1, 1), (1, 1)]}, 17)