

CBSS-C STATS
starts:[198, 202, 64, 26, 79]
targets:[18, 126, 232, 136, 249, 221, 240, 209, 58, 137, 55, 226, 159, 50, 81, 14, 34, 3, 200, 113]
dests:[74, 206, 5, 252, 67]
ac_dict:{18: {0, 1}, 126: {1, 2}, 232: {2, 3}, 136: {3, 4}, 74: {0}, 206: {1}, 5: {2}, 252: {3}, 67: {4}}
clusters:[0 0 8 3 9 0 7 3 8 2 2 2 3 4 2 7 1 6 6 5]

round: 2
best_g_value: 73.0
open_list_size: 1
num_low_level_expanded: 294
search_success: 1
search_time: 3.2880781330168247
n_tsp_call: 1
n_tsp_time: 3.2626352328807116
n_roots: 1
num_conflicts: 1
target_assignment: {14: 4, 58: 3, 137: 3, 136: 3, 249: 3, 221: 1, 113: 2, 50: 2, 34: 2, 3: 2}
cluster_target_selection: {7: 14, 8: 58, 2: 137, 3: 136, 9: 249, 0: 221, 5: 113, 4: 50, 1: 34, 6: 3}
num_nodes_transformed_graph: 98
agent_paths:({0: [(6, 12), (6, 11), (6, 10), (6, 9), (6, 8), (6, 7), (6, 6), (6, 5), (6, 4), (7, 4), (8, 4), (9, 4), (10, 4), (10, 4)], 1: [(10, 12), (11, 12), (12, 12), (13, 12), (13, 13), (13, 12), (14, 12), (14, 12)], 2: [(0, 4), (1, 4), (1, 5), (1, 6), (1, 7), (1, 6), (1, 5), (1, 4), (1, 3), (2, 3), (2, 2), (2, 1), (2, 0), (3, 0), (4, 0), (5, 0), (5, 0)], 3: [(10, 1), (10, 2), (10, 3), (9, 3), (9, 4), (9, 5), (9, 6), (9, 7), (9, 8), (8, 8), (9, 8), (9, 9), (9, 10), (9, 11), (9, 12), (9, 13), (9, 14), (9, 15), (10, 15), (11, 15), (12, 15), (12, 15)], 4: [(15, 4), (14, 4), (14, 3), (14, 2), (14, 1), (14, 0), (13, 0), (12, 0), (11, 0), (10, 0), (9, 0), (8, 0), (7, 0), (6, 0), (6, 1), (5, 1), (4, 1), (3, 1), (3, 2), (3, 3), (3, 4), (3, 4)]}, 20)