

CBSS-C STATS
starts:[130, 135, 234, 120, 188, 31, 64, 166, 240, 118]
targets:[227, 144, 215, 186, 221, 90, 112, 167, 119, 33, 208, 198, 85, 148, 54]
dests:[6, 128, 70, 11, 211, 67, 137, 104, 156, 222]
ac_dict:{227: {0, 1}, 144: {1, 2}, 215: {2, 3}, 186: {3, 4}, 221: {4, 5}, 90: {5, 6}, 112: {6, 7}, 167: {8, 7}, 119: {8, 9}, 6: {0}, 128: {1}, 70: {2}, 11: {3}, 211: {4}, 67: {5}, 137: {6}, 104: {7}, 156: {8}, 222: {9}}
clusters:[9 0 8 0 2 9 0 0 3 1 3 5 4 7 6]

round: 1
best_g_value: 126.0
open_list_size: 0
num_low_level_expanded: 286
search_success: 1
search_time: 0.7713033477775753
n_tsp_call: 1
n_tsp_time: 0.7443606900051236
n_roots: 1
num_conflicts: 0
target_assignment: {33: 0, 167: 7, 54: 5, 221: 4, 215: 2, 198: 2, 208: 8, 148: 8, 85: 6, 90: 6}
cluster_target_selection: {1: 33, 0: 167, 6: 54, 2: 221, 8: 215, 5: 198, 3: 208, 7: 148, 4: 85, 9: 90}
num_nodes_transformed_graph: 98
agent_paths:({0: [(2, 8), (1, 8), (1, 7), (1, 6), (1, 5), (1, 4), (1, 3), (1, 2), (1, 1), (1, 0), (2, 0), (3, 0), (4, 0), (5, 0), (6, 0), (6, 0)], 1: [(7, 8), (6, 8), (5, 8), (4, 8), (3, 8), (2, 8), (1, 8), (0, 8), (0, 8)], 2: [(10, 14), (9, 14), (8, 14), (7, 14), (7, 13), (6, 13), (6, 12), (6, 11), (6, 10), (6, 9), (6, 8), (6, 7), (6, 6), (6, 5), (6, 4), (6, 4)], 3: [(8, 7), (8, 6), (8, 5), (8, 4), (8, 3), (8, 2), (8, 1), (8, 0), (9, 0), (10, 0), (11, 0), (11, 0)], 4: [(12, 11), (13, 11), (13, 12), (13, 13), (12, 13), (11, 13), (10, 13), (9, 13), (8, 13), (7, 13), (6, 13), (5, 13), (4, 13), (3, 13), (3, 13)], 5: [(15, 1), (14, 1), (13, 1), (12, 1), (11, 1), (10, 1), (9, 1), (8, 1), (7, 1), (6, 1), (6, 2), (6, 3), (5, 3), (4, 3), (3, 3), (3, 4), (3, 4)], 6: [(0, 4), (1, 4), (2, 4), (3, 4), (4, 4), (5, 4), (5, 5), (6, 5), (7, 5), (8, 5), (9, 5), (10, 5), (9, 5), (9, 6), (9, 7), (9, 8), (9, 8)], 7: [(6, 10), (7, 10), (7, 9), (7, 8), (7, 7), (7, 6), (8, 6), (8, 6)], 8: [(0, 15), (0, 14), (0, 13), (0, 12), (0, 11), (0, 10), (0, 9), (1, 9), (2, 9), (3, 9), (4, 9), (5, 9), (6, 9), (7, 9), (8, 9), (9, 9), (10, 9), (11, 9), (12, 9), (12, 9)], 9: [(6, 7), (7, 7), (8, 7), (9, 7), (10, 7), (11, 7), (12, 7), (13, 7), (14, 7), (14, 8), (14, 9), (14, 10), (14, 11), (14, 12), (14, 13), (14, 13)]}, 18)