

CBSS-C STATS
starts:[30, 156, 39, 219, 154, 162, 42, 180, 148, 56]
targets:[142, 66, 7, 233, 166, 189, 6, 4, 135, 32, 127, 190, 120, 102, 26]
dests:[88, 196, 21, 92, 229, 124, 168, 134, 191, 174]
ac_dict:{142: {0, 1}, 66: {1, 2}, 7: {2, 3}, 233: {3, 4}, 166: {4, 5}, 189: {5, 6}, 6: {6, 7}, 4: {8, 7}, 135: {8, 9}, 88: {0}, 196: {1}, 21: {2}, 92: {3}, 229: {4}, 124: {5}, 168: {6}, 134: {7}, 191: {8}, 174: {9}}
clusters:[4 2 9 8 0 0 0 6 6 3 7 6 1 5 3]

round: 4
best_g_value: 119.0
open_list_size: 3
num_low_level_expanded: 520
search_success: 1
search_time: 0.47758321603760123
n_tsp_call: 1
n_tsp_time: 0.4495695070363581
n_roots: 1
num_conflicts: 3
target_assignment: {26: 0, 142: 1, 127: 1, 120: 1, 102: 1, 66: 1, 166: 5, 190: 8, 233: 4, 7: 2}
cluster_target_selection: {3: 26, 4: 142, 7: 127, 1: 120, 5: 102, 2: 66, 0: 166, 6: 190, 8: 233, 9: 7}
num_nodes_transformed_graph: 56
agent_paths:({0: [(14, 1), (13, 1), (12, 1), (11, 1), (10, 1), (9, 1), (8, 1), (8, 2), (8, 3), (8, 4), (8, 5), (8, 5)], 1: [(12, 9), (12, 8), (13, 8), (14, 8), (14, 7), (15, 7), (14, 7), (13, 7), (12, 7), (11, 7), (10, 7), (9, 7), (8, 7), (7, 7), (6, 7), (6, 6), (5, 6), (4, 6), (3, 6), (2, 6), (2, 5), (2, 4), (3, 4), (4, 4), (4, 5), (4, 6), (4, 7), (4, 8), (4, 9), (4, 10), (4, 11), (4, 12), (4, 12)], 2: [(7, 2), (7, 1), (7, 0), (6, 0), (5, 0), (5, 1), (5, 1)], 3: [(11, 13), (11, 12), (11, 11), (11, 10), (11, 9), (11, 8), (11, 7), (11, 6), (11, 5), (12, 5), (12, 5)], 4: [(10, 9), (9, 9), (9, 10), (9, 11), (9, 12), (9, 13), (9, 14), (8, 14), (7, 14), (6, 14), (5, 14), (5, 14)], 5: [(2, 10), (3, 10), (4, 10), (5, 10), (6, 10), (6, 9), (7, 9), (8, 9), (9, 9), (9, 8), (10, 8), (10, 7), (11, 7), (12, 7), (12, 7)], 6: [(10, 2), (9, 2), (8, 2), (8, 3), (8, 4), (8, 5), (8, 6), (8, 7), (8, 8), (8, 9), (8, 10), (8, 10)], 7: [(4, 11), (4, 10), (4, 9), (4, 8), (5, 8), (6, 8), (6, 8)], 8: [(4, 9), (5, 9), (6, 9), (7, 9), (8, 9), (9, 9), (10, 9), (11, 9), (12, 9), (13, 9), (14, 9), (14, 10), (14, 11), (15, 11), (15, 11)], 9: [(8, 3), (9, 3), (10, 3), (11, 3), (12, 3), (13, 3), (14, 3), (14, 4), (14, 5), (14, 6), (14, 7), (14, 8), (14, 9), (14, 10), (14, 10)]}, 31)