

CBSS-C STATS
starts:[129, 214, 158, 215, 124, 92, 236, 200, 51, 68]
targets:[70, 248, 15, 59, 34, 72, 3, 170, 189, 234]
dests:[63, 151, 141, 86, 172, 20, 85, 152, 94, 220]
ac_dict:{70: {0, 1}, 248: {1, 2}, 15: {2, 3}, 59: {3, 4}, 34: {4, 5}, 72: {5, 6}, 3: {6, 7}, 170: {8, 7}, 189: {8, 9}, 63: {0}, 151: {1}, 141: {2}, 86: {3}, 172: {4}, 20: {5}, 85: {6}, 152: {7}, 94: {8}, 220: {9}}
clusters:[0 1 4 4 2 1 2 1 3 3]

round: 4
best_g_value: 113.0
open_list_size: 3
num_low_level_expanded: 686
search_success: 1
search_time: 0.13335287105292082
n_tsp_call: 1
n_tsp_time: 0.10778013337403536
n_roots: 1
num_conflicts: 3
target_assignment: {70: 0, 72: 5, 34: 5, 59: 4, 234: 6}
cluster_target_selection: {0: 70, 1: 72, 2: 34, 4: 59, 3: 234}
num_nodes_transformed_graph: 34
agent_paths:({0: [(1, 8), (1, 7), (1, 6), (1, 5), (2, 5), (3, 5), (4, 5), (5, 5), (6, 5), (6, 4), (6, 3), (7, 3), (8, 3), (9, 3), (10, 3), (11, 3), (12, 3), (13, 3), (14, 3), (15, 3), (15, 3)], 1: [(6, 13), (6, 12), (6, 11), (6, 10), (6, 9), (7, 9), (7, 9)], 2: [(14, 9), (13, 9), (13, 8), (13, 8)], 3: [(7, 13), (6, 13), (6, 12), (6, 11), (6, 10), (6, 9), (6, 8), (6, 7), (6, 6), (6, 5), (6, 5)], 4: [(12, 7), (11, 7), (11, 6), (11, 5), (11, 4), (11, 3), (12, 3), (12, 4), (12, 5), (12, 6), (12, 7), (12, 8), (12, 9), (12, 10), (12, 10)], 5: [(12, 5), (11, 5), (10, 5), (9, 5), (8, 5), (8, 4), (7, 4), (6, 4), (5, 4), (4, 4), (3, 4), (2, 4), (2, 3), (2, 2), (2, 1), (3, 1), (4, 1), (4, 1)], 6: [(12, 14), (11, 14), (10, 14), (9, 14), (8, 14), (7, 14), (6, 14), (5, 14), (5, 13), (5, 12), (5, 11), (5, 10), (5, 9), (5, 8), (5, 7), (5, 6), (5, 5), (5, 5)], 7: [(8, 12), (8, 11), (8, 10), (8, 9), (8, 9)], 8: [(3, 3), (4, 3), (5, 3), (6, 3), (7, 3), (8, 3), (9, 3), (10, 3), (11, 3), (12, 3), (13, 3), (14, 3), (14, 4), (14, 5), (14, 5)], 9: [(4, 4), (5, 4), (6, 4), (7, 4), (8, 4), (9, 4), (10, 4), (11, 4), (11, 5), (11, 6), (11, 7), (11, 8), (11, 9), (11, 10), (11, 11), (12, 11), (12, 12), (12, 13), (12, 13)]}, 19)