

CBSS-C STATS
starts:[23, 147, 25, 47, 156]
targets:[136, 110, 245, 244, 112, 249, 155, 212, 100, 104, 201, 198, 215, 123, 109, 250, 70, 173, 3, 240]
dests:[164, 114, 131, 192, 231]
ac_dict:{136: {0, 1}, 110: {1, 2}, 245: {2, 3}, 244: {3, 4}, 164: {0}, 114: {1}, 131: {2}, 192: {3}, 231: {4}}
clusters:[8 5 4 9 0 4 2 2 5 3 7 8 1 3 9 7 0 3 6 6]

round: 1
best_g_value: 69.0
open_list_size: 0
num_low_level_expanded: 134
search_success: 1
search_time: 1.738629100844264
n_tsp_call: 1
n_tsp_time: 1.7179216812364757
n_roots: 1
num_conflicts: 0
target_assignment: {70: 0, 100: 0, 109: 3, 173: 3, 215: 3, 198: 3, 155: 4, 201: 4, 249: 4, 3: 2}
cluster_target_selection: {0: 70, 5: 100, 9: 109, 3: 173, 1: 215, 8: 198, 2: 155, 7: 201, 4: 249, 6: 3}
num_nodes_transformed_graph: 98
agent_paths:({0: [(7, 1), (6, 1), (6, 2), (6, 3), (6, 4), (5, 4), (4, 4), (4, 5), (4, 6), (4, 7), (4, 8), (4, 9), (4, 10), (4, 10)], 1: [(3, 9), (2, 9), (2, 8), (2, 7), (2, 7)], 2: [(9, 1), (8, 1), (7, 1), (6, 1), (5, 1), (4, 1), (3, 1), (3, 0), (3, 1), (3, 2), (3, 3), (3, 4), (3, 5), (3, 6), (3, 7), (3, 8), (3, 8)], 3: [(15, 2), (14, 2), (13, 2), (13, 3), (13, 4), (13, 5), (13, 6), (13, 7), (13, 8), (13, 9), (13, 10), (12, 10), (11, 10), (10, 10), (9, 10), (8, 10), (7, 10), (7, 11), (7, 12), (7, 13), (6, 13), (6, 12), (5, 12), (4, 12), (3, 12), (2, 12), (1, 12), (0, 12), (0, 12)], 4: [(12, 9), (11, 9), (10, 9), (9, 9), (9, 10), (9, 11), (9, 12), (9, 13), (9, 14), (9, 15), (8, 15), (7, 15), (7, 14), (7, 14)]}, 27)