

CBSS-C STATS
starts:[140, 4, 144, 220, 110]
targets:[201, 190, 170, 216, 219, 148, 66, 193, 3, 128, 41, 172, 180, 1, 130, 55, 246, 143, 188, 132]
dests:[230, 94, 40, 131, 63]
ac_dict:{201: {0, 1}, 190: {1, 2}, 170: {2, 3}, 216: {3, 4}, 230: {0}, 94: {1}, 40: {2}, 131: {3}, 63: {4}}
clusters:[7 2 0 7 8 9 6 5 2 8 9 2 1 9 4 1 3 8 6 0]

round: 1
best_g_value: 66.0
open_list_size: 0
num_low_level_expanded: 157
search_success: 1
search_time: 0.8807805459946394
n_tsp_call: 1
n_tsp_time: 0.8597599021159112
n_roots: 1
num_conflicts: 0
target_assignment: {172: 0, 188: 0, 201: 0, 246: 0, 148: 2, 132: 2, 219: 3, 193: 3, 130: 3, 55: 1}
cluster_target_selection: {2: 172, 6: 188, 7: 201, 3: 246, 9: 148, 0: 132, 8: 219, 5: 193, 4: 130, 1: 55}
num_nodes_transformed_graph: 98
agent_paths:({0: [(12, 8), (12, 9), (12, 10), (12, 11), (11, 11), (10, 11), (9, 11), (9, 12), (8, 12), (7, 12), (6, 12), (6, 13), (6, 14), (6, 15), (6, 14), (6, 14)], 1: [(4, 0), (5, 0), (6, 0), (7, 0), (7, 1), (7, 2), (7, 3), (8, 3), (9, 3), (10, 3), (11, 3), (12, 3), (13, 3), (14, 3), (14, 4), (14, 5), (14, 5)], 2: [(0, 9), (1, 9), (2, 9), (3, 9), (4, 9), (4, 8), (4, 7), (4, 6), (4, 5), (4, 4), (4, 3), (4, 2), (5, 2), (6, 2), (7, 2), (8, 2), (8, 2)], 3: [(12, 13), (11, 13), (10, 13), (9, 13), (8, 13), (7, 13), (6, 13), (5, 13), (4, 13), (3, 13), (2, 13), (1, 13), (1, 12), (1, 11), (1, 10), (1, 9), (1, 8), (2, 8), (3, 8), (3, 8)], 4: [(14, 6), (14, 5), (14, 4), (14, 3), (15, 3), (15, 3)]}, 18)