

CBSS-C STATS
starts:[254, 149, 186, 171, 169]
targets:[127, 251, 81, 76, 30, 10, 24, 181, 66, 59]
dests:[8, 199, 3, 75, 187]
ac_dict:{127: {0, 1}, 251: {1, 2}, 81: {2, 3}, 76: {3, 4}, 8: {0}, 199: {1}, 3: {2}, 75: {3}, 187: {4}}
clusters:[2 3 4 2 1 3 0 1 2 1]

round: 1
best_g_value: 59.0
open_list_size: 0
num_low_level_expanded: 142
search_success: 1
search_time: 0.07902627298608422
n_tsp_call: 1
n_tsp_time: 0.0707157040014863
n_roots: 1
num_conflicts: 0
target_assignment: {30: 0, 10: 0, 24: 0, 81: 2, 66: 2}
cluster_target_selection: {1: 30, 3: 10, 0: 24, 4: 81, 2: 66}
num_nodes_transformed_graph: 29
agent_paths:({0: [(14, 15), (14, 14), (14, 13), (14, 12), (14, 11), (14, 10), (14, 9), (14, 8), (14, 7), (14, 6), (14, 5), (14, 4), (14, 3), (14, 2), (14, 1), (13, 1), (12, 1), (11, 1), (10, 1), (10, 0), (9, 0), (8, 0), (8, 1), (8, 0), (8, 0)], 1: [(5, 9), (6, 9), (7, 9), (7, 10), (7, 11), (7, 12), (7, 12)], 2: [(10, 11), (9, 11), (8, 11), (7, 11), (6, 11), (5, 11), (4, 11), (3, 11), (2, 11), (1, 11), (1, 10), (1, 9), (1, 8), (1, 7), (1, 6), (1, 5), (1, 4), (2, 4), (2, 3), (2, 2), (2, 1), (2, 0), (3, 0), (3, 0)], 3: [(11, 10), (11, 9), (11, 8), (11, 7), (11, 6), (11, 5), (11, 4), (11, 4)], 4: [(9, 10), (10, 10), (11, 10), (11, 11), (11, 11)]}, 23)