

CBSS-C STATS
starts:[188, 114, 40, 132, 153]
targets:[215, 173, 255, 176, 50, 83, 233, 95, 97, 47]
dests:[87, 252, 197, 227, 42]
ac_dict:{215: {0, 1}, 173: {1, 2}, 255: {2, 3}, 176: {3, 4}, 87: {0}, 252: {1}, 197: {2}, 227: {3}, 42: {4}}
clusters:[1 0 0 0 0 0 1 1 1 1]

round: 1
best_g_value: 61.0
open_list_size: 0
num_low_level_expanded: 200
search_success: 1
search_time: 0.06858218694105744
n_tsp_call: 1
n_tsp_time: 0.059755017049610615
n_roots: 1
num_conflicts: 0
target_assignment: {83: 1, 233: 1}
cluster_target_selection: {0: 83, 1: 233}
num_nodes_transformed_graph: 27
agent_paths:({0: [(12, 11), (11, 11), (10, 11), (9, 11), (8, 11), (7, 11), (7, 10), (7, 9), (7, 8), (7, 7), (7, 6), (7, 5), (7, 5)], 1: [(2, 7), (2, 6), (2, 5), (3, 5), (4, 5), (5, 5), (6, 5), (7, 5), (8, 5), (9, 5), (9, 6), (9, 7), (9, 8), (9, 9), (9, 10), (9, 11), (9, 12), (9, 13), (9, 14), (10, 14), (11, 14), (12, 14), (12, 15), (12, 15)], 2: [(8, 2), (7, 2), (6, 2), (5, 2), (5, 3), (5, 4), (5, 5), (5, 6), (5, 7), (5, 8), (5, 9), (5, 10), (5, 11), (5, 12), (5, 12)], 3: [(4, 8), (3, 8), (3, 9), (3, 10), (3, 11), (3, 12), (3, 13), (3, 14), (3, 14)], 4: [(9, 9), (9, 8), (9, 7), (9, 6), (9, 5), (9, 4), (9, 3), (9, 2), (10, 2), (10, 2)]}, 22)