

CBSS-C STATS
starts:[251, 74, 109, 55, 155]
targets:[174, 208, 240, 158, 8, 151, 194, 148, 133, 37, 29, 204, 98, 22, 53, 84, 189, 71, 52, 6]
dests:[154, 33, 56, 210, 66]
ac_dict:{174: {0, 1}, 208: {1, 2}, 240: {2, 3}, 158: {3, 4}, 154: {0}, 33: {1}, 56: {2}, 210: {3}, 66: {4}}
clusters:[0 6 4 9 8 8 9 6 4 1 2 7 6 7 5 3 3 5 9 5]

round: 2
best_g_value: 65.0
open_list_size: 1
num_low_level_expanded: 201
search_success: 1
search_time: 1.4981138790026307
n_tsp_call: 1
n_tsp_time: 1.4740453250706196
n_roots: 1
num_conflicts: 1
target_assignment: {204: 0, 189: 0, 174: 0, 151: 4, 148: 4, 53: 1, 37: 1, 133: 3, 194: 3, 29: 2}
cluster_target_selection: {7: 204, 3: 189, 0: 174, 8: 151, 6: 148, 5: 53, 1: 37, 4: 133, 9: 194, 2: 29}
num_nodes_transformed_graph: 98
agent_paths:({0: [(11, 15), (11, 14), (11, 13), (11, 12), (12, 12), (12, 11), (13, 11), (13, 10), (14, 10), (13, 10), (12, 10), (11, 10), (10, 10), (10, 9), (10, 9)], 1: [(10, 4), (9, 4), (8, 4), (7, 4), (6, 4), (5, 4), (5, 3), (5, 2), (4, 2), (3, 2), (2, 2), (1, 2), (1, 2)], 2: [(13, 6), (13, 5), (13, 4), (13, 3), (13, 2), (13, 1), (12, 1), (11, 1), (10, 1), (9, 1), (8, 1), (8, 2), (8, 3), (8, 3)], 3: [(7, 3), (6, 3), (5, 3), (5, 4), (5, 5), (5, 6), (5, 7), (5, 8), (4, 8), (3, 8), (3, 9), (2, 9), (2, 10), (2, 11), (2, 12), (2, 13), (2, 13)], 4: [(11, 9), (10, 9), (9, 9), (8, 9), (7, 9), (6, 9), (5, 9), (4, 9), (3, 9), (2, 9), (2, 8), (2, 7), (2, 6), (2, 5), (2, 4), (2, 4)]}, 15)