

CBSS-C STATS
starts:[118, 204, 102, 111, 244]
targets:[209, 136, 168, 176, 18, 41, 67, 55, 207, 27]
dests:[19, 96, 138, 227, 28]
ac_dict:{209: {0, 1}, 136: {1, 2}, 168: {2, 3}, 176: {3, 4}, 19: {0}, 96: {1}, 138: {2}, 227: {3}, 28: {4}}
clusters:[3 1 0 4 3 4 4 0 1 2]

round: 1
best_g_value: 77.0
open_list_size: 0
num_low_level_expanded: 287
search_success: 1
search_time: 0.07099039386957884
n_tsp_call: 1
n_tsp_time: 0.0593860880471766
n_roots: 1
num_conflicts: 0
target_assignment: {18: 0, 136: 1, 55: 4, 41: 4, 27: 4}
cluster_target_selection: {3: 18, 1: 136, 0: 55, 4: 41, 2: 27}
num_nodes_transformed_graph: 28
agent_paths:({0: [(6, 7), (5, 7), (4, 7), (3, 7), (2, 7), (2, 6), (2, 5), (2, 4), (2, 3), (2, 2), (2, 1), (3, 1), (3, 1)], 1: [(12, 12), (11, 12), (10, 12), (9, 12), (8, 12), (8, 11), (8, 10), (8, 9), (8, 8), (7, 8), (6, 8), (5, 8), (4, 8), (3, 8), (2, 8), (1, 8), (0, 8), (0, 7), (0, 6), (0, 6)], 2: [(6, 6), (7, 6), (8, 6), (9, 6), (10, 6), (10, 7), (10, 8), (10, 8)], 3: [(15, 6), (14, 6), (13, 6), (12, 6), (11, 6), (10, 6), (9, 6), (8, 6), (7, 6), (6, 6), (5, 6), (4, 6), (3, 6), (3, 7), (3, 8), (3, 9), (3, 10), (3, 11), (3, 12), (3, 13), (3, 14), (3, 14)], 4: [(4, 15), (4, 14), (4, 13), (4, 12), (4, 11), (4, 10), (4, 9), (4, 8), (4, 7), (4, 6), (4, 5), (4, 4), (4, 3), (5, 3), (6, 3), (7, 3), (7, 2), (8, 2), (9, 2), (9, 1), (10, 1), (11, 1), (12, 1), (12, 1)]}, 22)