

CBSS-C STATS
starts:[78, 221, 126, 227, 84]
targets:[109, 190, 1, 170, 30, 102, 36, 232, 65, 200, 236, 196, 16, 2, 246, 149, 83, 123, 220, 26]
dests:[61, 156, 215, 120, 158]
ac_dict:{109: {0, 1}, 190: {1, 2}, 1: {2, 3}, 170: {3, 4}, 61: {0}, 156: {1}, 215: {2}, 120: {3}, 158: {4}}
clusters:[0 1 4 7 9 6 9 4 2 3 6 2 8 9 8 3 6 9 5 8]

round: 1
best_g_value: 60.0
open_list_size: 0
num_low_level_expanded: 119
search_success: 1
search_time: 1.8578625139780343
n_tsp_call: 1
n_tsp_time: 1.8386436882428825
n_roots: 1
num_conflicts: 0
target_assignment: {109: 0, 190: 2, 236: 2, 232: 2, 246: 2, 220: 1, 196: 3, 200: 3, 170: 3, 123: 4}
cluster_target_selection: {0: 109, 1: 190, 6: 236, 4: 232, 8: 246, 5: 220, 2: 196, 3: 200, 7: 170, 9: 123}
num_nodes_transformed_graph: 98
agent_paths:({0: [(14, 4), (13, 4), (13, 5), (13, 6), (13, 5), (13, 4), (13, 3), (13, 3)], 1: [(13, 13), (12, 13), (12, 12), (12, 11), (12, 10), (12, 9), (12, 9)], 2: [(14, 7), (14, 8), (14, 9), (14, 10), (14, 11), (13, 11), (12, 11), (12, 12), (12, 13), (12, 14), (11, 14), (10, 14), (9, 14), (8, 14), (7, 14), (6, 14), (6, 15), (6, 14), (6, 13), (7, 13), (7, 13)], 3: [(3, 14), (3, 13), (3, 12), (4, 12), (5, 12), (6, 12), (7, 12), (8, 12), (8, 11), (8, 10), (9, 10), (10, 10), (9, 10), (8, 10), (8, 9), (8, 8), (8, 7), (8, 7)], 4: [(4, 5), (5, 5), (6, 5), (7, 5), (8, 5), (9, 5), (10, 5), (11, 5), (11, 6), (11, 7), (12, 7), (13, 7), (14, 7), (14, 8), (14, 9), (14, 9)]}, 19)