

CBSS-C STATS
starts:[2, 96, 39, 232, 131]
targets:[149, 52, 174, 197, 89, 63, 44, 251, 104, 61]
dests:[22, 29, 196, 43, 239]
ac_dict:{149: {0, 1}, 52: {1, 2}, 174: {2, 3}, 197: {3, 4}, 22: {0}, 29: {1}, 196: {2}, 43: {3}, 239: {4}}
clusters:[1 1 3 3 1 2 1 2 4 0]

round: 33
best_g_value: 72.0
open_list_size: 22
num_low_level_expanded: 2060
search_success: 1
search_time: 0.5534601341933012
n_tsp_call: 10
n_tsp_time: 0.42807389656081796
n_roots: 1
num_conflicts: 32
target_assignment: {104: 1, 61: 1, 89: 3, 197: 4, 251: 4}
cluster_target_selection: {4: 104, 0: 61, 1: 89, 3: 197, 2: 251}
num_nodes_transformed_graph: 28
agent_paths:({0: [(2, 0), (3, 0), (4, 0), (5, 0), (6, 0), (6, 1), (6, 1)], 1: [(0, 6), (1, 6), (2, 6), (3, 6), (4, 6), (5, 6), (6, 6), (7, 6), (8, 6), (8, 5), (8, 4), (8, 3), (9, 3), (10, 3), (11, 3), (12, 3), (13, 3), (13, 2), (13, 1), (13, 1)], 2: [(7, 2), (6, 2), (5, 2), (4, 2), (4, 3), (4, 4), (4, 5), (4, 6), (4, 7), (4, 8), (4, 9), (4, 10), (4, 11), (4, 12), (4, 12)], 3: [(8, 14), (8, 13), (8, 12), (8, 11), (8, 10), (8, 9), (8, 8), (8, 7), (9, 7), (9, 6), (9, 5), (9, 4), (10, 4), (11, 4), (11, 4), (11, 3), (11, 2), (11, 2)], 4: [(3, 8), (4, 8), (5, 8), (5, 9), (5, 10), (5, 11), (5, 12), (6, 12), (7, 12), (8, 12), (9, 12), (10, 12), (11, 12), (11, 13), (11, 14), (11, 15), (11, 14), (12, 14), (13, 14), (14, 14), (15, 14), (15, 14)]}, 20)