

CBSS-C STATS
starts:[93, 73, 176, 66, 196]
targets:[119, 163, 144, 109, 249, 244, 223, 35, 135, 254]
dests:[213, 209, 157, 17, 130]
ac_dict:{119: {0, 1}, 163: {1, 2}, 144: {2, 3}, 109: {3, 4}, 213: {0}, 209: {1}, 157: {2}, 17: {3}, 130: {4}}
clusters:[2 3 0 2 4 3 4 4 0 1]

round: 1
best_g_value: 64.0
open_list_size: 0
num_low_level_expanded: 127
search_success: 1
search_time: 0.27440343983471394
n_tsp_call: 1
n_tsp_time: 0.2650086539797485
n_roots: 1
num_conflicts: 0
target_assignment: {254: 0, 249: 0, 144: 2, 119: 1, 163: 1}
cluster_target_selection: {1: 254, 4: 249, 0: 144, 2: 119, 3: 163}
num_nodes_transformed_graph: 48
agent_paths:({0: [(13, 5), (14, 5), (14, 6), (14, 7), (14, 8), (14, 9), (14, 10), (14, 11), (14, 12), (14, 13), (14, 14), (14, 15), (13, 15), (12, 15), (11, 15), (10, 15), (9, 15), (8, 15), (7, 15), (6, 15), (5, 15), (5, 14), (5, 13), (5, 13)], 1: [(9, 4), (8, 4), (7, 4), (7, 5), (7, 6), (7, 7), (6, 7), (5, 7), (4, 7), (3, 7), (3, 8), (3, 9), (3, 10), (2, 10), (1, 10), (1, 11), (1, 12), (1, 13), (1, 13)], 2: [(0, 11), (0, 10), (0, 9), (1, 9), (2, 9), (3, 9), (4, 9), (5, 9), (6, 9), (7, 9), (8, 9), (9, 9), (10, 9), (11, 9), (12, 9), (13, 9), (13, 9)], 3: [(2, 4), (1, 4), (1, 3), (1, 2), (1, 1), (1, 1)], 4: [(4, 12), (3, 12), (2, 12), (2, 11), (2, 10), (2, 9), (2, 8), (2, 8)]}, 22)