

CBSS-C STATS
starts:[27, 200, 61, 90, 169, 48, 72, 223, 99, 217]
targets:[201, 181, 96, 209, 46, 178, 116, 114, 182, 35, 85, 77, 107, 51, 8]
dests:[145, 15, 247, 196, 53, 131, 11, 109, 10, 59]
ac_dict:{201: {0, 1}, 181: {1, 2}, 96: {2, 3}, 209: {3, 4}, 46: {4, 5}, 178: {5, 6}, 116: {6, 7}, 114: {8, 7}, 182: {8, 9}, 145: {0}, 15: {1}, 247: {2}, 196: {3}, 53: {4}, 131: {5}, 11: {6}, 109: {7}, 10: {8}, 59: {9}}
clusters:[4 2 7 4 8 2 2 6 1 8 3 0 5 9 7]

round: 7
best_g_value: 142.0
open_list_size: 6
num_low_level_expanded: 1192
search_success: 1
search_time: 1.5430581462569535
n_tsp_call: 1
n_tsp_time: 1.4957735310308635
n_roots: 1
num_conflicts: 6
target_assignment: {51: 0, 8: 6, 77: 2, 107: 2, 181: 2, 114: 8, 35: 8, 182: 9, 201: 1, 85: 4}
cluster_target_selection: {9: 51, 7: 8, 0: 77, 5: 107, 2: 181, 6: 114, 8: 35, 1: 182, 4: 201, 3: 85}
num_nodes_transformed_graph: 98
agent_paths:({0: [(11, 1), (10, 1), (9, 1), (9, 2), (8, 2), (7, 2), (6, 2), (5, 2), (4, 2), (3, 2), (3, 3), (2, 3), (1, 3), (1, 4), (1, 5), (1, 6), (1, 7), (1, 8), (1, 9), (1, 9)], 1: [(8, 12), (9, 12), (9, 11), (9, 10), (9, 9), (9, 8), (9, 7), (9, 6), (9, 5), (9, 4), (9, 3), (9, 2), (9, 1), (10, 1), (11, 1), (12, 1), (12, 0), (13, 0), (14, 0), (15, 0), (15, 0)], 2: [(13, 3), (13, 4), (12, 4), (11, 4), (11, 5), (11, 6), (10, 6), (10, 7), (9, 7), (8, 7), (7, 7), (6, 7), (5, 7), (5, 8), (5, 9), (5, 10), (5, 11), (6, 11), (7, 11), (7, 12), (7, 13), (7, 14), (7, 15), (7, 15)], 3: [(10, 5), (9, 5), (8, 5), (7, 5), (6, 5), (5, 5), (4, 5), (4, 6), (4, 7), (4, 8), (4, 9), (4, 10), (4, 11), (4, 12), (4, 12)], 4: [(9, 10), (8, 10), (7, 10), (6, 10), (5, 10), (5, 9), (5, 8), (5, 7), (5, 6), (5, 5), (5, 4), (5, 3), (5, 3)], 5: [(0, 3), (1, 3), (2, 3), (3, 3), (3, 4), (3, 5), (3, 6), (3, 7), (3, 8), (3, 8)], 6: [(8, 4), (8, 3), (8, 2), (8, 1), (8, 0), (9, 0), (10, 0), (11, 0), (11, 0)], 7: [(15, 13), (14, 13), (13, 13), (13, 12), (13, 11), (13, 10), (13, 9), (13, 8), (13, 7), (13, 6), (13, 6)], 8: [(3, 6), (2, 6), (2, 7), (2, 6), (2, 5), (2, 4), (2, 3), (2, 2), (3, 2), (3, 1), (3, 0), (4, 0), (5, 0), (6, 0), (7, 0), (8, 0), (9, 0), (10, 0), (10, 0)], 9: [(9, 13), (8, 13), (7, 13), (6, 13), (6, 12), (6, 11), (6, 10), (6, 9), (6, 8), (6, 7), (6, 6), (6, 5), (6, 4), (6, 3), (7, 3), (8, 3), (9, 3), (10, 3), (11, 3), (11, 3)]}, 22)