

CBSS-C STATS
starts:[6, 79, 121, 154, 222]
targets:[99, 10, 81, 56, 162, 232, 112, 33, 165, 13]
dests:[72, 83, 220, 157, 147]
ac_dict:{99: {0, 1}, 10: {1, 2}, 81: {2, 3}, 56: {3, 4}, 72: {0}, 83: {1}, 220: {2}, 157: {3}, 147: {4}}
clusters:[0 1 1 1 1 1 0 0 0 1]

round: 2
best_g_value: 48.0
open_list_size: 1
num_low_level_expanded: 168
search_success: 1
search_time: 0.15273829782381654
n_tsp_call: 1
n_tsp_time: 0.14257784001529217
n_roots: 1
num_conflicts: 1
target_assignment: {165: 4, 162: 4}
cluster_target_selection: {0: 165, 1: 162}
num_nodes_transformed_graph: 48
agent_paths:({0: [(6, 0), (7, 0), (8, 0), (8, 1), (8, 2), (8, 3), (8, 4), (8, 4)], 1: [(15, 4), (14, 4), (13, 4), (12, 4), (11, 4), (10, 4), (9, 4), (9, 5), (8, 5), (7, 5), (6, 5), (5, 5), (4, 5), (3, 5), (3, 5)], 2: [(9, 7), (10, 7), (11, 7), (12, 7), (12, 8), (12, 9), (12, 10), (12, 11), (12, 12), (12, 13), (12, 13)], 3: [(10, 9), (11, 9), (12, 9), (13, 9), (13, 9)], 4: [(14, 13), (13, 13), (12, 13), (11, 13), (10, 13), (9, 13), (8, 13), (7, 13), (6, 13), (5, 13), (5, 12), (5, 11), (5, 10), (4, 10), (3, 10), (2, 10), (2, 9), (3, 9), (3, 9)]}, 17)