

CBSS-C STATS
starts:[77, 10, 238, 99, 69]
targets:[128, 41, 27, 59, 115, 2, 242, 173, 50, 203, 21, 109, 171, 221, 229, 224, 124, 219, 159, 231]
dests:[243, 67, 86, 198, 248]
ac_dict:{128: {0, 1}, 41: {1, 2}, 27: {2, 3}, 59: {3, 4}, 243: {0}, 67: {1}, 86: {2}, 198: {3}, 248: {4}}
clusters:[2 1 9 5 0 8 4 5 0 4 9 9 6 0 6 6 2 3 8 7]

round: 1
best_g_value: 74.0
open_list_size: 0
num_low_level_expanded: 184
search_success: 1
search_time: 0.6553103500045836
n_tsp_call: 1
n_tsp_time: 0.6334323296323419
n_roots: 1
num_conflicts: 0
target_assignment: {109: 0, 173: 0, 203: 0, 219: 0, 231: 0, 229: 0, 41: 1, 115: 3, 159: 2, 124: 2}
cluster_target_selection: {9: 109, 5: 173, 4: 203, 3: 219, 7: 231, 6: 229, 1: 41, 0: 115, 8: 159, 2: 124}
num_nodes_transformed_graph: 98
agent_paths:({0: [(13, 4), (13, 5), (13, 6), (13, 7), (13, 8), (13, 9), (13, 10), (12, 10), (11, 10), (11, 11), (11, 12), (11, 13), (10, 13), (9, 13), (8, 13), (7, 13), (7, 14), (6, 14), (5, 14), (4, 14), (3, 14), (3, 15), (3, 15)], 1: [(10, 0), (9, 0), (9, 1), (9, 2), (8, 2), (7, 2), (6, 2), (5, 2), (4, 2), (3, 2), (3, 3), (3, 4), (3, 4)], 2: [(14, 14), (14, 13), (14, 12), (14, 11), (14, 10), (14, 9), (15, 9), (14, 9), (13, 9), (12, 9), (12, 8), (12, 7), (11, 7), (10, 7), (9, 7), (8, 7), (7, 7), (6, 7), (6, 6), (6, 5), (6, 5)], 3: [(3, 6), (3, 7), (4, 7), (5, 7), (6, 7), (6, 8), (6, 9), (6, 10), (6, 11), (6, 12), (6, 12)], 4: [(5, 4), (6, 4), (7, 4), (8, 4), (8, 5), (8, 6), (8, 7), (8, 8), (8, 9), (8, 10), (8, 11), (8, 12), (8, 13), (8, 14), (8, 15), (8, 15)]}, 21)