

CBSS-C STATS
starts:[229, 170, 112, 60, 9, 115, 246, 70, 147, 36]
targets:[173, 65, 168, 31, 14, 123, 235, 196, 148, 240, 26, 220, 205, 58, 57]
dests:[132, 116, 206, 53, 237, 180, 47, 76, 108, 252]
ac_dict:{173: {0, 1}, 65: {1, 2}, 168: {2, 3}, 31: {3, 4}, 14: {4, 5}, 123: {5, 6}, 235: {6, 7}, 196: {8, 7}, 148: {8, 9}, 132: {0}, 116: {1}, 206: {2}, 53: {3}, 237: {4}, 180: {5}, 47: {6}, 76: {7}, 108: {8}, 252: {9}}
clusters:[5 2 2 1 2 7 2 5 6 3 0 9 4 5 8]

round: 6
best_g_value: 140.0
open_list_size: 3
num_low_level_expanded: 806
search_success: 1
search_time: 0.4559806874021888
n_tsp_call: 1
n_tsp_time: 0.42371048592031
n_roots: 1
num_conflicts: 5
target_assignment: {26: 4, 31: 4, 220: 2, 205: 2, 240: 9, 235: 6, 123: 6, 58: 3, 57: 3, 148: 8}
cluster_target_selection: {0: 26, 1: 31, 9: 220, 4: 205, 3: 240, 2: 235, 7: 123, 5: 58, 8: 57, 6: 148}
num_nodes_transformed_graph: 57
agent_paths:({0: [(5, 14), (4, 14), (4, 13), (4, 12), (4, 11), (4, 10), (4, 9), (4, 8), (4, 8)], 1: [(10, 10), (9, 10), (8, 10), (7, 10), (6, 10), (5, 10), (5, 9), (5, 8), (5, 7), (4, 7), (4, 7)], 2: [(0, 7), (1, 7), (2, 7), (3, 7), (4, 7), (5, 7), (6, 7), (7, 7), (8, 7), (9, 7), (10, 7), (11, 7), (12, 7), (12, 8), (12, 9), (12, 10), (12, 11), (12, 12), (12, 13), (12, 12), (13, 12), (14, 12), (14, 12)], 3: [(12, 3), (11, 3), (10, 3), (9, 3), (8, 3), (7, 3), (6, 3), (5, 3), (5, 3)], 4: [(9, 0), (10, 0), (10, 1), (11, 1), (12, 1), (13, 1), (14, 1), (15, 1), (14, 1), (14, 2), (14, 3), (14, 4), (14, 5), (14, 6), (14, 7), (14, 8), (14, 9), (14, 10), (14, 11), (14, 12), (14, 13), (13, 13), (13, 14), (13, 14)], 5: [(3, 7), (3, 8), (3, 9), (3, 10), (3, 11), (4, 11), (4, 11)], 6: [(6, 15), (6, 14), (7, 14), (8, 14), (9, 14), (10, 14), (11, 14), (11, 13), (11, 12), (11, 11), (11, 10), (11, 9), (11, 8), (11, 7), (11, 6), (11, 5), (11, 4), (11, 3), (11, 2), (12, 2), (13, 2), (14, 2), (15, 2), (15, 2)], 7: [(6, 4), (7, 4), (8, 4), (9, 4), (10, 4), (11, 4), (12, 4), (12, 4)], 8: [(3, 9), (4, 9), (4, 8), (4, 7), (4, 6), (5, 6), (6, 6), (7, 6), (8, 6), (9, 6), (10, 6), (11, 6), (12, 6), (12, 6)], 9: [(4, 2), (3, 2), (2, 2), (1, 2), (0, 2), (0, 3), (0, 4), (0, 5), (0, 6), (0, 7), (0, 8), (0, 9), (0, 10), (0, 11), (0, 12), (0, 13), (0, 14), (0, 15), (1, 15), (2, 15), (3, 15), (4, 15), (5, 15), (6, 15), (7, 15), (8, 15), (9, 15), (10, 15), (11, 15), (12, 15), (12, 15)]}, 29)