

CBSS-C STATS
starts:[228, 159, 190, 171, 0]
targets:[129, 250, 205, 135, 83, 155, 44, 227, 239, 238]
dests:[94, 13, 89, 121, 241]
ac_dict:{129: {0, 1}, 250: {1, 2}, 205: {2, 3}, 135: {3, 4}, 94: {0}, 13: {1}, 89: {2}, 121: {3}, 241: {4}}
clusters:[0 1 0 4 1 1 2 0 4 3]

round: 2
best_g_value: 68.0
open_list_size: 1
num_low_level_expanded: 244
search_success: 1
search_time: 0.2687725820578635
n_tsp_call: 1
n_tsp_time: 0.2540785279124975
n_roots: 1
num_conflicts: 1
target_assignment: {238: 0, 239: 0, 205: 2, 155: 2, 44: 1}
cluster_target_selection: {3: 238, 4: 239, 0: 205, 1: 155, 2: 44}
num_nodes_transformed_graph: 48
agent_paths:({0: [(4, 14), (5, 14), (6, 14), (7, 14), (8, 14), (9, 14), (10, 14), (11, 14), (12, 14), (13, 14), (14, 14), (15, 14), (14, 14), (14, 13), (14, 12), (14, 11), (14, 10), (14, 9), (14, 8), (14, 7), (14, 6), (14, 5), (14, 5)], 1: [(15, 9), (14, 9), (13, 9), (12, 9), (12, 8), (12, 7), (12, 6), (12, 5), (12, 4), (12, 3), (12, 2), (12, 1), (12, 0), (13, 0), (13, 0)], 2: [(14, 11), (13, 11), (13, 12), (12, 12), (11, 12), (11, 11), (11, 10), (11, 9), (10, 9), (10, 8), (10, 7), (10, 6), (9, 6), (9, 5), (9, 5)], 3: [(11, 10), (10, 10), (9, 10), (9, 9), (9, 8), (9, 7), (9, 7)], 4: [(0, 0), (1, 0), (1, 1), (1, 2), (1, 3), (1, 4), (1, 5), (1, 6), (1, 7), (1, 8), (1, 9), (1, 10), (1, 11), (1, 12), (1, 13), (1, 14), (1, 15), (1, 15)]}, 21)