

CBSS-C STATS
starts:[95, 0, 208, 161, 232]
targets:[132, 227, 105, 145, 248, 86, 17, 80, 242, 64, 200, 236, 93, 21, 136, 7, 173, 40, 79, 237]
dests:[189, 5, 31, 214, 19]
ac_dict:{132: {0, 1}, 227: {1, 2}, 105: {2, 3}, 145: {3, 4}, 189: {0}, 5: {1}, 31: {2}, 214: {3}, 19: {4}}
clusters:[0 2 7 7 2 1 4 4 8 4 6 5 9 7 4 9 3 9 4 2]

round: 2
best_g_value: 86.0
open_list_size: 1
num_low_level_expanded: 276
search_success: 1
search_time: 0.42006172565743327
n_tsp_call: 1
n_tsp_time: 0.40107437688857317
n_roots: 1
num_conflicts: 1
target_assignment: {93: 0, 173: 0, 132: 1, 200: 4, 86: 4, 21: 4, 242: 2, 248: 2, 236: 2, 79: 2}
cluster_target_selection: {9: 93, 3: 173, 0: 132, 6: 200, 1: 86, 7: 21, 8: 242, 2: 248, 5: 236, 4: 79}
num_nodes_transformed_graph: 54
agent_paths:({0: [(15, 5), (14, 5), (13, 5), (13, 6), (13, 7), (13, 8), (13, 9), (13, 10), (13, 11), (13, 11)], 1: [(0, 0), (1, 0), (2, 0), (3, 0), (4, 0), (4, 1), (4, 2), (4, 3), (4, 4), (4, 5), (4, 6), (4, 7), (4, 8), (4, 7), (4, 6), (4, 5), (4, 4), (4, 3), (4, 2), (4, 1), (4, 0), (5, 0), (5, 0)], 2: [(0, 13), (1, 13), (2, 13), (2, 14), (2, 15), (3, 15), (4, 15), (5, 15), (6, 15), (7, 15), (8, 15), (8, 14), (9, 14), (10, 14), (11, 14), (12, 14), (12, 13), (12, 12), (12, 11), (12, 10), (12, 9), (12, 8), (12, 7), (12, 6), (12, 5), (12, 4), (13, 4), (14, 4), (15, 4), (15, 3), (15, 2), (15, 1), (15, 1)], 3: [(1, 10), (2, 10), (3, 10), (4, 10), (5, 10), (5, 11), (6, 11), (6, 12), (6, 13), (6, 13)], 4: [(8, 14), (8, 13), (8, 12), (7, 12), (6, 12), (6, 11), (6, 10), (6, 9), (6, 8), (6, 7), (6, 6), (6, 5), (5, 5), (5, 4), (5, 3), (5, 2), (5, 1), (4, 1), (3, 1), (3, 1)]}, 31)