

CBSS-C STATS
starts:[170, 103, 91, 214, 60]
targets:[136, 153, 115, 10, 9, 197, 13, 34, 121, 51]
dests:[126, 94, 198, 21, 146]
ac_dict:{136: {0, 1}, 153: {1, 2}, 115: {2, 3}, 10: {3, 4}, 126: {0}, 94: {1}, 198: {2}, 21: {3}, 146: {4}}
clusters:[0 1 1 0 1 0 0 1 0 0]

round: 1
best_g_value: 56.0
open_list_size: 0
num_low_level_expanded: 117
search_success: 1
search_time: 0.07619457319378853
n_tsp_call: 1
n_tsp_time: 0.06907929899170995
n_roots: 1
num_conflicts: 0
target_assignment: {51: 4, 153: 2}
cluster_target_selection: {0: 51, 1: 153}
num_nodes_transformed_graph: 28
agent_paths:({0: [(10, 10), (10, 9), (10, 8), (10, 7), (11, 7), (12, 7), (13, 7), (14, 7), (14, 7)], 1: [(7, 6), (7, 5), (8, 5), (9, 5), (10, 5), (11, 5), (12, 5), (13, 5), (14, 5), (14, 5)], 2: [(11, 5), (10, 5), (9, 5), (9, 6), (9, 7), (9, 8), (9, 9), (8, 9), (7, 9), (6, 9), (6, 10), (6, 11), (6, 12), (6, 12)], 3: [(6, 13), (5, 13), (5, 12), (5, 11), (5, 10), (5, 9), (5, 8), (5, 7), (5, 6), (5, 5), (5, 4), (5, 3), (5, 2), (5, 1), (5, 1)], 4: [(12, 3), (11, 3), (10, 3), (9, 3), (8, 3), (7, 3), (6, 3), (5, 3), (4, 3), (3, 3), (2, 3), (2, 4), (2, 5), (2, 6), (2, 7), (2, 8), (2, 9), (2, 9)]}, 16)