

CBSS-C STATS
starts:[189, 63, 108, 11, 84]
targets:[64, 102, 181, 206, 1, 3, 35, 192, 80, 23]
dests:[40, 24, 0, 136, 45]
ac_dict:{64: {0, 1}, 102: {1, 2}, 181: {2, 3}, 206: {3, 4}, 40: {0}, 24: {1}, 0: {2}, 136: {3}, 45: {4}}
clusters:[1 0 1 2 1 2 3 4 4 1]

round: 2
best_g_value: 70.0
open_list_size: 1
num_low_level_expanded: 301
search_success: 1
search_time: 0.41611574962735176
n_tsp_call: 1
n_tsp_time: 0.4005452017299831
n_roots: 1
num_conflicts: 1
target_assignment: {102: 2, 80: 2, 35: 2, 3: 2, 1: 2}
cluster_target_selection: {0: 102, 4: 80, 3: 35, 2: 3, 1: 1}
num_nodes_transformed_graph: 48
agent_paths:({0: [(13, 11), (12, 11), (11, 11), (10, 11), (9, 11), (9, 10), (9, 9), (9, 8), (9, 7), (9, 6), (8, 6), (8, 5), (8, 4), (8, 3), (8, 2), (8, 2)], 1: [(15, 3), (14, 3), (13, 3), (12, 3), (11, 3), (10, 3), (9, 3), (8, 3), (8, 2), (8, 1), (8, 1)], 2: [(12, 6), (11, 6), (10, 6), (9, 6), (8, 6), (7, 6), (6, 6), (5, 6), (4, 6), (3, 6), (2, 6), (1, 6), (0, 6), (0, 5), (0, 4), (0, 3), (0, 2), (1, 2), (2, 2), (3, 2), (3, 1), (3, 0), (2, 0), (1, 0), (0, 0), (0, 0)], 3: [(11, 0), (10, 0), (9, 0), (8, 0), (8, 1), (8, 2), (8, 3), (8, 4), (8, 5), (8, 6), (8, 7), (8, 8), (8, 8)], 4: [(4, 5), (4, 4), (4, 3), (4, 2), (5, 2), (6, 2), (7, 2), (8, 2), (9, 2), (10, 2), (11, 2), (12, 2), (13, 2), (13, 2)]}, 24)