

CBSS-C STATS
starts:[205, 56, 12, 249, 43]
targets:[211, 253, 38, 64, 173, 82, 20, 169, 128, 116]
dests:[245, 10, 137, 246, 6]
ac_dict:{211: {0, 1}, 253: {1, 2}, 38: {2, 3}, 64: {3, 4}, 245: {0}, 10: {1}, 137: {2}, 246: {3}, 6: {4}}
clusters:[4 4 4 3 0 1 2 3 3 4]

round: 2
best_g_value: 55.0
open_list_size: 1
num_low_level_expanded: 187
search_success: 1
search_time: 0.13287067273631692
n_tsp_call: 1
n_tsp_time: 0.12272002175450325
n_roots: 1
num_conflicts: 1
target_assignment: {173: 0, 169: 0, 20: 2, 82: 2, 116: 2}
cluster_target_selection: {0: 173, 3: 169, 2: 20, 1: 82, 4: 116}
num_nodes_transformed_graph: 28
agent_paths:({0: [(13, 12), (13, 11), (13, 10), (12, 10), (11, 10), (10, 10), (9, 10), (8, 10), (7, 10), (6, 10), (5, 10), (5, 11), (5, 12), (5, 13), (5, 14), (5, 15), (5, 15)], 1: [(8, 3), (8, 2), (8, 1), (9, 1), (9, 0), (10, 0), (10, 0)], 2: [(12, 0), (11, 0), (10, 0), (9, 0), (8, 0), (7, 0), (6, 0), (5, 0), (4, 0), (4, 1), (3, 1), (2, 1), (2, 2), (2, 3), (2, 4), (2, 5), (3, 5), (4, 5), (4, 6), (4, 7), (5, 7), (6, 7), (7, 7), (8, 7), (9, 7), (9, 8), (9, 8)], 3: [(9, 15), (8, 15), (7, 15), (6, 15), (6, 15)], 4: [(11, 2), (10, 2), (9, 2), (8, 2), (7, 2), (6, 2), (6, 1), (6, 0), (6, 0)]}, 25)