

CBSS-C STATS
starts:[121, 67, 101, 112, 241]
targets:[32, 201, 211, 254, 109, 221, 172, 226, 164, 213]
dests:[85, 234, 12, 249, 120]
ac_dict:{32: {0, 1}, 201: {1, 2}, 211: {2, 3}, 254: {3, 4}, 85: {0}, 234: {1}, 12: {2}, 249: {3}, 120: {4}}
clusters:[0 0 2 3 3 1 3 1 4 2]

round: 1
best_g_value: 70.0
open_list_size: 0
num_low_level_expanded: 203
search_success: 1
search_time: 0.2004995420575142
n_tsp_call: 1
n_tsp_time: 0.18835900956764817
n_roots: 1
num_conflicts: 0
target_assignment: {226: 4, 164: 4, 213: 3, 109: 2, 201: 1}
cluster_target_selection: {1: 226, 4: 164, 2: 213, 3: 109, 0: 201}
num_nodes_transformed_graph: 48
agent_paths:({0: [(9, 7), (8, 7), (7, 7), (6, 7), (5, 7), (5, 6), (5, 5), (5, 5)], 1: [(3, 4), (4, 4), (5, 4), (6, 4), (7, 4), (8, 4), (9, 4), (9, 5), (9, 6), (9, 7), (9, 8), (9, 9), (9, 10), (9, 11), (9, 12), (10, 12), (10, 13), (10, 14), (10, 14)], 2: [(5, 6), (6, 6), (7, 6), (8, 6), (9, 6), (10, 6), (11, 6), (12, 6), (13, 6), (12, 6), (12, 5), (12, 4), (12, 3), (12, 2), (12, 1), (12, 0), (12, 0)], 3: [(0, 7), (1, 7), (2, 7), (3, 7), (4, 7), (5, 7), (5, 8), (5, 9), (5, 10), (5, 11), (5, 12), (5, 13), (6, 13), (7, 13), (8, 13), (9, 13), (9, 14), (9, 15), (9, 15)], 4: [(1, 15), (1, 14), (2, 14), (2, 13), (2, 12), (2, 11), (2, 10), (3, 10), (4, 10), (4, 9), (4, 8), (4, 7), (5, 7), (6, 7), (7, 7), (8, 7), (8, 7)]}, 17)