

CBSS-C STATS
starts:[55, 132, 249, 122, 237, 162, 11, 120, 81, 167]
targets:[246, 52, 180, 153, 233, 156, 224, 104, 213, 170]
dests:[36, 255, 33, 100, 248, 124, 159, 69, 38, 58]
ac_dict:{246: {0, 1}, 52: {1, 2}, 180: {2, 3}, 153: {3, 4}, 233: {4, 5}, 156: {5, 6}, 224: {6, 7}, 104: {8, 7}, 213: {8, 9}, 36: {0}, 255: {1}, 33: {2}, 100: {3}, 248: {4}, 124: {5}, 159: {6}, 69: {7}, 38: {8}, 58: {9}}
clusters:[3 3 0 0 1 3 0 2 2 4]

round: 5
best_g_value: 106.0
open_list_size: 4
num_low_level_expanded: 472
search_success: 1
search_time: 0.23997349431738257
n_tsp_call: 1
n_tsp_time: 0.2157337237149477
n_roots: 1
num_conflicts: 4
target_assignment: {104: 7, 233: 4, 180: 2, 170: 1, 156: 6}
cluster_target_selection: {2: 104, 1: 233, 0: 180, 4: 170, 3: 156}
num_nodes_transformed_graph: 48
agent_paths:({0: [(7, 3), (6, 3), (5, 3), (4, 3), (4, 2), (4, 2)], 1: [(4, 8), (5, 8), (6, 8), (7, 8), (8, 8), (9, 8), (10, 8), (10, 9), (10, 10), (11, 10), (12, 10), (13, 10), (14, 10), (15, 10), (15, 11), (15, 12), (15, 13), (15, 14), (15, 15), (15, 15)], 2: [(9, 15), (8, 15), (7, 15), (6, 15), (5, 15), (4, 15), (4, 14), (4, 13), (4, 12), (4, 11), (3, 11), (2, 11), (1, 11), (1, 10), (1, 9), (1, 8), (1, 7), (1, 6), (1, 5), (1, 4), (1, 3), (1, 2), (1, 2)], 3: [(10, 7), (9, 7), (8, 7), (7, 7), (6, 7), (6, 6), (5, 6), (4, 6), (4, 6)], 4: [(13, 14), (12, 14), (11, 14), (10, 14), (9, 14), (8, 14), (8, 15), (8, 15)], 5: [(2, 10), (2, 9), (2, 8), (2, 7), (3, 7), (4, 7), (5, 7), (6, 7), (7, 7), (8, 7), (9, 7), (10, 7), (11, 7), (12, 7), (12, 7)], 6: [(11, 0), (12, 0), (12, 1), (12, 2), (12, 3), (12, 4), (12, 5), (12, 6), (12, 7), (12, 8), (12, 9), (13, 9), (14, 9), (15, 9), (15, 9)], 7: [(8, 7), (8, 6), (7, 6), (6, 6), (5, 6), (5, 5), (5, 4), (5, 4)], 8: [(1, 5), (1, 4), (1, 3), (2, 3), (3, 3), (4, 3), (5, 3), (5, 2), (6, 2), (6, 2)], 9: [(7, 10), (7, 9), (7, 8), (8, 8), (8, 7), (8, 6), (8, 5), (8, 4), (8, 3), (9, 3), (10, 3), (10, 3)]}, 21)