

CBSS-C STATS
starts:[2, 154, 190, 13, 129, 46, 99, 201, 242, 52]
targets:[28, 213, 115, 81, 141, 245, 108, 27, 127, 59]
dests:[152, 196, 110, 25, 171, 186, 47, 207, 10, 92]
ac_dict:{28: {0, 1}, 213: {1, 2}, 115: {2, 3}, 81: {3, 4}, 141: {4, 5}, 245: {5, 6}, 108: {6, 7}, 27: {8, 7}, 127: {8, 9}, 152: {0}, 196: {1}, 110: {2}, 25: {3}, 171: {4}, 186: {5}, 47: {6}, 207: {7}, 10: {8}, 92: {9}}
clusters:[1 4 2 2 2 0 0 1 1 3]

round: 5
best_g_value: 118.0
open_list_size: 4
num_low_level_expanded: 795
search_success: 1
search_time: 0.15009499480947852
n_tsp_call: 1
n_tsp_time: 0.11846232321113348
n_roots: 1
num_conflicts: 4
target_assignment: {213: 1, 27: 8, 108: 6, 141: 5, 59: 9}
cluster_target_selection: {4: 213, 1: 27, 0: 108, 2: 141, 3: 59}
num_nodes_transformed_graph: 34
agent_paths:({0: [(2, 0), (3, 0), (4, 0), (5, 0), (6, 0), (7, 0), (8, 0), (8, 1), (8, 2), (8, 3), (8, 4), (8, 5), (8, 6), (8, 7), (8, 8), (8, 9), (8, 9)], 1: [(10, 9), (9, 9), (8, 9), (7, 9), (6, 9), (5, 9), (5, 10), (5, 11), (5, 12), (5, 13), (4, 13), (4, 12), (4, 12)], 2: [(14, 11), (14, 10), (14, 9), (14, 8), (14, 7), (14, 6), (14, 6)], 3: [(13, 0), (12, 0), (11, 0), (10, 0), (9, 0), (9, 1), (9, 1)], 4: [(1, 8), (2, 8), (3, 8), (4, 8), (5, 8), (6, 8), (7, 8), (8, 8), (9, 8), (9, 9), (10, 9), (11, 9), (11, 10), (11, 10)], 5: [(14, 2), (13, 2), (13, 3), (13, 4), (13, 5), (13, 6), (13, 7), (13, 8), (12, 8), (11, 8), (10, 8), (10, 9), (10, 10), (10, 11), (10, 11)], 6: [(3, 6), (4, 6), (5, 6), (6, 6), (7, 6), (8, 6), (9, 6), (10, 6), (11, 6), (12, 6), (13, 6), (13, 5), (13, 4), (13, 3), (13, 2), (14, 2), (15, 2), (15, 2)], 7: [(9, 12), (10, 12), (11, 12), (12, 12), (13, 12), (14, 12), (15, 12), (15, 12)], 8: [(2, 15), (2, 14), (2, 13), (2, 12), (2, 11), (2, 10), (2, 9), (2, 8), (2, 7), (2, 6), (2, 5), (2, 4), (2, 3), (2, 2), (3, 2), (4, 2), (5, 2), (6, 2), (7, 2), (8, 2), (9, 2), (10, 2), (10, 1), (11, 1), (10, 1), (10, 0), (10, 0)], 9: [(4, 3), (5, 3), (6, 3), (7, 3), (8, 3), (9, 3), (10, 3), (11, 3), (12, 3), (12, 4), (12, 5), (12, 5)]}, 25)