

CBSS-C STATS
starts:[94, 49, 228, 31, 210, 66, 46, 4, 231, 95]
targets:[62, 218, 118, 149, 23, 110, 198, 69, 220, 145, 114, 32, 144, 108, 222]
dests:[83, 253, 138, 65, 207, 162, 85, 170, 169, 101]
ac_dict:{62: {0, 1}, 218: {1, 2}, 118: {2, 3}, 149: {3, 4}, 23: {4, 5}, 110: {5, 6}, 198: {6, 7}, 69: {8, 7}, 220: {8, 9}, 83: {0}, 253: {1}, 138: {2}, 65: {3}, 207: {4}, 162: {5}, 85: {6}, 170: {7}, 169: {8}, 101: {9}}
clusters:[8 4 1 3 0 7 9 9 5 2 0 0 9 9 6]

round: 224
best_g_value: 153.0
open_list_size: 197
num_low_level_expanded: 19672
search_success: 1
search_time: 6.029673890210688
n_tsp_call: 16
n_tsp_time: 3.9013563338667154
n_roots: 1
num_conflicts: 223
target_assignment: {62: 0, 149: 4, 222: 4, 114: 5, 145: 1, 218: 1, 110: 6, 69: 7, 220: 8, 118: 2}
cluster_target_selection: {8: 62, 3: 149, 6: 222, 0: 114, 2: 145, 4: 218, 7: 110, 9: 69, 5: 220, 1: 118}
num_nodes_transformed_graph: 54
agent_paths:({0: [(14, 5), (14, 4), (14, 3), (13, 3), (12, 3), (11, 3), (10, 3), (9, 3), (8, 3), (7, 3), (6, 3), (5, 3), (4, 3), (3, 3), (3, 4), (3, 5), (3, 5)], 1: [(1, 3), (1, 4), (1, 5), (1, 6), (1, 7), (1, 8), (1, 9), (2, 9), (3, 9), (4, 9), (5, 9), (6, 9), (7, 9), (8, 9), (8, 10), (8, 11), (9, 11), (10, 11), (10, 12), (10, 13), (11, 13), (12, 13), (13, 13), (13, 14), (13, 15), (13, 15)], 2: [(4, 14), (4, 13), (4, 12), (4, 11), (4, 10), (4, 9), (4, 8), (5, 8), (6, 8), (6, 7), (7, 7), (8, 7), (9, 7), (10, 7), (10, 8), (10, 8)], 3: [(15, 1), (14, 1), (13, 1), (12, 1), (11, 1), (10, 1), (9, 1), (8, 1), (7, 1), (6, 1), (5, 1), (4, 1), (3, 1), (2, 1), (1, 1), (1, 2), (1, 3), (1, 4), (1, 4)], 4: [(2, 13), (2, 12), (2, 11), (2, 10), (2, 9), (3, 9), (4, 9), (5, 9), (6, 9), (7, 9), (8, 9), (9, 9), (10, 9), (11, 9), (12, 9), (13, 9), (14, 9), (14, 10), (14, 11), (14, 12), (14, 13), (14, 12), (15, 12), (15, 12)], 5: [(2, 4), (2, 5), (2, 6), (2, 7), (2, 8), (2, 9), (2, 10), (2, 10)], 6: [(14, 2), (14, 2), (14, 2), (14, 3), (14, 4), (14, 5), (14, 6), (13, 6), (12, 6), (11, 6), (10, 6), (9, 6), (8, 6), (7, 6), (6, 6), (6, 5), (5, 5), (5, 5)], 7: [(4, 0), (5, 0), (5, 1), (5, 2), (5, 3), (5, 4), (5, 5), (5, 6), (5, 7), (5, 8), (6, 8), (7, 8), (8, 8), (9, 8), (9, 9), (10, 9), (10, 10), (10, 10)], 8: [(7, 14), (7, 13), (8, 13), (9, 13), (10, 13), (11, 13), (12, 13), (11, 13), (10, 13), (9, 13), (9, 12), (9, 11), (9, 10), (9, 10)], 9: [(15, 5), (14, 5), (13, 5), (12, 5), (11, 5), (10, 5), (9, 5), (8, 5), (7, 5), (6, 5), (5, 5), (5, 6), (5, 6)]}, 24)