

CBSS-C STATS
starts:[135, 66, 112, 118, 39]
targets:[125, 40, 255, 73, 183, 203, 59, 239, 251, 153]
dests:[31, 72, 253, 220, 202]
ac_dict:{125: {0, 1}, 40: {1, 2}, 255: {2, 3}, 73: {3, 4}, 31: {0}, 72: {1}, 253: {2}, 220: {3}, 202: {4}}
clusters:[4 1 0 2 1 1 3 4 2 4]

round: 3
best_g_value: 71.0
open_list_size: 2
num_low_level_expanded: 361
search_success: 1
search_time: 0.3188252532854676
n_tsp_call: 1
n_tsp_time: 0.3019172181375325
n_roots: 1
num_conflicts: 2
target_assignment: {59: 0, 153: 2, 203: 2, 251: 2, 255: 2}
cluster_target_selection: {3: 59, 4: 153, 1: 203, 2: 251, 0: 255}
num_nodes_transformed_graph: 48
agent_paths:({0: [(7, 8), (7, 7), (7, 6), (7, 5), (7, 4), (7, 3), (8, 3), (9, 3), (10, 3), (11, 3), (11, 2), (11, 1), (12, 1), (13, 1), (14, 1), (15, 1), (15, 1)], 1: [(2, 4), (3, 4), (4, 4), (5, 4), (6, 4), (7, 4), (8, 4), (8, 4)], 2: [(0, 7), (1, 7), (2, 7), (3, 7), (4, 7), (5, 7), (6, 7), (7, 7), (8, 7), (9, 7), (9, 8), (9, 9), (10, 9), (11, 9), (11, 10), (11, 11), (11, 12), (11, 13), (11, 14), (11, 15), (12, 15), (13, 15), (14, 15), (15, 15), (14, 15), (13, 15), (13, 15)], 3: [(6, 7), (6, 8), (7, 8), (8, 8), (9, 8), (10, 8), (11, 8), (12, 8), (12, 9), (12, 10), (12, 11), (12, 12), (12, 13), (12, 13)], 4: [(7, 2), (8, 2), (9, 2), (10, 2), (10, 3), (10, 4), (10, 5), (10, 6), (10, 7), (10, 8), (10, 9), (10, 10), (10, 11), (10, 12), (10, 12)]}, 25)