

CBSS-C STATS
starts:[30, 10, 26, 228, 59]
targets:[128, 224, 114, 249, 147, 113, 77, 42, 39, 123, 5, 203, 57, 27, 2, 210, 101, 184, 138, 84]
dests:[197, 67, 169, 94, 28]
ac_dict:{128: {0, 1}, 224: {1, 2}, 114: {2, 3}, 249: {3, 4}, 197: {0}, 67: {1}, 169: {2}, 94: {3}, 28: {4}}
clusters:[5 2 8 3 5 6 9 0 0 4 0 7 1 5 2 2 8 3 4 4]

round: 1
best_g_value: 71.0
open_list_size: 0
num_low_level_expanded: 154
search_success: 1
search_time: 2.0031360490247607
n_tsp_call: 1
n_tsp_time: 1.981731817126274
n_roots: 1
num_conflicts: 0
target_assignment: {77: 0, 203: 0, 184: 0, 27: 4, 210: 3, 113: 3, 114: 3, 123: 3, 42: 2, 57: 2}
cluster_target_selection: {9: 77, 7: 203, 3: 184, 5: 27, 2: 210, 6: 113, 8: 114, 4: 123, 0: 42, 1: 57}
num_nodes_transformed_graph: 98
agent_paths:({0: [(14, 1), (13, 1), (13, 2), (13, 3), (13, 4), (12, 4), (11, 4), (11, 5), (11, 6), (11, 7), (11, 8), (11, 9), (11, 10), (11, 11), (11, 12), (10, 12), (9, 12), (8, 12), (8, 11), (7, 11), (6, 11), (5, 11), (5, 12), (5, 12)], 1: [(10, 0), (9, 0), (8, 0), (7, 0), (6, 0), (5, 0), (4, 0), (3, 0), (3, 1), (3, 2), (3, 3), (3, 4), (3, 4)], 2: [(10, 1), (10, 2), (9, 2), (9, 3), (9, 4), (9, 5), (9, 6), (9, 7), (9, 8), (9, 9), (9, 10), (9, 10)], 3: [(4, 14), (3, 14), (2, 14), (2, 13), (1, 13), (1, 12), (1, 11), (1, 10), (1, 9), (1, 8), (1, 7), (2, 7), (3, 7), (4, 7), (5, 7), (6, 7), (7, 7), (8, 7), (9, 7), (10, 7), (11, 7), (11, 6), (11, 5), (12, 5), (13, 5), (14, 5), (14, 5)], 4: [(11, 3), (11, 2), (11, 1), (12, 1), (12, 1)]}, 25)