

CBSS-C STATS
starts:[75, 181, 30, 120, 27]
targets:[240, 72, 114, 232, 41, 249, 216, 165, 206, 6]
dests:[149, 235, 88, 69, 155]
ac_dict:{240: {0, 1}, 72: {1, 2}, 114: {2, 3}, 232: {3, 4}, 149: {0}, 235: {1}, 88: {2}, 69: {3}, 155: {4}}
clusters:[4 3 3 0 4 4 3 4 2 1]

round: 4
best_g_value: 72.0
open_list_size: 3
num_low_level_expanded: 620
search_success: 1
search_time: 0.6485541979782283
n_tsp_call: 8
n_tsp_time: 0.5047732866369188
n_roots: 1
num_conflicts: 3
target_assignment: {232: 3, 165: 3, 206: 1, 6: 2, 72: 2}
cluster_target_selection: {0: 232, 4: 165, 2: 206, 1: 6, 3: 72}
num_nodes_transformed_graph: 29
agent_paths:({0: [(11, 4), (10, 4), (9, 4), (8, 4), (7, 4), (6, 4), (5, 4), (5, 5), (5, 6), (5, 7), (5, 8), (5, 9), (5, 9)], 1: [(5, 11), (6, 11), (7, 11), (8, 11), (9, 11), (10, 11), (11, 11), (12, 11), (13, 11), (14, 11), (14, 12), (13, 12), (12, 12), (11, 12), (11, 13), (11, 14), (11, 14)], 2: [(14, 1), (13, 1), (12, 1), (11, 1), (10, 1), (9, 1), (8, 1), (7, 1), (6, 1), (6, 0), (7, 0), (8, 0), (8, 1), (8, 2), (8, 3), (8, 4), (8, 5), (8, 5)], 3: [(8, 7), (8, 8), (8, 9), (8, 10), (8, 11), (8, 12), (8, 13), (8, 14), (7, 14), (6, 14), (5, 14), (5, 13), (5, 12), (5, 11), (5, 10), (4, 10), (4, 9), (4, 8), (4, 7), (4, 6), (4, 5), (4, 4), (5, 4), (5, 4)], 4: [(11, 1), (11, 2), (11, 3), (11, 4), (11, 5), (11, 6), (11, 7), (11, 8), (11, 9), (11, 9)]}, 22)