

CBSS-C STATS
starts:[124, 97, 74, 62, 130]
targets:[194, 80, 12, 116, 216, 10, 245, 167, 32, 123, 207, 83, 145, 242, 23, 244, 1, 137, 147, 118]
dests:[55, 84, 81, 88, 227]
ac_dict:{194: {0, 1}, 80: {1, 2}, 12: {2, 3}, 116: {3, 4}, 55: {0}, 84: {1}, 81: {2}, 88: {3}, 227: {4}}
clusters:[5 6 6 9 4 7 6 5 4 1 9 9 8 5 3 0 4 2 7 6]

round: 1
best_g_value: 56.0
open_list_size: 0
num_low_level_expanded: 121
search_success: 1
search_time: 0.31059322226792574
n_tsp_call: 1
n_tsp_time: 0.2985172518528998
n_roots: 1
num_conflicts: 0
target_assignment: {123: 0, 137: 0, 145: 4, 147: 4, 244: 4, 242: 4, 23: 2, 32: 2, 80: 2, 83: 1}
cluster_target_selection: {1: 123, 2: 137, 8: 145, 7: 147, 0: 244, 5: 242, 3: 23, 4: 32, 6: 80, 9: 83}
num_nodes_transformed_graph: 50
agent_paths:({0: [(12, 7), (11, 7), (10, 7), (9, 7), (9, 8), (8, 8), (7, 8), (7, 7), (7, 6), (7, 5), (7, 4), (7, 3), (7, 3)], 1: [(1, 6), (1, 5), (2, 5), (3, 5), (4, 5), (4, 5)], 2: [(10, 4), (9, 4), (8, 4), (7, 4), (7, 3), (7, 2), (7, 1), (6, 1), (5, 1), (4, 1), (3, 1), (2, 1), (1, 1), (0, 1), (0, 2), (0, 3), (0, 4), (0, 5), (1, 5), (1, 5)], 3: [(14, 3), (13, 3), (12, 3), (11, 3), (10, 3), (9, 3), (8, 3), (8, 4), (8, 5), (8, 5)], 4: [(2, 8), (1, 8), (1, 9), (2, 9), (3, 9), (4, 9), (4, 10), (4, 11), (4, 12), (4, 13), (4, 14), (4, 15), (3, 15), (2, 15), (2, 14), (3, 14), (3, 14)]}, 18)