

CBSS-C STATS
starts:[107, 92, 59, 171, 162, 152, 3, 134, 125, 199]
targets:[19, 98, 90, 87, 31, 28, 36, 103, 94, 0, 51, 228, 105, 84, 136]
dests:[159, 89, 148, 11, 120, 131, 240, 34, 177, 132]
ac_dict:{19: {0, 1}, 98: {1, 2}, 90: {2, 3}, 87: {3, 4}, 31: {4, 5}, 28: {5, 6}, 36: {6, 7}, 103: {8, 7}, 94: {8, 9}, 159: {0}, 89: {1}, 148: {2}, 11: {3}, 120: {4}, 131: {5}, 240: {6}, 34: {7}, 177: {8}, 132: {9}}
clusters:[6 1 3 9 7 1 6 2 4 0 3 5 8 8 6]

round: 4
best_g_value: 141.0
open_list_size: 3
num_low_level_expanded: 746
search_success: 1
search_time: 0.3750695390626788
n_tsp_call: 1
n_tsp_time: 0.3435485498048365
n_roots: 1
num_conflicts: 3
target_assignment: {0: 6, 84: 2, 98: 2, 228: 9, 136: 5, 87: 4, 31: 4, 103: 7, 51: 7, 94: 8}
cluster_target_selection: {0: 0, 8: 84, 1: 98, 5: 228, 6: 136, 9: 87, 7: 31, 2: 103, 3: 51, 4: 94}
num_nodes_transformed_graph: 54
agent_paths:({0: [(11, 6), (12, 6), (13, 6), (14, 6), (15, 6), (15, 7), (15, 8), (15, 9), (15, 9)], 1: [(12, 5), (11, 5), (10, 5), (9, 5), (9, 5)], 2: [(11, 3), (10, 3), (9, 3), (8, 3), (7, 3), (6, 3), (5, 3), (4, 3), (4, 4), (4, 5), (3, 5), (2, 5), (2, 6), (2, 7), (2, 8), (2, 9), (3, 9), (4, 9), (4, 9)], 3: [(11, 10), (11, 9), (11, 8), (11, 7), (11, 6), (11, 5), (11, 4), (11, 3), (11, 2), (11, 1), (11, 0), (11, 0)], 4: [(2, 10), (2, 9), (2, 8), (2, 7), (2, 6), (2, 5), (3, 5), (4, 5), (5, 5), (6, 5), (7, 5), (7, 4), (7, 3), (7, 2), (7, 1), (8, 1), (9, 1), (10, 1), (11, 1), (12, 1), (13, 1), (14, 1), (15, 1), (14, 1), (13, 1), (12, 1), (11, 1), (10, 1), (9, 1), (8, 1), (8, 2), (8, 3), (8, 4), (8, 5), (8, 6), (8, 7), (8, 7)], 5: [(8, 9), (8, 8), (7, 8), (6, 8), (5, 8), (4, 8), (3, 8), (3, 8)], 6: [(3, 0), (2, 0), (1, 0), (0, 0), (0, 1), (0, 2), (0, 3), (0, 4), (0, 5), (0, 6), (0, 7), (0, 8), (0, 9), (0, 10), (0, 11), (0, 12), (0, 13), (0, 14), (0, 15), (0, 15)], 7: [(6, 8), (6, 7), (6, 6), (7, 6), (6, 6), (5, 6), (4, 6), (3, 6), (3, 5), (3, 4), (3, 3), (2, 3), (2, 2), (2, 2)], 8: [(13, 7), (13, 6), (13, 5), (14, 5), (13, 5), (12, 5), (11, 5), (10, 5), (10, 6), (9, 6), (8, 6), (7, 6), (6, 6), (5, 6), (4, 6), (3, 6), (2, 6), (1, 6), (1, 7), (1, 8), (1, 9), (1, 10), (1, 11), (1, 11)], 9: [(7, 12), (6, 12), (5, 12), (4, 12), (4, 13), (4, 14), (4, 13), (4, 12), (4, 11), (4, 10), (4, 9), (4, 8), (4, 8)]}, 35)