

CBSS-C STATS
starts:[222, 145, 162, 189, 101, 126, 114, 255, 233, 98]
targets:[36, 99, 244, 33, 45, 157, 26, 83, 84, 94, 141, 37, 67, 242, 134]
dests:[236, 97, 120, 69, 250, 143, 230, 231, 49, 139]
ac_dict:{36: {0, 1}, 99: {1, 2}, 244: {2, 3}, 33: {3, 4}, 45: {4, 5}, 157: {5, 6}, 26: {6, 7}, 83: {8, 7}, 84: {8, 9}, 236: {0}, 97: {1}, 120: {2}, 69: {3}, 250: {4}, 143: {5}, 230: {6}, 231: {7}, 49: {8}, 139: {9}}
clusters:[2 9 1 5 8 7 8 5 7 0 6 9 3 4 6]

round: 1
best_g_value: 132.0
open_list_size: 0
num_low_level_expanded: 412
search_success: 1
search_time: 0.5851234328001738
n_tsp_call: 1
n_tsp_time: 0.5660973400808871
n_roots: 1
num_conflicts: 0
target_assignment: {94: 5, 45: 5, 36: 1, 99: 1, 84: 8, 83: 8, 67: 8, 242: 2, 244: 2, 134: 2}
cluster_target_selection: {0: 94, 8: 45, 2: 36, 9: 99, 7: 84, 5: 83, 3: 67, 4: 242, 1: 244, 6: 134}
num_nodes_transformed_graph: 56
agent_paths:({0: [(14, 13), (13, 13), (12, 13), (12, 14), (12, 14)], 1: [(1, 9), (1, 8), (1, 7), (1, 6), (1, 5), (1, 4), (1, 3), (1, 2), (2, 2), (3, 2), (4, 2), (3, 2), (3, 3), (3, 4), (3, 5), (3, 6), (2, 6), (1, 6), (1, 6)], 2: [(2, 10), (2, 11), (2, 12), (2, 13), (2, 14), (2, 15), (3, 15), (4, 15), (4, 14), (4, 13), (4, 12), (4, 11), (4, 10), (4, 9), (4, 8), (5, 8), (6, 8), (6, 7), (7, 7), (8, 7), (8, 7)], 3: [(13, 11), (12, 11), (11, 11), (10, 11), (9, 11), (8, 11), (7, 11), (6, 11), (5, 11), (5, 10), (5, 9), (5, 8), (5, 7), (5, 6), (5, 5), (5, 4), (5, 4)], 4: [(5, 6), (6, 6), (7, 6), (8, 6), (9, 6), (10, 6), (10, 7), (10, 8), (10, 9), (10, 10), (10, 11), (10, 12), (10, 13), (10, 14), (10, 15), (10, 15)], 5: [(14, 7), (14, 6), (14, 5), (13, 5), (13, 4), (13, 3), (13, 2), (14, 2), (15, 2), (15, 3), (15, 4), (15, 5), (15, 6), (15, 7), (15, 8), (15, 8)], 6: [(2, 7), (3, 7), (4, 7), (5, 7), (6, 7), (6, 8), (6, 9), (6, 10), (6, 11), (6, 12), (6, 13), (6, 14), (6, 14)], 7: [(15, 15), (14, 15), (13, 15), (12, 15), (11, 15), (10, 15), (9, 15), (8, 15), (7, 15), (7, 14), (7, 14)], 8: [(9, 14), (8, 14), (7, 14), (6, 14), (5, 14), (4, 14), (4, 13), (4, 12), (4, 11), (4, 10), (4, 9), (4, 8), (4, 7), (4, 6), (4, 5), (3, 5), (3, 4), (2, 4), (1, 4), (1, 3), (1, 3)], 9: [(2, 6), (3, 6), (4, 6), (5, 6), (6, 6), (7, 6), (8, 6), (9, 6), (10, 6), (11, 6), (11, 7), (11, 8), (11, 8)]}, 19)