

CBSS-C STATS
starts:[198, 84, 130, 175, 197, 73, 97, 135, 172, 151]
targets:[78, 255, 56, 47, 222, 23, 49, 133, 127, 144, 202, 34, 221, 31, 118]
dests:[36, 223, 174, 199, 109, 13, 106, 40, 250, 215]
ac_dict:{78: {0, 1}, 255: {1, 2}, 56: {2, 3}, 47: {3, 4}, 222: {4, 5}, 23: {5, 6}, 49: {6, 7}, 133: {8, 7}, 127: {8, 9}, 36: {0}, 223: {1}, 174: {2}, 199: {3}, 109: {4}, 13: {5}, 106: {6}, 40: {7}, 250: {8}, 215: {9}}
clusters:[0 5 8 1 8 6 9 2 7 0 4 5 4 8 3]

round: 1
best_g_value: 146.0
open_list_size: 0
num_low_level_expanded: 394
search_success: 1
search_time: 0.46835120813921094
n_tsp_call: 1
n_tsp_time: 0.44549489114433527
n_roots: 1
num_conflicts: 0
target_assignment: {127: 8, 221: 8, 118: 4, 31: 4, 47: 4, 78: 1, 133: 7, 49: 6, 34: 6, 23: 6}
cluster_target_selection: {7: 127, 4: 221, 3: 118, 8: 31, 1: 47, 0: 78, 2: 133, 9: 49, 5: 34, 6: 23}
num_nodes_transformed_graph: 57
agent_paths:({0: [(6, 12), (5, 12), (4, 12), (4, 11), (4, 10), (4, 9), (4, 8), (4, 7), (4, 6), (4, 5), (4, 4), (4, 3), (4, 2), (4, 2)], 1: [(4, 5), (4, 4), (5, 4), (6, 4), (7, 4), (8, 4), (9, 4), (10, 4), (11, 4), (12, 4), (13, 4), (14, 4), (15, 4), (15, 5), (15, 6), (15, 7), (15, 8), (15, 9), (15, 10), (15, 11), (15, 12), (15, 13), (15, 13)], 2: [(2, 8), (3, 8), (4, 8), (5, 8), (6, 8), (7, 8), (8, 8), (9, 8), (10, 8), (11, 8), (12, 8), (13, 8), (14, 8), (14, 9), (14, 10), (14, 10)], 3: [(15, 10), (14, 10), (13, 10), (12, 10), (11, 10), (10, 10), (9, 10), (8, 10), (7, 10), (7, 11), (7, 12), (7, 12)], 4: [(5, 12), (5, 11), (5, 10), (5, 9), (5, 8), (5, 7), (6, 7), (6, 6), (6, 5), (6, 4), (6, 3), (6, 2), (6, 1), (7, 1), (8, 1), (9, 1), (10, 1), (11, 1), (12, 1), (13, 1), (14, 1), (15, 1), (15, 2), (14, 2), (13, 2), (13, 3), (13, 4), (13, 5), (13, 6), (13, 6)], 5: [(9, 4), (9, 3), (9, 2), (9, 1), (9, 0), (10, 0), (11, 0), (12, 0), (13, 0), (13, 0)], 6: [(1, 6), (1, 5), (1, 4), (1, 3), (1, 2), (2, 2), (2, 1), (3, 1), (4, 1), (5, 1), (6, 1), (7, 1), (8, 1), (9, 1), (10, 1), (10, 2), (10, 3), (10, 4), (10, 5), (10, 6), (10, 6)], 7: [(7, 8), (6, 8), (5, 8), (5, 7), (5, 6), (5, 5), (5, 4), (5, 3), (5, 2), (6, 2), (7, 2), (8, 2), (8, 2)], 8: [(12, 10), (12, 9), (12, 8), (12, 7), (13, 7), (14, 7), (15, 7), (14, 7), (13, 7), (13, 8), (13, 9), (13, 10), (13, 11), (13, 12), (13, 13), (12, 13), (11, 13), (10, 13), (10, 14), (10, 15), (10, 15)], 9: [(7, 9), (7, 10), (7, 11), (7, 12), (7, 13), (7, 13)]}, 28)