

CBSS-C STATS
starts:[243, 109, 188, 88, 123, 216, 104, 11, 148, 80]
targets:[198, 61, 119, 162, 158, 68, 199, 122, 0, 42]
dests:[226, 56, 117, 191, 94, 32, 215, 233, 25, 82]
ac_dict:{198: {0, 1}, 61: {1, 2}, 119: {2, 3}, 162: {3, 4}, 158: {4, 5}, 68: {5, 6}, 199: {6, 7}, 122: {8, 7}, 0: {8, 9}, 226: {0}, 56: {1}, 117: {2}, 191: {3}, 94: {4}, 32: {5}, 215: {6}, 233: {7}, 25: {8}, 82: {9}}
clusters:[2 4 1 3 4 4 1 0 0 2]

round: 1
best_g_value: 109.0
open_list_size: 0
num_low_level_expanded: 304
search_success: 1
search_time: 0.13040734780952334
n_tsp_call: 1
n_tsp_time: 0.11503414530307055
n_roots: 1
num_conflicts: 0
target_assignment: {119: 3, 162: 3, 68: 5, 42: 7, 122: 7}
cluster_target_selection: {1: 119, 3: 162, 4: 68, 2: 42, 0: 122}
num_nodes_transformed_graph: 34
agent_paths:({0: [(3, 15), (2, 15), (2, 14), (2, 14)], 1: [(13, 6), (12, 6), (11, 6), (10, 6), (9, 6), (8, 6), (8, 5), (8, 4), (8, 3), (8, 3)], 2: [(12, 11), (11, 11), (10, 11), (9, 11), (8, 11), (7, 11), (6, 11), (5, 11), (5, 10), (5, 9), (5, 8), (5, 7), (5, 7)], 3: [(8, 5), (7, 5), (7, 6), (7, 7), (6, 7), (5, 7), (4, 7), (3, 7), (2, 7), (2, 8), (2, 9), (2, 10), (3, 10), (4, 10), (5, 10), (6, 10), (7, 10), (8, 10), (9, 10), (10, 10), (11, 10), (12, 10), (13, 10), (14, 10), (15, 10), (15, 11), (15, 11)], 4: [(11, 7), (11, 6), (11, 5), (12, 5), (13, 5), (14, 5), (14, 5)], 5: [(8, 13), (7, 13), (6, 13), (5, 13), (4, 13), (4, 12), (4, 11), (4, 10), (4, 9), (4, 8), (4, 7), (4, 6), (4, 5), (4, 4), (3, 4), (2, 4), (1, 4), (0, 4), (0, 3), (0, 2), (0, 2)], 6: [(8, 6), (7, 6), (7, 7), (7, 8), (7, 9), (7, 10), (7, 11), (7, 12), (7, 13), (7, 13)], 7: [(11, 0), (10, 0), (10, 1), (10, 2), (10, 3), (10, 4), (10, 5), (10, 6), (10, 7), (9, 7), (9, 8), (9, 9), (9, 10), (9, 11), (9, 12), (9, 13), (9, 14), (9, 14)], 8: [(4, 9), (4, 8), (4, 7), (4, 6), (4, 5), (4, 4), (4, 3), (4, 2), (4, 1), (5, 1), (6, 1), (7, 1), (8, 1), (9, 1), (9, 1)], 9: [(0, 5), (1, 5), (2, 5), (2, 5)]}, 25)