

CBSS-C STATS
starts:[143, 217, 213, 50, 174]
targets:[167, 201, 232, 113, 14, 189, 59, 110, 20, 151, 112, 130, 77, 64, 214, 123, 216, 199, 135, 221]
dests:[147, 152, 10, 220, 237]
ac_dict:{167: {0, 1}, 201: {1, 2}, 232: {2, 3}, 113: {3, 4}, 147: {0}, 152: {1}, 10: {2}, 220: {3}, 237: {4}}
clusters:[3 8 8 5 4 9 7 1 0 8 4 2 3 2 4 9 0 2 5 6]

round: 1
best_g_value: 67.0
open_list_size: 0
num_low_level_expanded: 164
search_success: 1
search_time: 0.2335413033142686
n_tsp_call: 1
n_tsp_time: 0.22079145396128297
n_roots: 1
num_conflicts: 0
target_assignment: {110: 0, 135: 0, 216: 1, 199: 1, 167: 1, 151: 1, 221: 4, 59: 3, 123: 3, 214: 2}
cluster_target_selection: {1: 110, 5: 135, 0: 216, 2: 199, 3: 167, 8: 151, 6: 221, 7: 59, 9: 123, 4: 214}
num_nodes_transformed_graph: 47
agent_paths:({0: [(15, 8), (14, 8), (14, 7), (14, 6), (13, 6), (12, 6), (11, 6), (10, 6), (9, 6), (8, 6), (7, 6), (7, 7), (7, 8), (6, 8), (5, 8), (4, 8), (3, 8), (3, 9), (3, 9)], 1: [(9, 13), (8, 13), (7, 13), (7, 12), (7, 11), (7, 10), (7, 9), (8, 9), (8, 9)], 2: [(5, 13), (6, 13), (6, 12), (6, 11), (6, 10), (6, 9), (6, 8), (6, 7), (6, 6), (6, 5), (6, 4), (6, 3), (6, 2), (6, 1), (6, 0), (7, 0), (8, 0), (9, 0), (10, 0), (10, 0)], 3: [(2, 3), (3, 3), (4, 3), (5, 3), (6, 3), (7, 3), (8, 3), (9, 3), (10, 3), (11, 3), (11, 4), (11, 5), (11, 6), (11, 7), (12, 7), (12, 8), (12, 9), (12, 10), (12, 11), (12, 12), (12, 13), (12, 13)], 4: [(14, 10), (13, 10), (13, 11), (13, 12), (13, 13), (13, 14), (13, 14)]}, 20)