

CBSS-C STATS
starts:[94, 49, 228, 31, 210, 66, 46, 4, 231, 95]
targets:[62, 218, 118, 149, 23, 110, 198, 69, 220, 145, 114, 32, 144, 108, 222]
dests:[83, 253, 138, 65, 207, 162, 85, 170, 169, 101]
ac_dict:{62: {0, 1}, 218: {1, 2}, 118: {2, 3}, 149: {3, 4}, 23: {4, 5}, 110: {5, 6}, 198: {6, 7}, 69: {8, 7}, 220: {8, 9}, 83: {0}, 253: {1}, 138: {2}, 65: {3}, 207: {4}, 162: {5}, 85: {6}, 170: {7}, 169: {8}, 101: {9}}
clusters:[8 4 1 3 0 7 9 9 5 2 0 0 9 9 6]

round: 15
best_g_value: 150.0
open_list_size: 14
num_low_level_expanded: 1432
search_success: 1
search_time: 15.270880952943116
n_tsp_call: 19
n_tsp_time: 14.257092471700162
n_roots: 1
num_conflicts: 14
target_assignment: {110: 6, 220: 8, 114: 5, 69: 7, 62: 1, 222: 4, 118: 3, 149: 3, 145: 3, 218: 2}
cluster_target_selection: {7: 110, 5: 220, 0: 114, 9: 69, 8: 62, 6: 222, 1: 118, 3: 149, 2: 145, 4: 218}
num_nodes_transformed_graph: 98
agent_paths:({0: [(14, 5), (13, 5), (12, 5), (11, 5), (10, 5), (9, 5), (8, 5), (7, 5), (6, 5), (5, 5), (4, 5), (3, 5), (3, 5)], 1: [(1, 3), (2, 3), (3, 3), (4, 3), (4, 3), (5, 3), (6, 3), (7, 3), (8, 3), (9, 3), (10, 3), (11, 3), (12, 3), (13, 3), (14, 3), (13, 3), (13, 4), (13, 5), (13, 6), (13, 7), (13, 8), (13, 9), (13, 10), (13, 11), (13, 12), (13, 13), (13, 14), (13, 15), (13, 15)], 2: [(4, 14), (4, 13), (5, 13), (6, 13), (7, 13), (8, 13), (9, 13), (10, 13), (10, 12), (10, 11), (10, 10), (10, 9), (10, 8), (10, 8)], 3: [(15, 1), (14, 1), (13, 1), (12, 1), (11, 1), (10, 1), (9, 1), (8, 1), (7, 1), (7, 2), (7, 3), (7, 4), (7, 5), (7, 6), (6, 6), (6, 7), (5, 7), (5, 8), (5, 9), (4, 9), (3, 9), (2, 9), (1, 9), (1, 8), (1, 7), (1, 6), (1, 5), (1, 4), (1, 4)], 4: [(2, 13), (3, 13), (4, 13), (5, 13), (6, 13), (7, 13), (8, 13), (9, 13), (10, 13), (11, 13), (12, 13), (13, 13), (14, 13), (14, 12), (15, 12), (15, 12)], 5: [(2, 4), (2, 5), (2, 6), (2, 7), (2, 8), (2, 9), (2, 10), (2, 10)], 6: [(14, 2), (14, 3), (14, 4), (14, 5), (14, 6), (13, 6), (12, 6), (11, 6), (10, 6), (9, 6), (8, 6), (7, 6), (6, 6), (6, 5), (5, 5), (5, 5)], 7: [(4, 0), (5, 0), (5, 1), (5, 2), (5, 3), (5, 4), (6, 4), (7, 4), (8, 4), (9, 4), (9, 5), (9, 6), (9, 7), (9, 8), (9, 9), (10, 9), (10, 10), (10, 10)], 8: [(7, 14), (7, 13), (8, 13), (9, 13), (10, 13), (11, 13), (12, 13), (11, 13), (11, 12), (10, 12), (9, 12), (9, 11), (9, 10), (9, 10)], 9: [(15, 5), (14, 5), (13, 5), (12, 5), (11, 5), (10, 5), (9, 5), (8, 5), (7, 5), (6, 5), (5, 5), (5, 6), (5, 6)]}, 27)