

CBSS-C STATS
starts:[145, 66, 182, 6, 252]
targets:[185, 98, 33, 79, 113, 1, 111, 245, 54, 14, 236, 208, 58, 238, 64, 127, 176, 219, 146, 60]
dests:[106, 102, 141, 39, 16]
ac_dict:{185: {0, 1}, 98: {1, 2}, 33: {2, 3}, 79: {3, 4}, 106: {0}, 102: {1}, 141: {2}, 39: {3}, 16: {4}}
clusters:[9 4 2 9 3 8 7 2 9 6 2 5 4 9 8 1 2 9 3 0]

round: 2
best_g_value: 77.0
open_list_size: 1
num_low_level_expanded: 211
search_success: 1
search_time: 3.9519872032105923
n_tsp_call: 1
n_tsp_time: 3.9277008660137653
n_roots: 1
num_conflicts: 1
target_assignment: {113: 0, 60: 2, 14: 2, 111: 2, 127: 2, 98: 1, 219: 4, 208: 4, 176: 4, 64: 4}
cluster_target_selection: {3: 113, 0: 60, 6: 14, 7: 111, 1: 127, 4: 98, 9: 219, 5: 208, 2: 176, 8: 64}
num_nodes_transformed_graph: 98
agent_paths:({0: [(1, 9), (1, 8), (1, 7), (2, 7), (3, 7), (4, 7), (5, 7), (6, 7), (7, 7), (7, 6), (8, 6), (9, 6), (10, 6), (10, 6)], 1: [(2, 4), (2, 5), (2, 6), (3, 6), (4, 6), (5, 6), (6, 6), (6, 6)], 2: [(6, 11), (6, 10), (6, 9), (6, 8), (6, 7), (6, 6), (6, 5), (6, 4), (6, 3), (7, 3), (8, 3), (9, 3), (10, 3), (11, 3), (12, 3), (12, 2), (12, 1), (12, 0), (13, 0), (14, 0), (15, 0), (15, 1), (15, 2), (15, 3), (15, 4), (15, 5), (15, 6), (15, 7), (14, 7), (13, 7), (13, 8), (13, 8)], 3: [(6, 0), (7, 0), (7, 1), (7, 2), (7, 2)], 4: [(12, 15), (11, 15), (11, 14), (11, 13), (10, 13), (9, 13), (8, 13), (7, 13), (6, 13), (5, 13), (4, 13), (3, 13), (2, 13), (1, 13), (0, 13), (0, 12), (0, 11), (0, 10), (0, 9), (0, 8), (0, 7), (0, 6), (0, 5), (0, 4), (0, 3), (0, 2), (0, 1), (0, 1)]}, 30)