

CBSS-C STATS
starts:[167, 128, 209, 163, 251, 124, 104, 113, 9, 33]
targets:[153, 106, 177, 214, 222, 187, 43, 217, 101, 20, 241, 201, 127, 4, 26]
dests:[32, 131, 152, 161, 125, 237, 207, 248, 97, 172]
ac_dict:{153: {0, 1}, 106: {1, 2}, 177: {2, 3}, 214: {3, 4}, 222: {4, 5}, 187: {5, 6}, 43: {6, 7}, 217: {8, 7}, 101: {8, 9}, 32: {0}, 131: {1}, 152: {2}, 161: {3}, 125: {4}, 237: {5}, 207: {6}, 248: {7}, 97: {8}, 172: {9}}
clusters:[5 2 4 8 7 6 9 8 0 9 7 1 3 6 0]

round: 3
best_g_value: 128.0
open_list_size: 2
num_low_level_expanded: 510
search_success: 1
search_time: 1.0408692858181894
n_tsp_call: 1
n_tsp_time: 1.0103535233065486
n_roots: 1
num_conflicts: 2
target_assignment: {153: 0, 201: 7, 217: 7, 101: 9, 4: 8, 20: 8, 222: 4, 127: 6, 177: 2, 106: 2}
cluster_target_selection: {5: 153, 1: 201, 8: 217, 0: 101, 6: 4, 9: 20, 7: 222, 3: 127, 4: 177, 2: 106}
num_nodes_transformed_graph: 98
agent_paths:({0: [(7, 10), (7, 9), (8, 9), (9, 9), (8, 9), (7, 9), (6, 9), (5, 9), (4, 9), (3, 9), (2, 9), (1, 9), (0, 9), (0, 8), (0, 7), (0, 6), (0, 5), (0, 4), (0, 3), (0, 2), (0, 2)], 1: [(0, 8), (1, 8), (2, 8), (3, 8), (3, 8)], 2: [(1, 13), (1, 12), (1, 11), (2, 11), (2, 10), (2, 9), (2, 8), (2, 7), (2, 6), (3, 6), (4, 6), (5, 6), (6, 6), (7, 6), (8, 6), (9, 6), (10, 6), (9, 6), (8, 6), (8, 7), (8, 8), (8, 9), (8, 9)], 3: [(3, 10), (2, 10), (1, 10), (1, 10)], 4: [(11, 15), (11, 14), (11, 13), (12, 13), (13, 13), (14, 13), (14, 12), (13, 12), (13, 11), (13, 10), (13, 9), (13, 8), (13, 7), (13, 7)], 5: [(12, 7), (13, 7), (13, 8), (13, 9), (13, 10), (13, 11), (13, 12), (13, 13), (13, 14), (13, 14)], 6: [(8, 6), (9, 6), (10, 6), (11, 6), (12, 6), (13, 6), (14, 6), (15, 6), (15, 7), (15, 8), (15, 9), (15, 10), (15, 11), (15, 12), (15, 12)], 7: [(1, 7), (2, 7), (3, 7), (4, 7), (5, 7), (6, 7), (7, 7), (8, 7), (9, 7), (9, 8), (9, 9), (9, 10), (9, 11), (9, 12), (9, 13), (8, 13), (8, 14), (8, 15), (8, 15)], 8: [(9, 0), (8, 0), (7, 0), (6, 0), (5, 0), (4, 0), (4, 1), (3, 1), (2, 1), (1, 1), (1, 2), (1, 3), (1, 4), (1, 5), (1, 6), (1, 6)], 9: [(1, 2), (2, 2), (3, 2), (4, 2), (5, 2), (5, 3), (5, 4), (5, 5), (5, 6), (6, 6), (7, 6), (8, 6), (9, 6), (10, 6), (11, 6), (12, 6), (12, 7), (12, 8), (12, 9), (12, 10), (12, 10)]}, 21)