

CBSS-C STATS
starts:[111, 125, 25, 104, 57]
targets:[195, 172, 168, 161, 48, 198, 249, 223, 163, 116, 221, 202, 132, 144, 84, 246, 95, 3, 40, 61]
dests:[255, 140, 254, 146, 211]
ac_dict:{195: {0, 1}, 172: {1, 2}, 168: {2, 3}, 161: {3, 4}, 255: {0}, 140: {1}, 254: {2}, 146: {3}, 211: {4}}
clusters:[9 7 6 1 7 3 3 4 9 9 4 6 5 8 0 9 5 2 9 4]

round: 1
best_g_value: 75.0
open_list_size: 0
num_low_level_expanded: 150
search_success: 1
search_time: 0.3453748510219157
n_tsp_call: 1
n_tsp_time: 0.33208992844447494
n_roots: 1
num_conflicts: 0
target_assignment: {223: 0, 84: 3, 3: 3, 48: 3, 144: 3, 161: 3, 116: 4, 132: 4, 202: 2, 249: 2}
cluster_target_selection: {4: 223, 0: 84, 2: 3, 7: 48, 8: 144, 1: 161, 9: 116, 5: 132, 6: 202, 3: 249}
num_nodes_transformed_graph: 51
agent_paths:({0: [(15, 6), (15, 7), (15, 8), (15, 9), (15, 10), (15, 11), (15, 12), (15, 13), (15, 14), (15, 15), (15, 15)], 1: [(13, 7), (12, 7), (12, 8), (12, 8)], 2: [(9, 1), (10, 1), (10, 2), (10, 3), (10, 4), (10, 5), (10, 6), (10, 7), (10, 8), (10, 9), (10, 10), (10, 11), (10, 12), (9, 12), (9, 13), (9, 14), (9, 15), (10, 15), (11, 15), (12, 15), (13, 15), (14, 15), (14, 15)], 3: [(8, 6), (7, 6), (6, 6), (5, 6), (4, 6), (4, 5), (3, 5), (3, 4), (3, 3), (3, 2), (3, 1), (3, 0), (2, 0), (1, 0), (0, 0), (0, 1), (0, 2), (0, 3), (0, 4), (0, 5), (0, 6), (0, 7), (0, 8), (0, 9), (1, 9), (1, 10), (1, 9), (2, 9), (2, 9)], 4: [(9, 3), (8, 3), (7, 3), (6, 3), (5, 3), (4, 3), (4, 4), (4, 5), (4, 6), (4, 7), (4, 8), (3, 8), (3, 9), (3, 10), (3, 11), (3, 12), (3, 13), (3, 13)]}, 27)