

CBSS-C STATS
starts:[196, 29, 134, 207, 110]
targets:[28, 239, 78, 67, 174, 137, 169, 224, 49, 82]
dests:[133, 192, 190, 163, 139]
ac_dict:{28: {0, 1}, 239: {1, 2}, 78: {2, 3}, 67: {3, 4}, 133: {0}, 192: {1}, 190: {2}, 163: {3}, 139: {4}}
clusters:[1 0 3 3 4 2 4 0 1 0]

round: 1
best_g_value: 67.0
open_list_size: 0
num_low_level_expanded: 185
search_success: 1
search_time: 0.18486702628433704
n_tsp_call: 1
n_tsp_time: 0.17375550512224436
n_roots: 1
num_conflicts: 0
target_assignment: {28: 1, 82: 1, 137: 2, 78: 2, 174: 2}
cluster_target_selection: {1: 28, 0: 82, 2: 137, 3: 78, 4: 174}
num_nodes_transformed_graph: 48
agent_paths:({0: [(4, 12), (4, 11), (4, 10), (4, 9), (4, 8), (5, 8), (5, 8)], 1: [(13, 1), (12, 1), (11, 1), (10, 1), (9, 1), (8, 1), (7, 1), (6, 1), (5, 1), (4, 1), (3, 1), (2, 1), (2, 2), (2, 3), (2, 4), (2, 5), (1, 5), (0, 5), (0, 6), (0, 7), (0, 8), (0, 9), (0, 10), (0, 11), (0, 12), (0, 12)], 2: [(6, 8), (7, 8), (8, 8), (9, 8), (9, 7), (9, 6), (9, 5), (9, 4), (10, 4), (11, 4), (12, 4), (13, 4), (14, 4), (14, 5), (14, 6), (14, 7), (14, 8), (14, 9), (14, 10), (14, 11), (14, 11)], 3: [(15, 12), (14, 12), (13, 12), (12, 12), (11, 12), (10, 12), (9, 12), (8, 12), (7, 12), (6, 12), (5, 12), (4, 12), (3, 12), (3, 11), (3, 10), (3, 10)], 4: [(14, 6), (13, 6), (12, 6), (11, 6), (11, 7), (11, 8), (11, 8)]}, 24)