

CBSS-C STATS
starts:[76, 41, 206, 69, 225, 30, 1, 6, 9, 62]
targets:[215, 138, 104, 96, 239, 93, 230, 214, 100, 131, 120, 66, 123, 72, 221]
dests:[101, 150, 24, 173, 88, 145, 192, 111, 103, 106]
ac_dict:{215: {0, 1}, 138: {1, 2}, 104: {2, 3}, 96: {3, 4}, 239: {4, 5}, 93: {5, 6}, 230: {6, 7}, 214: {8, 7}, 100: {8, 9}, 101: {0}, 150: {1}, 24: {2}, 173: {3}, 88: {4}, 145: {5}, 192: {6}, 111: {7}, 103: {8}, 106: {9}}
clusters:[3 8 7 7 0 2 9 0 4 1 5 9 7 5 6]

round: 42
best_g_value: 162.0
open_list_size: 41
num_low_level_expanded: 4597
search_success: 1
search_time: 21.94137257663533
n_tsp_call: 20
n_tsp_time: 21.1562188542448
n_roots: 1
num_conflicts: 41
target_assignment: {131: 4, 66: 6, 93: 5, 239: 5, 221: 5, 72: 7, 215: 1, 100: 8, 138: 2, 123: 3}
cluster_target_selection: {1: 131, 9: 66, 2: 93, 0: 239, 6: 221, 5: 72, 3: 215, 4: 100, 8: 138, 7: 123}
num_nodes_transformed_graph: 98
agent_paths:({0: [(12, 4), (11, 4), (10, 4), (10, 5), (9, 5), (8, 5), (7, 5), (6, 5), (5, 5), (5, 6), (5, 6)], 1: [(9, 2), (8, 2), (7, 2), (7, 3), (7, 4), (7, 5), (7, 6), (7, 7), (7, 8), (7, 9), (7, 10), (7, 11), (7, 12), (7, 13), (6, 13), (6, 12), (6, 11), (6, 10), (6, 9), (6, 9)], 2: [(14, 12), (13, 12), (12, 12), (11, 12), (10, 12), (10, 11), (10, 10), (10, 9), (10, 8), (9, 8), (8, 8), (8, 7), (8, 6), (8, 5), (8, 4), (8, 3), (8, 2), (8, 1), (8, 1)], 3: [(5, 4), (6, 4), (7, 4), (8, 4), (9, 4), (10, 4), (11, 4), (11, 5), (11, 6), (11, 7), (12, 7), (13, 7), (13, 8), (13, 9), (13, 10), (13, 10)], 4: [(1, 14), (1, 13), (1, 12), (1, 11), (1, 10), (1, 9), (1, 8), (2, 8), (3, 8), (3, 7), (3, 6), (3, 5), (4, 5), (5, 5), (6, 5), (7, 5), (8, 5), (8, 5)], 5: [(14, 1), (13, 1), (13, 2), (13, 3), (13, 4), (13, 5), (14, 5), (15, 5), (15, 6), (15, 7), (15, 8), (15, 9), (15, 10), (15, 11), (15, 12), (15, 13), (15, 14), (14, 14), (13, 14), (13, 13), (12, 13), (11, 13), (10, 13), (9, 13), (8, 13), (7, 13), (6, 13), (5, 13), (4, 13), (3, 13), (2, 13), (1, 13), (1, 12), (1, 11), (1, 10), (1, 9), (1, 9)], 6: [(1, 0), (2, 0), (2, 1), (2, 2), (2, 3), (2, 4), (1, 4), (0, 4), (0, 5), (0, 6), (0, 7), (0, 8), (0, 9), (0, 10), (0, 11), (0, 12), (0, 12)], 7: [(6, 0), (6, 1), (7, 1), (8, 1), (8, 2), (8, 3), (8, 4), (9, 4), (10, 4), (11, 4), (12, 4), (13, 4), (14, 4), (15, 4), (15, 5), (15, 6), (15, 6)], 8: [(9, 0), (8, 0), (7, 0), (6, 0), (5, 0), (4, 0), (4, 1), (4, 2), (4, 3), (4, 4), (4, 5), (4, 6), (4, 7), (5, 7), (6, 7), (6, 6), (7, 6), (7, 6)], 9: [(14, 3), (13, 3), (12, 3), (11, 3), (11, 4), (11, 5), (10, 5), (10, 6), (10, 6)]}, 35)