

CBSS-C STATS
starts:[102, 239, 215, 155, 25, 21, 169, 223, 255, 142]
targets:[149, 28, 38, 132, 232, 17, 152, 35, 189, 198]
dests:[62, 143, 0, 65, 157, 105, 187, 205, 107, 201]
ac_dict:{149: {0, 1}, 28: {1, 2}, 38: {2, 3}, 132: {3, 4}, 232: {4, 5}, 17: {5, 6}, 152: {6, 7}, 35: {8, 7}, 189: {8, 9}, 62: {0}, 143: {1}, 0: {2}, 65: {3}, 157: {4}, 105: {5}, 187: {6}, 205: {7}, 107: {8}, 201: {9}}
clusters:[2 2 1 4 0 4 1 4 3 1]

round: 3
best_g_value: 121.0
open_list_size: 2
num_low_level_expanded: 496
search_success: 1
search_time: 0.24846710683777928
n_tsp_call: 1
n_tsp_time: 0.222638423088938
n_roots: 1
num_conflicts: 2
target_assignment: {149: 0, 232: 4, 132: 3, 198: 2, 189: 8}
cluster_target_selection: {2: 149, 0: 232, 4: 132, 1: 198, 3: 189}
num_nodes_transformed_graph: 48
agent_paths:({0: [(6, 6), (5, 6), (5, 7), (5, 8), (5, 9), (5, 8), (5, 7), (5, 6), (5, 5), (5, 4), (5, 3), (6, 3), (7, 3), (8, 3), (9, 3), (10, 3), (11, 3), (12, 3), (13, 3), (14, 3), (14, 3)], 1: [(15, 14), (15, 13), (15, 12), (15, 11), (15, 10), (15, 9), (15, 8), (15, 8)], 2: [(7, 13), (6, 13), (6, 12), (5, 12), (4, 12), (3, 12), (2, 12), (1, 12), (0, 12), (0, 11), (0, 10), (0, 9), (0, 8), (0, 7), (0, 6), (0, 5), (0, 4), (0, 3), (0, 2), (0, 1), (0, 0), (0, 0)], 3: [(11, 9), (10, 9), (9, 9), (8, 9), (7, 9), (6, 9), (5, 9), (4, 9), (4, 8), (3, 8), (2, 8), (1, 8), (1, 7), (1, 6), (1, 5), (1, 4), (1, 4)], 4: [(9, 1), (8, 1), (8, 2), (8, 3), (8, 4), (8, 5), (8, 6), (8, 7), (8, 8), (8, 9), (8, 10), (8, 11), (8, 12), (8, 13), (8, 14), (8, 13), (8, 12), (8, 11), (8, 10), (8, 9), (9, 9), (10, 9), (11, 9), (12, 9), (13, 9), (13, 9)], 5: [(5, 1), (6, 1), (7, 1), (8, 1), (9, 1), (9, 2), (9, 3), (9, 4), (9, 5), (9, 6), (9, 6)], 6: [(9, 10), (10, 10), (11, 10), (11, 11), (11, 11)], 7: [(15, 13), (14, 13), (13, 13), (13, 12), (13, 12)], 8: [(15, 15), (14, 15), (14, 14), (14, 13), (14, 12), (14, 11), (13, 11), (12, 11), (12, 10), (11, 10), (11, 9), (11, 8), (11, 7), (11, 6), (11, 6)], 9: [(14, 8), (13, 8), (12, 8), (11, 8), (10, 8), (9, 8), (9, 9), (9, 10), (9, 11), (9, 12), (9, 12)]}, 24)