

CBSS-C STATS
starts:[111, 72, 8, 42, 104, 148, 200, 99, 37, 215]
targets:[248, 243, 36, 84, 113, 0, 218, 230, 135, 150, 240, 24, 20, 5, 162]
dests:[138, 115, 245, 238, 179, 231, 217, 214, 201, 87]
ac_dict:{248: {0, 1}, 243: {1, 2}, 36: {2, 3}, 84: {3, 4}, 113: {4, 5}, 0: {5, 6}, 218: {6, 7}, 230: {8, 7}, 135: {8, 9}, 138: {0}, 115: {1}, 245: {2}, 238: {3}, 179: {4}, 231: {5}, 217: {6}, 214: {7}, 201: {8}, 87: {9}}
clusters:[2 0 6 4 3 8 8 7 9 4 5 1 9 8 9]

round: 4
best_g_value: 133.0
open_list_size: 3
num_low_level_expanded: 488
search_success: 1
search_time: 0.5711014056578279
n_tsp_call: 1
n_tsp_time: 0.5374003117904067
n_roots: 1
num_conflicts: 3
target_assignment: {24: 2, 5: 2, 20: 2, 36: 2, 150: 8, 230: 7, 113: 4, 248: 1, 243: 1, 240: 1}
cluster_target_selection: {1: 24, 8: 5, 9: 20, 6: 36, 4: 150, 7: 230, 3: 113, 2: 248, 0: 243, 5: 240}
num_nodes_transformed_graph: 58
agent_paths:({0: [(15, 6), (14, 6), (13, 6), (12, 6), (11, 6), (10, 6), (10, 7), (10, 8), (10, 8)], 1: [(8, 4), (8, 5), (8, 6), (8, 7), (8, 8), (8, 9), (8, 10), (8, 11), (8, 12), (8, 13), (8, 14), (8, 15), (7, 15), (6, 15), (5, 15), (4, 15), (3, 15), (2, 15), (1, 15), (0, 15), (0, 14), (0, 13), (0, 12), (0, 11), (0, 10), (0, 9), (0, 8), (0, 7), (1, 7), (2, 7), (3, 7), (3, 7)], 2: [(8, 0), (8, 1), (7, 1), (6, 1), (5, 1), (5, 0), (4, 0), (4, 1), (4, 2), (5, 2), (5, 3), (5, 4), (5, 5), (5, 6), (5, 7), (5, 8), (5, 9), (5, 10), (5, 11), (5, 12), (5, 13), (5, 14), (5, 15), (5, 15)], 3: [(10, 2), (11, 2), (12, 2), (13, 2), (14, 2), (14, 3), (14, 4), (14, 5), (14, 6), (14, 7), (14, 8), (14, 9), (14, 10), (14, 11), (14, 12), (14, 13), (14, 14), (14, 14)], 4: [(8, 6), (7, 6), (7, 7), (6, 7), (5, 7), (4, 7), (3, 7), (2, 7), (1, 7), (2, 7), (3, 7), (3, 8), (3, 9), (3, 10), (3, 11), (3, 11)], 5: [(4, 9), (5, 9), (6, 9), (6, 10), (7, 10), (7, 11), (7, 12), (7, 13), (7, 14), (7, 14)], 6: [(8, 12), (9, 12), (9, 13), (9, 13)], 7: [(3, 6), (4, 6), (5, 6), (6, 6), (6, 7), (6, 8), (6, 9), (6, 10), (6, 11), (6, 12), (6, 13), (6, 14), (6, 13), (6, 13)], 8: [(5, 2), (6, 2), (6, 3), (6, 4), (6, 5), (6, 6), (6, 7), (6, 8), (6, 9), (7, 9), (8, 9), (9, 9), (9, 10), (9, 11), (9, 12), (9, 12)], 9: [(7, 13), (7, 12), (7, 11), (7, 10), (7, 9), (7, 8), (7, 7), (7, 6), (7, 5), (7, 5)]}, 30)