

CBSS-C STATS
starts:[228, 159, 190, 171, 0]
targets:[129, 250, 205, 135, 83, 155, 44, 227, 239, 238]
dests:[94, 13, 89, 121, 241]
ac_dict:{129: {0, 1}, 250: {1, 2}, 205: {2, 3}, 135: {3, 4}, 94: {0}, 13: {1}, 89: {2}, 121: {3}, 241: {4}}
clusters:[0 1 0 4 1 1 2 0 4 3]

round: 2
best_g_value: 72.0
open_list_size: 1
num_low_level_expanded: 406
search_success: 1
search_time: 0.08045287895947695
n_tsp_call: 1
n_tsp_time: 0.06455136416479945
n_roots: 1
num_conflicts: 1
target_assignment: {155: 0, 239: 2, 238: 2, 205: 2, 44: 1}
cluster_target_selection: {1: 155, 4: 239, 3: 238, 0: 205, 2: 44}
num_nodes_transformed_graph: 28
agent_paths:({0: [(4, 14), (4, 13), (4, 12), (4, 11), (4, 10), (4, 9), (5, 9), (6, 9), (7, 9), (8, 9), (9, 9), (10, 9), (11, 9), (11, 8), (11, 7), (11, 6), (11, 5), (12, 5), (13, 5), (14, 5), (14, 5)], 1: [(15, 9), (14, 9), (13, 9), (12, 9), (12, 8), (12, 7), (12, 6), (12, 5), (12, 4), (12, 3), (12, 2), (12, 1), (12, 0), (13, 0), (13, 0)], 2: [(14, 11), (15, 11), (15, 12), (15, 13), (15, 14), (14, 14), (13, 14), (13, 13), (13, 12), (12, 12), (11, 12), (10, 12), (10, 11), (10, 10), (10, 9), (10, 8), (10, 7), (10, 6), (9, 6), (9, 5), (9, 5)], 3: [(11, 10), (10, 10), (9, 10), (9, 9), (9, 8), (9, 7), (9, 7)], 4: [(0, 0), (1, 0), (1, 1), (1, 2), (1, 3), (1, 4), (1, 5), (1, 6), (1, 7), (1, 8), (1, 9), (1, 10), (1, 11), (1, 12), (1, 13), (1, 14), (1, 15), (1, 15)]}, 19)