

CBSS-C STATS
starts:[7, 17, 244, 147, 71]
targets:[133, 32, 216, 230, 88, 194, 80, 239, 53, 78]
dests:[57, 177, 8, 135, 196]
ac_dict:{133: {0, 1}, 32: {1, 2}, 216: {2, 3}, 230: {3, 4}, 57: {0}, 177: {1}, 8: {2}, 135: {3}, 196: {4}}
clusters:[0 0 0 1 0 0 0 0 1 1]

round: 1
best_g_value: 52.0
open_list_size: 0
num_low_level_expanded: 88
search_success: 1
search_time: 0.050809732638299465
n_tsp_call: 1
n_tsp_time: 0.04435851005837321
n_roots: 1
num_conflicts: 0
target_assignment: {53: 4, 216: 2}
cluster_target_selection: {1: 53, 0: 216}
num_nodes_transformed_graph: 28
agent_paths:({0: [(7, 0), (8, 0), (9, 0), (9, 1), (9, 2), (9, 3), (9, 3)], 1: [(1, 1), (1, 2), (1, 3), (1, 4), (1, 5), (1, 6), (1, 7), (1, 8), (1, 9), (1, 10), (1, 11), (1, 11)], 2: [(4, 15), (4, 14), (4, 13), (5, 13), (6, 13), (7, 13), (8, 13), (8, 12), (8, 11), (8, 10), (8, 9), (8, 8), (8, 7), (8, 6), (8, 5), (8, 4), (8, 3), (8, 2), (8, 1), (8, 0), (8, 0)], 3: [(3, 9), (3, 8), (4, 8), (5, 8), (6, 8), (7, 8), (7, 8)], 4: [(7, 4), (6, 4), (5, 4), (5, 3), (4, 3), (4, 4), (4, 5), (4, 6), (4, 7), (4, 8), (4, 9), (4, 10), (4, 11), (4, 12), (4, 12)]}, 19)