

CBSS-C STATS
starts:[25, 75, 3, 156, 228]
targets:[125, 26, 80, 19, 241, 8, 249, 209, 94, 161]
dests:[150, 77, 216, 187, 138]
ac_dict:{125: {0, 1}, 26: {1, 2}, 80: {2, 3}, 19: {3, 4}, 150: {0}, 77: {1}, 216: {2}, 187: {3}, 138: {4}}
clusters:[1 1 4 2 2 0 2 0 3 3]

round: 1
best_g_value: 62.0
open_list_size: 0
num_low_level_expanded: 152
search_success: 1
search_time: 0.06763253686949611
n_tsp_call: 1
n_tsp_time: 0.059034240897744894
n_roots: 1
num_conflicts: 0
target_assignment: {8: 0, 80: 2, 161: 2, 249: 4, 125: 1}
cluster_target_selection: {0: 8, 4: 80, 3: 161, 2: 249, 1: 125}
num_nodes_transformed_graph: 28
agent_paths:({0: [(9, 1), (8, 1), (8, 0), (7, 0), (6, 0), (6, 1), (6, 2), (6, 3), (6, 4), (6, 5), (6, 6), (6, 7), (6, 8), (6, 9), (6, 9)], 1: [(11, 4), (12, 4), (13, 4), (13, 5), (13, 6), (13, 7), (13, 6), (13, 5), (13, 4), (13, 4)], 2: [(3, 0), (2, 0), (1, 0), (0, 0), (0, 1), (0, 2), (0, 3), (0, 4), (0, 5), (1, 5), (1, 6), (1, 7), (1, 8), (1, 9), (1, 10), (2, 10), (3, 10), (4, 10), (5, 10), (6, 10), (7, 10), (8, 10), (8, 11), (8, 12), (8, 13), (8, 13)], 3: [(12, 9), (11, 9), (11, 10), (11, 11), (11, 11)], 4: [(4, 14), (5, 14), (6, 14), (7, 14), (8, 14), (9, 14), (9, 15), (9, 14), (9, 13), (9, 12), (9, 11), (9, 10), (9, 9), (9, 8), (10, 8), (10, 8)]}, 24)