

CBSS-C STATS
starts:[166, 153, 56, 210, 171]
targets:[112, 224, 230, 64, 111, 23, 63, 234, 198, 146]
dests:[51, 125, 241, 251, 128]
ac_dict:{112: {0, 1}, 224: {1, 2}, 230: {2, 3}, 64: {3, 4}, 51: {0}, 125: {1}, 241: {2}, 251: {3}, 128: {4}}
clusters:[0 1 0 1 0 0 0 0 0 0]

round: 2
best_g_value: 61.0
open_list_size: 1
num_low_level_expanded: 352
search_success: 1
search_time: 0.06631354475393891
n_tsp_call: 1
n_tsp_time: 0.05320614809170365
n_roots: 1
num_conflicts: 1
target_assignment: {146: 4, 224: 2}
cluster_target_selection: {0: 146, 1: 224}
num_nodes_transformed_graph: 27
agent_paths:({0: [(6, 10), (5, 10), (4, 10), (3, 10), (3, 9), (3, 8), (3, 7), (3, 6), (3, 5), (3, 4), (3, 3), (3, 3)], 1: [(9, 9), (9, 8), (9, 7), (10, 7), (11, 7), (12, 7), (13, 7), (13, 7)], 2: [(8, 3), (7, 3), (6, 3), (5, 3), (4, 3), (3, 3), (2, 3), (1, 3), (1, 4), (1, 5), (1, 6), (1, 7), (1, 8), (1, 9), (0, 9), (0, 10), (0, 11), (0, 12), (0, 13), (0, 14), (1, 14), (1, 15), (1, 15)], 3: [(2, 13), (3, 13), (4, 13), (5, 13), (6, 13), (7, 13), (8, 13), (9, 13), (10, 13), (11, 13), (11, 14), (11, 15), (11, 15)], 4: [(11, 10), (10, 10), (9, 10), (8, 10), (7, 10), (6, 10), (5, 10), (4, 10), (3, 10), (2, 10), (2, 9), (1, 9), (0, 9), (0, 8), (0, 8)]}, 21)