

CBSS-C STATS
starts:[5, 156, 185, 113, 86, 228, 33, 154, 70, 39]
targets:[117, 71, 106, 255, 215, 72, 17, 242, 151, 42]
dests:[130, 158, 6, 98, 145, 136, 35, 57, 157, 13]
ac_dict:{117: {0, 1}, 71: {1, 2}, 106: {2, 3}, 255: {3, 4}, 215: {4, 5}, 72: {5, 6}, 17: {6, 7}, 242: {8, 7}, 151: {8, 9}, 130: {0}, 158: {1}, 6: {2}, 98: {3}, 145: {4}, 136: {5}, 35: {6}, 57: {7}, 157: {8}, 13: {9}}
clusters:[1 3 0 4 4 4 2 0 2 1]

round: 3
best_g_value: 79.0
open_list_size: 2
num_low_level_expanded: 297
search_success: 1
search_time: 0.22674585320055485
n_tsp_call: 1
n_tsp_time: 0.2100082403048873
n_roots: 1
num_conflicts: 2
target_assignment: {151: 8, 106: 2, 71: 2, 215: 5, 42: 9}
cluster_target_selection: {2: 151, 0: 106, 3: 71, 4: 215, 1: 42}
num_nodes_transformed_graph: 48
agent_paths:({0: [(5, 0), (4, 0), (4, 1), (4, 2), (4, 3), (3, 3), (3, 4), (3, 5), (3, 6), (3, 7), (2, 7), (2, 8), (2, 8)], 1: [(12, 9), (13, 9), (14, 9), (14, 9)], 2: [(9, 11), (9, 10), (9, 9), (9, 8), (9, 7), (9, 6), (10, 6), (9, 6), (8, 6), (7, 6), (7, 5), (7, 4), (6, 4), (6, 3), (6, 2), (6, 1), (6, 0), (6, 0)], 3: [(1, 7), (1, 6), (2, 6), (2, 6)], 4: [(6, 5), (5, 5), (4, 5), (3, 5), (2, 5), (1, 5), (1, 6), (1, 7), (1, 8), (1, 9), (1, 9)], 5: [(4, 14), (4, 13), (5, 13), (6, 13), (7, 13), (7, 12), (7, 11), (7, 10), (7, 9), (7, 8), (8, 8), (8, 8)], 6: [(1, 2), (2, 2), (3, 2), (3, 2)], 7: [(10, 9), (9, 9), (9, 8), (9, 7), (9, 6), (9, 5), (9, 4), (9, 3), (9, 3)], 8: [(6, 4), (7, 4), (7, 5), (7, 6), (7, 7), (7, 8), (7, 9), (8, 9), (9, 9), (10, 9), (11, 9), (12, 9), (13, 9), (13, 9)], 9: [(7, 2), (8, 2), (9, 2), (10, 2), (10, 1), (10, 0), (11, 0), (12, 0), (13, 0), (13, 0)]}, 16)