

CBSS-C STATS
starts:[19, 6, 219, 148, 83]
targets:[200, 112, 65, 5, 70, 239, 103, 131, 27, 123]
dests:[228, 212, 165, 25, 242]
ac_dict:{200: {0, 1}, 112: {1, 2}, 65: {2, 3}, 5: {3, 4}, 228: {0}, 212: {1}, 165: {2}, 25: {3}, 242: {4}}
clusters:[0 4 2 2 2 4 2 0 1 3]

round: 1
best_g_value: 74.0
open_list_size: 0
num_low_level_expanded: 178
search_success: 1
search_time: 0.2415236486122012
n_tsp_call: 1
n_tsp_time: 0.2300219158641994
n_roots: 1
num_conflicts: 0
target_assignment: {123: 3, 27: 3, 70: 1, 112: 1, 131: 4}
cluster_target_selection: {3: 123, 1: 27, 2: 70, 4: 112, 0: 131}
num_nodes_transformed_graph: 48
agent_paths:({0: [(3, 1), (4, 1), (4, 2), (4, 3), (4, 4), (4, 5), (4, 6), (4, 7), (4, 8), (4, 9), (4, 10), (4, 11), (4, 12), (4, 13), (4, 14), (4, 14)], 1: [(6, 0), (6, 1), (6, 2), (6, 3), (6, 4), (5, 4), (4, 4), (3, 4), (2, 4), (1, 4), (0, 4), (0, 5), (0, 6), (0, 7), (1, 7), (2, 7), (3, 7), (4, 7), (4, 8), (4, 9), (4, 10), (4, 11), (4, 12), (4, 13), (4, 13)], 2: [(11, 13), (10, 13), (9, 13), (8, 13), (7, 13), (6, 13), (5, 13), (5, 12), (5, 11), (5, 10), (5, 10)], 3: [(4, 9), (4, 8), (4, 7), (5, 7), (6, 7), (7, 7), (8, 7), (9, 7), (10, 7), (11, 7), (11, 6), (11, 5), (11, 4), (11, 3), (11, 2), (11, 1), (10, 1), (9, 1), (9, 1)], 4: [(3, 5), (3, 6), (3, 7), (3, 8), (2, 8), (2, 9), (2, 10), (2, 11), (2, 12), (2, 13), (2, 14), (2, 15), (2, 15)]}, 23)