

CBSS-C STATS
starts:[228, 61, 243, 76, 179]
targets:[244, 117, 208, 132, 130, 95, 72, 34, 141, 209, 142, 63, 27, 189, 170, 90, 195, 92, 144, 97]
dests:[238, 247, 89, 192, 1]
ac_dict:{244: {0, 1}, 117: {1, 2}, 208: {2, 3}, 132: {3, 4}, 238: {0}, 247: {1}, 89: {2}, 192: {3}, 1: {4}}
clusters:[9 6 2 2 8 6 3 8 4 5 6 9 4 0 4 7 2 7 1 4]

round: 1
best_g_value: 85.0
open_list_size: 0
num_low_level_expanded: 198
search_success: 1
search_time: 1.963295171968639
n_tsp_call: 1
n_tsp_time: 1.9401754969730973
n_roots: 1
num_conflicts: 0
target_assignment: {244: 0, 72: 3, 97: 3, 144: 3, 209: 3, 208: 3, 34: 4, 92: 1, 189: 1, 117: 2}
cluster_target_selection: {9: 244, 3: 72, 4: 97, 1: 144, 5: 209, 2: 208, 8: 34, 7: 92, 0: 189, 6: 117}
num_nodes_transformed_graph: 98
agent_paths:({0: [(4, 14), (4, 15), (4, 14), (5, 14), (6, 14), (7, 14), (8, 14), (9, 14), (10, 14), (11, 14), (12, 14), (13, 14), (14, 14), (14, 14)], 1: [(13, 3), (12, 3), (12, 4), (12, 5), (13, 5), (13, 6), (13, 7), (13, 8), (13, 9), (13, 10), (13, 11), (12, 11), (11, 11), (10, 11), (9, 11), (8, 11), (7, 11), (7, 12), (7, 13), (7, 14), (7, 15), (7, 15)], 2: [(3, 15), (3, 14), (3, 13), (3, 12), (3, 11), (3, 10), (3, 9), (3, 8), (3, 7), (4, 7), (5, 7), (5, 6), (5, 5), (6, 5), (7, 5), (8, 5), (9, 5), (9, 5)], 3: [(12, 4), (11, 4), (10, 4), (9, 4), (8, 4), (7, 4), (6, 4), (5, 4), (4, 4), (3, 4), (2, 4), (1, 4), (1, 5), (1, 6), (0, 6), (0, 7), (0, 8), (0, 9), (1, 9), (1, 10), (1, 11), (1, 12), (1, 13), (0, 13), (0, 12), (0, 12)], 4: [(3, 11), (2, 11), (2, 10), (2, 9), (2, 8), (2, 7), (2, 6), (2, 5), (2, 4), (2, 3), (2, 2), (1, 2), (1, 1), (1, 0), (1, 0)]}, 24)