

CBSS-C STATS
starts:[233, 172, 247, 70, 86, 141, 206, 144, 253, 74]
targets:[77, 18, 187, 174, 169, 151, 127, 154, 11, 193, 111, 136, 10, 145, 112]
dests:[66, 225, 148, 37, 215, 146, 29, 68, 93, 4]
ac_dict:{77: {0, 1}, 18: {1, 2}, 187: {2, 3}, 174: {3, 4}, 169: {4, 5}, 151: {5, 6}, 127: {6, 7}, 154: {8, 7}, 11: {8, 9}, 66: {0}, 225: {1}, 148: {2}, 37: {3}, 215: {4}, 146: {5}, 29: {6}, 68: {7}, 93: {8}, 4: {9}}
clusters:[3 6 2 4 8 9 0 8 1 9 5 9 7 0 2]

round: 8
best_g_value: 144.0
open_list_size: 7
num_low_level_expanded: 1046
search_success: 1
search_time: 0.4387425002641976
n_tsp_call: 1
n_tsp_time: 0.38742561684921384
n_roots: 1
num_conflicts: 7
target_assignment: {136: 0, 111: 6, 11: 9, 10: 9, 77: 1, 18: 1, 145: 1, 112: 7, 174: 4, 169: 4}
cluster_target_selection: {9: 136, 5: 111, 1: 11, 7: 10, 3: 77, 6: 18, 0: 145, 2: 112, 4: 174, 8: 169}
num_nodes_transformed_graph: 55
agent_paths:({0: [(9, 14), (8, 14), (8, 13), (8, 12), (8, 11), (8, 10), (8, 9), (8, 8), (7, 8), (6, 8), (5, 8), (4, 8), (3, 8), (2, 8), (2, 7), (2, 6), (2, 5), (2, 4), (2, 4)], 1: [(12, 10), (12, 9), (12, 8), (12, 7), (12, 6), (12, 5), (12, 4), (13, 4), (12, 4), (11, 4), (10, 4), (9, 4), (8, 4), (7, 4), (6, 4), (5, 4), (5, 3), (4, 3), (3, 3), (2, 3), (2, 2), (2, 1), (1, 1), (1, 2), (1, 3), (1, 4), (1, 5), (1, 6), (1, 7), (1, 8), (1, 9), (1, 10), (1, 11), (1, 12), (1, 13), (1, 14), (1, 14)], 2: [(7, 15), (6, 15), (5, 15), (4, 15), (4, 14), (4, 13), (4, 12), (4, 11), (4, 10), (4, 9), (4, 9)], 3: [(6, 4), (5, 4), (5, 3), (5, 2), (5, 2)], 4: [(6, 5), (7, 5), (8, 5), (9, 5), (10, 5), (11, 5), (12, 5), (13, 5), (13, 6), (14, 6), (14, 7), (14, 8), (14, 9), (14, 10), (13, 10), (12, 10), (11, 10), (10, 10), (9, 10), (8, 10), (7, 10), (7, 11), (7, 12), (7, 13), (7, 13)], 5: [(13, 8), (12, 8), (11, 8), (10, 8), (9, 8), (8, 8), (7, 8), (6, 8), (5, 8), (4, 8), (3, 8), (2, 8), (2, 9), (2, 9)], 6: [(14, 12), (14, 11), (14, 10), (14, 9), (14, 8), (14, 7), (14, 6), (15, 6), (14, 6), (14, 5), (14, 4), (13, 4), (13, 3), (13, 2), (13, 1), (13, 1)], 7: [(0, 9), (0, 8), (0, 7), (0, 6), (0, 5), (0, 4), (1, 4), (2, 4), (3, 4), (4, 4), (4, 4)], 8: [(13, 15), (13, 14), (13, 13), (13, 12), (13, 11), (13, 10), (13, 9), (13, 8), (13, 7), (13, 6), (13, 5), (13, 5)], 9: [(10, 4), (10, 3), (10, 2), (10, 1), (10, 0), (11, 0), (10, 0), (9, 0), (8, 0), (7, 0), (6, 0), (5, 0), (4, 0), (4, 0)]}, 35)