

CBSS-C STATS
starts:[196, 29, 134, 207, 110]
targets:[28, 239, 78, 67, 174, 137, 169, 224, 49, 82]
dests:[133, 192, 190, 163, 139]
ac_dict:{28: {0, 1}, 239: {1, 2}, 78: {2, 3}, 67: {3, 4}, 133: {0}, 192: {1}, 190: {2}, 163: {3}, 139: {4}}
clusters:[1 0 3 3 4 2 4 0 1 0]

round: 4
best_g_value: 71.0
open_list_size: 3
num_low_level_expanded: 718
search_success: 1
search_time: 0.14803375722840428
n_tsp_call: 1
n_tsp_time: 0.12656368222087622
n_roots: 1
num_conflicts: 3
target_assignment: {78: 2, 28: 1, 137: 1, 169: 1, 224: 1}
cluster_target_selection: {3: 78, 1: 28, 2: 137, 4: 169, 0: 224}
num_nodes_transformed_graph: 29
agent_paths:({0: [(4, 12), (4, 11), (4, 10), (4, 9), (4, 8), (5, 8), (5, 8)], 1: [(13, 1), (12, 1), (11, 1), (10, 1), (10, 2), (10, 3), (10, 4), (10, 5), (9, 5), (9, 6), (9, 7), (9, 8), (9, 9), (9, 10), (8, 10), (7, 10), (6, 10), (5, 10), (4, 10), (4, 11), (3, 11), (2, 11), (1, 11), (0, 11), (0, 12), (0, 13), (0, 14), (0, 13), (0, 12), (0, 12)], 2: [(6, 8), (6, 7), (6, 6), (6, 5), (6, 4), (7, 4), (8, 4), (9, 4), (10, 4), (11, 4), (12, 4), (13, 4), (14, 4), (14, 5), (14, 6), (14, 7), (14, 8), (14, 9), (14, 10), (14, 11), (14, 11)], 3: [(15, 12), (14, 12), (13, 12), (12, 12), (11, 12), (10, 12), (9, 12), (8, 12), (7, 12), (6, 12), (5, 12), (4, 12), (3, 12), (3, 11), (3, 10), (3, 10)], 4: [(14, 6), (13, 6), (12, 6), (11, 6), (11, 7), (11, 8), (11, 8)]}, 28)