

CBSS-C STATS
starts:[202, 113, 173, 185, 22]
targets:[98, 160, 241, 176, 239, 163, 89, 183, 50, 7]
dests:[174, 135, 73, 230, 144]
ac_dict:{98: {0, 1}, 160: {1, 2}, 241: {2, 3}, 176: {3, 4}, 174: {0}, 135: {1}, 73: {2}, 230: {3}, 144: {4}}
clusters:[0 0 0 1 0 0 0 1 1 0]

round: 2
best_g_value: 43.0
open_list_size: 1
num_low_level_expanded: 158
search_success: 1
search_time: 0.0566351399756968
n_tsp_call: 1
n_tsp_time: 0.04780943412333727
n_roots: 1
num_conflicts: 1
target_assignment: {89: 2, 50: 4}
cluster_target_selection: {0: 89, 1: 50}
num_nodes_transformed_graph: 29
agent_paths:({0: [(10, 12), (10, 11), (11, 11), (11, 10), (12, 10), (13, 10), (14, 10), (14, 10)], 1: [(1, 7), (2, 7), (3, 7), (4, 7), (5, 7), (6, 7), (7, 7), (7, 8), (7, 8)], 2: [(13, 10), (12, 10), (11, 10), (10, 10), (9, 10), (9, 9), (9, 8), (9, 7), (9, 6), (9, 5), (9, 4), (9, 4)], 3: [(9, 11), (8, 11), (7, 11), (6, 11), (6, 12), (6, 13), (6, 14), (6, 14)], 4: [(6, 1), (5, 1), (4, 1), (3, 1), (2, 1), (2, 2), (2, 3), (1, 3), (0, 3), (0, 4), (0, 5), (0, 6), (0, 7), (0, 8), (0, 9), (0, 9)]}, 14)