

CBSS-C STATS
starts:[118, 208, 111, 108, 79]
targets:[21, 231, 255, 165, 48, 219, 204, 95, 8, 212]
dests:[0, 246, 188, 29, 232]
ac_dict:{21: {0, 1}, 231: {1, 2}, 255: {2, 3}, 165: {3, 4}, 0: {0}, 246: {1}, 188: {2}, 29: {3}, 232: {4}}
clusters:[0 1 0 1 1 1 1 0 1 1]

round: 2
best_g_value: 52.0
open_list_size: 1
num_low_level_expanded: 250
search_success: 1
search_time: 0.0688937078230083
n_tsp_call: 1
n_tsp_time: 0.05782800307497382
n_roots: 1
num_conflicts: 1
target_assignment: {95: 4, 204: 4}
cluster_target_selection: {0: 95, 1: 204}
num_nodes_transformed_graph: 28
agent_paths:({0: [(6, 7), (5, 7), (4, 7), (3, 7), (2, 7), (1, 7), (0, 7), (0, 6), (0, 5), (0, 4), (0, 3), (0, 2), (0, 1), (0, 0), (0, 0)], 1: [(0, 13), (1, 13), (2, 13), (3, 13), (4, 13), (5, 13), (6, 13), (6, 14), (6, 15), (6, 15)], 2: [(15, 6), (14, 6), (13, 6), (12, 6), (12, 7), (12, 8), (12, 9), (12, 10), (12, 11), (12, 11)], 3: [(12, 6), (12, 5), (12, 4), (12, 3), (12, 2), (12, 1), (13, 1), (13, 1)], 4: [(15, 4), (15, 5), (14, 5), (13, 5), (13, 6), (13, 7), (13, 8), (13, 9), (13, 10), (13, 11), (13, 12), (12, 12), (11, 12), (10, 12), (9, 12), (8, 12), (8, 13), (8, 14), (8, 14)]}, 17)