

CBSS-C STATS
starts:[237, 61, 25, 27, 239]
targets:[134, 125, 223, 169, 115, 251, 51, 28, 88, 166, 4, 138, 171, 66, 189, 203, 73, 78, 173, 232]
dests:[214, 165, 157, 179, 143]
ac_dict:{134: {0, 1}, 125: {1, 2}, 223: {2, 3}, 169: {3, 4}, 214: {0}, 165: {1}, 157: {2}, 179: {3}, 143: {4}}
clusters:[4 9 9 7 8 5 5 6 2 9 0 2 7 7 5 3 5 1 3 0]

round: 2
best_g_value: 69.0
open_list_size: 1
num_low_level_expanded: 185
search_success: 1
search_time: 0.3066501705907285
n_tsp_call: 1
n_tsp_time: 0.29152240324765444
n_roots: 1
num_conflicts: 1
target_assignment: {232: 0, 28: 2, 173: 2, 78: 1, 138: 1, 134: 1, 115: 1, 73: 3, 169: 3, 166: 3}
cluster_target_selection: {0: 232, 6: 28, 3: 173, 1: 78, 2: 138, 4: 134, 8: 115, 5: 73, 7: 169, 9: 166}
num_nodes_transformed_graph: 47
agent_paths:({0: [(13, 14), (12, 14), (11, 14), (10, 14), (9, 14), (8, 14), (7, 14), (6, 14), (6, 13), (6, 13)], 1: [(13, 3), (14, 3), (14, 4), (13, 4), (12, 4), (11, 4), (10, 4), (10, 5), (10, 6), (10, 7), (10, 8), (9, 8), (8, 8), (7, 8), (6, 8), (5, 8), (4, 8), (3, 8), (3, 7), (4, 7), (5, 7), (5, 8), (5, 9), (5, 10), (5, 10)], 2: [(9, 1), (10, 1), (11, 1), (12, 1), (13, 1), (13, 2), (13, 3), (13, 4), (13, 5), (13, 6), (13, 7), (13, 8), (13, 9), (13, 10), (13, 9), (13, 9)], 3: [(11, 1), (11, 2), (10, 2), (9, 2), (9, 3), (9, 4), (9, 5), (9, 6), (9, 7), (9, 8), (9, 9), (9, 10), (8, 10), (7, 10), (6, 10), (5, 10), (4, 10), (3, 10), (3, 11), (3, 11)], 4: [(15, 14), (15, 13), (15, 12), (15, 11), (15, 10), (15, 9), (15, 8), (15, 8)]}, 23)