

CBSS-C STATS
starts:[232, 137, 40, 208, 96, 144, 48, 51, 165, 174]
targets:[152, 105, 66, 131, 114, 121, 57, 244, 88, 136, 162, 122, 185, 155, 41]
dests:[43, 94, 168, 42, 29, 176, 229, 85, 68, 124]
ac_dict:{152: {0, 1}, 105: {1, 2}, 66: {2, 3}, 131: {3, 4}, 114: {4, 5}, 121: {5, 6}, 57: {6, 7}, 244: {8, 7}, 88: {8, 9}, 43: {0}, 94: {1}, 168: {2}, 42: {3}, 29: {4}, 176: {5}, 229: {6}, 85: {7}, 68: {8}, 124: {9}}
clusters:[1 5 2 9 3 9 8 4 0 2 0 4 7 6 7]

round: 2
best_g_value: 114.0
open_list_size: 1
num_low_level_expanded: 311
search_success: 1
search_time: 1.7430055676959455
n_tsp_call: 1
n_tsp_time: 1.7172557730227709
n_roots: 1
num_conflicts: 1
target_assignment: {152: 0, 155: 0, 162: 3, 131: 3, 122: 3, 57: 7, 105: 1, 136: 2, 114: 4, 41: 4}
cluster_target_selection: {1: 152, 6: 155, 0: 162, 9: 131, 4: 122, 8: 57, 5: 105, 2: 136, 3: 114, 7: 41}
num_nodes_transformed_graph: 98
agent_paths:({0: [(8, 14), (8, 13), (8, 12), (8, 11), (8, 10), (8, 9), (9, 9), (10, 9), (11, 9), (11, 8), (11, 7), (11, 6), (11, 5), (11, 4), (11, 3), (11, 2), (11, 2)], 1: [(9, 8), (9, 7), (9, 6), (9, 5), (10, 5), (11, 5), (12, 5), (13, 5), (14, 5), (14, 5)], 2: [(8, 2), (8, 3), (8, 4), (8, 5), (8, 6), (8, 7), (8, 8), (8, 9), (8, 10), (8, 10)], 3: [(0, 13), (0, 12), (1, 12), (1, 11), (1, 10), (2, 10), (2, 9), (2, 8), (3, 8), (3, 7), (4, 7), (5, 7), (6, 7), (7, 7), (8, 7), (9, 7), (10, 7), (10, 6), (10, 5), (10, 4), (10, 3), (10, 2), (10, 2)], 4: [(0, 6), (1, 6), (2, 6), (2, 7), (2, 6), (2, 5), (2, 4), (2, 3), (2, 2), (3, 2), (4, 2), (5, 2), (6, 2), (7, 2), (8, 2), (9, 2), (9, 1), (10, 1), (11, 1), (12, 1), (13, 1), (13, 1)], 5: [(0, 9), (0, 10), (0, 11), (0, 11)], 6: [(0, 3), (1, 3), (2, 3), (3, 3), (4, 3), (5, 3), (5, 4), (5, 5), (5, 6), (5, 7), (5, 8), (5, 9), (5, 10), (5, 11), (5, 12), (5, 13), (5, 14), (5, 14)], 7: [(3, 3), (4, 3), (5, 3), (6, 3), (7, 3), (8, 3), (9, 3), (8, 3), (7, 3), (6, 3), (5, 3), (5, 4), (5, 5), (5, 5)], 8: [(5, 10), (4, 10), (4, 9), (4, 8), (4, 7), (4, 6), (4, 5), (4, 4), (4, 4)], 9: [(14, 10), (13, 10), (12, 10), (12, 9), (12, 8), (12, 7), (12, 7)]}, 21)