

CBSS-C STATS
starts:[139, 111, 47, 164, 88]
targets:[247, 37, 231, 104, 82, 240, 34, 21, 202, 4]
dests:[117, 188, 120, 213, 64]
ac_dict:{247: {0, 1}, 37: {1, 2}, 231: {2, 3}, 104: {3, 4}, 117: {0}, 188: {1}, 120: {2}, 213: {3}, 64: {4}}
clusters:[1 0 1 1 2 3 2 3 1 4]

round: 1
best_g_value: 54.0
open_list_size: 0
num_low_level_expanded: 125
search_success: 1
search_time: 0.44331307522952557
n_tsp_call: 1
n_tsp_time: 0.4344644360244274
n_roots: 1
num_conflicts: 0
target_assignment: {37: 2, 21: 2, 4: 2, 104: 4, 82: 4}
cluster_target_selection: {0: 37, 3: 21, 4: 4, 1: 104, 2: 82}
num_nodes_transformed_graph: 48
agent_paths:({0: [(11, 8), (10, 8), (9, 8), (8, 8), (7, 8), (6, 8), (5, 8), (5, 7), (5, 7)], 1: [(15, 6), (14, 6), (13, 6), (12, 6), (12, 7), (12, 8), (12, 9), (12, 10), (12, 11), (12, 11)], 2: [(15, 2), (14, 2), (13, 2), (12, 2), (11, 2), (10, 2), (9, 2), (8, 2), (7, 2), (6, 2), (5, 2), (5, 1), (4, 1), (4, 0), (5, 0), (6, 0), (7, 0), (8, 0), (8, 1), (8, 2), (8, 3), (8, 4), (8, 5), (8, 6), (8, 7), (8, 7)], 3: [(4, 10), (5, 10), (5, 11), (5, 12), (5, 13), (5, 13)], 4: [(8, 5), (8, 6), (7, 6), (6, 6), (5, 6), (4, 6), (3, 6), (2, 6), (2, 5), (1, 5), (0, 5), (0, 4), (0, 4)]}, 24)