

CBSS-C STATS
starts:[119, 213, 7, 117, 25]
targets:[199, 186, 132, 170, 166, 111, 233, 0, 234, 63]
dests:[238, 46, 103, 76, 21]
ac_dict:{199: {0, 1}, 186: {1, 2}, 132: {2, 3}, 170: {3, 4}, 238: {0}, 46: {1}, 103: {2}, 76: {3}, 21: {4}}
clusters:[0 0 4 3 1 2 2 0 1 3]

round: 3
best_g_value: 60.0
open_list_size: 1
num_low_level_expanded: 310
search_success: 1
search_time: 0.08389399386942387
n_tsp_call: 1
n_tsp_time: 0.07074311468750238
n_roots: 1
num_conflicts: 2
target_assignment: {234: 0, 132: 3, 186: 1, 111: 1, 63: 1}
cluster_target_selection: {1: 234, 4: 132, 0: 186, 2: 111, 3: 63}
num_nodes_transformed_graph: 29
agent_paths:({0: [(7, 7), (8, 7), (9, 7), (9, 8), (9, 9), (9, 10), (9, 11), (9, 12), (10, 12), (10, 13), (10, 14), (11, 14), (12, 14), (13, 14), (14, 14), (14, 14)], 1: [(5, 13), (5, 12), (6, 12), (7, 12), (8, 12), (9, 12), (10, 12), (10, 11), (10, 10), (10, 9), (10, 8), (10, 7), (10, 6), (11, 6), (12, 6), (13, 6), (14, 6), (15, 6), (15, 5), (15, 4), (15, 3), (14, 3), (14, 2), (14, 2)], 2: [(7, 0), (7, 1), (7, 2), (7, 3), (7, 4), (7, 5), (7, 6), (7, 6)], 3: [(5, 7), (4, 7), (4, 8), (4, 7), (4, 6), (4, 5), (4, 4), (5, 4), (6, 4), (7, 4), (8, 4), (9, 4), (10, 4), (11, 4), (12, 4), (12, 4)], 4: [(9, 1), (8, 1), (7, 1), (6, 1), (5, 1), (5, 1)]}, 22)