

CBSS-C STATS
starts:[103, 159, 69, 76, 255]
targets:[251, 20, 165, 6, 136, 36, 142, 60, 228, 158]
dests:[94, 167, 233, 196, 174]
ac_dict:{251: {0, 1}, 20: {1, 2}, 165: {2, 3}, 6: {3, 4}, 94: {0}, 167: {1}, 233: {2}, 196: {3}, 174: {4}}
clusters:[2 4 0 2 2 0 0 1 2 3]

round: 1
best_g_value: 63.0
open_list_size: 0
num_low_level_expanded: 188
search_success: 1
search_time: 0.3066241228953004
n_tsp_call: 1
n_tsp_time: 0.2955117099918425
n_roots: 1
num_conflicts: 0
target_assignment: {60: 3, 136: 3, 165: 3, 158: 1, 20: 2}
cluster_target_selection: {1: 60, 2: 136, 0: 165, 3: 158, 4: 20}
num_nodes_transformed_graph: 48
agent_paths:({0: [(7, 6), (7, 5), (8, 5), (9, 5), (10, 5), (11, 5), (12, 5), (13, 5), (14, 5), (14, 5)], 1: [(15, 9), (14, 9), (13, 9), (12, 9), (11, 9), (10, 9), (9, 9), (8, 9), (7, 9), (7, 10), (7, 10)], 2: [(5, 4), (4, 4), (4, 3), (4, 2), (4, 1), (5, 1), (6, 1), (7, 1), (8, 1), (9, 1), (9, 2), (9, 3), (9, 4), (9, 5), (9, 6), (9, 7), (9, 8), (9, 9), (9, 10), (9, 11), (9, 12), (9, 13), (9, 14), (9, 14)], 3: [(12, 4), (12, 3), (11, 3), (10, 3), (9, 3), (8, 3), (8, 4), (8, 5), (8, 6), (8, 7), (8, 8), (7, 8), (6, 8), (5, 8), (5, 9), (5, 10), (4, 10), (4, 11), (4, 12), (4, 12)], 4: [(15, 15), (14, 15), (14, 14), (14, 13), (14, 12), (14, 11), (14, 10), (14, 10)]}, 22)