

CBSS-C STATS
starts:[73, 61, 22, 13, 94]
targets:[27, 51, 37, 26, 7, 190, 245, 180, 76, 99, 50, 108, 198, 65, 6, 97, 193, 160, 109, 209]
dests:[161, 167, 212, 25, 16]
ac_dict:{27: {0, 1}, 51: {1, 2}, 37: {2, 3}, 26: {3, 4}, 161: {0}, 167: {1}, 212: {2}, 25: {3}, 16: {4}}
clusters:[3 7 2 4 3 0 4 8 4 0 0 1 7 9 8 5 8 2 6 3]

round: 20
best_g_value: 71.0
open_list_size: 17
num_low_level_expanded: 1478
search_success: 1
search_time: 3.457948817871511
n_tsp_call: 14
n_tsp_time: 3.223199144937098
n_roots: 1
num_conflicts: 19
target_assignment: {97: 0, 37: 2, 51: 2, 50: 2, 193: 2, 209: 2, 76: 4, 65: 4, 109: 1, 108: 1}
cluster_target_selection: {5: 97, 2: 37, 7: 51, 0: 50, 8: 193, 3: 209, 4: 76, 9: 65, 6: 109, 1: 108}
num_nodes_transformed_graph: 51
agent_paths:({0: [(9, 4), (8, 4), (7, 4), (6, 4), (5, 4), (4, 4), (3, 4), (3, 5), (3, 6), (3, 6), (2, 6), (1, 6), (1, 7), (1, 8), (1, 9), (1, 10), (1, 10)], 1: [(13, 3), (13, 4), (13, 5), (13, 6), (12, 6), (11, 6), (10, 6), (9, 6), (8, 6), (7, 6), (7, 7), (7, 8), (7, 9), (7, 10), (7, 10)], 2: [(6, 1), (5, 1), (5, 2), (4, 2), (3, 2), (3, 3), (2, 3), (2, 4), (2, 5), (2, 6), (1, 6), (1, 7), (1, 8), (1, 9), (1, 10), (1, 11), (1, 12), (1, 13), (2, 13), (3, 13), (4, 13), (4, 13)], 3: [(13, 0), (12, 0), (11, 0), (10, 0), (9, 0), (9, 1), (9, 1)], 4: [(14, 5), (13, 5), (12, 5), (12, 4), (11, 4), (10, 4), (9, 4), (8, 4), (7, 4), (6, 4), (5, 4), (4, 4), (3, 4), (2, 4), (1, 4), (0, 4), (0, 3), (0, 2), (0, 1), (0, 1)]}, 20)