

CBSS-C STATS
starts:[23, 58, 175, 242, 127]
targets:[201, 125, 208, 180, 181, 178, 63, 155, 220, 142]
dests:[137, 250, 165, 10, 48]
ac_dict:{201: {0, 1}, 125: {1, 2}, 208: {2, 3}, 180: {3, 4}, 137: {0}, 250: {1}, 165: {2}, 10: {3}, 48: {4}}
clusters:[1 0 0 1 0 0 1 0 0 0]

round: 1
best_g_value: 73.0
open_list_size: 0
num_low_level_expanded: 182
search_success: 1
search_time: 0.06938428804278374
n_tsp_call: 1
n_tsp_time: 0.05976786185055971
n_roots: 1
num_conflicts: 0
target_assignment: {178: 3, 63: 4}
cluster_target_selection: {0: 178, 1: 63}
num_nodes_transformed_graph: 29
agent_paths:({0: [(7, 1), (8, 1), (9, 1), (9, 2), (9, 3), (9, 4), (9, 5), (9, 6), (9, 7), (9, 8), (9, 8)], 1: [(10, 3), (10, 4), (10, 5), (10, 6), (10, 7), (10, 8), (10, 9), (10, 10), (10, 11), (10, 12), (10, 13), (10, 14), (10, 15), (10, 15)], 2: [(15, 10), (14, 10), (13, 10), (12, 10), (11, 10), (10, 10), (9, 10), (8, 10), (7, 10), (6, 10), (5, 10), (5, 10)], 3: [(2, 15), (2, 14), (2, 13), (2, 12), (2, 11), (2, 10), (2, 9), (2, 8), (2, 7), (2, 6), (2, 5), (2, 4), (2, 3), (2, 2), (2, 1), (2, 0), (3, 0), (4, 0), (5, 0), (6, 0), (7, 0), (8, 0), (9, 0), (10, 0), (10, 0)], 4: [(15, 7), (15, 6), (15, 5), (15, 4), (15, 3), (14, 3), (13, 3), (12, 3), (11, 3), (10, 3), (9, 3), (8, 3), (7, 3), (6, 3), (5, 3), (4, 3), (3, 3), (2, 3), (1, 3), (0, 3), (0, 3)]}, 23)