

CBSS-C STATS
starts:[86, 54, 66, 13, 151]
targets:[237, 143, 35, 141, 133, 203, 118, 129, 119, 225]
dests:[230, 219, 238, 103, 36]
ac_dict:{237: {0, 1}, 143: {1, 2}, 35: {2, 3}, 141: {3, 4}, 230: {0}, 219: {1}, 238: {2}, 103: {3}, 36: {4}}
clusters:[0 0 0 1 1 0 1 0 1 0]

round: 1
best_g_value: 68.0
open_list_size: 0
num_low_level_expanded: 243
search_success: 1
search_time: 0.12683698814362288
n_tsp_call: 1
n_tsp_time: 0.1148886401206255
n_roots: 1
num_conflicts: 0
target_assignment: {203: 1, 133: 2}
cluster_target_selection: {0: 203, 1: 133}
num_nodes_transformed_graph: 48
agent_paths:({0: [(6, 5), (6, 6), (6, 7), (6, 8), (6, 9), (6, 10), (6, 11), (6, 12), (6, 13), (6, 14), (6, 14)], 1: [(6, 3), (7, 3), (8, 3), (9, 3), (10, 3), (11, 3), (11, 4), (11, 5), (11, 6), (11, 7), (11, 8), (11, 9), (11, 10), (11, 11), (11, 12), (11, 13), (11, 13)], 2: [(2, 4), (3, 4), (4, 4), (5, 4), (5, 5), (5, 6), (5, 7), (5, 8), (6, 8), (7, 8), (8, 8), (9, 8), (10, 8), (11, 8), (12, 8), (13, 8), (14, 8), (14, 9), (14, 10), (14, 11), (14, 12), (14, 13), (14, 14), (14, 14)], 3: [(13, 0), (12, 0), (11, 0), (10, 0), (9, 0), (8, 0), (7, 0), (7, 1), (7, 2), (7, 3), (7, 4), (7, 5), (7, 6), (7, 6)], 4: [(7, 9), (6, 9), (5, 9), (4, 9), (4, 8), (4, 7), (4, 6), (4, 5), (4, 4), (4, 3), (4, 2), (4, 2)]}, 22)