

CBSS-C STATS
starts:[187, 253, 243, 156, 14, 240, 219, 71, 22, 50]
targets:[6, 186, 90, 45, 181, 27, 65, 249, 106, 53]
dests:[100, 246, 0, 66, 227, 162, 141, 107, 144, 200]
ac_dict:{6: {0, 1}, 186: {1, 2}, 90: {2, 3}, 45: {3, 4}, 181: {4, 5}, 27: {5, 6}, 65: {6, 7}, 249: {8, 7}, 106: {8, 9}, 100: {0}, 246: {1}, 0: {2}, 66: {3}, 227: {4}, 162: {5}, 141: {6}, 107: {7}, 144: {8}, 200: {9}}
clusters:[3 0 0 4 2 0 1 3 0 4]

round: 5
best_g_value: 150.0
open_list_size: 4
num_low_level_expanded: 850
search_success: 1
search_time: 0.29905344313010573
n_tsp_call: 1
n_tsp_time: 0.2597136967815459
n_roots: 1
num_conflicts: 4
target_assignment: {6: 0, 65: 7, 90: 3, 53: 4, 181: 4}
cluster_target_selection: {3: 6, 1: 65, 0: 90, 4: 53, 2: 181}
num_nodes_transformed_graph: 48
agent_paths:({0: [(11, 11), (10, 11), (9, 11), (8, 11), (7, 11), (6, 11), (6, 10), (6, 9), (6, 8), (6, 7), (6, 6), (6, 5), (6, 4), (6, 3), (6, 2), (6, 1), (6, 0), (5, 0), (4, 0), (4, 1), (4, 2), (4, 3), (4, 4), (4, 5), (4, 6), (4, 6)], 1: [(13, 15), (12, 15), (11, 15), (10, 15), (9, 15), (8, 15), (7, 15), (6, 15), (6, 15)], 2: [(3, 15), (2, 15), (1, 15), (1, 14), (1, 13), (1, 12), (1, 11), (1, 10), (1, 9), (1, 8), (1, 7), (1, 6), (0, 6), (0, 5), (0, 4), (0, 3), (0, 2), (0, 1), (0, 0), (0, 0)], 3: [(12, 9), (11, 9), (10, 9), (10, 8), (10, 7), (10, 6), (10, 5), (9, 5), (8, 5), (7, 5), (6, 5), (5, 5), (4, 5), (3, 5), (2, 5), (2, 4), (2, 4)], 4: [(14, 0), (13, 0), (12, 0), (11, 0), (10, 0), (9, 0), (8, 0), (7, 0), (6, 0), (5, 0), (5, 1), (5, 2), (5, 3), (5, 4), (5, 5), (5, 6), (5, 7), (5, 8), (5, 9), (5, 10), (5, 11), (4, 11), (3, 11), (3, 12), (3, 13), (3, 14), (3, 14)], 5: [(0, 15), (0, 14), (0, 13), (0, 12), (0, 11), (0, 10), (1, 10), (2, 10), (2, 10)], 6: [(11, 13), (11, 12), (11, 11), (11, 10), (11, 9), (11, 8), (12, 8), (13, 8), (13, 8)], 7: [(7, 4), (6, 4), (5, 4), (4, 4), (3, 4), (2, 4), (1, 4), (2, 4), (3, 4), (4, 4), (5, 4), (6, 4), (7, 4), (8, 4), (9, 4), (10, 4), (11, 4), (11, 5), (11, 6), (11, 6)], 8: [(6, 1), (5, 1), (4, 1), (3, 1), (2, 1), (1, 1), (0, 1), (0, 2), (0, 3), (0, 4), (0, 5), (0, 6), (0, 7), (0, 8), (0, 9), (0, 9)], 9: [(2, 3), (3, 3), (4, 3), (5, 3), (6, 3), (7, 3), (7, 4), (7, 5), (7, 6), (8, 6), (8, 7), (8, 8), (8, 9), (8, 10), (8, 11), (8, 12), (8, 12)]}, 25)