

CBSS-C STATS
starts:[26, 49, 34, 55, 194]
targets:[210, 202, 98, 228, 14, 148, 198, 115, 94, 163, 135, 156, 134, 222, 164, 247, 84, 165, 19, 144]
dests:[70, 253, 86, 116, 58]
ac_dict:{210: {0, 1}, 202: {1, 2}, 98: {2, 3}, 228: {3, 4}, 70: {0}, 253: {1}, 86: {2}, 116: {3}, 58: {4}}
clusters:[8 8 6 2 4 0 4 5 3 1 7 7 8 0 8 1 9 4 9 8]

round: 8
best_g_value: 76.0
open_list_size: 5
num_low_level_expanded: 655
search_success: 1
search_time: 0.33559828624129295
n_tsp_call: 1
n_tsp_time: 0.30496318032965064
n_roots: 1
num_conflicts: 7
target_assignment: {115: 1, 148: 1, 198: 1, 247: 1, 98: 2, 228: 4, 134: 4, 135: 4, 94: 4, 84: 3}
cluster_target_selection: {5: 115, 0: 148, 4: 198, 1: 247, 6: 98, 2: 228, 8: 134, 7: 135, 3: 94, 9: 84}
num_nodes_transformed_graph: 45
agent_paths:({0: [(10, 1), (9, 1), (8, 1), (7, 1), (6, 1), (6, 2), (6, 3), (6, 4), (6, 4)], 1: [(1, 3), (1, 4), (1, 5), (1, 6), (1, 7), (2, 7), (3, 7), (3, 8), (4, 8), (4, 9), (4, 10), (5, 10), (6, 10), (6, 11), (6, 12), (7, 12), (7, 13), (7, 14), (7, 15), (8, 15), (9, 15), (10, 15), (11, 15), (12, 15), (13, 15), (13, 15)], 2: [(2, 2), (2, 3), (2, 4), (2, 5), (2, 6), (2, 5), (3, 5), (4, 5), (5, 5), (6, 5), (6, 5)], 3: [(7, 3), (6, 3), (5, 3), (4, 3), (4, 4), (4, 5), (4, 6), (4, 7), (4, 7)], 4: [(2, 12), (3, 12), (4, 12), (4, 13), (4, 14), (4, 13), (4, 12), (4, 11), (4, 10), (5, 10), (5, 9), (5, 8), (6, 8), (7, 8), (7, 7), (7, 6), (7, 5), (8, 5), (9, 5), (10, 5), (11, 5), (12, 5), (13, 5), (14, 5), (13, 5), (12, 5), (11, 5), (10, 5), (10, 4), (10, 3), (10, 3)]}, 29)