

CBSS-C STATS
starts:[166, 110, 44, 88, 121, 221, 151, 225, 39, 118]
targets:[223, 135, 28, 24, 167, 107, 216, 90, 43, 139, 240, 54, 214, 190, 199]
dests:[104, 4, 142, 89, 153, 176, 140, 235, 132, 222]
ac_dict:{223: {0, 1}, 135: {1, 2}, 28: {2, 3}, 24: {3, 4}, 167: {4, 5}, 107: {5, 6}, 216: {6, 7}, 90: {8, 7}, 43: {8, 9}, 104: {0}, 4: {1}, 142: {2}, 89: {3}, 153: {4}, 176: {5}, 140: {6}, 235: {7}, 132: {8}, 222: {9}}
clusters:[2 6 0 4 3 8 1 3 9 8 9 1 7 5 8]

round: 3
best_g_value: 119.0
open_list_size: 2
num_low_level_expanded: 578
search_success: 1
search_time: 1.4826825950294733
n_tsp_call: 1
n_tsp_time: 1.4530242281034589
n_roots: 1
num_conflicts: 2
target_assignment: {240: 7, 24: 3, 214: 9, 199: 5, 167: 5, 28: 2, 54: 8, 223: 1, 190: 1, 135: 1}
cluster_target_selection: {9: 240, 4: 24, 7: 214, 8: 199, 3: 167, 0: 28, 1: 54, 2: 223, 5: 190, 6: 135}
num_nodes_transformed_graph: 98
agent_paths:({0: [(6, 10), (7, 10), (7, 9), (7, 8), (7, 7), (7, 6), (8, 6), (8, 6)], 1: [(14, 6), (15, 6), (15, 7), (15, 8), (15, 9), (15, 10), (15, 11), (15, 12), (15, 13), (14, 13), (14, 12), (14, 11), (13, 11), (12, 11), (11, 11), (10, 11), (9, 11), (8, 11), (7, 11), (7, 10), (7, 9), (7, 8), (6, 8), (5, 8), (5, 7), (4, 7), (4, 6), (4, 5), (4, 4), (4, 3), (4, 2), (4, 1), (4, 0), (4, 0)], 2: [(12, 2), (12, 1), (13, 1), (14, 1), (14, 2), (14, 3), (14, 4), (14, 5), (14, 6), (14, 7), (14, 8), (14, 8)], 3: [(8, 5), (8, 4), (8, 3), (8, 2), (8, 1), (9, 1), (9, 2), (9, 3), (9, 4), (9, 5), (9, 5)], 4: [(9, 7), (9, 8), (9, 9), (9, 9)], 5: [(13, 13), (12, 13), (11, 13), (10, 13), (9, 13), (8, 13), (7, 13), (7, 12), (7, 11), (7, 10), (6, 10), (5, 10), (4, 10), (3, 10), (2, 10), (1, 10), (0, 10), (0, 11), (0, 11)], 6: [(7, 9), (7, 8), (8, 8), (9, 8), (10, 8), (11, 8), (12, 8), (12, 8)], 7: [(1, 14), (0, 14), (0, 15), (0, 14), (1, 14), (2, 14), (3, 14), (4, 14), (5, 14), (6, 14), (7, 14), (8, 14), (9, 14), (10, 14), (11, 14), (11, 14)], 8: [(7, 2), (6, 2), (6, 3), (5, 3), (4, 3), (4, 4), (4, 5), (4, 6), (4, 7), (4, 8), (4, 8)], 9: [(6, 7), (6, 8), (6, 9), (6, 10), (6, 11), (6, 12), (6, 13), (7, 13), (8, 13), (9, 13), (10, 13), (11, 13), (12, 13), (13, 13), (14, 13), (14, 13)]}, 32)