

CBSS-C STATS
starts:[113, 210, 38, 74, 141]
targets:[35, 206, 156, 248, 109, 214, 41, 32, 102, 192]
dests:[148, 140, 216, 5, 85]
ac_dict:{35: {0, 1}, 206: {1, 2}, 156: {2, 3}, 248: {3, 4}, 148: {0}, 140: {1}, 216: {2}, 5: {3}, 85: {4}}
clusters:[2 1 4 3 2 2 4 4 0 0]

round: 2
best_g_value: 81.0
open_list_size: 1
num_low_level_expanded: 277
search_success: 1
search_time: 0.10308310529217124
n_tsp_call: 1
n_tsp_time: 0.08728020591661334
n_roots: 1
num_conflicts: 1
target_assignment: {102: 2, 214: 2, 206: 1, 248: 3, 41: 3}
cluster_target_selection: {0: 102, 2: 214, 1: 206, 3: 248, 4: 41}
num_nodes_transformed_graph: 29
agent_paths:({0: [(1, 7), (2, 7), (3, 7), (4, 7), (4, 8), (4, 9), (4, 9)], 1: [(2, 13), (2, 12), (3, 12), (4, 12), (5, 12), (6, 12), (7, 12), (8, 12), (9, 12), (10, 12), (11, 12), (12, 12), (13, 12), (14, 12), (13, 12), (12, 12), (12, 11), (12, 10), (12, 9), (12, 8), (12, 8)], 2: [(6, 2), (6, 3), (6, 4), (6, 5), (6, 6), (6, 7), (6, 8), (6, 9), (6, 10), (6, 11), (6, 12), (6, 13), (7, 13), (8, 13), (8, 13)], 3: [(10, 4), (9, 4), (8, 4), (8, 5), (8, 6), (8, 7), (8, 8), (8, 9), (8, 10), (8, 11), (8, 12), (8, 13), (8, 14), (8, 15), (8, 14), (9, 14), (9, 13), (9, 12), (9, 11), (9, 10), (9, 9), (9, 8), (9, 7), (9, 6), (9, 5), (9, 4), (9, 3), (9, 2), (8, 2), (7, 2), (6, 2), (5, 2), (5, 1), (5, 0), (5, 0)], 4: [(13, 8), (12, 8), (11, 8), (10, 8), (9, 8), (8, 8), (7, 8), (6, 8), (5, 8), (5, 7), (5, 6), (5, 5), (5, 5)]}, 33)