

CBSS-C STATS
starts:[109, 78, 243, 96, 49, 44, 182, 164, 129, 57]
targets:[189, 199, 63, 159, 28, 74, 241, 122, 225, 113]
dests:[238, 248, 40, 101, 100, 142, 68, 34, 157, 48]
ac_dict:{189: {0, 1}, 199: {1, 2}, 63: {2, 3}, 159: {3, 4}, 28: {4, 5}, 74: {5, 6}, 241: {6, 7}, 122: {8, 7}, 225: {8, 9}, 238: {0}, 248: {1}, 40: {2}, 101: {3}, 100: {4}, 142: {5}, 68: {6}, 34: {7}, 157: {8}, 48: {9}}
clusters:[1 3 3 4 0 1 2 1 2 2]

round: 13
best_g_value: 132.0
open_list_size: 12
num_low_level_expanded: 1789
search_success: 1
search_time: 0.16395387705415487
n_tsp_call: 1
n_tsp_time: 0.10075592715293169
n_roots: 1
num_conflicts: 12
target_assignment: {189: 0, 28: 5, 113: 3, 159: 3, 199: 2}
cluster_target_selection: {1: 189, 0: 28, 2: 113, 4: 159, 3: 199}
num_nodes_transformed_graph: 34
agent_paths:({0: [(13, 6), (13, 7), (13, 8), (13, 9), (13, 10), (13, 11), (14, 11), (14, 12), (14, 13), (14, 14), (14, 14)], 1: [(14, 4), (13, 4), (12, 4), (11, 4), (10, 4), (9, 4), (9, 5), (9, 6), (9, 7), (9, 8), (8, 8), (8, 9), (8, 10), (8, 11), (8, 12), (8, 13), (8, 14), (8, 15), (8, 15)], 2: [(3, 15), (3, 14), (3, 13), (3, 12), (4, 12), (5, 12), (6, 12), (7, 12), (7, 11), (7, 10), (7, 9), (7, 8), (7, 7), (7, 6), (7, 5), (7, 4), (7, 3), (7, 2), (8, 2), (8, 2)], 3: [(0, 6), (1, 6), (1, 7), (2, 7), (3, 7), (4, 7), (5, 7), (6, 7), (7, 7), (8, 7), (9, 7), (10, 7), (11, 7), (12, 7), (13, 7), (14, 7), (15, 7), (15, 8), (15, 9), (15, 8), (15, 7), (14, 7), (13, 7), (12, 7), (11, 7), (10, 7), (9, 7), (8, 7), (7, 7), (6, 7), (5, 7), (5, 6), (5, 6)], 4: [(1, 3), (2, 3), (3, 3), (4, 3), (4, 4), (4, 5), (4, 6), (4, 6)], 5: [(12, 2), (12, 1), (13, 1), (14, 1), (14, 2), (14, 3), (14, 4), (14, 5), (14, 6), (14, 7), (14, 8), (14, 8)], 6: [(6, 11), (5, 11), (5, 10), (5, 9), (5, 8), (5, 7), (5, 6), (5, 5), (4, 5), (4, 4), (4, 4)], 7: [(4, 10), (3, 10), (2, 10), (2, 9), (2, 8), (2, 7), (2, 6), (2, 5), (2, 4), (2, 3), (2, 2), (2, 2)], 8: [(1, 8), (2, 8), (3, 8), (4, 8), (4, 9), (5, 9), (6, 9), (7, 9), (8, 9), (9, 9), (10, 9), (11, 9), (12, 9), (13, 9), (13, 9)], 9: [(9, 3), (8, 3), (7, 3), (6, 3), (5, 3), (4, 3), (3, 3), (2, 3), (1, 3), (0, 3), (0, 3)]}, 31)