

CBSS-C STATS
starts:[208, 237, 198, 163, 114]
targets:[241, 168, 129, 41, 187, 68, 229, 136, 248, 202, 189, 113, 44, 15, 186, 66, 178, 17, 64, 18]
dests:[96, 11, 74, 80, 148]
ac_dict:{241: {0, 1}, 168: {1, 2}, 129: {2, 3}, 41: {3, 4}, 96: {0}, 11: {1}, 74: {2}, 80: {3}, 148: {4}}
clusters:[0 1 8 8 5 4 4 3 2 0 7 9 5 7 5 7 2 9 3 6]

round: 1
best_g_value: 65.0
open_list_size: 0
num_low_level_expanded: 126
search_success: 1
search_time: 1.043706823606044
n_tsp_call: 1
n_tsp_time: 1.031886428128928
n_roots: 1
num_conflicts: 0
target_assignment: {168: 2, 202: 1, 187: 1, 178: 3, 129: 3, 113: 3, 68: 3, 18: 3, 66: 3, 64: 3}
cluster_target_selection: {1: 168, 0: 202, 5: 187, 2: 178, 8: 129, 9: 113, 4: 68, 6: 18, 7: 66, 3: 64}
num_nodes_transformed_graph: 49
agent_paths:({0: [(0, 13), (0, 12), (0, 11), (0, 10), (0, 9), (0, 8), (0, 7), (0, 6), (0, 6)], 1: [(13, 14), (12, 14), (11, 14), (10, 14), (10, 13), (10, 12), (10, 11), (11, 11), (11, 10), (11, 9), (11, 8), (11, 7), (11, 6), (11, 5), (11, 4), (11, 3), (11, 2), (11, 1), (11, 0), (11, 0)], 2: [(6, 12), (6, 11), (6, 10), (7, 10), (8, 10), (8, 9), (8, 8), (8, 7), (8, 6), (8, 5), (8, 4), (9, 4), (10, 4), (10, 4)], 3: [(3, 10), (2, 10), (2, 11), (1, 11), (1, 10), (1, 9), (1, 8), (1, 7), (1, 6), (1, 5), (1, 4), (2, 4), (3, 4), (4, 4), (3, 4), (2, 4), (2, 3), (2, 2), (2, 1), (2, 2), (2, 3), (2, 4), (1, 4), (0, 4), (0, 5), (0, 5)], 4: [(2, 7), (3, 7), (4, 7), (4, 8), (4, 9), (4, 9)]}, 24)