

CBSS-C STATS
starts:[117, 243, 109, 226, 80]
targets:[86, 89, 72, 123, 160, 225, 3, 220, 31, 21]
dests:[112, 0, 82, 134, 61]
ac_dict:{86: {0, 1}, 89: {1, 2}, 72: {2, 3}, 123: {3, 4}, 112: {0}, 0: {1}, 82: {2}, 134: {3}, 61: {4}}
clusters:[4 4 2 1 2 1 3 3 2 0]

round: 4
best_g_value: 68.0
open_list_size: 3
num_low_level_expanded: 425
search_success: 1
search_time: 0.4863447519019246
n_tsp_call: 9
n_tsp_time: 0.3929583262652159
n_roots: 1
num_conflicts: 3
target_assignment: {89: 2, 225: 1, 160: 1, 3: 4, 21: 4}
cluster_target_selection: {4: 89, 1: 225, 2: 160, 3: 3, 0: 21}
num_nodes_transformed_graph: 27
agent_paths:({0: [(5, 7), (4, 7), (3, 7), (2, 7), (1, 7), (0, 7), (0, 7)], 1: [(3, 15), (2, 15), (1, 15), (1, 14), (0, 14), (0, 13), (0, 12), (0, 11), (0, 10), (0, 9), (0, 8), (1, 8), (1, 7), (1, 6), (0, 6), (0, 5), (0, 4), (0, 3), (0, 2), (0, 1), (0, 0), (0, 0)], 2: [(13, 6), (12, 6), (11, 6), (10, 6), (9, 6), (9, 5), (8, 5), (7, 5), (6, 5), (5, 5), (4, 5), (3, 5), (2, 5), (2, 5)], 3: [(2, 14), (2, 13), (2, 12), (2, 11), (2, 10), (2, 9), (2, 8), (3, 8), (4, 8), (5, 8), (6, 8), (6, 8)], 4: [(0, 5), (0, 4), (0, 3), (0, 2), (0, 1), (0, 0), (1, 0), (2, 0), (3, 0), (4, 0), (5, 0), (5, 1), (6, 1), (7, 1), (8, 1), (9, 1), (10, 1), (11, 1), (12, 1), (13, 1), (13, 2), (13, 3), (13, 3)]}, 21)