

CBSS-C STATS
starts:[111, 170, 239, 156, 237]
targets:[169, 54, 33, 131, 63, 30, 151, 34, 104, 128, 148, 78, 28, 106, 216, 230, 129, 14, 73, 116]
dests:[138, 203, 196, 158, 205]
ac_dict:{169: {0, 1}, 54: {1, 2}, 33: {2, 3}, 131: {3, 4}, 138: {0}, 203: {1}, 196: {2}, 158: {3}, 205: {4}}
clusters:[9 3 1 5 6 9 2 2 8 4 5 3 0 8 0 8 7 8 0 6]

round: 1
best_g_value: 69.0
open_list_size: 0
num_low_level_expanded: 132
search_success: 1
search_time: 1.748763072770089
n_tsp_call: 1
n_tsp_time: 1.736802600324154
n_roots: 1
num_conflicts: 0
target_assignment: {106: 0, 169: 1, 148: 3, 116: 3, 129: 3, 128: 3, 33: 3, 34: 3, 78: 3, 216: 2}
cluster_target_selection: {8: 106, 9: 169, 5: 148, 6: 116, 7: 129, 4: 128, 1: 33, 2: 34, 3: 78, 0: 216}
num_nodes_transformed_graph: 50
agent_paths:({0: [(15, 6), (14, 6), (13, 6), (12, 6), (11, 6), (10, 6), (10, 7), (10, 8), (10, 8)], 1: [(10, 10), (9, 10), (10, 10), (11, 10), (11, 11), (11, 12), (11, 12)], 2: [(15, 14), (14, 14), (13, 14), (12, 14), (11, 14), (10, 14), (9, 14), (8, 14), (8, 13), (7, 13), (6, 13), (5, 13), (4, 13), (4, 12), (4, 12)], 3: [(12, 9), (11, 9), (10, 9), (9, 9), (8, 9), (7, 9), (6, 9), (5, 9), (4, 9), (4, 8), (4, 7), (3, 7), (2, 7), (1, 7), (1, 8), (0, 8), (0, 7), (0, 6), (0, 5), (0, 4), (0, 3), (0, 2), (1, 2), (2, 2), (3, 2), (4, 2), (5, 2), (6, 2), (7, 2), (8, 2), (9, 2), (10, 2), (11, 2), (12, 2), (13, 2), (14, 2), (14, 3), (14, 4), (14, 5), (14, 6), (14, 7), (14, 8), (14, 9), (14, 9)], 4: [(13, 14), (13, 13), (13, 12), (13, 12)]}, 42)