

CBSS-C STATS
starts:[218, 113, 124, 169, 72]
targets:[78, 203, 196, 241, 68, 246, 180, 136, 108, 118, 129, 83, 99, 91, 173, 125, 251, 254, 115, 38]
dests:[179, 200, 236, 71, 32]
ac_dict:{78: {0, 1}, 203: {1, 2}, 196: {2, 3}, 241: {3, 4}, 179: {0}, 200: {1}, 236: {2}, 71: {3}, 32: {4}}
clusters:[8 4 4 3 8 8 9 9 1 6 7 9 7 2 1 9 5 2 8 0]

round: 1
best_g_value: 76.0
open_list_size: 0
num_low_level_expanded: 181
search_success: 1
search_time: 3.2110614953562617
n_tsp_call: 1
n_tsp_time: 3.1891735261306167
n_roots: 1
num_conflicts: 0
target_assignment: {180: 0, 38: 4, 129: 1, 173: 2, 254: 2, 251: 2, 246: 3, 241: 3, 196: 3, 118: 3}
cluster_target_selection: {9: 180, 0: 38, 7: 129, 1: 173, 2: 254, 5: 251, 8: 246, 3: 241, 4: 196, 6: 118}
num_nodes_transformed_graph: 98
agent_paths:({0: [(10, 13), (9, 13), (8, 13), (7, 13), (6, 13), (5, 13), (4, 13), (4, 12), (4, 11), (3, 11), (3, 11)], 1: [(1, 7), (1, 8), (2, 8), (3, 8), (4, 8), (5, 8), (6, 8), (7, 8), (8, 8), (8, 9), (8, 10), (8, 11), (8, 12), (8, 12)], 2: [(12, 7), (13, 7), (13, 8), (13, 9), (13, 10), (14, 10), (14, 11), (14, 12), (14, 13), (14, 14), (14, 15), (13, 15), (12, 15), (11, 15), (11, 14), (12, 14), (12, 14)], 3: [(9, 10), (8, 10), (7, 10), (6, 10), (6, 11), (6, 12), (6, 13), (6, 14), (6, 15), (5, 15), (4, 15), (3, 15), (2, 15), (1, 15), (1, 14), (1, 13), (1, 12), (2, 12), (3, 12), (4, 12), (4, 11), (4, 10), (4, 9), (4, 8), (4, 7), (5, 7), (6, 7), (6, 6), (6, 5), (6, 4), (7, 4), (7, 4)], 4: [(8, 4), (7, 4), (6, 4), (6, 3), (6, 2), (5, 2), (4, 2), (3, 2), (2, 2), (1, 2), (0, 2), (0, 2)]}, 30)