

CBSS-C STATS
starts:[183, 23, 26, 90, 122]
targets:[242, 94, 181, 174, 66, 222, 28, 233, 142, 224]
dests:[112, 1, 21, 20, 56]
ac_dict:{242: {0, 1}, 94: {1, 2}, 181: {2, 3}, 174: {3, 4}, 112: {0}, 1: {1}, 21: {2}, 20: {3}, 56: {4}}
clusters:[4 2 2 1 3 3 0 3 4 2]

round: 4
best_g_value: 69.0
open_list_size: 3
num_low_level_expanded: 920
search_success: 1
search_time: 0.6486776228994131
n_tsp_call: 7
n_tsp_time: 0.46839520055800676
n_roots: 1
num_conflicts: 3
target_assignment: {233: 0, 224: 0, 174: 3, 142: 3, 28: 3}
cluster_target_selection: {3: 233, 2: 224, 1: 174, 4: 142, 0: 28}
num_nodes_transformed_graph: 27
agent_paths:({0: [(7, 11), (8, 11), (9, 11), (9, 12), (9, 13), (9, 14), (8, 14), (7, 14), (6, 14), (5, 14), (4, 14), (3, 14), (2, 14), (1, 14), (0, 14), (0, 13), (0, 12), (0, 11), (0, 10), (0, 9), (0, 8), (0, 7), (0, 7)], 1: [(7, 1), (6, 1), (5, 1), (4, 1), (3, 1), (2, 1), (1, 1), (1, 0), (1, 0)], 2: [(10, 1), (9, 1), (8, 1), (7, 1), (6, 1), (5, 1), (5, 1)], 3: [(10, 5), (11, 5), (12, 5), (13, 5), (14, 5), (14, 6), (14, 7), (14, 8), (14, 9), (14, 10), (14, 9), (14, 8), (13, 8), (12, 8), (12, 7), (12, 6), (12, 5), (12, 4), (12, 3), (12, 2), (12, 1), (11, 1), (10, 1), (9, 1), (8, 1), (7, 1), (6, 1), (6, 0), (5, 0), (4, 0), (4, 1), (4, 1)], 4: [(10, 7), (9, 7), (8, 7), (8, 6), (8, 5), (8, 4), (8, 3), (8, 3)]}, 30)