

CBSS-C STATS
starts:[92, 51, 153, 15, 173]
targets:[243, 230, 131, 159, 169, 167, 99, 116, 54, 146]
dests:[210, 250, 102, 100, 64]
ac_dict:{243: {0, 1}, 230: {1, 2}, 131: {2, 3}, 159: {3, 4}, 210: {0}, 250: {1}, 102: {2}, 100: {3}, 64: {4}}
clusters:[2 4 1 3 0 3 1 1 3 2]

round: 2
best_g_value: 81.0
open_list_size: 1
num_low_level_expanded: 326
search_success: 1
search_time: 0.05361974332481623
n_tsp_call: 1
n_tsp_time: 0.040119491051882505
n_roots: 1
num_conflicts: 1
target_assignment: {169: 0, 146: 0, 99: 1, 230: 1, 54: 3}
cluster_target_selection: {0: 169, 2: 146, 1: 99, 4: 230, 3: 54}
num_nodes_transformed_graph: 23
agent_paths:({0: [(12, 5), (11, 5), (10, 5), (9, 5), (9, 6), (9, 7), (9, 8), (9, 9), (9, 10), (8, 10), (7, 10), (6, 10), (5, 10), (4, 10), (3, 10), (2, 10), (2, 9), (2, 10), (2, 11), (2, 12), (2, 13), (2, 13)], 1: [(3, 3), (3, 4), (3, 5), (3, 6), (4, 6), (5, 6), (5, 7), (6, 7), (6, 8), (6, 9), (6, 10), (6, 11), (6, 12), (6, 13), (6, 14), (7, 14), (8, 14), (9, 14), (10, 14), (10, 15), (10, 15)], 2: [(9, 9), (8, 9), (7, 9), (6, 9), (6, 8), (6, 7), (6, 6), (6, 6)], 3: [(15, 0), (14, 0), (13, 0), (12, 0), (11, 0), (10, 0), (9, 0), (8, 0), (7, 0), (6, 0), (6, 1), (6, 2), (6, 3), (5, 3), (4, 3), (4, 4), (4, 5), (4, 6), (4, 6)], 4: [(13, 10), (12, 10), (11, 10), (10, 10), (9, 10), (8, 10), (7, 10), (6, 10), (5, 10), (4, 10), (3, 10), (2, 10), (1, 10), (0, 10), (0, 9), (0, 8), (0, 7), (0, 6), (0, 5), (0, 4), (0, 4)]}, 20)