

CBSS-C STATS
starts:[159, 106, 4, 146, 22]
targets:[216, 46, 109, 56, 127, 108, 16, 27, 229, 81]
dests:[168, 19, 64, 251, 144]
ac_dict:{216: {0, 1}, 46: {1, 2}, 109: {2, 3}, 56: {3, 4}, 168: {0}, 19: {1}, 64: {2}, 251: {3}, 144: {4}}
clusters:[1 1 0 1 0 1 1 1 1 0]

round: 1
best_g_value: 57.0
open_list_size: 0
num_low_level_expanded: 167
search_success: 1
search_time: 0.10906191077083349
n_tsp_call: 1
n_tsp_time: 0.09896077588200569
n_roots: 1
num_conflicts: 0
target_assignment: {229: 3, 81: 4}
cluster_target_selection: {1: 229, 0: 81}
num_nodes_transformed_graph: 48
agent_paths:({0: [(15, 9), (14, 9), (13, 9), (12, 9), (11, 9), (10, 9), (9, 9), (8, 9), (8, 10), (8, 10)], 1: [(10, 6), (9, 6), (8, 6), (7, 6), (6, 6), (5, 6), (4, 6), (3, 6), (3, 5), (3, 4), (3, 3), (3, 2), (3, 1), (3, 1)], 2: [(4, 0), (3, 0), (2, 0), (1, 0), (0, 0), (0, 1), (0, 2), (0, 3), (0, 4), (0, 4)], 3: [(2, 9), (3, 9), (4, 9), (5, 9), (5, 10), (5, 11), (5, 12), (5, 13), (5, 14), (6, 14), (7, 14), (8, 14), (9, 14), (10, 14), (11, 14), (11, 15), (11, 15)], 4: [(6, 1), (5, 1), (4, 1), (3, 1), (2, 1), (1, 1), (1, 2), (1, 3), (1, 4), (1, 5), (0, 5), (0, 6), (0, 7), (0, 8), (0, 9), (0, 9)]}, 15)