

CBSS-C STATS
starts:[32, 79, 49, 155, 165]
targets:[214, 188, 62, 234, 129, 156, 203, 228, 215, 244, 170, 105, 224, 237, 33, 31, 51, 197, 245, 91]
dests:[64, 83, 54, 194, 226]
ac_dict:{214: {0, 1}, 188: {1, 2}, 62: {2, 3}, 234: {3, 4}, 64: {0}, 83: {1}, 54: {2}, 194: {3}, 226: {4}}
clusters:[1 5 7 0 6 7 3 5 5 6 4 9 6 7 0 9 8 0 2 7]

round: 1
best_g_value: 59.0
open_list_size: 0
num_low_level_expanded: 128
search_success: 1
search_time: 0.2996517028659582
n_tsp_call: 1
n_tsp_time: 0.2874343143776059
n_roots: 1
num_conflicts: 0
target_assignment: {51: 2, 170: 3, 203: 3, 197: 3, 91: 1, 105: 1, 214: 1, 245: 4, 244: 4, 228: 4}
cluster_target_selection: {8: 51, 4: 170, 3: 203, 0: 197, 7: 91, 9: 105, 1: 214, 2: 245, 6: 244, 5: 228}
num_nodes_transformed_graph: 52
agent_paths:({0: [(0, 2), (0, 3), (0, 4), (0, 4)], 1: [(15, 4), (14, 4), (13, 4), (12, 4), (11, 4), (11, 5), (10, 5), (9, 5), (9, 6), (8, 6), (7, 6), (6, 6), (6, 7), (6, 8), (6, 9), (6, 10), (6, 11), (6, 12), (6, 13), (5, 13), (4, 13), (3, 13), (3, 12), (3, 11), (3, 10), (3, 9), (3, 8), (3, 7), (3, 6), (3, 5), (3, 5)], 2: [(1, 3), (2, 3), (3, 3), (4, 3), (5, 3), (6, 3), (6, 3)], 3: [(11, 9), (10, 9), (10, 10), (11, 10), (11, 11), (11, 12), (10, 12), (9, 12), (8, 12), (7, 12), (6, 12), (5, 12), (4, 12), (3, 12), (2, 12), (2, 12)], 4: [(5, 10), (5, 11), (5, 12), (5, 13), (5, 14), (5, 15), (4, 15), (4, 14), (3, 14), (2, 14), (2, 14)]}, 29)