

CBSS-C STATS
starts:[80, 22, 82, 254, 107]
targets:[29, 198, 155, 135, 187, 93, 112, 0, 8, 63]
dests:[157, 232, 116, 185, 68]
ac_dict:{29: {0, 1}, 198: {1, 2}, 155: {2, 3}, 135: {3, 4}, 157: {0}, 232: {1}, 116: {2}, 185: {3}, 68: {4}}
clusters:[3 2 1 2 4 0 1 1 0 1]

round: 2
best_g_value: 64.0
open_list_size: 1
num_low_level_expanded: 163
search_success: 1
search_time: 0.3154580448754132
n_tsp_call: 1
n_tsp_time: 0.30324774980545044
n_roots: 1
num_conflicts: 1
target_assignment: {0: 0, 29: 0, 93: 0, 187: 3, 198: 1}
cluster_target_selection: {1: 0, 3: 29, 0: 93, 4: 187, 2: 198}
num_nodes_transformed_graph: 48
agent_paths:({0: [(0, 5), (0, 4), (0, 3), (0, 2), (0, 1), (0, 0), (1, 0), (2, 0), (3, 0), (4, 0), (5, 0), (6, 0), (7, 0), (8, 0), (9, 0), (10, 0), (11, 0), (12, 0), (13, 0), (13, 1), (13, 2), (13, 3), (13, 4), (13, 5), (13, 6), (13, 7), (13, 8), (13, 9), (13, 9)], 1: [(6, 1), (6, 2), (6, 3), (6, 4), (6, 5), (6, 6), (6, 7), (6, 8), (6, 9), (6, 10), (6, 11), (6, 12), (7, 12), (8, 12), (8, 13), (8, 14), (8, 14)], 2: [(2, 5), (3, 5), (4, 5), (4, 6), (4, 7), (4, 7)], 3: [(14, 15), (13, 15), (12, 15), (11, 15), (11, 14), (11, 13), (11, 12), (11, 11), (10, 11), (9, 11), (9, 11)], 4: [(11, 6), (10, 6), (9, 6), (8, 6), (7, 6), (7, 5), (6, 5), (5, 5), (4, 5), (4, 4), (4, 4)]}, 27)