

CBSS-C STATS
starts:[34, 2, 202, 190, 210, 127, 220, 207, 59, 236]
targets:[80, 107, 159, 39, 99, 91, 218, 173, 75, 96, 200, 18, 184, 33, 14]
dests:[188, 35, 208, 89, 3, 103, 51, 157, 28, 68]
ac_dict:{80: {0, 1}, 107: {1, 2}, 159: {2, 3}, 39: {3, 4}, 99: {4, 5}, 91: {5, 6}, 218: {6, 7}, 173: {8, 7}, 75: {8, 9}, 188: {0}, 35: {1}, 208: {2}, 89: {3}, 3: {4}, 103: {5}, 51: {6}, 157: {7}, 28: {8}, 68: {9}}
clusters:[8 0 1 7 2 8 2 9 6 2 4 5 3 9 3]

round: 241
best_g_value: 136.0
open_list_size: 176
num_low_level_expanded: 27370
search_success: 1
search_time: 1.5665182783268392
n_tsp_call: 1
n_tsp_time: 0.28310290491208434
n_roots: 1
num_conflicts: 240
target_assignment: {184: 0, 173: 7, 99: 4, 39: 4, 107: 2, 200: 2, 75: 9, 159: 3, 91: 6, 18: 1}
cluster_target_selection: {3: 184, 9: 173, 2: 99, 7: 39, 0: 107, 4: 200, 6: 75, 1: 159, 8: 91, 5: 18}
num_nodes_transformed_graph: 57
agent_paths:({0: [(2, 2), (3, 2), (4, 2), (5, 2), (6, 2), (7, 2), (8, 2), (8, 3), (8, 4), (8, 5), (8, 6), (8, 7), (8, 8), (8, 9), (8, 10), (8, 11), (9, 11), (10, 11), (11, 11), (12, 11), (12, 11)], 1: [(2, 0), (2, 1), (3, 1), (3, 2), (3, 2)], 2: [(10, 12), (10, 11), (10, 10), (10, 9), (10, 8), (11, 8), (11, 7), (11, 6), (10, 6), (9, 6), (9, 7), (9, 8), (9, 9), (9, 10), (9, 11), (9, 12), (8, 12), (7, 12), (6, 12), (5, 12), (4, 12), (3, 12), (2, 12), (1, 12), (0, 12), (0, 13), (0, 13)], 3: [(14, 11), (14, 10), (14, 9), (15, 9), (14, 9), (14, 8), (13, 8), (12, 8), (11, 8), (10, 8), (10, 7), (9, 7), (9, 6), (9, 5), (9, 5)], 4: [(2, 13), (2, 12), (2, 11), (2, 10), (2, 9), (2, 8), (2, 7), (2, 6), (3, 6), (3, 5), (3, 4), (3, 3), (4, 3), (4, 2), (5, 2), (6, 2), (7, 2), (6, 2), (5, 2), (4, 2), (4, 1), (3, 1), (3, 0), (3, 0)], 5: [(15, 7), (14, 7), (13, 7), (12, 7), (11, 7), (10, 7), (9, 7), (8, 7), (7, 7), (7, 6), (7, 6)], 6: [(12, 13), (11, 13), (11, 12), (11, 11), (11, 10), (11, 9), (11, 8), (11, 7), (11, 6), (11, 5), (10, 5), (9, 5), (8, 5), (7, 5), (6, 5), (5, 5), (4, 5), (3, 5), (3, 4), (3, 3), (3, 3)], 7: [(15, 12), (14, 12), (13, 12), (13, 11), (13, 10), (13, 9), (13, 9)], 8: [(11, 3), (11, 2), (11, 1), (12, 1), (12, 1)], 9: [(12, 14), (11, 14), (11, 13), (11, 12), (11, 11), (11, 10), (11, 9), (11, 8), (11, 7), (11, 6), (11, 5), (11, 4), (10, 4), (9, 4), (8, 4), (7, 4), (6, 4), (5, 4), (4, 4), (4, 4)]}, 25)