

CBSS-C STATS
starts:[88, 127, 213, 183, 98]
targets:[131, 0, 120, 146, 242, 216, 135, 28, 109, 118]
dests:[89, 103, 10, 12, 212]
ac_dict:{131: {0, 1}, 0: {1, 2}, 120: {2, 3}, 146: {3, 4}, 89: {0}, 103: {1}, 10: {2}, 12: {3}, 212: {4}}
clusters:[0 3 1 4 0 2 2 0 2 1]

round: 1
best_g_value: 63.0
open_list_size: 0
num_low_level_expanded: 176
search_success: 1
search_time: 0.17299196729436517
n_tsp_call: 1
n_tsp_time: 0.16247147601097822
n_roots: 1
num_conflicts: 0
target_assignment: {146: 4, 120: 3, 28: 3, 109: 1, 0: 2}
cluster_target_selection: {4: 146, 1: 120, 0: 28, 2: 109, 3: 0}
num_nodes_transformed_graph: 48
agent_paths:({0: [(8, 5), (9, 5), (9, 5)], 1: [(15, 7), (14, 7), (13, 7), (13, 6), (12, 6), (11, 6), (10, 6), (9, 6), (8, 6), (7, 6), (7, 6)], 2: [(5, 13), (4, 13), (3, 13), (2, 13), (1, 13), (0, 13), (0, 12), (0, 11), (0, 10), (0, 9), (0, 8), (0, 7), (0, 6), (0, 5), (0, 4), (0, 3), (0, 2), (0, 1), (0, 0), (1, 0), (2, 0), (3, 0), (4, 0), (5, 0), (6, 0), (7, 0), (8, 0), (9, 0), (10, 0), (10, 0)], 3: [(7, 11), (7, 10), (7, 9), (7, 8), (7, 7), (8, 7), (8, 6), (8, 5), (8, 4), (8, 3), (8, 2), (8, 1), (9, 1), (10, 1), (11, 1), (12, 1), (12, 0), (12, 0)], 4: [(2, 6), (2, 7), (2, 8), (2, 9), (3, 9), (4, 9), (4, 10), (4, 11), (4, 12), (4, 13), (4, 13)]}, 28)