

CBSS-C STATS
starts:[243, 174, 94, 11, 60, 131, 55, 118, 154, 142]
targets:[215, 17, 169, 124, 125, 224, 64, 148, 22, 190]
dests:[71, 130, 16, 136, 221, 34, 176, 41, 196, 249]
ac_dict:{215: {0, 1}, 17: {1, 2}, 169: {2, 3}, 124: {3, 4}, 125: {4, 5}, 224: {5, 6}, 64: {6, 7}, 148: {8, 7}, 22: {8, 9}, 71: {0}, 130: {1}, 16: {2}, 136: {3}, 221: {4}, 34: {5}, 176: {6}, 41: {7}, 196: {8}, 249: {9}}
clusters:[3 3 1 2 2 4 2 0 0 4]

round: 6
best_g_value: 124.0
open_list_size: 5
num_low_level_expanded: 845
search_success: 1
search_time: 0.14019611198455095
n_tsp_call: 1
n_tsp_time: 0.10566872404888272
n_roots: 1
num_conflicts: 5
target_assignment: {17: 2, 169: 3, 190: 9, 124: 4, 148: 8}
cluster_target_selection: {3: 17, 1: 169, 4: 190, 2: 124, 0: 148}
num_nodes_transformed_graph: 33
agent_paths:({0: [(3, 15), (3, 14), (3, 13), (3, 12), (3, 11), (3, 10), (3, 9), (3, 8), (3, 7), (3, 6), (3, 5), (4, 5), (4, 4), (5, 4), (6, 4), (7, 4), (7, 4)], 1: [(14, 10), (13, 10), (12, 10), (11, 10), (10, 10), (9, 10), (8, 10), (7, 10), (6, 10), (5, 10), (4, 10), (3, 10), (2, 10), (2, 9), (2, 8), (2, 8)], 2: [(14, 5), (13, 5), (13, 4), (12, 4), (11, 4), (10, 4), (10, 3), (9, 3), (8, 3), (7, 3), (6, 3), (5, 3), (4, 3), (3, 3), (2, 3), (1, 3), (1, 2), (1, 1), (0, 1), (0, 1)], 3: [(11, 0), (10, 0), (9, 0), (9, 1), (9, 2), (9, 3), (9, 4), (9, 5), (9, 6), (9, 7), (9, 8), (9, 9), (9, 10), (8, 10), (8, 9), (8, 8), (8, 8)], 4: [(12, 3), (12, 4), (12, 5), (12, 6), (12, 7), (13, 7), (13, 8), (13, 9), (13, 10), (13, 11), (13, 12), (13, 13), (13, 13)], 5: [(3, 8), (2, 8), (2, 7), (2, 6), (2, 5), (2, 4), (2, 3), (2, 2), (2, 2)], 6: [(7, 3), (6, 3), (5, 3), (4, 3), (3, 3), (2, 3), (1, 3), (0, 3), (0, 4), (0, 5), (0, 6), (0, 7), (0, 8), (0, 9), (0, 10), (0, 11), (0, 11)], 7: [(6, 7), (6, 6), (6, 5), (6, 4), (6, 3), (6, 2), (7, 2), (8, 2), (9, 2), (9, 2)], 8: [(10, 9), (9, 9), (8, 9), (7, 9), (6, 9), (5, 9), (4, 9), (4, 10), (4, 11), (4, 12), (4, 12)], 9: [(14, 8), (14, 9), (14, 10), (14, 11), (13, 11), (12, 11), (11, 11), (10, 11), (9, 11), (9, 12), (9, 13), (9, 14), (9, 15), (9, 15)]}, 18)