

CBSS-C STATS
starts:[63, 206, 141, 217, 125, 193, 8, 25, 47, 93]
targets:[12, 45, 246, 113, 223, 172, 76, 213, 197, 179, 83, 148, 96, 92, 80]
dests:[86, 101, 37, 59, 140, 143, 137, 254, 9, 16]
ac_dict:{12: {0, 1}, 45: {1, 2}, 246: {2, 3}, 113: {3, 4}, 223: {4, 5}, 172: {5, 6}, 76: {6, 7}, 213: {8, 7}, 197: {8, 9}, 86: {0}, 101: {1}, 37: {2}, 59: {3}, 140: {4}, 143: {5}, 137: {6}, 254: {7}, 9: {8}, 16: {9}}
clusters:[5 6 7 8 3 9 5 4 2 8 0 6 4 1 3]

round: 8
best_g_value: 151.0
open_list_size: 7
num_low_level_expanded: 1495
search_success: 1
search_time: 2.610607252921909
n_tsp_call: 1
n_tsp_time: 2.5580900139175355
n_roots: 1
num_conflicts: 7
target_assignment: {246: 3, 197: 9, 179: 9, 83: 9, 80: 9, 96: 9, 45: 2, 76: 7, 92: 7, 172: 5}
cluster_target_selection: {7: 246, 2: 197, 8: 179, 0: 83, 3: 80, 4: 96, 6: 45, 5: 76, 1: 92, 9: 172}
num_nodes_transformed_graph: 98
agent_paths:({0: [(15, 3), (14, 3), (13, 3), (12, 3), (11, 3), (10, 3), (9, 3), (8, 3), (7, 3), (6, 3), (6, 4), (6, 5), (6, 5)], 1: [(14, 12), (13, 12), (12, 12), (11, 12), (10, 12), (9, 12), (8, 12), (7, 12), (6, 12), (6, 11), (6, 10), (6, 9), (6, 8), (5, 8), (5, 7), (5, 6), (5, 6)], 2: [(13, 8), (13, 7), (13, 6), (13, 5), (13, 4), (13, 3), (13, 2), (12, 2), (11, 2), (10, 2), (9, 2), (8, 2), (7, 2), (6, 2), (5, 2), (5, 2)], 3: [(9, 13), (8, 13), (7, 13), (6, 13), (6, 14), (6, 15), (6, 14), (6, 13), (7, 13), (7, 12), (7, 11), (7, 10), (7, 9), (7, 8), (7, 7), (7, 6), (7, 5), (7, 4), (7, 3), (8, 3), (9, 3), (10, 3), (11, 3), (11, 3)], 4: [(13, 7), (12, 7), (12, 8), (12, 8)], 5: [(1, 12), (1, 11), (1, 10), (2, 10), (3, 10), (4, 10), (5, 10), (6, 10), (7, 10), (8, 10), (9, 10), (10, 10), (11, 10), (12, 10), (12, 9), (13, 9), (13, 8), (14, 8), (15, 8), (15, 8)], 6: [(8, 0), (9, 0), (9, 1), (9, 2), (9, 3), (9, 4), (9, 5), (9, 6), (9, 7), (9, 8), (9, 8)], 7: [(9, 1), (10, 1), (11, 1), (12, 1), (12, 2), (12, 3), (12, 4), (12, 5), (13, 5), (14, 5), (14, 6), (14, 7), (14, 8), (14, 9), (14, 10), (14, 11), (14, 12), (14, 13), (14, 14), (14, 15), (14, 15)], 8: [(15, 2), (14, 2), (13, 2), (12, 2), (11, 2), (10, 2), (9, 2), (9, 1), (9, 0), (9, 0)], 9: [(13, 5), (12, 5), (11, 5), (10, 5), (9, 5), (8, 5), (7, 5), (6, 5), (5, 5), (5, 6), (5, 7), (5, 8), (5, 9), (5, 10), (5, 11), (5, 12), (4, 12), (3, 12), (3, 11), (3, 10), (3, 9), (3, 8), (3, 7), (3, 6), (3, 5), (2, 5), (1, 5), (0, 5), (0, 6), (0, 5), (0, 4), (0, 3), (0, 2), (0, 1), (0, 1)]}, 33)