

CBSS-C STATS
starts:[239, 95, 232, 104, 141]
targets:[30, 25, 70, 8, 98, 246, 27, 81, 79, 127]
dests:[103, 233, 75, 146, 37]
ac_dict:{30: {0, 1}, 25: {1, 2}, 70: {2, 3}, 8: {3, 4}, 103: {0}, 233: {1}, 75: {2}, 146: {3}, 37: {4}}
clusters:[0 1 0 1 0 1 1 0 1 0]

round: 1
best_g_value: 69.0
open_list_size: 0
num_low_level_expanded: 250
search_success: 1
search_time: 0.16131021175533533
n_tsp_call: 1
n_tsp_time: 0.14926423877477646
n_roots: 1
num_conflicts: 0
target_assignment: {127: 1, 27: 4}
cluster_target_selection: {0: 127, 1: 27}
num_nodes_transformed_graph: 48
agent_paths:({0: [(15, 14), (14, 14), (13, 14), (12, 14), (11, 14), (10, 14), (9, 14), (8, 14), (7, 14), (7, 13), (7, 12), (7, 11), (7, 10), (7, 9), (7, 8), (7, 7), (7, 6), (7, 6)], 1: [(15, 5), (15, 6), (15, 7), (14, 7), (13, 7), (12, 7), (11, 7), (10, 7), (9, 7), (9, 8), (9, 9), (9, 10), (9, 11), (9, 12), (9, 13), (9, 14), (9, 14)], 2: [(8, 14), (8, 13), (8, 12), (8, 11), (8, 10), (8, 9), (8, 8), (8, 7), (8, 6), (8, 5), (8, 4), (9, 4), (10, 4), (11, 4), (11, 4)], 3: [(8, 6), (7, 6), (6, 6), (5, 6), (4, 6), (3, 6), (2, 6), (2, 7), (2, 8), (2, 9), (2, 9)], 4: [(13, 8), (12, 8), (11, 8), (11, 7), (11, 6), (11, 5), (11, 4), (11, 3), (11, 2), (11, 1), (10, 1), (9, 1), (8, 1), (7, 1), (6, 1), (5, 1), (5, 2), (5, 2)]}, 16)