

CBSS-C STATS
starts:[83, 68, 79, 101, 137]
targets:[34, 170, 39, 167, 99, 199, 161, 47, 89, 61]
dests:[26, 220, 186, 219, 221]
ac_dict:{34: {0, 1}, 170: {1, 2}, 39: {2, 3}, 167: {3, 4}, 26: {0}, 220: {1}, 186: {2}, 219: {3}, 221: {4}}
clusters:[4 2 1 0 1 3 3 1 0 1]

round: 1
best_g_value: 66.0
open_list_size: 0
num_low_level_expanded: 222
search_success: 1
search_time: 0.21534372167661786
n_tsp_call: 1
n_tsp_time: 0.20312289707362652
n_roots: 1
num_conflicts: 0
target_assignment: {99: 0, 34: 0, 167: 3, 199: 3, 170: 2}
cluster_target_selection: {1: 99, 4: 34, 0: 167, 3: 199, 2: 170}
num_nodes_transformed_graph: 48
agent_paths:({0: [(3, 5), (3, 6), (2, 6), (2, 5), (2, 4), (2, 3), (2, 2), (2, 1), (3, 1), (4, 1), (5, 1), (6, 1), (7, 1), (8, 1), (9, 1), (10, 1), (10, 1)], 1: [(4, 4), (5, 4), (6, 4), (7, 4), (8, 4), (9, 4), (10, 4), (11, 4), (12, 4), (12, 5), (12, 6), (12, 7), (12, 8), (12, 9), (12, 10), (12, 11), (12, 12), (12, 13), (12, 13)], 2: [(15, 4), (14, 4), (13, 4), (12, 4), (11, 4), (10, 4), (10, 5), (10, 6), (10, 7), (10, 8), (10, 9), (10, 10), (10, 11), (10, 11)], 3: [(5, 6), (6, 6), (7, 6), (7, 7), (7, 8), (7, 9), (7, 10), (7, 11), (7, 12), (8, 12), (9, 12), (10, 12), (11, 12), (11, 13), (11, 13)], 4: [(9, 8), (10, 8), (11, 8), (12, 8), (13, 8), (13, 9), (13, 10), (13, 11), (13, 12), (13, 13), (13, 13)]}, 17)