

CBSS-C STATS
starts:[213, 56, 217, 180, 128]
targets:[54, 169, 141, 13, 151, 51, 52, 195, 47, 102]
dests:[177, 10, 147, 96, 122]
ac_dict:{54: {0, 1}, 169: {1, 2}, 141: {2, 3}, 13: {3, 4}, 177: {0}, 10: {1}, 147: {2}, 96: {3}, 122: {4}}
clusters:[0 0 1 1 0 0 0 1 0 0]

round: 1
best_g_value: 41.0
open_list_size: 0
num_low_level_expanded: 96
search_success: 1
search_time: 0.050706558395177126
n_tsp_call: 1
n_tsp_time: 0.044491271022707224
n_roots: 1
num_conflicts: 0
target_assignment: {195: 0, 151: 2}
cluster_target_selection: {1: 195, 0: 151}
num_nodes_transformed_graph: 25
agent_paths:({0: [(5, 13), (4, 13), (3, 13), (3, 12), (2, 12), (1, 12), (1, 11), (1, 11)], 1: [(8, 3), (8, 2), (8, 1), (8, 0), (9, 0), (10, 0), (10, 0)], 2: [(9, 13), (8, 13), (7, 13), (7, 12), (7, 11), (7, 10), (7, 9), (6, 9), (5, 9), (4, 9), (3, 9), (3, 9)], 3: [(4, 11), (3, 11), (2, 11), (1, 11), (0, 11), (0, 10), (0, 9), (0, 8), (0, 7), (0, 6), (0, 6)], 4: [(0, 8), (0, 7), (1, 7), (2, 7), (3, 7), (4, 7), (5, 7), (6, 7), (7, 7), (8, 7), (9, 7), (10, 7), (10, 7)]}, 11)