

CBSS-C STATS
starts:[19, 36, 107, 135, 207]
targets:[208, 197, 72, 235, 118, 252, 217, 160, 49, 203]
dests:[237, 128, 249, 86, 171]
ac_dict:{208: {0, 1}, 197: {1, 2}, 72: {2, 3}, 235: {3, 4}, 237: {0}, 128: {1}, 249: {2}, 86: {3}, 171: {4}}
clusters:[2 3 3 0 1 4 2 4 3 2]

round: 2
best_g_value: 60.0
open_list_size: 1
num_low_level_expanded: 282
search_success: 1
search_time: 0.055722941644489765
n_tsp_call: 1
n_tsp_time: 0.0442981356754899
n_roots: 1
num_conflicts: 1
target_assignment: {118: 0, 252: 0, 203: 4, 235: 4, 49: 1}
cluster_target_selection: {1: 118, 4: 252, 2: 203, 0: 235, 3: 49}
num_nodes_transformed_graph: 24
agent_paths:({0: [(3, 1), (4, 1), (5, 1), (5, 2), (5, 3), (5, 4), (5, 5), (5, 6), (6, 6), (6, 7), (7, 7), (8, 7), (9, 7), (10, 7), (11, 7), (12, 7), (12, 8), (12, 9), (12, 10), (12, 11), (12, 12), (12, 13), (12, 14), (12, 15), (12, 14), (13, 14), (13, 14)], 1: [(4, 2), (3, 2), (2, 2), (1, 2), (1, 3), (0, 3), (0, 4), (0, 5), (0, 6), (0, 7), (0, 8), (0, 8)], 2: [(11, 6), (10, 6), (9, 6), (9, 7), (9, 8), (9, 9), (9, 10), (9, 11), (9, 12), (9, 13), (9, 14), (9, 15), (9, 15)], 3: [(7, 8), (6, 8), (6, 7), (6, 6), (6, 5), (6, 5)], 4: [(15, 12), (14, 12), (13, 12), (12, 12), (11, 12), (11, 13), (11, 14), (11, 13), (11, 12), (11, 11), (11, 10), (11, 10)]}, 25)