

CBSS-C STATS
starts:[84, 211, 137, 200, 82]
targets:[72, 190, 16, 63, 57, 136, 8, 62, 165, 152]
dests:[186, 32, 94, 56, 153]
ac_dict:{72: {0, 1}, 190: {1, 2}, 16: {2, 3}, 63: {3, 4}, 186: {0}, 32: {1}, 94: {2}, 56: {3}, 153: {4}}
clusters:[0 0 0 0 0 1 1 0 0 0]

round: 2
best_g_value: 54.0
open_list_size: 1
num_low_level_expanded: 214
search_success: 1
search_time: 0.2278459882363677
n_tsp_call: 1
n_tsp_time: 0.21570436283946037
n_roots: 1
num_conflicts: 1
target_assignment: {136: 0, 152: 0}
cluster_target_selection: {1: 136, 0: 152}
num_nodes_transformed_graph: 48
agent_paths:({0: [(4, 5), (5, 5), (6, 5), (7, 5), (7, 6), (7, 7), (8, 7), (8, 8), (8, 9), (9, 9), (10, 9), (10, 10), (10, 11), (10, 11)], 1: [(3, 13), (2, 13), (1, 13), (0, 13), (0, 12), (0, 11), (0, 10), (0, 9), (0, 8), (0, 7), (0, 6), (0, 5), (0, 4), (0, 3), (0, 2), (0, 2)], 2: [(9, 8), (9, 7), (9, 6), (9, 5), (10, 5), (11, 5), (12, 5), (13, 5), (14, 5), (14, 5)], 3: [(8, 12), (8, 11), (8, 10), (8, 9), (8, 8), (8, 7), (8, 6), (8, 5), (8, 4), (8, 3), (8, 3)], 4: [(2, 5), (3, 5), (4, 5), (5, 5), (6, 5), (7, 5), (8, 5), (9, 5), (9, 6), (9, 7), (9, 8), (9, 9), (9, 9)]}, 14)