

CBSS-C STATS
starts:[207, 83, 127, 99, 80, 170, 161, 216, 1, 136]
targets:[43, 67, 227, 86, 23, 120, 27, 255, 100, 217, 111, 159, 4, 78, 215]
dests:[42, 156, 134, 108, 77, 104, 214, 191, 90, 206]
ac_dict:{43: {0, 1}, 67: {1, 2}, 227: {2, 3}, 86: {3, 4}, 23: {4, 5}, 120: {5, 6}, 27: {6, 7}, 255: {8, 7}, 100: {8, 9}, 42: {0}, 156: {1}, 134: {2}, 108: {3}, 77: {4}, 104: {5}, 214: {6}, 191: {7}, 90: {8}, 206: {9}}
clusters:[6 1 8 9 3 8 7 9 7 0 2 5 4 0 5]

round: 2
best_g_value: 118.0
open_list_size: 1
num_low_level_expanded: 382
search_success: 1
search_time: 0.7288151467218995
n_tsp_call: 1
n_tsp_time: 0.7033828250132501
n_roots: 1
num_conflicts: 1
target_assignment: {159: 0, 111: 0, 78: 0, 43: 0, 86: 4, 23: 4, 67: 1, 120: 5, 4: 8, 100: 8}
cluster_target_selection: {5: 159, 2: 111, 0: 78, 6: 43, 9: 86, 3: 23, 1: 67, 8: 120, 4: 4, 7: 100}
num_nodes_transformed_graph: 98
agent_paths:({0: [(15, 12), (15, 11), (15, 10), (15, 9), (15, 8), (15, 7), (15, 6), (14, 6), (14, 5), (14, 4), (13, 4), (12, 4), (11, 4), (11, 3), (11, 2), (10, 2), (10, 2)], 1: [(3, 5), (3, 4), (4, 4), (5, 4), (6, 4), (7, 4), (8, 4), (9, 4), (10, 4), (11, 4), (11, 5), (11, 6), (11, 7), (12, 7), (12, 8), (12, 9), (12, 9)], 2: [(15, 7), (14, 7), (13, 7), (12, 7), (11, 7), (10, 7), (9, 7), (8, 7), (7, 7), (6, 7), (6, 8), (6, 8)], 3: [(3, 6), (4, 6), (5, 6), (6, 6), (7, 6), (8, 6), (9, 6), (10, 6), (11, 6), (12, 6), (12, 6)], 4: [(0, 5), (1, 5), (2, 5), (3, 5), (4, 5), (5, 5), (6, 5), (6, 4), (6, 3), (6, 2), (6, 1), (7, 1), (8, 1), (9, 1), (10, 1), (11, 1), (12, 1), (13, 1), (13, 2), (13, 3), (13, 4), (13, 4)], 5: [(10, 10), (9, 10), (8, 10), (8, 9), (8, 8), (8, 7), (8, 6), (8, 6)], 6: [(1, 10), (2, 10), (3, 10), (4, 10), (5, 10), (6, 10), (6, 11), (6, 12), (6, 13), (6, 13)], 7: [(8, 13), (8, 12), (8, 11), (9, 11), (10, 11), (11, 11), (12, 11), (13, 11), (14, 11), (15, 11), (15, 11)], 8: [(1, 0), (2, 0), (3, 0), (4, 0), (4, 1), (4, 2), (4, 3), (4, 4), (4, 5), (4, 6), (4, 5), (5, 5), (6, 5), (7, 5), (8, 5), (9, 5), (10, 5), (10, 5)], 9: [(8, 8), (9, 8), (10, 8), (11, 8), (12, 8), (13, 8), (14, 8), (14, 9), (14, 10), (14, 11), (14, 12), (14, 12)]}, 20)