

CBSS-C STATS
starts:[245, 172, 189, 56, 66]
targets:[69, 29, 107, 0, 93, 151, 41, 149, 161, 89, 26, 154, 226, 255, 174, 193, 195, 219, 224, 246]
dests:[208, 242, 133, 167, 194]
ac_dict:{69: {0, 1}, 29: {1, 2}, 107: {2, 3}, 0: {3, 4}, 208: {0}, 242: {1}, 133: {2}, 167: {3}, 194: {4}}
clusters:[0 5 2 4 1 6 7 3 0 0 5 8 8 7 6 4 8 9 0 1]

round: 3
best_g_value: 61.0
open_list_size: 2
num_low_level_expanded: 226
search_success: 1
search_time: 0.261163585819304
n_tsp_call: 1
n_tsp_time: 0.2438347740098834
n_roots: 1
num_conflicts: 2
target_assignment: {41: 3, 26: 3, 107: 3, 151: 3, 161: 4, 193: 4, 219: 1, 246: 1, 154: 2, 149: 2}
cluster_target_selection: {7: 41, 5: 26, 2: 107, 6: 151, 0: 161, 4: 193, 9: 219, 1: 246, 8: 154, 3: 149}
num_nodes_transformed_graph: 53
agent_paths:({0: [(5, 15), (4, 15), (3, 15), (2, 15), (1, 15), (0, 15), (0, 14), (0, 13), (0, 13)], 1: [(12, 10), (11, 10), (11, 11), (11, 12), (11, 13), (10, 13), (9, 13), (8, 13), (7, 13), (6, 13), (6, 14), (6, 15), (5, 15), (4, 15), (3, 15), (2, 15), (2, 15)], 2: [(13, 11), (12, 11), (12, 10), (11, 10), (10, 10), (10, 9), (9, 9), (8, 9), (7, 9), (6, 9), (5, 9), (5, 8), (5, 8)], 3: [(8, 3), (8, 2), (9, 2), (9, 1), (10, 1), (11, 1), (11, 2), (11, 3), (11, 4), (11, 5), (11, 6), (10, 6), (9, 6), (8, 6), (7, 6), (7, 7), (7, 8), (7, 9), (7, 10), (7, 10)], 4: [(2, 4), (1, 4), (1, 5), (1, 6), (1, 7), (1, 8), (1, 9), (1, 10), (1, 11), (1, 12), (2, 12), (2, 12)]}, 18)