

CBSS-C STATS
starts:[255, 206, 50, 36, 232]
targets:[225, 189, 80, 25, 182, 101, 129, 77, 44, 66, 137, 108, 124, 8, 125, 60, 5, 32, 12, 233]
dests:[89, 49, 185, 253, 28]
ac_dict:{225: {0, 1}, 189: {1, 2}, 80: {2, 3}, 25: {3, 4}, 89: {0}, 49: {1}, 185: {2}, 253: {3}, 28: {4}}
clusters:[1 7 6 8 5 1 2 4 6 3 4 5 0 6 7 1 9 5 7 4]

round: 1
best_g_value: 96.0
open_list_size: 0
num_low_level_expanded: 285
search_success: 1
search_time: 0.48923263885080814
n_tsp_call: 1
n_tsp_time: 0.47129631601274014
n_roots: 1
num_conflicts: 0
target_assignment: {124: 0, 108: 0, 44: 4, 66: 2, 5: 3, 25: 3, 60: 3, 77: 3, 189: 1, 129: 1}
cluster_target_selection: {0: 124, 5: 108, 6: 44, 3: 66, 9: 5, 8: 25, 1: 60, 4: 77, 7: 189, 2: 129}
num_nodes_transformed_graph: 54
agent_paths:({0: [(15, 15), (14, 15), (13, 15), (12, 15), (12, 14), (12, 13), (12, 12), (12, 11), (12, 10), (12, 9), (12, 8), (12, 7), (12, 6), (11, 6), (10, 6), (9, 6), (9, 5), (9, 5)], 1: [(14, 12), (13, 12), (13, 11), (12, 11), (11, 11), (10, 11), (9, 11), (8, 11), (7, 11), (6, 11), (5, 11), (4, 11), (3, 11), (2, 11), (1, 11), (1, 10), (1, 9), (1, 8), (1, 7), (1, 6), (1, 5), (1, 4), (1, 3), (1, 3)], 2: [(2, 3), (2, 4), (3, 4), (4, 4), (5, 4), (6, 4), (7, 4), (8, 4), (9, 4), (9, 5), (9, 6), (9, 7), (9, 8), (9, 9), (9, 10), (9, 11), (9, 11)], 3: [(4, 2), (4, 1), (4, 0), (5, 0), (6, 0), (7, 0), (8, 0), (9, 0), (9, 1), (10, 1), (11, 1), (12, 1), (12, 2), (12, 3), (13, 3), (13, 4), (13, 5), (13, 6), (13, 7), (13, 8), (13, 9), (13, 10), (13, 11), (13, 12), (13, 13), (13, 14), (13, 15), (13, 15)], 4: [(8, 14), (8, 13), (8, 12), (8, 11), (8, 10), (8, 9), (8, 8), (8, 7), (8, 6), (8, 5), (8, 4), (8, 3), (8, 2), (9, 2), (10, 2), (11, 2), (12, 2), (12, 1), (12, 1)]}, 26)