

CBSS-C STATS
starts:[143, 48, 190, 160, 167]
targets:[174, 155, 132, 214, 166, 137, 130, 152, 64, 25, 225, 61, 231, 135, 212, 235, 84, 221, 51, 169]
dests:[179, 229, 209, 23, 206]
ac_dict:{174: {0, 1}, 155: {1, 2}, 132: {2, 3}, 214: {3, 4}, 179: {0}, 229: {1}, 209: {2}, 23: {3}, 206: {4}}
clusters:[6 7 7 9 1 0 1 2 7 2 8 5 4 1 2 0 1 1 4 3]

round: 3
best_g_value: 89.0
open_list_size: 2
num_low_level_expanded: 457
search_success: 1
search_time: 0.2777085122652352
n_tsp_call: 1
n_tsp_time: 0.2577525661326945
n_roots: 1
num_conflicts: 2
target_assignment: {174: 0, 169: 0, 61: 3, 25: 3, 235: 2, 231: 2, 225: 2, 214: 4, 221: 4, 64: 1}
cluster_target_selection: {6: 174, 3: 169, 5: 61, 2: 25, 0: 235, 4: 231, 8: 225, 9: 214, 1: 221, 7: 64}
num_nodes_transformed_graph: 45
agent_paths:({0: [(15, 8), (14, 8), (14, 9), (14, 10), (13, 10), (12, 10), (11, 10), (10, 10), (9, 10), (8, 10), (7, 10), (6, 10), (5, 10), (4, 10), (3, 10), (3, 11), (3, 11)], 1: [(0, 3), (0, 4), (1, 4), (2, 4), (3, 4), (4, 4), (4, 5), (4, 6), (4, 7), (4, 8), (4, 9), (4, 10), (4, 11), (5, 11), (5, 12), (5, 13), (5, 14), (5, 14)], 2: [(14, 11), (13, 11), (12, 11), (11, 11), (11, 12), (11, 13), (11, 14), (10, 14), (9, 14), (8, 14), (7, 14), (6, 14), (5, 14), (4, 14), (3, 14), (2, 14), (1, 14), (1, 13), (1, 13)], 3: [(0, 10), (0, 9), (0, 8), (0, 7), (0, 6), (0, 5), (0, 4), (0, 3), (1, 3), (2, 3), (3, 3), (4, 3), (5, 3), (6, 3), (7, 3), (8, 3), (9, 3), (10, 3), (11, 3), (12, 3), (13, 3), (12, 3), (11, 3), (10, 3), (9, 3), (9, 2), (9, 1), (8, 1), (7, 1), (7, 1)], 4: [(7, 10), (6, 10), (6, 11), (6, 12), (6, 13), (7, 13), (8, 13), (9, 13), (10, 13), (11, 13), (12, 13), (13, 13), (13, 12), (14, 12), (14, 12)]}, 28)