

CBSS-C STATS
starts:[188, 213, 9, 112, 129]
targets:[26, 214, 145, 203, 239, 103, 13, 74, 155, 23]
dests:[254, 161, 177, 19, 180]
ac_dict:{26: {0, 1}, 214: {1, 2}, 145: {2, 3}, 203: {3, 4}, 254: {0}, 161: {1}, 177: {2}, 19: {3}, 180: {4}}
clusters:[1 0 0 0 1 1 0 0 0 0]

round: 2
best_g_value: 47.0
open_list_size: 1
num_low_level_expanded: 290
search_success: 1
search_time: 0.17376311728730798
n_tsp_call: 1
n_tsp_time: 0.1650117919780314
n_roots: 1
num_conflicts: 1
target_assignment: {23: 2, 103: 2}
cluster_target_selection: {0: 23, 1: 103}
num_nodes_transformed_graph: 48
agent_paths:({0: [(12, 11), (13, 11), (14, 11), (14, 12), (14, 13), (14, 14), (14, 15), (14, 15)], 1: [(5, 13), (4, 13), (3, 13), (2, 13), (1, 13), (1, 12), (1, 11), (1, 10), (1, 10)], 2: [(9, 0), (8, 0), (7, 0), (7, 1), (7, 2), (7, 3), (7, 4), (7, 5), (7, 6), (6, 6), (5, 6), (4, 6), (3, 6), (2, 6), (2, 7), (2, 8), (2, 9), (2, 10), (2, 11), (1, 11), (1, 11)], 3: [(0, 7), (0, 6), (0, 5), (0, 4), (0, 3), (0, 2), (0, 1), (1, 1), (2, 1), (3, 1), (3, 1)], 4: [(1, 8), (2, 8), (3, 8), (4, 8), (4, 9), (4, 10), (4, 11), (4, 11)]}, 19)