

CBSS-C STATS
starts:[220, 180, 242, 157, 170, 200, 135, 67, 189, 1]
targets:[52, 94, 149, 59, 198, 73, 179, 109, 91, 132, 82, 2, 80, 81, 51]
dests:[62, 90, 10, 194, 255, 231, 89, 30, 40, 117]
ac_dict:{52: {0, 1}, 94: {1, 2}, 149: {2, 3}, 59: {3, 4}, 198: {4, 5}, 73: {5, 6}, 179: {6, 7}, 109: {8, 7}, 91: {8, 9}, 62: {0}, 90: {1}, 10: {2}, 194: {3}, 255: {4}, 231: {5}, 89: {6}, 30: {7}, 40: {8}, 117: {9}}
clusters:[8 3 9 6 2 3 1 8 4 6 7 6 5 0 1]

round: 3
best_g_value: 124.0
open_list_size: 2
num_low_level_expanded: 431
search_success: 1
search_time: 0.3289162199944258
n_tsp_call: 1
n_tsp_time: 0.30539187602698803
n_roots: 1
num_conflicts: 2
target_assignment: {80: 9, 81: 9, 82: 9, 132: 1, 198: 5, 149: 3, 109: 8, 91: 8, 51: 2, 73: 6}
cluster_target_selection: {5: 80, 0: 81, 7: 82, 6: 132, 2: 198, 9: 149, 8: 109, 4: 91, 1: 51, 3: 73}
num_nodes_transformed_graph: 53
agent_paths:({0: [(12, 13), (12, 12), (12, 11), (12, 10), (12, 9), (12, 8), (12, 7), (12, 6), (12, 5), (12, 4), (12, 3), (13, 3), (14, 3), (14, 3)], 1: [(4, 11), (4, 10), (4, 9), (4, 8), (4, 7), (4, 6), (5, 6), (6, 6), (7, 6), (8, 6), (9, 6), (10, 6), (10, 5), (10, 5)], 2: [(2, 15), (2, 14), (2, 13), (2, 12), (2, 11), (2, 10), (2, 9), (2, 8), (2, 7), (2, 6), (2, 5), (2, 4), (2, 3), (3, 3), (3, 2), (3, 1), (3, 0), (4, 0), (5, 0), (6, 0), (7, 0), (8, 0), (9, 0), (10, 0), (10, 0)], 3: [(13, 9), (12, 9), (11, 9), (10, 9), (9, 9), (8, 9), (7, 9), (6, 9), (5, 9), (4, 9), (3, 9), (2, 9), (2, 10), (2, 11), (2, 12), (2, 12)], 4: [(10, 10), (11, 10), (12, 10), (13, 10), (14, 10), (15, 10), (15, 11), (15, 12), (15, 13), (15, 14), (15, 15), (15, 15)], 5: [(8, 12), (7, 12), (6, 12), (7, 12), (7, 13), (7, 14), (7, 14)], 6: [(7, 8), (7, 7), (7, 6), (7, 5), (7, 4), (8, 4), (9, 4), (9, 5), (9, 5)], 7: [(3, 4), (3, 3), (3, 2), (3, 1), (4, 1), (5, 1), (6, 1), (7, 1), (8, 1), (9, 1), (10, 1), (11, 1), (12, 1), (13, 1), (14, 1), (14, 1)], 8: [(13, 11), (13, 10), (13, 9), (13, 8), (13, 7), (13, 6), (12, 6), (11, 6), (11, 5), (10, 5), (10, 4), (9, 4), (8, 4), (8, 3), (8, 2), (8, 2)], 9: [(1, 0), (0, 0), (0, 1), (0, 2), (0, 3), (0, 4), (0, 5), (1, 5), (2, 5), (3, 5), (4, 5), (5, 5), (5, 6), (5, 7), (5, 7)]}, 23)