

CBSS-C STATS
starts:[163, 205, 38, 113, 56]
targets:[45, 78, 188, 102, 112, 104, 213, 130, 13, 249, 143, 138, 161, 54, 169, 195, 218, 170, 0, 32]
dests:[231, 245, 216, 148, 10]
ac_dict:{45: {0, 1}, 78: {1, 2}, 188: {2, 3}, 102: {3, 4}, 231: {0}, 245: {1}, 216: {2}, 148: {3}, 10: {4}}
clusters:[4 7 7 1 1 7 3 6 8 7 4 0 4 1 7 6 9 2 5 0]

round: 1
best_g_value: 68.0
open_list_size: 0
num_low_level_expanded: 152
search_success: 1
search_time: 3.9625656567513943
n_tsp_call: 1
n_tsp_time: 3.9417928028851748
n_roots: 1
num_conflicts: 0
target_assignment: {195: 0, 213: 0, 170: 1, 218: 1, 249: 1, 13: 4, 0: 2, 32: 2, 112: 2, 161: 2}
cluster_target_selection: {6: 195, 3: 213, 2: 170, 9: 218, 7: 249, 8: 13, 5: 0, 0: 32, 1: 112, 4: 161}
num_nodes_transformed_graph: 98
agent_paths:({0: [(3, 10), (3, 11), (3, 12), (4, 12), (5, 12), (5, 13), (6, 13), (7, 13), (7, 14), (7, 14)], 1: [(13, 12), (12, 12), (11, 12), (10, 12), (10, 11), (10, 10), (10, 11), (10, 12), (10, 13), (9, 13), (9, 14), (9, 15), (8, 15), (7, 15), (6, 15), (5, 15), (5, 15)], 2: [(6, 2), (5, 2), (4, 2), (3, 2), (2, 2), (1, 2), (0, 2), (0, 1), (0, 0), (0, 1), (0, 2), (0, 3), (0, 4), (0, 5), (0, 6), (0, 7), (1, 7), (1, 8), (1, 9), (1, 10), (2, 10), (3, 10), (4, 10), (5, 10), (6, 10), (7, 10), (8, 10), (8, 11), (8, 12), (8, 13), (8, 13)], 3: [(1, 7), (2, 7), (3, 7), (4, 7), (4, 8), (4, 9), (4, 9)], 4: [(8, 3), (8, 2), (8, 1), (8, 0), (9, 0), (10, 0), (11, 0), (12, 0), (13, 0), (12, 0), (11, 0), (10, 0), (10, 0)]}, 29)