

CBSS-C STATS
starts:[237, 14, 48, 49, 252]
targets:[157, 232, 244, 181, 99, 153, 98, 60, 36, 64]
dests:[187, 45, 250, 87, 16]
ac_dict:{157: {0, 1}, 232: {1, 2}, 244: {2, 3}, 181: {3, 4}, 187: {0}, 45: {1}, 250: {2}, 87: {3}, 16: {4}}
clusters:[1 1 0 3 2 3 0 2 4 1]

round: 1
best_g_value: 64.0
open_list_size: 0
num_low_level_expanded: 230
search_success: 1
search_time: 0.18135674018412828
n_tsp_call: 1
n_tsp_time: 0.1692654499784112
n_roots: 1
num_conflicts: 0
target_assignment: {36: 4, 64: 2, 98: 2, 99: 2, 153: 2}
cluster_target_selection: {4: 36, 1: 64, 0: 98, 2: 99, 3: 153}
num_nodes_transformed_graph: 48
agent_paths:({0: [(13, 14), (12, 14), (11, 14), (11, 13), (11, 12), (11, 11), (11, 11)], 1: [(14, 0), (13, 0), (13, 1), (13, 2), (13, 2)], 2: [(0, 3), (0, 4), (1, 4), (2, 4), (2, 5), (2, 6), (3, 6), (4, 6), (5, 6), (6, 6), (7, 6), (8, 6), (9, 6), (9, 7), (9, 8), (9, 9), (10, 9), (10, 10), (10, 11), (10, 12), (10, 13), (10, 14), (10, 15), (10, 15)], 3: [(1, 3), (2, 3), (3, 3), (4, 3), (5, 3), (6, 3), (7, 3), (7, 4), (7, 5), (7, 5)], 4: [(12, 15), (11, 15), (10, 15), (9, 15), (8, 15), (7, 15), (6, 15), (5, 15), (4, 15), (4, 14), (4, 13), (4, 12), (4, 11), (4, 10), (4, 9), (4, 8), (4, 7), (4, 6), (4, 5), (4, 4), (4, 3), (4, 2), (3, 2), (2, 2), (1, 2), (0, 2), (0, 1), (0, 1)]}, 26)