

CBSS-C STATS
starts:[96, 59, 244, 234, 1]
targets:[232, 37, 16, 77, 29, 172, 14, 254, 57, 200]
dests:[7, 28, 226, 48, 11]
ac_dict:{232: {0, 1}, 37: {1, 2}, 16: {2, 3}, 77: {3, 4}, 7: {0}, 28: {1}, 226: {2}, 48: {3}, 11: {4}}
clusters:[1 1 0 0 1 0 1 0 1 0]

round: 1
best_g_value: 52.0
open_list_size: 0
num_low_level_expanded: 118
search_success: 1
search_time: 0.06383667699992657
n_tsp_call: 1
n_tsp_time: 0.056217347737401724
n_roots: 1
num_conflicts: 0
target_assignment: {200: 3, 57: 3}
cluster_target_selection: {0: 200, 1: 57}
num_nodes_transformed_graph: 29
agent_paths:({0: [(0, 6), (0, 5), (0, 4), (0, 3), (0, 2), (0, 1), (0, 0), (1, 0), (2, 0), (3, 0), (4, 0), (5, 0), (6, 0), (7, 0), (7, 0)], 1: [(11, 3), (11, 2), (11, 1), (12, 1), (12, 1)], 2: [(4, 15), (3, 15), (2, 15), (2, 14), (2, 14)], 3: [(10, 14), (9, 14), (8, 14), (8, 13), (8, 12), (8, 11), (8, 10), (8, 9), (8, 8), (8, 7), (8, 6), (8, 5), (8, 4), (8, 3), (9, 3), (8, 3), (7, 3), (6, 3), (5, 3), (4, 3), (3, 3), (2, 3), (1, 3), (0, 3), (0, 3)], 4: [(1, 0), (2, 0), (3, 0), (4, 0), (5, 0), (6, 0), (7, 0), (8, 0), (9, 0), (10, 0), (11, 0), (11, 0)]}, 23)