

CBSS-C STATS
starts:[53, 136, 11, 154, 233, 122, 16, 49, 74, 128]
targets:[206, 162, 228, 26, 144, 105, 24, 147, 72, 198]
dests:[100, 180, 142, 230, 66, 113, 20, 171, 4, 177]
ac_dict:{206: {0, 1}, 162: {1, 2}, 228: {2, 3}, 26: {3, 4}, 144: {4, 5}, 105: {5, 6}, 24: {6, 7}, 147: {8, 7}, 72: {8, 9}, 100: {0}, 180: {1}, 142: {2}, 230: {3}, 66: {4}, 113: {5}, 20: {6}, 171: {7}, 4: {8}, 177: {9}}
clusters:[4 1 2 3 1 1 1 1 4 0]

round: 4
best_g_value: 112.0
open_list_size: 3
num_low_level_expanded: 945
search_success: 1
search_time: 0.13612424489110708
n_tsp_call: 1
n_tsp_time: 0.1084758504293859
n_roots: 1
num_conflicts: 3
target_assignment: {26: 3, 228: 3, 147: 7, 198: 4, 72: 8}
cluster_target_selection: {3: 26, 2: 228, 1: 147, 0: 198, 4: 72}
num_nodes_transformed_graph: 34
agent_paths:({0: [(5, 3), (4, 3), (4, 4), (4, 5), (4, 6), (4, 6)], 1: [(8, 8), (7, 8), (6, 8), (5, 8), (4, 8), (4, 9), (4, 10), (4, 11), (4, 11)], 2: [(11, 0), (12, 0), (13, 0), (14, 0), (14, 1), (14, 2), (14, 3), (14, 4), (14, 5), (14, 6), (14, 7), (14, 8), (14, 8)], 3: [(10, 9), (10, 8), (10, 7), (10, 6), (10, 5), (10, 4), (10, 3), (10, 2), (10, 1), (9, 1), (8, 1), (7, 1), (6, 1), (5, 1), (5, 2), (5, 3), (5, 4), (5, 5), (5, 6), (5, 7), (5, 8), (5, 9), (5, 10), (5, 11), (5, 12), (4, 12), (4, 13), (4, 14), (5, 14), (6, 14), (6, 14)], 4: [(9, 14), (8, 14), (7, 14), (6, 14), (6, 13), (6, 12), (5, 12), (4, 12), (3, 12), (2, 12), (2, 11), (2, 10), (2, 9), (2, 8), (2, 7), (2, 6), (2, 5), (2, 4), (2, 4)], 5: [(10, 7), (9, 7), (8, 7), (7, 7), (6, 7), (5, 7), (4, 7), (3, 7), (2, 7), (1, 7), (1, 7)], 6: [(0, 1), (1, 1), (2, 1), (3, 1), (4, 1), (4, 1)], 7: [(1, 3), (2, 3), (3, 3), (3, 4), (3, 5), (3, 6), (3, 7), (3, 8), (3, 9), (4, 9), (5, 9), (6, 9), (7, 9), (8, 9), (9, 9), (10, 9), (11, 9), (11, 10), (11, 10)], 8: [(10, 4), (9, 4), (8, 4), (7, 4), (6, 4), (5, 4), (5, 3), (5, 2), (5, 1), (5, 0), (4, 0), (4, 0)], 9: [(0, 8), (1, 8), (1, 9), (1, 10), (1, 11), (1, 11)]}, 29)