

CBSS-C STATS
starts:[194, 109, 107, 142, 34]
targets:[170, 249, 100, 245, 159, 214, 240, 176, 14, 226]
dests:[171, 97, 239, 166, 246]
ac_dict:{170: {0, 1}, 249: {1, 2}, 100: {2, 3}, 245: {3, 4}, 171: {0}, 97: {1}, 239: {2}, 166: {3}, 246: {4}}
clusters:[0 1 1 1 1 1 1 0 0 1]

round: 3
best_g_value: 62.0
open_list_size: 2
num_low_level_expanded: 346
search_success: 1
search_time: 0.07213736791163683
n_tsp_call: 1
n_tsp_time: 0.05767331039533019
n_roots: 1
num_conflicts: 2
target_assignment: {170: 0, 214: 4}
cluster_target_selection: {0: 170, 1: 214}
num_nodes_transformed_graph: 28
agent_paths:({0: [(2, 12), (2, 11), (2, 10), (3, 10), (4, 10), (5, 10), (6, 10), (7, 10), (8, 10), (9, 10), (10, 10), (11, 10), (11, 10)], 1: [(13, 6), (12, 6), (11, 6), (10, 6), (9, 6), (8, 6), (7, 6), (6, 6), (5, 6), (4, 6), (3, 6), (2, 6), (1, 6), (1, 6)], 2: [(11, 6), (11, 7), (12, 7), (13, 7), (14, 7), (15, 7), (15, 8), (15, 9), (15, 10), (15, 11), (15, 12), (15, 13), (15, 14), (15, 14)], 3: [(14, 8), (13, 8), (12, 8), (11, 8), (10, 8), (9, 8), (8, 8), (7, 8), (6, 8), (6, 9), (6, 10), (6, 10)], 4: [(2, 2), (3, 2), (4, 2), (5, 2), (5, 3), (5, 4), (5, 5), (5, 6), (5, 7), (5, 8), (5, 9), (5, 10), (5, 11), (6, 11), (6, 12), (6, 13), (6, 14), (6, 15), (6, 15)]}, 17)