

CBSS-C STATS
starts:[221, 169, 40, 83, 109]
targets:[188, 41, 162, 42, 232, 159, 53, 254, 172, 228, 176, 164, 16, 144, 193, 57, 203, 239, 204, 131]
dests:[80, 73, 98, 106, 23]
ac_dict:{188: {0, 1}, 41: {1, 2}, 162: {2, 3}, 42: {3, 4}, 80: {0}, 73: {1}, 98: {2}, 106: {3}, 23: {4}}
clusters:[2 2 6 5 2 2 0 3 8 6 1 6 3 7 6 7 9 4 3 5]

round: 1
best_g_value: 66.0
open_list_size: 0
num_low_level_expanded: 127
search_success: 1
search_time: 2.4515459961257875
n_tsp_call: 1
n_tsp_time: 2.4317863136529922
n_roots: 1
num_conflicts: 0
target_assignment: {239: 0, 188: 0, 172: 0, 204: 0, 203: 0, 193: 0, 176: 0, 144: 0, 53: 2, 42: 4}
cluster_target_selection: {4: 239, 2: 188, 8: 172, 3: 204, 9: 203, 6: 193, 1: 176, 7: 144, 0: 53, 5: 42}
num_nodes_transformed_graph: 98
agent_paths:({0: [(13, 13), (14, 13), (15, 13), (15, 14), (14, 14), (13, 14), (12, 14), (12, 13), (12, 12), (12, 11), (12, 10), (12, 11), (12, 12), (11, 12), (10, 12), (9, 12), (8, 12), (7, 12), (6, 12), (5, 12), (4, 12), (3, 12), (2, 12), (1, 12), (0, 12), (0, 11), (0, 10), (0, 9), (0, 8), (0, 7), (0, 6), (0, 5), (0, 5)], 1: [(9, 10), (9, 9), (9, 8), (9, 7), (9, 6), (9, 5), (9, 4), (9, 4)], 2: [(8, 2), (7, 2), (6, 2), (5, 2), (5, 3), (4, 3), (3, 3), (2, 3), (2, 4), (2, 5), (2, 6), (2, 6)], 3: [(3, 5), (4, 5), (5, 5), (6, 5), (7, 5), (8, 5), (9, 5), (10, 5), (10, 6), (10, 6)], 4: [(13, 6), (12, 6), (11, 6), (10, 6), (10, 5), (10, 4), (10, 3), (10, 2), (9, 2), (8, 2), (7, 2), (7, 1), (7, 1)]}, 31)