

CBSS-C STATS
starts:[37, 215, 251, 142, 226, 120, 111, 24, 245, 123]
targets:[203, 134, 159, 18, 137, 29, 157, 207, 244, 14, 38, 95, 194, 118, 124]
dests:[75, 2, 149, 121, 218, 20, 246, 9, 115, 208]
ac_dict:{203: {0, 1}, 134: {1, 2}, 159: {2, 3}, 18: {3, 4}, 137: {4, 5}, 29: {5, 6}, 157: {6, 7}, 207: {8, 7}, 244: {8, 9}, 75: {0}, 2: {1}, 149: {2}, 121: {3}, 218: {4}, 20: {5}, 246: {6}, 9: {7}, 115: {8}, 208: {9}}
clusters:[7 6 2 2 4 9 0 5 9 8 8 6 7 3 1]

round: 107
best_g_value: 140.0
open_list_size: 105
num_low_level_expanded: 13711
search_success: 1
search_time: 1.8689434891566634
n_tsp_call: 1
n_tsp_time: 1.279065071605146
n_roots: 1
num_conflicts: 106
target_assignment: {194: 9, 137: 5, 38: 5, 134: 1, 159: 3, 124: 3, 244: 8, 207: 8, 118: 8, 157: 6}
cluster_target_selection: {7: 194, 4: 137, 8: 38, 6: 134, 2: 159, 1: 124, 9: 244, 5: 207, 3: 118, 0: 157}
num_nodes_transformed_graph: 98
agent_paths:({0: [(5, 2), (6, 2), (7, 2), (8, 2), (9, 2), (10, 2), (11, 2), (11, 3), (11, 4), (11, 4)], 1: [(7, 13), (6, 13), (6, 12), (6, 11), (6, 10), (6, 9), (6, 8), (5, 8), (4, 8), (3, 8), (3, 7), (2, 7), (2, 6), (2, 5), (2, 4), (2, 3), (2, 2), (2, 1), (2, 0), (2, 0)], 2: [(11, 15), (10, 15), (9, 15), (8, 15), (7, 15), (6, 15), (5, 15), (5, 14), (5, 13), (5, 12), (5, 11), (5, 10), (5, 9), (5, 9)], 3: [(14, 8), (15, 8), (15, 9), (14, 9), (13, 9), (12, 9), (12, 8), (12, 7), (11, 7), (10, 7), (9, 7), (9, 7)], 4: [(2, 14), (2, 13), (3, 13), (4, 13), (5, 13), (6, 13), (7, 13), (8, 13), (9, 13), (10, 13), (10, 13)], 5: [(8, 7), (9, 7), (9, 8), (8, 8), (7, 8), (6, 8), (6, 7), (6, 6), (6, 5), (6, 4), (6, 3), (6, 2), (5, 2), (4, 2), (4, 1), (4, 1)], 6: [(15, 6), (14, 6), (13, 6), (13, 7), (13, 8), (13, 9), (12, 9), (11, 9), (10, 9), (9, 9), (8, 9), (7, 9), (6, 9), (6, 10), (6, 11), (6, 12), (6, 13), (6, 14), (6, 15), (6, 15)], 7: [(8, 1), (8, 0), (9, 0), (9, 0)], 8: [(5, 15), (4, 15), (4, 14), (5, 14), (6, 14), (7, 14), (8, 14), (9, 14), (10, 14), (11, 14), (11, 13), (11, 12), (12, 12), (13, 12), (14, 12), (15, 12), (14, 12), (13, 12), (12, 12), (11, 12), (10, 12), (9, 12), (8, 12), (7, 12), (6, 12), (6, 11), (6, 10), (6, 9), (6, 8), (6, 7), (5, 7), (4, 7), (3, 7), (3, 7)], 9: [(11, 7), (10, 7), (9, 7), (8, 7), (7, 7), (6, 7), (5, 7), (4, 7), (3, 7), (2, 7), (2, 8), (2, 9), (2, 10), (2, 11), (2, 12), (1, 12), (0, 12), (0, 13), (0, 13)]}, 32)