

CBSS-C STATS
starts:[103, 190, 110, 157, 68]
targets:[27, 244, 24, 150, 87, 14, 1, 102, 7, 47]
dests:[17, 22, 63, 48, 203]
ac_dict:{27: {0, 1}, 244: {1, 2}, 24: {2, 3}, 150: {3, 4}, 17: {0}, 22: {1}, 63: {2}, 48: {3}, 203: {4}}
clusters:[1 1 0 0 1 1 0 1 1 0]

round: 2
best_g_value: 67.0
open_list_size: 0
num_low_level_expanded: 349
search_success: 1
search_time: 0.1812052996829152
n_tsp_call: 1
n_tsp_time: 0.1645767567679286
n_roots: 1
num_conflicts: 1
target_assignment: {150: 4, 27: 1}
cluster_target_selection: {0: 150, 1: 27}
num_nodes_transformed_graph: 48
agent_paths:({0: [(7, 6), (6, 6), (5, 6), (4, 6), (3, 6), (2, 6), (1, 6), (1, 5), (1, 4), (1, 3), (1, 2), (1, 1), (1, 1)], 1: [(14, 11), (13, 11), (12, 11), (11, 11), (11, 10), (11, 9), (11, 8), (11, 7), (11, 6), (11, 5), (11, 4), (11, 3), (11, 2), (11, 1), (10, 1), (9, 1), (8, 1), (7, 1), (6, 1), (6, 1)], 2: [(14, 6), (14, 5), (14, 4), (14, 3), (15, 3), (15, 3)], 3: [(13, 9), (12, 9), (11, 9), (10, 9), (9, 9), (8, 9), (7, 9), (7, 8), (6, 8), (5, 8), (4, 8), (3, 8), (2, 8), (1, 8), (0, 8), (0, 7), (0, 6), (0, 5), (0, 4), (0, 3), (0, 3)], 4: [(4, 4), (5, 4), (6, 4), (6, 5), (6, 6), (6, 7), (6, 8), (6, 9), (7, 9), (8, 9), (9, 9), (10, 9), (11, 9), (11, 10), (11, 11), (11, 12), (11, 12)]}, 19)