

CBSS-C STATS
starts:[229, 170, 112, 60, 9, 115, 246, 70, 147, 36]
targets:[173, 65, 168, 31, 14, 123, 235, 196, 148, 240, 26, 220, 205, 58, 57]
dests:[132, 116, 206, 53, 237, 180, 47, 76, 108, 252]
ac_dict:{173: {0, 1}, 65: {1, 2}, 168: {2, 3}, 31: {3, 4}, 14: {4, 5}, 123: {5, 6}, 235: {6, 7}, 196: {8, 7}, 148: {8, 9}, 132: {0}, 116: {1}, 206: {2}, 53: {3}, 237: {4}, 180: {5}, 47: {6}, 76: {7}, 108: {8}, 252: {9}}
clusters:[5 2 2 1 2 7 2 5 6 3 0 9 4 5 8]

round: 7
best_g_value: 136.0
open_list_size: 6
num_low_level_expanded: 838
search_success: 1
search_time: 1.1640896438620985
n_tsp_call: 1
n_tsp_time: 1.1184154520742595
n_roots: 1
num_conflicts: 6
target_assignment: {235: 6, 123: 6, 148: 9, 26: 4, 31: 4, 205: 4, 58: 3, 57: 3, 240: 2, 220: 2}
cluster_target_selection: {2: 235, 7: 123, 6: 148, 0: 26, 1: 31, 4: 205, 5: 58, 8: 57, 3: 240, 9: 220}
num_nodes_transformed_graph: 98
agent_paths:({0: [(5, 14), (5, 13), (5, 12), (5, 11), (5, 10), (5, 9), (5, 8), (4, 8), (4, 8)], 1: [(10, 10), (9, 10), (8, 10), (7, 10), (6, 10), (5, 10), (5, 9), (5, 8), (5, 7), (4, 7), (4, 7)], 2: [(0, 7), (0, 8), (0, 9), (0, 10), (0, 11), (0, 12), (0, 13), (0, 14), (0, 15), (0, 14), (0, 13), (1, 13), (2, 13), (3, 13), (4, 13), (5, 13), (6, 13), (7, 13), (8, 13), (9, 13), (10, 13), (11, 13), (12, 13), (12, 12), (13, 12), (14, 12), (14, 12)], 3: [(12, 3), (11, 3), (10, 3), (9, 3), (8, 3), (7, 3), (6, 3), (5, 3), (5, 3)], 4: [(9, 0), (10, 0), (10, 1), (11, 1), (12, 1), (13, 1), (14, 1), (15, 1), (14, 1), (13, 1), (13, 2), (13, 3), (13, 4), (13, 5), (13, 6), (13, 7), (13, 8), (13, 9), (13, 10), (13, 11), (13, 12), (13, 13), (13, 14), (13, 14)], 5: [(3, 7), (4, 7), (4, 8), (4, 9), (4, 10), (4, 11), (4, 11)], 6: [(6, 15), (6, 14), (7, 14), (8, 14), (9, 14), (10, 14), (11, 14), (11, 13), (11, 12), (11, 11), (11, 10), (11, 9), (11, 8), (11, 7), (11, 6), (11, 5), (11, 4), (11, 3), (11, 2), (12, 2), (13, 2), (14, 2), (15, 2), (15, 2)], 7: [(6, 4), (7, 4), (8, 4), (9, 4), (10, 4), (11, 4), (12, 4), (12, 4)], 8: [(3, 9), (3, 8), (3, 7), (4, 7), (5, 7), (5, 6), (6, 6), (7, 6), (8, 6), (9, 6), (10, 6), (11, 6), (12, 6), (12, 6)], 9: [(4, 2), (4, 3), (4, 4), (4, 5), (4, 6), (4, 7), (4, 8), (4, 9), (5, 9), (6, 9), (7, 9), (8, 9), (9, 9), (10, 9), (11, 9), (12, 9), (12, 10), (12, 11), (12, 12), (12, 13), (12, 14), (12, 15), (12, 15)]}, 25)