

CBSS-C STATS
starts:[248, 24, 127, 97, 141, 212, 35, 206, 218, 237]
targets:[167, 44, 232, 91, 132, 149, 34, 134, 56, 10, 130, 86, 25, 153, 254]
dests:[29, 226, 249, 14, 103, 190, 90, 5, 22, 214]
ac_dict:{167: {0, 1}, 44: {1, 2}, 232: {2, 3}, 91: {3, 4}, 132: {4, 5}, 149: {5, 6}, 34: {6, 7}, 134: {8, 7}, 56: {8, 9}, 29: {0}, 226: {1}, 249: {2}, 14: {3}, 103: {4}, 190: {5}, 90: {6}, 5: {7}, 22: {8}, 214: {9}}
clusters:[1 7 5 5 7 2 2 7 0 4 9 6 7 3 8]

round: 16
best_g_value: 152.0
open_list_size: 15
num_low_level_expanded: 1832
search_success: 1
search_time: 0.5683526280336082
n_tsp_call: 1
n_tsp_time: 0.463869062718004
n_roots: 1
num_conflicts: 15
target_assignment: {167: 0, 153: 0, 134: 7, 86: 7, 34: 6, 56: 8, 254: 2, 130: 1, 91: 3, 10: 3}
cluster_target_selection: {1: 167, 3: 153, 7: 134, 6: 86, 2: 34, 0: 56, 8: 254, 9: 130, 5: 91, 4: 10}
num_nodes_transformed_graph: 58
agent_paths:({0: [(8, 15), (8, 14), (8, 13), (8, 12), (8, 11), (8, 10), (7, 10), (7, 9), (8, 9), (9, 9), (9, 8), (9, 7), (9, 6), (9, 5), (9, 4), (9, 3), (9, 2), (9, 1), (10, 1), (11, 1), (12, 1), (13, 1), (13, 1)], 1: [(8, 1), (7, 1), (6, 1), (5, 1), (4, 1), (3, 1), (2, 1), (2, 2), (2, 3), (2, 4), (2, 5), (2, 6), (2, 7), (2, 8), (2, 9), (2, 10), (2, 11), (2, 12), (2, 13), (2, 14), (2, 14)], 2: [(15, 7), (14, 7), (14, 8), (14, 9), (14, 10), (14, 11), (14, 12), (14, 13), (14, 14), (14, 15), (13, 15), (12, 15), (11, 15), (10, 15), (9, 15), (9, 15)], 3: [(1, 6), (1, 5), (2, 5), (3, 5), (4, 5), (5, 5), (6, 5), (7, 5), (8, 5), (9, 5), (10, 5), (11, 5), (11, 4), (10, 4), (10, 3), (10, 2), (10, 1), (10, 0), (11, 0), (12, 0), (13, 0), (14, 0), (14, 0)], 4: [(13, 8), (12, 8), (11, 8), (10, 8), (9, 8), (8, 8), (7, 8), (7, 7), (7, 6), (7, 6)], 5: [(4, 13), (4, 12), (4, 11), (5, 11), (6, 11), (7, 11), (8, 11), (9, 11), (10, 11), (11, 11), (12, 11), (13, 11), (14, 11), (14, 11)], 6: [(3, 2), (2, 2), (3, 2), (4, 2), (5, 2), (6, 2), (7, 2), (8, 2), (9, 2), (10, 2), (10, 3), (10, 4), (10, 5), (10, 5)], 7: [(14, 12), (13, 12), (12, 12), (11, 12), (10, 12), (9, 12), (8, 12), (7, 12), (6, 12), (6, 11), (6, 10), (6, 9), (6, 8), (6, 7), (6, 6), (6, 5), (5, 5), (5, 4), (5, 3), (5, 2), (5, 1), (5, 0), (5, 0)], 8: [(10, 13), (9, 13), (9, 12), (9, 11), (9, 10), (9, 9), (8, 9), (8, 8), (8, 7), (8, 6), (8, 5), (8, 4), (8, 3), (7, 3), (6, 3), (6, 2), (6, 1), (6, 1)], 9: [(13, 14), (12, 14), (11, 14), (10, 14), (9, 14), (8, 14), (7, 14), (6, 14), (6, 13), (6, 13)]}, 21)