

CBSS-C STATS
starts:[167, 4, 213, 109, 217, 195, 111, 56, 71, 68]
targets:[246, 75, 234, 144, 9, 102, 188, 81, 176, 249, 118, 163, 166, 138, 104]
dests:[58, 94, 2, 15, 226, 96, 45, 174, 108, 203]
ac_dict:{246: {0, 1}, 75: {1, 2}, 234: {2, 3}, 144: {3, 4}, 9: {4, 5}, 102: {5, 6}, 188: {6, 7}, 81: {8, 7}, 176: {8, 9}, 58: {0}, 94: {1}, 2: {2}, 15: {3}, 226: {4}, 96: {5}, 45: {6}, 174: {7}, 108: {8}, 203: {9}}
clusters:[8 4 1 9 4 6 8 8 3 5 2 0 7 4 0]

round: 852
best_g_value: 150.0
open_list_size: 843
num_low_level_expanded: 52665
search_success: 1
search_time: 30.718394462019205
n_tsp_call: 18
n_tsp_time: 24.42653692094609
n_roots: 1
num_conflicts: 851
target_assignment: {188: 7, 163: 5, 166: 5, 102: 5, 176: 9, 249: 2, 234: 2, 138: 2, 118: 2, 144: 4}
cluster_target_selection: {8: 188, 0: 163, 7: 166, 6: 102, 3: 176, 5: 249, 1: 234, 4: 138, 2: 118, 9: 144}
num_nodes_transformed_graph: 98
agent_paths:({0: [(7, 10), (7, 9), (7, 8), (7, 7), (7, 6), (7, 5), (7, 4), (7, 3), (8, 3), (9, 3), (10, 3), (10, 3)], 1: [(4, 0), (5, 0), (6, 0), (7, 0), (8, 0), (9, 0), (10, 0), (11, 0), (12, 0), (13, 0), (14, 0), (14, 1), (14, 2), (14, 3), (14, 4), (14, 5), (14, 5)], 2: [(5, 13), (6, 13), (6, 14), (7, 14), (8, 14), (9, 14), (9, 15), (9, 14), (10, 14), (10, 13), (10, 12), (10, 11), (10, 10), (10, 9), (10, 8), (9, 8), (8, 8), (7, 8), (6, 8), (6, 7), (5, 7), (4, 7), (3, 7), (2, 7), (2, 6), (2, 5), (2, 4), (2, 3), (2, 2), (2, 1), (2, 0), (2, 0)], 3: [(13, 6), (13, 5), (13, 4), (13, 3), (13, 2), (13, 1), (13, 0), (14, 0), (15, 0), (15, 0)], 4: [(9, 13), (8, 13), (7, 13), (6, 13), (5, 13), (4, 13), (3, 13), (2, 13), (1, 13), (1, 12), (1, 11), (1, 10), (0, 10), (0, 9), (1, 9), (2, 9), (2, 10), (2, 11), (2, 12), (2, 13), (2, 14), (2, 14)], 5: [(3, 12), (3, 11), (3, 10), (4, 10), (5, 10), (6, 10), (6, 9), (6, 8), (6, 7), (6, 6), (5, 6), (4, 6), (3, 6), (2, 6), (1, 6), (0, 6), (0, 6)], 6: [(15, 6), (14, 6), (13, 6), (13, 5), (13, 4), (13, 3), (13, 2), (13, 2)], 7: [(8, 3), (9, 3), (10, 3), (11, 3), (12, 3), (12, 4), (12, 5), (12, 6), (12, 7), (12, 8), (12, 9), (12, 10), (12, 11), (12, 10), (13, 10), (14, 10), (14, 10)], 8: [(7, 4), (8, 4), (9, 4), (10, 4), (11, 4), (11, 5), (11, 6), (11, 6), (12, 6), (12, 6)], 9: [(4, 4), (3, 4), (2, 4), (1, 4), (0, 4), (0, 5), (0, 6), (0, 7), (0, 8), (0, 9), (0, 10), (0, 11), (1, 11), (2, 11), (3, 11), (4, 11), (5, 11), (6, 11), (7, 11), (8, 11), (9, 11), (10, 11), (11, 11), (11, 12), (11, 12)]}, 30)