

CBSS-C STATS
starts:[23, 147, 25, 47, 156]
targets:[136, 110, 245, 244, 112, 249, 155, 212, 100, 104, 201, 198, 215, 123, 109, 250, 70, 173, 3, 240]
dests:[164, 114, 131, 192, 231]
ac_dict:{136: {0, 1}, 110: {1, 2}, 245: {2, 3}, 244: {3, 4}, 164: {0}, 114: {1}, 131: {2}, 192: {3}, 231: {4}}
clusters:[8 5 4 9 0 4 2 2 5 3 7 8 1 3 9 7 0 3 6 6]

round: 1
best_g_value: 69.0
open_list_size: 0
num_low_level_expanded: 151
search_success: 1
search_time: 0.39162201900035143
n_tsp_call: 1
n_tsp_time: 0.3794064735993743
n_roots: 1
num_conflicts: 0
target_assignment: {70: 0, 100: 0, 201: 4, 215: 4, 104: 2, 109: 3, 155: 3, 198: 3, 245: 3, 240: 3}
cluster_target_selection: {0: 70, 5: 100, 7: 201, 1: 215, 3: 104, 9: 109, 2: 155, 8: 198, 4: 245, 6: 240}
num_nodes_transformed_graph: 47
agent_paths:({0: [(7, 1), (6, 1), (6, 2), (6, 3), (6, 4), (5, 4), (4, 4), (4, 5), (4, 6), (4, 7), (4, 8), (4, 9), (4, 10), (4, 10)], 1: [(3, 9), (2, 9), (2, 8), (2, 7), (2, 7)], 2: [(9, 1), (8, 1), (8, 2), (8, 3), (8, 4), (8, 5), (8, 6), (7, 6), (6, 6), (5, 6), (4, 6), (3, 6), (3, 7), (3, 8), (3, 8)], 3: [(15, 2), (14, 2), (13, 2), (13, 3), (13, 4), (13, 5), (13, 6), (12, 6), (11, 6), (11, 7), (11, 8), (11, 9), (10, 9), (9, 9), (8, 9), (7, 9), (6, 9), (6, 10), (6, 11), (6, 12), (5, 12), (5, 13), (5, 14), (5, 15), (4, 15), (3, 15), (2, 15), (1, 15), (0, 15), (0, 14), (0, 13), (0, 12), (0, 12)], 4: [(12, 9), (11, 9), (10, 9), (9, 9), (9, 10), (9, 11), (9, 12), (8, 12), (7, 12), (7, 13), (7, 14), (7, 14)]}, 31)