

CBSS-C STATS
starts:[137, 5, 72, 129, 33]
targets:[69, 91, 76, 12, 140, 104, 173, 136, 56, 68]
dests:[29, 228, 74, 63, 235]
ac_dict:{69: {0, 1}, 91: {1, 2}, 76: {2, 3}, 12: {3, 4}, 29: {0}, 228: {1}, 74: {2}, 63: {3}, 235: {4}}
clusters:[1 0 0 1 1 1 0 0 1 1]

round: 8
best_g_value: 69.0
open_list_size: 7
num_low_level_expanded: 1439
search_success: 1
search_time: 0.11888957815244794
n_tsp_call: 1
n_tsp_time: 0.08361625717952847
n_roots: 1
num_conflicts: 7
target_assignment: {140: 0, 76: 3}
cluster_target_selection: {1: 140, 0: 76}
num_nodes_transformed_graph: 29
agent_paths:({0: [(9, 8), (10, 8), (11, 8), (12, 8), (12, 7), (12, 6), (12, 5), (12, 4), (12, 3), (12, 2), (12, 1), (13, 1), (13, 1)], 1: [(5, 0), (5, 1), (5, 2), (5, 3), (4, 3), (4, 4), (4, 5), (4, 6), (4, 7), (4, 8), (4, 9), (4, 10), (4, 11), (4, 12), (4, 13), (4, 14), (4, 14)], 2: [(8, 4), (9, 4), (10, 4), (10, 4)], 3: [(1, 8), (1, 7), (1, 6), (2, 6), (3, 6), (4, 6), (5, 6), (6, 6), (7, 6), (8, 6), (9, 6), (10, 6), (11, 6), (12, 6), (12, 5), (12, 4), (12, 3), (13, 3), (14, 3), (15, 3), (15, 3)], 4: [(1, 2), (2, 2), (3, 2), (4, 2), (5, 2), (6, 2), (7, 2), (8, 2), (9, 2), (10, 2), (11, 2), (11, 3), (11, 4), (11, 5), (11, 6), (11, 7), (11, 8), (11, 9), (11, 10), (11, 11), (11, 12), (11, 13), (11, 14), (11, 14)]}, 22)