

CBSS-C STATS
starts:[141, 114, 172, 48, 230, 228, 104, 189, 99, 77]
targets:[168, 124, 142, 181, 84, 212, 14, 12, 175, 214]
dests:[37, 122, 174, 131, 173, 238, 146, 21, 10, 183]
ac_dict:{168: {0, 1}, 124: {1, 2}, 142: {2, 3}, 181: {3, 4}, 84: {4, 5}, 212: {5, 6}, 14: {6, 7}, 12: {8, 7}, 175: {8, 9}, 37: {0}, 122: {1}, 174: {2}, 131: {3}, 173: {4}, 238: {5}, 146: {6}, 21: {7}, 10: {8}, 183: {9}}
clusters:[0 1 2 0 4 3 3 0 4 2]

round: 5
best_g_value: 118.0
open_list_size: 4
num_low_level_expanded: 691
search_success: 1
search_time: 0.14972118008881807
n_tsp_call: 1
n_tsp_time: 0.11956950929015875
n_roots: 1
num_conflicts: 4
target_assignment: {124: 1, 214: 4, 12: 7, 212: 5, 175: 9}
cluster_target_selection: {1: 124, 2: 214, 0: 12, 3: 212, 4: 175}
num_nodes_transformed_graph: 33
agent_paths:({0: [(13, 8), (12, 8), (11, 8), (10, 8), (9, 8), (8, 8), (7, 8), (6, 8), (5, 8), (5, 7), (5, 6), (5, 5), (5, 4), (5, 3), (5, 2), (5, 2)], 1: [(2, 7), (3, 7), (4, 7), (5, 7), (6, 7), (7, 7), (8, 7), (9, 7), (10, 7), (11, 7), (12, 7), (11, 7), (10, 7), (10, 7)], 2: [(12, 10), (13, 10), (14, 10), (14, 10)], 3: [(0, 3), (1, 3), (2, 3), (2, 4), (3, 4), (3, 5), (3, 6), (3, 7), (3, 8), (3, 8)], 4: [(6, 14), (6, 13), (6, 12), (6, 11), (6, 10), (7, 10), (8, 10), (9, 10), (10, 10), (11, 10), (12, 10), (13, 10), (13, 10)], 5: [(4, 14), (4, 13), (5, 13), (6, 13), (7, 13), (8, 13), (9, 13), (10, 13), (11, 13), (12, 13), (13, 13), (14, 13), (14, 14), (14, 14)], 6: [(8, 6), (7, 6), (6, 6), (5, 6), (4, 6), (3, 6), (2, 6), (2, 7), (2, 8), (2, 9), (2, 9)], 7: [(13, 11), (12, 11), (12, 10), (12, 9), (12, 8), (12, 7), (12, 6), (12, 5), (12, 4), (12, 3), (12, 2), (12, 1), (12, 0), (11, 0), (11, 1), (10, 1), (9, 1), (8, 1), (7, 1), (6, 1), (5, 1), (5, 1)], 8: [(3, 6), (3, 5), (3, 4), (3, 3), (3, 2), (3, 1), (3, 0), (4, 0), (5, 0), (6, 0), (7, 0), (8, 0), (9, 0), (10, 0), (10, 0)], 9: [(13, 4), (14, 4), (15, 4), (15, 5), (15, 6), (15, 7), (15, 8), (15, 9), (15, 10), (15, 11), (14, 11), (13, 11), (12, 11), (11, 11), (10, 11), (9, 11), (8, 11), (7, 11), (7, 11)]}, 20)