

CBSS-C STATS
starts:[142, 87, 31, 121, 156]
targets:[11, 158, 170, 74, 62, 114, 176, 173, 139, 4, 15, 91, 17, 106, 10, 129, 165, 154, 65, 240]
dests:[252, 210, 78, 220, 100]
ac_dict:{11: {0, 1}, 158: {1, 2}, 170: {2, 3}, 74: {3, 4}, 252: {0}, 210: {1}, 78: {2}, 220: {3}, 100: {4}}
clusters:[3 8 2 7 5 9 8 1 6 0 3 4 0 6 4 6 0 9 3 9]

round: 1
best_g_value: 62.0
open_list_size: 0
num_low_level_expanded: 143
search_success: 1
search_time: 0.7856671917252243
n_tsp_call: 1
n_tsp_time: 0.7732251761481166
n_roots: 1
num_conflicts: 0
target_assignment: {173: 0, 139: 4, 91: 4, 74: 4, 17: 1, 65: 1, 176: 1, 154: 3, 170: 3, 62: 2}
cluster_target_selection: {1: 173, 6: 139, 4: 91, 7: 74, 0: 17, 3: 65, 8: 176, 9: 154, 2: 170, 5: 62}
num_nodes_transformed_graph: 53
agent_paths:({0: [(14, 8), (13, 8), (13, 9), (13, 10), (12, 10), (12, 11), (12, 12), (12, 13), (12, 14), (12, 15), (12, 15)], 1: [(7, 5), (6, 5), (5, 5), (4, 5), (3, 5), (2, 5), (1, 5), (1, 4), (1, 3), (1, 2), (1, 1), (1, 2), (1, 3), (1, 4), (0, 4), (0, 5), (0, 6), (0, 7), (0, 8), (0, 9), (0, 10), (0, 11), (1, 11), (2, 11), (2, 12), (2, 13), (2, 13)], 2: [(15, 1), (14, 1), (14, 2), (14, 3), (14, 4), (14, 4)], 3: [(9, 7), (10, 7), (10, 8), (10, 9), (10, 10), (11, 10), (12, 10), (12, 11), (12, 12), (12, 13), (12, 13)], 4: [(12, 9), (11, 9), (11, 8), (11, 7), (11, 6), (11, 5), (10, 5), (10, 4), (9, 4), (8, 4), (7, 4), (6, 4), (5, 4), (4, 4), (4, 5), (4, 6), (4, 6)]}, 25)