

CBSS-C STATS
starts:[4, 255, 129, 67, 112, 46, 137, 26, 128, 209]
targets:[195, 63, 92, 65, 119, 49, 9, 115, 60, 39]
dests:[88, 174, 180, 48, 19, 80, 8, 217, 149, 175]
ac_dict:{195: {0, 1}, 63: {1, 2}, 92: {2, 3}, 65: {3, 4}, 119: {4, 5}, 49: {5, 6}, 9: {6, 7}, 115: {8, 7}, 60: {8, 9}, 88: {0}, 174: {1}, 180: {2}, 48: {3}, 19: {4}, 80: {5}, 8: {6}, 217: {7}, 149: {8}, 175: {9}}
clusters:[3 0 2 4 2 1 4 3 4 4]

round: 4
best_g_value: 120.0
open_list_size: 3
num_low_level_expanded: 469
search_success: 1
search_time: 0.2750522359274328
n_tsp_call: 1
n_tsp_time: 0.25387056497856975
n_roots: 1
num_conflicts: 3
target_assignment: {63: 1, 49: 5, 115: 8, 119: 4, 39: 4}
cluster_target_selection: {0: 63, 1: 49, 3: 115, 2: 119, 4: 39}
num_nodes_transformed_graph: 48
agent_paths:({0: [(4, 0), (5, 0), (6, 0), (7, 0), (7, 1), (7, 2), (7, 3), (8, 3), (8, 4), (8, 5), (8, 5)], 1: [(15, 15), (15, 14), (15, 13), (15, 12), (15, 11), (15, 10), (15, 9), (15, 8), (15, 7), (15, 6), (15, 5), (15, 4), (15, 3), (14, 3), (14, 4), (14, 5), (14, 6), (14, 7), (14, 8), (14, 9), (14, 10), (14, 10)], 2: [(1, 8), (2, 8), (3, 8), (4, 8), (4, 9), (4, 10), (4, 11), (4, 11)], 3: [(3, 4), (2, 4), (1, 4), (0, 4), (0, 3), (0, 3)], 4: [(0, 7), (1, 7), (2, 7), (3, 7), (4, 7), (5, 7), (6, 7), (7, 7), (7, 6), (7, 5), (7, 4), (7, 3), (7, 2), (6, 2), (5, 2), (4, 2), (3, 2), (3, 1), (3, 1)], 5: [(14, 2), (13, 2), (12, 2), (11, 2), (10, 2), (9, 2), (8, 2), (7, 2), (6, 2), (5, 2), (4, 2), (3, 2), (2, 2), (1, 2), (1, 3), (1, 4), (0, 4), (0, 5), (0, 5)], 6: [(9, 8), (8, 8), (8, 7), (8, 6), (8, 5), (8, 4), (8, 3), (8, 2), (8, 1), (8, 0), (8, 0)], 7: [(10, 1), (9, 1), (9, 2), (9, 3), (9, 4), (9, 5), (9, 6), (9, 7), (9, 8), (9, 9), (9, 10), (9, 11), (9, 12), (9, 13), (9, 13)], 8: [(0, 8), (0, 7), (1, 7), (2, 7), (3, 7), (4, 7), (5, 7), (5, 8), (5, 9), (5, 9)], 9: [(1, 13), (1, 12), (1, 11), (1, 10), (2, 10), (3, 10), (4, 10), (5, 10), (6, 10), (7, 10), (8, 10), (9, 10), (10, 10), (11, 10), (12, 10), (13, 10), (14, 10), (15, 10), (15, 10)]}, 20)