

CBSS-C STATS
starts:[223, 149, 60, 164, 132]
targets:[22, 148, 110, 83, 51, 106, 203, 134, 254, 109, 158, 130, 190, 44, 55, 52, 230, 26, 87, 74]
dests:[236, 43, 183, 235, 59]
ac_dict:{22: {0, 1}, 148: {1, 2}, 110: {2, 3}, 83: {3, 4}, 236: {0}, 43: {1}, 183: {2}, 235: {3}, 59: {4}}
clusters:[3 5 5 8 9 0 8 6 9 0 1 3 0 7 4 3 0 2 2 3]

round: 1
best_g_value: 61.0
open_list_size: 0
num_low_level_expanded: 129
search_success: 1
search_time: 0.3804092099890113
n_tsp_call: 1
n_tsp_time: 0.36434036679565907
n_roots: 1
num_conflicts: 0
target_assignment: {203: 3, 52: 4, 51: 4, 55: 4, 109: 2, 110: 2, 158: 2, 134: 1, 87: 1, 44: 1}
cluster_target_selection: {8: 203, 3: 52, 9: 51, 4: 55, 0: 109, 5: 110, 1: 158, 6: 134, 2: 87, 7: 44}
num_nodes_transformed_graph: 52
agent_paths:({0: [(15, 13), (14, 13), (13, 13), (12, 13), (12, 14), (12, 14)], 1: [(5, 9), (5, 8), (6, 8), (6, 7), (6, 6), (6, 5), (7, 5), (7, 4), (7, 3), (7, 2), (8, 2), (9, 2), (10, 2), (11, 2), (12, 2), (11, 2), (11, 2)], 2: [(12, 3), (13, 3), (13, 4), (13, 5), (13, 6), (14, 6), (14, 7), (14, 8), (14, 9), (13, 9), (12, 9), (11, 9), (10, 9), (9, 9), (8, 9), (7, 9), (7, 10), (7, 11), (7, 11)], 3: [(4, 10), (5, 10), (6, 10), (7, 10), (8, 10), (9, 10), (10, 10), (11, 10), (11, 11), (11, 12), (11, 13), (11, 14), (11, 14)], 4: [(4, 8), (4, 7), (4, 6), (4, 5), (4, 4), (4, 3), (3, 3), (4, 3), (5, 3), (6, 3), (7, 3), (8, 3), (9, 3), (10, 3), (11, 3), (11, 3)]}, 17)