

CBSS-C STATS
starts:[40, 211, 221, 155, 64, 235, 170, 165, 60, 48]
targets:[72, 208, 248, 24, 144, 129, 45, 80, 66, 251, 223, 222, 98, 212, 110]
dests:[168, 32, 234, 178, 172, 145, 115, 68, 65, 229]
ac_dict:{72: {0, 1}, 208: {1, 2}, 248: {2, 3}, 24: {3, 4}, 144: {4, 5}, 129: {5, 6}, 45: {6, 7}, 80: {8, 7}, 66: {8, 9}, 168: {0}, 32: {1}, 234: {2}, 178: {3}, 172: {4}, 145: {5}, 115: {6}, 68: {7}, 65: {8}, 229: {9}}
clusters:[5 2 4 8 3 0 2 9 9 6 1 7 9 7 0]

round: 4
best_g_value: 143.0
open_list_size: 3
num_low_level_expanded: 637
search_success: 1
search_time: 0.44938361970707774
n_tsp_call: 1
n_tsp_time: 0.4201448392122984
n_roots: 1
num_conflicts: 3
target_assignment: {72: 0, 144: 4, 208: 1, 24: 3, 98: 3, 222: 2, 223: 2, 251: 2, 248: 2, 129: 5}
cluster_target_selection: {5: 72, 3: 144, 2: 208, 8: 24, 9: 98, 7: 222, 1: 223, 6: 251, 4: 248, 0: 129}
num_nodes_transformed_graph: 57
agent_paths:({0: [(8, 2), (8, 3), (8, 4), (8, 5), (8, 6), (8, 7), (8, 8), (8, 9), (8, 10), (8, 10)], 1: [(3, 13), (2, 13), (1, 13), (0, 13), (0, 12), (0, 11), (0, 10), (0, 9), (0, 8), (0, 7), (0, 6), (0, 5), (0, 4), (0, 3), (0, 2), (0, 2)], 2: [(13, 13), (14, 13), (15, 13), (14, 13), (13, 13), (12, 13), (11, 13), (11, 14), (11, 15), (10, 15), (9, 15), (8, 15), (8, 14), (9, 14), (10, 14), (10, 14)], 3: [(11, 9), (10, 9), (9, 9), (9, 8), (9, 7), (9, 6), (8, 6), (8, 5), (8, 4), (8, 3), (8, 2), (8, 1), (7, 1), (6, 1), (5, 1), (4, 1), (3, 1), (2, 1), (2, 2), (2, 3), (2, 4), (2, 5), (2, 6), (2, 7), (2, 8), (2, 9), (2, 10), (2, 11), (2, 11)], 4: [(0, 4), (0, 5), (0, 6), (0, 7), (0, 8), (0, 9), (1, 9), (2, 9), (3, 9), (4, 9), (5, 9), (6, 9), (7, 9), (8, 9), (9, 9), (10, 9), (11, 9), (12, 9), (12, 10), (12, 10)], 5: [(11, 14), (10, 14), (9, 14), (8, 14), (7, 14), (6, 14), (5, 14), (4, 14), (3, 14), (2, 14), (1, 14), (1, 13), (1, 12), (1, 11), (1, 10), (1, 9), (1, 8), (1, 9), (1, 9)], 6: [(10, 10), (9, 10), (8, 10), (7, 10), (6, 10), (5, 10), (4, 10), (4, 9), (4, 8), (3, 8), (3, 7), (3, 7)], 7: [(5, 10), (4, 10), (4, 9), (4, 8), (4, 7), (4, 6), (4, 5), (4, 4), (4, 4)], 8: [(12, 3), (11, 3), (10, 3), (9, 3), (8, 3), (7, 3), (6, 3), (5, 3), (4, 3), (3, 3), (2, 3), (1, 3), (1, 4), (1, 4)], 9: [(0, 3), (1, 3), (2, 3), (3, 3), (4, 3), (5, 3), (5, 4), (5, 5), (5, 6), (5, 7), (5, 8), (5, 9), (5, 10), (5, 11), (5, 12), (5, 13), (5, 14), (5, 14)]}, 27)