

CBSS-C STATS
starts:[79, 245, 249, 15, 229]
targets:[93, 168, 141, 18, 86, 186, 6, 105, 253, 136]
dests:[67, 59, 156, 172, 123]
ac_dict:{93: {0, 1}, 168: {1, 2}, 141: {2, 3}, 18: {3, 4}, 67: {0}, 59: {1}, 156: {2}, 172: {3}, 123: {4}}
clusters:[4 1 3 3 2 1 2 1 3 0]

round: 2
best_g_value: 67.0
open_list_size: 1
num_low_level_expanded: 270
search_success: 1
search_time: 0.1719515030272305
n_tsp_call: 1
n_tsp_time: 0.15673022903501987
n_roots: 1
num_conflicts: 1
target_assignment: {93: 0, 86: 0, 141: 3, 168: 1, 136: 1}
cluster_target_selection: {4: 93, 2: 86, 3: 141, 1: 168, 0: 136}
num_nodes_transformed_graph: 48
agent_paths:({0: [(15, 4), (14, 4), (13, 4), (13, 5), (12, 5), (11, 5), (10, 5), (9, 5), (8, 5), (7, 5), (6, 5), (5, 5), (4, 5), (3, 5), (3, 4), (3, 4)], 1: [(5, 15), (5, 14), (5, 13), (5, 12), (5, 11), (5, 10), (6, 10), (7, 10), (8, 10), (8, 9), (8, 8), (8, 7), (8, 6), (8, 5), (8, 4), (8, 3), (9, 3), (10, 3), (11, 3), (11, 3)], 2: [(9, 15), (9, 14), (9, 13), (9, 12), (9, 11), (9, 10), (9, 9), (10, 9), (11, 9), (12, 9), (12, 9)], 3: [(15, 0), (14, 0), (13, 0), (13, 1), (13, 2), (13, 3), (13, 4), (13, 5), (13, 6), (13, 7), (13, 8), (13, 9), (13, 10), (12, 10), (12, 10)], 4: [(5, 14), (5, 13), (5, 12), (5, 11), (5, 10), (5, 9), (5, 8), (5, 7), (6, 7), (7, 7), (8, 7), (9, 7), (10, 7), (11, 7), (11, 7)]}, 18)