

CBSS-C STATS
starts:[148, 247, 87, 45, 188]
targets:[124, 67, 153, 83, 89, 112, 103, 193, 219, 182]
dests:[25, 217, 79, 177, 117]
ac_dict:{124: {0, 1}, 67: {1, 2}, 153: {2, 3}, 83: {3, 4}, 25: {0}, 217: {1}, 79: {2}, 177: {3}, 117: {4}}
clusters:[0 0 0 1 1 1 1 1 0 1]

round: 1
best_g_value: 58.0
open_list_size: 0
num_low_level_expanded: 187
search_success: 1
search_time: 0.14940273109823465
n_tsp_call: 1
n_tsp_time: 0.13932376820594072
n_roots: 1
num_conflicts: 0
target_assignment: {153: 3, 89: 2}
cluster_target_selection: {0: 153, 1: 89}
num_nodes_transformed_graph: 48
agent_paths:({0: [(4, 9), (4, 8), (4, 7), (4, 6), (4, 5), (4, 4), (4, 3), (4, 2), (4, 1), (5, 1), (6, 1), (7, 1), (8, 1), (9, 1), (9, 1)], 1: [(7, 15), (7, 14), (7, 13), (8, 13), (9, 13), (9, 13)], 2: [(7, 5), (8, 5), (9, 5), (9, 4), (10, 4), (11, 4), (12, 4), (13, 4), (14, 4), (15, 4), (15, 4)], 3: [(13, 2), (12, 2), (11, 2), (10, 2), (9, 2), (9, 3), (9, 4), (9, 5), (9, 6), (9, 7), (9, 8), (9, 9), (8, 9), (7, 9), (6, 9), (5, 9), (4, 9), (3, 9), (2, 9), (1, 9), (1, 10), (1, 11), (1, 11)], 4: [(12, 11), (11, 11), (10, 11), (9, 11), (8, 11), (7, 11), (6, 11), (5, 11), (5, 10), (5, 9), (5, 8), (5, 7), (5, 7)]}, 21)