

CBSS-C STATS
starts:[213, 222, 118, 201, 69, 229, 99, 10, 34, 49]
targets:[247, 138, 110, 156, 150, 129, 79, 103, 92, 112]
dests:[161, 147, 120, 27, 233, 249, 248, 73, 96, 54]
ac_dict:{247: {0, 1}, 138: {1, 2}, 110: {2, 3}, 156: {3, 4}, 150: {4, 5}, 129: {5, 6}, 79: {6, 7}, 103: {8, 7}, 92: {8, 9}, 161: {0}, 147: {1}, 120: {2}, 27: {3}, 233: {4}, 249: {5}, 248: {6}, 73: {7}, 96: {8}, 54: {9}}
clusters:[0 1 1 3 2 2 4 0 1 1]

round: 16
best_g_value: 104.0
open_list_size: 13
num_low_level_expanded: 1535
search_success: 1
search_time: 0.26759623596444726
n_tsp_call: 1
n_tsp_time: 0.19586600316688418
n_roots: 1
num_conflicts: 15
target_assignment: {150: 4, 156: 3, 247: 1, 79: 7, 112: 8}
cluster_target_selection: {2: 150, 3: 156, 0: 247, 4: 79, 1: 112}
num_nodes_transformed_graph: 48
agent_paths:({0: [(5, 13), (4, 13), (3, 13), (2, 13), (1, 13), (1, 12), (1, 11), (1, 10), (1, 10)], 1: [(14, 13), (13, 13), (12, 13), (11, 13), (10, 13), (9, 13), (8, 13), (7, 13), (7, 14), (7, 15), (6, 15), (5, 15), (4, 15), (3, 15), (3, 14), (3, 13), (3, 12), (3, 11), (3, 10), (3, 9), (3, 9)], 2: [(6, 7), (7, 7), (8, 7), (8, 7)], 3: [(9, 12), (9, 11), (9, 10), (9, 9), (10, 9), (11, 9), (12, 9), (11, 9), (11, 8), (11, 7), (11, 6), (11, 5), (11, 4), (11, 3), (11, 2), (11, 1), (11, 1)], 4: [(5, 4), (6, 4), (6, 5), (6, 6), (6, 7), (6, 8), (6, 9), (7, 9), (8, 9), (9, 9), (9, 10), (9, 11), (9, 12), (9, 13), (9, 14), (9, 14)], 5: [(5, 14), (6, 14), (7, 14), (8, 14), (9, 14), (9, 15), (9, 15)], 6: [(3, 6), (4, 6), (5, 6), (5, 7), (5, 8), (5, 9), (5, 10), (6, 10), (7, 10), (8, 10), (8, 11), (8, 12), (8, 13), (8, 14), (8, 15), (8, 15)], 7: [(10, 0), (11, 0), (12, 0), (13, 0), (14, 0), (15, 0), (15, 1), (15, 2), (15, 3), (15, 4), (14, 4), (13, 4), (12, 4), (11, 4), (10, 4), (9, 4), (9, 4)], 8: [(2, 2), (1, 2), (0, 2), (0, 3), (0, 4), (0, 5), (0, 6), (0, 7), (0, 6), (0, 6)], 9: [(1, 3), (2, 3), (3, 3), (4, 3), (5, 3), (6, 3), (6, 3)]}, 19)