

CBSS-C STATS
starts:[174, 255, 70, 189, 237, 188, 247, 171, 206, 144]
targets:[193, 66, 67, 39, 26, 176, 112, 138, 161, 210, 235, 183, 248, 56, 184]
dests:[244, 107, 20, 16, 214, 87, 68, 75, 5, 207]
ac_dict:{193: {0, 1}, 66: {1, 2}, 67: {2, 3}, 39: {3, 4}, 26: {4, 5}, 176: {5, 6}, 112: {6, 7}, 138: {8, 7}, 161: {8, 9}, 244: {0}, 107: {1}, 20: {2}, 16: {3}, 214: {4}, 87: {5}, 68: {6}, 75: {7}, 5: {8}, 207: {9}}
clusters:[0 5 4 1 0 6 2 1 4 8 1 9 3 8 7]

round: 24
best_g_value: 154.0
open_list_size: 18
num_low_level_expanded: 3963
search_success: 1
search_time: 2.280067420564592
n_tsp_call: 1
n_tsp_time: 2.130108453799039
n_roots: 1
num_conflicts: 23
target_assignment: {193: 0, 248: 6, 176: 6, 112: 6, 161: 9, 138: 8, 56: 8, 184: 3, 183: 3, 66: 2}
cluster_target_selection: {0: 193, 3: 248, 6: 176, 2: 112, 4: 161, 1: 138, 8: 56, 7: 184, 9: 183, 5: 66}
num_nodes_transformed_graph: 98
agent_paths:({0: [(14, 10), (13, 10), (12, 10), (11, 10), (10, 10), (9, 10), (8, 10), (8, 11), (7, 11), (6, 11), (5, 11), (4, 11), (3, 11), (2, 11), (1, 11), (1, 12), (2, 12), (3, 12), (4, 12), (4, 13), (4, 14), (4, 15), (4, 15)], 1: [(15, 15), (14, 15), (13, 15), (12, 15), (11, 15), (11, 14), (11, 13), (11, 12), (11, 11), (11, 10), (11, 9), (11, 8), (11, 7), (11, 6), (11, 6)], 2: [(6, 4), (5, 4), (4, 4), (3, 4), (2, 4), (2, 3), (2, 2), (2, 1), (3, 1), (4, 1), (4, 1)], 3: [(13, 11), (12, 11), (11, 11), (10, 11), (9, 11), (8, 11), (7, 11), (6, 11), (5, 11), (4, 11), (3, 11), (2, 11), (1, 11), (1, 10), (1, 9), (1, 8), (1, 7), (1, 6), (0, 6), (0, 5), (0, 4), (0, 3), (0, 2), (0, 1), (0, 1)], 4: [(13, 14), (12, 14), (11, 14), (10, 14), (9, 14), (8, 14), (7, 14), (6, 14), (6, 13), (6, 13)], 5: [(12, 11), (11, 11), (10, 11), (9, 11), (8, 11), (7, 11), (7, 10), (7, 9), (7, 8), (7, 7), (7, 6), (7, 5), (7, 5)], 6: [(7, 15), (8, 15), (7, 15), (6, 15), (5, 15), (4, 15), (3, 15), (2, 15), (1, 15), (0, 15), (0, 14), (0, 13), (0, 12), (0, 11), (0, 10), (0, 9), (0, 8), (0, 7), (1, 7), (1, 6), (1, 5), (1, 4), (2, 4), (3, 4), (4, 4), (4, 4)], 7: [(11, 10), (11, 9), (11, 8), (11, 7), (11, 6), (11, 5), (11, 4), (11, 4)], 8: [(14, 12), (13, 12), (12, 12), (11, 12), (10, 12), (10, 11), (10, 10), (10, 9), (10, 8), (9, 8), (8, 8), (8, 7), (8, 6), (8, 5), (8, 4), (8, 3), (7, 3), (6, 3), (5, 3), (5, 2), (5, 1), (5, 0), (5, 0)], 9: [(0, 9), (1, 9), (1, 10), (2, 10), (3, 10), (4, 10), (5, 10), (6, 10), (7, 10), (8, 10), (9, 10), (10, 10), (11, 10), (12, 10), (13, 10), (14, 10), (15, 10), (15, 11), (15, 12), (15, 12)]}, 24)