

CBSS-C STATS
starts:[41, 168, 135, 99, 227]
targets:[146, 203, 82, 93, 61, 181, 111, 102, 136, 223]
dests:[138, 58, 243, 206, 182]
ac_dict:{146: {0, 1}, 203: {1, 2}, 82: {2, 3}, 93: {3, 4}, 138: {0}, 58: {1}, 243: {2}, 206: {3}, 182: {4}}
clusters:[4 1 2 0 3 3 3 2 0 0]

round: 4
best_g_value: 70.0
open_list_size: 2
num_low_level_expanded: 557
search_success: 1
search_time: 0.17874299315735698
n_tsp_call: 1
n_tsp_time: 0.15999785624444485
n_roots: 1
num_conflicts: 3
target_assignment: {146: 1, 203: 1, 181: 2, 102: 3, 136: 3}
cluster_target_selection: {4: 146, 1: 203, 3: 181, 2: 102, 0: 136}
num_nodes_transformed_graph: 48
agent_paths:({0: [(9, 2), (10, 2), (10, 3), (10, 4), (10, 5), (10, 6), (10, 7), (10, 8), (10, 8)], 1: [(8, 10), (7, 10), (6, 10), (5, 10), (4, 10), (3, 10), (2, 10), (2, 9), (3, 9), (4, 9), (5, 9), (6, 9), (7, 9), (8, 9), (9, 9), (10, 9), (11, 9), (11, 10), (11, 11), (11, 12), (11, 11), (11, 10), (11, 9), (11, 8), (11, 7), (10, 7), (10, 6), (10, 5), (10, 4), (10, 3), (10, 3)], 2: [(7, 8), (6, 8), (5, 8), (5, 9), (5, 10), (5, 11), (4, 11), (3, 11), (3, 12), (3, 13), (3, 14), (3, 15), (3, 15)], 3: [(3, 6), (4, 6), (5, 6), (6, 6), (7, 6), (8, 6), (8, 7), (8, 8), (9, 8), (9, 9), (10, 9), (11, 9), (12, 9), (13, 9), (14, 9), (14, 10), (14, 11), (14, 12), (14, 12)], 4: [(3, 14), (3, 13), (3, 12), (4, 12), (5, 12), (6, 12), (6, 11), (6, 11)]}, 29)