

CBSS-C STATS
starts:[43, 39, 60, 84, 135, 99, 27, 50, 70, 124]
targets:[128, 239, 115, 202, 69, 75, 175, 139, 148, 238, 229, 29, 203, 200, 52]
dests:[55, 230, 53, 158, 166, 198, 125, 176, 76, 17]
ac_dict:{128: {0, 1}, 239: {1, 2}, 115: {2, 3}, 202: {3, 4}, 69: {4, 5}, 75: {5, 6}, 175: {6, 7}, 139: {8, 7}, 148: {8, 9}, 55: {0}, 230: {1}, 53: {2}, 158: {3}, 166: {4}, 198: {5}, 125: {6}, 176: {7}, 76: {8}, 17: {9}}
clusters:[6 4 0 1 2 5 0 7 5 8 9 1 8 4 3]

round: 9
best_g_value: 125.0
open_list_size: 8
num_low_level_expanded: 1078
search_success: 1
search_time: 28.901348614133894
n_tsp_call: 19
n_tsp_time: 27.92159508028999
n_roots: 1
num_conflicts: 8
target_assignment: {69: 5, 75: 6, 52: 1, 128: 1, 229: 1, 115: 3, 200: 3, 202: 3, 203: 3, 139: 8}
cluster_target_selection: {2: 69, 5: 75, 3: 52, 6: 128, 9: 229, 0: 115, 4: 200, 1: 202, 8: 203, 7: 139}
num_nodes_transformed_graph: 98
agent_paths:({0: [(11, 2), (10, 2), (9, 2), (8, 2), (7, 2), (7, 2), (7, 3), (7, 3)], 1: [(7, 2), (6, 2), (5, 2), (4, 2), (4, 3), (3, 3), (2, 3), (1, 3), (0, 3), (0, 4), (0, 5), (0, 6), (0, 7), (0, 8), (1, 8), (2, 8), (3, 8), (4, 8), (5, 8), (5, 9), (5, 10), (5, 11), (5, 12), (5, 13), (5, 14), (6, 14), (6, 14)], 2: [(12, 3), (11, 3), (10, 3), (9, 3), (8, 3), (7, 3), (6, 3), (5, 3), (5, 3)], 3: [(4, 5), (4, 6), (3, 6), (3, 7), (4, 7), (5, 7), (6, 7), (7, 7), (8, 7), (8, 8), (8, 9), (8, 10), (8, 11), (8, 12), (9, 12), (10, 12), (11, 12), (11, 11), (11, 10), (11, 9), (12, 9), (13, 9), (14, 9), (14, 9)], 4: [(7, 8), (6, 8), (6, 9), (6, 10), (6, 10)], 5: [(3, 6), (3, 5), (3, 4), (4, 4), (5, 4), (5, 5), (5, 6), (5, 7), (5, 8), (5, 9), (5, 10), (5, 11), (6, 11), (6, 12), (6, 12)], 6: [(11, 1), (11, 2), (11, 3), (11, 4), (12, 4), (13, 4), (13, 5), (13, 6), (13, 7), (13, 7)], 7: [(2, 3), (1, 3), (0, 3), (0, 4), (0, 5), (0, 6), (0, 7), (0, 8), (0, 9), (0, 10), (0, 11), (0, 11)], 8: [(6, 4), (7, 4), (8, 4), (9, 4), (10, 4), (11, 4), (11, 5), (11, 6), (11, 7), (11, 8), (11, 7), (11, 6), (11, 5), (11, 4), (12, 4), (12, 4)], 9: [(12, 7), (11, 7), (10, 7), (9, 7), (8, 7), (7, 7), (7, 6), (6, 6), (5, 6), (4, 6), (3, 6), (2, 6), (1, 6), (1, 5), (1, 4), (1, 3), (1, 2), (1, 1), (1, 1)]}, 25)