

CBSS-C STATS
starts:[206, 224, 203, 55, 100]
targets:[198, 128, 136, 246, 62, 175, 117, 59, 17, 195, 143, 113, 6, 230, 41, 3, 73, 215, 171, 199]
dests:[24, 119, 159, 197, 5]
ac_dict:{198: {0, 1}, 128: {1, 2}, 136: {2, 3}, 246: {3, 4}, 24: {0}, 119: {1}, 159: {2}, 197: {3}, 5: {4}}
clusters:[4 6 7 0 1 9 1 3 2 3 1 8 2 2 7 5 2 5 8 9]

round: 1
best_g_value: 70.0
open_list_size: 0
num_low_level_expanded: 127
search_success: 1
search_time: 0.47929615527391434
n_tsp_call: 1
n_tsp_time: 0.46493295673280954
n_roots: 1
num_conflicts: 0
target_assignment: {62: 0, 59: 0, 41: 0, 171: 2, 175: 2, 128: 1, 198: 1, 215: 3, 230: 3, 246: 3}
cluster_target_selection: {1: 62, 3: 59, 7: 41, 8: 171, 9: 175, 6: 128, 4: 198, 5: 215, 2: 230, 0: 246}
num_nodes_transformed_graph: 54
agent_paths:({0: [(14, 12), (14, 11), (14, 10), (14, 9), (14, 8), (14, 7), (14, 6), (14, 5), (14, 4), (14, 3), (13, 3), (12, 3), (11, 3), (10, 3), (9, 3), (9, 2), (8, 2), (8, 1), (8, 1)], 1: [(0, 14), (0, 13), (0, 12), (0, 11), (0, 10), (0, 9), (0, 8), (1, 8), (2, 8), (3, 8), (4, 8), (5, 8), (6, 8), (6, 9), (6, 10), (6, 11), (6, 12), (6, 11), (6, 10), (6, 9), (6, 8), (6, 7), (7, 7), (7, 7)], 2: [(11, 12), (11, 11), (11, 10), (12, 10), (13, 10), (14, 10), (15, 10), (15, 9), (15, 9)], 3: [(7, 3), (7, 4), (7, 5), (7, 6), (7, 7), (7, 8), (7, 9), (7, 10), (7, 11), (7, 12), (7, 13), (6, 13), (6, 14), (6, 15), (5, 15), (5, 14), (5, 13), (5, 12), (5, 12)], 4: [(4, 6), (4, 5), (4, 4), (4, 3), (4, 2), (4, 1), (4, 0), (5, 0), (5, 0)]}, 22)