

CBSS-C STATS
starts:[188, 33, 132, 238, 140, 36, 78, 237, 80, 21]
targets:[112, 0, 46, 66, 242, 182, 210, 110, 56, 200, 216, 166, 124, 67, 59]
dests:[190, 158, 20, 101, 115, 149, 204, 187, 77, 69]
ac_dict:{112: {0, 1}, 0: {1, 2}, 46: {2, 3}, 66: {3, 4}, 242: {4, 5}, 182: {5, 6}, 210: {6, 7}, 110: {8, 7}, 56: {8, 9}, 190: {0}, 158: {1}, 20: {2}, 101: {3}, 115: {4}, 149: {5}, 204: {6}, 187: {7}, 77: {8}, 69: {9}}
clusters:[3 0 9 6 5 7 5 5 9 3 2 4 1 0 8]

round: 19
best_g_value: 119.0
open_list_size: 14
num_low_level_expanded: 1361
search_success: 1
search_time: 20.426673906855285
n_tsp_call: 19
n_tsp_time: 19.403959708753973
n_roots: 1
num_conflicts: 18
target_assignment: {182: 5, 124: 6, 67: 4, 66: 4, 216: 3, 200: 3, 166: 3, 56: 8, 59: 8, 110: 8}
cluster_target_selection: {7: 182, 1: 124, 0: 67, 6: 66, 2: 216, 3: 200, 4: 166, 9: 56, 8: 59, 5: 110}
num_nodes_transformed_graph: 98
agent_paths:({0: [(12, 11), (13, 11), (14, 11), (14, 11)], 1: [(1, 2), (2, 2), (3, 2), (4, 2), (5, 2), (6, 2), (7, 2), (8, 2), (9, 2), (10, 2), (11, 2), (12, 2), (13, 2), (14, 2), (14, 3), (14, 4), (14, 5), (14, 6), (14, 7), (14, 8), (14, 9), (14, 9)], 2: [(4, 8), (4, 7), (4, 6), (4, 5), (4, 4), (4, 3), (4, 2), (4, 1), (4, 1)], 3: [(14, 14), (13, 14), (12, 14), (11, 14), (10, 14), (9, 14), (8, 14), (8, 13), (8, 12), (7, 12), (7, 11), (7, 10), (6, 10), (6, 9), (6, 8), (5, 8), (5, 7), (5, 6), (5, 6)], 4: [(12, 8), (11, 8), (10, 8), (9, 8), (8, 8), (7, 8), (6, 8), (5, 8), (4, 8), (3, 8), (3, 7), (3, 6), (3, 5), (3, 4), (2, 4), (3, 4), (3, 5), (3, 6), (3, 7), (3, 7)], 5: [(4, 2), (5, 2), (6, 2), (6, 3), (6, 4), (6, 5), (6, 6), (6, 7), (6, 8), (6, 9), (6, 10), (6, 11), (5, 11), (5, 10), (5, 9), (5, 9)], 6: [(14, 4), (13, 4), (12, 4), (12, 5), (12, 6), (12, 7), (12, 8), (12, 9), (12, 10), (12, 11), (12, 12), (12, 12)], 7: [(13, 14), (12, 14), (11, 14), (11, 13), (11, 12), (11, 11), (11, 11)], 8: [(0, 5), (0, 4), (0, 3), (1, 3), (2, 3), (3, 3), (4, 3), (5, 3), (6, 3), (7, 3), (8, 3), (9, 3), (10, 3), (11, 3), (12, 3), (13, 3), (14, 3), (14, 4), (14, 5), (14, 6), (13, 6), (13, 5), (13, 4), (13, 4)], 9: [(5, 1), (5, 1), (5, 2), (5, 3), (5, 4), (5, 4)]}, 22)