

CBSS-C STATS
starts:[7, 172, 6, 93, 180, 187, 145, 203, 156, 222]
targets:[16, 78, 19, 196, 226, 140, 29, 26, 135, 131]
dests:[120, 137, 113, 142, 242, 89, 250, 219, 169, 127]
ac_dict:{16: {0, 1}, 78: {1, 2}, 19: {2, 3}, 196: {3, 4}, 226: {4, 5}, 140: {5, 6}, 29: {6, 7}, 26: {8, 7}, 135: {8, 9}, 120: {0}, 137: {1}, 113: {2}, 142: {3}, 242: {4}, 89: {5}, 250: {6}, 219: {7}, 169: {8}, 127: {9}}
clusters:[2 3 4 4 2 4 3 3 0 1]

round: 3
best_g_value: 90.0
open_list_size: 2
num_low_level_expanded: 414
search_success: 1
search_time: 0.2435758039355278
n_tsp_call: 1
n_tsp_time: 0.22391351591795683
n_roots: 1
num_conflicts: 2
target_assignment: {19: 2, 131: 2, 135: 8, 78: 1, 226: 4}
cluster_target_selection: {4: 19, 1: 131, 0: 135, 3: 78, 2: 226}
num_nodes_transformed_graph: 48
agent_paths:({0: [(7, 0), (8, 0), (8, 1), (8, 2), (8, 3), (8, 4), (8, 5), (8, 6), (8, 7), (8, 7)], 1: [(12, 10), (12, 9), (12, 8), (12, 7), (12, 6), (12, 5), (12, 4), (13, 4), (14, 4), (13, 4), (12, 4), (11, 4), (10, 4), (10, 5), (10, 6), (9, 6), (9, 7), (9, 8), (9, 8)], 2: [(6, 0), (5, 0), (4, 0), (3, 0), (3, 1), (3, 2), (3, 3), (3, 4), (3, 5), (3, 6), (3, 7), (3, 8), (2, 8), (1, 8), (1, 7), (1, 7)], 3: [(13, 5), (14, 5), (14, 6), (14, 7), (14, 8), (14, 8)], 4: [(4, 11), (3, 11), (2, 11), (2, 12), (2, 13), (2, 14), (2, 15), (2, 15)], 5: [(11, 11), (10, 11), (9, 11), (9, 10), (9, 9), (9, 8), (9, 7), (9, 6), (9, 5), (9, 5)], 6: [(1, 9), (2, 9), (3, 9), (4, 9), (5, 9), (6, 9), (7, 9), (8, 9), (9, 9), (10, 9), (10, 10), (10, 11), (10, 12), (10, 13), (10, 14), (10, 15), (10, 15)], 7: [(11, 12), (11, 13), (11, 13)], 8: [(12, 9), (11, 9), (10, 9), (9, 9), (8, 9), (7, 9), (7, 8), (8, 8), (9, 8), (9, 9), (9, 10), (9, 10)], 9: [(14, 13), (14, 12), (14, 11), (14, 10), (14, 9), (15, 9), (15, 8), (15, 7), (15, 7)]}, 17)