

CBSS-C STATS
starts:[21, 45, 25, 234, 107, 159, 69, 150, 110, 250]
targets:[189, 170, 215, 96, 179, 51, 242, 5, 65, 136]
dests:[22, 101, 131, 62, 239, 227, 203, 89, 54, 205]
ac_dict:{189: {0, 1}, 170: {1, 2}, 215: {2, 3}, 96: {3, 4}, 179: {4, 5}, 51: {5, 6}, 242: {6, 7}, 5: {8, 7}, 65: {8, 9}, 22: {0}, 101: {1}, 131: {2}, 62: {3}, 239: {4}, 227: {5}, 203: {6}, 89: {7}, 54: {8}, 205: {9}}
clusters:[0 4 1 0 2 2 1 1 3 2]

round: 22
best_g_value: 134.0
open_list_size: 21
num_low_level_expanded: 2578
search_success: 1
search_time: 0.22166661592200398
n_tsp_call: 1
n_tsp_time: 0.1133629153482616
n_roots: 1
num_conflicts: 21
target_assignment: {189: 1, 170: 1, 136: 2, 65: 8, 5: 8}
cluster_target_selection: {0: 189, 4: 170, 2: 136, 3: 65, 1: 5}
num_nodes_transformed_graph: 33
agent_paths:({0: [(5, 1), (6, 1), (6, 1)], 1: [(13, 2), (13, 3), (13, 4), (13, 5), (13, 6), (13, 7), (13, 8), (13, 9), (13, 10), (13, 11), (12, 11), (11, 11), (10, 11), (10, 10), (9, 10), (8, 10), (7, 10), (6, 10), (5, 10), (5, 9), (5, 8), (5, 7), (5, 6), (5, 6)], 2: [(9, 1), (9, 2), (9, 3), (9, 4), (9, 5), (9, 6), (9, 7), (8, 7), (8, 8), (7, 8), (6, 8), (5, 8), (4, 8), (3, 8), (3, 8)], 3: [(10, 14), (10, 13), (10, 12), (10, 11), (10, 10), (10, 9), (10, 8), (10, 7), (10, 6), (10, 5), (10, 4), (10, 3), (11, 3), (12, 3), (13, 3), (14, 3), (14, 3)], 4: [(11, 6), (12, 6), (13, 6), (14, 6), (15, 6), (15, 7), (15, 8), (15, 9), (15, 10), (15, 11), (15, 12), (15, 13), (15, 14), (15, 14)], 5: [(15, 9), (14, 9), (13, 9), (12, 9), (11, 9), (11, 10), (10, 10), (9, 10), (8, 10), (7, 10), (6, 10), (5, 10), (4, 10), (3, 10), (3, 11), (3, 12), (3, 13), (3, 14), (3, 14)], 6: [(5, 4), (6, 4), (7, 4), (8, 4), (9, 4), (10, 4), (11, 4), (11, 5), (11, 6), (11, 7), (11, 8), (11, 9), (11, 10), (11, 11), (11, 12), (11, 12)], 7: [(6, 9), (6, 8), (6, 7), (6, 6), (7, 6), (8, 6), (9, 6), (9, 5), (9, 5)], 8: [(14, 6), (14, 5), (13, 5), (12, 5), (11, 5), (10, 5), (9, 5), (8, 5), (7, 5), (6, 5), (5, 5), (4, 5), (3, 5), (2, 5), (1, 5), (1, 4), (1, 3), (1, 2), (1, 1), (1, 0), (2, 0), (3, 0), (4, 0), (5, 0), (5, 1), (5, 2), (6, 2), (6, 3), (6, 3)], 9: [(10, 15), (10, 14), (10, 13), (10, 12), (11, 12), (12, 12), (13, 12), (13, 12)]}, 27)