

CBSS-C STATS
starts:[64, 84, 154, 207, 241, 1, 55, 47, 210, 173]
targets:[254, 144, 95, 29, 202, 82, 98, 228, 212, 45]
dests:[5, 235, 219, 28, 4, 30, 33, 220, 203, 239]
ac_dict:{254: {0, 1}, 144: {1, 2}, 95: {2, 3}, 29: {3, 4}, 202: {4, 5}, 82: {5, 6}, 98: {6, 7}, 228: {8, 7}, 212: {8, 9}, 5: {0}, 235: {1}, 219: {2}, 28: {3}, 4: {4}, 30: {5}, 33: {6}, 220: {7}, 203: {8}, 239: {9}}
clusters:[0 4 3 3 1 1 2 0 4 1]

round: 4
best_g_value: 121.0
open_list_size: 3
num_low_level_expanded: 656
search_success: 1
search_time: 0.3042300269007683
n_tsp_call: 1
n_tsp_time: 0.2756346268579364
n_roots: 1
num_conflicts: 3
target_assignment: {45: 7, 228: 8, 212: 8, 95: 3, 98: 6}
cluster_target_selection: {1: 45, 0: 228, 4: 212, 3: 95, 2: 98}
num_nodes_transformed_graph: 48
agent_paths:({0: [(0, 4), (0, 3), (0, 2), (0, 1), (0, 0), (1, 0), (2, 0), (3, 0), (4, 0), (5, 0), (5, 0)], 1: [(4, 5), (5, 5), (6, 5), (7, 5), (8, 5), (9, 5), (10, 5), (10, 6), (10, 7), (10, 8), (10, 9), (10, 10), (10, 11), (10, 12), (10, 13), (10, 14), (11, 14), (11, 14)], 2: [(10, 9), (11, 9), (11, 10), (11, 11), (11, 12), (11, 13), (11, 13)], 3: [(15, 12), (15, 11), (15, 10), (15, 9), (15, 8), (15, 7), (15, 6), (15, 5), (14, 5), (13, 5), (12, 5), (12, 4), (12, 3), (12, 2), (12, 1), (12, 1)], 4: [(1, 15), (1, 14), (1, 13), (1, 12), (1, 11), (1, 10), (1, 9), (1, 8), (1, 7), (2, 7), (2, 6), (2, 5), (2, 4), (2, 3), (2, 2), (2, 1), (2, 0), (3, 0), (4, 0), (4, 0)], 5: [(1, 0), (2, 0), (3, 0), (4, 0), (5, 0), (6, 0), (7, 0), (8, 0), (9, 0), (10, 0), (11, 0), (12, 0), (13, 0), (14, 0), (14, 1), (14, 1)], 6: [(7, 3), (6, 3), (5, 3), (4, 3), (3, 3), (2, 3), (2, 4), (2, 5), (2, 6), (1, 6), (1, 5), (1, 4), (1, 3), (1, 2), (1, 2)], 7: [(15, 2), (14, 2), (13, 2), (12, 2), (12, 3), (12, 4), (12, 5), (12, 6), (12, 7), (12, 8), (12, 9), (12, 10), (12, 11), (12, 12), (12, 13), (12, 13)], 8: [(2, 13), (3, 13), (4, 13), (4, 14), (4, 13), (4, 12), (5, 12), (6, 12), (7, 12), (8, 12), (9, 12), (10, 12), (11, 12), (11, 12)], 9: [(13, 10), (14, 10), (14, 11), (15, 11), (15, 12), (15, 13), (15, 14), (15, 14)]}, 18)