

CBSS-C STATS
starts:[70, 80, 193, 244, 162, 205, 175, 219, 247, 172]
targets:[96, 203, 170, 202, 228, 115, 231, 249, 30, 50]
dests:[76, 100, 40, 226, 165, 143, 20, 194, 66, 106]
ac_dict:{96: {0, 1}, 203: {1, 2}, 170: {2, 3}, 202: {3, 4}, 228: {4, 5}, 115: {5, 6}, 231: {6, 7}, 249: {8, 7}, 30: {8, 9}, 76: {0}, 100: {1}, 40: {2}, 226: {3}, 165: {4}, 143: {5}, 20: {6}, 194: {7}, 66: {8}, 106: {9}}
clusters:[0 4 2 4 3 4 0 1 0 3]

round: 7
best_g_value: 104.0
open_list_size: 6
num_low_level_expanded: 1241
search_success: 1
search_time: 0.3337324718013406
n_tsp_call: 1
n_tsp_time: 0.29336983477696776
n_roots: 1
num_conflicts: 6
target_assignment: {203: 2, 170: 2, 249: 8, 50: 8, 96: 1}
cluster_target_selection: {4: 203, 2: 170, 1: 249, 3: 50, 0: 96}
num_nodes_transformed_graph: 48
agent_paths:({0: [(6, 4), (7, 4), (8, 4), (9, 4), (10, 4), (11, 4), (12, 4), (12, 4)], 1: [(0, 5), (0, 6), (1, 6), (2, 6), (3, 6), (4, 6), (4, 6)], 2: [(1, 12), (2, 12), (3, 12), (4, 12), (5, 12), (6, 12), (7, 12), (8, 12), (9, 12), (10, 12), (11, 12), (10, 12), (10, 11), (10, 10), (9, 10), (8, 10), (8, 9), (8, 8), (8, 7), (8, 6), (8, 5), (8, 4), (8, 3), (8, 2), (8, 2)], 3: [(4, 15), (3, 15), (2, 15), (2, 14), (2, 14)], 4: [(2, 10), (3, 10), (4, 10), (5, 10), (5, 10)], 5: [(13, 12), (13, 11), (14, 11), (14, 10), (14, 9), (14, 8), (15, 8), (15, 8)], 6: [(15, 10), (14, 10), (13, 10), (12, 10), (11, 10), (10, 10), (9, 10), (8, 10), (7, 10), (6, 10), (6, 9), (5, 9), (5, 8), (5, 7), (5, 6), (5, 5), (4, 5), (4, 4), (4, 3), (4, 2), (4, 1), (4, 1)], 7: [(11, 13), (10, 13), (9, 13), (8, 13), (7, 13), (6, 13), (5, 13), (4, 13), (3, 13), (2, 13), (2, 12), (2, 12)], 8: [(7, 15), (8, 15), (9, 15), (8, 15), (7, 15), (6, 15), (5, 15), (4, 15), (3, 15), (3, 14), (3, 13), (3, 12), (3, 11), (2, 11), (2, 10), (2, 9), (2, 8), (2, 7), (2, 6), (2, 5), (2, 4), (2, 3), (2, 4), (2, 4)], 9: [(12, 10), (11, 10), (10, 10), (10, 9), (10, 8), (10, 7), (10, 6), (10, 6)]}, 23)