

CBSS-C STATS
starts:[69, 110, 126, 198, 122]
targets:[4, 21, 130, 107, 80, 114, 17, 194, 220, 141]
dests:[91, 112, 238, 36, 201]
ac_dict:{4: {0, 1}, 21: {1, 2}, 130: {2, 3}, 107: {3, 4}, 91: {0}, 112: {1}, 238: {2}, 36: {3}, 201: {4}}
clusters:[0 1 1 0 1 1 1 0 0 0]

round: 1
best_g_value: 49.0
open_list_size: 0
num_low_level_expanded: 100
search_success: 1
search_time: 0.04643499758094549
n_tsp_call: 1
n_tsp_time: 0.03914922242984176
n_roots: 1
num_conflicts: 0
target_assignment: {141: 1, 114: 1}
cluster_target_selection: {0: 141, 1: 114}
num_nodes_transformed_graph: 26
agent_paths:({0: [(5, 4), (6, 4), (7, 4), (8, 4), (9, 4), (10, 4), (11, 4), (11, 5), (11, 5)], 1: [(14, 6), (13, 6), (13, 7), (13, 8), (12, 8), (11, 8), (10, 8), (9, 8), (8, 8), (7, 8), (6, 8), (5, 8), (4, 8), (3, 8), (2, 8), (2, 7), (1, 7), (0, 7), (0, 7)], 2: [(14, 7), (14, 8), (14, 9), (14, 10), (14, 11), (14, 12), (14, 13), (14, 14), (14, 14)], 3: [(6, 12), (5, 12), (4, 12), (4, 11), (4, 10), (4, 9), (4, 8), (4, 7), (4, 6), (4, 5), (4, 4), (4, 3), (4, 2), (4, 2)], 4: [(10, 7), (9, 7), (9, 8), (9, 9), (9, 10), (9, 11), (9, 12), (9, 12)]}, 17)