

CBSS-C STATS
starts:[111, 170, 239, 156, 237]
targets:[169, 54, 33, 131, 63, 30, 151, 34, 104, 128, 148, 78, 28, 106, 216, 230, 129, 14, 73, 116]
dests:[138, 203, 196, 158, 205]
ac_dict:{169: {0, 1}, 54: {1, 2}, 33: {2, 3}, 131: {3, 4}, 138: {0}, 203: {1}, 196: {2}, 158: {3}, 205: {4}}
clusters:[9 3 1 5 6 9 2 2 8 4 5 3 0 8 0 8 7 8 0 6]

round: 1
best_g_value: 59.0
open_list_size: 0
num_low_level_expanded: 109
search_success: 1
search_time: 5.016155133023858
n_tsp_call: 1
n_tsp_time: 4.997359116561711
n_roots: 1
num_conflicts: 0
target_assignment: {106: 0, 169: 1, 216: 2, 151: 2, 54: 2, 33: 2, 128: 2, 129: 2, 116: 2, 148: 2}
cluster_target_selection: {8: 106, 9: 169, 0: 216, 2: 151, 3: 54, 1: 33, 4: 128, 7: 129, 6: 116, 5: 148}
num_nodes_transformed_graph: 98
agent_paths:({0: [(15, 6), (14, 6), (13, 6), (12, 6), (11, 6), (10, 6), (10, 7), (10, 8), (10, 8)], 1: [(10, 10), (9, 10), (10, 10), (11, 10), (11, 11), (11, 12), (11, 12)], 2: [(15, 14), (14, 14), (13, 14), (12, 14), (11, 14), (10, 14), (9, 14), (8, 14), (8, 13), (7, 13), (7, 12), (7, 11), (7, 10), (7, 9), (6, 9), (6, 8), (6, 7), (6, 6), (6, 5), (6, 4), (6, 3), (5, 3), (4, 3), (3, 3), (2, 3), (1, 3), (1, 2), (0, 2), (0, 3), (0, 4), (0, 5), (0, 6), (0, 7), (0, 8), (1, 8), (1, 7), (2, 7), (3, 7), (4, 7), (4, 8), (4, 9), (4, 10), (4, 11), (4, 12), (4, 12)], 3: [(12, 9), (13, 9), (14, 9), (14, 9)], 4: [(13, 14), (13, 13), (13, 12), (13, 12)]}, 43)