

CBSS-C STATS
starts:[211, 83, 167, 44, 60]
targets:[100, 35, 152, 143, 175, 108, 116, 232, 183, 129]
dests:[136, 91, 56, 76, 205]
ac_dict:{100: {0, 1}, 35: {1, 2}, 152: {2, 3}, 143: {3, 4}, 136: {0}, 91: {1}, 56: {2}, 76: {3}, 205: {4}}
clusters:[4 3 2 3 3 3 0 1 1 0]

round: 1
best_g_value: 42.0
open_list_size: 0
num_low_level_expanded: 79
search_success: 1
search_time: 0.15946304984390736
n_tsp_call: 1
n_tsp_time: 0.15234267804771662
n_roots: 1
num_conflicts: 0
target_assignment: {183: 0, 116: 1, 100: 1, 152: 2, 108: 4}
cluster_target_selection: {1: 183, 0: 116, 4: 100, 2: 152, 3: 108}
num_nodes_transformed_graph: 48
agent_paths:({0: [(3, 13), (3, 12), (3, 11), (4, 11), (5, 11), (6, 11), (7, 11), (7, 10), (7, 9), (7, 8), (8, 8), (8, 8)], 1: [(3, 5), (4, 5), (4, 6), (4, 7), (4, 6), (4, 5), (5, 5), (6, 5), (7, 5), (8, 5), (9, 5), (10, 5), (11, 5), (11, 5)], 2: [(7, 10), (7, 9), (8, 9), (8, 8), (8, 7), (8, 6), (8, 5), (8, 4), (8, 3), (8, 3)], 3: [(12, 2), (12, 3), (12, 4), (12, 4)], 4: [(12, 3), (12, 4), (12, 5), (12, 6), (13, 6), (13, 7), (13, 8), (13, 9), (13, 10), (13, 11), (13, 12), (13, 12)]}, 12)