

CBSS-C STATS
starts:[39, 31, 4, 38, 147, 198, 219, 50, 60, 226]
targets:[33, 14, 5, 216, 136, 28, 47, 104, 110, 218, 158, 53, 52, 254, 253]
dests:[74, 194, 64, 111, 166, 23, 141, 200, 54, 134]
ac_dict:{33: {0, 1}, 14: {1, 2}, 5: {2, 3}, 216: {3, 4}, 136: {4, 5}, 28: {5, 6}, 47: {6, 7}, 104: {8, 7}, 110: {8, 9}, 74: {0}, 194: {1}, 64: {2}, 111: {3}, 166: {4}, 23: {5}, 141: {6}, 200: {7}, 54: {8}, 134: {9}}
clusters:[9 8 5 6 1 9 4 7 2 0 3 2 7 3 4]

round: 8
best_g_value: 134.0
open_list_size: 7
num_low_level_expanded: 1019
search_success: 1
search_time: 0.629166352096945
n_tsp_call: 1
n_tsp_time: 0.5746582662686706
n_roots: 1
num_conflicts: 7
target_assignment: {14: 1, 158: 1, 253: 1, 218: 1, 5: 2, 53: 2, 52: 2, 136: 5, 28: 5, 216: 4}
cluster_target_selection: {8: 14, 3: 158, 4: 253, 0: 218, 5: 5, 2: 53, 7: 52, 1: 136, 9: 28, 6: 216}
num_nodes_transformed_graph: 59
agent_paths:({0: [(7, 2), (8, 2), (9, 2), (10, 2), (10, 3), (10, 4), (10, 4)], 1: [(15, 1), (14, 1), (14, 0), (14, 1), (14, 2), (14, 3), (14, 4), (14, 5), (14, 6), (14, 7), (14, 8), (14, 9), (13, 9), (13, 10), (13, 11), (13, 12), (13, 13), (13, 14), (13, 15), (12, 15), (11, 15), (10, 15), (10, 14), (10, 13), (9, 13), (8, 13), (7, 13), (6, 13), (5, 13), (4, 13), (3, 13), (2, 13), (2, 12), (2, 12)], 2: [(4, 0), (5, 0), (5, 1), (5, 2), (5, 3), (4, 3), (3, 3), (2, 3), (1, 3), (0, 3), (0, 4), (0, 4)], 3: [(6, 2), (7, 2), (8, 2), (9, 2), (10, 2), (11, 2), (12, 2), (13, 2), (14, 2), (15, 2), (15, 3), (15, 4), (15, 5), (15, 6), (15, 6)], 4: [(3, 9), (4, 9), (5, 9), (5, 10), (6, 10), (7, 10), (8, 10), (8, 11), (8, 12), (8, 13), (7, 13), (6, 13), (6, 12), (6, 11), (6, 10), (6, 10)], 5: [(6, 12), (6, 11), (6, 10), (6, 9), (6, 8), (7, 8), (8, 8), (8, 7), (9, 7), (9, 6), (9, 5), (9, 4), (9, 3), (9, 2), (9, 1), (10, 1), (11, 1), (12, 1), (11, 1), (10, 1), (9, 1), (8, 1), (7, 1), (7, 1)], 6: [(11, 13), (11, 12), (11, 11), (11, 10), (11, 9), (11, 8), (12, 8), (13, 8), (13, 8)], 7: [(2, 3), (3, 3), (4, 3), (5, 3), (6, 3), (6, 4), (7, 4), (8, 4), (8, 5), (8, 6), (8, 7), (8, 8), (8, 9), (8, 10), (8, 11), (8, 12), (8, 12)], 8: [(12, 3), (11, 3), (10, 3), (9, 3), (8, 3), (7, 3), (6, 3), (6, 3)], 9: [(2, 14), (2, 13), (2, 12), (2, 11), (2, 10), (2, 9), (2, 8), (3, 8), (4, 8), (5, 8), (6, 8), (6, 8)]}, 32)