

CBSS-C STATS
starts:[107, 93, 159, 155, 224, 28, 114, 232, 125, 83]
targets:[46, 104, 239, 25, 44, 193, 217, 201, 148, 51]
dests:[149, 16, 24, 69, 194, 253, 122, 75, 140, 139]
ac_dict:{46: {0, 1}, 104: {1, 2}, 239: {2, 3}, 25: {3, 4}, 44: {4, 5}, 193: {5, 6}, 217: {6, 7}, 201: {8, 7}, 148: {8, 9}, 149: {0}, 16: {1}, 24: {2}, 69: {3}, 194: {4}, 253: {5}, 122: {6}, 75: {7}, 140: {8}, 139: {9}}
clusters:[0 2 3 0 0 4 4 1 1 3]

round: 42
best_g_value: 105.0
open_list_size: 41
num_low_level_expanded: 2760
search_success: 1
search_time: 0.33453648490831256
n_tsp_call: 1
n_tsp_time: 0.1932305172085762
n_roots: 1
num_conflicts: 41
target_assignment: {104: 2, 217: 7, 201: 7, 51: 1, 44: 5}
cluster_target_selection: {2: 104, 4: 217, 1: 201, 3: 51, 0: 44}
num_nodes_transformed_graph: 48
agent_paths:({0: [(11, 6), (10, 6), (9, 6), (8, 6), (7, 6), (6, 6), (6, 7), (6, 8), (5, 8), (5, 9), (5, 9)], 1: [(13, 5), (12, 5), (11, 5), (10, 5), (9, 5), (9, 4), (8, 4), (7, 4), (6, 4), (5, 4), (4, 4), (3, 4), (3, 3), (2, 3), (1, 3), (0, 3), (0, 2), (0, 1), (0, 1)], 2: [(15, 9), (14, 9), (13, 9), (12, 9), (11, 9), (10, 9), (9, 9), (8, 9), (8, 8), (8, 7), (8, 6), (8, 5), (8, 4), (8, 3), (8, 2), (8, 1), (8, 1)], 3: [(11, 9), (10, 9), (9, 9), (8, 9), (7, 9), (6, 9), (5, 9), (5, 8), (5, 7), (5, 6), (5, 5), (5, 4), (5, 4)], 4: [(0, 14), (0, 13), (0, 12), (1, 12), (2, 12), (2, 12)], 5: [(12, 1), (12, 2), (13, 2), (13, 3), (13, 4), (13, 5), (13, 6), (13, 7), (13, 8), (13, 9), (13, 10), (13, 11), (13, 12), (13, 13), (13, 14), (13, 15), (13, 15)], 6: [(2, 7), (3, 7), (4, 7), (5, 7), (6, 7), (7, 7), (8, 7), (9, 7), (10, 7), (10, 7)], 7: [(8, 14), (8, 13), (9, 13), (9, 12), (9, 11), (9, 10), (10, 10), (10, 9), (10, 8), (11, 8), (11, 7), (11, 6), (11, 5), (11, 4), (11, 4)], 8: [(13, 7), (12, 7), (12, 8), (12, 8)], 9: [(3, 5), (4, 5), (5, 5), (6, 5), (7, 5), (8, 5), (9, 5), (9, 6), (9, 7), (9, 8), (10, 8), (11, 8), (11, 8)]}, 17)