

CBSS-C STATS
starts:[123, 37, 21, 220, 100, 147, 1, 62, 107, 233]
targets:[206, 95, 188, 12, 0, 133, 237, 97, 101, 177]
dests:[208, 75, 158, 131, 192, 174, 42, 88, 127, 110]
ac_dict:{206: {0, 1}, 95: {1, 2}, 188: {2, 3}, 12: {3, 4}, 0: {4, 5}, 133: {5, 6}, 237: {6, 7}, 97: {8, 7}, 101: {8, 9}, 208: {0}, 75: {1}, 158: {2}, 131: {3}, 192: {4}, 174: {5}, 42: {6}, 88: {7}, 127: {8}, 110: {9}}
clusters:[1 0 2 3 3 1 0 4 3 3]

round: 8
best_g_value: 137.0
open_list_size: 7
num_low_level_expanded: 1602
search_success: 1
search_time: 2.842001740820706
n_tsp_call: 11
n_tsp_time: 1.9093481707386672
n_roots: 1
num_conflicts: 7
target_assignment: {177: 0, 133: 5, 97: 7, 95: 2, 188: 3}
cluster_target_selection: {3: 177, 1: 133, 4: 97, 0: 95, 2: 188}
num_nodes_transformed_graph: 48
agent_paths:({0: [(11, 7), (10, 7), (9, 7), (8, 7), (7, 7), (6, 7), (5, 7), (4, 7), (3, 7), (2, 7), (1, 7), (1, 8), (1, 9), (1, 10), (1, 11), (1, 12), (1, 13), (0, 13), (0, 13)], 1: [(5, 2), (6, 2), (7, 2), (8, 2), (9, 2), (10, 2), (11, 2), (11, 3), (11, 4), (11, 4)], 2: [(5, 1), (6, 1), (7, 1), (8, 1), (9, 1), (10, 1), (11, 1), (12, 1), (13, 1), (14, 1), (15, 1), (15, 2), (15, 3), (15, 4), (15, 5), (14, 5), (13, 5), (13, 6), (13, 7), (14, 7), (14, 8), (14, 9), (14, 9)], 3: [(12, 13), (12, 12), (12, 11), (11, 11), (10, 11), (9, 11), (8, 11), (7, 11), (6, 11), (5, 11), (4, 11), (3, 11), (3, 10), (3, 9), (3, 8), (3, 8)], 4: [(4, 6), (3, 6), (2, 6), (1, 6), (0, 6), (0, 7), (0, 8), (0, 9), (0, 10), (0, 11), (0, 12), (0, 12)], 5: [(3, 9), (3, 8), (4, 8), (5, 8), (6, 8), (7, 8), (8, 8), (9, 8), (10, 8), (11, 8), (12, 8), (13, 8), (14, 8), (14, 9), (14, 10), (14, 10)], 6: [(1, 0), (2, 0), (3, 0), (4, 0), (5, 0), (6, 0), (7, 0), (8, 0), (9, 0), (10, 0), (10, 1), (10, 2), (10, 2)], 7: [(14, 3), (13, 3), (12, 3), (11, 3), (10, 3), (9, 3), (8, 3), (7, 3), (6, 3), (5, 3), (4, 3), (3, 3), (2, 3), (1, 3), (1, 4), (1, 5), (1, 6), (1, 5), (2, 5), (3, 5), (4, 5), (5, 5), (6, 5), (7, 5), (8, 5), (8, 5)], 8: [(11, 6), (12, 6), (13, 6), (14, 6), (15, 6), (15, 7), (15, 7)], 9: [(9, 14), (9, 13), (9, 12), (9, 11), (9, 10), (9, 9), (9, 8), (9, 7), (9, 6), (10, 6), (11, 6), (12, 6), (13, 6), (14, 6), (14, 6)]}, 24)