

CBSS-C STATS
starts:[43, 119, 198, 18, 236]
targets:[231, 127, 99, 111, 135, 142, 35, 54, 64, 132]
dests:[157, 238, 191, 141, 31]
ac_dict:{231: {0, 1}, 127: {1, 2}, 99: {2, 3}, 111: {3, 4}, 157: {0}, 238: {1}, 191: {2}, 141: {3}, 31: {4}}
clusters:[0 1 0 0 0 1 1 1 1 1]

round: 3
best_g_value: 67.0
open_list_size: 1
num_low_level_expanded: 415
search_success: 1
search_time: 0.09224654315039515
n_tsp_call: 1
n_tsp_time: 0.07428902806714177
n_roots: 1
num_conflicts: 2
target_assignment: {142: 4, 111: 4}
cluster_target_selection: {1: 142, 0: 111}
num_nodes_transformed_graph: 27
agent_paths:({0: [(11, 2), (12, 2), (13, 2), (13, 3), (13, 4), (13, 5), (13, 6), (13, 7), (13, 8), (13, 9), (13, 9)], 1: [(7, 7), (8, 7), (9, 7), (10, 7), (11, 7), (12, 7), (13, 7), (13, 8), (13, 9), (14, 9), (14, 10), (14, 11), (14, 12), (14, 13), (14, 14), (14, 14)], 2: [(6, 12), (6, 11), (7, 11), (8, 11), (9, 11), (10, 11), (11, 11), (12, 11), (13, 11), (14, 11), (15, 11), (15, 11)], 3: [(2, 1), (3, 1), (4, 1), (5, 1), (6, 1), (7, 1), (8, 1), (9, 1), (10, 1), (11, 1), (12, 1), (13, 1), (13, 2), (13, 3), (13, 4), (13, 5), (13, 6), (13, 7), (13, 8), (13, 8)], 4: [(12, 14), (12, 13), (12, 12), (12, 11), (12, 10), (12, 9), (13, 9), (14, 9), (14, 8), (14, 7), (14, 6), (15, 6), (15, 5), (15, 4), (15, 3), (15, 2), (15, 1), (15, 1)]}, 18)