

CBSS-C STATS
starts:[21, 236, 229, 255, 237, 88, 98, 217, 226, 80]
targets:[182, 86, 17, 27, 50, 234, 74, 59, 100, 166]
dests:[69, 160, 254, 139, 187, 103, 202, 192, 91, 77]
ac_dict:{182: {0, 1}, 86: {1, 2}, 17: {2, 3}, 27: {3, 4}, 50: {4, 5}, 234: {5, 6}, 74: {6, 7}, 59: {8, 7}, 100: {8, 9}, 69: {0}, 160: {1}, 254: {2}, 139: {3}, 187: {4}, 103: {5}, 202: {6}, 192: {7}, 91: {8}, 77: {9}}
clusters:[2 1 0 2 3 3 3 4 3 3]

round: 7
best_g_value: 151.0
open_list_size: 6
num_low_level_expanded: 1964
search_success: 1
search_time: 0.16370653919875622
n_tsp_call: 1
n_tsp_time: 0.11267097992822528
n_roots: 1
num_conflicts: 6
target_assignment: {100: 8, 59: 8, 182: 1, 86: 1, 17: 3}
cluster_target_selection: {3: 100, 4: 59, 2: 182, 1: 86, 0: 17}
num_nodes_transformed_graph: 32
agent_paths:({0: [(5, 1), (5, 2), (5, 3), (5, 4), (5, 4)], 1: [(12, 14), (11, 14), (10, 14), (10, 13), (9, 13), (8, 13), (7, 13), (6, 13), (6, 12), (6, 11), (6, 10), (6, 9), (6, 8), (6, 7), (6, 6), (6, 5), (5, 5), (4, 5), (3, 5), (2, 5), (1, 5), (0, 5), (0, 6), (0, 7), (0, 8), (0, 9), (0, 10), (0, 10)], 2: [(5, 14), (6, 14), (7, 14), (8, 14), (9, 14), (10, 14), (11, 14), (12, 14), (13, 14), (14, 14), (14, 15), (14, 15)], 3: [(15, 15), (14, 15), (13, 15), (12, 15), (11, 15), (10, 15), (9, 15), (8, 15), (7, 15), (6, 15), (5, 15), (4, 15), (3, 15), (2, 15), (1, 15), (1, 14), (1, 13), (1, 12), (1, 11), (1, 10), (1, 9), (1, 8), (1, 7), (1, 6), (1, 5), (1, 4), (1, 3), (1, 2), (1, 1), (2, 1), (3, 1), (4, 1), (5, 1), (6, 1), (7, 1), (8, 1), (9, 1), (10, 1), (10, 2), (10, 3), (10, 4), (10, 5), (10, 6), (11, 6), (11, 7), (11, 8), (11, 8)], 4: [(13, 14), (12, 14), (11, 14), (11, 13), (11, 12), (11, 11), (11, 11)], 5: [(8, 5), (7, 5), (7, 6), (7, 6)], 6: [(2, 6), (3, 6), (4, 6), (5, 6), (6, 6), (6, 7), (7, 7), (8, 7), (9, 7), (10, 7), (10, 8), (10, 9), (10, 10), (10, 11), (10, 12), (10, 12)], 7: [(9, 13), (8, 13), (7, 13), (6, 13), (5, 13), (4, 13), (3, 13), (2, 13), (1, 13), (0, 13), (0, 12), (0, 12)], 8: [(2, 14), (2, 13), (2, 12), (2, 11), (2, 10), (2, 9), (2, 8), (2, 7), (2, 6), (3, 6), (4, 6), (4, 5), (4, 4), (4, 3), (5, 3), (6, 3), (7, 3), (8, 3), (9, 3), (10, 3), (11, 3), (11, 4), (11, 5), (11, 5)], 9: [(0, 5), (1, 5), (2, 5), (3, 5), (4, 5), (5, 5), (6, 5), (6, 4), (7, 4), (8, 4), (9, 4), (10, 4), (11, 4), (12, 4), (13, 4), (13, 4)]}, 45)