

CBSS-C STATS
starts:[42, 164, 163, 49, 97, 243, 76, 170, 220, 222]
targets:[198, 244, 108, 65, 52, 184, 232, 3, 183, 226, 14, 32, 21, 83, 156]
dests:[193, 51, 99, 125, 190, 0, 139, 140, 67, 37]
ac_dict:{198: {0, 1}, 244: {1, 2}, 108: {2, 3}, 65: {3, 4}, 52: {4, 5}, 184: {5, 6}, 232: {6, 7}, 3: {8, 7}, 183: {8, 9}, 193: {0}, 51: {1}, 99: {2}, 125: {3}, 190: {4}, 0: {5}, 139: {6}, 140: {7}, 67: {8}, 37: {9}}
clusters:[7 9 2 3 8 7 2 1 6 5 0 9 6 2 4]

round: 41
best_g_value: 148.0
open_list_size: 40
num_low_level_expanded: 9338
search_success: 1
search_time: 6.416666775010526
n_tsp_call: 19
n_tsp_time: 5.705752478912473
n_roots: 1
num_conflicts: 40
target_assignment: {198: 0, 226: 5, 52: 5, 32: 5, 3: 8, 156: 7, 14: 9, 21: 9, 65: 3, 108: 3}
cluster_target_selection: {7: 198, 5: 226, 8: 52, 9: 32, 1: 3, 4: 156, 0: 14, 6: 21, 3: 65, 2: 108}
num_nodes_transformed_graph: 57
agent_paths:({0: [(10, 2), (9, 2), (8, 2), (7, 2), (7, 3), (7, 4), (7, 5), (6, 5), (6, 6), (6, 7), (6, 8), (6, 9), (6, 10), (6, 11), (6, 12), (5, 12), (4, 12), (3, 12), (2, 12), (1, 12), (1, 12)], 1: [(4, 10), (4, 9), (4, 8), (4, 7), (4, 6), (4, 5), (3, 5), (3, 4), (3, 3), (3, 3)], 2: [(3, 10), (3, 9), (3, 8), (3, 7), (3, 6), (3, 6)], 3: [(1, 3), (1, 4), (2, 4), (3, 4), (4, 4), (5, 4), (6, 4), (7, 4), (8, 4), (9, 4), (10, 4), (11, 4), (12, 4), (12, 5), (12, 6), (13, 6), (13, 7), (13, 7)], 4: [(1, 6), (2, 6), (3, 6), (4, 6), (5, 6), (6, 6), (7, 6), (8, 6), (9, 6), (10, 6), (11, 6), (12, 6), (13, 6), (14, 6), (14, 7), (14, 8), (14, 9), (14, 10), (14, 11), (14, 11)], 5: [(3, 15), (2, 15), (2, 14), (2, 13), (2, 12), (2, 11), (2, 10), (2, 9), (2, 8), (2, 7), (2, 6), (2, 5), (2, 4), (3, 4), (4, 4), (4, 3), (4, 2), (3, 2), (2, 2), (1, 2), (0, 2), (0, 1), (0, 0), (0, 0)], 6: [(12, 4), (11, 4), (11, 5), (11, 6), (11, 7), (11, 8), (11, 8)], 7: [(10, 10), (10, 9), (11, 9), (12, 9), (12, 8), (12, 8)], 8: [(12, 13), (11, 13), (10, 13), (9, 13), (8, 13), (7, 13), (6, 13), (5, 13), (4, 13), (4, 12), (4, 11), (4, 10), (4, 9), (4, 8), (4, 7), (4, 6), (4, 5), (4, 4), (4, 3), (4, 2), (3, 2), (3, 1), (3, 0), (3, 1), (3, 2), (2, 2), (2, 3), (2, 4), (3, 4), (3, 4)], 9: [(14, 13), (14, 12), (14, 11), (14, 10), (14, 9), (14, 8), (14, 7), (14, 6), (14, 5), (14, 4), (14, 3), (14, 2), (14, 1), (14, 0), (13, 0), (12, 0), (11, 0), (10, 0), (9, 0), (8, 0), (7, 0), (6, 0), (5, 0), (5, 1), (5, 2), (5, 2)]}, 28)