

CBSS-C STATS
starts:[175, 189, 59, 52, 188, 143, 186, 218, 230, 228]
targets:[51, 117, 254, 201, 9, 26, 249, 122, 109, 131, 94, 198, 22, 4, 0]
dests:[13, 133, 250, 252, 129, 163, 49, 115, 217, 114]
ac_dict:{51: {0, 1}, 117: {1, 2}, 254: {2, 3}, 201: {3, 4}, 9: {4, 5}, 26: {5, 6}, 249: {6, 7}, 122: {8, 7}, 109: {8, 9}, 13: {0}, 133: {1}, 250: {2}, 252: {3}, 129: {4}, 163: {5}, 49: {6}, 115: {7}, 217: {8}, 114: {9}}
clusters:[9 9 5 0 5 7 6 5 3 8 1 4 9 3 2]

round: 4
best_g_value: 141.0
open_list_size: 3
num_low_level_expanded: 500
search_success: 1
search_time: 0.846333822235465
n_tsp_call: 1
n_tsp_time: 0.8067984832450747
n_roots: 1
num_conflicts: 3
target_assignment: {94: 0, 131: 9, 26: 6, 22: 6, 4: 6, 0: 6, 198: 3, 201: 3, 249: 7, 122: 7}
cluster_target_selection: {1: 94, 8: 131, 7: 26, 9: 22, 3: 4, 2: 0, 4: 198, 0: 201, 6: 249, 5: 122}
num_nodes_transformed_graph: 98
agent_paths:({0: [(15, 10), (14, 10), (14, 9), (14, 8), (14, 7), (14, 6), (14, 5), (13, 5), (13, 4), (13, 3), (13, 2), (13, 1), (13, 0), (13, 0)], 1: [(13, 11), (12, 11), (11, 11), (10, 11), (9, 11), (8, 11), (7, 11), (6, 11), (5, 11), (5, 10), (5, 9), (5, 8), (5, 8)], 2: [(11, 3), (11, 4), (11, 5), (11, 6), (11, 7), (11, 8), (11, 9), (11, 10), (11, 11), (10, 11), (10, 12), (10, 13), (10, 14), (10, 15), (10, 15)], 3: [(4, 3), (5, 3), (6, 3), (6, 4), (6, 5), (6, 6), (6, 7), (6, 8), (6, 9), (6, 10), (6, 11), (6, 12), (7, 12), (8, 12), (9, 12), (10, 12), (11, 12), (12, 12), (12, 13), (12, 14), (12, 15), (12, 15)], 4: [(12, 11), (11, 11), (10, 11), (9, 11), (8, 11), (7, 11), (6, 11), (5, 11), (4, 11), (3, 11), (2, 11), (1, 11), (1, 10), (1, 9), (1, 8), (1, 8)], 5: [(15, 8), (14, 8), (13, 8), (12, 8), (11, 8), (10, 8), (9, 8), (8, 8), (7, 8), (6, 8), (5, 8), (4, 8), (3, 8), (3, 9), (3, 10), (3, 10)], 6: [(10, 11), (10, 10), (10, 9), (10, 8), (10, 7), (10, 6), (10, 5), (10, 4), (10, 3), (10, 2), (10, 1), (9, 1), (8, 1), (7, 1), (6, 1), (5, 1), (4, 1), (4, 0), (3, 0), (2, 0), (1, 0), (0, 0), (1, 0), (1, 1), (1, 2), (1, 3), (1, 3)], 7: [(10, 13), (9, 13), (9, 14), (9, 15), (9, 14), (10, 14), (10, 13), (10, 12), (10, 11), (10, 10), (10, 9), (10, 8), (10, 7), (9, 7), (8, 7), (7, 7), (6, 7), (5, 7), (4, 7), (3, 7), (3, 7)], 8: [(6, 14), (6, 13), (7, 13), (8, 13), (9, 13), (9, 13)], 9: [(4, 14), (3, 14), (3, 13), (3, 12), (3, 11), (3, 10), (3, 9), (3, 8), (2, 8), (2, 7), (2, 7)]}, 25)