

CBSS-C STATS
starts:[142, 117, 77, 159, 0]
targets:[182, 169, 222, 138, 113, 120, 208, 213, 141, 148]
dests:[94, 36, 183, 24, 64]
ac_dict:{182: {0, 1}, 169: {1, 2}, 222: {2, 3}, 138: {3, 4}, 94: {0}, 36: {1}, 183: {2}, 24: {3}, 64: {4}}
clusters:[1 1 3 2 0 1 0 4 3 0]

round: 1
best_g_value: 51.0
open_list_size: 0
num_low_level_expanded: 113
search_success: 1
search_time: 0.346444187220186
n_tsp_call: 1
n_tsp_time: 0.338049678131938
n_roots: 1
num_conflicts: 0
target_assignment: {120: 2, 148: 2, 213: 2, 141: 3, 138: 3}
cluster_target_selection: {1: 120, 0: 148, 4: 213, 3: 141, 2: 138}
num_nodes_transformed_graph: 48
agent_paths:({0: [(14, 8), (14, 7), (14, 6), (14, 5), (14, 5)], 1: [(5, 7), (4, 7), (4, 6), (4, 5), (4, 4), (4, 3), (4, 2), (4, 2)], 2: [(13, 4), (12, 4), (11, 4), (10, 4), (9, 4), (8, 4), (8, 5), (8, 6), (8, 7), (7, 7), (6, 7), (5, 7), (4, 7), (4, 8), (4, 9), (5, 9), (5, 10), (5, 11), (5, 12), (5, 13), (5, 12), (5, 11), (6, 11), (7, 11), (7, 11)], 3: [(15, 9), (14, 9), (13, 9), (13, 8), (12, 8), (11, 8), (10, 8), (9, 8), (8, 8), (8, 7), (8, 6), (8, 5), (8, 4), (8, 3), (8, 2), (8, 1), (8, 1)], 4: [(0, 0), (0, 1), (0, 2), (0, 3), (0, 4), (0, 4)]}, 23)