

CBSS-C STATS
starts:[186, 195, 214, 181, 158, 191, 159, 3, 52, 141]
targets:[168, 6, 112, 17, 162, 33, 69, 23, 215, 15, 91, 229, 99, 150, 197]
dests:[38, 50, 21, 148, 57, 131, 167, 218, 47, 205]
ac_dict:{168: {0, 1}, 6: {1, 2}, 112: {2, 3}, 17: {3, 4}, 162: {4, 5}, 33: {5, 6}, 69: {6, 7}, 23: {8, 7}, 215: {8, 9}, 38: {0}, 50: {1}, 21: {2}, 148: {3}, 57: {4}, 131: {5}, 167: {6}, 218: {7}, 47: {8}, 205: {9}}
clusters:[3 0 7 9 0 0 6 1 7 5 6 4 7 8 2]

round: 4
best_g_value: 138.0
open_list_size: 3
num_low_level_expanded: 1018
search_success: 1
search_time: 0.37783767795190215
n_tsp_call: 1
n_tsp_time: 0.34092716686427593
n_roots: 1
num_conflicts: 3
target_assignment: {168: 0, 150: 0, 229: 2, 197: 2, 91: 4, 17: 4, 23: 8, 15: 8, 99: 1, 162: 5}
cluster_target_selection: {3: 168, 8: 150, 4: 229, 2: 197, 6: 91, 9: 17, 1: 23, 5: 15, 7: 99, 0: 162}
num_nodes_transformed_graph: 54
agent_paths:({0: [(10, 11), (9, 11), (8, 11), (8, 10), (7, 10), (6, 10), (6, 9), (6, 8), (6, 7), (6, 6), (6, 5), (6, 4), (6, 3), (6, 2), (6, 2)], 1: [(3, 12), (3, 11), (3, 10), (3, 9), (3, 8), (3, 7), (3, 6), (2, 6), (2, 5), (2, 4), (2, 3), (2, 3)], 2: [(6, 13), (5, 13), (5, 14), (5, 13), (5, 12), (5, 11), (5, 10), (5, 9), (5, 8), (5, 7), (5, 6), (5, 5), (5, 4), (5, 3), (5, 2), (5, 1), (5, 1)], 3: [(5, 11), (4, 11), (4, 10), (4, 9), (4, 9)], 4: [(14, 9), (14, 8), (13, 8), (12, 8), (11, 8), (11, 7), (11, 6), (11, 5), (10, 5), (9, 5), (8, 5), (7, 5), (6, 5), (5, 5), (4, 5), (3, 5), (2, 5), (1, 5), (1, 4), (1, 3), (1, 2), (1, 1), (2, 1), (3, 1), (4, 1), (4, 2), (5, 2), (5, 3), (6, 3), (7, 3), (8, 3), (9, 3), (9, 3)], 5: [(15, 11), (14, 11), (13, 11), (12, 11), (11, 11), (10, 11), (9, 11), (8, 11), (7, 11), (6, 11), (5, 11), (4, 11), (3, 11), (2, 11), (2, 10), (2, 9), (2, 8), (3, 8), (3, 8)], 6: [(15, 9), (14, 9), (13, 9), (12, 9), (11, 9), (10, 9), (9, 9), (8, 9), (7, 9), (7, 10), (7, 10)], 7: [(3, 0), (4, 0), (5, 0), (6, 0), (7, 0), (8, 0), (9, 0), (10, 0), (10, 1), (10, 2), (10, 3), (10, 4), (10, 5), (10, 6), (10, 7), (10, 8), (10, 9), (10, 10), (10, 11), (10, 12), (10, 13), (10, 13)], 8: [(4, 3), (4, 2), (4, 1), (5, 1), (6, 1), (7, 1), (7, 0), (8, 0), (9, 0), (10, 0), (11, 0), (12, 0), (13, 0), (14, 0), (15, 0), (15, 1), (15, 2), (15, 2)], 9: [(13, 8), (13, 9), (13, 10), (13, 11), (13, 12), (13, 12)]}, 31)