

CBSS-C STATS
starts:[78, 213, 237, 11, 207]
targets:[160, 115, 241, 127, 110, 104, 220, 67, 80, 53]
dests:[172, 7, 232, 130, 163]
ac_dict:{160: {0, 1}, 115: {1, 2}, 241: {2, 3}, 127: {3, 4}, 172: {0}, 7: {1}, 232: {2}, 130: {3}, 163: {4}}
clusters:[4 3 4 1 0 1 2 4 1 2]

round: 1
best_g_value: 63.0
open_list_size: 0
num_low_level_expanded: 155
search_success: 1
search_time: 0.05354000208899379
n_tsp_call: 1
n_tsp_time: 0.04506158409640193
n_roots: 1
num_conflicts: 0
target_assignment: {110: 0, 104: 3, 115: 1, 67: 1, 53: 1}
cluster_target_selection: {0: 110, 1: 104, 3: 115, 4: 67, 2: 53}
num_nodes_transformed_graph: 28
agent_paths:({0: [(14, 4), (14, 5), (14, 6), (13, 6), (12, 6), (12, 7), (12, 8), (12, 9), (12, 10), (12, 10)], 1: [(5, 13), (4, 13), (3, 13), (3, 12), (3, 11), (3, 10), (3, 9), (3, 8), (3, 7), (3, 6), (3, 5), (3, 4), (3, 3), (4, 3), (5, 3), (5, 2), (5, 1), (5, 0), (6, 0), (7, 0), (7, 0)], 2: [(13, 14), (12, 14), (11, 14), (10, 14), (9, 14), (8, 14), (8, 14)], 3: [(11, 0), (10, 0), (9, 0), (8, 0), (8, 1), (8, 2), (8, 3), (8, 4), (8, 5), (8, 6), (7, 6), (6, 6), (5, 6), (4, 6), (3, 6), (2, 6), (2, 7), (2, 8), (2, 8)], 4: [(15, 12), (14, 12), (13, 12), (12, 12), (11, 12), (10, 12), (9, 12), (8, 12), (7, 12), (6, 12), (5, 12), (4, 12), (3, 12), (3, 11), (3, 10), (3, 10)]}, 19)