

CBSS-C STATS
starts:[163, 205, 38, 113, 56]
targets:[45, 78, 188, 102, 112, 104, 213, 130, 13, 249, 143, 138, 161, 54, 169, 195, 218, 170, 0, 32]
dests:[231, 245, 216, 148, 10]
ac_dict:{45: {0, 1}, 78: {1, 2}, 188: {2, 3}, 102: {3, 4}, 231: {0}, 245: {1}, 216: {2}, 148: {3}, 10: {4}}
clusters:[4 7 7 1 1 7 3 6 8 7 4 0 4 1 7 6 9 2 5 0]

round: 2
best_g_value: 70.0
open_list_size: 1
num_low_level_expanded: 181
search_success: 1
search_time: 0.6151125729084015
n_tsp_call: 1
n_tsp_time: 0.6015044772066176
n_roots: 1
num_conflicts: 1
target_assignment: {195: 0, 213: 1, 13: 4, 0: 3, 161: 3, 54: 2, 104: 2, 138: 2, 170: 2, 218: 2}
cluster_target_selection: {6: 195, 3: 213, 8: 13, 5: 0, 4: 161, 1: 54, 7: 104, 0: 138, 2: 170, 9: 218}
num_nodes_transformed_graph: 50
agent_paths:({0: [(3, 10), (3, 11), (3, 12), (4, 12), (5, 12), (6, 12), (6, 13), (7, 13), (7, 14), (7, 14)], 1: [(13, 12), (12, 12), (11, 12), (10, 12), (9, 12), (8, 12), (7, 12), (6, 12), (5, 12), (5, 13), (5, 14), (5, 15), (5, 15)], 2: [(6, 2), (6, 3), (7, 3), (8, 3), (8, 4), (8, 5), (8, 6), (9, 6), (10, 6), (10, 7), (10, 8), (10, 9), (10, 10), (10, 11), (10, 12), (10, 13), (9, 13), (8, 13), (8, 13)], 3: [(1, 7), (0, 7), (0, 6), (0, 5), (0, 4), (0, 3), (0, 2), (0, 1), (0, 0), (1, 0), (1, 1), (1, 2), (1, 3), (1, 4), (1, 5), (1, 6), (1, 7), (1, 8), (1, 9), (1, 10), (1, 9), (2, 9), (3, 9), (4, 9), (4, 9)], 4: [(8, 3), (8, 2), (8, 1), (8, 0), (9, 0), (10, 0), (11, 0), (12, 0), (13, 0), (12, 0), (11, 0), (10, 0), (10, 0)]}, 23)