

CBSS-C STATS
starts:[189, 64, 90, 218, 54]
targets:[0, 49, 97, 134, 122, 77, 247, 214, 17, 188]
dests:[161, 137, 35, 76, 154]
ac_dict:{0: {0, 1}, 49: {1, 2}, 97: {2, 3}, 134: {3, 4}, 161: {0}, 137: {1}, 35: {2}, 76: {3}, 154: {4}}
clusters:[1 0 1 0 0 1 1 0 1 0]

round: 2
best_g_value: 59.0
open_list_size: 1
num_low_level_expanded: 213
search_success: 1
search_time: 0.07245885906741023
n_tsp_call: 1
n_tsp_time: 0.06203511171042919
n_roots: 1
num_conflicts: 1
target_assignment: {188: 3, 77: 3}
cluster_target_selection: {0: 188, 1: 77}
num_nodes_transformed_graph: 26
agent_paths:({0: [(13, 11), (12, 11), (12, 10), (11, 10), (10, 10), (9, 10), (8, 10), (7, 10), (6, 10), (5, 10), (4, 10), (3, 10), (2, 10), (1, 10), (1, 10)], 1: [(0, 4), (1, 4), (2, 4), (3, 4), (4, 4), (5, 4), (6, 4), (7, 4), (8, 4), (9, 4), (9, 5), (9, 6), (9, 7), (9, 8), (9, 8)], 2: [(10, 5), (9, 5), (8, 5), (7, 5), (6, 5), (5, 5), (4, 5), (3, 5), (3, 4), (3, 3), (3, 2), (3, 2)], 3: [(10, 13), (10, 12), (10, 11), (11, 11), (12, 11), (12, 10), (12, 9), (12, 8), (12, 7), (12, 6), (12, 5), (12, 4), (13, 4), (12, 4), (12, 4)], 4: [(6, 3), (7, 3), (8, 3), (9, 3), (10, 3), (10, 4), (10, 5), (10, 6), (10, 7), (10, 8), (10, 9), (10, 9)]}, 13)