

CBSS-C STATS
starts:[27, 103, 243, 30, 167]
targets:[75, 206, 110, 64, 201, 213, 95, 120, 51, 11]
dests:[155, 17, 10, 88, 58]
ac_dict:{75: {0, 1}, 206: {1, 2}, 110: {2, 3}, 64: {3, 4}, 155: {0}, 17: {1}, 10: {2}, 88: {3}, 58: {4}}
clusters:[0 1 0 0 1 0 1 1 1 0]

round: 2
best_g_value: 61.0
open_list_size: 1
num_low_level_expanded: 258
search_success: 1
search_time: 0.06281671300530434
n_tsp_call: 1
n_tsp_time: 0.05114990891888738
n_roots: 1
num_conflicts: 1
target_assignment: {120: 4, 213: 2}
cluster_target_selection: {1: 120, 0: 213}
num_nodes_transformed_graph: 28
agent_paths:({0: [(11, 1), (11, 2), (11, 3), (11, 4), (11, 5), (11, 6), (11, 7), (11, 8), (11, 9), (11, 9)], 1: [(7, 6), (6, 6), (5, 6), (4, 6), (3, 6), (2, 6), (1, 6), (1, 5), (1, 4), (1, 3), (1, 2), (1, 1), (1, 1)], 2: [(3, 15), (3, 14), (3, 13), (4, 13), (5, 13), (5, 12), (5, 11), (5, 10), (5, 9), (5, 8), (5, 7), (5, 6), (5, 5), (5, 4), (5, 3), (5, 2), (5, 1), (5, 0), (6, 0), (7, 0), (8, 0), (9, 0), (10, 0), (10, 0)], 3: [(14, 1), (13, 1), (12, 1), (11, 1), (10, 1), (9, 1), (9, 2), (9, 3), (9, 4), (8, 4), (8, 5), (8, 5)], 4: [(7, 10), (7, 9), (7, 8), (7, 7), (8, 7), (8, 6), (8, 5), (8, 4), (8, 3), (9, 3), (10, 3), (10, 3)]}, 22)