

CBSS-C STATS
starts:[45, 65, 93, 196, 15, 66, 178, 245, 44, 154]
targets:[34, 86, 139, 137, 1, 29, 109, 42, 232, 17]
dests:[223, 143, 108, 23, 172, 43, 164, 59, 192, 219]
ac_dict:{34: {0, 1}, 86: {1, 2}, 139: {2, 3}, 137: {3, 4}, 1: {4, 5}, 29: {5, 6}, 109: {6, 7}, 42: {8, 7}, 232: {8, 9}, 223: {0}, 143: {1}, 108: {2}, 23: {3}, 172: {4}, 43: {5}, 164: {6}, 59: {7}, 192: {8}, 219: {9}}
clusters:[0 3 4 2 2 1 1 0 3 1]

round: 3
best_g_value: 129.0
open_list_size: 2
num_low_level_expanded: 540
search_success: 1
search_time: 0.13349371077492833
n_tsp_call: 1
n_tsp_time: 0.10911197401583195
n_roots: 1
num_conflicts: 2
target_assignment: {86: 1, 42: 8, 17: 8, 139: 3, 137: 3}
cluster_target_selection: {3: 86, 0: 42, 1: 17, 4: 139, 2: 137}
num_nodes_transformed_graph: 33
agent_paths:({0: [(13, 2), (14, 2), (15, 2), (15, 3), (15, 4), (15, 5), (15, 6), (15, 7), (15, 8), (15, 9), (15, 10), (15, 11), (15, 12), (15, 13), (15, 13)], 1: [(1, 4), (2, 4), (3, 4), (4, 4), (5, 4), (6, 4), (6, 5), (7, 5), (8, 5), (9, 5), (10, 5), (11, 5), (12, 5), (13, 5), (14, 5), (15, 5), (15, 6), (15, 7), (15, 8), (15, 8)], 2: [(13, 5), (12, 5), (12, 6), (12, 6)], 3: [(4, 12), (4, 11), (4, 10), (4, 9), (4, 8), (5, 8), (6, 8), (7, 8), (8, 8), (9, 8), (10, 8), (11, 8), (10, 8), (9, 8), (8, 8), (7, 8), (7, 7), (7, 6), (7, 5), (7, 4), (7, 3), (7, 2), (7, 1), (7, 1)], 4: [(15, 0), (14, 0), (13, 0), (13, 1), (13, 2), (13, 3), (13, 4), (13, 5), (13, 6), (13, 7), (12, 7), (12, 8), (12, 9), (12, 10), (12, 10)], 5: [(2, 4), (2, 3), (3, 3), (4, 3), (5, 3), (6, 3), (7, 3), (7, 2), (8, 2), (9, 2), (10, 2), (11, 2), (11, 2)], 6: [(2, 11), (2, 10), (3, 10), (4, 10), (4, 10)], 7: [(5, 15), (5, 14), (5, 13), (5, 12), (5, 11), (5, 10), (5, 9), (5, 8), (5, 7), (5, 6), (5, 5), (5, 4), (5, 3), (6, 3), (7, 3), (8, 3), (9, 3), (10, 3), (11, 3), (11, 3)], 8: [(12, 2), (11, 2), (10, 2), (9, 2), (8, 2), (7, 2), (6, 2), (5, 2), (4, 2), (3, 2), (2, 2), (1, 2), (1, 1), (0, 1), (0, 2), (0, 3), (0, 4), (0, 5), (0, 6), (0, 7), (0, 8), (0, 9), (0, 10), (0, 11), (0, 12), (0, 12)], 9: [(10, 9), (11, 9), (11, 10), (11, 11), (11, 12), (11, 13), (11, 13)]}, 24)