

CBSS-C STATS
starts:[113, 210, 38, 74, 141]
targets:[35, 206, 156, 248, 109, 214, 41, 32, 102, 192]
dests:[148, 140, 216, 5, 85]
ac_dict:{35: {0, 1}, 206: {1, 2}, 156: {2, 3}, 248: {3, 4}, 148: {0}, 140: {1}, 216: {2}, 5: {3}, 85: {4}}
clusters:[2 1 4 3 2 2 4 4 0 0]

round: 1
best_g_value: 71.0
open_list_size: 0
num_low_level_expanded: 189
search_success: 1
search_time: 0.21390363201498985
n_tsp_call: 1
n_tsp_time: 0.20221907272934914
n_roots: 1
num_conflicts: 0
target_assignment: {248: 4, 102: 4, 214: 1, 206: 1, 41: 3}
cluster_target_selection: {3: 248, 0: 102, 2: 214, 1: 206, 4: 41}
num_nodes_transformed_graph: 48
agent_paths:({0: [(1, 7), (2, 7), (3, 7), (4, 7), (4, 8), (4, 9), (4, 9)], 1: [(2, 13), (3, 13), (4, 13), (5, 13), (6, 13), (6, 12), (7, 12), (8, 12), (9, 12), (10, 12), (11, 12), (12, 12), (13, 12), (14, 12), (13, 12), (12, 12), (12, 11), (12, 10), (12, 9), (12, 8), (12, 8)], 2: [(6, 2), (7, 2), (8, 2), (8, 3), (8, 4), (8, 5), (8, 6), (8, 7), (8, 8), (8, 9), (8, 10), (8, 11), (8, 12), (8, 13), (8, 13)], 3: [(10, 4), (9, 4), (9, 3), (9, 2), (8, 2), (7, 2), (6, 2), (5, 2), (5, 1), (5, 0), (5, 0)], 4: [(13, 8), (12, 8), (11, 8), (10, 8), (9, 8), (8, 8), (8, 9), (8, 10), (8, 11), (8, 12), (8, 13), (8, 14), (8, 15), (7, 15), (6, 15), (6, 14), (6, 13), (6, 12), (6, 11), (6, 10), (6, 9), (6, 8), (6, 7), (6, 6), (5, 6), (5, 5), (5, 5)]}, 25)