

CBSS-C STATS
starts:[5, 54, 36, 51, 84]
targets:[21, 215, 20, 170, 162, 66, 30, 168, 89, 189, 174, 68, 0, 143, 7, 216, 237, 85, 212, 92]
dests:[130, 244, 211, 250, 184]
ac_dict:{21: {0, 1}, 215: {1, 2}, 20: {2, 3}, 170: {3, 4}, 130: {0}, 244: {1}, 211: {2}, 250: {3}, 184: {4}}
clusters:[2 8 1 5 7 2 0 0 7 7 6 0 7 6 4 3 9 3 5 1]

round: 274
best_g_value: 82.0
open_list_size: 265
num_low_level_expanded: 15520
search_success: 1
search_time: 3.704635303001851
n_tsp_call: 14
n_tsp_time: 2.817678618710488
n_roots: 1
num_conflicts: 273
target_assignment: {7: 0, 21: 0, 215: 1, 68: 3, 85: 3, 92: 3, 174: 3, 189: 3, 237: 3, 212: 2}
cluster_target_selection: {4: 7, 2: 21, 8: 215, 0: 68, 3: 85, 1: 92, 6: 174, 7: 189, 9: 237, 5: 212}
num_nodes_transformed_graph: 52
agent_paths:({0: [(5, 0), (6, 0), (7, 0), (6, 0), (5, 0), (5, 1), (4, 1), (3, 1), (2, 1), (2, 2), (2, 3), (2, 4), (2, 5), (2, 6), (2, 7), (2, 8), (2, 8)], 1: [(6, 3), (7, 3), (7, 4), (7, 4), (7, 5), (7, 6), (7, 7), (7, 8), (7, 9), (7, 10), (7, 11), (7, 12), (7, 13), (6, 13), (5, 13), (4, 13), (4, 14), (4, 15), (4, 15)], 2: [(4, 2), (4, 2), (4, 3), (4, 4), (4, 5), (4, 6), (4, 7), (4, 8), (4, 9), (4, 10), (4, 11), (4, 12), (4, 13), (3, 13), (3, 13)], 3: [(3, 3), (4, 3), (4, 4), (5, 4), (5, 5), (6, 5), (7, 5), (8, 5), (9, 5), (10, 5), (11, 5), (12, 5), (13, 5), (14, 5), (14, 6), (14, 7), (14, 8), (14, 9), (14, 10), (13, 10), (13, 11), (13, 12), (13, 13), (13, 14), (12, 14), (11, 14), (10, 14), (10, 15), (10, 15)], 4: [(4, 5), (5, 5), (6, 5), (7, 5), (8, 5), (8, 6), (8, 7), (8, 8), (8, 9), (8, 10), (8, 11), (8, 11)]}, 27)