

CBSS-C STATS
starts:[173, 153, 237, 99, 229, 157, 150, 166, 227, 36]
targets:[53, 58, 185, 98, 127, 55, 68, 64, 148, 48]
dests:[28, 125, 187, 108, 254, 29, 223, 51, 130, 149]
ac_dict:{53: {0, 1}, 58: {1, 2}, 185: {2, 3}, 98: {3, 4}, 127: {4, 5}, 55: {5, 6}, 68: {6, 7}, 64: {8, 7}, 148: {8, 9}, 28: {0}, 125: {1}, 187: {2}, 108: {3}, 254: {4}, 29: {5}, 223: {6}, 51: {7}, 130: {8}, 149: {9}}
clusters:[3 4 1 1 4 4 2 4 4 0]

round: 5
best_g_value: 110.0
open_list_size: 4
num_low_level_expanded: 547
search_success: 1
search_time: 0.13988002808764577
n_tsp_call: 1
n_tsp_time: 0.11262650182470679
n_roots: 1
num_conflicts: 4
target_assignment: {53: 1, 58: 1, 68: 7, 48: 7, 98: 3}
cluster_target_selection: {3: 53, 4: 58, 2: 68, 0: 48, 1: 98}
num_nodes_transformed_graph: 32
agent_paths:({0: [(13, 10), (12, 10), (12, 9), (12, 8), (12, 7), (12, 6), (12, 5), (12, 4), (12, 3), (12, 2), (12, 1), (12, 1)], 1: [(9, 9), (9, 8), (8, 8), (7, 8), (6, 8), (6, 7), (6, 6), (5, 6), (5, 5), (5, 4), (5, 3), (6, 3), (7, 3), (8, 3), (9, 3), (10, 3), (11, 3), (12, 3), (13, 3), (13, 4), (13, 5), (13, 6), (13, 7), (13, 7)], 2: [(13, 14), (12, 14), (11, 14), (11, 13), (11, 12), (11, 11), (11, 11)], 3: [(3, 6), (2, 6), (3, 6), (4, 6), (5, 6), (6, 6), (7, 6), (8, 6), (9, 6), (10, 6), (11, 6), (12, 6), (12, 6)], 4: [(5, 14), (6, 14), (7, 14), (8, 14), (9, 14), (10, 14), (11, 14), (12, 14), (13, 14), (14, 14), (14, 15), (14, 15)], 5: [(13, 9), (13, 8), (13, 7), (13, 6), (13, 5), (13, 4), (13, 3), (13, 2), (13, 1), (13, 1)], 6: [(6, 9), (7, 9), (8, 9), (9, 9), (10, 9), (11, 9), (12, 9), (13, 9), (14, 9), (15, 9), (15, 10), (15, 11), (15, 12), (15, 13), (15, 13)], 7: [(6, 10), (5, 10), (4, 10), (4, 9), (4, 8), (4, 7), (4, 6), (4, 5), (4, 4), (3, 4), (2, 4), (1, 4), (0, 4), (0, 3), (1, 3), (2, 3), (3, 3), (3, 3)], 8: [(3, 14), (2, 14), (2, 13), (2, 12), (2, 11), (2, 10), (2, 9), (2, 8), (2, 8)], 9: [(4, 2), (5, 2), (5, 3), (5, 4), (5, 5), (5, 6), (5, 7), (5, 8), (5, 9), (5, 9)]}, 22)