

CBSS-C STATS
starts:[227, 26, 7, 247, 67]
targets:[203, 64, 165, 107, 4, 13, 105, 12, 133, 223, 134, 78, 232, 91, 30, 240, 162, 70, 168, 146]
dests:[182, 44, 120, 20, 157]
ac_dict:{203: {0, 1}, 64: {1, 2}, 165: {2, 3}, 107: {3, 4}, 182: {0}, 44: {1}, 120: {2}, 20: {3}, 157: {4}}
clusters:[3 3 1 1 3 9 1 6 4 1 1 2 3 8 3 5 1 0 7 7]

round: 7
best_g_value: 70.0
open_list_size: 6
num_low_level_expanded: 413
search_success: 1
search_time: 3.040370570961386
n_tsp_call: 15
n_tsp_time: 2.9318790300749242
n_roots: 1
num_conflicts: 6
target_assignment: {240: 0, 12: 1, 13: 1, 30: 1, 78: 1, 168: 3, 133: 3, 70: 4, 91: 4, 107: 4}
cluster_target_selection: {5: 240, 6: 12, 9: 13, 3: 30, 2: 78, 7: 168, 4: 133, 0: 70, 8: 91, 1: 107}
num_nodes_transformed_graph: 50
agent_paths:({0: [(3, 14), (2, 14), (1, 14), (0, 14), (0, 15), (0, 14), (0, 13), (0, 12), (0, 11), (1, 11), (2, 11), (3, 11), (4, 11), (5, 11), (6, 11), (6, 11)], 1: [(10, 1), (10, 0), (11, 0), (12, 0), (13, 0), (14, 0), (14, 1), (14, 2), (14, 3), (14, 4), (13, 4), (12, 4), (12, 3), (12, 2), (12, 2)], 2: [(7, 0), (8, 0), (8, 1), (8, 2), (8, 3), (8, 3), (8, 4), (8, 5), (8, 6), (8, 7), (8, 7)], 3: [(7, 15), (7, 14), (7, 13), (7, 12), (7, 11), (7, 10), (8, 10), (7, 10), (6, 10), (5, 10), (5, 9), (5, 8), (4, 8), (4, 7), (4, 6), (4, 5), (4, 4), (4, 3), (4, 2), (4, 1), (4, 1)], 4: [(3, 4), (4, 4), (5, 4), (6, 4), (7, 4), (8, 4), (9, 4), (10, 4), (11, 4), (11, 5), (11, 6), (12, 6), (13, 6), (13, 7), (13, 8), (13, 9), (13, 9)]}, 19)