

CBSS-C STATS
starts:[237, 61, 66, 136, 60]
targets:[50, 241, 210, 154, 97, 34, 73, 84, 157, 248]
dests:[11, 177, 43, 176, 180]
ac_dict:{50: {0, 1}, 241: {1, 2}, 210: {2, 3}, 154: {3, 4}, 11: {0}, 177: {1}, 43: {2}, 176: {3}, 180: {4}}
clusters:[1 0 1 1 0 0 1 1 1 0]

round: 2
best_g_value: 74.0
open_list_size: 1
num_low_level_expanded: 312
search_success: 1
search_time: 0.08208259893581271
n_tsp_call: 1
n_tsp_time: 0.06931447563692927
n_roots: 1
num_conflicts: 1
target_assignment: {73: 2, 97: 1}
cluster_target_selection: {1: 73, 0: 97}
num_nodes_transformed_graph: 28
agent_paths:({0: [(13, 14), (12, 14), (12, 13), (12, 12), (12, 11), (12, 10), (12, 9), (12, 8), (12, 7), (12, 6), (12, 5), (12, 4), (12, 3), (12, 2), (12, 1), (11, 1), (11, 0), (11, 0)], 1: [(13, 3), (12, 3), (11, 3), (10, 3), (9, 3), (8, 3), (7, 3), (6, 3), (5, 3), (4, 3), (3, 3), (2, 3), (1, 3), (1, 4), (1, 5), (1, 6), (1, 7), (1, 8), (1, 9), (1, 10), (1, 11), (1, 11)], 2: [(2, 4), (3, 4), (4, 4), (5, 4), (6, 4), (7, 4), (8, 4), (9, 4), (9, 3), (9, 2), (10, 2), (11, 2), (11, 2)], 3: [(8, 8), (7, 8), (6, 8), (5, 8), (4, 8), (3, 8), (2, 8), (1, 8), (0, 8), (0, 9), (0, 10), (0, 11), (0, 11)], 4: [(12, 3), (11, 3), (10, 3), (9, 3), (8, 3), (7, 3), (6, 3), (5, 3), (4, 3), (4, 4), (4, 5), (4, 6), (4, 7), (4, 8), (4, 9), (4, 10), (4, 11), (4, 11)]}, 20)