

CBSS-C STATS
starts:[131, 174, 39, 121, 224]
targets:[190, 0, 201, 228, 113, 230, 243, 31, 90, 199, 214, 23, 122, 254, 107, 15, 223, 21, 189, 198]
dests:[162, 237, 132, 153, 53]
ac_dict:{190: {0, 1}, 0: {1, 2}, 201: {2, 3}, 228: {3, 4}, 162: {0}, 237: {1}, 132: {2}, 153: {3}, 53: {4}}
clusters:[7 7 8 4 3 9 2 5 0 8 7 8 5 2 4 3 1 6 9 9]

round: 1
best_g_value: 51.0
open_list_size: 0
num_low_level_expanded: 110
search_success: 1
search_time: 2.0854848278686404
n_tsp_call: 1
n_tsp_time: 2.066309885121882
n_roots: 1
num_conflicts: 0
target_assignment: {107: 3, 90: 3, 122: 3, 23: 2, 21: 2, 190: 1, 189: 1, 223: 1, 254: 1, 113: 4}
cluster_target_selection: {4: 107, 0: 90, 5: 122, 8: 23, 6: 21, 7: 190, 9: 189, 1: 223, 2: 254, 3: 113}
num_nodes_transformed_graph: 98
agent_paths:({0: [(3, 8), (2, 8), (2, 9), (2, 10), (2, 10)], 1: [(14, 10), (14, 11), (13, 11), (14, 11), (15, 11), (15, 12), (15, 13), (14, 13), (14, 14), (14, 15), (13, 15), (13, 14), (13, 14)], 2: [(7, 2), (7, 1), (6, 1), (5, 1), (4, 1), (4, 2), (4, 3), (4, 4), (4, 5), (4, 6), (4, 7), (4, 8), (4, 8)], 3: [(9, 7), (9, 6), (10, 6), (11, 6), (10, 6), (10, 5), (10, 6), (10, 7), (9, 7), (9, 8), (9, 9), (9, 9)], 4: [(0, 14), (0, 13), (0, 12), (0, 11), (0, 10), (0, 9), (0, 8), (0, 7), (1, 7), (1, 6), (1, 5), (1, 4), (1, 3), (2, 3), (3, 3), (4, 3), (5, 3), (5, 3)]}, 16)