

CBSS-C STATS
starts:[61, 198, 188, 236, 90, 171, 129, 182, 71, 66]
targets:[139, 87, 60, 73, 53, 207, 41, 68, 75, 166, 115, 29, 13, 144, 6]
dests:[177, 74, 102, 244, 183, 48, 9, 2, 185, 43]
ac_dict:{139: {0, 1}, 87: {1, 2}, 60: {2, 3}, 73: {3, 4}, 53: {4, 5}, 207: {5, 6}, 41: {6, 7}, 68: {8, 7}, 75: {8, 9}, 177: {0}, 74: {1}, 102: {2}, 244: {3}, 183: {4}, 48: {5}, 9: {6}, 2: {7}, 185: {8}, 43: {9}}
clusters:[8 0 7 6 5 3 9 4 2 6 8 8 1 1 3]

round: 1
best_g_value: 142.0
open_list_size: 0
num_low_level_expanded: 372
search_success: 1
search_time: 0.40888892905786633
n_tsp_call: 1
n_tsp_time: 0.3876476329751313
n_roots: 1
num_conflicts: 0
target_assignment: {139: 0, 144: 0, 166: 1, 53: 5, 68: 7, 6: 7, 75: 9, 41: 6, 60: 2, 87: 2}
cluster_target_selection: {8: 139, 1: 144, 6: 166, 5: 53, 4: 68, 3: 6, 2: 75, 9: 41, 7: 60, 0: 87}
num_nodes_transformed_graph: 58
agent_paths:({0: [(13, 3), (12, 3), (11, 3), (11, 4), (11, 5), (11, 6), (11, 7), (11, 8), (10, 8), (9, 8), (8, 8), (7, 8), (6, 8), (5, 8), (4, 8), (3, 8), (2, 8), (1, 8), (0, 8), (0, 9), (1, 9), (1, 10), (1, 11), (1, 11)], 1: [(6, 12), (6, 11), (6, 10), (6, 9), (6, 8), (6, 7), (6, 6), (6, 5), (6, 4), (7, 4), (8, 4), (9, 4), (10, 4), (10, 4)], 2: [(12, 11), (12, 10), (12, 9), (12, 8), (12, 7), (12, 6), (12, 5), (12, 4), (12, 3), (11, 3), (10, 3), (9, 3), (8, 3), (7, 3), (7, 4), (7, 5), (6, 5), (6, 6), (6, 6)], 3: [(12, 14), (11, 14), (10, 14), (9, 14), (8, 14), (7, 14), (6, 14), (5, 14), (4, 14), (4, 15), (4, 15)], 4: [(10, 5), (9, 5), (8, 5), (7, 5), (7, 6), (7, 7), (7, 8), (7, 9), (7, 10), (7, 11), (7, 11)], 5: [(11, 10), (10, 10), (9, 10), (8, 10), (7, 10), (6, 10), (5, 10), (5, 9), (5, 8), (5, 7), (5, 6), (5, 5), (5, 4), (5, 3), (4, 3), (3, 3), (2, 3), (1, 3), (0, 3), (0, 3)], 6: [(1, 8), (1, 7), (1, 6), (1, 5), (1, 4), (1, 3), (1, 2), (2, 2), (3, 2), (4, 2), (5, 2), (6, 2), (7, 2), (8, 2), (9, 2), (9, 1), (9, 0), (9, 0)], 7: [(6, 11), (5, 11), (4, 11), (4, 10), (4, 9), (4, 8), (4, 7), (4, 6), (4, 5), (4, 4), (4, 3), (4, 2), (4, 1), (4, 0), (5, 0), (6, 0), (5, 0), (4, 0), (3, 0), (2, 0), (2, 0)], 8: [(7, 4), (8, 4), (9, 4), (9, 5), (9, 6), (9, 7), (9, 8), (9, 9), (9, 10), (9, 11), (9, 11)], 9: [(2, 4), (3, 4), (4, 4), (5, 4), (6, 4), (7, 4), (8, 4), (9, 4), (10, 4), (11, 4), (11, 3), (11, 2), (11, 2)]}, 22)