

CBSS-C STATS
starts:[68, 76, 216, 78, 97, 55, 47, 137, 245, 178]
targets:[200, 198, 64, 182, 31, 45, 69, 202, 126, 127, 153, 159, 44, 249, 53]
dests:[191, 134, 16, 193, 112, 33, 220, 138, 59, 164]
ac_dict:{200: {0, 1}, 198: {1, 2}, 64: {2, 3}, 182: {3, 4}, 31: {4, 5}, 45: {5, 6}, 69: {6, 7}, 202: {8, 7}, 126: {8, 9}, 191: {0}, 134: {1}, 16: {2}, 193: {3}, 112: {4}, 33: {5}, 220: {6}, 138: {7}, 59: {8}, 164: {9}}
clusters:[6 1 6 3 5 6 2 9 5 4 5 8 0 9 7]

round: 17
best_g_value: 128.0
open_list_size: 14
num_low_level_expanded: 2107
search_success: 1
search_time: 1.5375599288381636
n_tsp_call: 1
n_tsp_time: 1.4564478476531804
n_roots: 1
num_conflicts: 16
target_assignment: {127: 0, 159: 0, 153: 3, 182: 3, 198: 2, 202: 8, 45: 6, 44: 6, 53: 6, 69: 6}
cluster_target_selection: {4: 127, 8: 159, 5: 153, 3: 182, 1: 198, 9: 202, 6: 45, 0: 44, 7: 53, 2: 69}
num_nodes_transformed_graph: 98
agent_paths:({0: [(4, 4), (5, 4), (6, 4), (7, 4), (7, 5), (8, 5), (9, 5), (10, 5), (11, 5), (12, 5), (13, 5), (14, 5), (15, 5), (15, 6), (15, 7), (15, 8), (15, 9), (15, 10), (15, 11), (15, 11)], 1: [(12, 4), (11, 4), (10, 4), (9, 4), (8, 4), (7, 4), (6, 4), (6, 5), (6, 6), (6, 7), (6, 8), (6, 8)], 2: [(8, 13), (7, 13), (6, 13), (6, 12), (5, 12), (4, 12), (3, 12), (2, 12), (1, 12), (1, 11), (1, 10), (1, 9), (1, 8), (1, 7), (1, 6), (0, 6), (0, 5), (0, 4), (0, 3), (0, 2), (0, 1), (0, 1)], 3: [(14, 4), (13, 4), (12, 4), (11, 4), (10, 4), (10, 5), (10, 6), (9, 6), (9, 7), (9, 8), (9, 9), (8, 9), (7, 9), (6, 9), (6, 10), (6, 11), (5, 11), (4, 11), (3, 11), (2, 11), (1, 11), (1, 12), (1, 12)], 4: [(1, 6), (0, 6), (0, 7), (0, 7)], 5: [(7, 3), (6, 3), (5, 3), (4, 3), (3, 3), (2, 3), (1, 3), (1, 2), (1, 2)], 6: [(15, 2), (14, 2), (13, 2), (12, 2), (11, 2), (10, 2), (9, 2), (8, 2), (7, 2), (6, 2), (5, 2), (5, 3), (5, 4), (6, 4), (7, 4), (8, 4), (9, 4), (10, 4), (11, 4), (12, 4), (12, 5), (12, 6), (12, 7), (12, 8), (12, 9), (12, 10), (12, 11), (12, 12), (12, 13), (12, 13)], 7: [(9, 8), (10, 8), (10, 8)], 8: [(5, 15), (5, 14), (5, 13), (6, 13), (6, 12), (7, 12), (8, 12), (9, 12), (10, 12), (10, 11), (10, 10), (10, 9), (11, 9), (11, 8), (11, 7), (11, 6), (11, 5), (11, 4), (11, 3), (11, 3)], 9: [(2, 11), (2, 10), (3, 10), (4, 10), (4, 10)]}, 28)