

CBSS-C STATS
starts:[111, 251, 155, 184, 138]
targets:[46, 141, 212, 25, 27, 30, 181, 135, 115, 219]
dests:[234, 104, 65, 37, 32]
ac_dict:{46: {0, 1}, 141: {1, 2}, 212: {2, 3}, 25: {3, 4}, 234: {0}, 104: {1}, 65: {2}, 37: {3}, 32: {4}}
clusters:[1 0 0 0 0 0 0 0 0 0]

round: 1
best_g_value: 76.0
open_list_size: 0
num_low_level_expanded: 277
search_success: 1
search_time: 0.04979424737393856
n_tsp_call: 1
n_tsp_time: 0.03785285307094455
n_roots: 1
num_conflicts: 0
target_assignment: {46: 0, 135: 2}
cluster_target_selection: {1: 46, 0: 135}
num_nodes_transformed_graph: 26
agent_paths:({0: [(15, 6), (14, 6), (14, 5), (14, 4), (14, 3), (14, 2), (13, 2), (12, 2), (11, 2), (10, 2), (10, 3), (10, 4), (10, 5), (10, 6), (10, 7), (10, 8), (10, 9), (10, 10), (10, 11), (10, 12), (10, 13), (10, 14), (10, 14)], 1: [(11, 15), (10, 15), (9, 15), (8, 15), (8, 14), (8, 13), (8, 12), (8, 11), (8, 10), (8, 9), (8, 8), (8, 7), (8, 6), (8, 6)], 2: [(11, 9), (10, 9), (9, 9), (8, 9), (7, 9), (7, 8), (6, 8), (5, 8), (4, 8), (3, 8), (2, 8), (1, 8), (1, 7), (1, 6), (1, 5), (1, 4), (1, 4)], 3: [(8, 11), (7, 11), (6, 11), (5, 11), (5, 10), (5, 9), (5, 8), (5, 7), (5, 6), (5, 5), (5, 4), (5, 3), (5, 2), (5, 2)], 4: [(10, 8), (9, 8), (8, 8), (7, 8), (6, 8), (5, 8), (4, 8), (3, 8), (2, 8), (1, 8), (0, 8), (0, 7), (0, 6), (0, 5), (0, 4), (0, 3), (0, 2), (0, 2)]}, 21)