

CBSS-C STATS
starts:[27, 184, 253, 223, 122]
targets:[228, 82, 67, 24, 154, 136, 33, 168, 121, 233, 127, 75, 92, 60, 101, 133, 246, 214, 61, 49]
dests:[237, 243, 93, 62, 113]
ac_dict:{228: {0, 1}, 82: {1, 2}, 67: {2, 3}, 24: {3, 4}, 237: {0}, 243: {1}, 93: {2}, 62: {3}, 113: {4}}
clusters:[3 3 3 9 6 7 1 9 5 2 4 9 9 9 6 1 0 8 9 1]

round: 1
best_g_value: 62.0
open_list_size: 0
num_low_level_expanded: 103
search_success: 1
search_time: 0.15621622698381543
n_tsp_call: 1
n_tsp_time: 0.14492506394162774
n_roots: 1
num_conflicts: 0
target_assignment: {75: 0, 154: 0, 233: 0, 121: 4, 136: 4, 133: 4, 214: 1, 246: 1, 228: 1, 127: 3}
cluster_target_selection: {9: 75, 6: 154, 2: 233, 5: 121, 7: 136, 1: 133, 8: 214, 0: 246, 3: 228, 4: 127}
num_nodes_transformed_graph: 50
agent_paths:({0: [(11, 1), (11, 2), (11, 3), (11, 4), (10, 4), (10, 5), (10, 6), (10, 7), (10, 8), (10, 9), (9, 9), (9, 10), (9, 11), (9, 12), (9, 13), (9, 14), (10, 14), (11, 14), (12, 14), (13, 14), (13, 14)], 1: [(8, 11), (7, 11), (6, 11), (6, 12), (6, 13), (6, 14), (6, 15), (5, 15), (4, 15), (4, 14), (3, 14), (3, 15), (3, 15)], 2: [(13, 15), (13, 14), (13, 13), (13, 12), (13, 11), (13, 10), (13, 9), (13, 8), (13, 7), (13, 6), (13, 5), (13, 5)], 3: [(15, 13), (15, 12), (15, 11), (15, 10), (15, 9), (15, 8), (15, 7), (14, 7), (14, 6), (14, 5), (14, 4), (14, 3), (14, 3)], 4: [(10, 7), (9, 7), (8, 7), (8, 8), (7, 8), (6, 8), (5, 8), (4, 8), (3, 8), (2, 8), (1, 8), (1, 7), (1, 7)]}, 19)