

CBSS-C STATS
starts:[40, 29, 28, 27, 96, 87, 16, 91, 219, 208]
targets:[218, 137, 49, 43, 1, 33, 228, 107, 150, 217]
dests:[64, 192, 48, 86, 41, 212, 23, 199, 214, 143]
ac_dict:{218: {0, 1}, 137: {1, 2}, 49: {2, 3}, 43: {3, 4}, 1: {4, 5}, 33: {5, 6}, 228: {6, 7}, 107: {8, 7}, 150: {8, 9}, 64: {0}, 192: {1}, 48: {2}, 86: {3}, 41: {4}, 212: {5}, 23: {6}, 199: {7}, 214: {8}, 143: {9}}
clusters:[1 0 2 4 3 3 4 0 4 0]

round: 59
best_g_value: 130.0
open_list_size: 58
num_low_level_expanded: 12670
search_success: 1
search_time: 2.0961326216347516
n_tsp_call: 12
n_tsp_time: 1.3006782345473766
n_roots: 1
num_conflicts: 58
target_assignment: {218: 1, 217: 8, 150: 9, 33: 6, 49: 2}
cluster_target_selection: {1: 218, 0: 217, 4: 150, 3: 33, 2: 49}
num_nodes_transformed_graph: 34
agent_paths:({0: [(8, 2), (7, 2), (6, 2), (5, 2), (4, 2), (3, 2), (3, 3), (2, 3), (1, 3), (0, 3), (0, 4), (0, 4)], 1: [(13, 1), (12, 1), (11, 1), (10, 1), (10, 2), (10, 3), (10, 4), (10, 5), (10, 6), (10, 7), (10, 8), (10, 9), (10, 10), (10, 11), (10, 12), (10, 13), (9, 13), (8, 13), (7, 13), (7, 14), (6, 14), (5, 14), (4, 14), (3, 14), (2, 14), (1, 14), (0, 14), (0, 13), (0, 12), (0, 12)], 2: [(12, 1), (11, 1), (10, 1), (9, 1), (8, 1), (7, 1), (6, 1), (6, 2), (6, 3), (5, 3), (4, 3), (3, 3), (2, 3), (1, 3), (0, 3), (0, 3)], 3: [(11, 1), (10, 1), (9, 1), (8, 1), (7, 1), (6, 1), (6, 2), (6, 3), (6, 4), (6, 5), (6, 5)], 4: [(0, 6), (0, 5), (0, 4), (0, 3), (0, 2), (1, 2), (2, 2), (3, 2), (4, 2), (5, 2), (6, 2), (7, 2), (8, 2), (9, 2), (9, 2)], 5: [(7, 5), (6, 5), (5, 5), (4, 5), (4, 6), (4, 7), (4, 8), (4, 9), (4, 10), (4, 11), (4, 12), (4, 13), (4, 13)], 6: [(0, 1), (1, 1), (1, 2), (1, 1), (2, 1), (3, 1), (4, 1), (5, 1), (6, 1), (7, 1), (7, 1)], 7: [(11, 5), (10, 5), (9, 5), (8, 5), (7, 5), (7, 6), (7, 7), (7, 8), (7, 9), (7, 10), (7, 11), (7, 12), (7, 12)], 8: [(11, 13), (10, 13), (9, 13), (8, 13), (7, 13), (6, 13), (6, 13)], 9: [(0, 13), (0, 12), (0, 11), (0, 10), (0, 9), (1, 9), (2, 9), (3, 9), (4, 9), (5, 9), (6, 9), (6, 8), (7, 8), (8, 8), (9, 8), (10, 8), (11, 8), (12, 8), (13, 8), (14, 8), (15, 8), (15, 8)]}, 28)