

CBSS-C STATS
starts:[18, 222, 149, 207, 220]
targets:[77, 217, 205, 30, 37, 70, 62, 80, 139, 175]
dests:[49, 97, 137, 157, 51]
ac_dict:{77: {0, 1}, 217: {1, 2}, 205: {2, 3}, 30: {3, 4}, 49: {0}, 97: {1}, 137: {2}, 157: {3}, 51: {4}}
clusters:[1 4 3 0 2 3 4 1 1 4]

round: 1
best_g_value: 62.0
open_list_size: 0
num_low_level_expanded: 171
search_success: 1
search_time: 0.05854271911084652
n_tsp_call: 1
n_tsp_time: 0.049888788256794214
n_roots: 1
num_conflicts: 0
target_assignment: {139: 4, 30: 4, 37: 4, 205: 3, 217: 1}
cluster_target_selection: {1: 139, 0: 30, 2: 37, 3: 205, 4: 217}
num_nodes_transformed_graph: 25
agent_paths:({0: [(2, 1), (1, 1), (1, 2), (1, 3), (1, 3)], 1: [(14, 13), (13, 13), (12, 13), (11, 13), (10, 13), (9, 13), (8, 13), (7, 13), (6, 13), (5, 13), (4, 13), (3, 13), (2, 13), (1, 13), (1, 12), (1, 11), (1, 10), (1, 9), (1, 8), (1, 7), (1, 6), (1, 6)], 2: [(5, 9), (5, 8), (6, 8), (7, 8), (8, 8), (9, 8), (9, 8)], 3: [(15, 12), (14, 12), (13, 12), (13, 11), (13, 10), (13, 9), (13, 9)], 4: [(12, 13), (11, 13), (11, 12), (11, 11), (11, 10), (11, 9), (11, 8), (11, 7), (11, 6), (11, 5), (11, 4), (11, 3), (11, 2), (11, 1), (12, 1), (13, 1), (14, 1), (13, 1), (12, 1), (11, 1), (10, 1), (9, 1), (8, 1), (7, 1), (6, 1), (5, 1), (5, 2), (4, 2), (3, 2), (3, 3), (3, 3)]}, 29)