

CBSS-C STATS
starts:[75, 77, 220, 36, 129]
targets:[170, 234, 115, 80, 109, 1, 9, 212, 42, 202]
dests:[25, 243, 51, 252, 233]
ac_dict:{170: {0, 1}, 234: {1, 2}, 115: {2, 3}, 80: {3, 4}, 25: {0}, 243: {1}, 51: {2}, 252: {3}, 233: {4}}
clusters:[2 3 3 2 2 4 1 2 3 0]

round: 3
best_g_value: 92.0
open_list_size: 2
num_low_level_expanded: 683
search_success: 1
search_time: 0.11957658128812909
n_tsp_call: 1
n_tsp_time: 0.09708529990166426
n_roots: 1
num_conflicts: 2
target_assignment: {42: 0, 9: 0, 109: 1, 202: 1, 1: 3}
cluster_target_selection: {3: 42, 1: 9, 2: 109, 0: 202, 4: 1}
num_nodes_transformed_graph: 29
agent_paths:({0: [(11, 4), (10, 4), (10, 3), (10, 2), (9, 2), (9, 1), (9, 0), (9, 1), (9, 1)], 1: [(13, 4), (13, 5), (13, 6), (12, 6), (11, 6), (10, 6), (10, 7), (10, 8), (10, 9), (10, 10), (10, 11), (10, 12), (9, 12), (8, 12), (7, 12), (6, 12), (5, 12), (4, 12), (3, 12), (3, 13), (3, 14), (3, 15), (3, 15)], 2: [(12, 13), (11, 13), (10, 13), (9, 13), (8, 13), (7, 13), (6, 13), (5, 13), (4, 13), (3, 13), (3, 12), (3, 11), (3, 10), (3, 9), (3, 8), (3, 7), (3, 6), (3, 5), (3, 4), (3, 3), (3, 3)], 3: [(4, 2), (3, 2), (2, 2), (1, 2), (1, 1), (1, 0), (2, 0), (3, 0), (4, 0), (5, 0), (6, 0), (7, 0), (8, 0), (9, 0), (10, 0), (11, 0), (12, 0), (12, 1), (12, 2), (12, 3), (12, 4), (12, 5), (12, 6), (12, 7), (12, 8), (12, 9), (12, 10), (12, 11), (12, 12), (12, 13), (12, 14), (12, 15), (12, 15)], 4: [(1, 8), (2, 8), (3, 8), (4, 8), (5, 8), (6, 8), (7, 8), (8, 8), (8, 9), (8, 10), (8, 11), (8, 12), (8, 13), (9, 13), (9, 14), (9, 14)]}, 31)