

CBSS-C STATS
starts:[176, 178, 169, 146, 213, 215, 231, 60, 25, 182]
targets:[180, 81, 134, 38, 191, 238, 0, 58, 162, 151]
dests:[47, 54, 71, 206, 7, 14, 103, 221, 65, 10]
ac_dict:{180: {0, 1}, 81: {1, 2}, 134: {2, 3}, 38: {3, 4}, 191: {4, 5}, 238: {5, 6}, 0: {6, 7}, 58: {8, 7}, 162: {8, 9}, 47: {0}, 54: {1}, 71: {2}, 206: {3}, 7: {4}, 14: {5}, 103: {6}, 221: {7}, 65: {8}, 10: {9}}
clusters:[1 4 4 3 1 0 2 2 1 3]

round: 40
best_g_value: 147.0
open_list_size: 39
num_low_level_expanded: 3315
search_success: 1
search_time: 1.97752590989694
n_tsp_call: 10
n_tsp_time: 1.1508442307822406
n_roots: 1
num_conflicts: 39
target_assignment: {180: 0, 58: 8, 151: 4, 238: 5, 134: 2}
cluster_target_selection: {1: 180, 2: 58, 3: 151, 0: 238, 4: 134}
num_nodes_transformed_graph: 34
agent_paths:({0: [(0, 11), (1, 11), (2, 11), (3, 11), (4, 11), (4, 10), (4, 9), (4, 8), (4, 7), (4, 6), (4, 5), (4, 4), (4, 3), (4, 2), (5, 2), (6, 2), (7, 2), (8, 2), (9, 2), (10, 2), (11, 2), (12, 2), (13, 2), (14, 2), (15, 2), (15, 2)], 1: [(2, 11), (2, 10), (2, 9), (2, 8), (2, 7), (2, 6), (2, 5), (2, 4), (3, 4), (4, 4), (4, 3), (5, 3), (6, 3), (6, 3)], 2: [(9, 10), (8, 10), (7, 10), (7, 9), (7, 8), (6, 8), (6, 7), (6, 6), (6, 5), (6, 4), (7, 4), (7, 4)], 3: [(2, 9), (3, 9), (4, 9), (5, 9), (6, 9), (6, 10), (7, 10), (8, 10), (9, 10), (10, 10), (11, 10), (12, 10), (13, 10), (14, 10), (14, 11), (14, 12), (14, 12)], 4: [(5, 13), (5, 12), (5, 11), (5, 10), (5, 9), (6, 9), (7, 9), (7, 8), (7, 7), (8, 7), (8, 6), (8, 5), (8, 4), (8, 3), (7, 3), (7, 2), (7, 1), (7, 0), (7, 0)], 5: [(7, 13), (8, 13), (9, 13), (10, 13), (11, 13), (12, 13), (13, 13), (14, 13), (14, 14), (14, 13), (14, 12), (14, 11), (14, 10), (14, 9), (14, 8), (14, 7), (14, 6), (14, 5), (14, 4), (14, 3), (14, 2), (14, 1), (14, 0), (14, 0)], 6: [(7, 14), (7, 13), (7, 12), (7, 11), (7, 10), (7, 9), (7, 8), (7, 7), (7, 6), (7, 6)], 7: [(12, 3), (13, 3), (13, 4), (13, 5), (13, 6), (13, 7), (13, 8), (13, 9), (13, 10), (13, 11), (13, 12), (13, 13), (13, 13)], 8: [(9, 1), (10, 1), (10, 2), (10, 3), (9, 3), (8, 3), (7, 3), (6, 3), (5, 3), (4, 3), (3, 3), (2, 3), (1, 3), (1, 4), (1, 4)], 9: [(6, 11), (6, 10), (6, 9), (6, 8), (6, 7), (6, 6), (6, 5), (6, 4), (6, 3), (6, 2), (6, 1), (6, 0), (7, 0), (8, 0), (9, 0), (10, 0), (10, 0)]}, 24)