

CBSS-C STATS
starts:[4, 89, 38, 253, 183]
targets:[73, 55, 0, 214, 170, 33, 52, 84, 171, 80]
dests:[126, 83, 50, 213, 99]
ac_dict:{73: {0, 1}, 55: {1, 2}, 0: {2, 3}, 214: {3, 4}, 126: {0}, 83: {1}, 50: {2}, 213: {3}, 99: {4}}
clusters:[1 1 0 1 0 0 1 1 0 1]

round: 6
best_g_value: 52.0
open_list_size: 1
num_low_level_expanded: 263
search_success: 1
search_time: 0.3101491457782686
n_tsp_call: 4
n_tsp_time: 0.15631468035280704
n_roots: 1
num_conflicts: 5
target_assignment: {84: 0, 33: 2}
cluster_target_selection: {1: 84, 0: 33}
num_nodes_transformed_graph: 28
agent_paths:({0: [(4, 0), (4, 1), (4, 2), (4, 3), (4, 4), (4, 5), (5, 5), (6, 5), (7, 5), (8, 5), (9, 5), (10, 5), (11, 5), (12, 5), (13, 5), (14, 5), (14, 6), (14, 7), (14, 7)], 1: [(9, 5), (8, 5), (7, 5), (6, 5), (5, 5), (5, 4), (4, 4), (3, 4), (3, 5), (3, 5)], 2: [(6, 2), (5, 2), (5, 2), (4, 2), (3, 2), (2, 2), (1, 2), (2, 2), (2, 3), (2, 3)], 3: [(13, 15), (12, 15), (11, 15), (10, 15), (9, 15), (8, 15), (7, 15), (6, 15), (5, 15), (5, 14), (5, 13), (5, 13)], 4: [(7, 11), (6, 11), (5, 11), (4, 11), (3, 11), (3, 10), (3, 9), (3, 8), (3, 7), (3, 6), (3, 6)]}, 17)