

CBSS-C STATS
starts:[122, 210, 109, 134, 98, 112, 200, 69, 218, 203]
targets:[52, 251, 36, 247, 57, 126, 220, 172, 115, 60]
dests:[71, 3, 213, 64, 153, 206, 19, 248, 93, 79]
ac_dict:{52: {0, 1}, 251: {1, 2}, 36: {2, 3}, 247: {3, 4}, 57: {4, 5}, 126: {5, 6}, 220: {6, 7}, 172: {8, 7}, 115: {8, 9}, 71: {0}, 3: {1}, 213: {2}, 64: {3}, 153: {4}, 206: {5}, 19: {6}, 248: {7}, 93: {8}, 79: {9}}
clusters:[0 0 4 1 1 3 0 0 3 2]

round: 5
best_g_value: 139.0
open_list_size: 4
num_low_level_expanded: 757
search_success: 1
search_time: 0.2684717979282141
n_tsp_call: 1
n_tsp_time: 0.23229042207822204
n_roots: 1
num_conflicts: 4
target_assignment: {60: 9, 126: 5, 57: 4, 172: 8, 36: 3}
cluster_target_selection: {2: 60, 3: 126, 1: 57, 0: 172, 4: 36}
num_nodes_transformed_graph: 48
agent_paths:({0: [(10, 7), (9, 7), (8, 7), (8, 6), (8, 5), (7, 5), (7, 4), (7, 4)], 1: [(2, 13), (2, 12), (2, 11), (2, 10), (2, 9), (2, 8), (2, 7), (2, 6), (2, 5), (2, 4), (2, 3), (2, 2), (2, 1), (2, 0), (3, 0), (3, 0)], 2: [(13, 6), (12, 6), (11, 6), (10, 6), (9, 6), (8, 6), (7, 6), (6, 6), (5, 6), (5, 7), (5, 8), (5, 9), (5, 10), (5, 11), (5, 12), (5, 13), (5, 13)], 3: [(6, 8), (5, 8), (4, 8), (4, 7), (4, 6), (4, 5), (4, 4), (4, 3), (4, 2), (3, 2), (2, 2), (1, 2), (0, 2), (0, 3), (0, 4), (0, 4)], 4: [(2, 6), (2, 5), (2, 4), (2, 3), (3, 3), (4, 3), (5, 3), (6, 3), (7, 3), (8, 3), (9, 3), (9, 4), (9, 5), (9, 6), (9, 7), (9, 8), (9, 9), (9, 9)], 5: [(0, 7), (1, 7), (2, 7), (3, 7), (4, 7), (5, 7), (6, 7), (7, 7), (8, 7), (9, 7), (10, 7), (11, 7), (12, 7), (13, 7), (14, 7), (14, 8), (14, 9), (14, 10), (14, 11), (14, 12), (14, 12)], 6: [(8, 12), (7, 12), (6, 12), (5, 12), (4, 12), (3, 12), (3, 11), (3, 10), (3, 9), (3, 8), (3, 7), (3, 6), (3, 5), (3, 4), (3, 3), (3, 2), (3, 1), (3, 1)], 7: [(5, 4), (6, 4), (7, 4), (7, 5), (7, 6), (7, 7), (8, 7), (8, 8), (8, 9), (8, 10), (8, 11), (8, 12), (8, 13), (8, 14), (8, 15), (8, 15)], 8: [(10, 13), (10, 12), (10, 11), (10, 10), (11, 10), (12, 10), (12, 9), (12, 8), (12, 7), (12, 6), (12, 5), (13, 5), (13, 5)], 9: [(11, 12), (11, 11), (11, 10), (11, 9), (11, 8), (11, 7), (11, 6), (11, 5), (11, 4), (11, 3), (12, 3), (13, 3), (14, 3), (15, 3), (15, 4), (15, 4)]}, 19)