

CBSS-C STATS
starts:[128, 129, 173, 141, 26, 137, 191, 195, 142, 60]
targets:[237, 170, 18, 92, 98, 67, 90, 112, 22, 138, 95, 162, 6, 10, 115]
dests:[149, 180, 206, 205, 217, 8, 131, 50, 252, 146]
ac_dict:{237: {0, 1}, 170: {1, 2}, 18: {2, 3}, 92: {3, 4}, 98: {4, 5}, 67: {5, 6}, 90: {6, 7}, 112: {8, 7}, 22: {8, 9}, 149: {0}, 180: {1}, 206: {2}, 205: {3}, 217: {4}, 8: {5}, 131: {6}, 50: {7}, 252: {8}, 146: {9}}
clusters:[9 8 5 2 7 8 2 9 2 3 1 6 0 4 5]

round: 4
best_g_value: 115.0
open_list_size: 3
num_low_level_expanded: 588
search_success: 1
search_time: 2.5594904478639364
n_tsp_call: 1
n_tsp_time: 2.5264169140718877
n_roots: 1
num_conflicts: 3
target_assignment: {10: 4, 138: 4, 112: 7, 95: 6, 90: 6, 162: 1, 115: 5, 98: 5, 67: 5, 6: 5}
cluster_target_selection: {4: 10, 3: 138, 9: 112, 1: 95, 2: 90, 6: 162, 5: 115, 7: 98, 8: 67, 0: 6}
num_nodes_transformed_graph: 98
agent_paths:({0: [(0, 8), (1, 8), (2, 8), (3, 8), (3, 9), (4, 9), (5, 9), (5, 9)], 1: [(1, 8), (2, 8), (2, 9), (2, 10), (3, 10), (4, 10), (4, 11), (4, 11)], 2: [(13, 10), (14, 10), (14, 11), (14, 12), (14, 12)], 3: [(13, 8), (13, 9), (13, 10), (13, 11), (13, 12), (13, 12)], 4: [(10, 1), (10, 0), (10, 1), (10, 2), (10, 3), (10, 4), (10, 5), (10, 6), (10, 7), (10, 8), (9, 8), (9, 9), (9, 10), (9, 11), (9, 12), (9, 13), (9, 13)], 5: [(9, 8), (8, 8), (7, 8), (6, 8), (5, 8), (4, 8), (3, 8), (3, 7), (2, 7), (2, 6), (2, 5), (3, 5), (3, 4), (3, 3), (3, 2), (3, 1), (3, 0), (4, 0), (5, 0), (6, 0), (7, 0), (8, 0), (8, 0)], 6: [(15, 11), (15, 10), (15, 9), (15, 8), (15, 7), (15, 6), (15, 5), (14, 5), (13, 5), (12, 5), (11, 5), (10, 5), (9, 5), (8, 5), (7, 5), (6, 5), (5, 5), (4, 5), (3, 5), (3, 6), (3, 7), (3, 8), (3, 8)], 7: [(3, 12), (2, 12), (1, 12), (0, 12), (0, 11), (0, 10), (0, 9), (0, 8), (0, 7), (0, 6), (0, 5), (0, 4), (0, 3), (1, 3), (2, 3), (2, 3)], 8: [(14, 8), (13, 8), (12, 8), (12, 9), (12, 10), (12, 11), (12, 12), (12, 13), (12, 14), (12, 15), (12, 15)], 9: [(12, 3), (11, 3), (10, 3), (9, 3), (8, 3), (7, 3), (6, 3), (5, 3), (4, 3), (3, 3), (2, 3), (2, 4), (2, 5), (2, 6), (2, 7), (2, 8), (2, 9), (2, 9)]}, 21)