

CBSS-C STATS
starts:[57, 199, 208, 83, 164, 218, 255, 16, 33, 30]
targets:[176, 228, 36, 10, 238, 64, 41, 70, 74, 213]
dests:[158, 152, 81, 106, 200, 192, 163, 20, 35, 45]
ac_dict:{176: {0, 1}, 228: {1, 2}, 36: {2, 3}, 10: {3, 4}, 238: {4, 5}, 64: {5, 6}, 41: {6, 7}, 70: {8, 7}, 74: {8, 9}, 158: {0}, 152: {1}, 81: {2}, 106: {3}, 200: {4}, 192: {5}, 163: {6}, 20: {7}, 35: {8}, 45: {9}}
clusters:[1 0 2 2 1 3 3 4 4 4]

round: 2
best_g_value: 110.0
open_list_size: 1
num_low_level_expanded: 368
search_success: 1
search_time: 0.14230448100715876
n_tsp_call: 1
n_tsp_time: 0.12420386401936412
n_roots: 1
num_conflicts: 1
target_assignment: {228: 2, 36: 3, 238: 5, 213: 5, 41: 7}
cluster_target_selection: {0: 228, 2: 36, 1: 238, 4: 213, 3: 41}
num_nodes_transformed_graph: 34
agent_paths:({0: [(9, 3), (10, 3), (11, 3), (12, 3), (13, 3), (14, 3), (14, 4), (14, 5), (14, 6), (14, 7), (14, 8), (14, 9), (14, 9)], 1: [(7, 12), (7, 11), (7, 10), (7, 9), (8, 9), (8, 9)], 2: [(0, 13), (1, 13), (2, 13), (3, 13), (4, 13), (4, 14), (3, 14), (2, 14), (1, 14), (1, 13), (1, 12), (1, 11), (1, 10), (1, 9), (1, 8), (1, 7), (1, 6), (1, 5), (1, 5)], 3: [(3, 5), (3, 4), (3, 3), (4, 3), (4, 2), (5, 2), (6, 2), (7, 2), (8, 2), (9, 2), (10, 2), (10, 3), (10, 4), (10, 5), (10, 6), (10, 6)], 4: [(4, 10), (5, 10), (6, 10), (7, 10), (8, 10), (8, 11), (8, 12), (8, 12)], 5: [(10, 13), (11, 13), (12, 13), (13, 13), (14, 13), (14, 14), (13, 14), (12, 14), (11, 14), (10, 14), (9, 14), (8, 14), (7, 14), (6, 14), (5, 14), (5, 13), (4, 13), (3, 13), (2, 13), (1, 13), (0, 13), (0, 12), (0, 12)], 6: [(15, 15), (14, 15), (13, 15), (12, 15), (11, 15), (10, 15), (9, 15), (8, 15), (7, 15), (6, 15), (5, 15), (4, 15), (3, 15), (3, 14), (3, 13), (3, 12), (3, 11), (3, 10), (3, 10)], 7: [(0, 1), (1, 1), (2, 1), (3, 1), (4, 1), (5, 1), (6, 1), (7, 1), (8, 1), (9, 1), (9, 2), (8, 2), (7, 2), (6, 2), (5, 2), (4, 2), (4, 1), (4, 1)], 8: [(1, 2), (2, 2), (3, 2), (3, 2)], 9: [(14, 1), (13, 1), (13, 2), (13, 2)]}, 21)