

CBSS-C STATS
starts:[192, 112, 116, 159, 181, 160, 141, 31, 91, 154]
targets:[179, 60, 148, 69, 224, 182, 236, 3, 52, 199, 174, 81, 115, 1, 149]
dests:[223, 107, 104, 72, 93, 21, 57, 172, 88, 196]
ac_dict:{179: {0, 1}, 60: {1, 2}, 148: {2, 3}, 69: {3, 4}, 224: {4, 5}, 182: {5, 6}, 236: {6, 7}, 3: {8, 7}, 52: {8, 9}, 223: {0}, 107: {1}, 104: {2}, 72: {3}, 93: {4}, 21: {5}, 57: {6}, 172: {7}, 88: {8}, 196: {9}}
clusters:[6 2 1 9 7 8 9 7 8 0 5 4 3 9 8]

round: 25
best_g_value: 132.0
open_list_size: 24
num_low_level_expanded: 2911
search_success: 1
search_time: 6.11249748012051
n_tsp_call: 17
n_tsp_time: 5.124137494713068
n_roots: 1
num_conflicts: 24
target_assignment: {179: 0, 224: 5, 115: 5, 174: 7, 149: 4, 69: 4, 148: 2, 199: 9, 81: 1, 60: 1}
cluster_target_selection: {6: 179, 7: 224, 3: 115, 5: 174, 8: 149, 9: 69, 1: 148, 0: 199, 4: 81, 2: 60}
num_nodes_transformed_graph: 58
agent_paths:({0: [(0, 12), (1, 12), (1, 11), (2, 11), (3, 11), (4, 11), (5, 11), (6, 11), (7, 11), (8, 11), (9, 11), (10, 11), (11, 11), (12, 11), (13, 11), (14, 11), (15, 11), (15, 12), (15, 13), (15, 13)], 1: [(0, 7), (0, 6), (0, 5), (1, 5), (1, 4), (2, 4), (3, 4), (4, 4), (5, 4), (6, 4), (7, 4), (8, 4), (9, 4), (10, 4), (10, 3), (11, 3), (12, 3), (11, 3), (11, 4), (11, 5), (11, 6), (11, 6)], 2: [(4, 7), (4, 8), (4, 9), (4, 8), (4, 7), (4, 6), (5, 6), (6, 6), (7, 6), (8, 6), (8, 6)], 3: [(15, 9), (14, 9), (13, 9), (12, 9), (11, 9), (10, 9), (9, 9), (9, 8), (9, 7), (9, 6), (9, 5), (9, 5), (9, 5), (9, 4), (8, 4), (8, 4)], 4: [(5, 11), (5, 10), (5, 9), (5, 8), (5, 7), (5, 6), (5, 5), (5, 4), (6, 4), (7, 4), (8, 4), (9, 4), (10, 4), (11, 4), (12, 4), (13, 4), (13, 5), (13, 5)], 5: [(0, 10), (0, 11), (0, 12), (0, 13), (0, 14), (0, 13), (0, 12), (0, 11), (0, 10), (0, 9), (0, 8), (0, 7), (1, 7), (2, 7), (3, 7), (3, 6), (3, 5), (3, 4), (3, 3), (3, 2), (3, 1), (4, 1), (5, 1), (5, 1)], 6: [(13, 8), (12, 8), (11, 8), (10, 8), (9, 8), (9, 7), (9, 6), (9, 5), (9, 4), (9, 3), (9, 3)], 7: [(15, 1), (14, 1), (14, 2), (14, 3), (14, 4), (14, 5), (14, 6), (14, 7), (14, 8), (14, 9), (14, 10), (13, 10), (12, 10), (12, 10)], 8: [(11, 5), (10, 5), (9, 5), (8, 5), (8, 5)], 9: [(10, 9), (9, 9), (8, 9), (7, 9), (7, 10), (7, 11), (7, 12), (6, 12), (5, 12), (4, 12), (4, 12)]}, 22)