

CBSS-C STATS
starts:[91, 20, 87, 23, 76]
targets:[236, 209, 232, 224, 65, 122, 139, 63, 79, 32]
dests:[198, 190, 210, 134, 196]
ac_dict:{236: {0, 1}, 209: {1, 2}, 232: {2, 3}, 224: {3, 4}, 198: {0}, 190: {1}, 210: {2}, 134: {3}, 196: {4}}
clusters:[1 0 0 1 1 1 1 1 1 0]

round: 13
best_g_value: 71.0
open_list_size: 12
num_low_level_expanded: 1009
search_success: 1
search_time: 0.09271457092836499
n_tsp_call: 1
n_tsp_time: 0.055648410227149725
n_roots: 1
num_conflicts: 12
target_assignment: {139: 1, 209: 2}
cluster_target_selection: {1: 139, 0: 209}
num_nodes_transformed_graph: 29
agent_paths:({0: [(11, 5), (10, 5), (9, 5), (8, 5), (7, 5), (7, 6), (7, 7), (7, 8), (7, 9), (6, 9), (6, 10), (6, 11), (6, 12), (6, 12)], 1: [(4, 1), (5, 1), (6, 1), (7, 1), (8, 1), (9, 1), (10, 1), (11, 1), (11, 2), (11, 3), (11, 4), (11, 5), (11, 6), (11, 7), (11, 8), (12, 8), (13, 8), (14, 8), (14, 9), (14, 10), (14, 11), (14, 11)], 2: [(7, 5), (6, 5), (5, 5), (4, 5), (3, 5), (2, 5), (1, 5), (1, 6), (1, 7), (1, 8), (1, 9), (1, 10), (1, 11), (1, 12), (1, 13), (2, 13), (2, 13)], 3: [(7, 1), (6, 1), (6, 2), (6, 3), (6, 4), (6, 5), (6, 6), (6, 7), (6, 8), (6, 8)], 4: [(12, 4), (11, 4), (10, 4), (9, 4), (8, 4), (7, 4), (6, 4), (5, 4), (4, 4), (4, 5), (4, 6), (4, 7), (4, 8), (4, 9), (4, 10), (4, 11), (4, 12), (4, 12)]}, 20)