

CBSS-C STATS
starts:[183, 23, 26, 90, 122]
targets:[242, 94, 181, 174, 66, 222, 28, 233, 142, 224]
dests:[112, 1, 21, 20, 56]
ac_dict:{242: {0, 1}, 94: {1, 2}, 181: {2, 3}, 174: {3, 4}, 112: {0}, 1: {1}, 21: {2}, 20: {3}, 56: {4}}
clusters:[4 2 2 1 3 3 0 3 4 2]

round: 1
best_g_value: 67.0
open_list_size: 0
num_low_level_expanded: 148
search_success: 1
search_time: 0.5900684981606901
n_tsp_call: 1
n_tsp_time: 0.5797018189914525
n_roots: 1
num_conflicts: 0
target_assignment: {224: 0, 142: 4, 174: 4, 28: 4, 66: 3}
cluster_target_selection: {2: 224, 4: 142, 1: 174, 0: 28, 3: 66}
num_nodes_transformed_graph: 48
agent_paths:({0: [(7, 11), (6, 11), (5, 11), (4, 11), (3, 11), (2, 11), (1, 11), (0, 11), (0, 12), (0, 13), (0, 14), (0, 13), (0, 12), (0, 11), (0, 10), (0, 9), (0, 8), (0, 7), (0, 7)], 1: [(7, 1), (6, 1), (5, 1), (4, 1), (3, 1), (2, 1), (1, 1), (1, 0), (1, 0)], 2: [(10, 1), (9, 1), (8, 1), (7, 1), (6, 1), (5, 1), (5, 1)], 3: [(10, 5), (9, 5), (8, 5), (7, 5), (6, 5), (5, 5), (4, 5), (3, 5), (2, 5), (2, 4), (2, 3), (2, 2), (2, 1), (3, 1), (4, 1), (4, 1)], 4: [(10, 7), (11, 7), (12, 7), (13, 7), (14, 7), (14, 8), (14, 9), (14, 10), (13, 10), (12, 10), (12, 9), (12, 8), (12, 7), (12, 6), (12, 5), (12, 4), (12, 3), (12, 2), (12, 1), (11, 1), (10, 1), (9, 1), (8, 1), (8, 2), (8, 3), (8, 3)]}, 24)