

CBSS-C STATS
starts:[56, 49, 241, 53, 135]
targets:[142, 3, 240, 139, 95, 147, 194, 32, 249, 173, 230, 137, 250, 129, 223, 219, 217, 6, 158, 193]
dests:[216, 19, 247, 64, 102]
ac_dict:{142: {0, 1}, 3: {1, 2}, 240: {2, 3}, 139: {3, 4}, 216: {0}, 19: {1}, 247: {2}, 64: {3}, 102: {4}}
clusters:[2 0 6 5 4 1 4 9 2 3 2 2 8 9 3 3 7 5 6 7]

round: 1
best_g_value: 61.0
open_list_size: 0
num_low_level_expanded: 139
search_success: 1
search_time: 6.066290277987719
n_tsp_call: 1
n_tsp_time: 6.046377705875784
n_roots: 1
num_conflicts: 0
target_assignment: {240: 2, 193: 2, 194: 2, 147: 2, 219: 2, 250: 2, 249: 2, 6: 3, 32: 3, 3: 1}
cluster_target_selection: {6: 240, 7: 193, 4: 194, 1: 147, 3: 219, 8: 250, 2: 249, 5: 6, 9: 32, 0: 3}
num_nodes_transformed_graph: 98
agent_paths:({0: [(8, 3), (8, 4), (8, 5), (8, 6), (8, 7), (8, 8), (8, 9), (8, 10), (8, 11), (8, 12), (8, 13), (8, 13)], 1: [(1, 3), (1, 2), (1, 1), (1, 0), (2, 0), (3, 0), (3, 1), (3, 1)], 2: [(1, 15), (0, 15), (0, 14), (0, 13), (0, 12), (1, 12), (2, 12), (2, 11), (2, 10), (2, 9), (3, 9), (4, 9), (5, 9), (6, 9), (7, 9), (8, 9), (9, 9), (10, 9), (11, 9), (11, 10), (11, 11), (11, 12), (11, 13), (10, 13), (10, 14), (10, 15), (9, 15), (8, 15), (7, 15), (7, 15)], 3: [(5, 3), (5, 2), (5, 1), (5, 0), (6, 0), (5, 0), (4, 0), (3, 0), (2, 0), (1, 0), (0, 0), (0, 1), (0, 2), (0, 3), (0, 4), (0, 4)], 4: [(7, 8), (6, 8), (6, 7), (6, 6), (6, 6)]}, 28)