

CBSS-C STATS
starts:[237, 202, 162, 128, 168, 21, 109, 86, 72, 37]
targets:[17, 240, 27, 94, 60, 113, 28, 85, 41, 218, 253, 172, 212, 137, 143]
dests:[205, 134, 97, 176, 11, 252, 9, 145, 115, 201]
ac_dict:{17: {0, 1}, 240: {1, 2}, 27: {2, 3}, 94: {3, 4}, 60: {4, 5}, 113: {5, 6}, 28: {6, 7}, 85: {8, 7}, 41: {8, 9}, 205: {0}, 134: {1}, 97: {2}, 176: {3}, 11: {4}, 252: {5}, 9: {6}, 145: {7}, 115: {8}, 201: {9}}
clusters:[1 5 8 8 0 6 8 5 4 1 3 9 4 7 2]

round: 4
best_g_value: 111.0
open_list_size: 3
num_low_level_expanded: 607
search_success: 1
search_time: 1.4715802818536758
n_tsp_call: 1
n_tsp_time: 1.442286776844412
n_roots: 1
num_conflicts: 3
target_assignment: {28: 6, 137: 9, 85: 7, 172: 4, 143: 4, 60: 4, 113: 5, 212: 5, 218: 5, 253: 5}
cluster_target_selection: {8: 28, 7: 137, 5: 85, 9: 172, 2: 143, 0: 60, 6: 113, 4: 212, 1: 218, 3: 253}
num_nodes_transformed_graph: 98
agent_paths:({0: [(13, 14), (13, 13), (13, 12), (13, 12)], 1: [(10, 12), (9, 12), (8, 12), (7, 12), (6, 12), (6, 11), (6, 10), (6, 9), (6, 8), (6, 8)], 2: [(2, 10), (1, 10), (1, 9), (1, 8), (1, 7), (1, 6), (1, 6)], 3: [(0, 8), (0, 9), (0, 10), (0, 11), (0, 11)], 4: [(8, 10), (9, 10), (10, 10), (11, 10), (12, 10), (12, 9), (12, 8), (13, 8), (14, 8), (15, 8), (14, 8), (13, 8), (12, 8), (12, 7), (12, 6), (12, 5), (12, 4), (12, 3), (11, 3), (11, 2), (11, 1), (11, 0), (11, 0)], 5: [(5, 1), (4, 1), (3, 1), (2, 1), (2, 2), (2, 3), (2, 4), (2, 5), (2, 6), (2, 7), (1, 7), (2, 7), (2, 8), (3, 8), (4, 8), (4, 9), (4, 10), (4, 11), (4, 12), (4, 13), (5, 13), (6, 13), (7, 13), (8, 13), (9, 13), (10, 13), (11, 13), (12, 13), (13, 13), (13, 14), (13, 15), (12, 15), (12, 15)], 6: [(13, 6), (12, 6), (12, 5), (12, 4), (12, 3), (12, 2), (12, 1), (11, 1), (10, 1), (9, 1), (9, 0), (9, 0)], 7: [(6, 5), (5, 5), (4, 5), (3, 5), (2, 5), (2, 6), (2, 7), (1, 7), (1, 8), (1, 9), (1, 9)], 8: [(8, 4), (7, 4), (6, 4), (5, 4), (4, 4), (3, 4), (3, 5), (3, 6), (3, 7), (3, 7)], 9: [(5, 2), (6, 2), (7, 2), (8, 2), (9, 2), (9, 3), (9, 4), (9, 5), (9, 6), (9, 7), (9, 8), (9, 9), (9, 10), (9, 11), (9, 12), (9, 12)]}, 31)