

CBSS-C STATS
starts:[24, 18, 214, 144, 139]
targets:[138, 33, 1, 231, 62, 253, 106, 5, 25, 209]
dests:[179, 141, 208, 174, 246]
ac_dict:{138: {0, 1}, 33: {1, 2}, 1: {2, 3}, 231: {3, 4}, 179: {0}, 141: {1}, 208: {2}, 174: {3}, 246: {4}}
clusters:[4 3 2 0 2 1 2 0 1 0]

round: 5
best_g_value: 70.0
open_list_size: 4
num_low_level_expanded: 511
search_success: 1
search_time: 0.2201853529550135
n_tsp_call: 1
n_tsp_time: 0.19893172942101955
n_roots: 1
num_conflicts: 4
target_assignment: {33: 1, 25: 1, 106: 1, 138: 1, 209: 2}
cluster_target_selection: {3: 33, 1: 25, 2: 106, 4: 138, 0: 209}
num_nodes_transformed_graph: 48
agent_paths:({0: [(8, 1), (7, 1), (6, 1), (5, 1), (4, 1), (4, 2), (3, 2), (3, 3), (3, 4), (3, 5), (3, 6), (3, 7), (3, 8), (3, 9), (3, 10), (3, 11), (3, 11)], 1: [(2, 1), (1, 1), (1, 2), (1, 1), (2, 1), (3, 1), (4, 1), (5, 1), (6, 1), (7, 1), (8, 1), (9, 1), (10, 1), (10, 2), (10, 3), (10, 4), (10, 5), (10, 6), (10, 7), (10, 8), (11, 8), (12, 8), (13, 8), (13, 8)], 2: [(6, 13), (5, 13), (4, 13), (3, 13), (2, 13), (1, 13), (0, 13), (0, 13)], 3: [(0, 9), (1, 9), (2, 9), (3, 9), (4, 9), (5, 9), (6, 9), (7, 9), (8, 9), (9, 9), (10, 9), (11, 9), (12, 9), (13, 9), (14, 9), (14, 10), (14, 10)], 4: [(11, 8), (10, 8), (9, 8), (8, 8), (7, 8), (7, 9), (7, 10), (6, 10), (6, 11), (6, 12), (6, 13), (6, 14), (6, 15), (6, 15)]}, 22)