

CBSS-C STATS
starts:[178, 163, 99, 234, 47]
targets:[23, 24, 203, 40, 101, 166, 151, 58, 126, 253]
dests:[19, 161, 30, 86, 155]
ac_dict:{23: {0, 1}, 24: {1, 2}, 203: {2, 3}, 40: {3, 4}, 19: {0}, 161: {1}, 30: {2}, 86: {3}, 155: {4}}
clusters:[1 0 0 0 0 0 1 0 1 0]

round: 2
best_g_value: 53.0
open_list_size: 1
num_low_level_expanded: 177
search_success: 1
search_time: 0.06211360963061452
n_tsp_call: 1
n_tsp_time: 0.05267022177577019
n_roots: 1
num_conflicts: 1
target_assignment: {101: 2, 126: 4}
cluster_target_selection: {0: 101, 1: 126}
num_nodes_transformed_graph: 28
agent_paths:({0: [(2, 11), (3, 11), (3, 10), (3, 9), (3, 8), (3, 7), (3, 6), (3, 5), (3, 4), (3, 3), (3, 2), (3, 1), (3, 1)], 1: [(3, 10), (2, 10), (1, 10), (1, 10)], 2: [(3, 6), (4, 6), (5, 6), (5, 5), (5, 4), (5, 3), (5, 2), (5, 1), (6, 1), (7, 1), (8, 1), (9, 1), (10, 1), (11, 1), (12, 1), (13, 1), (14, 1), (14, 1)], 3: [(10, 14), (9, 14), (8, 14), (7, 14), (6, 14), (6, 13), (6, 12), (6, 11), (6, 10), (6, 9), (6, 8), (6, 7), (6, 6), (6, 5), (6, 5)], 4: [(15, 2), (14, 2), (14, 3), (14, 4), (14, 5), (14, 6), (14, 7), (13, 7), (12, 7), (11, 7), (11, 8), (11, 9), (11, 9)]}, 16)