

CBSS-C STATS
starts:[42, 215, 25, 16, 13, 7, 173, 240, 12, 39]
targets:[229, 33, 205, 106, 5, 126, 32, 18, 115, 176]
dests:[193, 119, 62, 233, 40, 196, 73, 162, 234, 74]
ac_dict:{229: {0, 1}, 33: {1, 2}, 205: {2, 3}, 106: {3, 4}, 5: {4, 5}, 126: {5, 6}, 32: {6, 7}, 18: {8, 7}, 115: {8, 9}, 193: {0}, 119: {1}, 62: {2}, 233: {3}, 40: {4}, 196: {5}, 73: {6}, 162: {7}, 234: {8}, 74: {9}}
clusters:[1 0 3 4 1 0 4 1 0 2]

round: 53
best_g_value: 124.0
open_list_size: 52
num_low_level_expanded: 6281
search_success: 1
search_time: 0.40598047990351915
n_tsp_call: 1
n_tsp_time: 0.1853858740068972
n_roots: 1
num_conflicts: 52
target_assignment: {126: 6, 176: 7, 106: 3, 205: 3, 5: 5}
cluster_target_selection: {0: 126, 2: 176, 4: 106, 3: 205, 1: 5}
num_nodes_transformed_graph: 48
agent_paths:({0: [(10, 2), (10, 3), (9, 3), (8, 3), (7, 3), (6, 3), (5, 3), (4, 3), (3, 3), (2, 3), (1, 3), (1, 4), (1, 5), (1, 6), (1, 7), (1, 8), (1, 9), (1, 10), (1, 11), (1, 12), (1, 12)], 1: [(7, 13), (7, 12), (7, 11), (7, 10), (7, 9), (7, 8), (7, 7), (7, 7)], 2: [(9, 1), (10, 1), (11, 1), (12, 1), (13, 1), (14, 1), (14, 2), (14, 3), (14, 3)], 3: [(0, 1), (1, 1), (2, 1), (3, 1), (4, 1), (5, 1), (6, 1), (7, 1), (7, 2), (7, 3), (8, 3), (8, 4), (8, 5), (9, 5), (10, 5), (10, 6), (11, 6), (12, 6), (13, 6), (13, 7), (13, 8), (13, 9), (13, 10), (13, 11), (13, 12), (12, 12), (11, 12), (10, 12), (9, 12), (9, 13), (9, 14), (9, 14)], 4: [(13, 0), (12, 0), (11, 0), (10, 0), (9, 0), (8, 0), (8, 1), (8, 2), (8, 2)], 5: [(7, 0), (6, 0), (5, 0), (5, 1), (5, 2), (4, 2), (4, 3), (4, 4), (4, 5), (4, 6), (4, 7), (4, 8), (4, 9), (4, 10), (4, 11), (4, 12), (4, 12)], 6: [(13, 10), (13, 9), (13, 8), (13, 7), (14, 7), (13, 7), (12, 7), (11, 7), (10, 7), (9, 7), (9, 6), (9, 5), (9, 4), (9, 4)], 7: [(0, 15), (0, 14), (0, 13), (0, 12), (0, 11), (0, 10), (1, 10), (2, 10), (2, 10)], 8: [(12, 0), (12, 1), (12, 2), (11, 2), (11, 3), (11, 4), (11, 5), (10, 5), (10, 6), (10, 7), (10, 8), (10, 9), (10, 10), (10, 11), (10, 12), (10, 13), (10, 14), (10, 14)], 9: [(7, 2), (8, 2), (9, 2), (10, 2), (10, 3), (10, 4), (10, 4)]}, 30)