

CBSS-C STATS
starts:[250, 86, 25, 223, 208]
targets:[213, 51, 193, 75, 101, 60, 239, 0, 21, 133]
dests:[179, 215, 153, 62, 81]
ac_dict:{213: {0, 1}, 51: {1, 2}, 193: {2, 3}, 75: {3, 4}, 179: {0}, 215: {1}, 153: {2}, 62: {3}, 81: {4}}
clusters:[1 1 1 0 1 1 0 0 0 1]

round: 1
best_g_value: 50.0
open_list_size: 0
num_low_level_expanded: 98
search_success: 1
search_time: 0.1326044863089919
n_tsp_call: 1
n_tsp_time: 0.12492788909003139
n_roots: 1
num_conflicts: 0
target_assignment: {213: 0, 239: 3}
cluster_target_selection: {1: 213, 0: 239}
num_nodes_transformed_graph: 48
agent_paths:({0: [(10, 15), (9, 15), (8, 15), (7, 15), (6, 15), (5, 15), (5, 14), (5, 13), (4, 13), (3, 13), (3, 12), (3, 11), (3, 11)], 1: [(6, 5), (7, 5), (7, 6), (7, 7), (7, 8), (7, 9), (7, 10), (7, 11), (7, 12), (7, 13), (7, 13)], 2: [(9, 1), (9, 2), (9, 3), (9, 4), (9, 5), (9, 6), (9, 7), (9, 8), (9, 9), (9, 9)], 3: [(15, 13), (15, 14), (14, 14), (14, 13), (14, 12), (14, 11), (14, 10), (14, 9), (14, 8), (14, 7), (14, 6), (14, 5), (14, 4), (14, 3), (14, 3)], 4: [(0, 13), (0, 12), (0, 11), (0, 10), (0, 9), (0, 8), (0, 7), (0, 6), (0, 5), (1, 5), (1, 5)]}, 13)