

CBSS-C STATS
starts:[141, 79, 244, 43, 90, 155, 255, 97, 103, 242]
targets:[40, 245, 59, 71, 215, 74, 106, 197, 118, 99, 20, 34, 60, 23, 32]
dests:[205, 83, 107, 68, 172, 194, 174, 225, 94, 41]
ac_dict:{40: {0, 1}, 245: {1, 2}, 59: {2, 3}, 71: {3, 4}, 215: {4, 5}, 74: {5, 6}, 106: {6, 7}, 197: {8, 7}, 118: {8, 9}, 205: {0}, 83: {1}, 107: {2}, 68: {3}, 172: {4}, 194: {5}, 174: {6}, 225: {7}, 94: {8}, 41: {9}}
clusters:[3 0 1 5 0 0 8 7 0 9 6 2 4 4 0]

round: 4
best_g_value: 127.0
open_list_size: 3
num_low_level_expanded: 928
search_success: 1
search_time: 1.355535900220275
n_tsp_call: 1
n_tsp_time: 1.3141620340757072
n_roots: 1
num_conflicts: 3
target_assignment: {99: 7, 106: 7, 197: 7, 245: 2, 60: 1, 40: 1, 20: 1, 59: 3, 71: 3, 34: 9}
cluster_target_selection: {9: 99, 8: 106, 7: 197, 0: 245, 4: 60, 3: 40, 6: 20, 1: 59, 5: 71, 2: 34}
num_nodes_transformed_graph: 98
agent_paths:({0: [(13, 8), (13, 9), (13, 10), (13, 11), (13, 12), (13, 12)], 1: [(15, 4), (14, 4), (13, 4), (12, 4), (12, 3), (11, 3), (10, 3), (9, 3), (8, 3), (8, 2), (7, 2), (6, 2), (5, 2), (4, 2), (4, 1), (3, 1), (3, 2), (3, 3), (3, 4), (3, 5), (3, 5)], 2: [(4, 15), (5, 15), (5, 14), (5, 13), (5, 12), (5, 11), (5, 10), (5, 9), (5, 8), (5, 7), (6, 7), (7, 7), (8, 7), (8, 6), (9, 6), (10, 6), (11, 6), (11, 6)], 3: [(11, 2), (11, 3), (10, 3), (9, 3), (8, 3), (7, 3), (7, 4), (6, 4), (5, 4), (4, 4), (4, 4)], 4: [(10, 5), (11, 5), (12, 5), (12, 6), (12, 7), (12, 8), (12, 9), (12, 10), (12, 10)], 5: [(11, 9), (10, 9), (9, 9), (8, 9), (7, 9), (6, 9), (5, 9), (4, 9), (3, 9), (2, 9), (2, 10), (2, 11), (2, 12), (2, 12)], 6: [(15, 15), (14, 15), (14, 14), (14, 13), (14, 12), (14, 11), (14, 10), (14, 10)], 7: [(1, 6), (2, 6), (3, 6), (4, 6), (5, 6), (6, 6), (7, 6), (8, 6), (9, 6), (10, 6), (9, 6), (8, 6), (7, 6), (6, 6), (5, 6), (5, 7), (5, 8), (5, 9), (5, 10), (5, 11), (5, 12), (4, 12), (3, 12), (3, 13), (2, 13), (1, 13), (1, 14), (1, 14)], 8: [(7, 6), (7, 5), (8, 5), (9, 5), (10, 5), (11, 5), (12, 5), (13, 5), (14, 5), (14, 5)], 9: [(2, 15), (2, 14), (2, 13), (2, 12), (2, 11), (2, 10), (2, 9), (2, 8), (2, 7), (2, 6), (2, 5), (2, 4), (2, 3), (2, 2), (3, 2), (4, 2), (5, 2), (6, 2), (7, 2), (8, 2), (9, 2), (9, 2)]}, 26)