

CBSS-C STATS
starts:[98, 205, 224, 212, 34]
targets:[67, 81, 202, 22, 184, 30, 76, 57, 118, 40]
dests:[204, 49, 194, 33, 153]
ac_dict:{67: {0, 1}, 81: {1, 2}, 202: {2, 3}, 22: {3, 4}, 204: {0}, 49: {1}, 194: {2}, 33: {3}, 153: {4}}
clusters:[0 1 0 1 0 1 1 0 0 0]

round: 1
best_g_value: 69.0
open_list_size: 0
num_low_level_expanded: 215
search_success: 1
search_time: 0.14654330909252167
n_tsp_call: 1
n_tsp_time: 0.13403449906036258
n_roots: 1
num_conflicts: 0
target_assignment: {118: 0, 76: 1}
cluster_target_selection: {0: 118, 1: 76}
num_nodes_transformed_graph: 48
agent_paths:({0: [(2, 6), (3, 6), (4, 6), (5, 6), (6, 6), (6, 7), (7, 7), (8, 7), (9, 7), (10, 7), (11, 7), (12, 7), (12, 8), (12, 9), (12, 10), (12, 11), (12, 12), (12, 12)], 1: [(13, 12), (12, 12), (12, 11), (12, 10), (12, 9), (12, 8), (12, 7), (12, 6), (12, 5), (12, 4), (11, 4), (10, 4), (9, 4), (8, 4), (7, 4), (6, 4), (5, 4), (4, 4), (3, 4), (2, 4), (1, 4), (1, 3), (1, 3)], 2: [(0, 14), (0, 13), (0, 12), (1, 12), (2, 12), (2, 12)], 3: [(4, 13), (3, 13), (2, 13), (1, 13), (1, 12), (1, 11), (1, 10), (1, 9), (1, 8), (1, 7), (1, 6), (1, 5), (1, 4), (1, 3), (1, 2), (1, 2)], 4: [(2, 2), (3, 2), (4, 2), (5, 2), (6, 2), (7, 2), (8, 2), (9, 2), (9, 3), (9, 4), (9, 5), (9, 6), (9, 7), (9, 8), (9, 9), (9, 9)]}, 21)