

CBSS-C STATS
starts:[77, 190, 222, 91, 246]
targets:[59, 163, 9, 162, 205, 42, 240, 115, 228, 83]
dests:[243, 89, 97, 73, 47]
ac_dict:{59: {0, 1}, 163: {1, 2}, 9: {2, 3}, 162: {3, 4}, 243: {0}, 89: {1}, 97: {2}, 73: {3}, 47: {4}}
clusters:[0 1 1 1 0 0 1 0 0 1]

round: 2
best_g_value: 77.0
open_list_size: 1
num_low_level_expanded: 511
search_success: 1
search_time: 0.07730403682217002
n_tsp_call: 1
n_tsp_time: 0.06069521000608802
n_roots: 1
num_conflicts: 1
target_assignment: {205: 2, 163: 2}
cluster_target_selection: {0: 205, 1: 163}
num_nodes_transformed_graph: 26
agent_paths:({0: [(13, 4), (12, 4), (11, 4), (10, 4), (10, 5), (9, 5), (8, 5), (7, 5), (6, 5), (5, 5), (4, 5), (3, 5), (3, 6), (3, 7), (3, 8), (3, 9), (3, 10), (3, 11), (3, 12), (3, 13), (3, 14), (3, 15), (3, 15)], 1: [(14, 11), (13, 11), (12, 11), (11, 11), (10, 11), (9, 11), (9, 10), (9, 9), (9, 8), (9, 7), (9, 6), (9, 5), (9, 5)], 2: [(14, 13), (13, 13), (13, 12), (12, 12), (11, 12), (10, 12), (9, 12), (8, 12), (7, 12), (6, 12), (5, 12), (4, 12), (3, 12), (3, 11), (3, 10), (2, 10), (1, 10), (1, 9), (1, 8), (1, 7), (1, 6), (1, 6)], 3: [(11, 5), (10, 5), (9, 5), (9, 4), (9, 4)], 4: [(6, 15), (6, 14), (6, 13), (6, 12), (6, 11), (6, 10), (6, 9), (6, 8), (6, 7), (6, 6), (6, 5), (6, 4), (6, 3), (6, 2), (7, 2), (8, 2), (9, 2), (10, 2), (11, 2), (12, 2), (13, 2), (14, 2), (15, 2), (15, 2)]}, 22)