

CBSS-C STATS
starts:[4, 3, 184, 191, 65]
targets:[136, 185, 50, 47, 164, 115, 76, 218, 52, 151]
dests:[64, 235, 17, 177, 169]
ac_dict:{136: {0, 1}, 185: {1, 2}, 50: {2, 3}, 47: {3, 4}, 64: {0}, 235: {1}, 17: {2}, 177: {3}, 169: {4}}
clusters:[4 1 3 2 1 2 1 3 1 0]

round: 1
best_g_value: 75.0
open_list_size: 0
num_low_level_expanded: 207
search_success: 1
search_time: 0.09635772975161672
n_tsp_call: 1
n_tsp_time: 0.08614839008077979
n_roots: 1
num_conflicts: 0
target_assignment: {52: 0, 151: 4, 115: 1, 136: 1, 218: 1}
cluster_target_selection: {1: 52, 0: 151, 2: 115, 4: 136, 3: 218}
num_nodes_transformed_graph: 29
agent_paths:({0: [(4, 0), (4, 1), (4, 2), (4, 3), (3, 3), (2, 3), (1, 3), (0, 3), (0, 4), (0, 4)], 1: [(3, 0), (3, 1), (3, 2), (3, 3), (3, 4), (3, 5), (3, 6), (3, 7), (4, 7), (5, 7), (6, 7), (7, 7), (8, 7), (8, 8), (9, 8), (10, 8), (10, 9), (10, 10), (10, 11), (10, 12), (10, 13), (11, 13), (11, 14), (11, 14)], 2: [(8, 11), (7, 11), (6, 11), (5, 11), (4, 11), (3, 11), (2, 11), (1, 11), (1, 10), (1, 9), (1, 8), (1, 7), (1, 6), (1, 5), (1, 4), (1, 3), (1, 2), (1, 1), (1, 1)], 3: [(15, 11), (14, 11), (13, 11), (12, 11), (11, 11), (10, 11), (9, 11), (8, 11), (7, 11), (6, 11), (5, 11), (4, 11), (3, 11), (2, 11), (1, 11), (1, 11)], 4: [(1, 4), (2, 4), (3, 4), (4, 4), (5, 4), (6, 4), (7, 4), (7, 5), (7, 6), (7, 7), (7, 8), (7, 9), (8, 9), (9, 9), (9, 10), (9, 10)]}, 22)