

CBSS-C STATS
starts:[150, 242, 225, 37, 44]
targets:[160, 203, 39, 215, 142, 173, 172, 247, 62, 60]
dests:[106, 184, 15, 75, 76]
ac_dict:{160: {0, 1}, 203: {1, 2}, 39: {2, 3}, 215: {3, 4}, 106: {0}, 184: {1}, 15: {2}, 75: {3}, 76: {4}}
clusters:[0 1 1 0 0 1 1 0 1 0]

round: 5
best_g_value: 57.0
open_list_size: 4
num_low_level_expanded: 1141
search_success: 1
search_time: 0.4000521949492395
n_tsp_call: 7
n_tsp_time: 0.3265866474248469
n_roots: 1
num_conflicts: 4
target_assignment: {172: 2, 60: 2}
cluster_target_selection: {1: 172, 0: 60}
num_nodes_transformed_graph: 28
agent_paths:({0: [(6, 9), (6, 8), (6, 7), (6, 6), (7, 6), (8, 6), (9, 6), (10, 6), (10, 6)], 1: [(2, 15), (2, 14), (2, 13), (2, 12), (2, 11), (3, 11), (4, 11), (5, 11), (6, 11), (7, 11), (8, 11), (8, 11)], 2: [(1, 14), (1, 13), (1, 12), (1, 11), (1, 10), (2, 10), (3, 10), (4, 10), (5, 10), (6, 10), (7, 10), (8, 10), (9, 10), (10, 10), (11, 10), (12, 10), (12, 9), (12, 8), (12, 7), (12, 6), (12, 5), (13, 5), (13, 4), (13, 3), (12, 3), (12, 2), (12, 1), (12, 0), (13, 0), (14, 0), (15, 0), (15, 0)], 3: [(5, 2), (6, 2), (7, 2), (8, 2), (9, 2), (10, 2), (11, 2), (11, 3), (11, 4), (11, 4)], 4: [(12, 2), (12, 3), (12, 4), (12, 4)]}, 30)