

CBSS-C STATS
starts:[27, 11, 141, 8, 1, 114, 251, 167, 233, 49]
targets:[41, 201, 58, 45, 72, 89, 155, 53, 63, 200]
dests:[220, 79, 4, 55, 35, 95, 75, 206, 6, 240]
ac_dict:{41: {0, 1}, 201: {1, 2}, 58: {2, 3}, 45: {3, 4}, 72: {4, 5}, 89: {5, 6}, 155: {6, 7}, 53: {8, 7}, 63: {8, 9}, 220: {0}, 79: {1}, 4: {2}, 55: {3}, 35: {4}, 95: {5}, 75: {6}, 206: {7}, 6: {8}, 240: {9}}
clusters:[1 0 1 2 4 4 0 4 4 3]

round: 1
best_g_value: 121.0
open_list_size: 0
num_low_level_expanded: 287
search_success: 1
search_time: 0.13350077578797936
n_tsp_call: 1
n_tsp_time: 0.1187023906968534
n_roots: 1
num_conflicts: 0
target_assignment: {45: 3, 155: 6, 89: 5, 58: 2, 200: 7}
cluster_target_selection: {2: 45, 0: 155, 4: 89, 1: 58, 3: 200}
num_nodes_transformed_graph: 34
agent_paths:({0: [(11, 1), (12, 1), (12, 2), (12, 3), (12, 4), (12, 5), (12, 6), (12, 7), (12, 8), (12, 9), (12, 10), (12, 11), (12, 12), (12, 13), (12, 13)], 1: [(11, 0), (12, 0), (13, 0), (14, 0), (15, 0), (15, 1), (15, 2), (15, 3), (15, 4), (15, 4)], 2: [(13, 8), (12, 8), (11, 8), (10, 8), (10, 7), (10, 6), (10, 5), (10, 4), (10, 3), (9, 3), (8, 3), (7, 3), (6, 3), (5, 3), (4, 3), (4, 2), (4, 1), (4, 0), (4, 0)], 3: [(8, 0), (9, 0), (10, 0), (11, 0), (12, 0), (13, 0), (13, 1), (13, 2), (12, 2), (11, 2), (10, 2), (9, 2), (8, 2), (7, 2), (7, 3), (7, 3)], 4: [(1, 0), (2, 0), (3, 0), (3, 1), (3, 2), (3, 2)], 5: [(2, 7), (2, 6), (2, 5), (3, 5), (4, 5), (5, 5), (6, 5), (7, 5), (8, 5), (9, 5), (10, 5), (11, 5), (12, 5), (13, 5), (14, 5), (15, 5), (15, 5)], 6: [(11, 15), (11, 14), (11, 13), (11, 12), (11, 11), (11, 10), (11, 9), (11, 8), (11, 7), (11, 6), (11, 5), (11, 4), (11, 4)], 7: [(7, 10), (8, 10), (8, 11), (8, 12), (9, 12), (10, 12), (11, 12), (12, 12), (13, 12), (14, 12), (14, 12)], 8: [(9, 14), (8, 14), (7, 14), (6, 14), (6, 13), (6, 12), (6, 11), (6, 10), (6, 9), (6, 8), (6, 7), (6, 6), (6, 5), (6, 4), (6, 3), (6, 2), (6, 1), (6, 0), (6, 0)], 9: [(1, 3), (0, 3), (0, 4), (0, 5), (0, 6), (0, 7), (0, 8), (0, 9), (0, 10), (0, 11), (0, 12), (0, 13), (0, 14), (0, 15), (0, 15)]}, 17)