

CBSS-C STATS
starts:[102, 34, 112, 0, 148]
targets:[207, 115, 254, 38, 41, 84, 221, 39, 124, 193, 244, 135, 126, 127, 231, 203, 128, 60, 155, 152]
dests:[12, 188, 206, 241, 23]
ac_dict:{207: {0, 1}, 115: {1, 2}, 254: {2, 3}, 38: {3, 4}, 12: {0}, 188: {1}, 206: {2}, 241: {3}, 23: {4}}
clusters:[5 5 7 6 5 0 1 3 3 2 3 5 9 8 0 5 4 2 0 9]

round: 2
best_g_value: 87.0
open_list_size: 1
num_low_level_expanded: 262
search_success: 1
search_time: 2.1547388369217515
n_tsp_call: 1
n_tsp_time: 2.128431759774685
n_roots: 1
num_conflicts: 1
target_assignment: {60: 0, 84: 1, 152: 1, 115: 2, 127: 2, 221: 2, 254: 2, 38: 4, 39: 4, 128: 3}
cluster_target_selection: {2: 60, 0: 84, 9: 152, 5: 115, 8: 127, 1: 221, 7: 254, 6: 38, 3: 39, 4: 128}
num_nodes_transformed_graph: 98
agent_paths:({0: [(6, 6), (6, 5), (6, 4), (6, 3), (7, 3), (8, 3), (9, 3), (10, 3), (11, 3), (12, 3), (12, 2), (12, 1), (12, 0), (12, 0)], 1: [(2, 2), (3, 2), (3, 3), (3, 4), (3, 5), (4, 5), (5, 5), (6, 5), (7, 5), (8, 5), (8, 6), (8, 7), (8, 8), (8, 9), (9, 9), (10, 9), (11, 9), (12, 9), (12, 10), (12, 11), (12, 11)], 2: [(0, 7), (1, 7), (2, 7), (3, 7), (4, 7), (5, 7), (6, 7), (7, 7), (8, 7), (9, 7), (10, 7), (11, 7), (12, 7), (13, 7), (14, 7), (15, 7), (14, 7), (13, 7), (13, 8), (13, 9), (13, 10), (13, 11), (13, 12), (13, 13), (14, 13), (14, 14), (14, 15), (14, 14), (14, 13), (14, 12), (14, 12)], 3: [(0, 0), (0, 1), (0, 2), (0, 3), (0, 4), (0, 5), (0, 6), (0, 7), (0, 8), (1, 8), (1, 9), (1, 10), (1, 11), (1, 12), (1, 13), (1, 14), (1, 15), (1, 15)], 4: [(4, 9), (4, 8), (4, 7), (4, 6), (4, 5), (4, 4), (4, 3), (4, 2), (5, 2), (6, 2), (7, 2), (7, 1), (7, 1)]}, 29)