

CBSS-C STATS
starts:[155, 154, 106, 97, 157]
targets:[170, 6, 175, 206, 160, 108, 169, 17, 55, 123]
dests:[139, 196, 121, 222, 194]
ac_dict:{170: {0, 1}, 6: {1, 2}, 175: {2, 3}, 206: {3, 4}, 139: {0}, 196: {1}, 121: {2}, 222: {3}, 194: {4}}
clusters:[2 1 3 4 3 4 1 0 4 1]

round: 1
best_g_value: 58.0
open_list_size: 0
num_low_level_expanded: 133
search_success: 1
search_time: 0.46719831321388483
n_tsp_call: 1
n_tsp_time: 0.45792996790260077
n_roots: 1
num_conflicts: 0
target_assignment: {170: 1, 17: 3, 160: 3, 169: 3, 206: 3}
cluster_target_selection: {2: 170, 0: 17, 3: 160, 1: 169, 4: 206}
num_nodes_transformed_graph: 48
agent_paths:({0: [(11, 9), (11, 8), (11, 8)], 1: [(10, 9), (10, 10), (9, 10), (8, 10), (7, 10), (6, 10), (5, 10), (4, 10), (4, 11), (4, 12), (4, 12)], 2: [(10, 6), (9, 6), (9, 7), (9, 7)], 3: [(1, 6), (1, 5), (1, 4), (1, 3), (1, 2), (1, 1), (0, 1), (0, 2), (0, 3), (0, 4), (0, 5), (0, 6), (0, 7), (0, 8), (0, 9), (0, 10), (1, 10), (2, 10), (3, 10), (4, 10), (5, 10), (6, 10), (7, 10), (8, 10), (9, 10), (10, 10), (11, 10), (12, 10), (13, 10), (14, 10), (14, 11), (14, 12), (14, 13), (14, 13)], 4: [(13, 9), (12, 9), (11, 9), (10, 9), (9, 9), (8, 9), (7, 9), (6, 9), (5, 9), (4, 9), (3, 9), (2, 9), (2, 10), (2, 11), (2, 12), (2, 12)]}, 32)