

CBSS-C STATS
starts:[185, 143, 109, 104, 138, 11, 84, 253, 211, 136]
targets:[212, 188, 208, 157, 12, 38, 54, 125, 160, 182, 108, 40, 28, 248, 183]
dests:[187, 117, 3, 4, 62, 121, 63, 181, 242, 131]
ac_dict:{212: {0, 1}, 188: {1, 2}, 208: {2, 3}, 157: {3, 4}, 12: {4, 5}, 38: {5, 6}, 54: {6, 7}, 125: {8, 7}, 160: {8, 9}, 187: {0}, 117: {1}, 3: {2}, 4: {3}, 62: {4}, 121: {5}, 63: {6}, 181: {7}, 242: {8}, 131: {9}}
clusters:[7 8 6 9 9 0 6 5 2 3 7 7 4 3 1]

round: 6
best_g_value: 120.0
open_list_size: 5
num_low_level_expanded: 890
search_success: 1
search_time: 5.8306536711752415
n_tsp_call: 15
n_tsp_time: 4.396423694677651
n_roots: 1
num_conflicts: 5
target_assignment: {188: 1, 12: 5, 28: 5, 108: 2, 160: 8, 125: 7, 183: 7, 182: 7, 38: 6, 54: 6}
cluster_target_selection: {8: 188, 9: 12, 4: 28, 7: 108, 2: 160, 5: 125, 1: 183, 3: 182, 0: 38, 6: 54}
num_nodes_transformed_graph: 57
agent_paths:({0: [(9, 11), (10, 11), (11, 11), (11, 11)], 1: [(15, 8), (14, 8), (13, 8), (12, 8), (12, 9), (12, 10), (12, 11), (12, 10), (11, 10), (10, 10), (9, 10), (8, 10), (7, 10), (6, 10), (5, 10), (5, 9), (5, 8), (5, 7), (5, 7)], 2: [(13, 6), (12, 6), (11, 6), (10, 6), (9, 6), (8, 6), (7, 6), (6, 6), (5, 6), (4, 6), (3, 6), (3, 5), (3, 4), (3, 3), (3, 2), (3, 1), (3, 0), (3, 0)], 3: [(8, 6), (7, 6), (6, 6), (5, 6), (4, 6), (4, 5), (4, 4), (4, 3), (4, 2), (4, 1), (4, 0), (4, 0)], 4: [(10, 8), (10, 7), (10, 6), (10, 5), (10, 4), (10, 3), (11, 3), (12, 3), (13, 3), (14, 3), (14, 3)], 5: [(11, 0), (12, 0), (12, 1), (11, 1), (10, 1), (9, 1), (9, 2), (9, 3), (9, 4), (9, 5), (9, 6), (9, 7), (9, 7)], 6: [(4, 5), (4, 4), (4, 3), (4, 2), (5, 2), (6, 2), (6, 3), (7, 3), (8, 3), (9, 3), (10, 3), (11, 3), (12, 3), (13, 3), (13, 2), (14, 2), (15, 2), (15, 3), (15, 3)], 7: [(13, 15), (13, 14), (13, 13), (13, 12), (13, 11), (13, 10), (13, 9), (13, 8), (13, 7), (12, 7), (11, 7), (10, 7), (10, 8), (9, 8), (8, 8), (7, 8), (7, 9), (7, 10), (7, 11), (6, 11), (5, 11), (5, 11)], 8: [(3, 13), (2, 13), (1, 13), (0, 13), (0, 12), (0, 11), (0, 10), (1, 10), (2, 10), (2, 11), (2, 12), (2, 13), (2, 14), (2, 15), (2, 15)], 9: [(8, 8), (7, 8), (6, 8), (5, 8), (4, 8), (3, 8), (3, 8)]}, 20)