

CBSS-C STATS
starts:[107, 7, 129, 24, 39]
targets:[99, 132, 66, 93, 135, 167, 236, 53, 30, 35]
dests:[54, 106, 97, 183, 21]
ac_dict:{99: {0, 1}, 132: {1, 2}, 66: {2, 3}, 93: {3, 4}, 54: {0}, 106: {1}, 97: {2}, 183: {3}, 21: {4}}
clusters:[1 0 3 4 0 1 1 2 4 4]

round: 3
best_g_value: 45.0
open_list_size: 2
num_low_level_expanded: 305
search_success: 1
search_time: 0.32698261085897684
n_tsp_call: 1
n_tsp_time: 0.3121250751428306
n_roots: 1
num_conflicts: 2
target_assignment: {35: 3, 66: 3, 53: 3, 135: 3, 167: 3}
cluster_target_selection: {4: 35, 3: 66, 2: 53, 0: 135, 1: 167}
num_nodes_transformed_graph: 48
agent_paths:({0: [(11, 6), (10, 6), (9, 6), (8, 6), (7, 6), (6, 6), (6, 5), (6, 4), (6, 3), (6, 3)], 1: [(7, 0), (8, 0), (9, 0), (10, 0), (10, 1), (10, 2), (10, 3), (10, 4), (10, 5), (10, 6), (10, 6)], 2: [(1, 8), (1, 7), (1, 6), (1, 6)], 3: [(8, 1), (7, 1), (6, 1), (6, 2), (5, 2), (4, 2), (3, 2), (2, 2), (2, 3), (2, 4), (2, 3), (3, 3), (4, 3), (5, 3), (5, 4), (6, 4), (7, 4), (7, 5), (7, 6), (7, 7), (7, 8), (7, 9), (7, 10), (7, 11), (7, 11)], 4: [(7, 2), (6, 2), (5, 2), (5, 1), (5, 1)]}, 23)