

CBSS-C STATS
starts:[99, 13, 69, 213, 153, 222, 56, 53, 236, 20]
targets:[128, 170, 181, 162, 74, 98, 201, 122, 237, 255]
dests:[248, 163, 233, 161, 2, 147, 113, 246, 70, 190]
ac_dict:{128: {0, 1}, 170: {1, 2}, 181: {2, 3}, 162: {3, 4}, 74: {4, 5}, 98: {5, 6}, 201: {6, 7}, 122: {8, 7}, 237: {8, 9}, 248: {0}, 163: {1}, 233: {2}, 161: {3}, 2: {4}, 147: {5}, 113: {6}, 246: {7}, 70: {8}, 190: {9}}
clusters:[3 1 2 3 4 0 1 0 1 3]

round: 8
best_g_value: 148.0
open_list_size: 6
num_low_level_expanded: 1056
search_success: 1
search_time: 0.25349675863981247
n_tsp_call: 1
n_tsp_time: 0.20945858396589756
n_roots: 1
num_conflicts: 7
target_assignment: {162: 3, 98: 6, 74: 4, 181: 2, 170: 1}
cluster_target_selection: {3: 162, 0: 98, 4: 74, 2: 181, 1: 170}
num_nodes_transformed_graph: 48
agent_paths:({0: [(3, 6), (4, 6), (4, 7), (4, 8), (4, 9), (4, 10), (4, 11), (4, 12), (5, 12), (6, 12), (7, 12), (8, 12), (8, 13), (8, 14), (8, 15), (8, 15)], 1: [(13, 0), (12, 0), (11, 0), (10, 0), (10, 1), (10, 2), (10, 3), (10, 4), (10, 5), (10, 6), (10, 7), (10, 8), (10, 9), (10, 10), (9, 10), (8, 10), (7, 10), (6, 10), (5, 10), (4, 10), (3, 10), (3, 10)], 2: [(5, 4), (5, 5), (5, 6), (5, 7), (5, 8), (5, 9), (5, 10), (5, 11), (6, 11), (7, 11), (8, 11), (9, 11), (9, 12), (9, 13), (9, 14), (9, 14)], 3: [(5, 13), (4, 13), (3, 13), (2, 13), (2, 12), (2, 11), (2, 10), (1, 10), (1, 10)], 4: [(9, 9), (9, 8), (9, 7), (9, 6), (9, 5), (9, 4), (10, 4), (9, 4), (8, 4), (7, 4), (6, 4), (5, 4), (4, 4), (3, 4), (2, 4), (2, 3), (2, 2), (2, 1), (2, 0), (2, 0)], 5: [(14, 13), (13, 13), (12, 13), (11, 13), (10, 13), (9, 13), (8, 13), (7, 13), (6, 13), (5, 13), (4, 13), (3, 13), (3, 12), (3, 11), (3, 10), (3, 9), (3, 9)], 6: [(8, 3), (7, 3), (6, 3), (5, 3), (4, 3), (3, 3), (2, 3), (2, 4), (2, 5), (2, 6), (1, 6), (1, 7), (1, 7)], 7: [(5, 3), (5, 4), (5, 5), (5, 6), (5, 7), (5, 8), (5, 9), (5, 10), (5, 11), (5, 12), (6, 12), (6, 13), (6, 14), (6, 15), (6, 15)], 8: [(12, 14), (11, 14), (10, 14), (9, 14), (8, 14), (7, 14), (6, 14), (6, 13), (6, 12), (6, 11), (6, 10), (6, 9), (6, 8), (6, 7), (6, 6), (6, 5), (6, 4), (6, 4)], 9: [(4, 1), (5, 1), (6, 1), (7, 1), (8, 1), (9, 1), (10, 1), (11, 1), (12, 1), (13, 1), (14, 1), (14, 2), (14, 3), (14, 4), (14, 5), (14, 6), (14, 7), (14, 8), (14, 9), (14, 10), (14, 11), (14, 11)]}, 20)