

CBSS-C STATS
starts:[152, 107, 128, 86, 26]
targets:[135, 174, 131, 201, 170, 248, 184, 169, 76, 143]
dests:[18, 68, 7, 35, 27]
ac_dict:{135: {0, 1}, 174: {1, 2}, 131: {2, 3}, 201: {3, 4}, 18: {0}, 68: {1}, 7: {2}, 35: {3}, 27: {4}}
clusters:[1 0 0 1 0 1 0 0 0 1]

round: 2
best_g_value: 45.0
open_list_size: 1
num_low_level_expanded: 223
search_success: 1
search_time: 0.04038594616577029
n_tsp_call: 1
n_tsp_time: 0.03020769404247403
n_roots: 1
num_conflicts: 1
target_assignment: {135: 0, 131: 2}
cluster_target_selection: {1: 135, 0: 131}
num_nodes_transformed_graph: 27
agent_paths:({0: [(8, 9), (7, 9), (7, 8), (6, 8), (5, 8), (4, 8), (3, 8), (2, 8), (2, 7), (2, 6), (2, 5), (2, 4), (2, 3), (2, 2), (2, 1), (2, 1)], 1: [(11, 6), (10, 6), (9, 6), (8, 6), (7, 6), (6, 6), (5, 6), (4, 6), (4, 5), (4, 4), (4, 4)], 2: [(0, 8), (1, 8), (2, 8), (3, 8), (3, 7), (3, 6), (3, 5), (3, 4), (3, 3), (4, 3), (4, 2), (4, 1), (4, 0), (5, 0), (6, 0), (7, 0), (7, 0)], 3: [(6, 5), (5, 5), (4, 5), (3, 5), (3, 4), (3, 3), (3, 2), (3, 2)], 4: [(10, 1), (11, 1), (11, 1)]}, 15)