

CBSS-C STATS
starts:[161, 74, 165, 224, 148]
targets:[42, 126, 196, 153, 184, 158, 117, 27, 212, 188]
dests:[128, 47, 154, 112, 21]
ac_dict:{42: {0, 1}, 126: {1, 2}, 196: {2, 3}, 153: {3, 4}, 128: {0}, 47: {1}, 154: {2}, 112: {3}, 21: {4}}
clusters:[0 0 0 1 0 1 0 1 0 0]

round: 4
best_g_value: 36.0
open_list_size: 3
num_low_level_expanded: 165
search_success: 1
search_time: 0.26324489898979664
n_tsp_call: 5
n_tsp_time: 0.1634135413914919
n_roots: 1
num_conflicts: 3
target_assignment: {42: 1, 27: 1}
cluster_target_selection: {0: 42, 1: 27}
num_nodes_transformed_graph: 25
agent_paths:({0: [(1, 10), (0, 10), (0, 9), (0, 8), (0, 8)], 1: [(10, 4), (10, 3), (10, 2), (10, 1), (11, 1), (12, 1), (13, 1), (14, 1), (15, 1), (15, 2), (15, 2)], 2: [(5, 10), (5, 9), (6, 9), (7, 9), (8, 9), (9, 9), (10, 9), (10, 9)], 3: [(0, 14), (0, 13), (0, 12), (0, 11), (0, 10), (0, 9), (1, 9), (1, 8), (1, 7), (0, 7), (0, 7)], 4: [(4, 9), (4, 8), (4, 7), (4, 6), (4, 5), (4, 4), (4, 3), (4, 2), (4, 1), (5, 1), (5, 1)]}, 9)