

CBSS-C STATS
starts:[64, 74, 110, 134, 131, 36, 67, 206, 115, 173]
targets:[68, 203, 149, 252, 189, 22, 53, 247, 103, 197, 87, 178, 163, 223, 107]
dests:[171, 33, 1, 211, 170, 137, 213, 48, 127, 92]
ac_dict:{68: {0, 1}, 203: {1, 2}, 149: {2, 3}, 252: {3, 4}, 189: {4, 5}, 22: {5, 6}, 53: {6, 7}, 247: {8, 7}, 103: {8, 9}, 171: {0}, 33: {1}, 1: {2}, 211: {3}, 170: {4}, 137: {5}, 213: {6}, 48: {7}, 127: {8}, 92: {9}}
clusters:[3 2 0 5 9 6 9 8 4 5 1 7 0 8 1]

round: 108
best_g_value: 147.0
open_list_size: 95
num_low_level_expanded: 10237
search_success: 1
search_time: 1.9712016573175788
n_tsp_call: 1
n_tsp_time: 1.4180675381794572
n_roots: 1
num_conflicts: 107
target_assignment: {68: 0, 22: 5, 103: 8, 163: 4, 223: 2, 203: 2, 197: 2, 178: 2, 107: 7, 53: 7}
cluster_target_selection: {3: 68, 6: 22, 4: 103, 0: 163, 8: 223, 2: 203, 5: 197, 7: 178, 1: 107, 9: 53}
num_nodes_transformed_graph: 98
agent_paths:({0: [(0, 4), (1, 4), (2, 4), (3, 4), (4, 4), (4, 5), (5, 5), (6, 5), (7, 5), (8, 5), (8, 6), (8, 7), (8, 8), (8, 9), (9, 9), (10, 9), (11, 9), (11, 10), (11, 10)], 1: [(10, 4), (9, 4), (8, 4), (7, 4), (6, 4), (5, 4), (4, 4), (3, 4), (2, 4), (1, 4), (1, 3), (1, 2), (1, 2)], 2: [(14, 6), (15, 6), (15, 7), (15, 8), (15, 9), (15, 10), (15, 11), (15, 12), (15, 13), (14, 13), (13, 13), (12, 13), (11, 13), (11, 12), (10, 12), (9, 12), (8, 12), (7, 12), (6, 12), (5, 12), (4, 12), (3, 12), (2, 12), (2, 11), (2, 10), (2, 9), (2, 8), (2, 7), (2, 6), (2, 5), (2, 4), (2, 3), (2, 2), (2, 1), (1, 1), (1, 0), (1, 0)], 3: [(6, 8), (5, 8), (4, 8), (3, 8), (3, 9), (3, 10), (3, 11), (3, 12), (3, 13), (3, 13)], 4: [(3, 8), (3, 9), (3, 10), (4, 10), (5, 10), (6, 10), (7, 10), (8, 10), (9, 10), (10, 10), (10, 10)], 5: [(4, 2), (4, 1), (5, 1), (6, 1), (7, 1), (8, 1), (9, 1), (9, 2), (9, 3), (9, 4), (9, 5), (9, 6), (9, 7), (9, 8), (9, 8)], 6: [(3, 4), (4, 4), (5, 4), (5, 5), (5, 6), (5, 7), (5, 8), (5, 9), (5, 10), (5, 11), (5, 12), (5, 13), (5, 13)], 7: [(14, 12), (13, 12), (12, 12), (11, 12), (11, 11), (11, 10), (11, 9), (11, 8), (11, 7), (11, 6), (10, 6), (10, 5), (9, 5), (8, 5), (7, 5), (6, 5), (5, 5), (5, 4), (5, 3), (4, 3), (3, 3), (2, 3), (1, 3), (0, 3), (0, 3)], 8: [(3, 7), (3, 6), (4, 6), (5, 6), (6, 6), (7, 6), (8, 6), (9, 6), (10, 6), (10, 7), (11, 7), (12, 7), (13, 7), (14, 7), (15, 7), (15, 7)], 9: [(13, 10), (12, 10), (12, 9), (12, 8), (12, 7), (12, 6), (12, 5), (12, 5)]}, 35)