

CBSS-C STATS
starts:[29, 94, 136, 143, 237, 102, 61, 13, 26, 106]
targets:[174, 56, 227, 70, 189, 134, 36, 69, 67, 110, 31, 4, 27, 228, 118]
dests:[171, 179, 80, 11, 185, 77, 57, 246, 44, 109]
ac_dict:{174: {0, 1}, 56: {1, 2}, 227: {2, 3}, 70: {3, 4}, 189: {4, 5}, 134: {5, 6}, 36: {6, 7}, 69: {8, 7}, 67: {8, 9}, 171: {0}, 179: {1}, 80: {2}, 11: {3}, 185: {4}, 77: {5}, 57: {6}, 246: {7}, 44: {8}, 109: {9}}
clusters:[8 9 3 8 4 5 2 8 1 1 0 7 6 2 4]

round: 3
best_g_value: 129.0
open_list_size: 1
num_low_level_expanded: 501
search_success: 1
search_time: 0.4422759208828211
n_tsp_call: 1
n_tsp_time: 0.41921323211863637
n_roots: 1
num_conflicts: 2
target_assignment: {27: 8, 134: 5, 56: 2, 227: 2, 110: 1, 174: 1, 31: 3, 4: 7, 228: 7, 189: 4}
cluster_target_selection: {6: 27, 5: 134, 9: 56, 3: 227, 1: 110, 8: 174, 0: 31, 7: 4, 2: 228, 4: 189}
num_nodes_transformed_graph: 57
agent_paths:({0: [(13, 1), (13, 2), (12, 2), (11, 2), (11, 3), (11, 4), (11, 5), (11, 6), (11, 7), (11, 8), (11, 9), (11, 10), (11, 10)], 1: [(14, 5), (14, 6), (14, 7), (14, 8), (14, 9), (14, 10), (13, 10), (12, 10), (11, 10), (10, 10), (9, 10), (8, 10), (7, 10), (6, 10), (5, 10), (4, 10), (3, 10), (3, 11), (3, 11)], 2: [(8, 8), (8, 7), (8, 6), (8, 5), (8, 4), (8, 3), (7, 3), (6, 3), (5, 3), (4, 3), (4, 4), (4, 5), (4, 6), (4, 7), (4, 8), (4, 9), (4, 10), (4, 11), (4, 12), (3, 12), (3, 13), (3, 14), (2, 14), (1, 14), (0, 14), (0, 13), (0, 12), (0, 11), (0, 10), (0, 9), (0, 8), (0, 7), (0, 6), (0, 5), (0, 5)], 3: [(15, 8), (15, 7), (15, 6), (15, 5), (15, 4), (15, 3), (15, 2), (15, 1), (14, 1), (13, 1), (12, 1), (11, 1), (11, 0), (11, 0)], 4: [(13, 14), (13, 13), (13, 12), (13, 11), (12, 11), (11, 11), (10, 11), (9, 11), (9, 11)], 5: [(6, 6), (6, 7), (6, 8), (6, 7), (6, 6), (6, 5), (6, 4), (7, 4), (8, 4), (9, 4), (10, 4), (11, 4), (12, 4), (13, 4), (13, 4)], 6: [(13, 3), (12, 3), (11, 3), (10, 3), (9, 3), (9, 3)], 7: [(13, 0), (12, 0), (11, 0), (10, 0), (9, 0), (8, 0), (7, 0), (6, 0), (5, 0), (4, 0), (4, 1), (4, 2), (4, 3), (4, 4), (4, 5), (4, 6), (4, 7), (4, 8), (4, 9), (4, 10), (4, 11), (4, 12), (4, 13), (4, 14), (5, 14), (6, 14), (6, 15), (6, 15)], 8: [(10, 1), (11, 1), (12, 1), (12, 2), (12, 2)], 9: [(10, 6), (11, 6), (12, 6), (13, 6), (13, 6)]}, 33)