

CBSS-C STATS
starts:[161, 203, 77, 189, 142, 83, 28, 188, 182, 87]
targets:[251, 216, 221, 198, 171, 165, 155, 48, 6, 94]
dests:[225, 163, 166, 69, 106, 15, 158, 38, 184, 93]
ac_dict:{251: {0, 1}, 216: {1, 2}, 221: {2, 3}, 198: {3, 4}, 171: {4, 5}, 165: {5, 6}, 155: {6, 7}, 48: {8, 7}, 6: {8, 9}, 225: {0}, 163: {1}, 166: {2}, 69: {3}, 106: {4}, 15: {5}, 158: {6}, 38: {7}, 184: {8}, 93: {9}}
clusters:[2 3 3 2 4 1 1 4 0 2]

round: 4
best_g_value: 116.0
open_list_size: 3
num_low_level_expanded: 625
search_success: 1
search_time: 0.22845538100227714
n_tsp_call: 1
n_tsp_time: 0.20042707584798336
n_roots: 1
num_conflicts: 3
target_assignment: {171: 4, 216: 1, 155: 7, 94: 5, 6: 9}
cluster_target_selection: {4: 171, 3: 216, 1: 155, 2: 94, 0: 6}
num_nodes_transformed_graph: 48
agent_paths:({0: [(1, 10), (1, 11), (1, 12), (1, 13), (1, 14), (1, 14)], 1: [(11, 12), (10, 12), (9, 12), (8, 12), (8, 13), (7, 13), (6, 13), (5, 13), (4, 13), (3, 13), (3, 12), (3, 11), (3, 10), (3, 10)], 2: [(13, 4), (12, 4), (11, 4), (10, 4), (9, 4), (8, 4), (7, 4), (7, 5), (7, 6), (7, 7), (7, 8), (6, 8), (6, 9), (6, 10), (6, 10)], 3: [(13, 11), (12, 11), (11, 11), (10, 11), (9, 11), (9, 10), (8, 10), (7, 10), (6, 10), (5, 10), (5, 9), (5, 8), (5, 7), (5, 6), (5, 5), (5, 4), (5, 4)], 4: [(14, 8), (13, 8), (12, 8), (11, 8), (11, 9), (11, 10), (10, 10), (10, 9), (10, 8), (10, 7), (10, 6), (10, 6)], 5: [(3, 5), (4, 5), (5, 5), (6, 5), (7, 5), (8, 5), (9, 5), (10, 5), (11, 5), (12, 5), (13, 5), (14, 5), (14, 4), (14, 3), (14, 2), (14, 1), (14, 0), (15, 0), (15, 0)], 6: [(12, 1), (13, 1), (14, 1), (14, 2), (14, 3), (14, 4), (14, 5), (14, 6), (14, 7), (14, 8), (14, 9), (14, 9)], 7: [(12, 11), (11, 11), (11, 10), (11, 9), (10, 9), (9, 9), (8, 9), (7, 9), (6, 9), (6, 8), (6, 7), (6, 6), (6, 5), (6, 4), (6, 3), (6, 2), (6, 2)], 8: [(6, 11), (7, 11), (8, 11), (8, 11)], 9: [(7, 5), (6, 5), (6, 4), (6, 3), (6, 2), (6, 1), (6, 0), (7, 0), (8, 0), (9, 0), (10, 0), (11, 0), (12, 0), (13, 0), (13, 1), (13, 2), (13, 3), (13, 4), (13, 5), (13, 5)]}, 18)