

CBSS-C STATS
starts:[102, 239, 215, 155, 25, 21, 169, 223, 255, 142]
targets:[149, 28, 38, 132, 232, 17, 152, 35, 189, 198]
dests:[62, 143, 0, 65, 157, 105, 187, 205, 107, 201]
ac_dict:{149: {0, 1}, 28: {1, 2}, 38: {2, 3}, 132: {3, 4}, 232: {4, 5}, 17: {5, 6}, 152: {6, 7}, 35: {8, 7}, 189: {8, 9}, 62: {0}, 143: {1}, 0: {2}, 65: {3}, 157: {4}, 105: {5}, 187: {6}, 205: {7}, 107: {8}, 201: {9}}
clusters:[2 2 1 4 0 4 1 4 3 1]

round: 43
best_g_value: 122.0
open_list_size: 42
num_low_level_expanded: 3581
search_success: 1
search_time: 1.857433043885976
n_tsp_call: 13
n_tsp_time: 1.363914216402918
n_roots: 1
num_conflicts: 42
target_assignment: {149: 0, 189: 9, 38: 2, 132: 3, 232: 4}
cluster_target_selection: {2: 149, 3: 189, 1: 38, 4: 132, 0: 232}
num_nodes_transformed_graph: 33
agent_paths:({0: [(6, 6), (5, 6), (5, 7), (5, 8), (5, 9), (5, 8), (5, 7), (5, 6), (5, 5), (6, 5), (7, 5), (7, 4), (7, 3), (8, 3), (9, 3), (10, 3), (11, 3), (12, 3), (13, 3), (14, 3), (14, 3)], 1: [(15, 14), (15, 13), (15, 12), (15, 11), (15, 10), (15, 9), (15, 8), (15, 8)], 2: [(7, 13), (7, 12), (7, 11), (7, 10), (7, 9), (7, 8), (7, 7), (7, 6), (7, 5), (7, 4), (6, 4), (6, 3), (6, 2), (5, 2), (4, 2), (3, 2), (2, 2), (1, 2), (0, 2), (0, 1), (0, 0), (0, 0)], 3: [(11, 9), (10, 9), (9, 9), (8, 9), (8, 8), (8, 8), (7, 8), (6, 8), (5, 8), (4, 8), (3, 8), (2, 8), (1, 8), (1, 7), (1, 6), (1, 5), (1, 4), (1, 4)], 4: [(9, 1), (8, 1), (8, 2), (8, 3), (8, 4), (8, 5), (8, 6), (8, 7), (8, 8), (8, 9), (8, 10), (8, 11), (8, 12), (8, 13), (8, 14), (8, 13), (8, 12), (8, 11), (8, 10), (8, 9), (9, 9), (10, 9), (11, 9), (12, 9), (13, 9), (13, 9)], 5: [(5, 1), (6, 1), (7, 1), (8, 1), (9, 1), (9, 2), (9, 3), (9, 4), (9, 5), (9, 6), (9, 6)], 6: [(9, 10), (10, 10), (11, 10), (11, 11), (11, 11)], 7: [(15, 13), (14, 13), (13, 13), (13, 12), (13, 12)], 8: [(15, 15), (14, 15), (14, 14), (14, 13), (14, 12), (14, 11), (13, 11), (12, 11), (12, 10), (11, 10), (11, 9), (11, 8), (11, 7), (11, 6), (11, 6)], 9: [(14, 8), (13, 8), (13, 9), (13, 10), (13, 11), (12, 11), (12, 12), (11, 12), (10, 12), (9, 12), (9, 12)]}, 24)