

CBSS-C STATS
starts:[82, 197, 99, 124, 105, 187, 203, 237, 165, 90]
targets:[248, 221, 188, 138, 85, 44, 217, 67, 130, 121]
dests:[241, 180, 249, 29, 63, 16, 163, 168, 167, 20]
ac_dict:{248: {0, 1}, 221: {1, 2}, 188: {2, 3}, 138: {3, 4}, 85: {4, 5}, 44: {5, 6}, 217: {6, 7}, 67: {8, 7}, 130: {8, 9}, 241: {0}, 180: {1}, 249: {2}, 29: {3}, 63: {4}, 16: {5}, 163: {6}, 168: {7}, 167: {8}, 20: {9}}
clusters:[4 0 4 0 1 2 1 1 3 0]

round: 2
best_g_value: 114.0
open_list_size: 1
num_low_level_expanded: 332
search_success: 1
search_time: 0.2451387490145862
n_tsp_call: 1
n_tsp_time: 0.2262994209304452
n_roots: 1
num_conflicts: 1
target_assignment: {44: 5, 130: 8, 217: 7, 121: 2, 188: 2}
cluster_target_selection: {2: 44, 3: 130, 1: 217, 0: 121, 4: 188}
num_nodes_transformed_graph: 48
agent_paths:({0: [(2, 5), (1, 5), (1, 6), (1, 7), (1, 8), (1, 9), (1, 10), (1, 11), (1, 12), (1, 13), (1, 14), (1, 15), (1, 15)], 1: [(5, 12), (4, 12), (4, 11), (4, 11)], 2: [(3, 6), (4, 6), (5, 6), (6, 6), (7, 6), (8, 6), (9, 6), (9, 7), (10, 7), (11, 7), (12, 7), (12, 8), (12, 9), (12, 10), (12, 11), (11, 11), (10, 11), (9, 11), (9, 12), (9, 13), (9, 14), (9, 15), (9, 15)], 3: [(12, 7), (12, 6), (12, 5), (12, 4), (12, 3), (12, 2), (12, 1), (13, 1), (13, 1)], 4: [(9, 6), (10, 6), (10, 5), (10, 4), (10, 3), (11, 3), (12, 3), (13, 3), (14, 3), (15, 3), (15, 3)], 5: [(11, 11), (11, 10), (11, 9), (11, 8), (11, 7), (11, 6), (11, 5), (11, 4), (11, 3), (11, 2), (12, 2), (11, 2), (10, 2), (9, 2), (8, 2), (7, 2), (6, 2), (5, 2), (4, 2), (3, 2), (2, 2), (1, 2), (0, 2), (0, 1), (0, 1)], 6: [(11, 12), (10, 12), (9, 12), (8, 12), (7, 12), (6, 12), (5, 12), (4, 12), (3, 12), (3, 11), (3, 10), (3, 10)], 7: [(13, 14), (12, 14), (11, 14), (10, 14), (9, 14), (9, 13), (8, 13), (8, 12), (8, 11), (8, 10), (8, 10)], 8: [(5, 10), (4, 10), (3, 10), (2, 10), (2, 9), (2, 8), (3, 8), (4, 8), (5, 8), (6, 8), (7, 8), (7, 9), (7, 10), (7, 10)], 9: [(10, 5), (9, 5), (8, 5), (7, 5), (6, 5), (5, 5), (4, 5), (4, 4), (4, 3), (4, 2), (4, 1), (4, 1)]}, 23)