

CBSS-C STATS
starts:[14, 116, 162, 41, 60, 25, 107, 245, 13, 112]
targets:[139, 232, 33, 70, 119, 224, 6, 217, 44, 159, 229, 69, 93, 12, 123]
dests:[204, 87, 103, 1, 243, 131, 239, 40, 190, 187]
ac_dict:{139: {0, 1}, 232: {1, 2}, 33: {2, 3}, 70: {3, 4}, 119: {4, 5}, 224: {5, 6}, 6: {6, 7}, 217: {8, 7}, 44: {8, 9}, 204: {0}, 87: {1}, 103: {2}, 1: {3}, 243: {4}, 131: {5}, 239: {6}, 40: {7}, 190: {8}, 187: {9}}
clusters:[7 6 4 4 1 0 7 5 3 2 3 1 9 7 8]

round: 2
best_g_value: 157.0
open_list_size: 1
num_low_level_expanded: 470
search_success: 1
search_time: 1.2727274373173714
n_tsp_call: 1
n_tsp_time: 1.242332562804222
n_roots: 1
num_conflicts: 1
target_assignment: {12: 0, 159: 6, 123: 9, 229: 7, 217: 7, 69: 5, 224: 5, 232: 2, 70: 4, 93: 8}
cluster_target_selection: {7: 12, 2: 159, 8: 123, 3: 229, 5: 217, 1: 69, 0: 224, 6: 232, 4: 70, 9: 93}
num_nodes_transformed_graph: 98
agent_paths:({0: [(14, 0), (13, 0), (12, 0), (12, 1), (12, 2), (12, 3), (12, 4), (12, 5), (12, 6), (12, 7), (12, 8), (12, 9), (12, 10), (12, 11), (12, 12), (12, 12)], 1: [(4, 7), (4, 6), (4, 5), (5, 5), (6, 5), (7, 5), (7, 5)], 2: [(2, 10), (3, 10), (4, 10), (5, 10), (6, 10), (7, 10), (7, 11), (7, 12), (7, 13), (8, 13), (8, 14), (7, 14), (7, 13), (7, 12), (7, 11), (7, 10), (7, 9), (7, 8), (7, 7), (7, 6), (7, 6)], 3: [(9, 2), (8, 2), (7, 2), (6, 2), (5, 2), (4, 2), (3, 2), (2, 2), (1, 2), (1, 1), (1, 0), (1, 0)], 4: [(12, 3), (11, 3), (10, 3), (9, 3), (8, 3), (7, 3), (6, 3), (6, 4), (5, 4), (4, 4), (3, 4), (3, 5), (3, 6), (3, 7), (3, 8), (3, 9), (3, 10), (3, 11), (3, 12), (3, 13), (3, 14), (3, 15), (3, 15)], 5: [(9, 1), (8, 1), (7, 1), (6, 1), (5, 1), (5, 2), (5, 3), (5, 4), (4, 4), (3, 4), (2, 4), (1, 4), (0, 4), (0, 5), (0, 6), (0, 7), (0, 8), (0, 9), (0, 10), (0, 11), (0, 12), (0, 13), (0, 14), (0, 13), (0, 12), (0, 11), (0, 10), (0, 9), (0, 8), (1, 8), (2, 8), (3, 8), (3, 8)], 6: [(11, 6), (12, 6), (13, 6), (14, 6), (15, 6), (15, 7), (15, 8), (15, 9), (15, 10), (15, 11), (15, 12), (15, 13), (15, 14), (15, 14)], 7: [(5, 15), (5, 14), (5, 13), (6, 13), (7, 13), (8, 13), (9, 13), (8, 13), (8, 12), (8, 11), (8, 10), (8, 9), (8, 8), (8, 7), (8, 6), (8, 5), (8, 4), (8, 3), (8, 2), (8, 2)], 8: [(13, 0), (13, 1), (13, 2), (13, 3), (13, 4), (13, 5), (14, 5), (14, 6), (14, 7), (14, 8), (14, 9), (14, 10), (14, 11), (14, 11)], 9: [(0, 7), (1, 7), (2, 7), (3, 7), (4, 7), (5, 7), (6, 7), (7, 7), (8, 7), (9, 7), (10, 7), (11, 7), (11, 8), (11, 9), (11, 10), (11, 11), (11, 11)]}, 31)