

CBSS-C STATS
starts:[54, 87, 64, 225, 217, 126, 17, 153, 7, 25]
targets:[62, 5, 184, 216, 245, 222, 115, 58, 28, 40]
dests:[11, 13, 192, 250, 68, 171, 8, 210, 103, 21]
ac_dict:{62: {0, 1}, 5: {1, 2}, 184: {2, 3}, 216: {3, 4}, 245: {4, 5}, 222: {5, 6}, 115: {6, 7}, 58: {8, 7}, 28: {8, 9}, 11: {0}, 13: {1}, 192: {2}, 250: {3}, 68: {4}, 171: {5}, 8: {6}, 210: {7}, 103: {8}, 21: {9}}
clusters:[1 3 4 3 1 3 1 0 0 2]

round: 3
best_g_value: 100.0
open_list_size: 2
num_low_level_expanded: 361
search_success: 1
search_time: 0.23821636103093624
n_tsp_call: 1
n_tsp_time: 0.21823169104754925
n_roots: 1
num_conflicts: 2
target_assignment: {40: 0, 28: 9, 62: 1, 216: 3, 184: 3}
cluster_target_selection: {2: 40, 0: 28, 1: 62, 3: 216, 4: 184}
num_nodes_transformed_graph: 48
agent_paths:({0: [(6, 3), (7, 3), (8, 3), (8, 2), (8, 1), (8, 0), (9, 0), (10, 0), (11, 0), (11, 0)], 1: [(7, 5), (7, 4), (7, 3), (8, 3), (9, 3), (10, 3), (11, 3), (12, 3), (13, 3), (14, 3), (13, 3), (13, 2), (13, 1), (13, 0), (13, 0)], 2: [(0, 4), (0, 5), (0, 6), (0, 7), (0, 8), (0, 9), (0, 10), (0, 11), (0, 12), (0, 12)], 3: [(1, 14), (2, 14), (3, 14), (4, 14), (5, 14), (5, 13), (6, 13), (7, 13), (8, 13), (8, 12), (8, 11), (9, 11), (10, 11), (10, 12), (10, 13), (10, 14), (10, 15), (10, 15)], 4: [(9, 13), (8, 13), (7, 13), (6, 13), (5, 13), (4, 13), (4, 12), (4, 11), (4, 10), (4, 9), (4, 8), (4, 7), (4, 6), (4, 5), (4, 4), (4, 4)], 5: [(14, 7), (13, 7), (12, 7), (11, 7), (11, 8), (11, 9), (11, 10), (11, 10)], 6: [(1, 1), (1, 0), (2, 0), (3, 0), (4, 0), (5, 0), (6, 0), (7, 0), (8, 0), (8, 0)], 7: [(9, 9), (8, 9), (7, 9), (6, 9), (5, 9), (4, 9), (3, 9), (2, 9), (2, 10), (2, 11), (2, 12), (2, 13), (2, 13)], 8: [(7, 0), (7, 1), (7, 2), (7, 3), (7, 4), (7, 5), (7, 6), (7, 6)], 9: [(9, 1), (10, 1), (11, 1), (12, 1), (11, 1), (10, 1), (9, 1), (8, 1), (7, 1), (6, 1), (5, 1), (5, 1)]}, 16)