

CBSS-C STATS
starts:[6, 134, 93, 187, 5, 196, 234, 8, 104, 179]
targets:[70, 162, 98, 13, 26, 67, 11, 113, 74, 15]
dests:[212, 211, 118, 40, 214, 96, 39, 47, 215, 138]
ac_dict:{70: {0, 1}, 162: {1, 2}, 98: {2, 3}, 13: {3, 4}, 26: {4, 5}, 67: {5, 6}, 11: {6, 7}, 113: {8, 7}, 74: {8, 9}, 212: {0}, 211: {1}, 118: {2}, 40: {3}, 214: {4}, 96: {5}, 39: {6}, 47: {7}, 215: {8}, 138: {9}}
clusters:[0 2 1 4 2 2 4 0 1 3]

round: 9
best_g_value: 120.0
open_list_size: 8
num_low_level_expanded: 961
search_success: 1
search_time: 0.15698603307828307
n_tsp_call: 1
n_tsp_time: 0.109723050147295
n_roots: 1
num_conflicts: 8
target_assignment: {70: 0, 11: 7, 15: 7, 162: 1, 74: 8}
cluster_target_selection: {0: 70, 4: 11, 3: 15, 2: 162, 1: 74}
num_nodes_transformed_graph: 34
agent_paths:({0: [(6, 0), (6, 1), (6, 2), (6, 3), (6, 4), (5, 4), (4, 4), (4, 5), (4, 6), (4, 7), (4, 8), (4, 9), (4, 10), (4, 11), (4, 12), (4, 13), (4, 13)], 1: [(6, 8), (5, 8), (4, 8), (4, 9), (3, 9), (2, 9), (2, 10), (3, 10), (3, 11), (3, 12), (3, 13), (3, 13)], 2: [(13, 5), (12, 5), (11, 5), (10, 5), (9, 5), (8, 5), (7, 5), (6, 5), (6, 6), (6, 7), (6, 7)], 3: [(11, 11), (10, 11), (9, 11), (8, 11), (8, 10), (8, 9), (8, 8), (8, 7), (8, 6), (8, 5), (8, 4), (8, 3), (8, 2), (8, 2)], 4: [(5, 0), (6, 0), (6, 1), (6, 2), (6, 3), (6, 4), (6, 5), (6, 6), (6, 7), (6, 8), (6, 9), (6, 10), (6, 11), (6, 12), (6, 13), (6, 13)], 5: [(4, 12), (3, 12), (2, 12), (1, 12), (0, 12), (0, 11), (0, 10), (0, 9), (0, 8), (0, 7), (0, 6), (0, 6)], 6: [(10, 14), (9, 14), (9, 13), (9, 12), (9, 11), (9, 10), (9, 9), (9, 8), (9, 7), (8, 7), (8, 6), (7, 6), (7, 5), (7, 4), (7, 3), (7, 2), (7, 2)], 7: [(8, 0), (9, 0), (10, 0), (11, 0), (12, 0), (13, 0), (14, 0), (15, 0), (15, 1), (15, 2), (15, 2)], 8: [(8, 6), (8, 5), (8, 4), (9, 4), (10, 4), (9, 4), (8, 4), (7, 4), (7, 5), (7, 6), (7, 7), (7, 8), (7, 9), (7, 10), (7, 11), (7, 12), (7, 13), (7, 13)], 9: [(3, 11), (3, 10), (3, 9), (3, 8), (4, 8), (5, 8), (6, 8), (7, 8), (8, 8), (9, 8), (10, 8), (10, 8)]}, 16)