

CBSS-C STATS
starts:[187, 163, 146, 26, 13]
targets:[45, 240, 66, 186, 79, 82, 208, 113, 109, 231]
dests:[197, 80, 217, 252, 152]
ac_dict:{45: {0, 1}, 240: {1, 2}, 66: {2, 3}, 186: {3, 4}, 197: {0}, 80: {1}, 217: {2}, 252: {3}, 152: {4}}
clusters:[0 0 0 0 0 1 1 1 1 1]

round: 1
best_g_value: 56.0
open_list_size: 0
num_low_level_expanded: 135
search_success: 1
search_time: 0.13737707678228617
n_tsp_call: 1
n_tsp_time: 0.12809661775827408
n_roots: 1
num_conflicts: 0
target_assignment: {186: 3, 109: 4}
cluster_target_selection: {0: 186, 1: 109}
num_nodes_transformed_graph: 48
agent_paths:({0: [(11, 11), (10, 11), (9, 11), (8, 11), (7, 11), (6, 11), (5, 11), (5, 12), (5, 12)], 1: [(3, 10), (2, 10), (1, 10), (0, 10), (0, 9), (0, 8), (0, 7), (0, 6), (0, 5), (0, 5)], 2: [(2, 9), (3, 9), (4, 9), (5, 9), (6, 9), (7, 9), (8, 9), (9, 9), (9, 10), (9, 11), (9, 12), (9, 13), (9, 13)], 3: [(10, 1), (10, 2), (10, 3), (10, 4), (10, 5), (10, 6), (10, 7), (10, 8), (10, 9), (10, 10), (10, 11), (11, 11), (12, 11), (12, 12), (12, 13), (12, 14), (12, 15), (12, 15)], 4: [(13, 0), (13, 1), (13, 2), (13, 3), (13, 4), (13, 5), (13, 6), (12, 6), (11, 6), (10, 6), (9, 6), (8, 6), (8, 7), (8, 8), (8, 9), (8, 9)]}, 16)