

CBSS-C STATS
starts:[73, 61, 22, 13, 94]
targets:[27, 51, 37, 26, 7, 190, 245, 180, 76, 99, 50, 108, 198, 65, 6, 97, 193, 160, 109, 209]
dests:[161, 167, 212, 25, 16]
ac_dict:{27: {0, 1}, 51: {1, 2}, 37: {2, 3}, 26: {3, 4}, 161: {0}, 167: {1}, 212: {2}, 25: {3}, 16: {4}}
clusters:[3 7 2 4 3 0 4 8 4 0 0 1 7 9 8 5 8 2 6 3]

round: 4
best_g_value: 69.0
open_list_size: 3
num_low_level_expanded: 345
search_success: 1
search_time: 16.842748580034822
n_tsp_call: 14
n_tsp_time: 16.38606472313404
n_roots: 1
num_conflicts: 3
target_assignment: {65: 0, 97: 0, 109: 1, 108: 1, 37: 2, 51: 2, 99: 2, 26: 4, 7: 4, 6: 4}
cluster_target_selection: {9: 65, 5: 97, 6: 109, 1: 108, 2: 37, 7: 51, 0: 99, 4: 26, 3: 7, 8: 6}
num_nodes_transformed_graph: 98
agent_paths:({0: [(9, 4), (8, 4), (7, 4), (6, 4), (5, 4), (4, 4), (4, 4), (3, 4), (2, 4), (1, 4), (1, 5), (1, 6), (1, 7), (1, 8), (1, 9), (1, 10), (1, 10)], 1: [(13, 3), (13, 4), (13, 5), (13, 6), (12, 6), (11, 6), (10, 6), (9, 6), (8, 6), (7, 6), (7, 7), (7, 8), (7, 9), (7, 10), (7, 10)], 2: [(6, 1), (5, 1), (5, 2), (4, 2), (3, 2), (3, 3), (3, 4), (3, 5), (3, 6), (4, 6), (4, 7), (4, 8), (4, 9), (4, 10), (4, 11), (4, 12), (4, 13), (4, 13)], 3: [(13, 0), (12, 0), (11, 0), (10, 0), (9, 0), (9, 1), (9, 1)], 4: [(14, 5), (13, 5), (12, 5), (11, 5), (10, 5), (10, 4), (10, 3), (10, 2), (10, 1), (10, 0), (9, 0), (8, 0), (7, 0), (6, 0), (5, 0), (4, 0), (3, 0), (2, 0), (1, 0), (0, 0), (0, 1), (0, 1)]}, 20)