

CBSS-C STATS
starts:[75, 77, 220, 36, 129]
targets:[170, 234, 115, 80, 109, 1, 9, 212, 42, 202]
dests:[25, 243, 51, 252, 233]
ac_dict:{170: {0, 1}, 234: {1, 2}, 115: {2, 3}, 80: {3, 4}, 25: {0}, 243: {1}, 51: {2}, 252: {3}, 233: {4}}
clusters:[2 3 3 2 2 4 1 2 3 0]

round: 1
best_g_value: 90.0
open_list_size: 0
num_low_level_expanded: 325
search_success: 1
search_time: 0.41830541007220745
n_tsp_call: 1
n_tsp_time: 0.40164277190342546
n_roots: 1
num_conflicts: 0
target_assignment: {202: 2, 115: 2, 212: 1, 1: 3, 9: 3}
cluster_target_selection: {0: 202, 3: 115, 2: 212, 4: 1, 1: 9}
num_nodes_transformed_graph: 48
agent_paths:({0: [(11, 4), (10, 4), (9, 4), (9, 3), (9, 2), (9, 1), (9, 1)], 1: [(13, 4), (12, 4), (11, 4), (10, 4), (9, 4), (8, 4), (7, 4), (6, 4), (5, 4), (4, 4), (4, 5), (4, 6), (4, 7), (4, 8), (4, 9), (4, 10), (4, 11), (4, 12), (4, 13), (3, 13), (3, 14), (3, 15), (3, 15)], 2: [(12, 13), (11, 13), (10, 13), (10, 12), (9, 12), (8, 12), (7, 12), (6, 12), (5, 12), (4, 12), (3, 12), (3, 11), (3, 10), (3, 9), (3, 8), (3, 7), (3, 6), (3, 5), (3, 4), (3, 3), (3, 3)], 3: [(4, 2), (3, 2), (2, 2), (1, 2), (1, 1), (1, 0), (2, 0), (3, 0), (4, 0), (5, 0), (6, 0), (7, 0), (8, 0), (9, 0), (10, 0), (11, 0), (12, 0), (12, 1), (12, 2), (12, 3), (12, 4), (12, 5), (12, 6), (12, 7), (12, 8), (12, 9), (12, 10), (12, 11), (12, 12), (12, 13), (12, 14), (12, 15), (12, 15)], 4: [(1, 8), (2, 8), (3, 8), (4, 8), (5, 8), (6, 8), (7, 8), (8, 8), (9, 8), (9, 9), (9, 10), (9, 11), (9, 12), (9, 13), (9, 14), (9, 14)]}, 31)