

CBSS-C STATS
starts:[33, 224, 164, 5, 82, 175, 233, 241, 129, 107]
targets:[234, 117, 37, 20, 110, 7, 100, 23, 18, 178]
dests:[172, 48, 109, 84, 55, 42, 206, 197, 228, 226]
ac_dict:{234: {0, 1}, 117: {1, 2}, 37: {2, 3}, 20: {3, 4}, 110: {4, 5}, 7: {5, 6}, 100: {6, 7}, 23: {8, 7}, 18: {8, 9}, 172: {0}, 48: {1}, 109: {2}, 84: {3}, 55: {4}, 42: {5}, 206: {6}, 197: {7}, 228: {8}, 226: {9}}
clusters:[2 0 2 4 3 2 3 4 2 1]

round: 17
best_g_value: 111.0
open_list_size: 15
num_low_level_expanded: 2147
search_success: 1
search_time: 0.1790266172029078
n_tsp_call: 1
n_tsp_time: 0.10431233374401927
n_roots: 1
num_conflicts: 16
target_assignment: {20: 3, 37: 3, 178: 8, 110: 5, 117: 2}
cluster_target_selection: {4: 20, 2: 37, 1: 178, 3: 110, 0: 117}
num_nodes_transformed_graph: 34
agent_paths:({0: [(1, 2), (2, 2), (3, 2), (4, 2), (4, 3), (4, 4), (5, 4), (6, 4), (7, 4), (8, 4), (9, 4), (10, 4), (11, 4), (12, 4), (12, 5), (12, 6), (12, 7), (12, 8), (12, 9), (12, 10), (12, 10)], 1: [(0, 14), (0, 13), (0, 12), (0, 11), (0, 10), (0, 9), (0, 8), (0, 7), (0, 6), (0, 5), (0, 4), (0, 3), (0, 3)], 2: [(4, 10), (4, 9), (4, 8), (4, 7), (5, 7), (6, 7), (6, 6), (7, 6), (8, 6), (9, 6), (10, 6), (11, 6), (12, 6), (13, 6), (13, 6)], 3: [(5, 0), (4, 0), (4, 1), (5, 1), (5, 2), (4, 2), (4, 3), (4, 4), (4, 5), (4, 5)], 4: [(2, 5), (2, 4), (3, 4), (4, 4), (5, 4), (5, 3), (6, 3), (7, 3), (7, 3)], 5: [(15, 10), (14, 10), (14, 9), (14, 8), (14, 7), (14, 6), (13, 6), (12, 6), (11, 6), (11, 5), (11, 4), (11, 3), (10, 3), (10, 2), (10, 2)], 6: [(9, 14), (9, 13), (9, 12), (10, 12), (11, 12), (12, 12), (13, 12), (14, 12), (14, 12)], 7: [(1, 15), (1, 14), (1, 13), (1, 12), (2, 12), (3, 12), (4, 12), (5, 12), (5, 12)], 8: [(1, 8), (2, 8), (2, 9), (2, 10), (2, 11), (3, 11), (4, 11), (4, 12), (4, 13), (4, 14), (4, 14)], 9: [(11, 6), (10, 6), (9, 6), (8, 6), (7, 6), (6, 6), (5, 6), (4, 6), (3, 6), (2, 6), (2, 7), (2, 8), (2, 9), (2, 10), (2, 11), (2, 12), (2, 13), (2, 14), (2, 14)]}, 19)