

CBSS-C STATS
starts:[142, 87, 31, 121, 156]
targets:[11, 158, 170, 74, 62, 114, 176, 173, 139, 4, 15, 91, 17, 106, 10, 129, 165, 154, 65, 240]
dests:[252, 210, 78, 220, 100]
ac_dict:{11: {0, 1}, 158: {1, 2}, 170: {2, 3}, 74: {3, 4}, 252: {0}, 210: {1}, 78: {2}, 220: {3}, 100: {4}}
clusters:[3 8 2 7 5 9 8 1 6 0 3 4 0 6 4 6 0 9 3 9]

round: 1
best_g_value: 56.0
open_list_size: 0
num_low_level_expanded: 113
search_success: 1
search_time: 0.642373634967953
n_tsp_call: 1
n_tsp_time: 0.6234730612486601
n_roots: 1
num_conflicts: 0
target_assignment: {173: 0, 91: 4, 74: 4, 106: 4, 165: 1, 176: 1, 15: 2, 62: 2, 154: 3, 170: 3}
cluster_target_selection: {1: 173, 4: 91, 7: 74, 6: 106, 0: 165, 8: 176, 3: 15, 5: 62, 9: 154, 2: 170}
num_nodes_transformed_graph: 98
agent_paths:({0: [(14, 8), (13, 8), (13, 9), (13, 10), (12, 10), (12, 11), (12, 12), (12, 13), (12, 14), (12, 15), (12, 15)], 1: [(7, 5), (6, 5), (5, 5), (5, 6), (5, 7), (5, 8), (5, 9), (5, 10), (4, 10), (3, 10), (2, 10), (1, 10), (0, 10), (0, 11), (1, 11), (2, 11), (2, 12), (2, 13), (2, 13)], 2: [(15, 1), (15, 0), (14, 0), (14, 1), (14, 2), (14, 3), (14, 4), (14, 4)], 3: [(9, 7), (10, 7), (10, 8), (10, 9), (10, 10), (11, 10), (12, 10), (12, 11), (12, 12), (12, 13), (12, 13)], 4: [(12, 9), (11, 9), (11, 8), (11, 7), (11, 6), (11, 5), (10, 5), (10, 4), (10, 5), (10, 6), (9, 6), (8, 6), (7, 6), (6, 6), (5, 6), (4, 6), (4, 6)]}, 17)