

CBSS-C STATS
starts:[107, 24, 43, 113, 249, 85, 44, 56, 207, 82]
targets:[104, 235, 169, 251, 177, 49, 83, 178, 136, 227, 182, 60, 146, 90, 196]
dests:[100, 93, 149, 200, 35, 186, 153, 233, 163, 34]
ac_dict:{104: {0, 1}, 235: {1, 2}, 169: {2, 3}, 251: {3, 4}, 177: {4, 5}, 49: {5, 6}, 83: {6, 7}, 178: {8, 7}, 136: {8, 9}, 100: {0}, 93: {1}, 149: {2}, 200: {3}, 35: {4}, 186: {5}, 153: {6}, 233: {7}, 163: {8}, 34: {9}}
clusters:[4 0 5 3 8 7 2 1 6 9 6 6 0 6 4]

round: 6
best_g_value: 142.0
open_list_size: 4
num_low_level_expanded: 794
search_success: 1
search_time: 5.571114250924438
n_tsp_call: 20
n_tsp_time: 5.278399843722582
n_roots: 1
num_conflicts: 5
target_assignment: {104: 0, 251: 4, 227: 4, 169: 2, 49: 5, 177: 5, 83: 7, 146: 7, 178: 7, 182: 7}
cluster_target_selection: {4: 104, 3: 251, 9: 227, 5: 169, 7: 49, 8: 177, 2: 83, 0: 146, 1: 178, 6: 182}
num_nodes_transformed_graph: 57
agent_paths:({0: [(11, 6), (10, 6), (9, 6), (8, 6), (7, 6), (6, 6), (5, 6), (4, 6), (4, 6)], 1: [(8, 1), (9, 1), (10, 1), (11, 1), (12, 1), (13, 1), (13, 2), (13, 3), (13, 4), (13, 5), (13, 5)], 2: [(11, 2), (10, 2), (9, 2), (9, 3), (9, 4), (9, 5), (9, 6), (9, 7), (9, 8), (9, 9), (9, 10), (8, 10), (7, 10), (6, 10), (5, 10), (5, 9), (5, 9)], 3: [(1, 7), (2, 7), (3, 7), (4, 7), (5, 7), (6, 7), (7, 7), (8, 7), (8, 8), (8, 9), (8, 10), (8, 11), (8, 12), (8, 12)], 4: [(9, 15), (10, 15), (11, 15), (10, 15), (9, 15), (8, 15), (7, 15), (6, 15), (5, 15), (4, 15), (3, 15), (3, 14), (3, 13), (3, 12), (3, 11), (3, 10), (3, 9), (3, 8), (3, 7), (3, 6), (3, 5), (3, 4), (3, 3), (3, 2), (3, 2)], 5: [(5, 5), (4, 5), (3, 5), (2, 5), (1, 5), (1, 4), (1, 3), (1, 4), (1, 5), (1, 6), (1, 7), (1, 8), (1, 9), (1, 10), (1, 11), (2, 11), (3, 11), (4, 11), (5, 11), (6, 11), (7, 11), (8, 11), (9, 11), (10, 11), (10, 11)], 6: [(12, 2), (11, 2), (10, 2), (9, 2), (9, 3), (9, 4), (9, 5), (9, 6), (9, 7), (9, 8), (9, 9), (9, 9)], 7: [(8, 3), (7, 3), (6, 3), (5, 3), (4, 3), (3, 3), (3, 4), (3, 5), (2, 5), (2, 6), (2, 7), (2, 8), (2, 9), (2, 10), (2, 11), (3, 11), (4, 11), (5, 11), (6, 11), (7, 11), (8, 11), (9, 11), (9, 12), (9, 13), (9, 14), (9, 14)], 8: [(15, 12), (14, 12), (13, 12), (12, 12), (11, 12), (10, 12), (9, 12), (8, 12), (7, 12), (6, 12), (5, 12), (4, 12), (4, 11), (4, 10), (4, 10), (4, 10), (3, 10), (3, 10)], 9: [(2, 5), (2, 4), (2, 3), (2, 2), (2, 2)]}, 24)