

CBSS-C STATS
starts:[155, 154, 106, 97, 157]
targets:[170, 6, 175, 206, 160, 108, 169, 17, 55, 123]
dests:[139, 196, 121, 222, 194]
ac_dict:{170: {0, 1}, 6: {1, 2}, 175: {2, 3}, 206: {3, 4}, 139: {0}, 196: {1}, 121: {2}, 222: {3}, 194: {4}}
clusters:[2 1 3 4 3 4 1 0 4 1]

round: 1
best_g_value: 58.0
open_list_size: 0
num_low_level_expanded: 182
search_success: 1
search_time: 0.06744962884113193
n_tsp_call: 1
n_tsp_time: 0.05809833575040102
n_roots: 1
num_conflicts: 0
target_assignment: {17: 3, 108: 3, 175: 3, 170: 1, 169: 1}
cluster_target_selection: {0: 17, 4: 108, 3: 175, 2: 170, 1: 169}
num_nodes_transformed_graph: 28
agent_paths:({0: [(11, 9), (11, 8), (11, 8)], 1: [(10, 9), (10, 10), (9, 10), (8, 10), (7, 10), (6, 10), (5, 10), (4, 10), (4, 11), (4, 12), (4, 12)], 2: [(10, 6), (9, 6), (9, 7), (9, 7)], 3: [(1, 6), (1, 5), (1, 4), (1, 3), (1, 2), (1, 1), (2, 1), (3, 1), (4, 1), (5, 1), (6, 1), (7, 1), (8, 1), (9, 1), (10, 1), (11, 1), (12, 1), (12, 2), (12, 3), (12, 4), (12, 5), (12, 6), (13, 6), (14, 6), (15, 6), (15, 7), (15, 8), (15, 9), (15, 10), (14, 10), (14, 11), (14, 12), (14, 13), (14, 13)], 4: [(13, 9), (12, 9), (11, 9), (10, 9), (9, 9), (8, 9), (7, 9), (6, 9), (5, 9), (4, 9), (3, 9), (2, 9), (2, 10), (2, 11), (2, 12), (2, 12)]}, 32)