

CBSS-C STATS
starts:[50, 170, 244, 159, 163]
targets:[255, 120, 199, 136, 158, 32, 47, 80, 165, 21, 22, 202, 104, 46, 231, 108, 78, 3, 45, 113]
dests:[200, 140, 210, 168, 99]
ac_dict:{255: {0, 1}, 120: {1, 2}, 199: {2, 3}, 136: {3, 4}, 200: {0}, 140: {1}, 210: {2}, 168: {3}, 99: {4}}
clusters:[4 7 4 6 1 1 3 7 4 4 5 8 4 2 9 0 5 3 9 5]

round: 1
best_g_value: 59.0
open_list_size: 0
num_low_level_expanded: 137
search_success: 1
search_time: 0.7480350327678025
n_tsp_call: 1
n_tsp_time: 0.7358491341583431
n_roots: 1
num_conflicts: 0
target_assignment: {80: 0, 113: 0, 202: 0, 158: 3, 46: 3, 47: 3, 45: 3, 108: 3, 104: 3, 136: 3}
cluster_target_selection: {7: 80, 5: 113, 8: 202, 1: 158, 2: 46, 3: 47, 9: 45, 0: 108, 4: 104, 6: 136}
num_nodes_transformed_graph: 53
agent_paths:({0: [(2, 3), (1, 3), (0, 3), (0, 4), (0, 5), (1, 5), (1, 6), (1, 7), (2, 7), (3, 7), (4, 7), (5, 7), (6, 7), (7, 7), (8, 7), (9, 7), (10, 7), (10, 8), (10, 9), (10, 10), (10, 11), (10, 12), (9, 12), (8, 12), (8, 12)], 1: [(10, 10), (10, 9), (10, 8), (11, 8), (12, 8), (12, 8)], 2: [(4, 15), (3, 15), (2, 15), (2, 14), (2, 13), (2, 13)], 3: [(15, 9), (14, 9), (14, 8), (14, 7), (14, 6), (14, 5), (14, 4), (14, 3), (14, 2), (15, 2), (14, 2), (13, 2), (12, 2), (12, 3), (12, 4), (12, 5), (12, 6), (11, 6), (10, 6), (9, 6), (8, 6), (8, 7), (8, 8), (8, 9), (8, 10), (8, 10)], 4: [(3, 10), (3, 9), (3, 8), (3, 7), (3, 6), (3, 6)]}, 24)