

CBSS-C STATS
starts:[229, 148, 10, 186, 146, 222, 101, 200, 44, 14]
targets:[236, 190, 52, 150, 124, 149, 127, 99, 109, 203, 139, 170, 155, 217, 5]
dests:[132, 23, 67, 110, 204, 97, 105, 19, 22, 118]
ac_dict:{236: {0, 1}, 190: {1, 2}, 52: {2, 3}, 150: {3, 4}, 124: {4, 5}, 149: {5, 6}, 127: {6, 7}, 99: {8, 7}, 109: {8, 9}, 132: {0}, 23: {1}, 67: {2}, 110: {3}, 204: {4}, 97: {5}, 105: {6}, 19: {7}, 22: {8}, 118: {9}}
clusters:[8 5 0 0 2 4 6 5 9 1 7 2 3 7 7]

round: 8
best_g_value: 143.0
open_list_size: 6
num_low_level_expanded: 1590
search_success: 1
search_time: 19.509027847088873
n_tsp_call: 19
n_tsp_time: 18.506176916416734
n_roots: 1
num_conflicts: 7
target_assignment: {236: 0, 217: 0, 109: 9, 203: 5, 170: 5, 149: 5, 127: 7, 99: 7, 150: 4, 155: 4}
cluster_target_selection: {8: 236, 7: 217, 9: 109, 1: 203, 2: 170, 4: 149, 6: 127, 5: 99, 0: 150, 3: 155}
num_nodes_transformed_graph: 98
agent_paths:({0: [(5, 14), (6, 14), (7, 14), (8, 14), (9, 14), (10, 14), (11, 14), (12, 14), (11, 14), (10, 14), (9, 14), (9, 13), (8, 13), (7, 13), (6, 13), (5, 13), (4, 13), (4, 12), (4, 11), (4, 10), (4, 9), (4, 8), (4, 8)], 1: [(4, 9), (4, 8), (4, 7), (4, 6), (4, 5), (4, 4), (4, 3), (4, 2), (5, 2), (6, 2), (7, 2), (7, 1), (7, 1)], 2: [(10, 0), (9, 0), (8, 0), (7, 0), (6, 0), (5, 0), (4, 0), (3, 0), (3, 1), (3, 2), (3, 3), (3, 4), (3, 4)], 3: [(10, 11), (10, 10), (10, 9), (10, 8), (10, 7), (11, 7), (12, 7), (13, 7), (13, 6), (14, 6), (14, 6)], 4: [(2, 9), (3, 9), (4, 9), (5, 9), (6, 9), (7, 9), (8, 9), (9, 9), (10, 9), (11, 9), (12, 9), (12, 10), (12, 11), (12, 12), (12, 12)], 5: [(14, 13), (13, 13), (12, 13), (11, 13), (11, 12), (10, 12), (10, 11), (10, 10), (9, 10), (8, 10), (7, 10), (6, 10), (5, 10), (5, 9), (4, 9), (3, 9), (2, 9), (1, 9), (1, 8), (1, 7), (1, 6), (1, 6)], 6: [(5, 6), (6, 6), (7, 6), (8, 6), (9, 6), (9, 6)], 7: [(8, 12), (8, 11), (8, 10), (8, 9), (8, 8), (8, 7), (9, 7), (10, 7), (11, 7), (12, 7), (13, 7), (14, 7), (15, 7), (14, 7), (13, 7), (12, 7), (11, 7), (10, 7), (9, 7), (8, 7), (7, 7), (7, 6), (6, 6), (5, 6), (4, 6), (3, 6), (3, 5), (2, 5), (2, 4), (2, 3), (2, 2), (2, 1), (3, 1), (3, 1)], 8: [(12, 2), (11, 2), (10, 2), (9, 2), (8, 2), (7, 2), (6, 2), (6, 1), (6, 1)], 9: [(14, 0), (13, 0), (13, 1), (13, 2), (13, 3), (13, 4), (13, 5), (13, 6), (12, 6), (11, 6), (10, 6), (10, 7), (9, 7), (8, 7), (7, 7), (6, 7), (6, 7)]}, 32)