

CBSS-C STATS
starts:[29, 33, 253, 230, 11]
targets:[38, 113, 187, 193, 176, 180, 60, 72, 182, 217]
dests:[192, 19, 101, 226, 130]
ac_dict:{38: {0, 1}, 113: {1, 2}, 187: {2, 3}, 193: {3, 4}, 192: {0}, 19: {1}, 101: {2}, 226: {3}, 130: {4}}
clusters:[0 0 1 1 1 0 0 0 0 0]

round: 2
best_g_value: 65.0
open_list_size: 1
num_low_level_expanded: 491
search_success: 1
search_time: 0.06748226191848516
n_tsp_call: 1
n_tsp_time: 0.05230780504643917
n_roots: 1
num_conflicts: 1
target_assignment: {72: 4, 187: 2}
cluster_target_selection: {0: 72, 1: 187}
num_nodes_transformed_graph: 26
agent_paths:({0: [(13, 1), (12, 1), (11, 1), (10, 1), (9, 1), (8, 1), (7, 1), (6, 1), (5, 1), (4, 1), (4, 2), (3, 2), (2, 2), (1, 2), (0, 2), (0, 3), (0, 4), (0, 5), (0, 6), (0, 7), (0, 8), (0, 9), (0, 10), (0, 11), (0, 12), (0, 12)], 1: [(1, 2), (1, 1), (2, 1), (3, 1), (3, 1)], 2: [(13, 15), (12, 15), (11, 15), (11, 14), (11, 13), (11, 12), (11, 11), (10, 11), (9, 11), (8, 11), (7, 11), (6, 11), (5, 11), (5, 10), (5, 9), (5, 8), (5, 7), (5, 6), (5, 6)], 3: [(6, 14), (5, 14), (4, 14), (3, 14), (2, 14), (2, 14)], 4: [(11, 0), (10, 0), (9, 0), (8, 0), (8, 1), (8, 2), (8, 3), (8, 4), (7, 4), (6, 4), (5, 4), (4, 4), (3, 4), (2, 4), (2, 5), (2, 6), (2, 7), (2, 8), (2, 8)]}, 24)