

CBSS-C STATS
starts:[91, 20, 87, 23, 76]
targets:[236, 209, 232, 224, 65, 122, 139, 63, 79, 32]
dests:[198, 190, 210, 134, 196]
ac_dict:{236: {0, 1}, 209: {1, 2}, 232: {2, 3}, 224: {3, 4}, 198: {0}, 190: {1}, 210: {2}, 134: {3}, 196: {4}}
clusters:[1 0 0 1 1 1 1 1 1 0]

round: 13
best_g_value: 71.0
open_list_size: 12
num_low_level_expanded: 1023
search_success: 1
search_time: 0.15122612938284874
n_tsp_call: 1
n_tsp_time: 0.11329458793625236
n_roots: 1
num_conflicts: 12
target_assignment: {209: 2, 122: 4}
cluster_target_selection: {0: 209, 1: 122}
num_nodes_transformed_graph: 48
agent_paths:({0: [(11, 5), (10, 5), (9, 5), (8, 5), (7, 5), (7, 6), (7, 7), (7, 8), (7, 9), (6, 9), (6, 10), (6, 11), (6, 12), (6, 12)], 1: [(4, 1), (5, 1), (6, 1), (7, 1), (8, 1), (9, 1), (10, 1), (11, 1), (12, 1), (13, 1), (14, 1), (14, 2), (14, 3), (14, 4), (14, 5), (14, 6), (14, 7), (14, 8), (14, 9), (14, 10), (14, 11), (14, 11)], 2: [(7, 5), (6, 5), (5, 5), (4, 5), (3, 5), (2, 5), (1, 5), (1, 6), (1, 7), (1, 8), (1, 9), (1, 10), (1, 11), (1, 12), (1, 13), (2, 13), (2, 13)], 3: [(7, 1), (6, 1), (6, 2), (6, 3), (6, 4), (6, 5), (6, 6), (6, 7), (6, 8), (6, 8)], 4: [(12, 4), (11, 4), (10, 4), (10, 5), (10, 6), (10, 7), (9, 7), (8, 7), (7, 7), (6, 7), (5, 7), (4, 7), (4, 8), (4, 9), (4, 10), (4, 11), (4, 12), (4, 12)]}, 20)