

CBSS-C STATS
starts:[255, 206, 50, 36, 232]
targets:[225, 189, 80, 25, 182, 101, 129, 77, 44, 66, 137, 108, 124, 8, 125, 60, 5, 32, 12, 233]
dests:[89, 49, 185, 253, 28]
ac_dict:{225: {0, 1}, 189: {1, 2}, 80: {2, 3}, 25: {3, 4}, 89: {0}, 49: {1}, 185: {2}, 253: {3}, 28: {4}}
clusters:[1 7 6 8 5 1 2 4 6 3 4 5 0 6 7 1 9 5 7 4]

round: 1
best_g_value: 96.0
open_list_size: 0
num_low_level_expanded: 248
search_success: 1
search_time: 1.7399463430047035
n_tsp_call: 1
n_tsp_time: 1.715416015125811
n_roots: 1
num_conflicts: 0
target_assignment: {125: 0, 108: 0, 129: 1, 5: 3, 8: 3, 124: 3, 25: 4, 66: 2, 101: 2, 137: 2}
cluster_target_selection: {7: 125, 5: 108, 2: 129, 9: 5, 6: 8, 0: 124, 8: 25, 3: 66, 1: 101, 4: 137}
num_nodes_transformed_graph: 98
agent_paths:({0: [(15, 15), (14, 15), (13, 15), (13, 14), (13, 13), (13, 12), (13, 11), (13, 10), (13, 9), (13, 8), (13, 7), (12, 7), (12, 6), (11, 6), (10, 6), (9, 6), (9, 5), (9, 5)], 1: [(14, 12), (13, 12), (12, 12), (11, 12), (10, 12), (9, 12), (8, 12), (7, 12), (6, 12), (5, 12), (4, 12), (3, 12), (2, 12), (1, 12), (1, 11), (1, 10), (1, 9), (1, 8), (1, 7), (1, 6), (1, 5), (1, 4), (1, 3), (1, 3)], 2: [(2, 3), (2, 4), (3, 4), (4, 4), (5, 4), (5, 5), (5, 6), (6, 6), (7, 6), (8, 6), (9, 6), (9, 7), (9, 8), (9, 9), (9, 10), (9, 11), (9, 11)], 3: [(4, 2), (4, 1), (4, 0), (5, 0), (6, 0), (7, 0), (8, 0), (9, 0), (10, 0), (11, 0), (12, 0), (12, 1), (12, 2), (12, 3), (12, 4), (12, 5), (12, 6), (12, 7), (13, 7), (13, 8), (13, 9), (13, 10), (13, 11), (13, 12), (13, 13), (13, 14), (13, 15), (13, 15)], 4: [(8, 14), (8, 13), (8, 12), (8, 11), (8, 10), (8, 9), (8, 8), (8, 7), (8, 6), (8, 5), (8, 4), (8, 3), (8, 2), (8, 1), (9, 1), (10, 1), (11, 1), (12, 1), (12, 1)]}, 26)