

CBSS-C STATS
starts:[96, 59, 244, 234, 1]
targets:[232, 37, 16, 77, 29, 172, 14, 254, 57, 200]
dests:[7, 28, 226, 48, 11]
ac_dict:{232: {0, 1}, 37: {1, 2}, 16: {2, 3}, 77: {3, 4}, 7: {0}, 28: {1}, 226: {2}, 48: {3}, 11: {4}}
clusters:[1 1 0 0 1 0 1 0 1 0]

round: 1
best_g_value: 52.0
open_list_size: 0
num_low_level_expanded: 183
search_success: 1
search_time: 0.13195485388860106
n_tsp_call: 1
n_tsp_time: 0.12201584596186876
n_roots: 1
num_conflicts: 0
target_assignment: {200: 3, 29: 1}
cluster_target_selection: {0: 200, 1: 29}
num_nodes_transformed_graph: 48
agent_paths:({0: [(0, 6), (0, 5), (0, 4), (0, 3), (0, 2), (0, 1), (0, 0), (1, 0), (2, 0), (3, 0), (4, 0), (5, 0), (6, 0), (7, 0), (7, 0)], 1: [(11, 3), (11, 2), (11, 1), (12, 1), (13, 1), (12, 1), (12, 1)], 2: [(4, 15), (3, 15), (2, 15), (2, 14), (2, 14)], 3: [(10, 14), (9, 14), (8, 14), (8, 13), (8, 12), (7, 12), (6, 12), (5, 12), (4, 12), (3, 12), (2, 12), (1, 12), (0, 12), (0, 11), (0, 10), (0, 9), (0, 8), (0, 7), (0, 6), (0, 5), (0, 4), (0, 3), (0, 3)], 4: [(1, 0), (2, 0), (3, 0), (4, 0), (5, 0), (6, 0), (7, 0), (8, 0), (9, 0), (10, 0), (11, 0), (11, 0)]}, 21)