

CBSS-C STATS
starts:[71, 104, 167, 117, 60]
targets:[235, 207, 129, 233, 96, 58, 106, 215, 41, 25]
dests:[111, 33, 206, 17, 65]
ac_dict:{235: {0, 1}, 207: {1, 2}, 129: {2, 3}, 233: {3, 4}, 111: {0}, 33: {1}, 206: {2}, 17: {3}, 65: {4}}
clusters:[0 0 1 0 0 0 0 0 0 1]

round: 11
best_g_value: 55.0
open_list_size: 10
num_low_level_expanded: 716
search_success: 1
search_time: 0.29800070775672793
n_tsp_call: 5
n_tsp_time: 0.16998438350856304
n_roots: 1
num_conflicts: 10
target_assignment: {106: 0, 129: 3}
cluster_target_selection: {0: 106, 1: 129}
num_nodes_transformed_graph: 26
agent_paths:({0: [(7, 4), (8, 4), (9, 4), (10, 4), (10, 5), (10, 6), (11, 6), (12, 6), (13, 6), (14, 6), (15, 6), (15, 6)], 1: [(8, 6), (7, 6), (6, 6), (5, 6), (4, 6), (3, 6), (2, 6), (2, 5), (2, 4), (2, 3), (2, 2), (2, 2), (1, 2), (1, 2)], 2: [(7, 10), (8, 10), (9, 10), (10, 10), (11, 10), (12, 10), (13, 10), (14, 10), (14, 11), (14, 12), (14, 12)], 3: [(5, 7), (4, 7), (3, 7), (2, 7), (1, 7), (1, 8), (1, 7), (1, 6), (1, 5), (1, 4), (1, 3), (1, 2), (1, 1), (1, 1)], 4: [(12, 3), (11, 3), (10, 3), (9, 3), (8, 3), (7, 3), (6, 3), (5, 3), (4, 3), (3, 3), (2, 3), (1, 3), (1, 4), (1, 4)]}, 12)