

CBSS-C STATS
starts:[143, 217, 213, 50, 174]
targets:[167, 201, 232, 113, 14, 189, 59, 110, 20, 151, 112, 130, 77, 64, 214, 123, 216, 199, 135, 221]
dests:[147, 152, 10, 220, 237]
ac_dict:{167: {0, 1}, 201: {1, 2}, 232: {2, 3}, 113: {3, 4}, 147: {0}, 152: {1}, 10: {2}, 220: {3}, 237: {4}}
clusters:[3 8 8 5 4 9 7 1 0 8 4 2 3 2 4 9 0 2 5 6]

round: 1
best_g_value: 65.0
open_list_size: 0
num_low_level_expanded: 111
search_success: 1
search_time: 0.8838342418894172
n_tsp_call: 1
n_tsp_time: 0.8643364063464105
n_roots: 1
num_conflicts: 0
target_assignment: {135: 0, 59: 3, 77: 3, 110: 3, 189: 3, 221: 4, 216: 1, 214: 2, 199: 2, 201: 2}
cluster_target_selection: {5: 135, 7: 59, 3: 77, 1: 110, 9: 189, 6: 221, 0: 216, 4: 214, 2: 199, 8: 201}
num_nodes_transformed_graph: 98
agent_paths:({0: [(15, 8), (14, 8), (13, 8), (12, 8), (11, 8), (10, 8), (9, 8), (8, 8), (7, 8), (6, 8), (5, 8), (4, 8), (3, 8), (3, 9), (3, 9)], 1: [(9, 13), (8, 13), (8, 12), (8, 11), (8, 10), (8, 9), (8, 9)], 2: [(5, 13), (6, 13), (6, 12), (7, 12), (8, 12), (9, 12), (9, 11), (9, 10), (9, 9), (9, 8), (9, 7), (9, 6), (9, 5), (9, 4), (9, 3), (9, 2), (9, 1), (9, 0), (10, 0), (10, 0)], 3: [(2, 3), (3, 3), (4, 3), (5, 3), (6, 3), (7, 3), (8, 3), (9, 3), (10, 3), (11, 3), (12, 3), (13, 3), (13, 4), (14, 4), (14, 5), (14, 6), (13, 6), (13, 7), (13, 8), (13, 9), (13, 10), (13, 11), (12, 11), (12, 12), (12, 13), (12, 13)], 4: [(14, 10), (13, 10), (13, 11), (13, 12), (13, 13), (13, 14), (13, 14)]}, 24)