

CBSS-C STATS
starts:[147, 96, 219, 68, 4, 184, 173, 59, 91, 84]
targets:[10, 35, 2, 51, 200, 66, 163, 21, 13, 7, 189, 142, 69, 73, 43]
dests:[114, 8, 26, 220, 11, 118, 208, 99, 182, 138]
ac_dict:{10: {0, 1}, 35: {1, 2}, 2: {2, 3}, 51: {3, 4}, 200: {4, 5}, 66: {5, 6}, 163: {6, 7}, 21: {8, 7}, 13: {8, 9}, 114: {0}, 8: {1}, 26: {2}, 220: {3}, 11: {4}, 118: {5}, 208: {6}, 99: {7}, 182: {8}, 138: {9}}
clusters:[4 3 2 1 3 4 8 0 8 9 5 6 9 1 7]

round: 6
best_g_value: 131.0
open_list_size: 5
num_low_level_expanded: 637
search_success: 1
search_time: 0.7049139067530632
n_tsp_call: 1
n_tsp_time: 0.6652871640399098
n_roots: 1
num_conflicts: 5
target_assignment: {163: 6, 43: 7, 21: 7, 35: 1, 10: 1, 2: 3, 7: 3, 73: 3, 142: 3, 189: 3}
cluster_target_selection: {8: 163, 7: 43, 0: 21, 3: 35, 4: 10, 2: 2, 9: 7, 1: 73, 6: 142, 5: 189}
num_nodes_transformed_graph: 59
agent_paths:({0: [(3, 9), (2, 9), (2, 8), (2, 7), (2, 7)], 1: [(0, 6), (0, 5), (0, 4), (0, 3), (0, 2), (1, 2), (2, 2), (3, 2), (3, 1), (3, 0), (4, 0), (5, 0), (6, 0), (7, 0), (8, 0), (9, 0), (10, 0), (9, 0), (8, 0), (8, 0)], 2: [(11, 13), (11, 12), (11, 11), (11, 10), (11, 9), (11, 8), (11, 7), (11, 6), (10, 6), (10, 5), (10, 4), (10, 3), (10, 2), (10, 1), (10, 1)], 3: [(4, 4), (3, 4), (2, 4), (2, 3), (2, 2), (2, 1), (2, 0), (3, 0), (4, 0), (5, 0), (6, 0), (7, 0), (8, 0), (9, 0), (9, 1), (9, 2), (9, 3), (9, 4), (10, 4), (11, 4), (12, 4), (13, 4), (14, 4), (14, 5), (14, 6), (14, 7), (14, 8), (13, 8), (13, 9), (13, 10), (13, 11), (12, 11), (12, 12), (12, 13), (12, 13)], 4: [(4, 0), (5, 0), (6, 0), (7, 0), (8, 0), (9, 0), (10, 0), (11, 0), (11, 0)], 5: [(8, 11), (7, 11), (6, 11), (6, 10), (6, 9), (6, 8), (6, 7), (6, 7)], 6: [(13, 10), (12, 10), (11, 10), (10, 10), (9, 10), (8, 10), (7, 10), (6, 10), (5, 10), (4, 10), (3, 10), (2, 10), (1, 10), (0, 10), (0, 11), (0, 12), (0, 13), (0, 13)], 7: [(11, 3), (11, 2), (10, 2), (9, 2), (8, 2), (7, 2), (6, 2), (5, 2), (5, 1), (4, 1), (3, 1), (3, 2), (3, 3), (3, 4), (3, 5), (3, 6), (3, 6)], 8: [(11, 5), (10, 5), (9, 5), (8, 5), (7, 5), (7, 6), (7, 7), (7, 8), (6, 8), (6, 9), (6, 10), (6, 11), (6, 11)], 9: [(4, 5), (5, 5), (6, 5), (6, 6), (7, 6), (8, 6), (9, 6), (10, 6), (10, 7), (10, 8), (10, 8)]}, 33)