

CBSS-C STATS
starts:[167, 4, 213, 109, 217, 195, 111, 56, 71, 68]
targets:[246, 75, 234, 144, 9, 102, 188, 81, 176, 249, 118, 163, 166, 138, 104]
dests:[58, 94, 2, 15, 226, 96, 45, 174, 108, 203]
ac_dict:{246: {0, 1}, 75: {1, 2}, 234: {2, 3}, 144: {3, 4}, 9: {4, 5}, 102: {5, 6}, 188: {6, 7}, 81: {8, 7}, 176: {8, 9}, 58: {0}, 94: {1}, 2: {2}, 15: {3}, 226: {4}, 96: {5}, 45: {6}, 174: {7}, 108: {8}, 203: {9}}
clusters:[8 4 1 9 4 6 8 8 3 5 2 0 7 4 0]

round: 32
best_g_value: 163.0
open_list_size: 31
num_low_level_expanded: 4835
search_success: 1
search_time: 0.9471804550848901
n_tsp_call: 1
n_tsp_time: 0.7285021198913455
n_roots: 1
num_conflicts: 31
target_assignment: {102: 5, 81: 8, 176: 8, 163: 8, 75: 1, 118: 9, 166: 9, 249: 2, 234: 2, 144: 4}
cluster_target_selection: {6: 102, 8: 81, 3: 176, 0: 163, 4: 75, 2: 118, 7: 166, 5: 249, 1: 234, 9: 144}
num_nodes_transformed_graph: 58
agent_paths:({0: [(7, 10), (7, 9), (7, 8), (7, 7), (7, 6), (7, 5), (7, 4), (7, 3), (8, 3), (9, 3), (10, 3), (10, 3)], 1: [(4, 0), (5, 0), (6, 0), (7, 0), (8, 0), (9, 0), (10, 0), (11, 0), (11, 1), (11, 2), (11, 3), (11, 4), (12, 4), (13, 4), (14, 4), (14, 5), (14, 5)], 2: [(5, 13), (6, 13), (6, 14), (7, 14), (8, 14), (9, 14), (9, 15), (9, 14), (10, 14), (9, 14), (8, 14), (7, 14), (6, 14), (5, 14), (4, 14), (3, 14), (3, 13), (3, 12), (3, 11), (2, 11), (2, 10), (2, 9), (2, 8), (2, 7), (2, 6), (2, 5), (2, 4), (2, 3), (2, 2), (2, 1), (2, 0), (2, 0)], 3: [(13, 6), (13, 5), (13, 4), (13, 3), (13, 2), (13, 1), (13, 0), (14, 0), (15, 0), (15, 0)], 4: [(9, 13), (8, 13), (7, 13), (6, 13), (5, 13), (4, 13), (3, 13), (2, 13), (1, 13), (1, 12), (1, 11), (1, 10), (1, 9), (0, 9), (1, 9), (2, 9), (2, 10), (2, 11), (2, 12), (2, 13), (2, 14), (2, 14)], 5: [(3, 12), (3, 11), (3, 10), (3, 9), (3, 8), (3, 7), (3, 6), (4, 6), (5, 6), (6, 6), (5, 6), (4, 6), (3, 6), (2, 6), (1, 6), (0, 6), (0, 6)], 6: [(15, 6), (14, 6), (14, 5), (14, 4), (14, 3), (14, 2), (13, 2), (13, 2)], 7: [(8, 3), (9, 3), (10, 3), (11, 3), (12, 3), (13, 3), (14, 3), (14, 4), (14, 5), (14, 6), (14, 7), (14, 8), (14, 9), (14, 10), (14, 10)], 8: [(7, 4), (7, 5), (6, 5), (5, 5), (4, 5), (3, 5), (2, 5), (1, 5), (0, 5), (0, 6), (0, 7), (0, 8), (0, 9), (0, 10), (0, 11), (0, 10), (1, 10), (2, 10), (3, 10), (3, 9), (3, 8), (3, 7), (3, 6), (4, 6), (5, 6), (6, 6), (7, 6), (8, 6), (9, 6), (10, 6), (11, 6), (12, 6), (12, 6)], 9: [(4, 4), (5, 4), (6, 4), (6, 5), (6, 6), (6, 7), (6, 8), (6, 9), (6, 10), (7, 10), (8, 10), (9, 10), (10, 10), (11, 10), (11, 11), (11, 12), (11, 12)]}, 31)