

CBSS-C STATS
starts:[148, 198, 199, 63, 28, 254, 97, 125, 100, 51]
targets:[107, 38, 236, 21, 160, 56, 224, 230, 1, 76]
dests:[40, 12, 36, 177, 180, 185, 142, 118, 5, 235]
ac_dict:{107: {0, 1}, 38: {1, 2}, 236: {2, 3}, 21: {3, 4}, 160: {4, 5}, 56: {5, 6}, 224: {6, 7}, 230: {8, 7}, 1: {8, 9}, 40: {0}, 12: {1}, 36: {2}, 177: {3}, 180: {4}, 185: {5}, 142: {6}, 118: {7}, 5: {8}, 235: {9}}
clusters:[0 2 3 3 2 2 2 1 2 4]

round: 50
best_g_value: 153.0
open_list_size: 47
num_low_level_expanded: 5849
search_success: 1
search_time: 0.43545609386637807
n_tsp_call: 1
n_tsp_time: 0.21877516293898225
n_roots: 1
num_conflicts: 49
target_assignment: {21: 4, 230: 7, 38: 2, 107: 1, 76: 1}
cluster_target_selection: {3: 21, 1: 230, 2: 38, 0: 107, 4: 76}
num_nodes_transformed_graph: 48
agent_paths:({0: [(4, 9), (4, 8), (4, 7), (4, 6), (4, 5), (4, 4), (4, 3), (4, 2), (5, 2), (6, 2), (7, 2), (8, 2), (8, 2)], 1: [(6, 12), (6, 11), (6, 10), (6, 9), (6, 8), (6, 7), (7, 7), (8, 7), (9, 7), (10, 7), (11, 7), (11, 6), (11, 5), (11, 4), (12, 4), (12, 3), (12, 2), (12, 1), (12, 0), (12, 0)], 2: [(7, 12), (7, 11), (7, 10), (7, 9), (7, 8), (7, 7), (7, 6), (6, 6), (6, 5), (6, 4), (6, 3), (6, 2), (5, 2), (4, 2), (4, 2)], 3: [(15, 3), (14, 3), (13, 3), (12, 3), (11, 3), (10, 3), (10, 4), (9, 4), (8, 4), (7, 4), (6, 4), (5, 4), (4, 4), (3, 4), (2, 4), (1, 4), (1, 5), (1, 6), (1, 7), (1, 8), (1, 9), (1, 10), (1, 11), (1, 11)], 4: [(12, 1), (11, 1), (10, 1), (9, 1), (8, 1), (7, 1), (6, 1), (5, 1), (4, 1), (4, 2), (4, 3), (4, 4), (4, 5), (4, 6), (4, 7), (4, 8), (4, 9), (4, 10), (4, 11), (4, 11)], 5: [(14, 15), (13, 15), (12, 15), (11, 15), (10, 15), (9, 15), (9, 14), (9, 13), (9, 12), (9, 11), (9, 11)], 6: [(1, 6), (2, 6), (3, 6), (3, 7), (4, 7), (5, 7), (6, 7), (7, 7), (8, 7), (9, 7), (10, 7), (11, 7), (12, 7), (13, 7), (14, 7), (14, 8), (14, 8)], 7: [(13, 7), (12, 7), (11, 7), (10, 7), (9, 7), (8, 7), (8, 8), (7, 8), (6, 8), (6, 9), (6, 10), (6, 11), (6, 12), (6, 13), (6, 14), (6, 13), (6, 12), (6, 11), (6, 10), (6, 9), (6, 8), (6, 7), (6, 7)], 8: [(4, 6), (4, 5), (4, 4), (4, 3), (4, 2), (4, 1), (4, 0), (5, 0), (5, 0)], 9: [(3, 3), (4, 3), (5, 3), (6, 3), (7, 3), (8, 3), (9, 3), (10, 3), (10, 4), (10, 5), (10, 6), (10, 7), (11, 7), (11, 8), (11, 9), (11, 10), (11, 11), (11, 12), (11, 13), (11, 14), (11, 14)]}, 22)