

CBSS-C STATS
starts:[120, 54, 128, 159, 143, 70, 211, 12, 252, 11]
targets:[250, 35, 180, 105, 192, 220, 173, 87, 172, 141, 126, 119, 204, 109, 225]
dests:[31, 219, 122, 152, 117, 184, 242, 137, 101, 121]
ac_dict:{250: {0, 1}, 35: {1, 2}, 180: {2, 3}, 105: {3, 4}, 192: {4, 5}, 220: {5, 6}, 173: {6, 7}, 87: {8, 7}, 172: {8, 9}, 31: {0}, 219: {1}, 122: {2}, 152: {3}, 117: {4}, 184: {5}, 242: {6}, 137: {7}, 101: {8}, 121: {9}}
clusters:[2 0 3 5 2 8 1 7 6 2 9 7 4 8 9]

round: 9
best_g_value: 128.0
open_list_size: 7
num_low_level_expanded: 937
search_success: 1
search_time: 15.911849914118648
n_tsp_call: 19
n_tsp_time: 14.893230298534036
n_roots: 1
num_conflicts: 8
target_assignment: {126: 0, 180: 2, 35: 1, 119: 1, 141: 4, 109: 4, 105: 4, 204: 8, 172: 8, 173: 7}
cluster_target_selection: {9: 126, 3: 180, 0: 35, 7: 119, 2: 141, 8: 109, 5: 105, 4: 204, 6: 172, 1: 173}
num_nodes_transformed_graph: 98
agent_paths:({0: [(8, 7), (9, 7), (10, 7), (11, 7), (12, 7), (13, 7), (14, 7), (14, 6), (14, 5), (14, 4), (14, 3), (14, 2), (14, 1), (15, 1), (15, 1)], 1: [(6, 3), (5, 3), (4, 3), (3, 3), (3, 2), (4, 2), (5, 2), (6, 2), (7, 2), (7, 3), (7, 4), (7, 5), (7, 6), (7, 7), (8, 7), (8, 8), (9, 8), (10, 8), (11, 8), (11, 9), (11, 10), (11, 11), (11, 12), (11, 13), (11, 13)], 2: [(0, 8), (1, 8), (2, 8), (3, 8), (4, 8), (4, 9), (4, 10), (4, 11), (4, 10), (4, 9), (4, 8), (5, 8), (6, 8), (7, 8), (8, 8), (9, 8), (10, 8), (10, 7), (10, 7)], 3: [(15, 9), (14, 9), (13, 9), (12, 9), (11, 9), (10, 9), (9, 9), (8, 9), (8, 9)], 4: [(15, 8), (14, 8), (13, 8), (13, 7), (13, 6), (12, 6), (11, 6), (11, 6), (10, 6), (9, 6), (8, 6), (7, 6), (6, 6), (5, 6), (5, 7), (5, 7)], 5: [(6, 4), (7, 4), (7, 5), (7, 6), (7, 7), (7, 8), (7, 9), (7, 10), (8, 10), (8, 11), (8, 11)], 6: [(3, 13), (2, 13), (2, 14), (2, 15), (2, 15)], 7: [(12, 0), (13, 0), (13, 1), (13, 2), (13, 3), (13, 4), (13, 5), (13, 6), (13, 7), (13, 8), (13, 9), (13, 10), (12, 10), (11, 10), (10, 10), (9, 10), (9, 9), (9, 8), (9, 8)], 8: [(12, 15), (12, 14), (12, 13), (12, 12), (12, 11), (12, 10), (11, 10), (10, 10), (9, 10), (8, 10), (7, 10), (6, 10), (6, 9), (6, 8), (6, 7), (6, 6), (5, 6), (5, 6)], 9: [(11, 0), (10, 0), (10, 1), (10, 2), (10, 3), (10, 4), (10, 5), (10, 6), (10, 7), (9, 7), (9, 7)]}, 23)