

CBSS-C STATS
starts:[213, 111, 21, 154, 1, 74, 49, 40, 175, 211]
targets:[127, 239, 88, 176, 122, 207, 83, 13, 84, 126, 14, 92, 72, 64, 86]
dests:[143, 227, 39, 230, 46, 4, 171, 98, 108, 202]
ac_dict:{127: {0, 1}, 239: {1, 2}, 88: {2, 3}, 176: {3, 4}, 122: {4, 5}, 207: {5, 6}, 83: {6, 7}, 13: {8, 7}, 84: {8, 9}, 143: {0}, 227: {1}, 39: {2}, 230: {3}, 46: {4}, 4: {5}, 171: {6}, 98: {7}, 108: {8}, 202: {9}}
clusters:[9 3 7 4 6 4 1 0 2 6 8 6 1 5 8]

round: 11
best_g_value: 162.0
open_list_size: 5
num_low_level_expanded: 1224
search_success: 1
search_time: 0.5636670738458633
n_tsp_call: 1
n_tsp_time: 0.4918596320785582
n_roots: 1
num_conflicts: 10
target_assignment: {14: 8, 13: 8, 92: 8, 64: 6, 88: 2, 84: 9, 72: 7, 176: 3, 127: 1, 239: 1}
cluster_target_selection: {8: 14, 0: 13, 6: 92, 5: 64, 7: 88, 2: 84, 1: 72, 4: 176, 9: 127, 3: 239}
num_nodes_transformed_graph: 55
agent_paths:({0: [(5, 13), (5, 12), (5, 11), (5, 10), (5, 9), (5, 8), (6, 8), (7, 8), (8, 8), (9, 8), (10, 8), (11, 8), (12, 8), (13, 8), (14, 8), (15, 8), (15, 8)], 1: [(15, 6), (15, 7), (15, 8), (15, 9), (15, 10), (15, 11), (15, 12), (15, 13), (15, 14), (14, 14), (13, 14), (12, 14), (11, 14), (10, 14), (9, 14), (8, 14), (7, 14), (6, 14), (5, 14), (4, 14), (3, 14), (3, 14)], 2: [(5, 1), (6, 1), (7, 1), (8, 1), (8, 2), (8, 3), (8, 4), (8, 5), (8, 4), (8, 3), (7, 3), (7, 2), (7, 2)], 3: [(10, 9), (9, 9), (8, 9), (7, 9), (6, 9), (5, 9), (4, 9), (3, 9), (2, 9), (1, 9), (0, 9), (0, 10), (0, 11), (1, 11), (2, 11), (3, 11), (4, 11), (5, 11), (6, 11), (6, 12), (6, 13), (6, 14), (6, 14)], 4: [(1, 0), (2, 0), (3, 0), (4, 0), (5, 0), (6, 0), (7, 0), (8, 0), (9, 0), (10, 0), (11, 0), (12, 0), (12, 1), (13, 1), (14, 1), (14, 2), (14, 2)], 5: [(10, 4), (9, 4), (9, 3), (8, 3), (7, 3), (6, 3), (5, 3), (4, 3), (4, 2), (4, 1), (4, 0), (4, 0)], 6: [(1, 3), (0, 3), (0, 4), (1, 4), (2, 4), (3, 4), (3, 5), (4, 5), (5, 5), (6, 5), (7, 5), (8, 5), (9, 5), (10, 5), (11, 5), (11, 6), (11, 7), (11, 8), (11, 9), (11, 10), (11, 10)], 7: [(8, 2), (8, 3), (8, 4), (7, 4), (6, 4), (5, 4), (4, 4), (3, 4), (2, 4), (2, 5), (2, 6), (2, 6)], 8: [(15, 10), (14, 10), (14, 9), (14, 8), (14, 7), (14, 6), (14, 5), (14, 4), (14, 3), (14, 2), (14, 1), (14, 0), (13, 0), (12, 0), (12, 1), (12, 2), (12, 3), (12, 4), (12, 5), (12, 6), (12, 6)], 9: [(3, 13), (3, 12), (3, 11), (3, 10), (3, 9), (3, 8), (3, 7), (3, 6), (3, 5), (4, 5), (5, 5), (6, 5), (7, 5), (8, 5), (9, 5), (10, 5), (10, 6), (10, 7), (10, 8), (10, 9), (10, 10), (10, 11), (10, 12), (10, 12)]}, 22)