

CBSS-C STATS
starts:[246, 13, 188, 77, 141, 109, 175, 208, 231, 9]
targets:[129, 144, 125, 227, 80, 234, 88, 254, 223, 15]
dests:[206, 7, 211, 170, 65, 238, 203, 249, 219, 236]
ac_dict:{129: {0, 1}, 144: {1, 2}, 125: {2, 3}, 227: {3, 4}, 80: {4, 5}, 234: {5, 6}, 88: {6, 7}, 254: {8, 7}, 223: {8, 9}, 206: {0}, 7: {1}, 211: {2}, 170: {3}, 65: {4}, 238: {5}, 203: {6}, 249: {7}, 219: {8}, 236: {9}}
clusters:[1 2 1 3 2 4 2 2 0 2]

round: 14
best_g_value: 127.0
open_list_size: 13
num_low_level_expanded: 1586
search_success: 1
search_time: 1.8443677509203553
n_tsp_call: 13
n_tsp_time: 1.4316552360542119
n_roots: 1
num_conflicts: 13
target_assignment: {227: 4, 15: 9, 223: 9, 234: 6, 125: 3}
cluster_target_selection: {3: 227, 2: 15, 0: 223, 4: 234, 1: 125}
num_nodes_transformed_graph: 34
agent_paths:({0: [(6, 15), (6, 14), (7, 14), (8, 14), (9, 14), (10, 14), (11, 14), (12, 14), (12, 13), (12, 12), (13, 12), (14, 12), (14, 12)], 1: [(13, 0), (12, 0), (12, 1), (11, 1), (10, 1), (9, 1), (8, 1), (7, 1), (7, 0), (7, 0)], 2: [(12, 11), (11, 11), (10, 11), (9, 11), (8, 11), (7, 11), (6, 11), (5, 11), (4, 11), (3, 11), (3, 12), (3, 13), (3, 13)], 3: [(13, 4), (13, 5), (13, 6), (13, 7), (12, 7), (11, 7), (10, 7), (10, 8), (10, 9), (10, 10), (10, 10)], 4: [(13, 8), (12, 8), (11, 8), (10, 8), (9, 8), (8, 8), (7, 8), (6, 8), (5, 8), (4, 8), (4, 9), (4, 10), (4, 11), (4, 12), (4, 13), (4, 14), (3, 14), (2, 14), (1, 14), (1, 13), (1, 12), (1, 11), (1, 10), (1, 9), (1, 8), (1, 7), (1, 6), (1, 5), (1, 4), (1, 4)], 5: [(13, 6), (14, 6), (14, 7), (14, 8), (14, 9), (14, 10), (14, 11), (14, 12), (14, 13), (14, 14), (14, 14)], 6: [(15, 10), (14, 10), (13, 10), (12, 10), (11, 10), (10, 10), (10, 11), (10, 12), (10, 13), (10, 14), (10, 13), (10, 12), (11, 12), (11, 12)], 7: [(0, 13), (1, 13), (2, 13), (3, 13), (4, 13), (5, 13), (6, 13), (7, 13), (8, 13), (9, 13), (9, 14), (9, 15), (9, 15)], 8: [(7, 14), (7, 13), (8, 13), (9, 13), (10, 13), (11, 13), (11, 13)], 9: [(9, 0), (10, 0), (11, 0), (12, 0), (13, 0), (14, 0), (15, 0), (15, 1), (15, 2), (15, 3), (15, 4), (15, 5), (15, 6), (15, 7), (15, 8), (15, 9), (15, 10), (15, 11), (15, 12), (15, 13), (14, 13), (13, 13), (12, 13), (12, 14), (12, 14)]}, 28)