

CBSS-C STATS
starts:[69, 95, 249, 52, 122, 150, 205, 247, 77, 99]
targets:[8, 239, 36, 244, 218, 2, 250, 128, 149, 232]
dests:[248, 185, 164, 174, 71, 130, 143, 66, 243, 198]
ac_dict:{8: {0, 1}, 239: {1, 2}, 36: {2, 3}, 244: {3, 4}, 218: {4, 5}, 2: {5, 6}, 250: {6, 7}, 128: {8, 7}, 149: {8, 9}, 248: {0}, 185: {1}, 164: {2}, 174: {3}, 71: {4}, 130: {5}, 143: {6}, 66: {7}, 243: {8}, 198: {9}}
clusters:[4 0 0 0 2 2 1 2 3 0]

round: 13
best_g_value: 134.0
open_list_size: 12
num_low_level_expanded: 1788
search_success: 1
search_time: 0.16998431785032153
n_tsp_call: 1
n_tsp_time: 0.1090714200399816
n_roots: 1
num_conflicts: 12
target_assignment: {8: 0, 149: 8, 232: 2, 250: 7, 128: 7}
cluster_target_selection: {4: 8, 3: 149, 0: 232, 1: 250, 2: 128}
num_nodes_transformed_graph: 33
agent_paths:({0: [(5, 4), (5, 3), (5, 2), (5, 1), (5, 0), (6, 0), (7, 0), (8, 0), (8, 1), (8, 2), (8, 3), (8, 4), (8, 5), (8, 6), (8, 7), (8, 8), (8, 9), (8, 10), (8, 11), (8, 12), (8, 13), (8, 14), (8, 15), (8, 15)], 1: [(15, 5), (14, 5), (13, 5), (12, 5), (11, 5), (10, 5), (9, 5), (9, 6), (9, 7), (9, 8), (9, 9), (9, 10), (9, 11), (9, 11)], 2: [(9, 15), (9, 14), (8, 14), (7, 14), (6, 14), (5, 14), (4, 14), (4, 13), (4, 12), (4, 11), (4, 10), (4, 10)], 3: [(4, 3), (4, 4), (5, 4), (6, 4), (7, 4), (8, 4), (9, 4), (10, 4), (11, 4), (12, 4), (13, 4), (14, 4), (14, 5), (14, 6), (14, 7), (14, 8), (14, 9), (14, 10), (14, 10)], 4: [(10, 7), (9, 7), (8, 7), (7, 7), (7, 6), (7, 5), (7, 4), (7, 4)], 5: [(6, 9), (5, 9), (4, 9), (3, 9), (2, 9), (2, 8), (2, 8)], 6: [(13, 12), (13, 11), (13, 10), (13, 9), (13, 8), (14, 8), (15, 8), (15, 8)], 7: [(7, 15), (8, 15), (9, 15), (10, 15), (9, 15), (8, 15), (7, 15), (6, 15), (5, 15), (4, 15), (3, 15), (2, 15), (1, 15), (0, 15), (0, 14), (0, 13), (0, 12), (0, 11), (0, 10), (0, 9), (0, 8), (0, 7), (0, 6), (0, 5), (0, 4), (1, 4), (2, 4), (2, 4)], 8: [(13, 4), (12, 4), (11, 4), (10, 4), (9, 4), (9, 5), (8, 5), (7, 5), (6, 5), (5, 5), (5, 6), (5, 7), (5, 8), (5, 9), (4, 9), (3, 9), (3, 10), (3, 11), (3, 12), (3, 13), (3, 14), (3, 15), (3, 15)], 9: [(3, 6), (4, 6), (5, 6), (6, 6), (6, 7), (6, 8), (6, 9), (6, 10), (6, 11), (6, 12), (6, 12)]}, 26)