

CBSS-C STATS
starts:[17, 192, 47, 163, 141, 233, 40, 138, 174, 78]
targets:[251, 77, 59, 150, 156, 221, 51, 91, 155, 23]
dests:[216, 120, 131, 182, 103, 213, 197, 32, 244, 229]
ac_dict:{251: {0, 1}, 77: {1, 2}, 59: {2, 3}, 150: {3, 4}, 156: {4, 5}, 221: {5, 6}, 51: {6, 7}, 91: {8, 7}, 155: {8, 9}, 216: {0}, 120: {1}, 131: {2}, 182: {3}, 103: {4}, 213: {5}, 197: {6}, 32: {7}, 244: {8}, 229: {9}}
clusters:[3 2 0 3 2 3 0 1 4 2]

round: 13
best_g_value: 135.0
open_list_size: 11
num_low_level_expanded: 1761
search_success: 1
search_time: 2.8536816430278122
n_tsp_call: 10
n_tsp_time: 1.766094337683171
n_roots: 1
num_conflicts: 12
target_assignment: {23: 0, 59: 2, 150: 3, 155: 9, 91: 7}
cluster_target_selection: {2: 23, 0: 59, 3: 150, 4: 155, 1: 91}
num_nodes_transformed_graph: 48
agent_paths:({0: [(1, 1), (2, 1), (3, 1), (4, 1), (5, 1), (6, 1), (7, 1), (8, 1), (8, 2), (8, 3), (8, 4), (8, 5), (8, 6), (8, 7), (8, 8), (8, 9), (8, 10), (8, 11), (8, 12), (8, 13), (8, 13)], 1: [(0, 12), (0, 11), (0, 10), (0, 9), (0, 8), (0, 7), (1, 7), (2, 7), (3, 7), (4, 7), (5, 7), (6, 7), (7, 7), (7, 7), (8, 7), (8, 7)], 2: [(15, 2), (14, 2), (13, 2), (12, 2), (11, 2), (11, 3), (10, 3), (9, 3), (8, 3), (7, 3), (6, 3), (5, 3), (4, 3), (3, 3), (3, 4), (3, 5), (3, 6), (3, 7), (3, 8), (3, 8)], 3: [(3, 10), (3, 9), (4, 9), (5, 9), (6, 9), (6, 10), (6, 11), (6, 11)], 4: [(13, 8), (12, 8), (11, 8), (10, 8), (9, 8), (8, 8), (7, 8), (7, 7), (7, 6), (7, 6)], 5: [(9, 14), (8, 14), (7, 14), (6, 14), (5, 14), (5, 13), (5, 13)], 6: [(8, 2), (7, 2), (6, 2), (5, 2), (5, 3), (5, 4), (5, 5), (5, 6), (5, 7), (5, 8), (5, 9), (5, 10), (5, 11), (5, 12), (5, 12)], 7: [(10, 8), (10, 7), (10, 6), (10, 5), (11, 5), (10, 5), (9, 5), (8, 5), (7, 5), (6, 5), (5, 5), (4, 5), (3, 5), (2, 5), (1, 5), (0, 5), (0, 4), (0, 3), (0, 2), (0, 2)], 8: [(14, 10), (13, 10), (12, 10), (11, 10), (10, 10), (9, 10), (8, 10), (7, 10), (6, 10), (5, 10), (4, 10), (4, 11), (4, 12), (4, 13), (4, 14), (4, 15), (4, 15)], 9: [(14, 4), (13, 4), (12, 4), (12, 5), (12, 6), (11, 6), (11, 7), (11, 8), (11, 9), (10, 9), (9, 9), (8, 9), (7, 9), (7, 10), (7, 11), (7, 12), (6, 12), (6, 13), (6, 14), (5, 14), (5, 14)]}, 19)