

CBSS-C STATS
starts:[173, 253, 176, 86, 159]
targets:[28, 5, 205, 16, 244, 154, 36, 22, 164, 126, 3, 13, 184, 80, 156, 18, 52, 165, 65, 151]
dests:[73, 246, 57, 24, 168]
ac_dict:{28: {0, 1}, 5: {1, 2}, 205: {2, 3}, 16: {3, 4}, 73: {0}, 246: {1}, 57: {2}, 24: {3}, 168: {4}}
clusters:[9 7 6 3 1 5 8 4 4 4 3 8 2 2 9 2 8 5 8 0]

round: 1
best_g_value: 80.0
open_list_size: 0
num_low_level_expanded: 149
search_success: 1
search_time: 1.2951291343197227
n_tsp_call: 1
n_tsp_time: 1.2815477680414915
n_roots: 1
num_conflicts: 0
target_assignment: {156: 0, 154: 0, 205: 2, 184: 2, 151: 2, 5: 2, 3: 2, 52: 2, 244: 1, 22: 3}
cluster_target_selection: {9: 156, 5: 154, 6: 205, 2: 184, 0: 151, 7: 5, 3: 3, 8: 52, 1: 244, 4: 22}
num_nodes_transformed_graph: 51
agent_paths:({0: [(13, 10), (12, 10), (12, 9), (11, 9), (10, 9), (9, 9), (9, 8), (9, 7), (9, 6), (9, 5), (9, 4), (9, 4)], 1: [(13, 15), (12, 15), (11, 15), (10, 15), (9, 15), (8, 15), (7, 15), (6, 15), (5, 15), (4, 15), (5, 15), (6, 15), (6, 15)], 2: [(0, 11), (1, 11), (2, 11), (3, 11), (4, 11), (5, 11), (6, 11), (7, 11), (8, 11), (9, 11), (10, 11), (11, 11), (12, 11), (13, 11), (13, 12), (12, 12), (11, 12), (10, 12), (9, 12), (8, 12), (8, 11), (7, 11), (7, 10), (7, 9), (6, 9), (5, 9), (5, 8), (5, 7), (5, 6), (5, 5), (5, 4), (5, 3), (5, 2), (5, 1), (5, 0), (4, 0), (3, 0), (4, 0), (4, 1), (4, 2), (4, 3), (5, 3), (6, 3), (7, 3), (8, 3), (9, 3), (9, 3)], 3: [(6, 5), (6, 4), (6, 3), (6, 2), (6, 1), (7, 1), (8, 1), (8, 1)], 4: [(15, 9), (14, 9), (13, 9), (12, 9), (11, 9), (10, 9), (9, 9), (8, 9), (8, 10), (8, 10)]}, 45)