

CBSS-C STATS
starts:[142, 218, 15, 178, 247]
targets:[190, 99, 199, 113, 238, 60, 224, 68, 200, 116]
dests:[249, 70, 33, 168, 18]
ac_dict:{190: {0, 1}, 99: {1, 2}, 199: {2, 3}, 113: {3, 4}, 249: {0}, 70: {1}, 33: {2}, 168: {3}, 18: {4}}
clusters:[1 0 0 1 0 0 1 1 1 0]

round: 1
best_g_value: 67.0
open_list_size: 0
num_low_level_expanded: 188
search_success: 1
search_time: 0.14116484997794032
n_tsp_call: 1
n_tsp_time: 0.1306897345930338
n_roots: 1
num_conflicts: 0
target_assignment: {238: 0, 68: 4}
cluster_target_selection: {0: 238, 1: 68}
num_nodes_transformed_graph: 48
agent_paths:({0: [(14, 8), (14, 9), (14, 10), (14, 11), (14, 12), (14, 13), (14, 14), (13, 14), (12, 14), (11, 14), (10, 14), (9, 14), (9, 15), (9, 15)], 1: [(10, 13), (9, 13), (8, 13), (7, 13), (6, 13), (6, 12), (6, 11), (6, 10), (6, 9), (6, 8), (6, 7), (6, 6), (6, 5), (6, 4), (6, 4)], 2: [(15, 0), (14, 0), (13, 0), (12, 0), (11, 0), (10, 0), (9, 0), (8, 0), (7, 0), (6, 0), (5, 0), (4, 0), (3, 0), (2, 0), (1, 0), (1, 1), (1, 2), (1, 2)], 3: [(2, 11), (2, 10), (3, 10), (4, 10), (5, 10), (6, 10), (7, 10), (8, 10), (8, 10)], 4: [(7, 15), (6, 15), (5, 15), (4, 15), (4, 14), (4, 13), (4, 12), (4, 11), (4, 10), (4, 9), (4, 8), (4, 7), (4, 6), (4, 5), (4, 4), (3, 4), (2, 4), (2, 3), (2, 2), (2, 1), (2, 1)]}, 19)