

CBSS-C STATS
starts:[52, 20, 162, 27, 72]
targets:[218, 168, 30, 189, 209, 172, 36, 247, 93, 80]
dests:[77, 182, 97, 163, 115]
ac_dict:{218: {0, 1}, 168: {1, 2}, 30: {2, 3}, 189: {3, 4}, 77: {0}, 182: {1}, 97: {2}, 163: {3}, 115: {4}}
clusters:[0 0 0 0 0 1 1 0 1 0]

round: 2
best_g_value: 56.0
open_list_size: 1
num_low_level_expanded: 384
search_success: 1
search_time: 0.21268381597474217
n_tsp_call: 1
n_tsp_time: 0.19627637090161443
n_roots: 1
num_conflicts: 1
target_assignment: {36: 1, 168: 1}
cluster_target_selection: {1: 36, 0: 168}
num_nodes_transformed_graph: 48
agent_paths:({0: [(4, 3), (5, 3), (6, 3), (7, 3), (8, 3), (9, 3), (10, 3), (11, 3), (12, 3), (13, 3), (13, 4), (13, 4)], 1: [(4, 1), (4, 2), (5, 2), (6, 2), (7, 2), (8, 2), (8, 3), (8, 4), (8, 5), (8, 6), (8, 7), (8, 8), (8, 9), (8, 10), (7, 10), (6, 10), (6, 11), (6, 11)], 2: [(2, 10), (1, 10), (1, 9), (1, 8), (1, 7), (1, 6), (1, 6)], 3: [(11, 1), (10, 1), (9, 1), (8, 1), (7, 1), (6, 1), (5, 1), (4, 1), (4, 2), (4, 3), (4, 4), (4, 5), (4, 6), (4, 7), (4, 8), (3, 8), (3, 9), (3, 10), (3, 10)], 4: [(8, 4), (7, 4), (6, 4), (5, 4), (4, 4), (3, 4), (3, 5), (3, 6), (3, 7), (3, 7)]}, 17)