

CBSS-C STATS
starts:[59, 248, 103, 98, 87]
targets:[64, 122, 113, 183, 179, 85, 23, 162, 83, 138]
dests:[148, 109, 185, 139, 93]
ac_dict:{64: {0, 1}, 122: {1, 2}, 113: {2, 3}, 183: {3, 4}, 148: {0}, 109: {1}, 185: {2}, 139: {3}, 93: {4}}
clusters:[0 0 1 0 0 1 1 1 1 1]

round: 1
best_g_value: 51.0
open_list_size: 0
num_low_level_expanded: 145
search_success: 1
search_time: 0.05875082314014435
n_tsp_call: 1
n_tsp_time: 0.05125639075413346
n_roots: 1
num_conflicts: 0
target_assignment: {122: 1, 138: 3}
cluster_target_selection: {0: 122, 1: 138}
num_nodes_transformed_graph: 28
agent_paths:({0: [(11, 3), (10, 3), (9, 3), (8, 3), (7, 3), (6, 3), (5, 3), (4, 3), (4, 4), (4, 5), (4, 6), (4, 7), (4, 8), (4, 9), (4, 9)], 1: [(8, 15), (8, 14), (8, 13), (8, 12), (8, 11), (8, 10), (8, 9), (8, 8), (8, 7), (9, 7), (10, 7), (10, 6), (11, 6), (12, 6), (13, 6), (13, 6)], 2: [(7, 6), (8, 6), (9, 6), (9, 7), (9, 8), (9, 9), (9, 10), (9, 11), (9, 11)], 3: [(2, 6), (3, 6), (4, 6), (5, 6), (6, 6), (7, 6), (8, 6), (9, 6), (10, 6), (10, 7), (10, 8), (11, 8), (11, 8)], 4: [(7, 5), (8, 5), (9, 5), (10, 5), (11, 5), (12, 5), (13, 5), (13, 5)]}, 14)