

CBSS-C STATS
starts:[162, 64, 94, 217, 153]
targets:[115, 193, 187, 179, 103, 36, 48, 6, 248, 83]
dests:[120, 172, 65, 41, 8]
ac_dict:{115: {0, 1}, 193: {1, 2}, 187: {2, 3}, 179: {3, 4}, 120: {0}, 172: {1}, 65: {2}, 41: {3}, 8: {4}}
clusters:[0 0 0 1 0 1 0 0 1 1]

round: 2
best_g_value: 62.0
open_list_size: 1
num_low_level_expanded: 226
search_success: 1
search_time: 0.13259507808834314
n_tsp_call: 1
n_tsp_time: 0.12063080025836825
n_roots: 1
num_conflicts: 1
target_assignment: {115: 0, 83: 1}
cluster_target_selection: {0: 115, 1: 83}
num_nodes_transformed_graph: 48
agent_paths:({0: [(2, 10), (2, 9), (2, 8), (2, 7), (3, 7), (4, 7), (5, 7), (6, 7), (7, 7), (8, 7), (8, 7)], 1: [(0, 4), (1, 4), (2, 4), (3, 4), (3, 5), (4, 5), (5, 5), (5, 6), (6, 6), (7, 6), (8, 6), (9, 6), (10, 6), (11, 6), (12, 6), (12, 7), (12, 8), (12, 9), (12, 10), (12, 10)], 2: [(14, 5), (13, 5), (12, 5), (11, 5), (10, 5), (9, 5), (8, 5), (7, 5), (6, 5), (5, 5), (4, 5), (3, 5), (2, 5), (1, 5), (1, 4), (1, 4)], 3: [(9, 13), (9, 12), (9, 11), (9, 10), (9, 9), (9, 8), (9, 7), (9, 6), (9, 5), (9, 4), (9, 3), (9, 2), (9, 2)], 4: [(9, 9), (8, 9), (8, 8), (8, 7), (8, 6), (8, 5), (8, 4), (8, 3), (8, 2), (8, 1), (8, 0), (8, 0)]}, 18)