

CBSS-C STATS
starts:[208, 237, 198, 163, 114]
targets:[241, 168, 129, 41, 187, 68, 229, 136, 248, 202, 189, 113, 44, 15, 186, 66, 178, 17, 64, 18]
dests:[96, 11, 74, 80, 148]
ac_dict:{241: {0, 1}, 168: {1, 2}, 129: {2, 3}, 41: {3, 4}, 96: {0}, 11: {1}, 74: {2}, 80: {3}, 148: {4}}
clusters:[0 1 8 8 5 4 4 3 2 0 7 9 5 7 5 7 2 9 3 6]

round: 3
best_g_value: 63.0
open_list_size: 2
num_low_level_expanded: 227
search_success: 1
search_time: 3.5952201457694173
n_tsp_call: 1
n_tsp_time: 3.571866537909955
n_roots: 1
num_conflicts: 2
target_assignment: {168: 2, 136: 2, 202: 1, 186: 1, 18: 4, 66: 4, 68: 4, 178: 3, 129: 3, 113: 3}
cluster_target_selection: {1: 168, 3: 136, 0: 202, 5: 186, 6: 18, 7: 66, 4: 68, 2: 178, 8: 129, 9: 113}
num_nodes_transformed_graph: 98
agent_paths:({0: [(0, 13), (0, 12), (0, 11), (0, 10), (0, 9), (0, 8), (0, 7), (0, 6), (0, 6)], 1: [(13, 14), (12, 14), (11, 14), (10, 14), (10, 13), (10, 12), (10, 11), (10, 10), (10, 9), (10, 8), (10, 7), (10, 6), (10, 5), (11, 5), (11, 4), (11, 3), (11, 2), (11, 1), (11, 0), (11, 0)], 2: [(6, 12), (6, 11), (6, 10), (7, 10), (8, 10), (8, 9), (8, 8), (8, 7), (8, 6), (8, 5), (8, 4), (9, 4), (10, 4), (10, 4)], 3: [(3, 10), (2, 10), (2, 11), (1, 11), (1, 10), (1, 9), (1, 8), (1, 7), (1, 6), (1, 5), (0, 5), (0, 5)], 4: [(2, 7), (2, 6), (2, 5), (2, 4), (2, 3), (2, 2), (2, 1), (2, 2), (2, 3), (2, 4), (3, 4), (4, 4), (4, 5), (4, 6), (4, 7), (4, 8), (4, 9), (4, 9)]}, 18)