

CBSS-C STATS
starts:[23, 58, 175, 242, 127]
targets:[201, 125, 208, 180, 181, 178, 63, 155, 220, 142]
dests:[137, 250, 165, 10, 48]
ac_dict:{201: {0, 1}, 125: {1, 2}, 208: {2, 3}, 180: {3, 4}, 137: {0}, 250: {1}, 165: {2}, 10: {3}, 48: {4}}
clusters:[1 0 0 1 0 0 1 0 0 0]

round: 1
best_g_value: 73.0
open_list_size: 0
num_low_level_expanded: 217
search_success: 1
search_time: 0.17862568981945515
n_tsp_call: 1
n_tsp_time: 0.16632394073531032
n_roots: 1
num_conflicts: 0
target_assignment: {180: 3, 181: 3}
cluster_target_selection: {1: 180, 0: 181}
num_nodes_transformed_graph: 48
agent_paths:({0: [(7, 1), (8, 1), (9, 1), (9, 2), (9, 3), (9, 4), (9, 5), (9, 6), (9, 7), (9, 8), (9, 8)], 1: [(10, 3), (10, 4), (10, 5), (10, 6), (10, 7), (10, 8), (10, 9), (10, 10), (10, 11), (10, 12), (10, 13), (10, 14), (10, 15), (10, 15)], 2: [(15, 10), (14, 10), (13, 10), (12, 10), (11, 10), (10, 10), (9, 10), (8, 10), (7, 10), (6, 10), (5, 10), (5, 10)], 3: [(2, 15), (2, 14), (2, 13), (2, 12), (2, 11), (3, 11), (4, 11), (5, 11), (5, 10), (5, 9), (5, 8), (5, 7), (5, 6), (5, 5), (5, 4), (5, 3), (5, 2), (5, 1), (5, 0), (6, 0), (7, 0), (8, 0), (9, 0), (10, 0), (10, 0)], 4: [(15, 7), (14, 7), (13, 7), (12, 7), (11, 7), (10, 7), (9, 7), (8, 7), (7, 7), (6, 7), (5, 7), (4, 7), (3, 7), (2, 7), (1, 7), (0, 7), (0, 6), (0, 5), (0, 4), (0, 3), (0, 3)]}, 23)