

CBSS-C STATS
starts:[41, 66, 63, 236, 62, 206, 3, 230, 29, 122]
targets:[170, 102, 94, 21, 0, 81, 73, 96, 100, 67]
dests:[150, 194, 177, 110, 106, 24, 74, 217, 43, 57]
ac_dict:{170: {0, 1}, 102: {1, 2}, 94: {2, 3}, 21: {3, 4}, 0: {4, 5}, 81: {5, 6}, 73: {6, 7}, 96: {8, 7}, 100: {8, 9}, 150: {0}, 194: {1}, 177: {2}, 110: {3}, 106: {4}, 24: {5}, 74: {6}, 217: {7}, 43: {8}, 57: {9}}
clusters:[1 1 3 4 3 0 4 3 4 2]

round: 2
best_g_value: 103.0
open_list_size: 1
num_low_level_expanded: 388
search_success: 1
search_time: 0.27409161580726504
n_tsp_call: 1
n_tsp_time: 0.2548233149573207
n_roots: 1
num_conflicts: 1
target_assignment: {94: 2, 102: 2, 81: 6, 67: 6, 73: 6}
cluster_target_selection: {3: 94, 1: 102, 0: 81, 2: 67, 4: 73}
num_nodes_transformed_graph: 48
agent_paths:({0: [(9, 2), (8, 2), (7, 2), (6, 2), (6, 3), (6, 4), (6, 5), (6, 6), (6, 7), (6, 8), (6, 9), (6, 9)], 1: [(2, 4), (2, 5), (2, 6), (2, 7), (2, 8), (2, 9), (2, 10), (2, 11), (2, 12), (2, 12)], 2: [(15, 3), (14, 3), (14, 4), (14, 5), (13, 5), (12, 5), (11, 5), (10, 5), (9, 5), (8, 5), (7, 5), (6, 5), (6, 6), (5, 6), (4, 6), (3, 6), (2, 6), (1, 6), (1, 7), (1, 8), (1, 9), (1, 10), (1, 11), (1, 11)], 3: [(12, 14), (12, 13), (13, 13), (13, 12), (13, 11), (13, 10), (13, 9), (13, 8), (13, 7), (13, 6), (14, 6), (14, 6)], 4: [(14, 3), (13, 3), (12, 3), (11, 3), (10, 3), (10, 4), (10, 5), (10, 6), (10, 6)], 5: [(14, 12), (13, 12), (12, 12), (11, 12), (10, 12), (9, 12), (8, 12), (8, 11), (8, 10), (8, 9), (8, 8), (8, 7), (8, 6), (8, 5), (8, 4), (8, 3), (8, 2), (8, 1), (8, 1)], 6: [(3, 0), (2, 0), (1, 0), (1, 1), (1, 2), (1, 3), (1, 4), (1, 5), (1, 4), (2, 4), (3, 4), (4, 4), (5, 4), (6, 4), (7, 4), (8, 4), (9, 4), (10, 4), (10, 4)], 7: [(6, 14), (6, 13), (7, 13), (8, 13), (9, 13), (9, 13)], 8: [(13, 1), (12, 1), (11, 1), (11, 2), (11, 2)], 9: [(10, 7), (9, 7), (9, 6), (9, 5), (9, 4), (9, 3), (9, 3)]}, 22)