

CBSS-C STATS
starts:[142, 215, 165, 61, 102]
targets:[173, 22, 67, 188, 155, 3, 106, 191, 137, 6]
dests:[252, 187, 226, 42, 29]
ac_dict:{173: {0, 1}, 22: {1, 2}, 67: {2, 3}, 188: {3, 4}, 252: {0}, 187: {1}, 226: {2}, 42: {3}, 29: {4}}
clusters:[4 2 3 3 1 4 0 0 4 2]

round: 2
best_g_value: 56.0
open_list_size: 1
num_low_level_expanded: 202
search_success: 1
search_time: 0.5884565836749971
n_tsp_call: 1
n_tsp_time: 0.5760648031719029
n_roots: 1
num_conflicts: 1
target_assignment: {173: 0, 188: 3, 155: 3, 106: 3, 6: 4}
cluster_target_selection: {4: 173, 3: 188, 1: 155, 0: 106, 2: 6}
num_nodes_transformed_graph: 48
agent_paths:({0: [(14, 8), (13, 8), (13, 9), (13, 10), (12, 10), (12, 11), (12, 12), (12, 13), (12, 14), (12, 15), (12, 15)], 1: [(7, 13), (7, 12), (7, 11), (8, 11), (9, 11), (10, 11), (11, 11), (11, 11)], 2: [(5, 10), (4, 10), (3, 10), (2, 10), (2, 11), (2, 12), (2, 13), (2, 14), (2, 14)], 3: [(13, 3), (12, 3), (12, 4), (12, 5), (12, 6), (12, 7), (12, 8), (12, 9), (12, 10), (12, 11), (12, 10), (11, 10), (11, 9), (10, 9), (10, 8), (10, 7), (10, 6), (10, 5), (10, 4), (10, 3), (10, 2), (10, 2)], 4: [(6, 6), (6, 5), (6, 4), (6, 3), (6, 2), (6, 1), (6, 0), (7, 0), (8, 0), (9, 0), (10, 0), (11, 0), (12, 0), (13, 0), (13, 1), (13, 1)]}, 20)