

CBSS-C STATS
starts:[113, 100, 144, 145, 80]
targets:[56, 238, 36, 1, 59, 122, 166, 88, 30, 4]
dests:[126, 18, 76, 106, 77]
ac_dict:{56: {0, 1}, 238: {1, 2}, 36: {2, 3}, 1: {3, 4}, 126: {0}, 18: {1}, 76: {2}, 106: {3}, 77: {4}}
clusters:[4 3 2 4 1 0 2 3 1 4]

round: 1
best_g_value: 69.0
open_list_size: 0
num_low_level_expanded: 135
search_success: 1
search_time: 0.046805901918560266
n_tsp_call: 1
n_tsp_time: 0.03828880004584789
n_roots: 1
num_conflicts: 0
target_assignment: {166: 2, 88: 2, 59: 2, 4: 1, 122: 3}
cluster_target_selection: {2: 166, 3: 88, 1: 59, 4: 4, 0: 122}
num_nodes_transformed_graph: 28
agent_paths:({0: [(1, 7), (2, 7), (3, 7), (4, 7), (5, 7), (6, 7), (7, 7), (8, 7), (9, 7), (10, 7), (11, 7), (12, 7), (13, 7), (14, 7), (14, 7)], 1: [(4, 6), (4, 5), (4, 4), (4, 3), (4, 2), (4, 1), (4, 0), (3, 0), (2, 0), (2, 1), (2, 1)], 2: [(0, 9), (1, 9), (2, 9), (3, 9), (4, 9), (5, 9), (6, 9), (6, 10), (6, 9), (6, 8), (6, 7), (6, 6), (6, 5), (7, 5), (8, 5), (8, 4), (8, 3), (9, 3), (10, 3), (11, 3), (12, 3), (12, 4), (12, 4)], 3: [(1, 9), (1, 8), (1, 7), (2, 7), (3, 7), (4, 7), (5, 7), (6, 7), (7, 7), (8, 7), (9, 7), (10, 7), (10, 6), (10, 6)], 4: [(0, 5), (0, 4), (1, 4), (2, 4), (3, 4), (4, 4), (5, 4), (6, 4), (7, 4), (8, 4), (9, 4), (10, 4), (11, 4), (12, 4), (13, 4), (13, 4)]}, 21)