

CBSS-C STATS
starts:[166, 145, 203, 46, 81, 209, 90, 56, 122, 26]
targets:[245, 61, 87, 23, 43, 236, 15, 97, 142, 20, 162, 169, 159, 155, 10]
dests:[30, 227, 77, 80, 25, 175, 172, 113, 235, 217]
ac_dict:{245: {0, 1}, 61: {1, 2}, 87: {2, 3}, 23: {3, 4}, 43: {4, 5}, 236: {5, 6}, 15: {6, 7}, 97: {8, 7}, 142: {8, 9}, 30: {0}, 227: {1}, 77: {2}, 80: {3}, 25: {4}, 175: {5}, 172: {6}, 113: {7}, 235: {8}, 217: {9}}
clusters:[9 9 2 4 9 1 7 6 6 2 3 6 5 8 0]

round: 17
best_g_value: 139.0
open_list_size: 11
num_low_level_expanded: 1917
search_success: 1
search_time: 1.3233065130189061
n_tsp_call: 1
n_tsp_time: 1.2437588591128588
n_roots: 1
num_conflicts: 16
target_assignment: {162: 1, 23: 4, 87: 3, 155: 8, 97: 7, 236: 5, 61: 2, 10: 6, 15: 6, 159: 6}
cluster_target_selection: {3: 162, 4: 23, 2: 87, 8: 155, 6: 97, 1: 236, 9: 61, 0: 10, 7: 15, 5: 159}
num_nodes_transformed_graph: 98
agent_paths:({0: [(6, 10), (6, 9), (6, 8), (6, 7), (6, 6), (6, 5), (6, 4), (6, 3), (6, 2), (7, 2), (8, 2), (9, 2), (10, 2), (10, 1), (11, 1), (12, 1), (13, 1), (14, 1), (14, 1)], 1: [(1, 9), (2, 9), (2, 10), (3, 10), (3, 11), (3, 12), (3, 13), (3, 14), (3, 14)], 2: [(11, 12), (11, 11), (11, 10), (12, 10), (12, 9), (12, 8), (12, 7), (12, 6), (12, 5), (12, 4), (12, 3), (13, 3), (13, 4), (13, 4)], 3: [(14, 2), (13, 2), (12, 2), (11, 2), (10, 2), (9, 2), (8, 2), (7, 2), (7, 3), (7, 4), (7, 5), (6, 5), (5, 5), (4, 5), (3, 5), (2, 5), (1, 5), (0, 5), (0, 5)], 4: [(1, 5), (1, 4), (1, 3), (1, 2), (1, 1), (2, 1), (3, 1), (4, 1), (5, 1), (6, 1), (7, 1), (8, 1), (9, 1), (9, 1)], 5: [(1, 13), (2, 13), (3, 13), (4, 13), (5, 13), (6, 13), (7, 13), (8, 13), (9, 13), (10, 13), (11, 13), (12, 13), (12, 14), (12, 13), (12, 12), (12, 11), (12, 10), (13, 10), (14, 10), (15, 10), (15, 10)], 6: [(10, 5), (10, 4), (10, 3), (10, 2), (10, 1), (10, 0), (11, 0), (12, 0), (13, 0), (14, 0), (15, 0), (15, 1), (15, 2), (15, 3), (15, 4), (15, 5), (15, 6), (15, 7), (15, 8), (15, 9), (14, 9), (13, 9), (12, 9), (12, 10), (12, 10)], 7: [(8, 3), (7, 3), (6, 3), (5, 3), (4, 3), (3, 3), (2, 3), (1, 3), (1, 4), (1, 5), (1, 6), (1, 7), (1, 7)], 8: [(10, 7), (11, 7), (11, 8), (11, 9), (11, 10), (11, 11), (11, 12), (11, 13), (11, 14), (11, 14)], 9: [(10, 1), (9, 1), (9, 2), (9, 3), (9, 4), (9, 5), (9, 6), (9, 7), (9, 8), (9, 9), (9, 10), (9, 11), (9, 12), (9, 13), (9, 13)]}, 23)