

CBSS-C STATS
starts:[1, 210, 250, 219, 220, 178, 39, 62, 128, 16]
targets:[147, 107, 217, 99, 42, 37, 83, 30, 8, 69]
dests:[11, 3, 161, 194, 51, 214, 230, 191, 181, 177]
ac_dict:{147: {0, 1}, 107: {1, 2}, 217: {2, 3}, 99: {3, 4}, 42: {4, 5}, 37: {5, 6}, 83: {6, 7}, 30: {8, 7}, 8: {8, 9}, 11: {0}, 3: {1}, 161: {2}, 194: {3}, 51: {4}, 214: {5}, 230: {6}, 191: {7}, 181: {8}, 177: {9}}
clusters:[3 0 1 2 3 0 1 3 4 0]

round: 11
best_g_value: 130.0
open_list_size: 9
num_low_level_expanded: 1421
search_success: 1
search_time: 0.27033243607729673
n_tsp_call: 1
n_tsp_time: 0.20989430975168943
n_roots: 1
num_conflicts: 10
target_assignment: {217: 2, 99: 4, 8: 9, 69: 9, 147: 1}
cluster_target_selection: {1: 217, 2: 99, 4: 8, 0: 69, 3: 147}
num_nodes_transformed_graph: 48
agent_paths:({0: [(1, 0), (2, 0), (3, 0), (4, 0), (5, 0), (6, 0), (7, 0), (8, 0), (9, 0), (10, 0), (11, 0), (11, 0)], 1: [(2, 13), (2, 12), (2, 11), (2, 10), (2, 9), (3, 9), (3, 8), (3, 7), (3, 6), (3, 5), (3, 4), (3, 3), (3, 2), (3, 1), (3, 0), (3, 0)], 2: [(10, 15), (9, 15), (9, 14), (9, 13), (8, 13), (7, 13), (7, 12), (6, 12), (5, 12), (4, 12), (3, 12), (3, 11), (2, 11), (1, 11), (1, 10), (1, 10)], 3: [(11, 13), (10, 13), (9, 13), (8, 13), (7, 13), (6, 13), (5, 13), (4, 13), (3, 13), (2, 13), (2, 12), (2, 12)], 4: [(12, 13), (11, 13), (10, 13), (10, 12), (9, 12), (8, 12), (8, 11), (7, 11), (6, 11), (6, 10), (5, 10), (4, 10), (3, 10), (3, 9), (3, 8), (3, 7), (3, 6), (3, 5), (3, 4), (3, 3), (3, 3)], 5: [(2, 11), (3, 11), (4, 11), (5, 11), (6, 11), (6, 12), (6, 13), (6, 13)], 6: [(7, 2), (7, 3), (7, 4), (7, 5), (7, 6), (7, 7), (7, 8), (7, 9), (7, 10), (7, 11), (7, 12), (7, 13), (7, 14), (6, 14), (6, 14)], 7: [(14, 3), (15, 3), (15, 4), (15, 5), (15, 6), (15, 7), (15, 8), (15, 9), (15, 10), (15, 11), (15, 11)], 8: [(0, 8), (1, 8), (2, 8), (3, 8), (4, 8), (5, 8), (5, 9), (5, 10), (5, 11), (5, 11)], 9: [(0, 1), (0, 0), (1, 0), (2, 0), (3, 0), (4, 0), (5, 0), (6, 0), (7, 0), (8, 0), (7, 0), (6, 0), (5, 0), (5, 1), (5, 2), (5, 3), (5, 4), (4, 4), (4, 5), (3, 5), (2, 5), (2, 6), (2, 7), (2, 8), (2, 9), (2, 10), (2, 11), (1, 11), (1, 11)]}, 27)