

CBSS-C STATS
starts:[107, 118, 119, 223, 7]
targets:[33, 228, 231, 40, 22, 110, 166, 212, 29, 64]
dests:[37, 2, 45, 46, 120]
ac_dict:{33: {0, 1}, 228: {1, 2}, 231: {2, 3}, 40: {3, 4}, 37: {0}, 2: {1}, 45: {2}, 46: {3}, 120: {4}}
clusters:[1 1 0 1 0 0 1 0 0 0]

round: 1
best_g_value: 52.0
open_list_size: 0
num_low_level_expanded: 150
search_success: 1
search_time: 0.11723302630707622
n_tsp_call: 1
n_tsp_time: 0.11081529594957829
n_roots: 1
num_conflicts: 0
target_assignment: {40: 4, 110: 3}
cluster_target_selection: {1: 40, 0: 110}
num_nodes_transformed_graph: 48
agent_paths:({0: [(11, 6), (10, 6), (9, 6), (8, 6), (7, 6), (6, 6), (5, 6), (5, 5), (5, 4), (5, 3), (5, 2), (5, 2)], 1: [(6, 7), (5, 7), (4, 7), (3, 7), (2, 7), (2, 6), (2, 5), (2, 4), (2, 3), (2, 2), (2, 1), (2, 0), (2, 0)], 2: [(7, 7), (7, 6), (7, 5), (7, 4), (7, 3), (7, 2), (8, 2), (9, 2), (10, 2), (11, 2), (12, 2), (13, 2), (13, 2)], 3: [(15, 13), (14, 13), (14, 12), (14, 11), (14, 10), (14, 9), (14, 8), (14, 7), (14, 6), (14, 5), (14, 4), (14, 3), (14, 2), (14, 2)], 4: [(7, 0), (8, 0), (8, 1), (8, 2), (8, 3), (8, 4), (8, 5), (8, 6), (8, 7), (8, 7)]}, 12)