

CBSS-C STATS
starts:[21, 246, 236, 84, 152]
targets:[43, 224, 159, 114, 60, 33, 126, 27, 232, 127]
dests:[144, 47, 68, 158, 225]
ac_dict:{43: {0, 1}, 224: {1, 2}, 159: {2, 3}, 114: {3, 4}, 144: {0}, 47: {1}, 68: {2}, 158: {3}, 225: {4}}
clusters:[4 3 2 3 4 4 1 4 0 4]

round: 3
best_g_value: 85.0
open_list_size: 2
num_low_level_expanded: 552
search_success: 1
search_time: 0.358010983094573
n_tsp_call: 1
n_tsp_time: 0.33711618930101395
n_roots: 1
num_conflicts: 2
target_assignment: {114: 3, 159: 3, 232: 1, 126: 1, 127: 1}
cluster_target_selection: {3: 114, 2: 159, 0: 232, 1: 126, 4: 127}
num_nodes_transformed_graph: 48
agent_paths:({0: [(5, 1), (4, 1), (3, 1), (2, 1), (1, 1), (0, 1), (0, 2), (0, 3), (0, 4), (0, 5), (0, 6), (0, 7), (0, 8), (0, 9), (0, 9)], 1: [(6, 15), (6, 14), (7, 14), (8, 14), (8, 13), (8, 12), (8, 11), (8, 10), (8, 9), (8, 8), (8, 7), (9, 7), (10, 7), (11, 7), (12, 7), (13, 7), (14, 7), (15, 7), (15, 6), (15, 5), (15, 4), (15, 3), (15, 2), (15, 2)], 2: [(12, 14), (11, 14), (10, 14), (9, 14), (8, 14), (7, 14), (6, 14), (5, 14), (4, 14), (4, 13), (4, 12), (4, 11), (4, 10), (4, 9), (4, 8), (4, 7), (4, 6), (4, 5), (4, 4), (4, 4)], 3: [(4, 5), (3, 5), (2, 5), (2, 6), (2, 7), (3, 7), (4, 7), (5, 7), (6, 7), (7, 7), (7, 8), (8, 8), (9, 8), (10, 8), (11, 8), (12, 8), (13, 8), (14, 8), (15, 8), (15, 9), (14, 9), (14, 9)], 4: [(8, 9), (7, 9), (6, 9), (5, 9), (4, 9), (3, 9), (2, 9), (1, 9), (1, 10), (1, 11), (1, 12), (1, 13), (1, 14), (1, 14)]}, 22)