

CBSS-C STATS
starts:[92, 51, 153, 15, 173]
targets:[243, 230, 131, 159, 169, 167, 99, 116, 54, 146]
dests:[210, 250, 102, 100, 64]
ac_dict:{243: {0, 1}, 230: {1, 2}, 131: {2, 3}, 159: {3, 4}, 210: {0}, 250: {1}, 102: {2}, 100: {3}, 64: {4}}
clusters:[2 4 1 3 0 3 1 1 3 2]

round: 2
best_g_value: 79.0
open_list_size: 1
num_low_level_expanded: 335
search_success: 1
search_time: 0.2882384369149804
n_tsp_call: 1
n_tsp_time: 0.27093306882306933
n_roots: 1
num_conflicts: 1
target_assignment: {146: 0, 169: 4, 167: 4, 116: 4, 230: 1}
cluster_target_selection: {2: 146, 0: 169, 3: 167, 1: 116, 4: 230}
num_nodes_transformed_graph: 48
agent_paths:({0: [(12, 5), (11, 5), (10, 5), (9, 5), (8, 5), (7, 5), (6, 5), (5, 5), (4, 5), (3, 5), (2, 5), (2, 6), (2, 7), (2, 8), (2, 9), (2, 10), (2, 11), (2, 12), (2, 13), (2, 13)], 1: [(3, 3), (4, 3), (5, 3), (5, 4), (5, 5), (5, 6), (5, 7), (6, 7), (6, 8), (6, 9), (6, 10), (6, 11), (6, 12), (6, 13), (6, 14), (7, 14), (8, 14), (9, 14), (10, 14), (10, 15), (10, 15)], 2: [(9, 9), (8, 9), (7, 9), (6, 9), (6, 8), (6, 7), (6, 6), (6, 6)], 3: [(15, 0), (14, 0), (13, 0), (12, 0), (11, 0), (10, 0), (9, 0), (8, 0), (7, 0), (6, 0), (5, 0), (4, 0), (4, 1), (4, 2), (4, 3), (4, 4), (4, 5), (4, 6), (4, 6)], 4: [(13, 10), (12, 10), (11, 10), (10, 10), (9, 10), (8, 10), (7, 10), (6, 10), (5, 10), (4, 10), (4, 9), (4, 8), (4, 7), (3, 7), (2, 7), (1, 7), (0, 7), (0, 6), (0, 5), (0, 4), (0, 4)]}, 19)