

CBSS-C STATS
starts:[215, 239, 214, 110, 154]
targets:[145, 209, 65, 81, 169, 31, 105, 92, 245, 71, 185, 11, 153, 224, 112, 156, 188, 142, 221, 36]
dests:[187, 204, 21, 130, 157]
ac_dict:{145: {0, 1}, 209: {1, 2}, 65: {2, 3}, 81: {3, 4}, 187: {0}, 204: {1}, 21: {2}, 130: {3}, 157: {4}}
clusters:[8 8 5 8 1 0 7 2 9 1 5 5 4 5 3 3 2 0 6 4]

round: 1
best_g_value: 59.0
open_list_size: 0
num_low_level_expanded: 118
search_success: 1
search_time: 2.9059121632017195
n_tsp_call: 1
n_tsp_time: 2.886710378807038
n_roots: 1
num_conflicts: 0
target_assignment: {169: 0, 185: 0, 92: 3, 105: 3, 81: 3, 221: 1, 156: 4, 142: 4, 245: 2, 36: 2}
cluster_target_selection: {1: 169, 5: 185, 2: 92, 7: 105, 8: 81, 6: 221, 3: 156, 0: 142, 9: 245, 4: 36}
num_nodes_transformed_graph: 98
agent_paths:({0: [(7, 13), (7, 12), (7, 11), (7, 10), (8, 10), (9, 10), (9, 11), (10, 11), (11, 11), (11, 11)], 1: [(15, 14), (14, 14), (13, 14), (13, 13), (12, 13), (12, 12), (12, 12)], 2: [(6, 13), (5, 13), (5, 14), (5, 15), (4, 15), (4, 14), (4, 13), (4, 12), (4, 11), (4, 10), (4, 9), (4, 8), (4, 7), (4, 6), (4, 5), (4, 4), (4, 3), (4, 2), (4, 1), (5, 1), (5, 1)], 3: [(14, 6), (13, 6), (12, 6), (12, 5), (11, 5), (10, 5), (9, 5), (9, 6), (8, 6), (7, 6), (6, 6), (5, 6), (4, 6), (3, 6), (2, 6), (1, 6), (1, 5), (2, 5), (2, 6), (2, 7), (2, 8), (2, 8)], 4: [(10, 9), (11, 9), (12, 9), (12, 8), (13, 8), (14, 8), (13, 8), (13, 9), (13, 9)]}, 20)