

CBSS-C STATS
starts:[63, 247, 184, 45, 235, 82, 105, 197, 160, 147]
targets:[232, 201, 61, 14, 21, 165, 110, 53, 71, 200]
dests:[140, 164, 46, 150, 145, 153, 13, 50, 23, 199]
ac_dict:{232: {0, 1}, 201: {1, 2}, 61: {2, 3}, 14: {3, 4}, 21: {4, 5}, 165: {5, 6}, 110: {6, 7}, 53: {8, 7}, 71: {8, 9}, 140: {0}, 164: {1}, 46: {2}, 150: {3}, 145: {4}, 153: {5}, 13: {6}, 50: {7}, 23: {8}, 199: {9}}
clusters:[1 4 3 1 2 4 2 1 2 0]

round: 4
best_g_value: 118.0
open_list_size: 3
num_low_level_expanded: 682
search_success: 1
search_time: 0.24400336341932416
n_tsp_call: 1
n_tsp_time: 0.21753341425210238
n_roots: 1
num_conflicts: 3
target_assignment: {71: 8, 53: 7, 200: 2, 201: 2, 61: 2}
cluster_target_selection: {2: 71, 1: 53, 0: 200, 4: 201, 3: 61}
num_nodes_transformed_graph: 48
agent_paths:({0: [(15, 3), (14, 3), (13, 3), (12, 3), (12, 4), (12, 5), (12, 6), (12, 7), (12, 8), (12, 8)], 1: [(7, 15), (6, 15), (5, 15), (4, 15), (4, 14), (4, 13), (4, 12), (4, 11), (4, 10), (4, 10)], 2: [(8, 11), (8, 12), (9, 12), (9, 11), (9, 10), (9, 9), (9, 8), (9, 7), (10, 7), (10, 6), (10, 5), (10, 4), (10, 3), (11, 3), (12, 3), (13, 3), (13, 2), (14, 2), (14, 2)], 3: [(13, 2), (12, 2), (11, 2), (10, 2), (10, 3), (9, 3), (8, 3), (7, 3), (6, 3), (6, 4), (6, 5), (6, 6), (6, 7), (6, 8), (6, 9), (6, 9)], 4: [(11, 14), (10, 14), (9, 14), (8, 14), (7, 14), (6, 14), (5, 14), (4, 14), (3, 14), (2, 14), (1, 14), (1, 13), (1, 12), (1, 11), (1, 10), (1, 9), (1, 9)], 5: [(2, 5), (3, 5), (4, 5), (5, 5), (6, 5), (7, 5), (8, 5), (9, 5), (9, 6), (9, 7), (9, 8), (9, 9), (9, 9)], 6: [(9, 6), (9, 5), (9, 4), (9, 3), (9, 2), (9, 1), (9, 0), (10, 0), (11, 0), (12, 0), (13, 0), (13, 0)], 7: [(5, 12), (5, 11), (5, 10), (5, 9), (5, 8), (5, 7), (5, 6), (5, 5), (5, 4), (5, 3), (4, 3), (3, 3), (2, 3), (2, 3)], 8: [(0, 10), (0, 9), (0, 8), (0, 7), (0, 6), (0, 5), (0, 4), (1, 4), (2, 4), (3, 4), (4, 4), (5, 4), (6, 4), (7, 4), (7, 3), (7, 2), (7, 1), (7, 1)], 9: [(3, 9), (4, 9), (5, 9), (6, 9), (7, 9), (7, 10), (7, 11), (7, 12), (7, 12)]}, 17)