

CBSS-C STATS
starts:[137, 5, 72, 129, 33]
targets:[69, 91, 76, 12, 140, 104, 173, 136, 56, 68]
dests:[29, 228, 74, 63, 235]
ac_dict:{69: {0, 1}, 91: {1, 2}, 76: {2, 3}, 12: {3, 4}, 29: {0}, 228: {1}, 74: {2}, 63: {3}, 235: {4}}
clusters:[1 0 0 1 1 1 0 0 1 1]

round: 2
best_g_value: 69.0
open_list_size: 1
num_low_level_expanded: 337
search_success: 1
search_time: 0.2571749179624021
n_tsp_call: 1
n_tsp_time: 0.24189388938248158
n_roots: 1
num_conflicts: 1
target_assignment: {136: 4, 68: 1}
cluster_target_selection: {0: 136, 1: 68}
num_nodes_transformed_graph: 48
agent_paths:({0: [(9, 8), (9, 7), (9, 6), (9, 5), (9, 4), (9, 3), (9, 2), (9, 1), (10, 1), (11, 1), (12, 1), (13, 1), (13, 1)], 1: [(5, 0), (5, 1), (5, 2), (5, 3), (4, 3), (4, 4), (4, 5), (4, 6), (4, 7), (4, 8), (4, 9), (4, 10), (4, 11), (4, 12), (4, 13), (4, 14), (4, 14)], 2: [(8, 4), (9, 4), (10, 4), (10, 4)], 3: [(1, 8), (1, 7), (1, 6), (1, 5), (1, 4), (1, 3), (2, 3), (3, 3), (4, 3), (5, 3), (6, 3), (7, 3), (8, 3), (9, 3), (10, 3), (11, 3), (12, 3), (13, 3), (14, 3), (15, 3), (15, 3)], 4: [(1, 2), (2, 2), (3, 2), (4, 2), (5, 2), (6, 2), (7, 2), (8, 2), (8, 3), (8, 4), (8, 5), (8, 6), (8, 7), (8, 8), (9, 8), (10, 8), (11, 8), (11, 9), (11, 10), (11, 11), (11, 12), (11, 13), (11, 14), (11, 14)]}, 22)