

CBSS-C STATS
starts:[101, 149, 4, 212, 93]
targets:[119, 107, 195, 163, 248, 237, 29, 86, 211, 255]
dests:[208, 124, 90, 144, 142]
ac_dict:{119: {0, 1}, 107: {1, 2}, 195: {2, 3}, 163: {3, 4}, 208: {0}, 124: {1}, 90: {2}, 144: {3}, 142: {4}}
clusters:[1 3 3 0 4 0 1 2 4 4]

round: 1
best_g_value: 44.0
open_list_size: 0
num_low_level_expanded: 89
search_success: 1
search_time: 0.048363524954766035
n_tsp_call: 1
n_tsp_time: 0.04174269875511527
n_roots: 1
num_conflicts: 0
target_assignment: {211: 0, 86: 2, 119: 1, 195: 3, 163: 3}
cluster_target_selection: {4: 211, 2: 86, 1: 119, 3: 195, 0: 163}
num_nodes_transformed_graph: 26
agent_paths:({0: [(5, 6), (4, 6), (3, 6), (3, 7), (3, 8), (3, 9), (3, 10), (3, 11), (3, 12), (3, 13), (2, 13), (1, 13), (0, 13), (0, 13)], 1: [(5, 9), (5, 8), (5, 7), (6, 7), (7, 7), (8, 7), (9, 7), (10, 7), (11, 7), (12, 7), (12, 7)], 2: [(4, 0), (5, 0), (6, 0), (6, 1), (6, 2), (6, 3), (6, 4), (6, 5), (7, 5), (8, 5), (9, 5), (10, 5), (10, 5)], 3: [(4, 13), (3, 13), (3, 12), (3, 11), (3, 10), (2, 10), (1, 10), (0, 10), (0, 9), (0, 9)], 4: [(13, 5), (14, 5), (14, 6), (14, 7), (14, 8), (14, 8)]}, 12)