

CBSS-C STATS
starts:[108, 116, 130, 203, 169, 45, 217, 236, 11, 12]
targets:[35, 132, 250, 180, 213, 109, 112, 218, 133, 225]
dests:[79, 190, 22, 33, 193, 71, 147, 194, 121, 137]
ac_dict:{35: {0, 1}, 132: {1, 2}, 250: {2, 3}, 180: {3, 4}, 213: {4, 5}, 109: {5, 6}, 112: {6, 7}, 218: {8, 7}, 133: {8, 9}, 79: {0}, 190: {1}, 22: {2}, 33: {3}, 193: {4}, 71: {5}, 147: {6}, 194: {7}, 121: {8}, 137: {9}}
clusters:[4 4 3 2 4 4 0 4 1 4]

round: 50
best_g_value: 135.0
open_list_size: 49
num_low_level_expanded: 3253
search_success: 1
search_time: 1.9076274940744042
n_tsp_call: 11
n_tsp_time: 1.1258334969170392
n_roots: 1
num_conflicts: 49
target_assignment: {132: 1, 133: 9, 180: 4, 250: 3, 112: 6}
cluster_target_selection: {4: 132, 1: 133, 2: 180, 3: 250, 0: 112}
num_nodes_transformed_graph: 34
agent_paths:({0: [(12, 6), (12, 5), (12, 4), (13, 4), (14, 4), (15, 4), (15, 4)], 1: [(4, 7), (4, 8), (5, 8), (6, 8), (7, 8), (8, 8), (9, 8), (10, 8), (11, 8), (12, 8), (13, 8), (14, 8), (14, 9), (14, 10), (14, 11), (14, 11)], 2: [(2, 8), (2, 7), (2, 6), (2, 5), (2, 4), (2, 3), (2, 2), (2, 1), (3, 1), (4, 1), (5, 1), (6, 1), (6, 1)], 3: [(11, 12), (10, 12), (10, 13), (10, 14), (10, 15), (9, 15), (8, 15), (7, 15), (6, 15), (5, 15), (4, 15), (3, 15), (3, 14), (3, 13), (3, 12), (3, 11), (2, 11), (1, 11), (1, 10), (1, 9), (1, 8), (1, 7), (1, 6), (1, 5), (1, 4), (1, 3), (1, 2), (1, 2)], 4: [(9, 10), (8, 10), (7, 10), (6, 10), (5, 10), (4, 10), (4, 11), (3, 11), (2, 11), (1, 11), (1, 12), (1, 12)], 5: [(13, 2), (12, 2), (11, 2), (10, 2), (10, 3), (10, 4), (10, 4), (9, 4), (8, 4), (7, 4), (7, 4)], 6: [(9, 13), (8, 13), (7, 13), (6, 13), (5, 13), (4, 13), (3, 13), (2, 13), (1, 13), (0, 13), (0, 12), (0, 11), (0, 10), (0, 9), (0, 8), (0, 7), (1, 7), (2, 7), (3, 7), (3, 8), (3, 9), (3, 9)], 7: [(12, 14), (11, 14), (10, 14), (9, 14), (8, 14), (7, 14), (6, 14), (5, 14), (4, 14), (3, 14), (2, 14), (2, 13), (2, 12), (2, 12)], 8: [(11, 0), (10, 0), (9, 0), (9, 1), (9, 2), (9, 3), (9, 4), (9, 5), (9, 6), (9, 7), (9, 7)], 9: [(12, 0), (11, 0), (10, 0), (9, 0), (8, 0), (7, 0), (6, 0), (5, 0), (5, 1), (5, 2), (5, 3), (5, 4), (5, 5), (5, 6), (5, 7), (5, 8), (6, 8), (7, 8), (8, 8), (9, 8), (9, 8)]}, 26)