

CBSS-C STATS
starts:[170, 101, 126, 181, 114]
targets:[82, 46, 24, 55, 121, 27, 171, 152, 183, 36]
dests:[245, 250, 143, 169, 230]
ac_dict:{82: {0, 1}, 46: {1, 2}, 24: {2, 3}, 55: {3, 4}, 245: {0}, 250: {1}, 143: {2}, 169: {3}, 230: {4}}
clusters:[2 2 3 0 1 0 3 4 1 4]

round: 2
best_g_value: 62.0
open_list_size: 1
num_low_level_expanded: 228
search_success: 1
search_time: 0.09323752438649535
n_tsp_call: 1
n_tsp_time: 0.08210772601887584
n_roots: 1
num_conflicts: 1
target_assignment: {171: 0, 183: 3, 152: 1, 27: 2, 46: 2}
cluster_target_selection: {3: 171, 1: 183, 4: 152, 0: 27, 2: 46}
num_nodes_transformed_graph: 28
agent_paths:({0: [(10, 10), (11, 10), (10, 10), (9, 10), (9, 11), (8, 11), (7, 11), (6, 11), (5, 11), (5, 12), (5, 13), (5, 14), (5, 15), (5, 15)], 1: [(5, 6), (6, 6), (7, 6), (8, 6), (8, 7), (8, 8), (8, 9), (9, 9), (10, 9), (10, 10), (10, 11), (10, 12), (10, 13), (10, 14), (10, 15), (10, 15)], 2: [(14, 7), (13, 7), (12, 7), (11, 7), (11, 6), (11, 5), (11, 4), (11, 3), (11, 2), (11, 1), (12, 1), (13, 1), (14, 1), (14, 2), (15, 2), (15, 3), (15, 4), (15, 5), (15, 6), (15, 7), (15, 8), (15, 8)], 3: [(5, 11), (6, 11), (7, 11), (7, 10), (8, 10), (9, 10), (9, 10)], 4: [(2, 7), (3, 7), (4, 7), (5, 7), (6, 7), (6, 8), (6, 9), (6, 10), (6, 11), (6, 12), (6, 13), (6, 14), (6, 14)]}, 20)