

CBSS-C STATS
starts:[228, 127, 237, 125, 243, 21, 165, 231, 212, 220]
targets:[56, 84, 66, 111, 209, 161, 23, 210, 168, 82]
dests:[138, 67, 33, 103, 43, 54, 244, 169, 137, 159]
ac_dict:{56: {0, 1}, 84: {1, 2}, 66: {2, 3}, 111: {3, 4}, 209: {4, 5}, 161: {5, 6}, 23: {6, 7}, 210: {8, 7}, 168: {8, 9}, 138: {0}, 67: {1}, 33: {2}, 103: {3}, 43: {4}, 54: {5}, 244: {6}, 169: {7}, 137: {8}, 159: {9}}
clusters:[2 0 0 4 1 4 0 3 3 3]

round: 8
best_g_value: 121.0
open_list_size: 7
num_low_level_expanded: 1073
search_success: 1
search_time: 0.15788234118372202
n_tsp_call: 1
n_tsp_time: 0.11896979389712214
n_roots: 1
num_conflicts: 7
target_assignment: {66: 2, 56: 1, 111: 3, 209: 4, 82: 4}
cluster_target_selection: {0: 66, 2: 56, 4: 111, 1: 209, 3: 82}
num_nodes_transformed_graph: 33
agent_paths:({0: [(4, 14), (4, 13), (4, 12), (4, 11), (4, 10), (4, 9), (5, 9), (6, 9), (7, 9), (8, 9), (9, 9), (10, 9), (10, 8), (10, 8)], 1: [(15, 7), (14, 7), (13, 7), (12, 7), (11, 7), (10, 7), (9, 7), (8, 7), (8, 6), (8, 5), (8, 4), (8, 3), (7, 3), (7, 4), (6, 4), (5, 4), (4, 4), (3, 4), (3, 4)], 2: [(13, 14), (12, 14), (11, 14), (10, 14), (9, 14), (8, 14), (7, 14), (6, 14), (5, 14), (4, 14), (3, 14), (2, 14), (2, 13), (2, 12), (2, 11), (2, 10), (2, 9), (2, 8), (2, 7), (2, 6), (2, 5), (2, 4), (1, 4), (1, 3), (1, 2), (1, 2)], 3: [(13, 7), (13, 6), (14, 6), (15, 6), (14, 6), (13, 6), (12, 6), (11, 6), (10, 6), (9, 6), (8, 6), (7, 6), (7, 6)], 4: [(3, 15), (2, 15), (1, 15), (1, 14), (1, 13), (1, 12), (1, 11), (1, 10), (1, 9), (1, 8), (1, 7), (1, 6), (1, 5), (2, 5), (2, 4), (2, 3), (2, 2), (3, 2), (4, 2), (5, 2), (6, 2), (7, 2), (8, 2), (9, 2), (10, 2), (11, 2), (11, 2)], 5: [(5, 1), (6, 1), (6, 2), (6, 3), (6, 3)], 6: [(5, 10), (5, 11), (5, 12), (4, 12), (4, 13), (4, 14), (4, 15), (4, 15)], 7: [(7, 14), (7, 13), (7, 12), (7, 11), (7, 10), (8, 10), (9, 10), (9, 10)], 8: [(4, 13), (4, 12), (4, 11), (4, 10), (4, 9), (4, 8), (5, 8), (6, 8), (7, 8), (8, 8), (9, 8), (9, 8)], 9: [(12, 13), (12, 12), (12, 11), (12, 10), (12, 9), (13, 9), (14, 9), (15, 9), (15, 9)]}, 25)