

CBSS-C STATS
starts:[153, 194, 164, 25, 144]
targets:[17, 196, 255, 252, 204, 96, 229, 179, 82, 72, 32, 122, 127, 214, 172, 19, 160, 10, 149, 247]
dests:[5, 58, 213, 150, 189]
ac_dict:{17: {0, 1}, 196: {1, 2}, 255: {2, 3}, 252: {3, 4}, 5: {0}, 58: {1}, 213: {2}, 150: {3}, 189: {4}}
clusters:[7 2 4 8 8 0 4 8 6 3 5 7 9 1 6 8 2 5 8 9]

round: 1
best_g_value: 74.0
open_list_size: 0
num_low_level_expanded: 145
search_success: 1
search_time: 0.4644733262248337
n_tsp_call: 1
n_tsp_time: 0.450181822758168
n_roots: 1
num_conflicts: 0
target_assignment: {122: 0, 10: 0, 179: 4, 214: 2, 247: 2, 229: 2, 160: 1, 96: 1, 82: 1, 72: 1}
cluster_target_selection: {7: 122, 5: 10, 8: 179, 1: 214, 9: 247, 4: 229, 2: 160, 0: 96, 6: 82, 3: 72}
num_nodes_transformed_graph: 54
agent_paths:({0: [(9, 9), (9, 8), (9, 7), (10, 7), (10, 6), (10, 5), (10, 4), (10, 3), (10, 2), (10, 1), (10, 0), (9, 0), (8, 0), (7, 0), (6, 0), (5, 0), (5, 0)], 1: [(2, 12), (1, 12), (0, 12), (0, 11), (0, 10), (0, 9), (0, 8), (0, 7), (0, 6), (0, 5), (1, 5), (2, 5), (2, 4), (3, 4), (4, 4), (5, 4), (6, 4), (7, 4), (8, 4), (8, 3), (9, 3), (10, 3), (10, 3)], 2: [(4, 10), (5, 10), (6, 10), (6, 11), (6, 12), (6, 13), (7, 13), (7, 14), (7, 15), (6, 15), (5, 15), (5, 14), (5, 13), (5, 13)], 3: [(9, 1), (8, 1), (7, 1), (6, 1), (6, 2), (6, 3), (6, 4), (6, 5), (6, 6), (6, 7), (6, 8), (6, 9), (6, 9)], 4: [(0, 9), (1, 9), (2, 9), (3, 9), (3, 10), (3, 11), (4, 11), (5, 11), (6, 11), (7, 11), (8, 11), (9, 11), (10, 11), (11, 11), (12, 11), (13, 11), (13, 11)]}, 21)