

CBSS-C STATS
starts:[24, 148, 236, 242, 56]
targets:[206, 237, 207, 66, 75, 204, 187, 98, 146, 130, 192, 201, 153, 87, 110, 41, 71, 95, 93, 0]
dests:[183, 191, 164, 208, 174]
ac_dict:{206: {0, 1}, 237: {1, 2}, 207: {2, 3}, 66: {3, 4}, 183: {0}, 191: {1}, 164: {2}, 208: {3}, 174: {4}}
clusters:[9 3 5 2 7 4 1 2 2 6 0 9 5 8 5 7 4 1 7 9]

round: 3
best_g_value: 64.0
open_list_size: 2
num_low_level_expanded: 227
search_success: 1
search_time: 2.3584362268447876
n_tsp_call: 14
n_tsp_time: 2.187142729293555
n_roots: 1
num_conflicts: 2
target_assignment: {87: 0, 192: 3, 146: 1, 130: 1, 153: 1, 187: 1, 237: 2, 204: 2, 201: 2, 93: 4}
cluster_target_selection: {8: 87, 0: 192, 2: 146, 6: 130, 5: 153, 1: 187, 3: 237, 4: 204, 9: 201, 7: 93}
num_nodes_transformed_graph: 49
agent_paths:({0: [(8, 1), (7, 1), (7, 2), (7, 3), (7, 4), (7, 5), (7, 6), (7, 7), (7, 7), (7, 8), (7, 9), (7, 10), (7, 11), (7, 11)], 1: [(4, 9), (3, 9), (2, 9), (2, 8), (3, 8), (4, 8), (5, 8), (6, 8), (7, 8), (8, 8), (9, 8), (9, 9), (10, 9), (11, 9), (11, 10), (11, 11), (12, 11), (13, 11), (14, 11), (15, 11), (15, 11)], 2: [(12, 14), (13, 14), (12, 14), (12, 13), (12, 12), (11, 12), (10, 12), (9, 12), (8, 12), (7, 12), (6, 12), (5, 12), (4, 12), (4, 11), (4, 10), (4, 10)], 3: [(2, 15), (1, 15), (0, 15), (0, 14), (0, 13), (0, 12), (0, 13), (0, 13)], 4: [(8, 3), (9, 3), (10, 3), (11, 3), (12, 3), (13, 3), (13, 4), (13, 5), (14, 5), (14, 6), (14, 7), (14, 8), (14, 9), (14, 10), (14, 10)]}, 19)