

CBSS-C STATS
starts:[19, 36, 107, 135, 207]
targets:[208, 197, 72, 235, 118, 252, 217, 160, 49, 203]
dests:[237, 128, 249, 86, 171]
ac_dict:{208: {0, 1}, 197: {1, 2}, 72: {2, 3}, 235: {3, 4}, 237: {0}, 128: {1}, 249: {2}, 86: {3}, 171: {4}}
clusters:[2 3 3 0 1 4 2 4 3 2]

round: 1
best_g_value: 60.0
open_list_size: 0
num_low_level_expanded: 224
search_success: 1
search_time: 0.33470428362488747
n_tsp_call: 1
n_tsp_time: 0.3227697419933975
n_roots: 1
num_conflicts: 0
target_assignment: {252: 0, 118: 3, 203: 4, 235: 4, 49: 1}
cluster_target_selection: {4: 252, 1: 118, 2: 203, 0: 235, 3: 49}
num_nodes_transformed_graph: 48
agent_paths:({0: [(3, 1), (4, 1), (5, 1), (6, 1), (7, 1), (8, 1), (9, 1), (10, 1), (11, 1), (12, 1), (12, 2), (12, 3), (12, 4), (12, 5), (12, 6), (12, 7), (12, 8), (12, 9), (12, 10), (12, 11), (12, 12), (12, 13), (12, 14), (12, 15), (12, 14), (13, 14), (13, 14)], 1: [(4, 2), (3, 2), (2, 2), (1, 2), (1, 3), (0, 3), (0, 4), (0, 5), (0, 6), (0, 7), (0, 8), (0, 8)], 2: [(11, 6), (10, 6), (9, 6), (9, 7), (9, 8), (9, 9), (9, 10), (9, 11), (9, 12), (9, 13), (9, 14), (9, 15), (9, 15)], 3: [(7, 8), (6, 8), (6, 7), (6, 6), (6, 5), (6, 5)], 4: [(15, 12), (14, 12), (13, 12), (12, 12), (11, 12), (11, 13), (11, 14), (11, 13), (11, 12), (11, 11), (11, 10), (11, 10)]}, 25)