

CBSS-C STATS
starts:[218, 198, 212, 86, 169]
targets:[174, 175, 83, 137, 247, 143, 153, 111, 14, 117]
dests:[55, 105, 195, 145, 226]
ac_dict:{174: {0, 1}, 175: {1, 2}, 83: {2, 3}, 137: {3, 4}, 55: {0}, 105: {1}, 195: {2}, 145: {3}, 226: {4}}
clusters:[1 0 1 1 1 1 0 0 1 0]

round: 1
best_g_value: 44.0
open_list_size: 0
num_low_level_expanded: 127
search_success: 1
search_time: 0.06083782110363245
n_tsp_call: 1
n_tsp_time: 0.053233370184898376
n_roots: 1
num_conflicts: 0
target_assignment: {83: 3, 153: 1}
cluster_target_selection: {1: 83, 0: 153}
num_nodes_transformed_graph: 29
agent_paths:({0: [(10, 13), (9, 13), (8, 13), (7, 13), (7, 12), (7, 11), (7, 10), (7, 9), (7, 8), (7, 7), (7, 6), (7, 5), (7, 4), (7, 3), (7, 3)], 1: [(6, 12), (6, 11), (6, 10), (6, 9), (7, 9), (8, 9), (9, 9), (9, 8), (9, 7), (9, 6), (9, 6)], 2: [(4, 13), (3, 13), (3, 12), (3, 12)], 3: [(6, 5), (5, 5), (4, 5), (3, 5), (2, 5), (1, 5), (1, 6), (1, 7), (1, 8), (1, 9), (1, 9)], 4: [(9, 10), (8, 10), (7, 10), (6, 10), (5, 10), (4, 10), (3, 10), (2, 10), (2, 11), (2, 12), (2, 13), (2, 14), (2, 14)]}, 13)