

CBSS-C STATS
starts:[94, 37, 92, 156, 14, 33, 34, 131, 122, 68]
targets:[28, 69, 78, 170, 253, 66, 104, 15, 222, 227]
dests:[229, 201, 210, 158, 67, 35, 249, 142, 166, 220]
ac_dict:{28: {0, 1}, 69: {1, 2}, 78: {2, 3}, 170: {3, 4}, 253: {4, 5}, 66: {5, 6}, 104: {6, 7}, 15: {8, 7}, 222: {8, 9}, 229: {0}, 201: {1}, 210: {2}, 158: {3}, 67: {4}, 35: {5}, 249: {6}, 142: {7}, 166: {8}, 220: {9}}
clusters:[0 0 1 3 4 2 4 0 1 1]

round: 3
best_g_value: 132.0
open_list_size: 2
num_low_level_expanded: 732
search_success: 1
search_time: 0.127516970038414
n_tsp_call: 1
n_tsp_time: 0.10336153116077185
n_roots: 1
num_conflicts: 2
target_assignment: {170: 3, 227: 2, 69: 1, 66: 6, 104: 6}
cluster_target_selection: {3: 170, 1: 227, 0: 69, 2: 66, 4: 104}
num_nodes_transformed_graph: 33
agent_paths:({0: [(14, 5), (13, 5), (12, 5), (11, 5), (10, 5), (9, 5), (8, 5), (7, 5), (6, 5), (5, 5), (5, 6), (5, 7), (5, 8), (5, 9), (5, 10), (5, 11), (5, 12), (5, 13), (5, 14), (5, 14)], 1: [(5, 2), (5, 3), (5, 4), (6, 4), (7, 4), (8, 4), (9, 4), (9, 5), (9, 6), (9, 7), (9, 8), (9, 9), (9, 10), (9, 11), (9, 12), (9, 12)], 2: [(12, 5), (11, 5), (10, 5), (9, 5), (8, 5), (7, 5), (6, 5), (5, 5), (4, 5), (3, 5), (3, 6), (3, 7), (3, 8), (3, 9), (3, 10), (3, 11), (3, 12), (3, 13), (3, 14), (2, 14), (2, 13), (2, 13)], 3: [(12, 9), (11, 9), (10, 9), (10, 10), (10, 9), (11, 9), (12, 9), (13, 9), (14, 9), (14, 9)], 4: [(14, 0), (13, 0), (12, 0), (11, 0), (10, 0), (9, 0), (8, 0), (7, 0), (6, 0), (5, 0), (4, 0), (4, 1), (4, 2), (4, 3), (3, 3), (3, 4), (3, 4)], 5: [(1, 2), (2, 2), (3, 2), (3, 2)], 6: [(2, 2), (2, 3), (2, 4), (3, 4), (4, 4), (5, 4), (6, 4), (7, 4), (8, 4), (8, 5), (8, 6), (8, 7), (8, 8), (8, 9), (8, 10), (8, 11), (8, 12), (8, 13), (9, 13), (9, 14), (9, 15), (9, 15)], 7: [(3, 8), (4, 8), (5, 8), (6, 8), (7, 8), (8, 8), (9, 8), (10, 8), (11, 8), (12, 8), (13, 8), (14, 8), (14, 8)], 8: [(10, 7), (9, 7), (8, 7), (7, 7), (6, 7), (6, 8), (6, 9), (6, 10), (6, 10)], 9: [(4, 4), (5, 4), (6, 4), (7, 4), (8, 4), (9, 4), (10, 4), (11, 4), (12, 4), (12, 5), (12, 6), (12, 7), (12, 8), (12, 9), (12, 10), (12, 11), (12, 12), (12, 13), (12, 13)]}, 20)