

CBSS-C STATS
starts:[240, 60, 113, 251, 99]
targets:[241, 77, 198, 91, 207, 44, 28, 178, 90, 220]
dests:[57, 221, 200, 119, 17]
ac_dict:{241: {0, 1}, 77: {1, 2}, 198: {2, 3}, 91: {3, 4}, 57: {0}, 221: {1}, 200: {2}, 119: {3}, 17: {4}}
clusters:[1 1 0 0 1 0 0 0 0 0]

round: 1
best_g_value: 63.0
open_list_size: 0
num_low_level_expanded: 217
search_success: 1
search_time: 0.07222304120659828
n_tsp_call: 1
n_tsp_time: 0.06112666800618172
n_roots: 1
num_conflicts: 0
target_assignment: {241: 0, 178: 0}
cluster_target_selection: {1: 241, 0: 178}
num_nodes_transformed_graph: 28
agent_paths:({0: [(0, 15), (1, 15), (1, 14), (1, 13), (1, 12), (1, 11), (2, 11), (2, 10), (2, 9), (2, 8), (2, 7), (2, 6), (2, 5), (2, 4), (2, 3), (3, 3), (4, 3), (5, 3), (6, 3), (7, 3), (8, 3), (9, 3), (9, 3)], 1: [(12, 3), (13, 3), (13, 4), (13, 5), (13, 6), (13, 7), (13, 8), (13, 9), (13, 10), (13, 11), (13, 12), (13, 13), (13, 13)], 2: [(1, 7), (2, 7), (3, 7), (4, 7), (5, 7), (6, 7), (7, 7), (8, 7), (8, 8), (8, 9), (8, 10), (8, 11), (8, 12), (8, 12)], 3: [(11, 15), (10, 15), (9, 15), (8, 15), (7, 15), (7, 14), (7, 13), (7, 12), (7, 11), (7, 10), (7, 9), (7, 8), (7, 7), (7, 7)], 4: [(3, 6), (2, 6), (1, 6), (1, 5), (1, 4), (1, 3), (1, 2), (1, 1), (1, 1)]}, 21)