

CBSS-C STATS
starts:[26, 248, 39, 197, 130]
targets:[80, 155, 33, 32, 235, 105, 137, 142, 157, 171, 45, 94, 67, 125, 28, 99, 254, 31, 251, 48]
dests:[21, 109, 72, 180, 252]
ac_dict:{80: {0, 1}, 155: {1, 2}, 33: {2, 3}, 32: {3, 4}, 21: {0}, 109: {1}, 72: {2}, 180: {3}, 252: {4}}
clusters:[6 3 7 9 9 4 5 8 6 3 8 1 9 7 8 2 6 0 9 3]

round: 1
best_g_value: 59.0
open_list_size: 0
num_low_level_expanded: 117
search_success: 1
search_time: 0.5443767881952226
n_tsp_call: 1
n_tsp_time: 0.5322547890245914
n_roots: 1
num_conflicts: 0
target_assignment: {28: 0, 31: 0, 157: 1, 125: 1, 94: 1, 99: 4, 105: 4, 137: 4, 171: 4, 235: 4}
cluster_target_selection: {8: 28, 0: 31, 6: 157, 7: 125, 1: 94, 2: 99, 4: 105, 5: 137, 3: 171, 9: 235}
num_nodes_transformed_graph: 53
agent_paths:({0: [(10, 1), (11, 1), (12, 1), (13, 1), (14, 1), (15, 1), (14, 1), (13, 1), (12, 1), (11, 1), (10, 1), (9, 1), (8, 1), (7, 1), (6, 1), (5, 1), (5, 1)], 1: [(8, 15), (8, 14), (8, 13), (8, 12), (8, 11), (8, 10), (8, 9), (9, 9), (10, 9), (11, 9), (12, 9), (13, 9), (13, 8), (13, 7), (13, 6), (13, 5), (14, 5), (13, 5), (13, 6), (13, 6)], 2: [(7, 2), (8, 2), (8, 3), (8, 4), (8, 4)], 3: [(5, 12), (4, 12), (4, 11), (4, 11)], 4: [(2, 8), (2, 7), (2, 6), (3, 6), (4, 6), (5, 6), (6, 6), (7, 6), (8, 6), (9, 6), (9, 7), (9, 8), (10, 8), (11, 8), (11, 9), (11, 10), (11, 11), (11, 12), (11, 13), (11, 14), (12, 14), (12, 15), (12, 15)]}, 21)