

CBSS-C STATS
starts:[176, 120, 143, 204, 13, 205, 17, 0, 88, 169]
targets:[89, 80, 113, 47, 221, 203, 11, 253, 39, 37]
dests:[97, 31, 117, 227, 103, 245, 150, 69, 254, 193]
ac_dict:{89: {0, 1}, 80: {1, 2}, 113: {2, 3}, 47: {3, 4}, 221: {4, 5}, 203: {5, 6}, 11: {6, 7}, 253: {8, 7}, 39: {8, 9}, 97: {0}, 31: {1}, 117: {2}, 227: {3}, 103: {4}, 245: {5}, 150: {6}, 69: {7}, 254: {8}, 193: {9}}
clusters:[3 2 4 1 1 1 1 3 0 2]

round: 3
best_g_value: 128.0
open_list_size: 2
num_low_level_expanded: 725
search_success: 1
search_time: 0.25351592525839806
n_tsp_call: 1
n_tsp_time: 0.22359158610925078
n_roots: 1
num_conflicts: 2
target_assignment: {37: 7, 39: 8, 113: 2, 89: 1, 203: 5}
cluster_target_selection: {2: 37, 0: 39, 4: 113, 3: 89, 1: 203}
num_nodes_transformed_graph: 48
agent_paths:({0: [(0, 11), (0, 10), (0, 9), (0, 8), (0, 7), (0, 6), (1, 6), (1, 6)], 1: [(8, 7), (8, 6), (8, 5), (9, 5), (9, 4), (9, 3), (9, 2), (9, 1), (10, 1), (11, 1), (12, 1), (13, 1), (14, 1), (15, 1), (15, 1)], 2: [(15, 8), (14, 8), (13, 8), (12, 8), (11, 8), (10, 8), (9, 8), (8, 8), (7, 8), (6, 8), (5, 8), (4, 8), (3, 8), (2, 8), (1, 8), (1, 7), (2, 7), (3, 7), (4, 7), (5, 7), (5, 7)], 3: [(12, 12), (11, 12), (10, 12), (9, 12), (8, 12), (7, 12), (6, 12), (5, 12), (4, 12), (3, 12), (3, 13), (3, 14), (3, 14)], 4: [(13, 0), (12, 0), (11, 0), (10, 0), (9, 0), (8, 0), (7, 0), (7, 1), (7, 2), (7, 3), (7, 4), (7, 5), (7, 6), (7, 6)], 5: [(13, 12), (12, 12), (11, 12), (10, 12), (9, 12), (8, 12), (7, 12), (6, 12), (5, 12), (5, 13), (5, 14), (5, 15), (5, 15)], 6: [(1, 1), (2, 1), (3, 1), (4, 1), (5, 1), (6, 1), (6, 2), (6, 3), (6, 4), (6, 5), (6, 6), (6, 7), (6, 8), (6, 9), (6, 9)], 7: [(0, 0), (1, 0), (2, 0), (3, 0), (4, 0), (5, 0), (5, 1), (5, 2), (5, 3), (5, 4), (5, 4)], 8: [(8, 5), (7, 5), (7, 4), (7, 3), (7, 2), (8, 2), (8, 3), (9, 3), (10, 3), (11, 3), (12, 3), (13, 3), (14, 3), (14, 4), (14, 5), (14, 6), (14, 7), (14, 8), (14, 9), (14, 10), (14, 11), (14, 12), (14, 13), (14, 14), (14, 15), (14, 15)], 9: [(9, 10), (8, 10), (7, 10), (6, 10), (5, 10), (4, 10), (3, 10), (2, 10), (1, 10), (1, 11), (1, 12), (1, 12)]}, 24)