

CBSS-C STATS
starts:[253, 143, 74, 28, 111]
targets:[105, 149, 119, 88, 218, 27, 116, 113, 60, 87, 112, 20, 29, 118, 38, 130, 161, 80, 222, 151]
dests:[181, 117, 5, 146, 93]
ac_dict:{105: {0, 1}, 149: {1, 2}, 119: {2, 3}, 88: {3, 4}, 181: {0}, 117: {1}, 5: {2}, 146: {3}, 93: {4}}
clusters:[4 9 5 6 1 8 7 1 5 2 2 2 1 3 2 2 0 5 8 1]

round: 5
best_g_value: 64.0
open_list_size: 3
num_low_level_expanded: 477
search_success: 1
search_time: 2.1481140800751746
n_tsp_call: 15
n_tsp_time: 2.034150437451899
n_roots: 1
num_conflicts: 4
target_assignment: {218: 0, 105: 1, 118: 1, 149: 1, 27: 3, 88: 3, 119: 3, 116: 3, 161: 3, 38: 2}
cluster_target_selection: {1: 218, 4: 105, 3: 118, 9: 149, 8: 27, 6: 88, 5: 119, 7: 116, 0: 161, 2: 38}
num_nodes_transformed_graph: 47
agent_paths:({0: [(13, 15), (12, 15), (11, 15), (10, 15), (10, 14), (10, 13), (9, 13), (8, 13), (7, 13), (6, 13), (5, 13), (5, 12), (5, 11), (5, 11)], 1: [(15, 8), (14, 8), (13, 8), (12, 8), (11, 8), (10, 8), (9, 8), (9, 7), (9, 6), (8, 6), (8, 7), (8, 7), (7, 7), (6, 7), (5, 7), (5, 8), (5, 9), (5, 8), (5, 7), (5, 7)], 2: [(10, 4), (9, 4), (8, 4), (7, 4), (6, 4), (6, 3), (6, 2), (5, 2), (5, 1), (5, 0), (5, 0)], 3: [(12, 1), (11, 1), (10, 1), (9, 1), (8, 1), (8, 2), (8, 3), (8, 4), (8, 5), (7, 5), (7, 6), (7, 7), (6, 7), (5, 7), (4, 7), (3, 7), (2, 7), (1, 7), (1, 8), (1, 9), (1, 10), (1, 9), (2, 9), (2, 9)], 4: [(15, 6), (14, 6), (13, 6), (13, 5), (13, 5)]}, 22)