

CBSS-C STATS
starts:[208, 162, 159, 211, 255]
targets:[128, 32, 131, 92, 247, 40, 254, 197, 36, 236]
dests:[81, 252, 38, 202, 163]
ac_dict:{128: {0, 1}, 32: {1, 2}, 131: {2, 3}, 92: {3, 4}, 81: {0}, 252: {1}, 38: {2}, 202: {3}, 163: {4}}
clusters:[0 1 1 0 1 1 1 0 0 1]

round: 1
best_g_value: 65.0
open_list_size: 0
num_low_level_expanded: 230
search_success: 1
search_time: 0.07263346994295716
n_tsp_call: 1
n_tsp_time: 0.06039575207978487
n_roots: 1
num_conflicts: 0
target_assignment: {128: 0, 247: 1}
cluster_target_selection: {0: 128, 1: 247}
num_nodes_transformed_graph: 29
agent_paths:({0: [(0, 13), (0, 12), (0, 11), (0, 10), (0, 9), (0, 8), (0, 7), (0, 6), (0, 5), (1, 5), (1, 5)], 1: [(2, 10), (3, 10), (4, 10), (5, 10), (6, 10), (7, 10), (7, 11), (7, 12), (7, 13), (7, 14), (7, 15), (8, 15), (9, 15), (10, 15), (11, 15), (12, 15), (12, 15)], 2: [(15, 9), (14, 9), (13, 9), (12, 9), (11, 9), (10, 9), (9, 9), (8, 9), (7, 9), (6, 9), (6, 8), (6, 7), (6, 6), (6, 5), (6, 4), (6, 3), (6, 2), (6, 2)], 3: [(3, 13), (3, 12), (4, 12), (5, 12), (6, 12), (7, 12), (8, 12), (9, 12), (10, 12), (10, 12)], 4: [(15, 15), (14, 15), (13, 15), (12, 15), (11, 15), (10, 15), (9, 15), (8, 15), (7, 15), (6, 15), (5, 15), (4, 15), (3, 15), (3, 14), (3, 13), (3, 12), (3, 11), (3, 10), (3, 10)]}, 17)