

CBSS-C STATS
starts:[20, 201, 61, 119, 140]
targets:[213, 243, 66, 147, 1, 225, 252, 169, 95, 26, 23, 239, 224, 142, 35, 151, 58, 65, 167, 198]
dests:[145, 10, 156, 238, 133]
ac_dict:{213: {0, 1}, 243: {1, 2}, 66: {2, 3}, 147: {3, 4}, 145: {0}, 10: {1}, 156: {2}, 238: {3}, 133: {4}}
clusters:[3 8 2 3 7 4 1 0 6 9 7 4 7 7 5 8 2 6 9 2]

round: 1
best_g_value: 64.0
open_list_size: 0
num_low_level_expanded: 148
search_success: 1
search_time: 1.1447249208576977
n_tsp_call: 1
n_tsp_time: 1.1240443629212677
n_roots: 1
num_conflicts: 0
target_assignment: {35: 0, 65: 0, 252: 3, 239: 3, 169: 1, 58: 1, 26: 1, 151: 4, 147: 4, 142: 2}
cluster_target_selection: {5: 35, 6: 65, 1: 252, 4: 239, 0: 169, 2: 58, 9: 26, 8: 151, 3: 147, 7: 142}
num_nodes_transformed_graph: 98
agent_paths:({0: [(4, 1), (3, 1), (3, 2), (2, 2), (1, 2), (1, 3), (1, 4), (1, 5), (1, 6), (1, 7), (1, 8), (1, 9), (1, 9)], 1: [(9, 12), (9, 11), (9, 10), (9, 9), (9, 8), (9, 7), (9, 6), (9, 5), (9, 4), (9, 3), (10, 3), (10, 2), (10, 1), (10, 0), (10, 0)], 2: [(13, 3), (14, 3), (14, 4), (14, 5), (14, 6), (14, 7), (14, 8), (13, 8), (12, 8), (12, 9), (12, 9)], 3: [(7, 7), (8, 7), (9, 7), (10, 7), (11, 7), (12, 7), (12, 8), (12, 9), (12, 10), (12, 11), (12, 12), (12, 13), (12, 14), (12, 15), (12, 14), (13, 14), (14, 14), (15, 14), (14, 14), (14, 14)], 4: [(12, 8), (11, 8), (10, 8), (9, 8), (8, 8), (7, 8), (7, 9), (6, 9), (5, 9), (4, 9), (3, 9), (3, 8), (4, 8), (5, 8), (5, 8)]}, 18)