

CBSS-C STATS
starts:[103, 159, 69, 76, 255]
targets:[251, 20, 165, 6, 136, 36, 142, 60, 228, 158]
dests:[94, 167, 233, 196, 174]
ac_dict:{251: {0, 1}, 20: {1, 2}, 165: {2, 3}, 6: {3, 4}, 94: {0}, 167: {1}, 233: {2}, 196: {3}, 174: {4}}
clusters:[2 4 0 2 2 0 0 1 2 3]

round: 2
best_g_value: 63.0
open_list_size: 1
num_low_level_expanded: 292
search_success: 1
search_time: 0.07143219234421849
n_tsp_call: 1
n_tsp_time: 0.05910590710118413
n_roots: 1
num_conflicts: 1
target_assignment: {158: 1, 20: 2, 165: 2, 60: 3, 136: 3}
cluster_target_selection: {3: 158, 4: 20, 0: 165, 1: 60, 2: 136}
num_nodes_transformed_graph: 29
agent_paths:({0: [(7, 6), (7, 5), (8, 5), (9, 5), (10, 5), (11, 5), (12, 5), (13, 5), (14, 5), (14, 5)], 1: [(15, 9), (14, 9), (13, 9), (12, 9), (11, 9), (10, 9), (9, 9), (8, 9), (7, 9), (7, 10), (7, 10)], 2: [(5, 4), (4, 4), (4, 3), (4, 2), (4, 1), (5, 1), (5, 2), (5, 3), (5, 4), (5, 5), (5, 6), (5, 7), (5, 8), (5, 9), (5, 10), (6, 10), (6, 11), (7, 11), (8, 11), (9, 11), (9, 12), (9, 13), (9, 14), (9, 14)], 3: [(12, 4), (12, 3), (11, 3), (10, 3), (9, 3), (8, 3), (8, 4), (8, 5), (8, 6), (8, 7), (8, 8), (7, 8), (6, 8), (5, 8), (4, 8), (4, 9), (4, 10), (4, 11), (4, 12), (4, 12)], 4: [(15, 15), (14, 15), (14, 14), (14, 13), (14, 12), (14, 11), (14, 10), (14, 10)]}, 22)