

CBSS-C STATS
starts:[143, 48, 190, 160, 167]
targets:[174, 155, 132, 214, 166, 137, 130, 152, 64, 25, 225, 61, 231, 135, 212, 235, 84, 221, 51, 169]
dests:[179, 229, 209, 23, 206]
ac_dict:{174: {0, 1}, 155: {1, 2}, 132: {2, 3}, 214: {3, 4}, 179: {0}, 229: {1}, 209: {2}, 23: {3}, 206: {4}}
clusters:[6 7 7 9 1 0 1 2 7 2 8 5 4 1 2 0 1 1 4 3]

round: 1
best_g_value: 89.0
open_list_size: 0
num_low_level_expanded: 194
search_success: 1
search_time: 2.521527649369091
n_tsp_call: 1
n_tsp_time: 2.4985876153223217
n_roots: 1
num_conflicts: 0
target_assignment: {174: 0, 169: 0, 137: 3, 61: 3, 212: 2, 64: 1, 225: 1, 231: 4, 214: 4, 221: 4}
cluster_target_selection: {6: 174, 3: 169, 0: 137, 5: 61, 2: 212, 7: 64, 8: 225, 4: 231, 9: 214, 1: 221}
num_nodes_transformed_graph: 98
agent_paths:({0: [(15, 8), (14, 8), (14, 9), (14, 10), (13, 10), (12, 10), (11, 10), (10, 10), (9, 10), (8, 10), (7, 10), (6, 10), (5, 10), (4, 10), (3, 10), (3, 11), (3, 11)], 1: [(0, 3), (0, 4), (1, 4), (1, 5), (1, 6), (1, 7), (1, 8), (1, 9), (1, 10), (1, 11), (1, 12), (1, 13), (1, 14), (2, 14), (3, 14), (4, 14), (5, 14), (5, 14)], 2: [(14, 11), (13, 11), (12, 11), (11, 11), (10, 11), (9, 11), (8, 11), (7, 11), (6, 11), (5, 11), (4, 11), (4, 12), (4, 13), (3, 13), (2, 13), (1, 13), (1, 13)], 3: [(0, 10), (0, 9), (0, 8), (1, 8), (2, 8), (3, 8), (4, 8), (5, 8), (6, 8), (7, 8), (8, 8), (9, 8), (9, 7), (9, 6), (9, 5), (9, 4), (9, 3), (10, 3), (11, 3), (12, 3), (13, 3), (12, 3), (11, 3), (10, 3), (9, 3), (8, 3), (7, 3), (7, 2), (7, 1), (7, 1)], 4: [(7, 10), (7, 11), (7, 12), (7, 13), (7, 14), (6, 14), (6, 13), (7, 13), (8, 13), (9, 13), (10, 13), (11, 13), (12, 13), (13, 13), (13, 12), (14, 12), (14, 12)]}, 28)