

CBSS-C STATS
starts:[254, 86, 223, 15, 77]
targets:[139, 81, 164, 37, 74, 100, 87, 247, 68, 130]
dests:[227, 18, 236, 111, 125]
ac_dict:{139: {0, 1}, 81: {1, 2}, 164: {2, 3}, 37: {3, 4}, 227: {0}, 18: {1}, 236: {2}, 111: {3}, 125: {4}}
clusters:[4 0 1 3 3 2 2 3 2 2]

round: 1
best_g_value: 73.0
open_list_size: 0
num_low_level_expanded: 209
search_success: 1
search_time: 0.11254567885771394
n_tsp_call: 1
n_tsp_time: 0.10212299320846796
n_roots: 1
num_conflicts: 0
target_assignment: {139: 0, 164: 2, 247: 2, 87: 1, 81: 1}
cluster_target_selection: {4: 139, 1: 164, 3: 247, 2: 87, 0: 81}
num_nodes_transformed_graph: 29
agent_paths:({0: [(14, 15), (13, 15), (12, 15), (11, 15), (11, 14), (11, 13), (11, 12), (11, 11), (11, 10), (11, 9), (11, 8), (10, 8), (9, 8), (8, 8), (7, 8), (6, 8), (5, 8), (4, 8), (3, 8), (3, 9), (3, 10), (3, 11), (3, 12), (3, 13), (3, 14), (3, 14)], 1: [(6, 5), (7, 5), (6, 5), (5, 5), (4, 5), (3, 5), (2, 5), (1, 5), (1, 4), (1, 3), (1, 2), (1, 1), (2, 1), (2, 1)], 2: [(15, 13), (14, 13), (13, 13), (12, 13), (11, 13), (10, 13), (9, 13), (8, 13), (7, 13), (6, 13), (5, 13), (4, 13), (4, 12), (4, 11), (4, 10), (5, 10), (6, 10), (7, 10), (7, 11), (7, 12), (7, 13), (7, 14), (7, 15), (7, 14), (8, 14), (9, 14), (10, 14), (11, 14), (12, 14), (12, 14)], 3: [(15, 0), (15, 1), (15, 2), (15, 3), (15, 4), (15, 5), (15, 6), (15, 6)], 4: [(13, 4), (13, 5), (13, 6), (13, 7), (13, 7)]}, 28)