

CBSS-C STATS
starts:[88, 234, 131, 63, 204]
targets:[15, 86, 77, 241, 78, 245, 122, 189, 180, 129]
dests:[89, 70, 162, 187, 105]
ac_dict:{15: {0, 1}, 86: {1, 2}, 77: {2, 3}, 241: {3, 4}, 89: {0}, 70: {1}, 162: {2}, 187: {3}, 105: {4}}
clusters:[0 2 4 3 2 1 0 4 1 4]

round: 2
best_g_value: 61.0
open_list_size: 1
num_low_level_expanded: 283
search_success: 1
search_time: 0.4694247948937118
n_tsp_call: 1
n_tsp_time: 0.45533743081614375
n_roots: 1
num_conflicts: 1
target_assignment: {122: 1, 78: 3, 189: 3, 241: 4, 245: 4}
cluster_target_selection: {0: 122, 2: 78, 4: 189, 3: 241, 1: 245}
num_nodes_transformed_graph: 48
agent_paths:({0: [(8, 5), (9, 5), (9, 5)], 1: [(10, 14), (10, 13), (10, 12), (10, 11), (10, 10), (10, 9), (10, 8), (10, 7), (9, 7), (8, 7), (7, 7), (6, 7), (6, 6), (6, 5), (6, 4), (6, 4)], 2: [(3, 8), (2, 8), (2, 9), (2, 10), (2, 10)], 3: [(15, 3), (14, 3), (14, 4), (13, 4), (13, 5), (13, 6), (13, 7), (13, 8), (13, 9), (13, 10), (13, 11), (12, 11), (11, 11), (11, 11)], 4: [(12, 12), (11, 12), (11, 13), (10, 13), (9, 13), (8, 13), (7, 13), (6, 13), (5, 13), (4, 13), (3, 13), (2, 13), (1, 13), (1, 14), (1, 15), (2, 15), (3, 15), (4, 15), (5, 15), (5, 14), (5, 13), (5, 12), (5, 11), (5, 10), (5, 9), (5, 8), (5, 7), (5, 6), (6, 6), (7, 6), (8, 6), (9, 6), (9, 6)]}, 31)