

CBSS-C STATS
starts:[58, 0, 107, 48, 60]
targets:[139, 129, 219, 131, 149, 235, 11, 117, 72, 133, 250, 144, 248, 89, 61, 84, 143, 8, 147, 185]
dests:[218, 99, 249, 229, 65]
ac_dict:{139: {0, 1}, 129: {1, 2}, 219: {2, 3}, 131: {3, 4}, 218: {0}, 99: {1}, 249: {2}, 229: {3}, 65: {4}}
clusters:[2 9 0 6 4 3 9 0 7 1 0 1 3 8 5 0 7 3 8 4]

round: 1
best_g_value: 68.0
open_list_size: 0
num_low_level_expanded: 114
search_success: 1
search_time: 0.2796093886718154
n_tsp_call: 1
n_tsp_time: 0.2688171211630106
n_roots: 1
num_conflicts: 0
target_assignment: {139: 0, 61: 4, 72: 4, 235: 2, 250: 2, 144: 3, 131: 3, 147: 3, 149: 3, 129: 1}
cluster_target_selection: {2: 139, 5: 61, 7: 72, 3: 235, 0: 250, 1: 144, 6: 131, 8: 147, 4: 149, 9: 129}
num_nodes_transformed_graph: 45
agent_paths:({0: [(10, 3), (11, 3), (11, 4), (11, 5), (11, 6), (11, 7), (11, 8), (10, 8), (10, 9), (10, 10), (10, 11), (10, 12), (10, 13), (10, 13)], 1: [(0, 0), (1, 0), (1, 1), (1, 2), (1, 3), (1, 4), (1, 5), (1, 6), (1, 7), (1, 8), (1, 7), (1, 6), (2, 6), (3, 6), (3, 6)], 2: [(11, 6), (11, 7), (11, 8), (11, 9), (11, 10), (11, 11), (11, 12), (11, 13), (11, 14), (10, 14), (10, 15), (9, 15), (9, 15)], 3: [(0, 3), (0, 4), (0, 5), (0, 6), (0, 7), (0, 8), (0, 9), (0, 8), (1, 8), (2, 8), (3, 8), (3, 9), (4, 9), (5, 9), (5, 10), (5, 11), (5, 12), (5, 13), (5, 14), (5, 14)], 4: [(12, 3), (13, 3), (12, 3), (11, 3), (10, 3), (9, 3), (8, 3), (8, 4), (7, 4), (6, 4), (5, 4), (4, 4), (3, 4), (2, 4), (1, 4), (1, 4)]}, 18)