

CBSS-C STATS
starts:[18, 222, 149, 207, 220]
targets:[77, 217, 205, 30, 37, 70, 62, 80, 139, 175]
dests:[49, 97, 137, 157, 51]
ac_dict:{77: {0, 1}, 217: {1, 2}, 205: {2, 3}, 30: {3, 4}, 49: {0}, 97: {1}, 137: {2}, 157: {3}, 51: {4}}
clusters:[1 4 3 0 2 3 4 1 1 4]

round: 2
best_g_value: 60.0
open_list_size: 1
num_low_level_expanded: 234
search_success: 1
search_time: 0.1868724999949336
n_tsp_call: 1
n_tsp_time: 0.17437006020918489
n_roots: 1
num_conflicts: 1
target_assignment: {139: 1, 62: 4, 30: 4, 37: 4, 205: 3}
cluster_target_selection: {1: 139, 4: 62, 0: 30, 2: 37, 3: 205}
num_nodes_transformed_graph: 48
agent_paths:({0: [(2, 1), (1, 1), (1, 2), (1, 3), (1, 3)], 1: [(14, 13), (13, 13), (12, 13), (11, 13), (11, 12), (11, 11), (11, 10), (11, 9), (11, 8), (10, 8), (10, 7), (9, 7), (8, 7), (7, 7), (6, 7), (5, 7), (4, 7), (3, 7), (2, 7), (1, 7), (1, 6), (1, 6)], 2: [(5, 9), (5, 8), (6, 8), (7, 8), (8, 8), (9, 8), (9, 8)], 3: [(15, 12), (14, 12), (13, 12), (13, 11), (13, 10), (13, 9), (13, 9)], 4: [(12, 13), (12, 12), (12, 11), (12, 10), (12, 9), (12, 8), (12, 7), (12, 6), (12, 5), (12, 4), (12, 3), (13, 3), (14, 3), (14, 2), (14, 1), (13, 1), (12, 1), (11, 1), (10, 1), (9, 1), (8, 1), (7, 1), (6, 1), (5, 1), (5, 2), (4, 2), (3, 2), (3, 3), (3, 3)]}, 27)