

CBSS-C STATS
starts:[91, 240, 175, 129, 190]
targets:[242, 26, 109, 135, 112, 205, 80, 37, 251, 172]
dests:[73, 104, 20, 233, 89]
ac_dict:{242: {0, 1}, 26: {1, 2}, 109: {2, 3}, 135: {3, 4}, 73: {0}, 104: {1}, 20: {2}, 233: {3}, 89: {4}}
clusters:[1 1 0 0 1 1 1 0 1 0]

round: 602
best_g_value: 65.0
open_list_size: 601
num_low_level_expanded: 82405
search_success: 1
search_time: 1.9454908189363778
n_tsp_call: 1
n_tsp_time: 0.07613800559192896
n_roots: 1
num_conflicts: 601
target_assignment: {242: 1, 135: 3}
cluster_target_selection: {1: 242, 0: 135}
num_nodes_transformed_graph: 29
agent_paths:({0: [(11, 5), (10, 5), (9, 5), (9, 4), (9, 4)], 1: [(0, 15), (1, 15), (2, 15), (2, 14), (2, 13), (2, 12), (2, 11), (2, 10), (2, 9), (2, 8), (2, 7), (3, 7), (4, 7), (5, 7), (6, 7), (6, 6), (7, 6), (8, 6), (8, 6)], 2: [(15, 10), (14, 10), (13, 10), (12, 10), (11, 10), (10, 10), (10, 9), (10, 8), (10, 7), (10, 6), (10, 5), (10, 4), (10, 3), (9, 3), (8, 3), (7, 3), (6, 3), (5, 3), (4, 3), (4, 2), (4, 1), (4, 1)], 3: [(1, 8), (2, 8), (3, 8), (4, 8), (5, 8), (6, 8), (7, 8), (8, 8), (8, 9), (9, 9), (9, 10), (9, 11), (9, 12), (9, 13), (9, 14), (9, 14)], 4: [(14, 11), (13, 11), (12, 11), (11, 11), (10, 11), (9, 11), (9, 10), (9, 9), (9, 8), (9, 7), (9, 6), (9, 5), (9, 5)]}, 20)