

CBSS-C STATS
starts:[42, 189, 29, 55, 187]
targets:[188, 60, 132, 107, 230, 119, 123, 24, 78, 109]
dests:[241, 245, 14, 210, 40]
ac_dict:{188: {0, 1}, 60: {1, 2}, 132: {2, 3}, 107: {3, 4}, 241: {0}, 245: {1}, 14: {2}, 210: {3}, 40: {4}}
clusters:[0 1 1 1 0 0 1 1 1 0]

round: 1
best_g_value: 63.0
open_list_size: 0
num_low_level_expanded: 228
search_success: 1
search_time: 0.07089898036792874
n_tsp_call: 1
n_tsp_time: 0.06037620501592755
n_roots: 1
num_conflicts: 0
target_assignment: {119: 0, 107: 4}
cluster_target_selection: {0: 119, 1: 107}
num_nodes_transformed_graph: 28
agent_paths:({0: [(10, 2), (9, 2), (8, 2), (7, 2), (7, 3), (7, 4), (7, 5), (7, 6), (7, 7), (6, 7), (5, 7), (4, 7), (3, 7), (2, 7), (1, 7), (1, 8), (1, 9), (1, 10), (1, 11), (1, 12), (1, 13), (1, 14), (1, 15), (1, 15)], 1: [(13, 11), (12, 11), (11, 11), (10, 11), (9, 11), (8, 11), (7, 11), (6, 11), (5, 11), (5, 12), (5, 13), (5, 14), (5, 15), (5, 15)], 2: [(13, 1), (13, 0), (14, 0), (14, 0)], 3: [(7, 3), (6, 3), (5, 3), (4, 3), (3, 3), (2, 3), (2, 4), (2, 5), (2, 6), (2, 7), (2, 8), (2, 9), (2, 10), (2, 11), (2, 12), (2, 13), (2, 13)], 4: [(11, 11), (11, 10), (11, 9), (11, 8), (11, 7), (11, 6), (10, 6), (9, 6), (8, 6), (8, 5), (8, 4), (8, 3), (8, 2), (8, 2)]}, 22)