

CBSS-C STATS
starts:[91, 221, 148, 253, 245]
targets:[246, 67, 187, 160, 100, 248, 188, 55, 102, 149]
dests:[34, 48, 40, 213, 208]
ac_dict:{246: {0, 1}, 67: {1, 2}, 187: {2, 3}, 160: {3, 4}, 34: {0}, 48: {1}, 40: {2}, 213: {3}, 208: {4}}
clusters:[1 3 3 1 0 2 0 4 2 4]

round: 1
best_g_value: 67.0
open_list_size: 0
num_low_level_expanded: 167
search_success: 1
search_time: 0.07289607776328921
n_tsp_call: 1
n_tsp_time: 0.0642491914331913
n_roots: 1
num_conflicts: 0
target_assignment: {55: 0, 246: 1, 100: 1, 67: 1, 102: 2}
cluster_target_selection: {4: 55, 1: 246, 0: 100, 3: 67, 2: 102}
num_nodes_transformed_graph: 27
agent_paths:({0: [(11, 5), (10, 5), (9, 5), (8, 5), (7, 5), (7, 4), (7, 3), (6, 3), (5, 3), (4, 3), (3, 3), (2, 3), (2, 2), (2, 2)], 1: [(13, 13), (12, 13), (11, 13), (10, 13), (9, 13), (8, 13), (7, 13), (6, 13), (6, 14), (6, 15), (5, 15), (4, 15), (4, 14), (4, 13), (4, 12), (4, 11), (4, 10), (4, 9), (4, 8), (4, 7), (4, 6), (3, 6), (3, 5), (3, 4), (2, 4), (1, 4), (0, 4), (0, 3), (0, 3)], 2: [(4, 9), (4, 8), (4, 7), (4, 6), (5, 6), (6, 6), (6, 5), (6, 4), (6, 3), (6, 2), (7, 2), (8, 2), (8, 2)], 3: [(13, 15), (12, 15), (11, 15), (10, 15), (9, 15), (8, 15), (7, 15), (6, 15), (5, 15), (5, 14), (5, 13), (5, 13)], 4: [(5, 15), (4, 15), (3, 15), (2, 15), (1, 15), (0, 15), (0, 14), (0, 13), (0, 13)]}, 27)