

CBSS-C STATS
starts:[95, 84, 43, 152, 247]
targets:[31, 96, 50, 62, 178, 250, 249, 218, 232, 254]
dests:[185, 158, 55, 225, 66]
ac_dict:{31: {0, 1}, 96: {1, 2}, 50: {2, 3}, 62: {3, 4}, 185: {0}, 158: {1}, 55: {2}, 225: {3}, 66: {4}}
clusters:[0 1 0 0 1 0 1 1 1 0]

round: 2
best_g_value: 65.0
open_list_size: 1
num_low_level_expanded: 362
search_success: 1
search_time: 0.08596035093069077
n_tsp_call: 1
n_tsp_time: 0.07166468212381005
n_roots: 1
num_conflicts: 1
target_assignment: {250: 4, 249: 4}
cluster_target_selection: {0: 250, 1: 249}
num_nodes_transformed_graph: 27
agent_paths:({0: [(15, 5), (14, 5), (13, 5), (12, 5), (11, 5), (11, 6), (10, 6), (9, 6), (9, 7), (9, 8), (9, 9), (9, 10), (9, 11), (9, 11)], 1: [(4, 5), (5, 5), (6, 5), (7, 5), (8, 5), (9, 5), (10, 5), (11, 5), (12, 5), (13, 5), (14, 5), (14, 6), (14, 7), (14, 8), (14, 9), (14, 9)], 2: [(11, 2), (10, 2), (9, 2), (8, 2), (7, 2), (7, 3), (7, 3)], 3: [(8, 9), (7, 9), (6, 9), (5, 9), (4, 9), (3, 9), (2, 9), (1, 9), (1, 10), (1, 11), (1, 12), (1, 13), (1, 14), (1, 14)], 4: [(7, 15), (8, 15), (9, 15), (10, 15), (9, 15), (8, 15), (7, 15), (6, 15), (5, 15), (4, 15), (3, 15), (2, 15), (2, 14), (2, 13), (2, 12), (2, 11), (2, 10), (2, 9), (2, 8), (2, 7), (2, 6), (2, 5), (2, 4), (2, 4)]}, 22)