

CBSS-C STATS
starts:[119, 213, 7, 117, 25]
targets:[199, 186, 132, 170, 166, 111, 233, 0, 234, 63]
dests:[238, 46, 103, 76, 21]
ac_dict:{199: {0, 1}, 186: {1, 2}, 132: {2, 3}, 170: {3, 4}, 238: {0}, 46: {1}, 103: {2}, 76: {3}, 21: {4}}
clusters:[0 0 4 3 1 2 2 0 1 3]

round: 1
best_g_value: 60.0
open_list_size: 0
num_low_level_expanded: 174
search_success: 1
search_time: 0.26575208315625787
n_tsp_call: 1
n_tsp_time: 0.25522324815392494
n_roots: 1
num_conflicts: 0
target_assignment: {199: 0, 233: 0, 166: 1, 63: 1, 132: 3}
cluster_target_selection: {0: 199, 2: 233, 1: 166, 3: 63, 4: 132}
num_nodes_transformed_graph: 48
agent_paths:({0: [(7, 7), (7, 8), (7, 9), (7, 10), (7, 11), (7, 12), (8, 12), (9, 12), (9, 13), (9, 14), (10, 14), (11, 14), (12, 14), (13, 14), (14, 14), (14, 14)], 1: [(5, 13), (5, 12), (5, 11), (5, 10), (6, 10), (6, 9), (6, 8), (6, 7), (6, 6), (6, 5), (6, 4), (6, 3), (7, 3), (8, 3), (9, 3), (10, 3), (11, 3), (12, 3), (13, 3), (14, 3), (15, 3), (14, 3), (14, 2), (14, 2)], 2: [(7, 0), (7, 1), (7, 2), (7, 3), (7, 4), (7, 5), (7, 6), (7, 6)], 3: [(5, 7), (4, 7), (4, 8), (4, 7), (4, 6), (4, 5), (4, 4), (5, 4), (6, 4), (7, 4), (8, 4), (9, 4), (10, 4), (11, 4), (12, 4), (12, 4)], 4: [(9, 1), (8, 1), (7, 1), (6, 1), (5, 1), (5, 1)]}, 22)