

CBSS-C STATS
starts:[83, 110, 230, 240, 29, 238, 225, 58, 207, 11]
targets:[0, 146, 166, 147, 109, 6, 213, 104, 242, 31, 85, 254, 224, 234, 33]
dests:[248, 139, 226, 57, 192, 229, 117, 97, 163, 130]
ac_dict:{0: {0, 1}, 146: {1, 2}, 166: {2, 3}, 147: {3, 4}, 109: {4, 5}, 6: {5, 6}, 213: {6, 7}, 104: {8, 7}, 242: {8, 9}, 248: {0}, 139: {1}, 226: {2}, 57: {3}, 192: {4}, 229: {5}, 117: {6}, 97: {7}, 163: {8}, 130: {9}}
clusters:[5 6 8 1 0 9 8 4 9 3 7 7 1 2 0]

round: 4
best_g_value: 170.0
open_list_size: 3
num_low_level_expanded: 901
search_success: 1
search_time: 1.6334770219400525
n_tsp_call: 1
n_tsp_time: 1.5857675611041486
n_roots: 1
num_conflicts: 3
target_assignment: {0: 0, 33: 0, 166: 2, 146: 2, 224: 3, 31: 4, 85: 9, 104: 7, 234: 8, 242: 8}
cluster_target_selection: {5: 0, 0: 33, 8: 166, 6: 146, 1: 224, 3: 31, 7: 85, 4: 104, 2: 234, 9: 242}
num_nodes_transformed_graph: 98
agent_paths:({0: [(3, 5), (2, 5), (1, 5), (0, 5), (0, 4), (0, 3), (0, 2), (0, 1), (0, 0), (1, 0), (1, 1), (1, 2), (2, 2), (3, 2), (4, 2), (5, 2), (6, 2), (7, 2), (8, 2), (8, 3), (8, 4), (8, 5), (8, 6), (8, 7), (8, 8), (8, 9), (8, 10), (8, 11), (8, 12), (8, 13), (8, 14), (8, 15), (8, 15)], 1: [(14, 6), (13, 6), (12, 6), (11, 6), (11, 7), (11, 8), (11, 8)], 2: [(6, 14), (6, 13), (6, 12), (6, 11), (6, 10), (5, 10), (4, 10), (3, 10), (2, 10), (2, 9), (2, 10), (2, 11), (2, 12), (2, 13), (2, 14), (2, 14)], 3: [(0, 15), (0, 14), (0, 13), (0, 12), (0, 11), (0, 10), (0, 9), (0, 8), (0, 7), (0, 6), (0, 5), (0, 4), (0, 3), (1, 3), (2, 3), (3, 3), (4, 3), (5, 3), (6, 3), (7, 3), (8, 3), (9, 3), (9, 3)], 4: [(13, 1), (14, 1), (15, 1), (14, 1), (13, 1), (12, 1), (11, 1), (10, 1), (9, 1), (8, 1), (7, 1), (6, 1), (5, 1), (4, 1), (3, 1), (2, 1), (1, 1), (0, 1), (0, 2), (0, 3), (0, 4), (0, 5), (0, 6), (0, 7), (0, 8), (0, 9), (0, 10), (0, 11), (0, 12), (0, 12)], 5: [(14, 14), (13, 14), (12, 14), (11, 14), (10, 14), (9, 14), (8, 14), (7, 14), (6, 14), (5, 14), (5, 14)], 6: [(1, 14), (1, 13), (1, 12), (1, 11), (1, 10), (1, 9), (1, 8), (1, 7), (2, 7), (3, 7), (4, 7), (5, 7), (5, 7)], 7: [(10, 3), (9, 3), (8, 3), (8, 4), (8, 5), (8, 6), (7, 6), (6, 6), (5, 6), (4, 6), (3, 6), (2, 6), (1, 6), (1, 6)], 8: [(15, 12), (14, 12), (13, 12), (12, 12), (11, 12), (10, 12), (10, 13), (10, 14), (9, 14), (8, 14), (7, 14), (6, 14), (6, 15), (5, 15), (4, 15), (3, 15), (2, 15), (3, 15), (3, 14), (3, 13), (3, 12), (3, 11), (3, 10), (3, 10)], 9: [(11, 0), (10, 0), (9, 0), (8, 0), (7, 0), (6, 0), (5, 0), (5, 1), (5, 2), (5, 3), (5, 4), (5, 5), (4, 5), (3, 5), (2, 5), (2, 6), (2, 7), (2, 8), (2, 8)]}, 31)