

CBSS-C STATS
starts:[160, 108, 179, 148, 11]
targets:[177, 166, 63, 245, 15, 192, 181, 51, 97, 76, 37, 151, 175, 238, 132, 201, 213, 157, 94, 208]
dests:[21, 0, 98, 43, 136]
ac_dict:{177: {0, 1}, 166: {1, 2}, 63: {2, 3}, 245: {3, 4}, 21: {0}, 0: {1}, 98: {2}, 43: {3}, 136: {4}}
clusters:[1 3 5 8 0 5 9 9 5 0 8 4 3 4 7 7 2 6 5 0]

round: 1
best_g_value: 79.0
open_list_size: 0
num_low_level_expanded: 166
search_success: 1
search_time: 0.47568524023517966
n_tsp_call: 1
n_tsp_time: 0.4616502048447728
n_roots: 1
num_conflicts: 0
target_assignment: {177: 0, 132: 0, 37: 0, 181: 2, 213: 2, 166: 2, 97: 1, 151: 3, 157: 3, 76: 3}
cluster_target_selection: {1: 177, 7: 132, 8: 37, 9: 181, 2: 213, 3: 166, 5: 97, 4: 151, 6: 157, 0: 76}
num_nodes_transformed_graph: 50
agent_paths:({0: [(0, 10), (1, 10), (1, 11), (1, 10), (1, 9), (1, 8), (2, 8), (3, 8), (4, 8), (4, 7), (4, 6), (4, 5), (4, 4), (4, 3), (4, 2), (5, 2), (5, 1), (5, 1)], 1: [(12, 6), (11, 6), (10, 6), (9, 6), (8, 6), (7, 6), (6, 6), (5, 6), (4, 6), (3, 6), (2, 6), (1, 6), (0, 6), (0, 5), (0, 4), (0, 3), (0, 2), (0, 1), (0, 0), (0, 0)], 2: [(3, 11), (4, 11), (5, 11), (5, 12), (5, 13), (5, 12), (5, 11), (5, 10), (6, 10), (5, 10), (4, 10), (3, 10), (2, 10), (2, 9), (2, 8), (2, 7), (2, 6), (2, 6)], 3: [(4, 9), (5, 9), (6, 9), (7, 9), (8, 9), (9, 9), (10, 9), (11, 9), (12, 9), (13, 9), (12, 9), (12, 8), (12, 7), (12, 6), (12, 5), (12, 4), (11, 4), (11, 3), (11, 2), (11, 2)], 4: [(11, 0), (10, 0), (9, 0), (8, 0), (8, 1), (8, 2), (8, 3), (8, 4), (8, 5), (8, 6), (8, 7), (8, 8), (8, 8)]}, 18)