

CBSS-C STATS
starts:[77, 102, 169, 243, 230]
targets:[202, 234, 55, 176, 161, 11, 115, 26, 240, 25, 81, 150, 213, 227, 220, 113, 177, 96, 196, 191]
dests:[120, 52, 71, 152, 226]
ac_dict:{202: {0, 1}, 234: {1, 2}, 55: {2, 3}, 176: {3, 4}, 120: {0}, 52: {1}, 71: {2}, 152: {3}, 226: {4}}
clusters:[0 6 1 5 9 9 7 6 8 7 9 4 7 7 2 0 0 3 5 4]

round: 1
best_g_value: 66.0
open_list_size: 0
num_low_level_expanded: 169
search_success: 1
search_time: 0.6010186248458922
n_tsp_call: 1
n_tsp_time: 0.5868544238619506
n_roots: 1
num_conflicts: 0
target_assignment: {96: 1, 81: 1, 240: 3, 176: 3, 177: 3, 150: 3, 227: 4, 234: 2, 220: 2, 55: 2}
cluster_target_selection: {3: 96, 9: 81, 8: 240, 5: 176, 0: 177, 4: 150, 7: 227, 6: 234, 2: 220, 1: 55}
num_nodes_transformed_graph: 53
agent_paths:({0: [(13, 4), (12, 4), (11, 4), (10, 4), (9, 4), (8, 4), (8, 5), (8, 6), (8, 7), (8, 7)], 1: [(6, 6), (5, 6), (4, 6), (3, 6), (2, 6), (1, 6), (0, 6), (0, 5), (1, 5), (1, 4), (1, 3), (2, 3), (3, 3), (4, 3), (4, 3)], 2: [(9, 10), (10, 10), (10, 11), (10, 12), (10, 13), (10, 14), (10, 13), (11, 13), (12, 13), (11, 13), (10, 13), (9, 13), (8, 13), (7, 13), (7, 12), (7, 11), (7, 10), (7, 9), (7, 8), (7, 7), (7, 6), (7, 5), (7, 4), (7, 3), (7, 4), (7, 4)], 3: [(3, 15), (2, 15), (1, 15), (0, 15), (0, 14), (0, 13), (0, 12), (0, 11), (1, 11), (1, 10), (1, 9), (2, 9), (3, 9), (4, 9), (5, 9), (6, 9), (7, 9), (8, 9), (8, 9)], 4: [(6, 14), (5, 14), (4, 14), (3, 14), (2, 14), (2, 14)]}, 24)