

CBSS-C STATS
starts:[209, 151, 176, 32, 69]
targets:[236, 23, 17, 232, 97, 92, 65, 106, 4, 203]
dests:[175, 101, 124, 64, 233]
ac_dict:{236: {0, 1}, 23: {1, 2}, 17: {2, 3}, 232: {3, 4}, 175: {0}, 101: {1}, 124: {2}, 64: {3}, 233: {4}}
clusters:[2 0 3 0 2 1 4 3 0 2]

round: 2
best_g_value: 60.0
open_list_size: 1
num_low_level_expanded: 298
search_success: 1
search_time: 0.10702088195830584
n_tsp_call: 1
n_tsp_time: 0.09301208704710007
n_roots: 1
num_conflicts: 1
target_assignment: {203: 0, 106: 2, 92: 2, 232: 4, 65: 3}
cluster_target_selection: {2: 203, 3: 106, 1: 92, 0: 232, 4: 65}
num_nodes_transformed_graph: 48
agent_paths:({0: [(1, 13), (1, 12), (2, 12), (3, 12), (4, 12), (5, 12), (6, 12), (7, 12), (8, 12), (9, 12), (10, 12), (11, 12), (11, 11), (11, 10), (12, 10), (13, 10), (14, 10), (15, 10), (15, 10)], 1: [(7, 9), (6, 9), (5, 9), (5, 8), (5, 7), (5, 6), (5, 6)], 2: [(0, 11), (0, 10), (0, 9), (0, 8), (0, 7), (1, 7), (2, 7), (3, 7), (4, 7), (5, 7), (6, 7), (6, 6), (7, 6), (8, 6), (9, 6), (10, 6), (10, 5), (11, 5), (12, 5), (12, 6), (12, 7), (12, 7)], 3: [(0, 2), (1, 2), (1, 3), (1, 4), (0, 4), (0, 4)], 4: [(5, 4), (6, 4), (7, 4), (8, 4), (8, 5), (8, 6), (8, 7), (8, 8), (8, 9), (8, 10), (8, 11), (8, 12), (8, 13), (8, 14), (9, 14), (9, 14)]}, 20)