

CBSS-C STATS
starts:[129, 128, 163, 53, 100, 110, 0, 218, 122, 231]
targets:[23, 239, 33, 17, 178, 214, 107, 194, 43, 126, 66, 202, 137, 127, 253]
dests:[228, 131, 161, 200, 22, 50, 143, 162, 114, 123]
ac_dict:{23: {0, 1}, 239: {1, 2}, 33: {2, 3}, 17: {3, 4}, 178: {4, 5}, 214: {5, 6}, 107: {6, 7}, 194: {8, 7}, 43: {8, 9}, 228: {0}, 131: {1}, 161: {2}, 200: {3}, 22: {4}, 50: {5}, 143: {6}, 162: {7}, 114: {8}, 123: {9}}
clusters:[3 4 6 4 1 5 4 0 0 8 5 8 2 7 9]

round: 16
best_g_value: 151.0
open_list_size: 15
num_low_level_expanded: 3361
search_success: 1
search_time: 6.012062052730471
n_tsp_call: 18
n_tsp_time: 5.238292974419892
n_roots: 1
num_conflicts: 15
target_assignment: {23: 0, 253: 9, 194: 7, 126: 5, 137: 5, 178: 5, 107: 6, 127: 6, 33: 3, 66: 3}
cluster_target_selection: {3: 23, 9: 253, 0: 194, 8: 126, 2: 137, 1: 178, 4: 107, 7: 127, 6: 33, 5: 66}
num_nodes_transformed_graph: 55
agent_paths:({0: [(1, 8), (1, 7), (1, 6), (1, 5), (1, 4), (1, 3), (1, 2), (2, 2), (3, 2), (4, 2), (5, 2), (6, 2), (7, 2), (7, 1), (7, 2), (6, 2), (5, 2), (4, 2), (4, 3), (4, 4), (4, 5), (4, 6), (4, 7), (4, 8), (4, 9), (4, 10), (4, 11), (4, 12), (4, 13), (4, 14), (4, 14)], 1: [(0, 8), (1, 8), (2, 8), (3, 8), (3, 8)], 2: [(3, 10), (2, 10), (1, 10), (1, 10)], 3: [(5, 3), (4, 3), (3, 3), (2, 3), (1, 3), (1, 2), (2, 2), (2, 3), (2, 4), (3, 4), (4, 4), (5, 4), (6, 4), (7, 4), (8, 4), (8, 5), (8, 6), (8, 7), (8, 8), (8, 9), (8, 10), (8, 11), (8, 12), (8, 12)], 4: [(4, 6), (4, 5), (4, 4), (4, 3), (4, 2), (4, 1), (5, 1), (6, 1), (6, 1)], 5: [(14, 6), (14, 7), (13, 7), (12, 7), (11, 7), (10, 7), (9, 7), (9, 8), (8, 8), (7, 8), (6, 8), (5, 8), (4, 8), (4, 9), (3, 9), (3, 10), (3, 11), (2, 11), (3, 11), (3, 10), (3, 9), (2, 9), (2, 8), (1, 8), (1, 7), (1, 6), (1, 5), (1, 4), (1, 3), (2, 3), (2, 3)], 6: [(0, 0), (1, 0), (2, 0), (3, 0), (4, 0), (5, 0), (6, 0), (7, 0), (8, 0), (9, 0), (10, 0), (11, 0), (11, 1), (11, 2), (11, 3), (11, 4), (11, 5), (11, 6), (12, 6), (13, 6), (14, 6), (15, 6), (15, 7), (15, 8), (15, 8)], 7: [(10, 13), (9, 13), (8, 13), (7, 13), (6, 13), (5, 13), (4, 13), (3, 13), (2, 13), (2, 12), (2, 11), (2, 10), (2, 10)], 8: [(10, 7), (9, 7), (8, 7), (7, 7), (6, 7), (5, 7), (4, 7), (3, 7), (2, 7), (2, 7)], 9: [(7, 14), (8, 14), (9, 14), (10, 14), (11, 14), (12, 14), (13, 14), (13, 15), (12, 15), (11, 15), (11, 14), (11, 13), (11, 12), (11, 11), (11, 10), (11, 9), (11, 8), (11, 7), (11, 7)]}, 29)