

CBSS-C STATS
starts:[218, 212, 102, 64, 219]
targets:[118, 235, 141, 144, 171, 148, 89, 153, 25, 91, 215, 78, 193, 232, 130, 251, 17, 36, 145, 59]
dests:[22, 190, 62, 170, 54]
ac_dict:{118: {0, 1}, 235: {1, 2}, 141: {2, 3}, 144: {3, 4}, 22: {0}, 190: {1}, 62: {2}, 170: {3}, 54: {4}}
clusters:[2 4 0 7 3 2 7 4 6 1 8 2 5 9 3 5 1 6 5 6]

round: 2
best_g_value: 76.0
open_list_size: 0
num_low_level_expanded: 197
search_success: 1
search_time: 0.2953202920034528
n_tsp_call: 1
n_tsp_time: 0.2809428055770695
n_roots: 1
num_conflicts: 1
target_assignment: {118: 0, 144: 3, 145: 3, 171: 4, 91: 4, 59: 4, 141: 2, 215: 1, 232: 1, 235: 1}
cluster_target_selection: {2: 118, 7: 144, 5: 145, 3: 171, 1: 91, 6: 59, 0: 141, 8: 215, 9: 232, 4: 235}
num_nodes_transformed_graph: 49
agent_paths:({0: [(10, 13), (9, 13), (8, 13), (8, 12), (7, 12), (6, 12), (6, 11), (6, 10), (6, 9), (6, 8), (6, 7), (6, 6), (6, 5), (6, 4), (6, 3), (6, 2), (6, 1), (6, 1)], 1: [(4, 13), (5, 13), (6, 13), (7, 13), (8, 13), (8, 14), (9, 14), (10, 14), (11, 14), (11, 13), (11, 12), (11, 11), (12, 11), (13, 11), (14, 11), (14, 11)], 2: [(6, 6), (7, 6), (8, 6), (9, 6), (10, 6), (11, 6), (12, 6), (13, 6), (13, 7), (13, 8), (13, 7), (13, 6), (13, 5), (13, 4), (13, 3), (14, 3), (14, 3)], 3: [(0, 4), (0, 5), (0, 6), (0, 7), (0, 8), (0, 9), (1, 9), (2, 9), (3, 9), (4, 9), (5, 9), (6, 9), (7, 9), (8, 9), (9, 9), (10, 9), (10, 10), (10, 10)], 4: [(11, 13), (11, 12), (11, 11), (11, 10), (11, 9), (11, 8), (11, 7), (11, 6), (11, 5), (11, 4), (11, 3), (10, 3), (9, 3), (8, 3), (7, 3), (6, 3), (6, 3)]}, 16)