

CBSS-C STATS
starts:[22, 18, 40, 56, 136, 255, 155, 251, 71, 203]
targets:[141, 183, 222, 145, 46, 67, 128, 229, 59, 49]
dests:[164, 109, 127, 113, 192, 174, 194, 211, 7, 77]
ac_dict:{141: {0, 1}, 183: {1, 2}, 222: {2, 3}, 145: {3, 4}, 46: {4, 5}, 67: {5, 6}, 128: {6, 7}, 229: {8, 7}, 59: {8, 9}, 164: {0}, 109: {1}, 127: {2}, 113: {3}, 192: {4}, 174: {5}, 194: {6}, 211: {7}, 7: {8}, 77: {9}}
clusters:[0 4 0 2 3 1 0 1 1 1]

round: 618
best_g_value: 131.0
open_list_size: 617
num_low_level_expanded: 33347
search_success: 1
search_time: 4.6560359871946275
n_tsp_call: 13
n_tsp_time: 1.4027120084501803
n_roots: 1
num_conflicts: 617
target_assignment: {229: 7, 46: 5, 183: 1, 141: 1, 145: 4}
cluster_target_selection: {1: 229, 3: 46, 4: 183, 0: 141, 2: 145}
num_nodes_transformed_graph: 34
agent_paths:({0: [(6, 1), (5, 1), (5, 2), (4, 2), (4, 3), (4, 3), (4, 4), (4, 5), (4, 6), (4, 7), (4, 8), (4, 9), (4, 10), (4, 10)], 1: [(2, 1), (3, 1), (4, 1), (5, 1), (6, 1), (7, 1), (7, 2), (7, 3), (7, 4), (7, 5), (7, 6), (7, 7), (7, 8), (7, 9), (7, 10), (7, 11), (7, 10), (7, 9), (7, 8), (8, 8), (9, 8), (10, 8), (11, 8), (12, 8), (13, 8), (13, 7), (13, 6), (13, 6)], 2: [(8, 2), (9, 2), (10, 2), (11, 2), (12, 2), (13, 2), (14, 2), (15, 2), (15, 3), (15, 4), (15, 5), (15, 6), (15, 7), (15, 7)], 3: [(8, 3), (8, 4), (7, 4), (6, 4), (5, 4), (4, 4), (3, 4), (2, 4), (1, 4), (1, 5), (1, 6), (1, 7), (1, 7)], 4: [(8, 8), (7, 8), (6, 8), (5, 8), (4, 8), (3, 8), (2, 8), (1, 8), (1, 9), (0, 9), (0, 10), (0, 11), (0, 12), (0, 12)], 5: [(15, 15), (14, 15), (14, 14), (14, 13), (14, 12), (14, 11), (14, 10), (14, 9), (14, 8), (14, 7), (14, 6), (14, 5), (14, 4), (14, 3), (14, 2), (14, 3), (14, 4), (14, 5), (14, 6), (14, 7), (14, 8), (14, 9), (14, 10), (14, 10)], 6: [(11, 9), (10, 9), (9, 9), (8, 9), (7, 9), (6, 9), (5, 9), (4, 9), (3, 9), (2, 9), (2, 10), (2, 11), (2, 12), (2, 12)], 7: [(11, 15), (10, 15), (9, 15), (8, 15), (7, 15), (6, 15), (5, 15), (5, 14), (4, 14), (3, 14), (3, 13), (3, 13)], 8: [(7, 4), (7, 3), (7, 2), (7, 1), (7, 0), (7, 0)], 9: [(11, 12), (11, 11), (11, 10), (11, 9), (11, 8), (11, 7), (11, 6), (11, 5), (11, 4), (12, 4), (13, 4), (13, 4)]}, 26)