

CBSS-C STATS
starts:[242, 228, 36, 64, 167]
targets:[166, 159, 208, 9, 13, 8, 190, 146, 113, 63]
dests:[62, 178, 126, 137, 117]
ac_dict:{166: {0, 1}, 159: {1, 2}, 208: {2, 3}, 9: {3, 4}, 62: {0}, 178: {1}, 126: {2}, 137: {3}, 117: {4}}
clusters:[0 1 1 0 0 0 0 0 0 0]

round: 1
best_g_value: 68.0
open_list_size: 0
num_low_level_expanded: 250
search_success: 1
search_time: 0.05668615782633424
n_tsp_call: 1
n_tsp_time: 0.04531335970386863
n_roots: 1
num_conflicts: 0
target_assignment: {190: 0, 159: 2}
cluster_target_selection: {0: 190, 1: 159}
num_nodes_transformed_graph: 28
agent_paths:({0: [(2, 15), (2, 14), (2, 13), (2, 12), (2, 11), (3, 11), (4, 11), (5, 11), (6, 11), (7, 11), (8, 11), (9, 11), (10, 11), (11, 11), (12, 11), (13, 11), (14, 11), (14, 10), (14, 9), (14, 8), (14, 7), (14, 6), (14, 5), (14, 4), (14, 3), (14, 3)], 1: [(4, 14), (3, 14), (2, 14), (2, 13), (2, 12), (2, 11), (2, 11)], 2: [(4, 2), (5, 2), (6, 2), (7, 2), (8, 2), (9, 2), (10, 2), (11, 2), (12, 2), (13, 2), (14, 2), (15, 2), (15, 3), (15, 4), (15, 5), (15, 6), (15, 7), (15, 8), (15, 9), (14, 9), (14, 8), (14, 7), (14, 7)], 3: [(0, 4), (1, 4), (2, 4), (3, 4), (4, 4), (5, 4), (6, 4), (7, 4), (8, 4), (9, 4), (9, 5), (9, 6), (9, 7), (9, 8), (9, 8)], 4: [(7, 10), (6, 10), (5, 10), (5, 9), (5, 8), (5, 7), (5, 7)]}, 24)