

CBSS-C STATS
starts:[92, 240, 79, 238, 159, 220, 120, 77, 221, 123]
targets:[62, 32, 50, 65, 45, 95, 206, 153, 16, 5, 255, 33, 150, 183, 133]
dests:[68, 87, 64, 190, 73, 131, 20, 27, 236, 208]
ac_dict:{62: {0, 1}, 32: {1, 2}, 50: {2, 3}, 65: {3, 4}, 45: {4, 5}, 95: {5, 6}, 206: {6, 7}, 153: {8, 7}, 16: {8, 9}, 68: {0}, 87: {1}, 64: {2}, 190: {3}, 73: {4}, 131: {5}, 20: {6}, 27: {7}, 236: {8}, 208: {9}}
clusters:[7 4 6 3 9 5 1 0 2 6 2 4 8 2 8]

round: 11
best_g_value: 167.0
open_list_size: 10
num_low_level_expanded: 1876
search_success: 1
search_time: 5.738661415874958
n_tsp_call: 16
n_tsp_time: 4.626891637220979
n_roots: 1
num_conflicts: 10
target_assignment: {62: 0, 50: 2, 95: 5, 133: 5, 206: 7, 153: 7, 183: 1, 45: 4, 33: 4, 65: 4}
cluster_target_selection: {7: 62, 6: 50, 5: 95, 8: 133, 1: 206, 0: 153, 2: 183, 9: 45, 4: 33, 3: 65}
num_nodes_transformed_graph: 54
agent_paths:({0: [(12, 5), (12, 4), (12, 3), (13, 3), (14, 3), (13, 3), (12, 3), (11, 3), (10, 3), (9, 3), (8, 3), (7, 3), (6, 3), (5, 3), (4, 3), (4, 4), (4, 4)], 1: [(0, 15), (0, 14), (0, 13), (0, 12), (0, 11), (1, 11), (2, 11), (3, 11), (4, 11), (5, 11), (6, 11), (7, 11), (7, 10), (7, 9), (7, 8), (7, 7), (7, 6), (7, 5), (7, 5)], 2: [(15, 4), (14, 4), (13, 4), (12, 4), (11, 4), (10, 4), (9, 4), (8, 4), (7, 4), (6, 4), (5, 4), (4, 4), (3, 4), (2, 4), (2, 3), (1, 3), (0, 3), (0, 4), (0, 4)], 3: [(14, 14), (14, 13), (14, 12), (14, 11), (14, 11)], 4: [(15, 9), (14, 9), (14, 8), (14, 7), (13, 7), (13, 6), (13, 5), (13, 4), (13, 3), (13, 2), (12, 2), (11, 2), (10, 2), (9, 2), (8, 2), (7, 2), (6, 2), (5, 2), (4, 2), (3, 2), (2, 2), (1, 2), (1, 3), (1, 4), (2, 4), (3, 4), (3, 3), (4, 3), (5, 3), (6, 3), (7, 3), (8, 3), (9, 3), (9, 4), (9, 4)], 5: [(12, 13), (12, 12), (12, 11), (12, 10), (12, 9), (12, 8), (12, 7), (12, 6), (12, 5), (13, 5), (14, 5), (15, 5), (14, 5), (13, 5), (12, 5), (11, 5), (10, 5), (9, 5), (8, 5), (8, 6), (7, 6), (6, 6), (5, 6), (5, 7), (5, 8), (4, 8), (3, 8), (3, 8)], 6: [(8, 7), (7, 7), (6, 7), (5, 7), (4, 7), (4, 6), (4, 5), (4, 4), (4, 3), (4, 2), (4, 1), (4, 1)], 7: [(13, 4), (13, 5), (13, 6), (13, 7), (13, 8), (13, 9), (13, 10), (13, 11), (13, 12), (14, 12), (13, 12), (12, 12), (11, 12), (10, 12), (9, 12), (9, 11), (9, 10), (9, 9), (9, 8), (9, 7), (9, 6), (9, 5), (9, 4), (9, 3), (9, 2), (9, 1), (10, 1), (11, 1), (11, 1)], 8: [(13, 13), (12, 13), (12, 14), (12, 14)], 9: [(11, 7), (10, 7), (9, 7), (8, 7), (7, 7), (6, 7), (5, 7), (4, 7), (3, 7), (2, 7), (1, 7), (0, 7), (0, 8), (0, 9), (0, 10), (0, 11), (0, 12), (0, 13), (0, 13)]}, 33)