

CBSS-C STATS
starts:[191, 47, 116, 243, 93]
targets:[182, 98, 84, 168, 154, 107, 44, 71, 50, 206]
dests:[134, 9, 210, 89, 16]
ac_dict:{182: {0, 1}, 98: {1, 2}, 84: {2, 3}, 168: {3, 4}, 134: {0}, 9: {1}, 210: {2}, 89: {3}, 16: {4}}
clusters:[3 1 3 1 4 0 3 4 4 2]

round: 1
best_g_value: 65.0
open_list_size: 0
num_low_level_expanded: 171
search_success: 1
search_time: 0.18402837496250868
n_tsp_call: 1
n_tsp_time: 0.1730941399000585
n_roots: 1
num_conflicts: 0
target_assignment: {206: 0, 182: 0, 107: 4, 50: 4, 168: 3}
cluster_target_selection: {2: 206, 3: 182, 0: 107, 4: 50, 1: 168}
num_nodes_transformed_graph: 48
agent_paths:({0: [(15, 11), (14, 11), (14, 12), (13, 12), (12, 12), (11, 12), (10, 12), (9, 12), (8, 12), (7, 12), (6, 12), (6, 11), (6, 10), (6, 9), (6, 8), (6, 8)], 1: [(15, 2), (14, 2), (13, 2), (12, 2), (11, 2), (10, 2), (9, 2), (9, 1), (9, 0), (9, 0)], 2: [(4, 7), (3, 7), (2, 7), (2, 8), (2, 9), (2, 10), (2, 11), (2, 12), (2, 13), (2, 13)], 3: [(3, 15), (3, 14), (3, 13), (3, 12), (3, 11), (3, 10), (4, 10), (5, 10), (6, 10), (7, 10), (8, 10), (8, 9), (8, 8), (8, 7), (8, 6), (8, 5), (9, 5), (9, 5)], 4: [(13, 5), (12, 5), (11, 5), (11, 6), (10, 6), (9, 6), (8, 6), (7, 6), (6, 6), (5, 6), (4, 6), (3, 6), (2, 6), (2, 5), (2, 4), (2, 3), (1, 3), (0, 3), (0, 2), (0, 1), (0, 1)]}, 19)