

CBSS-C STATS
starts:[5, 168, 194, 115, 13, 122, 196, 119, 71, 130]
targets:[121, 68, 198, 29, 84, 51, 81, 113, 141, 219, 182, 70, 206, 61, 99]
dests:[214, 41, 3, 127, 169, 38, 96, 28, 144, 72]
ac_dict:{121: {0, 1}, 68: {1, 2}, 198: {2, 3}, 29: {3, 4}, 84: {4, 5}, 51: {5, 6}, 81: {6, 7}, 113: {8, 7}, 141: {8, 9}, 214: {0}, 41: {1}, 3: {2}, 127: {3}, 169: {4}, 38: {5}, 96: {6}, 28: {7}, 144: {8}, 72: {9}}
clusters:[8 4 3 6 5 8 8 5 9 7 2 9 1 0 3]

round: 5
best_g_value: 124.0
open_list_size: 4
num_low_level_expanded: 541
search_success: 1
search_time: 0.38562084501609206
n_tsp_call: 1
n_tsp_time: 0.3576130070723593
n_roots: 1
num_conflicts: 4
target_assignment: {182: 0, 113: 8, 29: 4, 61: 4, 206: 4, 219: 4, 99: 2, 68: 2, 121: 1, 70: 5}
cluster_target_selection: {2: 182, 5: 113, 6: 29, 0: 61, 1: 206, 7: 219, 3: 99, 4: 68, 8: 121, 9: 70}
num_nodes_transformed_graph: 58
agent_paths:({0: [(5, 0), (6, 0), (6, 1), (6, 2), (6, 3), (6, 4), (6, 5), (6, 6), (6, 7), (6, 8), (6, 9), (6, 10), (6, 11), (6, 12), (6, 13), (6, 13)], 1: [(8, 10), (8, 9), (8, 8), (8, 7), (9, 7), (9, 6), (9, 5), (9, 4), (9, 3), (9, 2), (9, 2)], 2: [(2, 12), (2, 11), (2, 10), (2, 9), (2, 8), (2, 7), (2, 6), (3, 6), (3, 5), (3, 4), (4, 4), (3, 4), (3, 3), (3, 2), (3, 1), (3, 0), (3, 0)], 3: [(3, 7), (4, 7), (5, 7), (6, 7), (7, 7), (8, 7), (9, 7), (10, 7), (11, 7), (12, 7), (13, 7), (14, 7), (15, 7), (15, 7)], 4: [(13, 0), (13, 1), (13, 2), (13, 3), (14, 3), (14, 4), (14, 5), (14, 6), (14, 7), (14, 8), (14, 9), (14, 10), (14, 11), (14, 12), (13, 12), (12, 12), (11, 12), (11, 13), (10, 13), (9, 13), (9, 12), (9, 11), (9, 10), (9, 10)], 5: [(10, 7), (9, 7), (8, 7), (7, 7), (7, 6), (7, 5), (7, 4), (6, 4), (6, 3), (6, 2), (6, 2)], 6: [(4, 12), (3, 12), (2, 12), (1, 12), (0, 12), (0, 11), (0, 10), (0, 9), (0, 8), (0, 7), (0, 6), (0, 6)], 7: [(7, 7), (7, 6), (7, 5), (7, 4), (7, 3), (7, 2), (7, 1), (8, 1), (9, 1), (10, 1), (11, 1), (12, 1), (12, 1)], 8: [(7, 4), (6, 4), (5, 4), (4, 4), (4, 5), (3, 5), (2, 5), (1, 5), (1, 6), (1, 7), (0, 7), (0, 8), (0, 9), (0, 9)], 9: [(2, 8), (2, 7), (2, 6), (2, 5), (2, 4), (3, 4), (4, 4), (5, 4), (6, 4), (7, 4), (8, 4), (8, 4)]}, 22)