

CBSS-C STATS
starts:[84, 153, 90, 80, 55]
targets:[188, 246, 95, 136, 183, 105, 111, 206, 115, 39, 248, 216, 98, 71, 33, 44, 239, 138, 130, 254]
dests:[194, 8, 20, 57, 173]
ac_dict:{188: {0, 1}, 246: {1, 2}, 95: {2, 3}, 136: {3, 4}, 194: {0}, 8: {1}, 20: {2}, 57: {3}, 173: {4}}
clusters:[6 6 3 1 8 2 1 9 8 0 4 5 7 6 3 7 7 8 6 5]

round: 4
best_g_value: 69.0
open_list_size: 3
num_low_level_expanded: 294
search_success: 1
search_time: 0.713504197075963
n_tsp_call: 1
n_tsp_time: 0.6938802832737565
n_roots: 1
num_conflicts: 3
target_assignment: {98: 0, 71: 2, 39: 2, 136: 4, 183: 4, 216: 4, 248: 4, 206: 4, 105: 1, 33: 3}
cluster_target_selection: {7: 98, 6: 71, 0: 39, 1: 136, 8: 183, 5: 216, 4: 248, 9: 206, 2: 105, 3: 33}
num_nodes_transformed_graph: 52
agent_paths:({0: [(4, 5), (3, 5), (2, 5), (2, 6), (2, 7), (2, 8), (2, 9), (2, 10), (2, 11), (2, 12), (2, 12)], 1: [(9, 9), (9, 8), (9, 7), (9, 6), (9, 5), (8, 5), (8, 4), (8, 3), (8, 2), (8, 1), (8, 0), (8, 0)], 2: [(10, 5), (9, 5), (8, 5), (7, 5), (7, 4), (7, 3), (7, 2), (6, 2), (6, 1), (5, 1), (4, 1), (4, 1)], 3: [(0, 5), (0, 4), (0, 3), (0, 2), (1, 2), (2, 2), (3, 2), (4, 2), (5, 2), (6, 2), (7, 2), (8, 2), (9, 2), (9, 3), (9, 3)], 4: [(7, 3), (8, 3), (8, 4), (8, 5), (8, 6), (8, 7), (8, 8), (7, 8), (7, 9), (7, 10), (7, 11), (8, 11), (8, 12), (8, 13), (8, 14), (8, 15), (8, 14), (8, 13), (8, 12), (9, 12), (10, 12), (11, 12), (12, 12), (13, 12), (14, 12), (13, 12), (13, 11), (13, 10), (13, 10)]}, 27)