

CBSS-C STATS
starts:[76, 41, 206, 69, 225, 30, 1, 6, 9, 62]
targets:[215, 138, 104, 96, 239, 93, 230, 214, 100, 131, 120, 66, 123, 72, 221]
dests:[101, 150, 24, 173, 88, 145, 192, 111, 103, 106]
ac_dict:{215: {0, 1}, 138: {1, 2}, 104: {2, 3}, 96: {3, 4}, 239: {4, 5}, 93: {5, 6}, 230: {6, 7}, 214: {8, 7}, 100: {8, 9}, 101: {0}, 150: {1}, 24: {2}, 173: {3}, 88: {4}, 145: {5}, 192: {6}, 111: {7}, 103: {8}, 106: {9}}
clusters:[3 8 7 7 0 2 9 0 4 1 5 9 7 5 6]

round: 65
best_g_value: 162.0
open_list_size: 64
num_low_level_expanded: 7758
search_success: 1
search_time: 6.302610131911933
n_tsp_call: 14
n_tsp_time: 4.454957269132137
n_roots: 1
num_conflicts: 64
target_assignment: {93: 5, 100: 8, 230: 7, 214: 7, 221: 7, 138: 2, 120: 2, 104: 2, 215: 1, 131: 4}
cluster_target_selection: {2: 93, 4: 100, 9: 230, 0: 214, 6: 221, 8: 138, 5: 120, 7: 104, 3: 215, 1: 131}
num_nodes_transformed_graph: 54
agent_paths:({0: [(12, 4), (11, 4), (10, 4), (10, 5), (9, 5), (8, 5), (7, 5), (6, 5), (5, 5), (5, 6), (5, 6)], 1: [(9, 2), (8, 2), (7, 2), (7, 3), (7, 4), (7, 5), (7, 6), (7, 7), (7, 8), (7, 9), (7, 10), (7, 11), (7, 12), (7, 13), (6, 13), (6, 12), (6, 11), (6, 10), (6, 9), (6, 9)], 2: [(14, 12), (13, 12), (12, 12), (11, 12), (10, 12), (10, 11), (10, 10), (10, 9), (10, 8), (9, 8), (8, 8), (8, 7), (8, 6), (8, 5), (8, 4), (8, 3), (8, 2), (8, 1), (8, 1)], 3: [(5, 4), (6, 4), (7, 4), (8, 4), (9, 4), (10, 4), (11, 4), (12, 4), (13, 4), (13, 5), (13, 6), (13, 7), (13, 8), (13, 9), (13, 10), (13, 10)], 4: [(1, 14), (1, 13), (1, 12), (1, 11), (1, 10), (1, 9), (1, 8), (2, 8), (3, 8), (3, 7), (4, 7), (5, 7), (6, 7), (6, 6), (6, 5), (7, 5), (8, 5), (8, 5)], 5: [(14, 1), (13, 1), (13, 2), (13, 3), (13, 4), (13, 5), (12, 5), (11, 5), (10, 5), (9, 5), (8, 5), (7, 5), (6, 5), (5, 5), (4, 5), (3, 5), (2, 5), (1, 5), (1, 6), (1, 7), (1, 8), (1, 9), (1, 9)], 6: [(1, 0), (0, 0), (0, 1), (0, 2), (0, 3), (0, 4), (0, 5), (0, 6), (0, 7), (0, 8), (0, 9), (0, 10), (0, 11), (0, 12), (0, 12)], 7: [(6, 0), (6, 1), (6, 2), (6, 3), (6, 4), (6, 5), (6, 6), (6, 7), (6, 8), (6, 9), (6, 10), (6, 11), (6, 12), (6, 13), (6, 14), (6, 13), (7, 13), (8, 13), (9, 13), (10, 13), (11, 13), (12, 13), (13, 13), (13, 12), (13, 11), (14, 11), (14, 10), (14, 9), (14, 8), (14, 7), (14, 6), (15, 6), (15, 6)], 8: [(9, 0), (8, 0), (7, 0), (6, 0), (5, 0), (4, 0), (4, 1), (4, 2), (4, 3), (4, 4), (4, 5), (4, 6), (4, 7), (5, 7), (6, 7), (6, 6), (7, 6), (7, 6)], 9: [(14, 3), (13, 3), (12, 3), (11, 3), (11, 4), (11, 5), (10, 5), (10, 6), (10, 6)]}, 31)