

CBSS-C STATS
starts:[179, 35, 104, 214, 75, 134, 34, 84, 78, 218]
targets:[153, 122, 197, 231, 148, 155, 247, 194, 234, 154]
dests:[245, 99, 146, 190, 77, 226, 86, 223, 235, 30]
ac_dict:{153: {0, 1}, 122: {1, 2}, 197: {2, 3}, 231: {3, 4}, 148: {4, 5}, 155: {5, 6}, 247: {6, 7}, 194: {8, 7}, 234: {8, 9}, 245: {0}, 99: {1}, 146: {2}, 190: {3}, 77: {4}, 226: {5}, 86: {6}, 223: {7}, 235: {8}, 30: {9}}
clusters:[0 1 4 2 0 3 1 1 1 1]

round: 5
best_g_value: 112.0
open_list_size: 4
num_low_level_expanded: 688
search_success: 1
search_time: 0.25781847396865487
n_tsp_call: 1
n_tsp_time: 0.22834277618676424
n_roots: 1
num_conflicts: 4
target_assignment: {154: 7, 155: 5, 148: 5, 197: 3, 231: 3}
cluster_target_selection: {1: 154, 3: 155, 0: 148, 4: 197, 2: 231}
num_nodes_transformed_graph: 48
agent_paths:({0: [(3, 11), (4, 11), (5, 11), (5, 12), (5, 13), (5, 14), (5, 15), (5, 15)], 1: [(3, 2), (3, 3), (3, 4), (3, 5), (3, 6), (3, 6)], 2: [(8, 6), (7, 6), (6, 6), (5, 6), (4, 6), (4, 7), (3, 7), (2, 7), (2, 8), (2, 9), (2, 9)], 3: [(6, 13), (5, 13), (5, 12), (6, 12), (7, 12), (7, 13), (7, 14), (7, 13), (7, 12), (7, 11), (8, 11), (9, 11), (10, 11), (11, 11), (12, 11), (13, 11), (14, 11), (14, 11)], 4: [(11, 4), (12, 4), (13, 4), (13, 4)], 5: [(6, 8), (7, 8), (8, 8), (9, 8), (10, 8), (11, 8), (11, 9), (10, 9), (9, 9), (8, 9), (7, 9), (6, 9), (5, 9), (4, 9), (3, 9), (3, 10), (2, 10), (2, 11), (2, 12), (2, 13), (2, 14), (2, 14)], 6: [(2, 2), (3, 2), (4, 2), (5, 2), (6, 2), (6, 3), (6, 4), (6, 5), (6, 5)], 7: [(4, 5), (5, 5), (6, 5), (7, 5), (8, 5), (9, 5), (9, 6), (9, 7), (10, 7), (10, 8), (10, 9), (11, 9), (12, 9), (13, 9), (14, 9), (15, 9), (15, 10), (15, 11), (15, 12), (15, 13), (15, 13)], 8: [(14, 4), (14, 5), (13, 5), (12, 5), (11, 5), (11, 6), (11, 7), (11, 8), (11, 9), (11, 10), (11, 11), (11, 12), (11, 13), (11, 14), (11, 14)], 9: [(10, 13), (10, 12), (10, 11), (10, 10), (10, 9), (10, 8), (10, 7), (10, 6), (10, 5), (10, 4), (10, 3), (10, 2), (10, 1), (11, 1), (12, 1), (13, 1), (14, 1), (14, 1)]}, 20)