

CBSS-C STATS
starts:[93, 158, 87, 82, 47]
targets:[229, 50, 131, 199, 104, 245, 7, 17, 105, 39]
dests:[108, 124, 20, 147, 220]
ac_dict:{229: {0, 1}, 50: {1, 2}, 131: {2, 3}, 199: {3, 4}, 108: {0}, 124: {1}, 20: {2}, 147: {3}, 220: {4}}
clusters:[0 2 3 4 4 3 2 4 3 1]

round: 3
best_g_value: 60.0
open_list_size: 2
num_low_level_expanded: 573
search_success: 1
search_time: 0.4508910980075598
n_tsp_call: 1
n_tsp_time: 0.43235844280570745
n_roots: 1
num_conflicts: 2
target_assignment: {229: 1, 104: 1, 105: 1, 39: 2, 7: 2}
cluster_target_selection: {0: 229, 4: 104, 3: 105, 1: 39, 2: 7}
num_nodes_transformed_graph: 48
agent_paths:({0: [(13, 5), (12, 5), (12, 6), (12, 6)], 1: [(14, 9), (13, 9), (12, 9), (11, 9), (10, 9), (9, 9), (8, 9), (7, 9), (6, 9), (5, 9), (5, 10), (5, 11), (5, 12), (5, 13), (5, 14), (5, 13), (5, 12), (5, 11), (5, 10), (5, 9), (5, 8), (5, 7), (5, 6), (6, 6), (7, 6), (8, 6), (9, 6), (10, 6), (11, 6), (11, 7), (12, 7), (12, 7)], 2: [(7, 5), (7, 4), (7, 3), (7, 2), (7, 1), (7, 0), (6, 0), (5, 0), (4, 0), (4, 1), (4, 1)], 3: [(2, 5), (3, 5), (3, 6), (3, 7), (3, 8), (3, 9), (3, 9)], 4: [(15, 2), (14, 2), (13, 2), (13, 3), (13, 4), (13, 5), (13, 6), (13, 7), (12, 7), (12, 8), (12, 9), (12, 10), (12, 11), (12, 12), (12, 13), (12, 13)]}, 30)