

CBSS-C STATS
starts:[24, 129, 64, 119, 177]
targets:[198, 65, 0, 144, 194, 224, 5, 47, 111, 59, 83, 213, 203, 33, 253, 95, 153, 4, 251, 184]
dests:[179, 228, 192, 238, 165]
ac_dict:{198: {0, 1}, 65: {1, 2}, 0: {2, 3}, 144: {3, 4}, 179: {0}, 228: {1}, 192: {2}, 238: {3}, 165: {4}}
clusters:[8 2 0 1 3 0 7 4 4 6 8 0 5 2 2 9 2 2 0 4]

round: 1
best_g_value: 75.0
open_list_size: 0
num_low_level_expanded: 164
search_success: 1
search_time: 2.938403989188373
n_tsp_call: 1
n_tsp_time: 2.9171420983038843
n_roots: 1
num_conflicts: 0
target_assignment: {5: 0, 4: 0, 83: 0, 59: 3, 95: 3, 111: 3, 203: 3, 251: 3, 194: 1, 144: 4}
cluster_target_selection: {7: 5, 2: 4, 8: 83, 6: 59, 9: 95, 4: 111, 5: 203, 0: 251, 3: 194, 1: 144}
num_nodes_transformed_graph: 98
agent_paths:({0: [(8, 1), (7, 1), (6, 1), (5, 1), (5, 0), (4, 0), (3, 0), (3, 1), (3, 2), (3, 3), (3, 4), (3, 5), (3, 6), (3, 7), (3, 8), (3, 9), (3, 10), (3, 11), (3, 11)], 1: [(1, 8), (2, 8), (2, 9), (2, 10), (2, 11), (2, 12), (3, 12), (4, 12), (4, 13), (4, 14), (4, 14)], 2: [(0, 4), (0, 5), (0, 6), (0, 7), (0, 8), (0, 9), (0, 10), (0, 11), (0, 12), (0, 12)], 3: [(7, 7), (7, 6), (7, 5), (7, 4), (7, 3), (8, 3), (9, 3), (10, 3), (11, 3), (12, 3), (13, 3), (14, 3), (15, 3), (15, 4), (15, 5), (15, 6), (14, 6), (13, 6), (12, 6), (11, 6), (11, 7), (11, 8), (11, 9), (11, 10), (11, 11), (11, 12), (11, 13), (11, 14), (11, 15), (11, 14), (12, 14), (13, 14), (14, 14), (14, 14)], 4: [(1, 11), (0, 11), (0, 10), (0, 9), (1, 9), (2, 9), (3, 9), (4, 9), (5, 9), (5, 10), (5, 10)]}, 32)