

CBSS-C STATS
starts:[252, 53, 142, 237, 157, 176, 170, 146, 34, 206]
targets:[103, 233, 156, 187, 193, 6, 162, 219, 197, 172]
dests:[62, 218, 89, 248, 48, 57, 18, 116, 158, 194]
ac_dict:{103: {0, 1}, 233: {1, 2}, 156: {2, 3}, 187: {3, 4}, 193: {4, 5}, 6: {5, 6}, 162: {6, 7}, 219: {8, 7}, 197: {8, 9}, 62: {0}, 218: {1}, 89: {2}, 248: {3}, 48: {4}, 57: {5}, 18: {6}, 116: {7}, 158: {8}, 194: {9}}
clusters:[2 3 2 1 4 2 2 3 1 0]

round: 3
best_g_value: 135.0
open_list_size: 2
num_low_level_expanded: 591
search_success: 1
search_time: 0.22079463908448815
n_tsp_call: 1
n_tsp_time: 0.19831542763859034
n_roots: 1
num_conflicts: 2
target_assignment: {172: 0, 162: 6, 193: 5, 197: 9, 233: 1}
cluster_target_selection: {0: 172, 2: 162, 4: 193, 1: 197, 3: 233}
num_nodes_transformed_graph: 48
agent_paths:({0: [(12, 15), (12, 14), (12, 13), (12, 12), (12, 11), (12, 10), (12, 9), (12, 8), (12, 7), (12, 6), (12, 5), (12, 4), (12, 3), (13, 3), (14, 3), (14, 3)], 1: [(5, 3), (6, 3), (7, 3), (8, 3), (8, 4), (8, 5), (8, 6), (8, 7), (9, 7), (9, 8), (9, 9), (9, 10), (9, 11), (9, 12), (9, 13), (9, 14), (9, 13), (10, 13), (10, 13)], 2: [(14, 8), (13, 8), (12, 8), (11, 8), (10, 8), (9, 8), (9, 7), (9, 6), (9, 5), (9, 5)], 3: [(13, 14), (13, 15), (12, 15), (11, 15), (10, 15), (9, 15), (8, 15), (8, 15)], 4: [(13, 9), (12, 9), (11, 9), (10, 9), (9, 9), (8, 9), (7, 9), (6, 9), (5, 9), (4, 9), (3, 9), (2, 9), (1, 9), (0, 9), (0, 8), (0, 7), (0, 6), (0, 5), (0, 4), (0, 3), (0, 3)], 5: [(0, 11), (1, 11), (1, 12), (1, 11), (1, 10), (1, 9), (1, 8), (1, 7), (1, 6), (1, 5), (1, 4), (1, 3), (2, 3), (3, 3), (4, 3), (5, 3), (6, 3), (7, 3), (8, 3), (9, 3), (9, 3)], 6: [(10, 10), (9, 10), (8, 10), (7, 10), (6, 10), (5, 10), (4, 10), (3, 10), (2, 10), (2, 9), (2, 8), (2, 7), (2, 6), (2, 5), (2, 4), (2, 3), (2, 2), (2, 1), (2, 1)], 7: [(2, 9), (2, 8), (2, 7), (3, 7), (4, 7), (4, 7)], 8: [(2, 2), (3, 2), (4, 2), (5, 2), (6, 2), (7, 2), (8, 2), (9, 2), (10, 2), (11, 2), (12, 2), (13, 2), (14, 2), (14, 3), (14, 4), (14, 5), (14, 6), (14, 7), (14, 8), (14, 9), (14, 9)], 9: [(14, 12), (13, 12), (12, 12), (11, 12), (10, 12), (9, 12), (8, 12), (7, 12), (6, 12), (5, 12), (4, 12), (3, 12), (2, 12), (2, 12)]}, 19)